0 0 0 184.7315915472704
0 1 1 134.79114029410232
0 2 5 146.94044281080127
0 3 10 171.0724904864649
0 5 11 213.60001013431597
0 6 14 241.34822978092646
0 8 15 286.0324954782147
0 7 16 294.1135964736975
0 9 18 200.79713413266168
0 12 19 239.4266563906379
0 11 20 155.2831694722236
0 14 23 140.30170373598966
0 18 24 198.38824779090902
0 20 26 225.29083689627427
0 15 27 117.76262457411886
0 16 28 184.4387662275057
0 17 30 143.7094251165927
0 13 31 169.8484726539583
0 19 32 201.51239852218134
0 21 33 376.6659598330675
0 23 34 233.4304335966308
0 25 36 190.77828510075685
0 26 37 373.00834572361566
0 22 39 180.00412425907643
0 24 42 411.69200548809266
0 28 43 195.36439117882384
0 32 44 230.54879994415342
0 29 45 328.40389968982413
0 31 46 218.50352086078107
0 27 47 144.06820107873295
0 35 48 162.45702114770626
0 30 49 109.40424200243245
0 37 50 184.26866480141481
0 36 51 244.9867009140338
0 34 52 187.35494891217826
0 40 55 139.70108499473787
0 48 58 228.62673170391358
0 50 59 171.1824918389132
0 45 60 209.94239703779436
0 52 61 228.8220718189545
0 46 62 194.3517207673093
0 49 63 139.45462862132044
0 61 66 447.9114664740168
0 58 68 236.1534328654852
0 65 70 358.7699377030979
0 54 72 159.02117692733563
0 56 73 210.15723948359883
0 64 74 387.82216628149627
0 60 75 155.69555632581034
0 67 77 162.32500362099006
0 71 78 149.81822818852118
0 63 88 164.03775841089674
0 62 90 138.29247711633934
0 72 91 130.99388466237284
0 82 95 277.0622662054031
0 66 96 232.41374294625686
0 77 100 136.0608297697944
0 92 102 443.54253658808693
0 75 106 145.43386706074978
0 94 109 475.85168860719733
0 87 110 248.47996997603207
0 85 112 191.37296270322778
0 83 113 219.76839536161964
0 91 123 150.4837986906634
0 86 125 196.69836599540906
0 97 128 366.9914905312843
0 124 133 362.06687738225804
0 93 134 273.3636782607796
0 95 136 283.8742644566823
0 101 138 145.77950015749056
0 109 139 324.30124969482983
0 107 140 254.01808067033141
0 98 141 131.411483086815
0 74 142 173.26345051624656
0 115 143 268.69036792585865
0 104 144 296.5481755990852
0 102 148 188.98292293128486
0 113 149 289.82452946011915
0 106 150 239.4499444449598
0 103 152 130.79091193777373
0 121 161 221.16025712893867
0 110 162 167.6281841526313
0 120 163 188.49658689286414
0 119 165 189.67664488414974
0 116 167 144.64144694416223
0 130 168 206.553740092578
0 128 170 242.70494557219627
0 126 171 241.72783686340233
0 134 172 295.0941428251686
0 125 174 179.45853573903295
0 142 176 292.0859599462459
0 129 178 251.8639750880507
0 127 181 138.3249840875137
0 135 185 234.57884188167645
0 150 186 246.84600793113356
0 133 187 138.89247077889718
0 132 188 140.88031893610489
0 148 189 292.3133401156171
0 144 190 320.93994768078585
0 131 191 488.10390425000884
0 136 192 257.0704535127466
0 143 193 170.19733587839846
0 140 194 281.05119196871004
0 161 195 420.1074819773594
0 139 197 241.45436061148175
0 146 198 305.1265030155793
0 157 199 389.47821107905804
0 149 202 178.62222784841933
0 145 203 181.89614066829625
0 159 204 269.28294327908793
0 174 205 269.5614681648181
0 153 206 388.81464855450736
0 152 207 286.3974567509474
0 147 208 130.47434594908697
0 177 210 176.08756047716943
0 183 212 199.6887766044942
0 160 213 139.73033566747256
0 163 214 212.5809775862176
0 168 216 256.1283260129491
0 164 219 312.48391339481174
0 156 222 120.0155058867073
0 167 223 188.17938647378108
0 172 231 298.54413340837914
0 200 236 326.033815783452
0 170 237 254.55911291911454
0 192 239 330.2912685771681
0 175 240 163.87568777184876
0 186 242 127.8993857904903
0 178 244 325.97255955305206
0 182 246 261.26120247902963
0 184 248 357.398829548282
0 215 251 209.666478752
0 188 252 466.4076164381201
0 180 253 162.3691951364776
0 185 254 333.26674176013705
0 194 256 448.64078460452157
0 191 258 310.604114169471
0 206 260 458.6156066437038
0 202 264 284.0015346753081
0 198 267 435.75333878678134
0 230 268 340.4620215314039
0 213 272 342.24859347267693
0 189 273 211.1219716728725
0 190 274 150.53920012016422
0 209 276 207.5341843440686
0 197 280 341.18815205484566
0 199 281 271.7251563853132
0 236 285 195.8185910066769
0 225 290 470.1320560320589
0 240 291 318.35825877333554
0 204 292 299.3875277800282
0 211 297 202.55795395557317
0 239 298 299.3118698722852
0 207 303 321.43185443119825
0 244 308 356.3855699371389
0 219 313 248.45982291116022
0 247 316 210.76458368940308
0 254 321 214.67030037460938
0 235 324 186.20985959466773
0 253 338 415.6908966550533
0 263 342 479.11665699278706
0 238 345 216.07973403099945
0 271 347 134.03657488830697
0 250 349 349.89596792685916
0 257 350 491.65825487743354
0 252 364 178.39324800297726
0 291 365 180.51082712101257
0 259 371 247.2894392982772
0 300 372 319.7813994339807
0 277 373 478.96267674939065
0 312 374 252.82417026419463
0 282 381 469.03891663106236
0 290 382 400.85292146148277
0 287 386 217.40810424051142
0 310 388 398.5524775584016
0 272 390 256.2575635637198
0 307 392 464.65439956440423
0 309 401 442.034176782544
0 293 402 265.31752929730743
0 314 403 325.6813849385218
0 308 404 281.6992541118881
0 329 407 410.11710199542364
0 324 409 205.65087043487787
0 306 412 437.94847652237314
0 323 413 485.89088998168125
0 335 415 314.6336717831878
0 313 416 381.9289840232492
0 332 421 313.7545086318314
0 353 424 378.1055862651427
0 351 428 394.2384172954164
0 359 430 386.6625382016494
0 355 440 435.85476977113177
0 356 444 171.20738481407903
0 370 445 439.6663458377974
0 371 448 388.54109179636976
0 346 450 489.102501031644
0 373 451 421.71151666454796
0 364 452 371.29127898317466
0 365 453 223.56340176845612
0 361 456 232.07288408435826
0 384 461 385.4828968723028
0 325 464 247.18287053748358
0 321 465 163.3581095298274
0 350 466 406.53493403342605
0 369 467 188.26429556429355
0 337 469 344.4693839504013
0 393 472 269.3795126649049
0 381 473 361.67345491788836
0 378 477 139.42264295290647
0 358 481 266.8336641872306
0 396 482 305.4540422936523
0 340 484 271.1652220574075
0 382 486 174.69864689169114
0 410 487 416.95905760563033
0 345 488 446.4734058081512
0 380 490 289.2990309374577
0 360 492 450.5797376146049
0 399 494 207.67654321354425
0 406 495 440.69903102360934
0 411 503 183.08156895294337
0 408 506 276.75301319892145
0 398 507 259.45880407996304
0 428 508 330.25219372170653
0 362 512 174.11974763599446
0 409 516 143.14328435251684
0 426 520 497.3963812262781
0 420 521 400.2337151591429
0 376 523 410.1847586308191
0 415 526 412.2286875358695
0 419 530 161.8039875581212
0 413 534 479.2537255448631
0 416 537 213.88263633057747
0 436 548 357.4871302987271
0 417 551 244.30637112728166
0 391 552 443.1848298916751
0 441 553 188.9892455385561
0 442 556 389.20195950932
0 440 557 166.2506671444276
0 437 558 185.02118557384887
0 403 559 451.5097136447455
0 448 561 338.3083670202287
0 430 564 385.31234081410395
0 443 567 270.74711654079465
0 451 569 210.78529105226892
0 474 571 382.9085796709818
0 458 577 194.4144656313093
0 464 580 351.26545115212934
0 456 581 276.8945170409159
0 467 583 441.6279744831973
0 459 585 185.06980153540763
0 485 586 342.6515994763382
0 449 587 239.80140348550148
0 455 591 321.0397443502555
0 450 592 223.33741433262747
0 439 594 441.640210142958
0 497 596 344.2959795029864
0 468 602 286.97787722749445
0 477 603 417.8415574776911
0 470 604 214.0165855934773
0 471 607 183.64359437234913
0 480 609 269.74971979479545
0 462 611 485.1065503143017
0 488 614 311.6413939220401
0 483 616 452.97828306647256
0 463 617 496.854011662459
0 486 619 193.25174560164137
0 476 620 237.55118003094907
0 492 622 442.6732932680066
0 496 623 437.8812374990327
0 479 624 262.5112285983815
0 490 630 310.42288259192463
0 524 637 361.4107396222846
0 529 639 449.4116030383444
0 507 640 157.35074170172396
0 493 641 377.90442004176333
0 530 642 275.54106489494035
0 498 643 355.89175489159254
0 508 644 438.99848300593777
0 501 648 355.926372538121
0 515 649 163.9298572547628
0 514 651 172.28734616720786
0 516 654 258.4886872404188
0 525 656 117.22176329529701
0 509 659 238.24133947363356
0 540 660 179.9739048170532
0 533 661 133.9791272518597
0 518 666 391.56456116778423
0 541 667 127.77144399445388
0 538 669 386.5290920046967
0 528 672 382.1709316472501
0 536 677 164.35924037364134
0 542 679 475.43753604275685
0 526 680 161.90501373139884
0 531 685 170.11991692552238
0 560 688 402.859939778293
0 546 689 299.661449614363
0 551 696 413.6053630195786
0 562 697 490.19003640294204
0 552 698 158.11504637036066
0 564 700 185.67635534966678
0 559 702 136.81603971879068
0 574 704 363.7620714028629
0 566 705 245.66613586361657
0 573 708 461.26934592329224
0 568 712 301.46269606637304
0 576 715 288.209361985319
0 561 723 256.0523544547988

0 1081.0 50.0
0 704.0 54.0
0 542.0 55.0
0 1074.0 60.0
0 1071.0 69.0
0 266.0 83.0
0 407.0 87.0
0 283.0 91.0
0 1063.0 91.0
0 735.0 93.0
0 799.0 93.0
0 435.0 94.0
0 275.0 98.0
0 463.0 106.0
0 315.0 118.0
0 486.0 122.0
0 1057.0 130.0
0 497.0 132.0
0 334.0 133.0
0 510.0 144.0
0 353.0 148.0
0 600.0 150.0
0 1043.0 150.0
0 341.0 154.0
0 523.0 156.0
0 495.0 157.0
0 686.0 160.0
0 357.0 163.0
0 371.0 163.0
0 1014.0 163.0
0 348.0 166.0
0 517.0 166.0
0 1004.0 168.0
0 1027.0 168.0
0 504.0 171.0
0 757.0 172.0
0 539.0 173.0
0 685.0 173.0
0 524.0 174.0
0 392.0 177.0
0 369.0 179.0
0 607.0 179.0
0 702.0 179.0
0 529.0 180.0
0 992.0 180.0
0 1010.0 181.0
0 978.0 183.0
0 365.0 187.0
0 515.0 187.0
0 380.0 188.0
0 556.0 192.0
0 956.0 193.0
0 413.0 195.0
0 540.0 195.0
0 580.0 200.0
0 544.0 201.0
0 588.0 204.0
0 736.0 206.0
0 929.0 206.0
0 528.0 207.0
0 433.0 211.0
0 573.0 211.0
0 409.0 214.0
0 396.0 215.0
0 435.0 216.0
0 595.0 217.0
0 703.0 219.0
0 425.0 220.0
0 901.0 221.0
0 728.0 223.0
0 702.0 224.0
0 1019.0 224.0
0 432.0 226.0
0 453.0 227.0
0 587.0 227.0
0 542.0 228.0
0 988.0 229.0
0 418.0 231.0
0 903.0 231.0
0 916.0 231.0
0 412.0 232.0
0 602.0 233.0
0 880.0 233.0
0 457.0 234.0
0 591.0 235.0
0 909.0 237.0
0 959.0 237.0
0 996.0 237.0
0 447.0 238.0
0 721.0 239.0
0 438.0 240.0
0 573.0 240.0
0 1040.0 244.0
0 41.0 245.0
0 928.0 245.0
0 456.0 246.0
0 474.0 246.0
0 688.0 248.0
0 858.0 248.0
0 957.0 248.0
0 577.0 249.0
0 609.0 250.0
0 890.0 250.0
0 557.0 251.0
0 674.0 251.0
0 699.0 252.0
0 465.0 254.0
0 894.0 255.0
0 934.0 255.0
0 699.0 257.0
0 713.0 257.0
0 838.0 259.0
0 584.0 261.0
0 494.0 263.0
0 680.0 263.0
0 879.0 263.0
0 478.0 265.0
0 906.0 265.0
0 615.0 266.0
0 690.0 267.0
0 898.0 267.0
0 671.0 269.0
0 710.0 269.0
0 592.0 270.0
0 583.0 271.0
0 484.0 272.0
0 465.0 273.0
0 571.0 273.0
0 816.0 273.0
0 609.0 274.0
0 672.0 278.0
0 826.0 278.0
0 868.0 278.0
0 599.0 279.0
0 513.0 280.0
0 445.0 282.0
0 621.0 282.0
0 822.0 284.0
0 602.0 285.0
0 703.0 287.0
0 796.0 287.0
0 502.0 288.0
0 220.0 290.0
0 669.0 290.0
0 521.0 291.0
0 840.0 292.0
0 703.0 293.0
0 808.0 293.0
0 488.0 295.0
0 530.0 295.0
0 585.0 295.0
0 615.0 295.0
0 512.0 297.0
0 142.0 298.0
0 703.0 298.0
0 631.0 300.0
0 776.0 302.0
0 811.0 303.0
0 500.0 305.0
0 818.0 306.0
0 790.0 307.0
0 546.0 310.0
0 527.0 312.0
0 505.0 313.0
0 780.0 314.0
0 633.0 316.0
0 757.0 317.0
0 535.0 319.0
0 660.0 319.0
0 858.0 319.0
0 599.0 320.0
0 705.0 320.0
0 793.0 320.0
0 561.0 322.0
0 644.0 324.0
0 769.0 324.0
0 860.0 324.0
0 865.0 326.0
0 638.0 330.0
0 761.0 330.0
0 753.0 331.0
0 550.0 332.0
0 736.0 333.0
0 524.0 334.0
0 704.0 336.0
0 578.0 337.0
0 773.0 337.0
0 565.0 338.0
0 557.0 339.0
0 653.0 342.0
0 643.0 343.0
0 534.0 344.0
0 403.0 348.0
0 569.0 348.0
0 421.0 350.0
0 715.0 350.0
0 539.0 351.0
0 385.0 353.0
0 443.0 354.0
0 600.0 354.0
0 754.0 354.0
0 380.0 355.0
0 578.0 355.0
0 375.0 357.0
0 648.0 357.0
0 821.0 358.0
0 704.0 359.0
0 465.0 360.0
0 388.0 361.0
0 808.0 361.0
0 842.0 361.0
0 722.0 362.0
0 853.0 362.0
0 587.0 363.0
0 606.0 364.0
0 620.0 367.0
0 737.0 367.0
0 551.0 368.0
0 790.0 368.0
0 488.0 369.0
0 556.0 370.0
0 855.0 370.0
0 349.0 372.0
0 598.0 372.0
0 448.0 373.0
0 588.0 374.0
0 757.0 374.0
0 561.0 375.0
0 658.0 376.0
0 799.0 376.0
0 866.0 376.0
0 505.0 377.0
0 572.0 377.0
0 833.0 377.0
0 459.0 379.0
0 545.0 379.0
0 843.0 379.0
0 465.0 380.0
0 779.0 380.0
0 715.0 381.0
0 591.0 383.0
0 676.0 383.0
0 732.0 383.0
0 790.0 383.0
0 615.0 384.0
0 476.0 385.0
0 599.0 385.0
0 850.0 386.0
0 524.0 387.0
0 541.0 387.0
0 578.0 387.0
0 865.0 387.0
0 459.0 388.0
0 494.0 389.0
0 663.0 389.0
0 587.0 390.0
0 635.0 390.0
0 696.0 390.0
0 683.0 391.0
0 852.0 392.0
0 774.0 393.0
0 818.0 393.0
0 537.0 395.0
0 714.0 395.0
0 732.0 395.0
0 483.0 396.0
0 578.0 398.0
0 594.0 398.0
0 872.0 398.0
0 545.0 399.0
0 636.0 399.0
0 705.0 399.0
0 726.0 399.0
0 499.0 400.0
0 512.0 400.0
0 721.0 403.0
0 666.0 404.0
0 580.0 405.0
0 685.0 405.0
0 554.0 406.0
0 467.0 408.0
0 501.0 408.0
0 756.0 408.0
0 514.0 409.0
0 491.0 410.0
0 618.0 410.0
0 802.0 410.0
0 563.0 411.0
0 596.0 411.0
0 530.0 412.0
0 711.0 412.0
0 867.0 412.0
0 474.0 413.0
0 640.0 413.0
0 776.0 413.0
0 521.0 414.0
0 687.0 414.0
0 658.0 415.0
0 851.0 415.0
0 510.0 416.0
0 484.0 417.0
0 668.0 417.0
0 575.0 418.0
0 468.0 419.0
0 501.0 420.0
0 531.0 420.0
0 641.0 420.0
0 603.0 421.0
0 705.0 421.0
0 740.0 421.0
0 762.0 422.0
0 791.0 422.0
0 519.0 423.0
0 468.0 424.0
0 507.0 426.0
0 524.0 426.0
0 706.0 426.0
0 492.0 427.0
0 477.0 428.0
0 541.0 428.0
0 666.0 428.0
0 783.0 428.0
0 805.0 428.0
0 659.0 430.0
0 688.0 430.0
0 643.0 431.0
0 519.0 433.0
0 596.0 433.0
0 610.0 433.0
0 509.0 434.0
0 638.0 434.0
0 723.0 434.0
0 855.0 434.0
0 568.0 435.0
0 847.0 436.0
0 861.0 436.0
0 496.0 437.0
0 532.0 437.0
0 800.0 437.0
0 837.0 437.0
0 483.0 438.0
0 527.0 438.0
0 817.0 439.0
0 509.0 440.0
0 559.0 440.0
0 672.0 440.0
0 769.0 440.0
0 793.0 441.0
0 498.0 442.0
0 518.0 442.0
0 617.0 445.0
0 729.0 445.0
0 509.0 446.0
0 708.0 446.0
0 497.0 447.0
0 528.0 447.0
0 649.0 449.0
0 664.0 449.0
0 834.0 449.0
0 570.0 450.0
0 528.0 452.0
0 516.0 453.0
0 814.0 453.0
0 496.0 454.0
0 672.0 454.0
0 803.0 454.0
0 33.0 456.0
0 550.0 456.0
0 481.0 457.0
0 828.0 457.0
0 510.0 458.0
0 692.0 458.0
0 747.0 459.0
0 627.0 460.0
0 765.0 460.0
0 500.0 461.0
0 618.0 461.0
0 728.0 461.0
0 835.0 461.0
0 651.0 462.0
0 816.0 463.0
0 531.0 464.0
0 517.0 465.0
0 598.0 466.0
0 807.0 466.0
0 825.0 466.0
0 652.0 467.0
0 587.0 468.0
0 500.0 470.0
0 509.0 470.0
0 694.0 471.0
0 822.0 471.0
0 523.0 472.0
0 622.0 472.0
0 639.0 472.0
0 538.0 473.0
0 572.0 473.0
0 836.0 474.0
0 605.0 475.0
0 741.0 475.0
0 514.0 476.0
0 728.0 476.0
0 696.0 477.0
0 815.0 478.0
0 483.0 481.0
0 554.0 481.0
0 747.0 481.0
0 575.0 482.0
0 697.0 482.0
0 826.0 482.0
0 843.0 482.0
0 658.0 483.0
0 503.0 484.0
0 761.0 484.0
0 618.0 485.0
0 809.0 485.0
0 493.0 487.0
0 498.0 488.0
0 579.0 488.0
0 603.0 488.0
0 608.0 488.0
0 819.0 489.0
0 572.0 491.0
0 535.0 492.0
0 783.0 492.0
0 552.0 493.0
0 757.0 494.0
0 584.0 496.0
0 836.0 496.0
0 616.0 497.0
0 813.0 498.0
0 818.0 499.0
0 489.0 500.0
0 535.0 500.0
0 802.0 500.0
0 563.0 501.0
0 600.0 501.0
0 698.0 501.0
0 520.0 502.0
0 658.0 502.0
0 711.0 502.0
0 735.0 502.0
0 767.0 503.0
0 845.0 503.0
0 781.0 504.0
0 822.0 504.0
0 610.0 506.0
0 478.0 507.0
0 834.0 507.0
0 527.0 508.0
0 724.0 508.0
0 814.0 508.0
0 653.0 509.0
0 792.0 510.0
0 582.0 511.0
0 551.0 512.0
0 737.0 512.0
0 835.0 512.0
0 507.0 513.0
0 587.0 513.0
0 800.0 514.0
0 824.0 514.0
0 532.0 515.0
0 674.0 515.0
0 698.0 515.0
0 682.0 516.0
0 712.0 516.0
0 755.0 517.0
0 469.0 519.0
0 542.0 519.0
0 602.0 519.0
0 784.0 522.0
0 813.0 522.0
0 518.0 523.0
0 661.0 523.0
0 495.0 524.0
0 558.0 524.0
0 766.0 524.0
0 843.0 525.0
0 630.0 527.0
0 501.0 529.0
0 539.0 529.0
0 776.0 529.0
0 460.0 531.0
0 675.0 531.0
0 511.0 532.0
0 737.0 532.0
0 829.0 532.0
0 519.0 533.0
0 661.0 533.0
0 723.0 533.0
0 807.0 533.0
0 699.0 535.0
0 711.0 535.0
0 793.0 535.0
0 525.0 538.0
0 622.0 538.0
0 778.0 538.0
0 479.0 539.0
0 862.0 539.0
0 711.0 540.0
0 503.0 541.0
0 544.0 542.0
0 805.0 542.0
0 449.0 544.0
0 615.0 544.0
0 565.0 547.0
0 726.0 547.0
0 815.0 547.0
0 762.0 548.0
0 852.0 548.0
0 578.0 549.0
0 664.0 549.0
0 700.0 549.0
0 836.0 549.0
0 508.0 550.0
0 780.0 550.0
0 715.0 551.0
0 541.0 552.0
0 768.0 553.0
0 860.0 553.0
0 442.0 554.0
0 549.0 554.0
0 700.0 554.0
0 804.0 554.0
0 881.0 554.0
0 609.0 556.0
0 591.0 557.0
0 515.0 558.0
0 506.0 559.0
0 780.0 559.0
0 813.0 559.0
0 791.0 560.0
0 867.0 560.0
0 539.0 561.0
0 580.0 562.0
0 856.0 562.0
0 754.0 563.0
0 807.0 564.0
0 701.0 565.0
0 617.0 566.0
0 851.0 566.0
0 453.0 568.0
0 665.0 568.0
0 858.0 571.0
0 552.0 572.0
0 795.0 572.0
0 515.0 573.0
0 618.0 573.0
0 701.0 573.0
0 508.0 574.0
0 649.0 574.0
0 684.0 574.0
0 772.0 574.0
0 901.0 574.0
0 805.0 575.0
0 882.0 576.0
0 755.0 577.0
0 726.0 578.0
0 702.0 580.0
0 713.0 581.0
0 782.0 581.0
0 668.0 582.0
0 797.0 583.0
0 650.0 584.0
0 515.0 585.0
0 531.0 586.0
0 553.0 586.0
0 558.0 587.0
0 619.0 587.0
0 788.0 588.0
0 436.0 589.0
0 634.0 589.0
0 879.0 589.0
0 447.0 590.0
0 518.0 593.0
0 917.0 593.0
0 764.0 594.0
0 795.0 594.0
0 525.0 595.0
0 729.0 595.0
0 578.0 597.0
0 551.0 598.0
0 590.0 598.0
0 709.0 600.0
0 743.0 600.0
0 773.0 600.0
0 541.0 601.0
0 703.0 602.0
0 789.0 602.0
0 558.0 604.0
0 621.0 604.0
0 640.0 604.0
0 670.0 604.0
0 701.0 607.0
0 532.0 608.0
0 780.0 608.0
0 651.0 609.0
0 656.0 609.0
0 899.0 609.0
0 549.0 610.0
0 661.0 610.0
0 670.0 610.0
0 760.0 610.0
0 738.0 611.0
0 621.0 612.0
0 778.0 615.0
0 524.0 616.0
0 726.0 616.0
0 744.0 617.0
0 710.0 618.0
0 559.0 619.0
0 659.0 619.0
0 671.0 619.0
0 933.0 619.0
0 786.0 620.0
0 593.0 621.0
0 622.0 621.0
0 783.0 625.0
0 533.0 626.0
0 625.0 628.0
0 654.0 629.0
0 734.0 629.0
0 751.0 629.0
0 659.0 630.0
0 712.0 630.0
0 540.0 631.0
0 582.0 631.0
0 777.0 631.0
0 742.0 633.0
0 604.0 634.0
0 672.0 636.0
0 923.0 637.0
0 555.0 638.0
0 543.0 639.0
0 700.0 639.0
0 713.0 639.0
0 764.0 639.0
0 623.0 642.0
0 748.0 642.0
0 533.0 643.0
0 657.0 644.0
0 774.0 644.0
0 662.0 645.0
0 729.0 645.0
0 566.0 646.0
0 673.0 647.0
0 714.0 650.0
0 625.0 651.0
0 936.0 651.0
0 673.0 652.0
0 542.0 653.0
0 606.0 653.0
0 744.0 653.0
0 739.0 654.0
0 768.0 654.0
0 905.0 655.0
0 587.0 659.0
0 764.0 660.0
0 626.0 661.0
0 946.0 662.0
0 906.0 663.0
0 716.0 664.0
0 562.0 665.0
0 616.0 666.0
0 647.0 666.0
0 652.0 666.0
0 912.0 666.0
0 762.0 667.0
0 746.0 668.0
0 695.0 669.0
0 672.0 670.0
0 571.0 671.0
0 760.0 672.0
0 694.0 674.0
0 717.0 674.0
0 672.0 675.0
0 553.0 676.0
0 611.0 678.0
0 735.0 678.0
0 628.0 680.0
0 693.0 680.0
0 702.0 680.0
0 592.0 683.0
0 747.0 684.0
0 629.0 685.0
0 718.0 685.0
0 605.0 687.0
0 648.0 689.0
0 571.0 690.0
0 739.0 691.0
0 703.0 693.0
0 670.0 696.0
0 690.0 696.0
0 579.0 699.0
0 688.0 701.0
0 591.0 702.0
0 703.0 702.0
0 631.0 703.0
0 668.0 704.0
0 721.0 704.0
0 688.0 706.0
0 633.0 711.0
0 705.0 712.0
0 728.0 712.0
0 652.0 715.0
0 657.0 716.0
0 719.0 719.0
0 704.0 722.0
0 684.0 723.0
0 667.0 726.0
0 624.0 727.0
0 629.0 728.0
0 680.0 731.0
0 671.0 733.0
0 689.0 733.0
0 664.0 735.0
0 664.0 740.0
0 680.0 743.0
0 716.0 755.0
0 675.0 766.0
0 705.0 775.0
0 667.0 786.0
0 362.0 789.0
0 660.0 790.0
1 946.0 43.0
1 680.0 67.0
1 235.0 96.0
1 737.0 99.0
1 936.0 107.0
1 451.0 110.0
1 271.0 123.0
1 929.0 123.0
1 473.0 131.0
1 285.0 135.0
1 479.0 140.0
1 300.0 147.0
1 485.0 150.0
1 477.0 152.0
1 285.0 154.0
1 299.0 159.0
1 314.0 159.0
1 292.0 161.0
1 492.0 161.0
1 883.0 164.0
1 646.0 165.0
1 899.0 165.0
1 331.0 171.0
1 472.0 173.0
1 658.0 174.0
1 501.0 175.0
1 643.0 176.0
1 305.0 177.0
1 487.0 178.0
1 879.0 178.0
1 316.0 179.0
1 858.0 180.0
1 872.0 181.0
1 408.0 183.0
1 349.0 186.0
1 477.0 188.0
1 835.0 190.0
1 511.0 191.0
1 638.0 192.0
1 860.0 194.0
1 495.0 196.0
1 636.0 197.0
1 686.0 197.0
1 348.0 198.0
1 699.0 199.0
1 365.0 200.0
1 337.0 201.0
1 466.0 203.0
1 808.0 203.0
1 331.0 204.0
1 482.0 204.0
1 720.0 207.0
1 520.0 208.0
1 658.0 210.0
1 358.0 211.0
1 731.0 213.0
1 383.0 215.0
1 681.0 215.0
1 781.0 218.0
1 744.0 220.0
1 487.0 221.0
1 643.0 221.0
1 361.0 222.0
1 371.0 223.0
1 527.0 223.0
1 614.0 224.0
1 401.0 231.0
1 369.0 232.0
1 650.0 232.0
1 665.0 232.0
1 735.0 232.0
1 777.0 232.0
1 510.0 233.0
1 757.0 234.0
1 179.0 235.0
1 386.0 236.0
1 752.0 237.0
1 510.0 240.0
1 747.0 240.0
1 600.0 241.0
1 622.0 242.0
1 568.0 245.0
1 397.0 246.0
1 419.0 247.0
1 758.0 248.0
1 512.0 250.0
1 402.0 252.0
1 649.0 252.0
1 727.0 254.0
1 590.0 255.0
1 419.0 257.0
1 518.0 258.0
1 741.0 261.0
1 437.0 263.0
1 604.0 263.0
1 542.0 264.0
1 630.0 267.0
1 708.0 267.0
1 419.0 268.0
1 640.0 268.0
1 579.0 270.0
1 524.0 271.0
1 397.0 272.0
1 427.0 276.0
1 453.0 277.0
1 616.0 277.0
1 507.0 279.0
1 692.0 280.0
1 589.0 282.0
1 631.0 286.0
1 441.0 289.0
1 708.0 289.0
1 618.0 290.0
1 468.0 291.0
1 720.0 291.0
1 568.0 293.0
1 447.0 296.0
1 582.0 296.0
1 614.0 299.0
1 546.0 301.0
1 424.0 303.0
1 483.0 303.0
1 514.0 304.0
1 691.0 304.0
1 535.0 306.0
1 557.0 306.0
1 628.0 307.0
1 462.0 309.0
1 517.0 309.0
1 545.0 311.0
1 576.0 312.0
1 487.0 314.0
1 467.0 315.0
1 476.0 315.0
1 679.0 316.0
1 499.0 318.0
1 368.0 320.0
1 606.0 320.0
1 492.0 321.0
1 359.0 323.0
1 382.0 323.0
1 594.0 323.0
1 780.0 323.0
1 477.0 324.0
1 541.0 324.0
1 343.0 327.0
1 399.0 328.0
1 356.0 330.0
1 555.0 331.0
1 487.0 332.0
1 662.0 332.0
1 518.0 333.0
1 416.0 334.0
1 625.0 335.0
1 510.0 336.0
1 596.0 336.0
1 326.0 337.0
1 523.0 337.0
1 760.0 337.0
1 545.0 338.0
1 495.0 339.0
1 567.0 340.0
1 602.0 340.0
1 516.0 342.0
1 434.0 343.0
1 527.0 344.0
1 649.0 344.0
1 505.0 347.0
1 644.0 348.0
1 589.0 349.0
1 409.0 350.0
1 608.0 350.0
1 449.0 352.0
1 603.0 354.0
1 747.0 355.0
1 492.0 356.0
1 529.0 356.0
1 763.0 356.0
1 516.0 357.0
1 573.0 357.0
1 428.0 358.0
1 539.0 358.0
1 506.0 361.0
1 774.0 361.0
1 465.0 362.0
1 553.0 363.0
1 627.0 364.0
1 732.0 364.0
1 405.0 365.0
1 416.0 367.0
1 440.0 367.0
1 536.0 369.0
1 602.0 370.0
1 478.0 371.0
1 496.0 371.0
1 690.0 371.0
1 722.0 371.0
1 392.0 373.0
1 491.0 373.0
1 414.0 374.0
1 752.0 375.0
1 427.0 376.0
1 627.0 376.0
1 775.0 376.0
1 406.0 379.0
1 694.0 379.0
1 710.0 379.0
1 390.0 380.0
1 489.0 380.0
1 526.0 380.0
1 670.0 380.0
1 510.0 381.0
1 449.0 382.0
1 618.0 382.0
1 678.0 382.0
1 767.0 382.0
1 579.0 383.0
1 613.0 383.0
1 607.0 386.0
1 388.0 387.0
1 543.0 387.0
1 684.0 387.0
1 553.0 388.0
1 523.0 390.0
1 482.0 391.0
1 598.0 392.0
1 692.0 392.0
1 737.0 392.0
1 462.0 393.0
1 676.0 393.0
1 770.0 393.0
1 404.0 396.0
1 664.0 396.0
1 684.0 397.0
1 721.0 397.0
1 515.0 399.0
1 536.0 399.0
1 565.0 400.0
1 500.0 401.0
1 744.0 402.0
1 759.0 403.0
1 524.0 405.0
1 711.0 405.0
1 476.0 407.0
1 585.0 408.0
1 409.0 409.0
1 447.0 409.0
1 604.0 409.0
1 393.0 410.0
1 403.0 410.0
1 464.0 410.0
1 398.0 411.0
1 493.0 411.0
1 720.0 411.0
1 700.0 413.0
1 512.0 414.0
1 547.0 414.0
1 531.0 415.0
1 649.0 416.0
1 507.0 417.0
1 624.0 418.0
1 418.0 419.0
1 429.0 419.0
1 728.0 419.0
1 406.0 420.0
1 454.0 420.0
1 584.0 420.0
1 748.0 420.0
1 378.0 423.0
1 470.0 423.0
1 557.0 423.0
1 709.0 423.0
1 504.0 424.0
1 640.0 424.0
1 583.0 425.0
1 723.0 425.0
1 447.0 428.0
1 528.0 429.0
1 595.0 429.0
1 584.0 430.0
1 634.0 430.0
1 723.0 430.0
1 411.0 431.0
1 421.0 431.0
1 737.0 431.0
1 403.0 432.0
1 438.0 432.0
1 469.0 432.0
1 553.0 432.0
1 332.0 433.0
1 455.0 433.0
1 714.0 433.0
1 398.0 435.0
1 498.0 435.0
1 298.0 436.0
1 358.0 438.0
1 396.0 440.0
1 443.0 440.0
1 452.0 443.0
1 694.0 443.0
1 655.0 444.0
1 298.0 446.0
1 555.0 446.0
1 731.0 446.0
1 916.0 446.0
1 593.0 447.0
1 425.0 448.0
1 461.0 448.0
1 403.0 449.0
1 605.0 449.0
1 435.0 450.0
1 527.0 450.0
1 689.0 451.0
1 414.0 454.0
1 709.0 454.0
1 726.0 454.0
1 449.0 455.0
1 518.0 455.0
1 508.0 457.0
1 736.0 457.0
1 683.0 458.0
1 471.0 459.0
1 457.0 460.0
1 632.0 460.0
1 719.0 461.0
1 486.0 462.0
1 557.0 462.0
1 638.0 462.0
1 668.0 462.0
1 544.0 463.0
1 441.0 466.0
1 428.0 467.0
1 711.0 467.0
1 447.0 468.0
1 646.0 468.0
1 694.0 468.0
1 567.0 470.0
1 434.0 471.0
1 499.0 471.0
1 454.0 472.0
1 459.0 472.0
1 505.0 472.0
1 449.0 473.0
1 666.0 473.0
1 407.0 474.0
1 418.0 474.0
1 580.0 474.0
1 702.0 474.0
1 713.0 474.0
1 730.0 474.0
1 552.0 475.0
1 721.0 475.0
1 536.0 477.0
1 656.0 477.0
1 694.0 477.0
1 590.0 478.0
1 636.0 478.0
1 680.0 478.0
1 432.0 480.0
1 686.0 482.0
1 488.0 483.0
1 603.0 483.0
1 446.0 484.0
1 499.0 484.0
1 563.0 484.0
1 643.0 485.0
1 663.0 486.0
1 728.0 486.0
1 425.0 488.0
1 611.0 488.0
1 716.0 488.0
1 694.0 489.0
1 468.0 491.0
1 665.0 491.0
1 531.0 493.0
1 441.0 494.0
1 474.0 494.0
1 542.0 494.0
1 620.0 495.0
1 651.0 495.0
1 552.0 496.0
1 483.0 497.0
1 565.0 497.0
1 596.0 498.0
1 671.0 498.0
1 428.0 500.0
1 436.0 500.0
1 706.0 500.0
1 722.0 501.0
1 673.0 503.0
1 436.0 505.0
1 447.0 505.0
1 477.0 505.0
1 659.0 505.0
1 695.0 505.0
1 460.0 506.0
1 626.0 507.0
1 677.0 508.0
1 558.0 510.0
1 637.0 511.0
1 720.0 511.0
1 544.0 512.0
1 695.0 513.0
1 455.0 514.0
1 472.0 514.0
1 707.0 514.0
1 481.0 516.0
1 682.0 516.0
1 505.0 518.0
1 622.0 518.0
1 669.0 519.0
1 645.0 520.0
1 462.0 523.0
1 481.0 523.0
1 716.0 524.0
1 536.0 525.0
1 593.0 525.0
1 504.0 526.0
1 689.0 526.0
1 625.0 527.0
1 425.0 528.0
1 715.0 529.0
1 539.0 530.0
1 544.0 530.0
1 444.0 531.0
1 596.0 531.0
1 677.0 532.0
1 702.0 532.0
1 658.0 533.0
1 714.0 535.0
1 505.0 536.0
1 625.0 536.0
1 444.0 537.0
1 534.0 537.0
1 486.0 538.0
1 456.0 539.0
1 558.0 539.0
1 577.0 539.0
1 664.0 539.0
1 443.0 544.0
1 606.0 544.0
1 625.0 544.0
1 681.0 546.0
1 474.0 548.0
1 669.0 551.0
1 412.0 553.0
1 430.0 553.0
1 491.0 553.0
1 650.0 553.0
1 457.0 554.0
1 504.0 555.0
1 560.0 555.0
1 677.0 556.0
1 705.0 556.0
1 623.0 558.0
1 494.0 561.0
1 519.0 562.0
1 524.0 563.0
1 623.0 563.0
1 599.0 564.0
1 604.0 564.0
1 674.0 568.0
1 480.0 569.0
1 495.0 569.0
1 649.0 570.0
1 606.0 571.0
1 524.0 572.0
1 529.0 572.0
1 561.0 573.0
1 622.0 574.0
1 595.0 575.0
1 461.0 576.0
1 398.0 578.0
1 690.0 578.0
1 412.0 579.0
1 479.0 579.0
1 501.0 579.0
1 621.0 580.0
1 164.0 581.0
1 524.0 582.0
1 606.0 582.0
1 672.0 583.0
1 549.0 584.0
1 533.0 586.0
1 590.0 588.0
1 653.0 588.0
1 471.0 589.0
1 563.0 590.0
1 719.0 590.0
1 546.0 592.0
1 506.0 593.0
1 661.0 593.0
1 600.0 594.0
1 521.0 595.0
1 563.0 596.0
1 698.0 596.0
1 620.0 598.0
1 682.0 599.0
1 535.0 600.0
1 605.0 600.0
1 672.0 601.0
1 507.0 602.0
1 440.0 605.0
1 488.0 607.0
1 664.0 607.0
1 564.0 608.0
1 619.0 609.0
1 475.0 610.0
1 590.0 610.0
1 511.0 611.0
1 431.0 614.0
1 641.0 614.0
1 665.0 614.0
1 691.0 614.0
1 483.0 618.0
1 716.0 620.0
1 618.0 621.0
1 684.0 621.0
1 540.0 623.0
1 645.0 624.0
1 581.0 625.0
1 143.0 626.0
1 589.0 626.0
1 568.0 629.0
1 672.0 629.0
1 708.0 629.0
1 518.0 630.0
1 730.0 630.0
1 499.0 632.0
1 659.0 633.0
1 690.0 634.0
1 519.0 636.0
1 549.0 636.0
1 706.0 636.0
1 588.0 638.0
1 617.0 638.0
1 488.0 639.0
1 568.0 639.0
1 633.0 641.0
1 658.0 641.0
1 728.0 641.0
1 714.0 642.0
1 617.0 646.0
1 605.0 647.0
1 676.0 649.0
1 547.0 650.0
1 500.0 651.0
1 594.0 651.0
1 557.0 653.0
1 570.0 655.0
1 631.0 655.0
1 507.0 656.0
1 527.0 656.0
1 670.0 656.0
1 651.0 660.0
1 551.0 661.0
1 668.0 661.0
1 615.0 662.0
1 389.0 663.0
1 529.0 663.0
1 590.0 664.0
1 346.0 667.0
1 571.0 667.0
1 666.0 667.0
1 615.0 671.0
1 641.0 671.0
1 548.0 672.0
1 524.0 678.0
1 529.0 681.0
1 573.0 681.0
1 574.0 686.0
1 547.0 687.0
1 579.0 688.0
1 599.0 688.0
1 616.0 689.0
1 558.0 690.0
1 582.0 696.0
1 604.0 699.0
