0 0 0 225.7630438984848
0 3 5 216.82719991573612
0 6 14 449.0238800976883
0 10 20 495.0094662666102
0 13 23 367.9857606675729
0 14 28 461.67203504501606
0 16 30 306.6518859570159
0 19 32 368.5800382547629
0 25 44 425.8593051516014
0 24 49 401.7178081867057
0 37 58 412.5083043980485
0 40 63 247.79370512840111
0 44 72 310.8749617595552
0 56 99 394.93421065021005
0 57 106 274.7381469013835
0 63 126 349.6354685059127
0 72 141 188.4664764389607
0 80 152 169.98199391367535
0 96 163 434.6398050272958
0 99 181 171.6132770113795
0 104 192 436.76477498520984
0 112 193 153.30730880009358
0 149 195 312.1488568255798
0 121 202 190.27887853384283
0 110 203 407.3425357116649
0 116 208 199.54010148975814
0 161 212 390.00859067885193
0 126 213 205.91649118005247
0 131 215 253.8998903948095
0 139 216 442.4166841972823
0 119 222 176.3307984990687
0 133 223 234.81138598725778
0 148 227 430.18778325502086
0 151 242 444.5177599476028
0 142 246 411.7831241289115
0 178 268 425.5962253142401
0 168 271 476.05550655724176
0 183 285 366.4169245442452
0 163 303 388.97375498469813
0 270 353 386.7927325308627
0 234 377 479.5170650515102
0 254 389 456.76534285512236
0 268 400 401.3831115032569
0 252 404 390.38556739148567
0 292 408 449.278768504108
0 278 412 376.44689372484777
0 282 417 352.99791353713897
0 259 428 268.5886589710771
0 294 433 207.4002374372697
0 284 447 435.514466418255
0 328 452 464.3452057846588
0 303 455 175.8032202895911
0 309 458 338.9287266932683
0 335 465 286.68710377471336
0 322 468 386.9233715012708
0 323 473 293.4826249747227
0 320 476 199.38439656840305
0 344 479 238.8325782689068
0 317 480 260.9768219414951
0 326 481 269.6746000000161
0 349 484 220.56984169252735
0 337 485 300.6266543481268
0 341 486 322.3893824440613
0 339 488 243.82826816433263
0 345 489 251.40057326744386
0 318 492 489.98252431792093
0 359 502 258.62801278216693
0 357 505 264.3643090874869
0 363 506 204.01214256078455
0 360 512 181.43840944466848
0 356 515 385.8709169496971
0 361 521 350.65326801210557
0 391 529 292.54844568310887
0 366 530 387.72639999852095
0 392 534 386.3385698034827
0 382 535 246.83918017255274
0 374 539 454.1011351976222
0 387 540 239.8515075660475
0 393 543 145.02605585985634
0 405 550 233.2457450786261
0 404 552 143.0161867825148
0 417 555 430.7514361673141
0 416 557 295.0958297165783
0 398 559 489.5920281891887
0 415 562 250.46607782442325
0 412 564 388.8498841368812
0 414 565 350.6191555301012
0 418 567 286.91248213126187
0 419 569 264.1166002238122
0 376 574 383.2468657573894
0 423 575 353.52886358380346
0 410 577 404.28823883857
0 435 579 387.8721071943836
0 425 581 194.88523734002789
0 432 582 465.4855715411274
0 436 583 407.857197120945
0 413 585 347.2118175912457
0 426 586 398.4798724177788
0 434 593 313.69109276102193
0 444 595 376.7841771098643
0 441 596 394.7519397053998
0 430 601 423.81085603158544
0 439 604 422.0265490699223
0 455 606 412.5649581028306
0 448 607 167.42264847903516
0 447 609 468.0933560378613
0 452 615 456.74703218300465
0 456 616 341.8212868365659
0 464 619 143.72525724922122
0 478 624 345.3901142127839
0 453 625 405.3328965255358
0 470 627 211.97607052570513
0 468 628 292.3883544247764
0 467 629 438.734383838088
0 471 630 333.80081160084643
0 457 631 295.782461209133
0 474 633 254.14286774652388
0 481 634 309.00453822125303
0 483 635 325.7301677643116
0 475 636 349.04180136288284
0 485 638 345.16752146493815
0 480 640 135.09601420756624
0 486 642 333.0319601954813
0 482 643 473.73034975812243
0 490 648 226.58538851661615
0 488 650 387.00231501772015
0 492 651 131.784221648514
0 508 652 333.09801486900056
0 479 654 430.52431191607025
0 493 655 325.9426999450196
0 499 659 273.3423001661262
0 497 663 198.73023709679674
0 509 665 349.17128819590636
0 504 669 320.7276027884609
0 494 671 282.8239073397397
0 506 672 266.57779265720075
0 514 676 495.555974330785
0 510 677 138.7363257335164
0 519 680 164.90357977797228
0 512 683 372.19709930925796
0 528 685 177.3074908993296
0 529 687 416.63428916647456
0 541 688 260.2647260127343
0 523 689 168.769571289363
0 532 694 303.9731517091317
0 536 696 359.4247136282919
0 543 698 181.95027096435547
0 548 702 146.86668594867112
0 547 706 243.78013747093098
0 545 708 314.8275643681035
0 551 715 487.9842940712504
0 440 723 229.64908505653477

0 1081.0 50.0
0 704.0 54.0
0 542.0 55.0
0 1074.0 60.0
0 1071.0 69.0
0 266.0 83.0
0 407.0 87.0
0 283.0 91.0
0 1063.0 91.0
0 735.0 93.0
0 799.0 93.0
0 435.0 94.0
0 275.0 98.0
0 463.0 106.0
0 315.0 118.0
0 486.0 122.0
0 1057.0 130.0
0 497.0 132.0
0 334.0 133.0
0 510.0 144.0
0 353.0 148.0
0 600.0 150.0
0 1043.0 150.0
0 341.0 154.0
0 523.0 156.0
0 495.0 157.0
0 686.0 160.0
0 357.0 163.0
0 371.0 163.0
0 1014.0 163.0
0 348.0 166.0
0 517.0 166.0
0 1004.0 168.0
0 1027.0 168.0
0 504.0 171.0
0 757.0 172.0
0 539.0 173.0
0 685.0 173.0
0 524.0 174.0
0 392.0 177.0
0 369.0 179.0
0 607.0 179.0
0 702.0 179.0
0 529.0 180.0
0 992.0 180.0
0 1010.0 181.0
0 978.0 183.0
0 365.0 187.0
0 515.0 187.0
0 380.0 188.0
0 556.0 192.0
0 956.0 193.0
0 413.0 195.0
0 540.0 195.0
0 580.0 200.0
0 544.0 201.0
0 588.0 204.0
0 736.0 206.0
0 929.0 206.0
0 528.0 207.0
0 433.0 211.0
0 573.0 211.0
0 409.0 214.0
0 396.0 215.0
0 435.0 216.0
0 595.0 217.0
0 703.0 219.0
0 425.0 220.0
0 901.0 221.0
0 728.0 223.0
0 702.0 224.0
0 1019.0 224.0
0 432.0 226.0
0 453.0 227.0
0 587.0 227.0
0 542.0 228.0
0 988.0 229.0
0 418.0 231.0
0 903.0 231.0
0 916.0 231.0
0 412.0 232.0
0 602.0 233.0
0 880.0 233.0
0 457.0 234.0
0 591.0 235.0
0 909.0 237.0
0 959.0 237.0
0 996.0 237.0
0 447.0 238.0
0 721.0 239.0
0 438.0 240.0
0 573.0 240.0
0 1040.0 244.0
0 41.0 245.0
0 928.0 245.0
0 456.0 246.0
0 474.0 246.0
0 688.0 248.0
0 858.0 248.0
0 957.0 248.0
0 577.0 249.0
0 609.0 250.0
0 890.0 250.0
0 557.0 251.0
0 674.0 251.0
0 699.0 252.0
0 465.0 254.0
0 894.0 255.0
0 934.0 255.0
0 699.0 257.0
0 713.0 257.0
0 838.0 259.0
0 584.0 261.0
0 494.0 263.0
0 680.0 263.0
0 879.0 263.0
0 478.0 265.0
0 906.0 265.0
0 615.0 266.0
0 690.0 267.0
0 898.0 267.0
0 671.0 269.0
0 710.0 269.0
0 592.0 270.0
0 583.0 271.0
0 484.0 272.0
0 465.0 273.0
0 571.0 273.0
0 816.0 273.0
0 609.0 274.0
0 672.0 278.0
0 826.0 278.0
0 868.0 278.0
0 599.0 279.0
0 513.0 280.0
0 445.0 282.0
0 621.0 282.0
0 822.0 284.0
0 602.0 285.0
0 703.0 287.0
0 796.0 287.0
0 502.0 288.0
0 220.0 290.0
0 669.0 290.0
0 521.0 291.0
0 840.0 292.0
0 703.0 293.0
0 808.0 293.0
0 488.0 295.0
0 530.0 295.0
0 585.0 295.0
0 615.0 295.0
0 512.0 297.0
0 142.0 298.0
0 703.0 298.0
0 631.0 300.0
0 776.0 302.0
0 811.0 303.0
0 500.0 305.0
0 818.0 306.0
0 790.0 307.0
0 546.0 310.0
0 527.0 312.0
0 505.0 313.0
0 780.0 314.0
0 633.0 316.0
0 757.0 317.0
0 535.0 319.0
0 660.0 319.0
0 858.0 319.0
0 599.0 320.0
0 705.0 320.0
0 793.0 320.0
0 561.0 322.0
0 644.0 324.0
0 769.0 324.0
0 860.0 324.0
0 865.0 326.0
0 638.0 330.0
0 761.0 330.0
0 753.0 331.0
0 550.0 332.0
0 736.0 333.0
0 524.0 334.0
0 704.0 336.0
0 578.0 337.0
0 773.0 337.0
0 565.0 338.0
0 557.0 339.0
0 653.0 342.0
0 643.0 343.0
0 534.0 344.0
0 403.0 348.0
0 569.0 348.0
0 421.0 350.0
0 715.0 350.0
0 539.0 351.0
0 385.0 353.0
0 443.0 354.0
0 600.0 354.0
0 754.0 354.0
0 380.0 355.0
0 578.0 355.0
0 375.0 357.0
0 648.0 357.0
0 821.0 358.0
0 704.0 359.0
0 465.0 360.0
0 388.0 361.0
0 808.0 361.0
0 842.0 361.0
0 722.0 362.0
0 853.0 362.0
0 587.0 363.0
0 606.0 364.0
0 620.0 367.0
0 737.0 367.0
0 551.0 368.0
0 790.0 368.0
0 488.0 369.0
0 556.0 370.0
0 855.0 370.0
0 349.0 372.0
0 598.0 372.0
0 448.0 373.0
0 588.0 374.0
0 757.0 374.0
0 561.0 375.0
0 658.0 376.0
0 799.0 376.0
0 866.0 376.0
0 505.0 377.0
0 572.0 377.0
0 833.0 377.0
0 459.0 379.0
0 545.0 379.0
0 843.0 379.0
0 465.0 380.0
0 779.0 380.0
0 715.0 381.0
0 591.0 383.0
0 676.0 383.0
0 732.0 383.0
0 790.0 383.0
0 615.0 384.0
0 476.0 385.0
0 599.0 385.0
0 850.0 386.0
0 524.0 387.0
0 541.0 387.0
0 578.0 387.0
0 865.0 387.0
0 459.0 388.0
0 494.0 389.0
0 663.0 389.0
0 587.0 390.0
0 635.0 390.0
0 696.0 390.0
0 683.0 391.0
0 852.0 392.0
0 774.0 393.0
0 818.0 393.0
0 537.0 395.0
0 714.0 395.0
0 732.0 395.0
0 483.0 396.0
0 578.0 398.0
0 594.0 398.0
0 872.0 398.0
0 545.0 399.0
0 636.0 399.0
0 705.0 399.0
0 726.0 399.0
0 499.0 400.0
0 512.0 400.0
0 721.0 403.0
0 666.0 404.0
0 580.0 405.0
0 685.0 405.0
0 554.0 406.0
0 467.0 408.0
0 501.0 408.0
0 756.0 408.0
0 514.0 409.0
0 491.0 410.0
0 618.0 410.0
0 802.0 410.0
0 563.0 411.0
0 596.0 411.0
0 530.0 412.0
0 711.0 412.0
0 867.0 412.0
0 474.0 413.0
0 640.0 413.0
0 776.0 413.0
0 521.0 414.0
0 687.0 414.0
0 658.0 415.0
0 851.0 415.0
0 510.0 416.0
0 484.0 417.0
0 668.0 417.0
0 575.0 418.0
0 468.0 419.0
0 501.0 420.0
0 531.0 420.0
0 641.0 420.0
0 603.0 421.0
0 705.0 421.0
0 740.0 421.0
0 762.0 422.0
0 791.0 422.0
0 519.0 423.0
0 468.0 424.0
0 507.0 426.0
0 524.0 426.0
0 706.0 426.0
0 492.0 427.0
0 477.0 428.0
0 541.0 428.0
0 666.0 428.0
0 783.0 428.0
0 805.0 428.0
0 659.0 430.0
0 688.0 430.0
0 643.0 431.0
0 519.0 433.0
0 596.0 433.0
0 610.0 433.0
0 509.0 434.0
0 638.0 434.0
0 723.0 434.0
0 855.0 434.0
0 568.0 435.0
0 847.0 436.0
0 861.0 436.0
0 496.0 437.0
0 532.0 437.0
0 800.0 437.0
0 837.0 437.0
0 483.0 438.0
0 527.0 438.0
0 817.0 439.0
0 509.0 440.0
0 559.0 440.0
0 672.0 440.0
0 769.0 440.0
0 793.0 441.0
0 498.0 442.0
0 518.0 442.0
0 617.0 445.0
0 729.0 445.0
0 509.0 446.0
0 708.0 446.0
0 497.0 447.0
0 528.0 447.0
0 649.0 449.0
0 664.0 449.0
0 834.0 449.0
0 570.0 450.0
0 528.0 452.0
0 516.0 453.0
0 814.0 453.0
0 496.0 454.0
0 672.0 454.0
0 803.0 454.0
0 33.0 456.0
0 550.0 456.0
0 481.0 457.0
0 828.0 457.0
0 510.0 458.0
0 692.0 458.0
0 747.0 459.0
0 627.0 460.0
0 765.0 460.0
0 500.0 461.0
0 618.0 461.0
0 728.0 461.0
0 835.0 461.0
0 651.0 462.0
0 816.0 463.0
0 531.0 464.0
0 517.0 465.0
0 598.0 466.0
0 807.0 466.0
0 825.0 466.0
0 652.0 467.0
0 587.0 468.0
0 500.0 470.0
0 509.0 470.0
0 694.0 471.0
0 822.0 471.0
0 523.0 472.0
0 622.0 472.0
0 639.0 472.0
0 538.0 473.0
0 572.0 473.0
0 836.0 474.0
0 605.0 475.0
0 741.0 475.0
0 514.0 476.0
0 728.0 476.0
0 696.0 477.0
0 815.0 478.0
0 483.0 481.0
0 554.0 481.0
0 747.0 481.0
0 575.0 482.0
0 697.0 482.0
0 826.0 482.0
0 843.0 482.0
0 658.0 483.0
0 503.0 484.0
0 761.0 484.0
0 618.0 485.0
0 809.0 485.0
0 493.0 487.0
0 498.0 488.0
0 579.0 488.0
0 603.0 488.0
0 608.0 488.0
0 819.0 489.0
0 572.0 491.0
0 535.0 492.0
0 783.0 492.0
0 552.0 493.0
0 757.0 494.0
0 584.0 496.0
0 836.0 496.0
0 616.0 497.0
0 813.0 498.0
0 818.0 499.0
0 489.0 500.0
0 535.0 500.0
0 802.0 500.0
0 563.0 501.0
0 600.0 501.0
0 698.0 501.0
0 520.0 502.0
0 658.0 502.0
0 711.0 502.0
0 735.0 502.0
0 767.0 503.0
0 845.0 503.0
0 781.0 504.0
0 822.0 504.0
0 610.0 506.0
0 478.0 507.0
0 834.0 507.0
0 527.0 508.0
0 724.0 508.0
0 814.0 508.0
0 653.0 509.0
0 792.0 510.0
0 582.0 511.0
0 551.0 512.0
0 737.0 512.0
0 835.0 512.0
0 507.0 513.0
0 587.0 513.0
0 800.0 514.0
0 824.0 514.0
0 532.0 515.0
0 674.0 515.0
0 698.0 515.0
0 682.0 516.0
0 712.0 516.0
0 755.0 517.0
0 469.0 519.0
0 542.0 519.0
0 602.0 519.0
0 784.0 522.0
0 813.0 522.0
0 518.0 523.0
0 661.0 523.0
0 495.0 524.0
0 558.0 524.0
0 766.0 524.0
0 843.0 525.0
0 630.0 527.0
0 501.0 529.0
0 539.0 529.0
0 776.0 529.0
0 460.0 531.0
0 675.0 531.0
0 511.0 532.0
0 737.0 532.0
0 829.0 532.0
0 519.0 533.0
0 661.0 533.0
0 723.0 533.0
0 807.0 533.0
0 699.0 535.0
0 711.0 535.0
0 793.0 535.0
0 525.0 538.0
0 622.0 538.0
0 778.0 538.0
0 479.0 539.0
0 862.0 539.0
0 711.0 540.0
0 503.0 541.0
0 544.0 542.0
0 805.0 542.0
0 449.0 544.0
0 615.0 544.0
0 565.0 547.0
0 726.0 547.0
0 815.0 547.0
0 762.0 548.0
0 852.0 548.0
0 578.0 549.0
0 664.0 549.0
0 700.0 549.0
0 836.0 549.0
0 508.0 550.0
0 780.0 550.0
0 715.0 551.0
0 541.0 552.0
0 768.0 553.0
0 860.0 553.0
0 442.0 554.0
0 549.0 554.0
0 700.0 554.0
0 804.0 554.0
0 881.0 554.0
0 609.0 556.0
0 591.0 557.0
0 515.0 558.0
0 506.0 559.0
0 780.0 559.0
0 813.0 559.0
0 791.0 560.0
0 867.0 560.0
0 539.0 561.0
0 580.0 562.0
0 856.0 562.0
0 754.0 563.0
0 807.0 564.0
0 701.0 565.0
0 617.0 566.0
0 851.0 566.0
0 453.0 568.0
0 665.0 568.0
0 858.0 571.0
0 552.0 572.0
0 795.0 572.0
0 515.0 573.0
0 618.0 573.0
0 701.0 573.0
0 508.0 574.0
0 649.0 574.0
0 684.0 574.0
0 772.0 574.0
0 901.0 574.0
0 805.0 575.0
0 882.0 576.0
0 755.0 577.0
0 726.0 578.0
0 702.0 580.0
0 713.0 581.0
0 782.0 581.0
0 668.0 582.0
0 797.0 583.0
0 650.0 584.0
0 515.0 585.0
0 531.0 586.0
0 553.0 586.0
0 558.0 587.0
0 619.0 587.0
0 788.0 588.0
0 436.0 589.0
0 634.0 589.0
0 879.0 589.0
0 447.0 590.0
0 518.0 593.0
0 917.0 593.0
0 764.0 594.0
0 795.0 594.0
0 525.0 595.0
0 729.0 595.0
0 578.0 597.0
0 551.0 598.0
0 590.0 598.0
0 709.0 600.0
0 743.0 600.0
0 773.0 600.0
0 541.0 601.0
0 703.0 602.0
0 789.0 602.0
0 558.0 604.0
0 621.0 604.0
0 640.0 604.0
0 670.0 604.0
0 701.0 607.0
0 532.0 608.0
0 780.0 608.0
0 651.0 609.0
0 656.0 609.0
0 899.0 609.0
0 549.0 610.0
0 661.0 610.0
0 670.0 610.0
0 760.0 610.0
0 738.0 611.0
0 621.0 612.0
0 778.0 615.0
0 524.0 616.0
0 726.0 616.0
0 744.0 617.0
0 710.0 618.0
0 559.0 619.0
0 659.0 619.0
0 671.0 619.0
0 933.0 619.0
0 786.0 620.0
0 593.0 621.0
0 622.0 621.0
0 783.0 625.0
0 533.0 626.0
0 625.0 628.0
0 654.0 629.0
0 734.0 629.0
0 751.0 629.0
0 659.0 630.0
0 712.0 630.0
0 540.0 631.0
0 582.0 631.0
0 777.0 631.0
0 742.0 633.0
0 604.0 634.0
0 672.0 636.0
0 923.0 637.0
0 555.0 638.0
0 543.0 639.0
0 700.0 639.0
0 713.0 639.0
0 764.0 639.0
0 623.0 642.0
0 748.0 642.0
0 533.0 643.0
0 657.0 644.0
0 774.0 644.0
0 662.0 645.0
0 729.0 645.0
0 566.0 646.0
0 673.0 647.0
0 714.0 650.0
0 625.0 651.0
0 936.0 651.0
0 673.0 652.0
0 542.0 653.0
0 606.0 653.0
0 744.0 653.0
0 739.0 654.0
0 768.0 654.0
0 905.0 655.0
0 587.0 659.0
0 764.0 660.0
0 626.0 661.0
0 946.0 662.0
0 906.0 663.0
0 716.0 664.0
0 562.0 665.0
0 616.0 666.0
0 647.0 666.0
0 652.0 666.0
0 912.0 666.0
0 762.0 667.0
0 746.0 668.0
0 695.0 669.0
0 672.0 670.0
0 571.0 671.0
0 760.0 672.0
0 694.0 674.0
0 717.0 674.0
0 672.0 675.0
0 553.0 676.0
0 611.0 678.0
0 735.0 678.0
0 628.0 680.0
0 693.0 680.0
0 702.0 680.0
0 592.0 683.0
0 747.0 684.0
0 629.0 685.0
0 718.0 685.0
0 605.0 687.0
0 648.0 689.0
0 571.0 690.0
0 739.0 691.0
0 703.0 693.0
0 670.0 696.0
0 690.0 696.0
0 579.0 699.0
0 688.0 701.0
0 591.0 702.0
0 703.0 702.0
0 631.0 703.0
0 668.0 704.0
0 721.0 704.0
0 688.0 706.0
0 633.0 711.0
0 705.0 712.0
0 728.0 712.0
0 652.0 715.0
0 657.0 716.0
0 719.0 719.0
0 704.0 722.0
0 684.0 723.0
0 667.0 726.0
0 624.0 727.0
0 629.0 728.0
0 680.0 731.0
0 671.0 733.0
0 689.0 733.0
0 664.0 735.0
0 664.0 740.0
0 680.0 743.0
0 716.0 755.0
0 675.0 766.0
0 705.0 775.0
0 667.0 786.0
0 362.0 789.0
0 660.0 790.0
1 874.0 39.0
1 690.0 73.0
1 723.0 103.0
1 244.0 106.0
1 711.0 107.0
1 481.0 118.0
1 271.0 130.0
1 283.0 141.0
1 475.0 144.0
1 666.0 145.0
1 296.0 153.0
1 474.0 154.0
1 494.0 156.0
1 279.0 157.0
1 307.0 163.0
1 647.0 164.0
1 285.0 165.0
1 474.0 165.0
1 496.0 167.0
1 815.0 169.0
1 321.0 175.0
1 654.0 177.0
1 474.0 178.0
1 500.0 180.0
1 300.0 183.0
1 805.0 183.0
1 329.0 184.0
1 486.0 184.0
1 811.0 184.0
1 796.0 186.0
1 816.0 187.0
1 344.0 191.0
1 474.0 191.0
1 647.0 191.0
1 790.0 192.0
1 505.0 196.0
1 492.0 197.0
1 771.0 198.0
1 476.0 202.0
1 606.0 203.0
1 315.0 204.0
1 498.0 206.0
1 465.0 211.0
1 745.0 212.0
1 341.0 213.0
1 510.0 213.0
1 621.0 213.0
1 500.0 216.0
1 593.0 216.0
1 511.0 227.0
1 467.0 231.0
1 488.0 231.0
1 338.0 232.0
1 496.0 233.0
1 578.0 233.0
1 477.0 234.0
1 726.0 234.0
1 363.0 236.0
1 471.0 236.0
1 512.0 236.0
1 467.0 243.0
1 564.0 248.0
1 515.0 249.0
1 375.0 250.0
1 470.0 250.0
1 398.0 255.0
1 465.0 255.0
1 483.0 255.0
1 682.0 255.0
1 505.0 258.0
1 518.0 261.0
1 839.0 265.0
1 391.0 267.0
1 464.0 268.0
1 411.0 270.0
1 590.0 270.0
1 489.0 271.0
1 508.0 271.0
1 863.0 272.0
1 523.0 273.0
1 399.0 275.0
1 432.0 275.0
1 483.0 280.0
1 465.0 281.0
1 494.0 281.0
1 529.0 287.0
1 445.0 288.0
1 585.0 288.0
1 514.0 292.0
1 529.0 292.0
1 413.0 293.0
1 495.0 293.0
1 469.0 296.0
1 455.0 298.0
1 642.0 299.0
1 582.0 301.0
1 392.0 302.0
1 499.0 303.0
1 512.0 307.0
1 430.0 311.0
1 525.0 312.0
1 471.0 313.0
1 578.0 314.0
1 539.0 315.0
1 370.0 317.0
1 508.0 317.0
1 362.0 320.0
1 381.0 320.0
1 405.0 320.0
1 539.0 320.0
1 347.0 322.0
1 620.0 323.0
1 443.0 325.0
1 395.0 326.0
1 492.0 326.0
1 615.0 326.0
1 360.0 327.0
1 540.0 327.0
1 599.0 327.0
1 336.0 332.0
1 412.0 332.0
1 452.0 333.0
1 629.0 333.0
1 417.0 336.0
1 745.0 338.0
1 422.0 340.0
1 459.0 340.0
1 502.0 340.0
1 541.0 341.0
1 601.0 341.0
1 512.0 343.0
1 477.0 344.0
1 398.0 348.0
1 467.0 349.0
1 433.0 350.0
1 611.0 351.0
1 592.0 352.0
1 726.0 352.0
1 480.0 355.0
1 586.0 356.0
1 382.0 357.0
1 515.0 357.0
1 462.0 358.0
1 564.0 358.0
1 481.0 360.0
1 492.0 360.0
1 444.0 361.0
1 374.0 362.0
1 405.0 363.0
1 551.0 363.0
1 483.0 365.0
1 578.0 365.0
1 432.0 366.0
1 393.0 370.0
1 714.0 371.0
1 728.0 371.0
1 570.0 372.0
1 383.0 373.0
1 422.0 374.0
1 486.0 374.0
1 538.0 374.0
1 738.0 374.0
1 723.0 376.0
1 362.0 377.0
1 434.0 379.0
1 462.0 379.0
1 536.0 379.0
1 697.0 379.0
1 561.0 380.0
1 445.0 381.0
1 613.0 381.0
1 581.0 382.0
1 608.0 382.0
1 576.0 384.0
1 675.0 384.0
1 710.0 384.0
1 558.0 385.0
1 687.0 385.0
1 739.0 385.0
1 604.0 387.0
1 374.0 388.0
1 406.0 389.0
1 492.0 389.0
1 475.0 390.0
1 619.0 391.0
1 516.0 392.0
1 598.0 392.0
1 678.0 392.0
1 734.0 392.0
1 504.0 393.0
1 638.0 393.0
1 666.0 393.0
1 443.0 394.0
1 428.0 395.0
1 544.0 398.0
1 559.0 398.0
1 724.0 398.0
1 715.0 399.0
1 638.0 401.0
1 361.0 402.0
1 490.0 402.0
1 375.0 403.0
1 521.0 403.0
1 393.0 404.0
1 574.0 407.0
1 648.0 407.0
1 254.0 409.0
1 426.0 409.0
1 435.0 409.0
1 685.0 409.0
1 740.0 409.0
1 356.0 411.0
1 443.0 411.0
1 718.0 411.0
1 324.0 412.0
1 386.0 412.0
1 456.0 412.0
1 412.0 413.0
1 641.0 414.0
1 543.0 415.0
1 678.0 415.0
1 461.0 416.0
1 505.0 417.0
1 711.0 417.0
1 380.0 418.0
1 572.0 418.0
1 406.0 419.0
1 430.0 420.0
1 675.0 420.0
1 706.0 420.0
1 245.0 421.0
1 701.0 421.0
1 289.0 422.0
1 358.0 423.0
1 601.0 423.0
1 367.0 424.0
1 445.0 424.0
1 452.0 425.0
1 558.0 426.0
1 376.0 427.0
1 542.0 427.0
1 512.0 428.0
1 570.0 428.0
1 469.0 429.0
1 406.0 431.0
1 417.0 431.0
1 425.0 432.0
1 647.0 432.0
1 391.0 434.0
1 450.0 434.0
1 501.0 435.0
1 664.0 437.0
1 364.0 439.0
1 687.0 439.0
1 411.0 444.0
1 674.0 444.0
1 660.0 446.0
1 482.0 447.0
1 487.0 448.0
1 690.0 448.0
1 474.0 449.0
1 519.0 450.0
1 524.0 450.0
1 679.0 450.0
1 376.0 451.0
1 457.0 451.0
1 551.0 451.0
1 390.0 452.0
1 404.0 452.0
1 557.0 452.0
1 576.0 452.0
1 427.0 453.0
1 700.0 453.0
1 562.0 454.0
1 610.0 455.0
1 416.0 456.0
1 370.0 457.0
1 567.0 459.0
1 395.0 460.0
1 650.0 460.0
1 669.0 461.0
1 678.0 463.0
1 387.0 464.0
1 535.0 464.0
1 341.0 465.0
1 457.0 466.0
1 507.0 466.0
1 517.0 467.0
1 684.0 467.0
1 699.0 468.0
1 647.0 469.0
1 370.0 470.0
1 574.0 470.0
1 662.0 470.0
1 422.0 471.0
1 595.0 471.0
1 491.0 472.0
1 600.0 472.0
1 480.0 474.0
1 403.0 476.0
1 469.0 476.0
1 379.0 477.0
1 655.0 477.0
1 419.0 478.0
1 636.0 478.0
1 668.0 478.0
1 456.0 479.0
1 527.0 480.0
1 700.0 480.0
1 392.0 481.0
1 487.0 481.0
1 347.0 482.0
1 359.0 482.0
1 648.0 482.0
1 681.0 482.0
1 633.0 483.0
1 693.0 484.0
1 384.0 485.0
1 574.0 486.0
1 621.0 486.0
1 423.0 487.0
1 997.0 487.0
1 320.0 489.0
1 400.0 489.0
1 466.0 489.0
1 475.0 490.0
1 413.0 491.0
1 456.0 491.0
1 514.0 491.0
1 632.0 491.0
1 667.0 491.0
1 461.0 492.0
1 609.0 492.0
1 648.0 492.0
1 335.0 495.0
1 557.0 495.0
1 363.0 496.0
1 392.0 496.0
1 696.0 497.0
1 397.0 498.0
1 473.0 498.0
1 586.0 498.0
1 676.0 498.0
1 575.0 499.0
1 512.0 503.0
1 536.0 503.0
1 690.0 503.0
1 327.0 504.0
1 482.0 504.0
1 559.0 504.0
1 620.0 504.0
1 647.0 505.0
1 671.0 506.0
1 574.0 507.0
1 534.0 508.0
1 691.0 508.0
1 395.0 509.0
1 476.0 511.0
1 334.0 512.0
1 416.0 512.0
1 539.0 512.0
1 299.0 514.0
1 692.0 514.0
1 431.0 515.0
1 559.0 515.0
1 574.0 515.0
1 622.0 515.0
1 635.0 516.0
1 312.0 517.0
1 615.0 517.0
1 660.0 517.0
1 415.0 519.0
1 605.0 519.0
1 403.0 520.0
1 574.0 520.0
1 322.0 521.0
1 336.0 521.0
1 427.0 521.0
1 305.0 524.0
1 541.0 524.0
1 619.0 524.0
1 687.0 524.0
1 452.0 526.0
1 574.0 526.0
1 315.0 527.0
1 661.0 527.0
1 614.0 528.0
1 506.0 529.0
1 457.0 530.0
1 432.0 531.0
1 594.0 531.0
1 411.0 532.0
1 422.0 533.0
1 544.0 535.0
1 278.0 536.0
1 431.0 536.0
1 678.0 536.0
1 291.0 537.0
1 575.0 539.0
1 617.0 539.0
1 689.0 539.0
1 478.0 540.0
1 629.0 540.0
1 662.0 542.0
1 563.0 544.0
1 413.0 545.0
1 283.0 546.0
1 589.0 546.0
1 686.0 546.0
1 576.0 547.0
1 616.0 547.0
1 674.0 548.0
1 525.0 550.0
1 600.0 550.0
1 417.0 552.0
1 544.0 552.0
1 647.0 552.0
1 685.0 552.0
1 434.0 554.0
1 481.0 555.0
1 467.0 557.0
1 561.0 557.0
1 267.0 559.0
1 418.0 560.0
1 482.0 560.0
1 452.0 561.0
1 657.0 561.0
1 577.0 562.0
1 613.0 562.0
1 677.0 562.0
1 544.0 566.0
1 597.0 566.0
1 437.0 567.0
1 669.0 568.0
1 554.0 570.0
1 426.0 571.0
1 458.0 571.0
1 516.0 572.0
1 543.0 572.0
1 627.0 573.0
1 62.0 576.0
1 656.0 576.0
1 487.0 577.0
1 611.0 577.0
1 442.0 578.0
1 526.0 578.0
1 511.0 580.0
1 633.0 580.0
1 428.0 581.0
1 456.0 581.0
1 545.0 582.0
1 609.0 582.0
1 678.0 583.0
1 581.0 585.0
1 627.0 585.0
1 655.0 586.0
1 471.0 587.0
1 559.0 588.0
1 545.0 589.0
1 526.0 590.0
1 281.0 591.0
1 286.0 591.0
1 448.0 591.0
1 583.0 592.0
1 439.0 593.0
1 490.0 593.0
1 513.0 593.0
1 625.0 593.0
1 670.0 594.0
1 638.0 597.0
1 467.0 598.0
1 490.0 598.0
1 280.0 599.0
1 608.0 599.0
1 450.0 600.0
1 585.0 600.0
1 505.0 604.0
1 547.0 604.0
1 563.0 606.0
1 610.0 606.0
1 439.0 607.0
1 454.0 609.0
1 547.0 609.0
1 585.0 609.0
1 651.0 609.0
1 493.0 612.0
1 669.0 614.0
1 518.0 616.0
1 567.0 616.0
1 630.0 617.0
1 548.0 618.0
1 608.0 619.0
1 451.0 623.0
1 663.0 624.0
1 572.0 628.0
1 511.0 629.0
1 237.0 630.0
1 464.0 630.0
1 604.0 630.0
1 549.0 631.0
1 231.0 632.0
1 499.0 632.0
1 519.0 632.0
1 191.0 633.0
1 648.0 633.0
1 226.0 635.0
1 466.0 635.0
1 588.0 636.0
1 485.0 637.0
1 534.0 637.0
1 453.0 638.0
1 647.0 638.0
1 475.0 642.0
1 503.0 642.0
1 578.0 642.0
1 657.0 642.0
1 518.0 645.0
1 622.0 647.0
1 655.0 647.0
1 551.0 648.0
1 602.0 648.0
1 590.0 650.0
1 579.0 652.0
1 467.0 653.0
1 584.0 653.0
1 654.0 653.0
1 569.0 654.0
1 590.0 656.0
1 552.0 657.0
1 535.0 658.0
1 601.0 658.0
1 508.0 659.0
1 478.0 661.0
1 591.0 661.0
1 641.0 663.0
1 647.0 663.0
1 493.0 664.0
1 578.0 665.0
1 636.0 668.0
1 648.0 668.0
1 510.0 670.0
1 528.0 671.0
1 491.0 673.0
1 554.0 673.0
1 598.0 674.0
1 620.0 674.0
1 475.0 678.0
1 575.0 679.0
1 555.0 682.0
1 516.0 687.0
1 497.0 688.0
1 594.0 691.0
1 504.0 693.0
1 520.0 694.0
1 535.0 697.0
1 542.0 697.0
1 564.0 700.0
1 516.0 701.0
1 524.0 703.0
1 546.0 710.0
1 520.0 712.0
