0 2 1 195.8681996888938
0 3 3 398.6016690829072
0 11 9 418.92703298692663
0 13 10 323.5530554995211
0 16 13 464.1754320947434
0 20 17 229.5704780298599
0 27 24 325.6293934146151
0 37 32 397.2196168609589
0 45 34 372.4837990949007
0 53 43 307.4108477417907
0 60 51 236.60034905047652
0 88 59 454.4084630421398
0 95 68 405.9547817637016
0 101 71 452.93572584094363
0 111 77 227.3775467665017
0 123 79 469.80109316885324
0 112 81 421.0233418137523
0 117 84 181.97829564991025
0 116 86 314.37826862196926
0 121 88 239.67761297485345
0 133 90 401.51271924201063
0 128 92 288.92997572447695
0 124 94 165.386215758362
0 134 95 222.8155571253511
0 136 99 362.1725496731487
0 143 104 430.6538586205739
0 158 105 301.32067887786656
0 180 130 374.1321614824336
0 178 138 315.7062248103473
0 186 147 256.1270943162104
0 201 163 401.14565456141895
0 214 165 390.4371702012563
0 217 173 374.14108886879364
0 220 175 386.4972139592878
0 226 179 417.2766526372039
0 225 181 318.9406523665788
0 227 184 241.96793825476544
0 235 187 308.0675022165536
0 237 196 374.8271414967088
0 241 200 480.3562670410899
0 231 202 451.6387036491289
0 261 203 406.3649539990234
0 245 208 404.7791651311016
0 253 211 189.71400786459998
0 254 214 367.6912739263627
0 248 215 374.0593816360991
0 251 216 229.17223812897763
0 270 221 192.12225308623243
0 294 225 307.1889941443138
0 256 226 441.3734464029658
0 271 228 158.09061188298034
0 262 230 330.36938097940055
0 273 231 437.74071091442846
0 264 234 300.40998980621055
0 279 238 283.2060804543393
0 275 239 415.630446687355
0 268 241 185.97372457997383
0 274 242 189.20348467349712
0 286 243 241.06135749404592
0 293 245 431.7761206456047
0 281 249 250.03265270841624
0 285 250 177.63880546350086
0 289 251 140.9335972482643
0 287 257 142.50298855760838
0 309 259 306.96482080608104
0 300 260 399.66368365967827
0 299 262 145.7927763594369
0 302 263 245.986005648207
0 305 266 342.5360983319317
0 301 267 150.76427616511015
0 313 268 290.9699622517424
0 292 269 256.504645178621
0 323 270 403.95695507249644
0 308 273 130.63428329871886
0 307 274 368.82421400806095
0 312 277 175.86543453779916
0 320 278 260.39754620728104
0 315 280 277.08352085267364
0 326 281 330.78475736174903
0 324 283 227.45953127833337
0 321 285 148.29125629370148
0 319 286 296.87199296448796
0 325 287 158.35756521181008
0 314 289 282.1825310792884
0 333 291 164.2404644449474
0 329 292 247.58452142219735
0 337 293 270.4394992299336
0 322 294 292.2595674711642
0 317 295 468.8647112723315
0 332 297 295.8546756278366
0 338 299 268.7755753640887
0 341 300 186.59498510050943
0 334 301 196.44847002955294
0 342 304 281.3538282796115
0 348 305 257.78400645765436
0 343 306 279.32276464542224
0 345 307 253.1300774920816
0 346 308 334.9923865439302
0 349 309 238.58739083935475
0 344 311 221.04133012546242
0 335 312 209.2354231746605
0 351 313 257.0529065281435
0 354 314 183.17945743679152
0 358 316 227.46255345765542
0 357 317 253.62689193520103
0 352 318 412.1986072966961
0 339 319 377.6221522272375
0 363 321 222.63819211675607
0 362 323 325.21771443530713
0 359 327 244.41285909467595
0 369 329 260.6284860766651
0 371 331 168.51118264259736
0 368 332 246.308897212614
0 366 333 249.18366554300047
0 372 335 248.4115936256602
0 355 336 311.21311823293627
0 373 339 278.0393580467593
0 374 340 264.15375606942007
0 361 341 191.87122412425072
0 380 343 242.09429867835416
0 381 350 272.39116406716965
0 383 351 242.27966095147514
0 364 352 254.95866719895713
0 392 353 286.72527109690276
0 389 354 287.10600547286106
0 396 356 191.52405384203013
0 391 359 190.4910352169415
0 382 360 279.2560469674094
0 394 361 421.05107823149785
0 395 364 276.9543273907308
0 402 367 318.0503727143327
0 407 368 217.68974686318393
0 388 370 276.567263690064
0 399 371 143.7608368714679
0 398 374 374.619869669601
0 405 377 361.12632855141817
0 400 378 329.6430177322554
0 403 379 317.5423068052867
0 410 381 414.3904538038211
0 411 382 393.19293063352296
0 415 385 313.85029700066093

0 469.0 25.0
0 372.0 42.0
0 368.0 53.0
0 119.0 60.0
0 388.0 60.0
0 463.0 60.0
0 461.0 66.0
0 256.0 68.0
0 461.0 72.0
0 134.0 73.0
0 141.0 80.0
0 360.0 81.0
0 456.0 84.0
0 148.0 86.0
0 251.0 88.0
0 261.0 88.0
0 139.0 89.0
0 154.0 92.0
0 349.0 92.0
0 354.0 92.0
0 501.0 92.0
0 514.0 95.0
0 566.0 96.0
0 353.0 98.0
0 162.0 99.0
0 264.0 101.0
0 441.0 102.0
0 150.0 103.0
0 257.0 104.0
0 436.0 105.0
0 334.0 106.0
0 431.0 106.0
0 171.0 107.0
0 422.0 113.0
0 159.0 114.0
0 249.0 114.0
0 258.0 114.0
0 413.0 115.0
0 233.0 116.0
0 344.0 116.0
0 336.0 117.0
0 270.0 121.0
0 399.0 121.0
0 164.0 122.0
0 33.0 124.0
0 395.0 127.0
0 258.0 128.0
0 390.0 129.0
0 456.0 129.0
0 235.0 131.0
0 172.0 132.0
0 184.0 132.0
0 251.0 132.0
0 263.0 134.0
0 484.0 136.0
0 227.0 137.0
0 390.0 137.0
0 373.0 138.0
0 204.0 139.0
0 192.0 142.0
0 237.0 144.0
0 458.0 144.0
0 364.0 145.0
0 185.0 147.0
0 421.0 149.0
0 236.0 152.0
0 261.0 154.0
0 315.0 154.0
0 205.0 155.0
0 474.0 155.0
0 285.0 157.0
0 192.0 158.0
0 246.0 158.0
0 431.0 159.0
0 238.0 160.0
0 312.0 164.0
0 238.0 165.0
0 214.0 166.0
0 265.0 166.0
0 233.0 169.0
0 201.0 170.0
0 277.0 170.0
0 257.0 172.0
0 241.0 174.0
0 223.0 176.0
0 280.0 176.0
0 191.0 180.0
0 179.0 182.0
0 184.0 182.0
0 453.0 182.0
0 209.0 184.0
0 283.0 184.0
0 230.0 185.0
0 260.0 185.0
0 319.0 185.0
0 172.0 187.0
0 336.0 189.0
0 216.0 190.0
0 479.0 191.0
0 238.0 192.0
0 246.0 192.0
0 400.0 193.0
0 267.0 194.0
0 284.0 194.0
0 206.0 197.0
0 224.0 198.0
0 248.0 198.0
0 554.0 200.0
0 390.0 201.0
0 196.0 202.0
0 239.0 202.0
0 322.0 202.0
0 249.0 203.0
0 268.0 203.0
0 447.0 203.0
0 230.0 204.0
0 283.0 204.0
0 300.0 204.0
0 209.0 206.0
0 481.0 206.0
0 189.0 208.0
0 197.0 211.0
0 217.0 211.0
0 392.0 211.0
0 253.0 212.0
0 384.0 212.0
0 185.0 213.0
0 240.0 214.0
0 283.0 216.0
0 295.0 217.0
0 309.0 217.0
0 326.0 217.0
0 191.0 219.0
0 363.0 219.0
0 448.0 219.0
0 206.0 220.0
0 397.0 220.0
0 229.0 221.0
0 247.0 221.0
0 258.0 221.0
0 379.0 222.0
0 324.0 224.0
0 358.0 224.0
0 559.0 225.0
0 570.0 225.0
0 287.0 226.0
0 495.0 226.0
0 234.0 227.0
0 295.0 227.0
0 183.0 228.0
0 199.0 228.0
0 191.0 229.0
0 479.0 229.0
0 124.0 230.0
0 274.0 230.0
0 217.0 231.0
0 347.0 231.0
0 495.0 231.0
0 368.0 232.0
0 226.0 233.0
0 387.0 233.0
0 208.0 234.0
0 185.0 235.0
0 239.0 235.0
0 287.0 235.0
0 305.0 236.0
0 265.0 237.0
0 140.0 238.0
0 361.0 238.0
0 380.0 238.0
0 318.0 239.0
0 183.0 242.0
0 295.0 242.0
0 205.0 243.0
0 356.0 243.0
0 272.0 244.0
0 286.0 244.0
0 327.0 244.0
0 534.0 244.0
0 221.0 245.0
0 346.0 245.0
0 183.0 247.0
0 301.0 247.0
0 368.0 249.0
0 199.0 250.0
0 379.0 251.0
0 546.0 252.0
0 254.0 253.0
0 335.0 253.0
0 273.0 255.0
0 311.0 255.0
0 186.0 256.0
0 235.0 256.0
0 295.0 256.0
0 56.0 257.0
0 207.0 257.0
0 216.0 257.0
0 226.0 257.0
0 324.0 258.0
0 301.0 261.0
0 196.0 262.0
0 357.0 262.0
0 284.0 263.0
0 167.0 264.0
0 226.0 264.0
0 558.0 264.0
0 47.0 265.0
0 187.0 265.0
0 272.0 266.0
0 344.0 266.0
0 375.0 266.0
0 217.0 267.0
0 240.0 268.0
0 256.0 268.0
0 319.0 268.0
0 208.0 270.0
0 235.0 271.0
0 292.0 271.0
0 356.0 271.0
0 177.0 272.0
0 37.0 273.0
0 196.0 273.0
0 365.0 274.0
0 555.0 274.0
0 344.0 275.0
0 155.0 277.0
0 302.0 277.0
0 374.0 277.0
0 213.0 279.0
0 237.0 279.0
0 245.0 279.0
0 270.0 279.0
0 335.0 279.0
0 355.0 279.0
0 199.0 280.0
0 322.0 280.0
0 179.0 281.0
0 344.0 281.0
0 301.0 282.0
0 310.0 282.0
0 373.0 282.0
0 269.0 285.0
0 292.0 286.0
0 328.0 286.0
0 236.0 287.0
0 301.0 287.0
0 371.0 287.0
0 343.0 288.0
0 203.0 289.0
0 213.0 290.0
0 246.0 290.0
0 281.0 290.0
0 544.0 290.0
0 22.0 291.0
0 142.0 291.0
0 236.0 292.0
0 370.0 292.0
0 222.0 293.0
0 300.0 293.0
0 163.0 294.0
0 351.0 294.0
0 20.0 296.0
0 279.0 296.0
0 326.0 298.0
0 599.0 298.0
0 151.0 299.0
0 300.0 299.0
0 234.0 300.0
0 262.0 300.0
0 211.0 301.0
0 220.0 302.0
0 313.0 302.0
0 131.0 303.0
0 282.0 303.0
0 247.0 306.0
0 353.0 308.0
0 368.0 308.0
0 213.0 309.0
0 300.0 309.0
0 153.0 310.0
0 326.0 310.0
0 248.0 311.0
0 317.0 312.0
0 274.0 313.0
0 279.0 313.0
0 284.0 313.0
0 344.0 313.0
0 223.0 314.0
0 250.0 316.0
0 292.0 316.0
0 331.0 316.0
0 232.0 318.0
0 216.0 319.0
0 301.0 319.0
0 350.0 319.0
0 363.0 319.0
0 8.0 320.0
0 324.0 320.0
0 316.0 321.0
0 226.0 323.0
0 285.0 323.0
0 238.0 324.0
0 9.0 325.0
0 221.0 325.0
0 271.0 325.0
0 253.0 328.0
0 235.0 329.0
0 323.0 330.0
0 335.0 330.0
0 223.0 331.0
0 364.0 331.0
0 302.0 332.0
0 349.0 332.0
0 244.0 333.0
0 286.0 334.0
0 134.0 335.0
0 227.0 336.0
0 255.0 338.0
0 303.0 338.0
0 359.0 338.0
0 129.0 339.0
0 242.0 339.0
0 287.0 339.0
0 323.0 340.0
0 339.0 340.0
0 256.0 343.0
0 263.0 343.0
0 274.0 343.0
0 359.0 343.0
0 303.0 344.0
0 124.0 345.0
0 229.0 345.0
0 236.0 345.0
0 287.0 345.0
0 348.0 347.0
0 257.0 348.0
0 359.0 348.0
0 304.0 349.0
0 271.0 350.0
0 287.0 350.0
0 322.0 351.0
0 335.0 351.0
0 111.0 353.0
0 234.0 354.0
0 355.0 355.0
0 79.0 358.0
0 288.0 358.0
0 297.0 358.0
0 320.0 358.0
0 99.0 359.0
0 242.0 359.0
0 271.0 359.0
0 345.0 361.0
0 237.0 362.0
0 306.0 362.0
0 319.0 363.0
0 262.0 364.0
0 319.0 368.0
0 330.0 368.0
0 290.0 369.0
0 350.0 370.0
0 304.0 371.0
0 244.0 372.0
0 281.0 373.0
0 319.0 373.0
0 257.0 376.0
0 308.0 376.0
0 291.0 378.0
0 266.0 379.0
0 317.0 379.0
0 346.0 379.0
0 277.0 381.0
0 341.0 382.0
0 330.0 383.0
0 248.0 384.0
0 317.0 384.0
0 303.0 385.0
0 292.0 386.0
0 331.0 388.0
0 259.0 391.0
0 264.0 392.0
0 314.0 393.0
0 271.0 394.0
0 297.0 398.0
0 273.0 403.0
0 287.0 403.0
1 610.0 29.0
1 306.0 30.0
1 397.0 31.0
1 150.0 47.0
1 451.0 52.0
1 162.0 53.0
1 212.0 53.0
1 247.0 53.0
1 415.0 53.0
1 265.0 64.0
1 598.0 66.0
1 177.0 67.0
1 594.0 72.0
1 189.0 76.0
1 272.0 80.0
1 288.0 81.0
1 199.0 84.0
1 295.0 88.0
1 194.0 89.0
1 580.0 89.0
1 209.0 92.0
1 197.0 94.0
1 567.0 94.0
1 578.0 94.0
1 284.0 96.0
1 303.0 97.0
1 569.0 99.0
1 220.0 100.0
1 297.0 100.0
1 564.0 101.0
1 343.0 102.0
1 552.0 103.0
1 559.0 104.0
1 216.0 107.0
1 314.0 108.0
1 211.0 109.0
1 539.0 109.0
1 233.0 110.0
1 307.0 112.0
1 329.0 114.0
1 416.0 115.0
1 524.0 117.0
1 244.0 119.0
1 541.0 119.0
1 324.0 120.0
1 223.0 121.0
1 397.0 125.0
1 509.0 125.0
1 575.0 126.0
1 255.0 128.0
1 558.0 129.0
1 243.0 130.0
1 333.0 130.0
1 233.0 131.0
1 497.0 132.0
1 578.0 132.0
1 541.0 133.0
1 324.0 136.0
1 586.0 137.0
1 23.0 138.0
1 249.0 138.0
1 523.0 138.0
1 267.0 139.0
1 389.0 140.0
1 484.0 140.0
1 540.0 140.0
1 68.0 141.0
1 325.0 141.0
1 527.0 144.0
1 394.0 145.0
1 504.0 145.0
1 545.0 146.0
1 329.0 147.0
1 473.0 147.0
1 381.0 148.0
1 279.0 149.0
1 508.0 151.0
1 334.0 152.0
1 380.0 153.0
1 461.0 154.0
1 488.0 154.0
1 512.0 157.0
1 289.0 158.0
1 379.0 158.0
1 351.0 159.0
1 340.0 160.0
1 474.0 161.0
1 450.0 162.0
1 283.0 163.0
1 288.0 163.0
1 378.0 164.0
1 275.0 166.0
1 396.0 166.0
1 299.0 167.0
1 80.0 168.0
1 289.0 168.0
1 356.0 169.0
1 439.0 170.0
1 461.0 171.0
1 245.0 174.0
1 308.0 176.0
1 282.0 177.0
1 483.0 177.0
1 301.0 179.0
1 428.0 179.0
1 397.0 180.0
1 448.0 180.0
1 628.0 181.0
1 485.0 182.0
1 317.0 183.0
1 416.0 188.0
1 313.0 189.0
1 398.0 189.0
1 437.0 190.0
1 473.0 190.0
1 368.0 192.0
1 227.0 197.0
1 321.0 197.0
1 237.0 198.0
1 219.0 199.0
1 427.0 199.0
1 214.0 200.0
1 251.0 200.0
1 342.0 200.0
1 398.0 202.0
1 463.0 202.0
1 262.0 203.0
1 476.0 203.0
1 331.0 204.0
1 349.0 206.0
1 417.0 207.0
1 447.0 207.0
1 275.0 208.0
1 313.0 208.0
1 197.0 209.0
1 261.0 209.0
1 338.0 210.0
1 428.0 210.0
1 371.0 212.0
1 471.0 212.0
1 489.0 212.0
1 285.0 213.0
1 440.0 214.0
1 261.0 215.0
1 338.0 215.0
1 404.0 215.0
1 382.0 216.0
1 347.0 217.0
1 326.0 218.0
1 480.0 219.0
1 259.0 220.0
1 25.0 222.0
1 386.0 222.0
1 437.0 222.0
1 272.0 223.0
1 414.0 223.0
1 304.0 224.0
1 492.0 224.0
1 336.0 225.0
1 282.0 226.0
1 309.0 226.0
1 359.0 226.0
1 395.0 226.0
1 376.0 227.0
1 407.0 228.0
1 387.0 229.0
1 263.0 231.0
1 426.0 231.0
1 290.0 232.0
1 349.0 232.0
1 21.0 233.0
1 320.0 233.0
1 388.0 234.0
1 400.0 234.0
1 362.0 235.0
1 377.0 235.0
1 480.0 235.0
1 264.0 236.0
1 341.0 236.0
1 299.0 237.0
1 444.0 240.0
1 278.0 241.0
1 305.0 241.0
1 389.0 242.0
1 454.0 242.0
1 287.0 243.0
1 336.0 244.0
1 361.0 245.0
1 408.0 245.0
1 485.0 246.0
1 268.0 247.0
1 461.0 247.0
1 473.0 247.0
1 287.0 248.0
1 449.0 249.0
1 281.0 250.0
1 348.0 251.0
1 400.0 251.0
1 298.0 252.0
1 367.0 253.0
1 429.0 253.0
1 321.0 254.0
1 379.0 256.0
1 311.0 257.0
1 272.0 258.0
1 368.0 258.0
1 391.0 258.0
1 455.0 258.0
1 468.0 258.0
1 288.0 259.0
1 337.0 260.0
1 350.0 260.0
1 410.0 260.0
1 421.0 260.0
1 432.0 260.0
1 300.0 262.0
1 456.0 263.0
1 286.0 264.0
1 331.0 264.0
1 368.0 264.0
1 360.0 266.0
1 392.0 267.0
1 412.0 268.0
1 456.0 268.0
1 312.0 270.0
1 273.0 271.0
1 325.0 271.0
1 285.0 272.0
1 393.0 272.0
1 425.0 272.0
1 466.0 272.0
1 372.0 273.0
1 430.0 273.0
1 457.0 273.0
1 477.0 273.0
1 350.0 274.0
1 442.0 277.0
1 312.0 278.0
1 329.0 278.0
1 394.0 280.0
1 302.0 281.0
1 276.0 282.0
1 453.0 282.0
1 319.0 283.0
1 338.0 283.0
1 370.0 283.0
1 402.0 283.0
1 477.0 284.0
1 294.0 285.0
1 344.0 285.0
1 270.0 287.0
1 328.0 288.0
1 286.0 289.0
1 311.0 289.0
1 416.0 289.0
1 447.0 289.0
1 394.0 290.0
1 404.0 290.0
1 466.0 290.0
1 301.0 291.0
1 382.0 291.0
1 265.0 292.0
1 340.0 292.0
1 458.0 294.0
1 293.0 296.0
1 315.0 296.0
1 432.0 296.0
1 476.0 296.0
1 354.0 297.0
1 437.0 297.0
1 282.0 298.0
1 304.0 299.0
1 259.0 300.0
1 373.0 300.0
1 381.0 300.0
1 416.0 300.0
1 468.0 300.0
1 408.0 301.0
1 447.0 301.0
1 395.0 302.0
1 270.0 304.0
1 296.0 304.0
1 455.0 304.0
1 487.0 304.0
1 254.0 307.0
1 348.0 307.0
1 440.0 307.0
1 318.0 308.0
1 460.0 308.0
1 375.0 309.0
1 410.0 309.0
1 429.0 309.0
1 286.0 310.0
1 403.0 311.0
1 249.0 313.0
1 309.0 313.0
1 397.0 313.0
1 421.0 313.0
1 498.0 313.0
1 374.0 315.0
1 446.0 316.0
1 327.0 317.0
1 428.0 317.0
1 457.0 317.0
1 491.0 317.0
1 396.0 318.0
1 255.0 320.0
1 348.0 320.0
1 375.0 320.0
1 260.0 321.0
1 484.0 322.0
1 396.0 323.0
1 287.0 324.0
1 366.0 324.0
1 386.0 324.0
1 436.0 324.0
1 509.0 324.0
1 454.0 325.0
1 409.0 326.0
1 426.0 326.0
1 396.0 328.0
1 378.0 329.0
1 440.0 329.0
1 300.0 330.0
1 367.0 330.0
1 314.0 331.0
1 350.0 332.0
1 358.0 332.0
1 449.0 332.0
1 293.0 335.0
1 429.0 335.0
1 518.0 335.0
1 412.0 336.0
1 326.0 337.0
1 334.0 338.0
1 437.0 338.0
1 400.0 339.0
1 395.0 340.0
1 310.0 341.0
1 445.0 341.0
1 351.0 342.0
1 378.0 342.0
1 369.0 344.0
1 315.0 345.0
1 396.0 345.0
1 415.0 345.0
1 429.0 345.0
1 244.0 347.0
1 351.0 347.0
1 296.0 348.0
1 526.0 348.0
1 334.0 349.0
1 401.0 349.0
1 315.0 350.0
1 379.0 350.0
1 443.0 350.0
1 514.0 351.0
1 352.0 353.0
1 301.0 354.0
1 366.0 355.0
1 371.0 355.0
1 414.0 355.0
1 422.0 356.0
1 330.0 357.0
1 438.0 357.0
1 342.0 358.0
1 380.0 359.0
1 403.0 359.0
1 313.0 360.0
1 395.0 361.0
1 523.0 361.0
1 301.0 363.0
1 352.0 363.0
1 372.0 364.0
1 412.0 364.0
1 319.0 365.0
1 403.0 367.0
1 343.0 369.0
1 380.0 369.0
1 419.0 369.0
1 307.0 371.0
1 331.0 372.0
1 431.0 372.0
1 354.0 373.0
1 511.0 373.0
1 534.0 373.0
1 367.0 375.0
1 516.0 376.0
1 430.0 377.0
1 404.0 378.0
1 323.0 379.0
1 380.0 379.0
1 312.0 382.0
1 346.0 382.0
1 392.0 382.0
1 415.0 382.0
1 355.0 385.0
1 406.0 386.0
1 316.0 387.0
1 366.0 389.0
1 418.0 390.0
1 397.0 391.0
1 378.0 394.0
1 328.0 395.0
1 389.0 396.0
1 398.0 396.0
1 407.0 396.0
1 356.0 398.0
1 285.0 401.0
1 398.0 401.0
1 412.0 401.0
1 368.0 403.0
1 405.0 406.0
1 386.0 408.0
1 398.0 408.0
1 356.0 412.0
1 377.0 413.0
1 375.0 418.0
1 212.0 420.0
1 384.0 420.0
1 404.0 425.0
1 381.0 432.0
1 399.0 436.0
1 204.0 444.0
1 373.0 445.0
