0 2 5 202.45975112867717
0 5 14 371.4701244066811
0 8 18 383.3828732641934
0 10 20 322.0913069199592
0 13 23 264.6400310175512
0 14 27 131.0737305828491
0 17 28 313.33708665628325
0 16 30 239.6059527538049
0 26 32 373.91049018595106
0 22 38 477.93420676676845
0 27 39 278.6128490400128
0 41 46 399.9723453569046
0 32 47 227.2818265816065
0 35 48 294.29372738984716
0 30 49 120.3607403916032
0 39 50 413.4369594378887
0 52 51 400.46203993004116
0 36 52 391.7397379788269
0 43 53 215.8944499871124
0 57 55 146.29696515095415
0 63 59 346.7525052530458
0 50 60 265.1407114630752
0 45 62 131.35052468288617
0 49 63 193.3824561710882
0 70 68 489.67233572988135
0 69 70 310.2985537835887
0 58 72 203.19187717713595
0 64 73 333.0094190016178
0 66 74 493.55995946723743
0 73 75 339.49680975857126
0 71 77 217.14639758997393
0 81 78 316.77552833397607
0 62 80 233.87431435261234
0 75 83 404.52465258122265
0 68 88 178.25567954892767
0 65 90 158.41390602570337
0 82 91 213.47130771091392
0 76 101 386.193434450856
0 78 106 144.93742769743895
0 98 109 394.61721482205235
0 95 112 249.70597005695296
0 85 113 301.32241064882714
0 84 116 266.96017002997354
0 103 123 246.81045687886106
0 100 124 125.50671834192326
0 87 125 181.29708576548217
0 102 127 241.61144420204087
0 107 129 171.8691950587295
0 110 138 148.82197352942063
0 101 141 131.26650003434776
0 116 143 416.63747071506157
0 112 144 308.63933418502245
0 124 147 439.2694271354495
0 115 148 202.22924222266084
0 108 152 136.1707211639058
0 130 161 403.25316825892577
0 118 162 166.57268674005354
0 126 163 233.70998506334234
0 123 167 170.74324615196574
0 143 178 318.30966595370296
0 134 181 153.8756218184513
0 149 183 333.93708082996534
0 146 185 358.8510113716683
0 167 186 461.21171323018257
0 141 187 190.7453594174093
0 139 188 210.9710181713536
0 166 189 454.13361634324013
0 148 192 339.6043236496641
0 155 193 215.8988813025058
0 170 196 334.2359533605701
0 153 197 395.3917201651541
0 171 199 464.2190359589419
0 164 202 250.66680890409273
0 157 203 282.70416864905565
0 222 205 350.22848999125955
0 177 206 442.67159965926044
0 160 208 142.1660739696397
0 175 213 171.09337323319073
0 184 214 299.42549131642454
0 205 215 397.9102686778779
0 194 216 350.3076505959507
0 183 219 461.87459703150904
0 168 222 169.41629431140387
0 188 223 228.3531562608547
0 180 224 201.40086864035456
0 195 231 278.61495425796534
0 191 237 228.1944585653939
0 198 240 303.391605761274
0 213 242 269.5987422208338
0 196 244 412.38320911341145
0 255 251 312.9936297652233
0 203 252 351.61904159109076
0 201 253 165.69715114591483
0 231 263 403.7480437200775
0 241 264 408.15526389317495
0 210 273 344.89639262383076
0 212 274 142.72379197184114
0 245 285 431.04523720028965
0 219 292 335.83959016767545
0 226 303 474.9761941667038
0 311 321 432.51364026488505
0 322 347 218.0669884793302
0 340 365 481.7157669509969
0 319 400 302.2675903032393
0 329 404 392.14939958812806
0 324 405 254.07307115294643
0 341 412 280.51163915201204
0 349 413 400.8575186935611
0 348 417 289.7239550117696
0 366 422 421.40719481291774
0 374 424 406.405066808165
0 365 435 361.2008886844089
0 370 447 320.6532779671872
0 402 453 309.40438348277297
0 378 455 436.35925738733096
0 388 456 370.9405422710789
0 419 460 393.43953820637546
0 377 466 247.020043452117
0 405 467 237.8914667655635
0 435 472 370.93984515224105
0 390 473 260.2957577705863
0 384 475 455.16077702434836
0 404 476 283.9072904108108
0 418 477 223.89432996277304
0 421 481 257.72981316557326
0 431 482 286.10971177934175
0 420 483 285.3026635926637
0 413 485 238.48342584983772
0 458 487 484.85171457695844
0 414 488 228.10828375777623
0 428 495 200.10741754784797
0 427 501 333.53096035780015
0 448 503 348.54182816841103
0 454 506 346.07657214299957
0 446 515 346.65198557828944
0 455 516 221.56758401139138
0 434 518 330.4519236753927
0 456 521 206.26683111737964
0 459 529 265.16042773775956
0 471 530 270.1000719393594
0 447 534 305.2947401980123
0 460 537 487.61213870333376
0 511 538 490.2957210508389
0 475 545 366.94497580342136
0 468 547 428.44851830341224
0 482 550 204.44345929184902
0 479 551 357.5774561793691
0 493 553 399.3419523468863
0 490 557 187.97375594335966
0 508 561 428.32106024755853
0 497 565 276.12241691973173
0 485 567 321.2642217236503
0 492 568 352.23826511293595
0 505 569 275.1663326837368
0 488 571 214.86836104438228
0 501 574 379.8624547465837
0 514 575 356.2928185102535
0 516 577 303.6648547524377
0 532 580 427.69204708120884
0 507 581 210.9533113534976
0 518 583 179.40292327723228
0 522 585 311.858423266194
0 550 586 482.3050763845897
0 523 590 369.41827664420066
0 528 600 438.39979471750337
0 520 602 400.5441667552502
0 526 607 157.35913926212393
0 557 609 368.26523887159993
0 524 613 297.3476108683167
0 534 616 253.31483033016872
0 538 617 412.21964781067186
0 542 619 118.7998880348307
0 549 622 333.6661798071018
0 552 623 394.58180793612644
0 548 627 490.9367130093115
0 543 630 280.53678032799826
0 551 633 423.02668201968754
0 556 634 232.7118263093582
0 560 638 450.0768349358356
0 568 639 266.9764616741263
0 558 640 111.13538065249149
0 572 644 354.8942549521834
0 559 645 159.5917274390647
0 567 651 132.36260781196782
0 578 653 383.9511097410463
0 577 654 448.608694559356
0 576 659 463.2880560715752
0 580 663 231.6664504501917
0 573 664 227.4359887841082
0 591 666 466.77517234318293
0 595 669 312.31559757768184
0 586 672 225.68092662908504
0 588 677 136.9618518355852
0 583 678 196.02413903899517
0 619 679 499.0979419874906
0 575 680 325.67705431158396
0 590 685 252.72437039272023
0 614 688 315.61787984156666
0 601 689 193.04772487492102
0 606 698 296.6516825045659
0 621 700 455.5424763724493
0 611 702 310.5389475924842
0 634 710 474.28817052556207

0 1081.0 50.0
0 704.0 54.0
0 542.0 55.0
0 1074.0 60.0
0 1071.0 69.0
0 266.0 83.0
0 407.0 87.0
0 283.0 91.0
0 1063.0 91.0
0 735.0 93.0
0 799.0 93.0
0 435.0 94.0
0 275.0 98.0
0 463.0 106.0
0 315.0 118.0
0 486.0 122.0
0 1057.0 130.0
0 497.0 132.0
0 334.0 133.0
0 510.0 144.0
0 353.0 148.0
0 600.0 150.0
0 1043.0 150.0
0 341.0 154.0
0 523.0 156.0
0 495.0 157.0
0 686.0 160.0
0 357.0 163.0
0 371.0 163.0
0 1014.0 163.0
0 348.0 166.0
0 517.0 166.0
0 1004.0 168.0
0 1027.0 168.0
0 504.0 171.0
0 757.0 172.0
0 539.0 173.0
0 685.0 173.0
0 524.0 174.0
0 392.0 177.0
0 369.0 179.0
0 607.0 179.0
0 702.0 179.0
0 529.0 180.0
0 992.0 180.0
0 1010.0 181.0
0 978.0 183.0
0 365.0 187.0
0 515.0 187.0
0 380.0 188.0
0 556.0 192.0
0 956.0 193.0
0 413.0 195.0
0 540.0 195.0
0 580.0 200.0
0 544.0 201.0
0 588.0 204.0
0 736.0 206.0
0 929.0 206.0
0 528.0 207.0
0 433.0 211.0
0 573.0 211.0
0 409.0 214.0
0 396.0 215.0
0 435.0 216.0
0 595.0 217.0
0 703.0 219.0
0 425.0 220.0
0 901.0 221.0
0 728.0 223.0
0 702.0 224.0
0 1019.0 224.0
0 432.0 226.0
0 453.0 227.0
0 587.0 227.0
0 542.0 228.0
0 988.0 229.0
0 418.0 231.0
0 903.0 231.0
0 916.0 231.0
0 412.0 232.0
0 602.0 233.0
0 880.0 233.0
0 457.0 234.0
0 591.0 235.0
0 909.0 237.0
0 959.0 237.0
0 996.0 237.0
0 447.0 238.0
0 721.0 239.0
0 438.0 240.0
0 573.0 240.0
0 1040.0 244.0
0 41.0 245.0
0 928.0 245.0
0 456.0 246.0
0 474.0 246.0
0 688.0 248.0
0 858.0 248.0
0 957.0 248.0
0 577.0 249.0
0 609.0 250.0
0 890.0 250.0
0 557.0 251.0
0 674.0 251.0
0 699.0 252.0
0 465.0 254.0
0 894.0 255.0
0 934.0 255.0
0 699.0 257.0
0 713.0 257.0
0 838.0 259.0
0 584.0 261.0
0 494.0 263.0
0 680.0 263.0
0 879.0 263.0
0 478.0 265.0
0 906.0 265.0
0 615.0 266.0
0 690.0 267.0
0 898.0 267.0
0 671.0 269.0
0 710.0 269.0
0 592.0 270.0
0 583.0 271.0
0 484.0 272.0
0 465.0 273.0
0 571.0 273.0
0 816.0 273.0
0 609.0 274.0
0 672.0 278.0
0 826.0 278.0
0 868.0 278.0
0 599.0 279.0
0 513.0 280.0
0 445.0 282.0
0 621.0 282.0
0 822.0 284.0
0 602.0 285.0
0 703.0 287.0
0 796.0 287.0
0 502.0 288.0
0 220.0 290.0
0 669.0 290.0
0 521.0 291.0
0 840.0 292.0
0 703.0 293.0
0 808.0 293.0
0 488.0 295.0
0 530.0 295.0
0 585.0 295.0
0 615.0 295.0
0 512.0 297.0
0 142.0 298.0
0 703.0 298.0
0 631.0 300.0
0 776.0 302.0
0 811.0 303.0
0 500.0 305.0
0 818.0 306.0
0 790.0 307.0
0 546.0 310.0
0 527.0 312.0
0 505.0 313.0
0 780.0 314.0
0 633.0 316.0
0 757.0 317.0
0 535.0 319.0
0 660.0 319.0
0 858.0 319.0
0 599.0 320.0
0 705.0 320.0
0 793.0 320.0
0 561.0 322.0
0 644.0 324.0
0 769.0 324.0
0 860.0 324.0
0 865.0 326.0
0 638.0 330.0
0 761.0 330.0
0 753.0 331.0
0 550.0 332.0
0 736.0 333.0
0 524.0 334.0
0 704.0 336.0
0 578.0 337.0
0 773.0 337.0
0 565.0 338.0
0 557.0 339.0
0 653.0 342.0
0 643.0 343.0
0 534.0 344.0
0 403.0 348.0
0 569.0 348.0
0 421.0 350.0
0 715.0 350.0
0 539.0 351.0
0 385.0 353.0
0 443.0 354.0
0 600.0 354.0
0 754.0 354.0
0 380.0 355.0
0 578.0 355.0
0 375.0 357.0
0 648.0 357.0
0 821.0 358.0
0 704.0 359.0
0 465.0 360.0
0 388.0 361.0
0 808.0 361.0
0 842.0 361.0
0 722.0 362.0
0 853.0 362.0
0 587.0 363.0
0 606.0 364.0
0 620.0 367.0
0 737.0 367.0
0 551.0 368.0
0 790.0 368.0
0 488.0 369.0
0 556.0 370.0
0 855.0 370.0
0 349.0 372.0
0 598.0 372.0
0 448.0 373.0
0 588.0 374.0
0 757.0 374.0
0 561.0 375.0
0 658.0 376.0
0 799.0 376.0
0 866.0 376.0
0 505.0 377.0
0 572.0 377.0
0 833.0 377.0
0 459.0 379.0
0 545.0 379.0
0 843.0 379.0
0 465.0 380.0
0 779.0 380.0
0 715.0 381.0
0 591.0 383.0
0 676.0 383.0
0 732.0 383.0
0 790.0 383.0
0 615.0 384.0
0 476.0 385.0
0 599.0 385.0
0 850.0 386.0
0 524.0 387.0
0 541.0 387.0
0 578.0 387.0
0 865.0 387.0
0 459.0 388.0
0 494.0 389.0
0 663.0 389.0
0 587.0 390.0
0 635.0 390.0
0 696.0 390.0
0 683.0 391.0
0 852.0 392.0
0 774.0 393.0
0 818.0 393.0
0 537.0 395.0
0 714.0 395.0
0 732.0 395.0
0 483.0 396.0
0 578.0 398.0
0 594.0 398.0
0 872.0 398.0
0 545.0 399.0
0 636.0 399.0
0 705.0 399.0
0 726.0 399.0
0 499.0 400.0
0 512.0 400.0
0 721.0 403.0
0 666.0 404.0
0 580.0 405.0
0 685.0 405.0
0 554.0 406.0
0 467.0 408.0
0 501.0 408.0
0 756.0 408.0
0 514.0 409.0
0 491.0 410.0
0 618.0 410.0
0 802.0 410.0
0 563.0 411.0
0 596.0 411.0
0 530.0 412.0
0 711.0 412.0
0 867.0 412.0
0 474.0 413.0
0 640.0 413.0
0 776.0 413.0
0 521.0 414.0
0 687.0 414.0
0 658.0 415.0
0 851.0 415.0
0 510.0 416.0
0 484.0 417.0
0 668.0 417.0
0 575.0 418.0
0 468.0 419.0
0 501.0 420.0
0 531.0 420.0
0 641.0 420.0
0 603.0 421.0
0 705.0 421.0
0 740.0 421.0
0 762.0 422.0
0 791.0 422.0
0 519.0 423.0
0 468.0 424.0
0 507.0 426.0
0 524.0 426.0
0 706.0 426.0
0 492.0 427.0
0 477.0 428.0
0 541.0 428.0
0 666.0 428.0
0 783.0 428.0
0 805.0 428.0
0 659.0 430.0
0 688.0 430.0
0 643.0 431.0
0 519.0 433.0
0 596.0 433.0
0 610.0 433.0
0 509.0 434.0
0 638.0 434.0
0 723.0 434.0
0 855.0 434.0
0 568.0 435.0
0 847.0 436.0
0 861.0 436.0
0 496.0 437.0
0 532.0 437.0
0 800.0 437.0
0 837.0 437.0
0 483.0 438.0
0 527.0 438.0
0 817.0 439.0
0 509.0 440.0
0 559.0 440.0
0 672.0 440.0
0 769.0 440.0
0 793.0 441.0
0 498.0 442.0
0 518.0 442.0
0 617.0 445.0
0 729.0 445.0
0 509.0 446.0
0 708.0 446.0
0 497.0 447.0
0 528.0 447.0
0 649.0 449.0
0 664.0 449.0
0 834.0 449.0
0 570.0 450.0
0 528.0 452.0
0 516.0 453.0
0 814.0 453.0
0 496.0 454.0
0 672.0 454.0
0 803.0 454.0
0 33.0 456.0
0 550.0 456.0
0 481.0 457.0
0 828.0 457.0
0 510.0 458.0
0 692.0 458.0
0 747.0 459.0
0 627.0 460.0
0 765.0 460.0
0 500.0 461.0
0 618.0 461.0
0 728.0 461.0
0 835.0 461.0
0 651.0 462.0
0 816.0 463.0
0 531.0 464.0
0 517.0 465.0
0 598.0 466.0
0 807.0 466.0
0 825.0 466.0
0 652.0 467.0
0 587.0 468.0
0 500.0 470.0
0 509.0 470.0
0 694.0 471.0
0 822.0 471.0
0 523.0 472.0
0 622.0 472.0
0 639.0 472.0
0 538.0 473.0
0 572.0 473.0
0 836.0 474.0
0 605.0 475.0
0 741.0 475.0
0 514.0 476.0
0 728.0 476.0
0 696.0 477.0
0 815.0 478.0
0 483.0 481.0
0 554.0 481.0
0 747.0 481.0
0 575.0 482.0
0 697.0 482.0
0 826.0 482.0
0 843.0 482.0
0 658.0 483.0
0 503.0 484.0
0 761.0 484.0
0 618.0 485.0
0 809.0 485.0
0 493.0 487.0
0 498.0 488.0
0 579.0 488.0
0 603.0 488.0
0 608.0 488.0
0 819.0 489.0
0 572.0 491.0
0 535.0 492.0
0 783.0 492.0
0 552.0 493.0
0 757.0 494.0
0 584.0 496.0
0 836.0 496.0
0 616.0 497.0
0 813.0 498.0
0 818.0 499.0
0 489.0 500.0
0 535.0 500.0
0 802.0 500.0
0 563.0 501.0
0 600.0 501.0
0 698.0 501.0
0 520.0 502.0
0 658.0 502.0
0 711.0 502.0
0 735.0 502.0
0 767.0 503.0
0 845.0 503.0
0 781.0 504.0
0 822.0 504.0
0 610.0 506.0
0 478.0 507.0
0 834.0 507.0
0 527.0 508.0
0 724.0 508.0
0 814.0 508.0
0 653.0 509.0
0 792.0 510.0
0 582.0 511.0
0 551.0 512.0
0 737.0 512.0
0 835.0 512.0
0 507.0 513.0
0 587.0 513.0
0 800.0 514.0
0 824.0 514.0
0 532.0 515.0
0 674.0 515.0
0 698.0 515.0
0 682.0 516.0
0 712.0 516.0
0 755.0 517.0
0 469.0 519.0
0 542.0 519.0
0 602.0 519.0
0 784.0 522.0
0 813.0 522.0
0 518.0 523.0
0 661.0 523.0
0 495.0 524.0
0 558.0 524.0
0 766.0 524.0
0 843.0 525.0
0 630.0 527.0
0 501.0 529.0
0 539.0 529.0
0 776.0 529.0
0 460.0 531.0
0 675.0 531.0
0 511.0 532.0
0 737.0 532.0
0 829.0 532.0
0 519.0 533.0
0 661.0 533.0
0 723.0 533.0
0 807.0 533.0
0 699.0 535.0
0 711.0 535.0
0 793.0 535.0
0 525.0 538.0
0 622.0 538.0
0 778.0 538.0
0 479.0 539.0
0 862.0 539.0
0 711.0 540.0
0 503.0 541.0
0 544.0 542.0
0 805.0 542.0
0 449.0 544.0
0 615.0 544.0
0 565.0 547.0
0 726.0 547.0
0 815.0 547.0
0 762.0 548.0
0 852.0 548.0
0 578.0 549.0
0 664.0 549.0
0 700.0 549.0
0 836.0 549.0
0 508.0 550.0
0 780.0 550.0
0 715.0 551.0
0 541.0 552.0
0 768.0 553.0
0 860.0 553.0
0 442.0 554.0
0 549.0 554.0
0 700.0 554.0
0 804.0 554.0
0 881.0 554.0
0 609.0 556.0
0 591.0 557.0
0 515.0 558.0
0 506.0 559.0
0 780.0 559.0
0 813.0 559.0
0 791.0 560.0
0 867.0 560.0
0 539.0 561.0
0 580.0 562.0
0 856.0 562.0
0 754.0 563.0
0 807.0 564.0
0 701.0 565.0
0 617.0 566.0
0 851.0 566.0
0 453.0 568.0
0 665.0 568.0
0 858.0 571.0
0 552.0 572.0
0 795.0 572.0
0 515.0 573.0
0 618.0 573.0
0 701.0 573.0
0 508.0 574.0
0 649.0 574.0
0 684.0 574.0
0 772.0 574.0
0 901.0 574.0
0 805.0 575.0
0 882.0 576.0
0 755.0 577.0
0 726.0 578.0
0 702.0 580.0
0 713.0 581.0
0 782.0 581.0
0 668.0 582.0
0 797.0 583.0
0 650.0 584.0
0 515.0 585.0
0 531.0 586.0
0 553.0 586.0
0 558.0 587.0
0 619.0 587.0
0 788.0 588.0
0 436.0 589.0
0 634.0 589.0
0 879.0 589.0
0 447.0 590.0
0 518.0 593.0
0 917.0 593.0
0 764.0 594.0
0 795.0 594.0
0 525.0 595.0
0 729.0 595.0
0 578.0 597.0
0 551.0 598.0
0 590.0 598.0
0 709.0 600.0
0 743.0 600.0
0 773.0 600.0
0 541.0 601.0
0 703.0 602.0
0 789.0 602.0
0 558.0 604.0
0 621.0 604.0
0 640.0 604.0
0 670.0 604.0
0 701.0 607.0
0 532.0 608.0
0 780.0 608.0
0 651.0 609.0
0 656.0 609.0
0 899.0 609.0
0 549.0 610.0
0 661.0 610.0
0 670.0 610.0
0 760.0 610.0
0 738.0 611.0
0 621.0 612.0
0 778.0 615.0
0 524.0 616.0
0 726.0 616.0
0 744.0 617.0
0 710.0 618.0
0 559.0 619.0
0 659.0 619.0
0 671.0 619.0
0 933.0 619.0
0 786.0 620.0
0 593.0 621.0
0 622.0 621.0
0 783.0 625.0
0 533.0 626.0
0 625.0 628.0
0 654.0 629.0
0 734.0 629.0
0 751.0 629.0
0 659.0 630.0
0 712.0 630.0
0 540.0 631.0
0 582.0 631.0
0 777.0 631.0
0 742.0 633.0
0 604.0 634.0
0 672.0 636.0
0 923.0 637.0
0 555.0 638.0
0 543.0 639.0
0 700.0 639.0
0 713.0 639.0
0 764.0 639.0
0 623.0 642.0
0 748.0 642.0
0 533.0 643.0
0 657.0 644.0
0 774.0 644.0
0 662.0 645.0
0 729.0 645.0
0 566.0 646.0
0 673.0 647.0
0 714.0 650.0
0 625.0 651.0
0 936.0 651.0
0 673.0 652.0
0 542.0 653.0
0 606.0 653.0
0 744.0 653.0
0 739.0 654.0
0 768.0 654.0
0 905.0 655.0
0 587.0 659.0
0 764.0 660.0
0 626.0 661.0
0 946.0 662.0
0 906.0 663.0
0 716.0 664.0
0 562.0 665.0
0 616.0 666.0
0 647.0 666.0
0 652.0 666.0
0 912.0 666.0
0 762.0 667.0
0 746.0 668.0
0 695.0 669.0
0 672.0 670.0
0 571.0 671.0
0 760.0 672.0
0 694.0 674.0
0 717.0 674.0
0 672.0 675.0
0 553.0 676.0
0 611.0 678.0
0 735.0 678.0
0 628.0 680.0
0 693.0 680.0
0 702.0 680.0
0 592.0 683.0
0 747.0 684.0
0 629.0 685.0
0 718.0 685.0
0 605.0 687.0
0 648.0 689.0
0 571.0 690.0
0 739.0 691.0
0 703.0 693.0
0 670.0 696.0
0 690.0 696.0
0 579.0 699.0
0 688.0 701.0
0 591.0 702.0
0 703.0 702.0
0 631.0 703.0
0 668.0 704.0
0 721.0 704.0
0 688.0 706.0
0 633.0 711.0
0 705.0 712.0
0 728.0 712.0
0 652.0 715.0
0 657.0 716.0
0 719.0 719.0
0 704.0 722.0
0 684.0 723.0
0 667.0 726.0
0 624.0 727.0
0 629.0 728.0
0 680.0 731.0
0 671.0 733.0
0 689.0 733.0
0 664.0 735.0
0 664.0 740.0
0 680.0 743.0
0 716.0 755.0
0 675.0 766.0
0 705.0 775.0
0 667.0 786.0
0 362.0 789.0
0 660.0 790.0
1 1014.0 14.0
1 750.0 46.0
1 296.0 51.0
1 803.0 72.0
1 792.0 75.0
1 327.0 77.0
1 992.0 83.0
1 520.0 87.0
1 340.0 90.0
1 984.0 96.0
1 354.0 103.0
1 979.0 103.0
1 536.0 105.0
1 337.0 107.0
1 351.0 113.0
1 541.0 113.0
1 343.0 114.0
1 366.0 115.0
1 688.0 117.0
1 524.0 120.0
1 546.0 122.0
1 715.0 122.0
1 535.0 124.0
1 722.0 124.0
1 435.0 126.0
1 669.0 127.0
1 942.0 127.0
1 381.0 128.0
1 727.0 128.0
1 550.0 133.0
1 365.0 134.0
1 658.0 134.0
1 359.0 136.0
1 684.0 137.0
1 708.0 139.0
1 528.0 142.0
1 397.0 143.0
1 732.0 145.0
1 933.0 145.0
1 557.0 146.0
1 920.0 146.0
1 912.0 147.0
1 938.0 147.0
1 542.0 148.0
1 648.0 151.0
1 384.0 154.0
1 702.0 154.0
1 925.0 155.0
1 531.0 157.0
1 376.0 158.0
1 413.0 158.0
1 644.0 158.0
1 887.0 158.0
1 564.0 162.0
1 652.0 162.0
1 674.0 162.0
1 639.0 163.0
1 547.0 166.0
1 403.0 167.0
1 687.0 167.0
1 709.0 169.0
1 858.0 171.0
1 387.0 172.0
1 533.0 173.0
1 429.0 174.0
1 404.0 178.0
1 571.0 178.0
1 628.0 178.0
1 415.0 180.0
1 665.0 187.0
1 829.0 187.0
1 410.0 189.0
1 643.0 189.0
1 536.0 190.0
1 687.0 190.0
1 445.0 191.0
1 576.0 192.0
1 842.0 192.0
1 428.0 193.0
1 617.0 193.0
1 809.0 199.0
1 821.0 200.0
1 556.0 201.0
1 603.0 204.0
1 438.0 205.0
1 462.0 208.0
1 640.0 209.0
1 442.0 210.0
1 607.0 210.0
1 651.0 212.0
1 598.0 213.0
1 804.0 213.0
1 823.0 214.0
1 799.0 215.0
1 665.0 217.0
1 557.0 219.0
1 627.0 220.0
1 604.0 222.0
1 638.0 222.0
1 478.0 225.0
1 553.0 226.0
1 458.0 227.0
1 543.0 227.0
1 561.0 227.0
1 783.0 228.0
1 654.0 233.0
1 585.0 234.0
1 575.0 235.0
1 466.0 236.0
1 631.0 238.0
1 565.0 239.0
1 789.0 239.0
1 493.0 240.0
1 529.0 244.0
1 762.0 245.0
1 448.0 247.0
1 629.0 249.0
1 592.0 251.0
1 479.0 252.0
1 507.0 255.0
1 638.0 255.0
1 651.0 255.0
1 592.0 256.0
1 484.0 258.0
1 744.0 259.0
1 591.0 261.0
1 460.0 264.0
1 631.0 266.0
1 649.0 266.0
1 808.0 266.0
1 521.0 269.0
1 550.0 270.0
1 572.0 271.0
1 728.0 272.0
1 498.0 273.0
1 624.0 273.0
1 573.0 276.0
1 633.0 276.0
1 611.0 277.0
1 502.0 278.0
1 507.0 278.0
1 512.0 279.0
1 553.0 279.0
1 589.0 280.0
1 524.0 281.0
1 718.0 282.0
1 536.0 284.0
1 736.0 284.0
1 414.0 285.0
1 476.0 286.0
1 528.0 286.0
1 401.0 287.0
1 712.0 287.0
1 407.0 288.0
1 427.0 288.0
1 512.0 288.0
1 611.0 289.0
1 388.0 290.0
1 577.0 292.0
1 442.0 293.0
1 402.0 294.0
1 615.0 294.0
1 585.0 296.0
1 721.0 296.0
1 521.0 297.0
1 566.0 299.0
1 622.0 299.0
1 701.0 299.0
1 373.0 300.0
1 458.0 300.0
1 489.0 300.0
1 552.0 301.0
1 652.0 301.0
1 540.0 303.0
1 695.0 303.0
1 528.0 304.0
1 545.0 304.0
1 668.0 304.0
1 712.0 305.0
1 830.0 306.0
1 436.0 307.0
1 609.0 309.0
1 636.0 309.0
1 475.0 310.0
1 551.0 310.0
1 559.0 312.0
1 581.0 312.0
1 833.0 312.0
1 537.0 313.0
1 656.0 313.0
1 618.0 315.0
1 449.0 316.0
1 593.0 317.0
1 632.0 317.0
1 677.0 319.0
1 488.0 320.0
1 543.0 320.0
1 695.0 320.0
1 531.0 321.0
1 808.0 321.0
1 604.0 322.0
1 465.0 323.0
1 561.0 323.0
1 436.0 324.0
1 571.0 324.0
1 576.0 325.0
1 430.0 329.0
1 517.0 329.0
1 557.0 329.0
1 512.0 331.0
1 454.0 332.0
1 797.0 332.0
1 477.0 334.0
1 657.0 336.0
1 508.0 337.0
1 626.0 337.0
1 528.0 338.0
1 542.0 338.0
1 589.0 338.0
1 432.0 340.0
1 440.0 340.0
1 570.0 340.0
1 793.0 340.0
1 552.0 341.0
1 618.0 341.0
1 808.0 342.0
1 420.0 344.0
1 465.0 344.0
1 499.0 346.0
1 821.0 348.0
1 541.0 349.0
1 643.0 349.0
1 776.0 349.0
1 530.0 351.0
1 485.0 352.0
1 796.0 353.0
1 433.0 355.0
1 512.0 355.0
1 570.0 355.0
1 764.0 355.0
1 580.0 356.0
1 651.0 356.0
1 490.0 358.0
1 532.0 358.0
1 737.0 358.0
1 553.0 360.0
1 420.0 361.0
1 646.0 361.0
1 793.0 361.0
1 817.0 362.0
1 434.0 363.0
1 751.0 363.0
1 487.0 364.0
1 504.0 364.0
1 626.0 364.0
1 809.0 365.0
1 516.0 367.0
1 644.0 368.0
1 545.0 369.0
1 563.0 369.0
1 684.0 369.0
1 741.0 369.0
1 410.0 370.0
1 484.0 370.0
1 583.0 370.0
1 596.0 370.0
1 724.0 370.0
1 443.0 371.0
1 786.0 372.0
1 304.0 374.0
1 427.0 374.0
1 465.0 375.0
1 771.0 375.0
1 513.0 376.0
1 478.0 377.0
1 728.0 377.0
1 810.0 377.0
1 558.0 379.0
1 372.0 380.0
1 638.0 381.0
1 721.0 381.0
1 426.0 382.0
1 589.0 382.0
1 616.0 382.0
1 706.0 382.0
1 421.0 383.0
1 433.0 383.0
1 457.0 383.0
1 462.0 383.0
1 478.0 383.0
1 779.0 383.0
1 503.0 384.0
1 561.0 385.0
1 1014.0 385.0
1 796.0 386.0
1 577.0 387.0
1 524.0 388.0
1 463.0 389.0
1 468.0 390.0
1 532.0 390.0
1 749.0 390.0
1 697.0 392.0
1 436.0 395.0
1 453.0 395.0
1 502.0 395.0
1 549.0 395.0
1 584.0 396.0
1 613.0 396.0
1 758.0 396.0
1 240.0 397.0
1 647.0 397.0
1 735.0 397.0
1 245.0 398.0
1 465.0 398.0
1 630.0 398.0
1 655.0 398.0
1 566.0 400.0
1 279.0 401.0
1 640.0 401.0
1 458.0 402.0
1 578.0 403.0
1 780.0 403.0
1 744.0 404.0
1 426.0 405.0
1 486.0 406.0
1 540.0 406.0
1 471.0 407.0
1 614.0 408.0
1 756.0 408.0
1 446.0 410.0
1 451.0 411.0
1 463.0 412.0
1 770.0 412.0
1 527.0 413.0
1 544.0 413.0
1 565.0 413.0
1 437.0 414.0
1 481.0 414.0
1 552.0 414.0
1 515.0 417.0
1 749.0 417.0
1 457.0 418.0
1 979.0 418.0
1 482.0 419.0
1 497.0 419.0
1 604.0 420.0
1 427.0 421.0
1 778.0 424.0
1 446.0 425.0
1 623.0 425.0
1 687.0 425.0
1 764.0 427.0
1 470.0 428.0
1 741.0 428.0
1 637.0 430.0
1 509.0 431.0
1 488.0 433.0
1 428.0 435.0
1 439.0 435.0
1 582.0 436.0
1 738.0 436.0
1 756.0 436.0
1 462.0 437.0
1 574.0 438.0
1 725.0 438.0
1 499.0 439.0
1 538.0 439.0
1 661.0 439.0
1 563.0 440.0
1 549.0 441.0
1 433.0 442.0
1 474.0 442.0
1 760.0 443.0
1 489.0 444.0
1 667.0 444.0
1 747.0 444.0
1 772.0 445.0
1 579.0 446.0
1 482.0 448.0
1 543.0 448.0
1 702.0 448.0
1 724.0 448.0
1 438.0 449.0
1 602.0 449.0
1 451.0 450.0
1 739.0 450.0
1 574.0 451.0
1 564.0 452.0
1 611.0 452.0
1 673.0 452.0
1 475.0 453.0
1 592.0 453.0
1 501.0 455.0
1 574.0 456.0
1 728.0 457.0
1 758.0 457.0
1 445.0 458.0
1 492.0 458.0
1 544.0 458.0
1 702.0 458.0
1 721.0 458.0
1 740.0 458.0
1 658.0 459.0
1 467.0 460.0
1 506.0 460.0
1 626.0 460.0
1 558.0 462.0
1 749.0 462.0
1 710.0 463.0
1 715.0 463.0
1 571.0 464.0
1 680.0 464.0
1 763.0 464.0
1 462.0 466.0
1 473.0 466.0
1 450.0 467.0
1 584.0 467.0
1 768.0 467.0
1 633.0 468.0
1 664.0 468.0
1 413.0 469.0
1 498.0 469.0
1 682.0 469.0
1 715.0 470.0
1 730.0 470.0
1 742.0 471.0
1 431.0 472.0
1 456.0 474.0
1 481.0 475.0
1 465.0 476.0
1 569.0 476.0
1 639.0 476.0
1 999.0 476.0
1 425.0 477.0
1 492.0 478.0
1 670.0 478.0
1 685.0 478.0
1 761.0 478.0
1 723.0 479.0
1 743.0 479.0
1 513.0 480.0
1 441.0 483.0
1 686.0 483.0
1 430.0 484.0
1 714.0 484.0
1 727.0 484.0
1 463.0 485.0
1 493.0 486.0
1 649.0 486.0
1 737.0 486.0
1 448.0 487.0
1 691.0 487.0
1 748.0 487.0
1 761.0 489.0
1 515.0 491.0
1 634.0 491.0
1 395.0 492.0
1 411.0 492.0
1 677.0 492.0
1 464.0 493.0
1 600.0 495.0
1 713.0 495.0
1 549.0 496.0
1 496.0 497.0
1 657.0 497.0
1 156.0 498.0
1 696.0 499.0
1 753.0 499.0
1 470.0 500.0
1 515.0 500.0
1 404.0 501.0
1 638.0 502.0
1 670.0 502.0
1 736.0 502.0
1 608.0 503.0
1 498.0 504.0
1 682.0 504.0
1 546.0 505.0
1 755.0 507.0
1 567.0 508.0
1 708.0 508.0
1 588.0 509.0
1 471.0 512.0
1 637.0 512.0
1 377.0 514.0
1 487.0 514.0
1 668.0 514.0
1 754.0 514.0
1 389.0 515.0
1 704.0 517.0
1 617.0 519.0
1 685.0 519.0
1 502.0 520.0
1 636.0 520.0
1 513.0 521.0
1 714.0 521.0
1 731.0 521.0
1 476.0 522.0
1 569.0 523.0
1 704.0 523.0
1 547.0 525.0
1 425.0 528.0
1 505.0 528.0
1 678.0 528.0
1 706.0 528.0
1 569.0 529.0
1 748.0 530.0
1 529.0 531.0
1 666.0 534.0
1 477.0 535.0
1 635.0 535.0
1 732.0 535.0
1 494.0 537.0
1 506.0 537.0
1 480.0 540.0
1 710.0 540.0
1 634.0 541.0
1 130.0 542.0
1 539.0 542.0
1 739.0 542.0
1 570.0 544.0
1 416.0 546.0
1 616.0 548.0
1 512.0 549.0
1 570.0 549.0
1 401.0 550.0
1 480.0 550.0
1 731.0 550.0
1 495.0 551.0
1 605.0 551.0
1 633.0 552.0
1 714.0 552.0
1 663.0 553.0
1 689.0 553.0
1 535.0 554.0
1 556.0 556.0
1 728.0 560.0
1 632.0 561.0
1 571.0 563.0
1 739.0 563.0
1 516.0 564.0
1 598.0 564.0
1 491.0 565.0
1 553.0 565.0
1 662.0 566.0
1 718.0 567.0
1 571.0 571.0
1 696.0 571.0
1 543.0 573.0
1 608.0 573.0
1 671.0 573.0
1 518.0 574.0
1 632.0 575.0
1 728.0 578.0
1 631.0 580.0
1 612.0 581.0
1 503.0 582.0
1 674.0 582.0
1 491.0 584.0
1 521.0 585.0
1 573.0 585.0
1 598.0 590.0
1 630.0 591.0
1 707.0 591.0
1 689.0 592.0
1 310.0 593.0
1 353.0 595.0
1 502.0 596.0
1 682.0 597.0
1 711.0 597.0
1 308.0 598.0
1 725.0 599.0
1 654.0 602.0
1 562.0 604.0
1 589.0 605.0
1 528.0 606.0
1 597.0 606.0
1 629.0 606.0
1 680.0 606.0
1 576.0 607.0
1 513.0 610.0
1 707.0 610.0
1 613.0 612.0
1 556.0 613.0
1 659.0 613.0
1 715.0 613.0
1 530.0 614.0
1 726.0 614.0
1 503.0 616.0
1 704.0 617.0
1 577.0 619.0
1 596.0 621.0
1 628.0 623.0
1 692.0 623.0
1 724.0 623.0
1 675.0 625.0
1 739.0 626.0
1 660.0 627.0
1 716.0 627.0
1 554.0 629.0
1 646.0 630.0
1 516.0 631.0
1 566.0 633.0
1 628.0 634.0
1 699.0 634.0
1 714.0 634.0
1 537.0 635.0
1 673.0 635.0
1 579.0 636.0
1 652.0 642.0
1 561.0 643.0
1 540.0 644.0
1 698.0 647.0
1 579.0 650.0
1 599.0 650.0
1 626.0 651.0
1 686.0 653.0
1 666.0 654.0
1 556.0 655.0
1 692.0 656.0
1 533.0 659.0
1 626.0 661.0
1 569.0 662.0
1 601.0 663.0
1 582.0 666.0
1 656.0 666.0
1 553.0 670.0
1 558.0 671.0
1 659.0 672.0
1 583.0 674.0
1 567.0 675.0
1 590.0 675.0
1 610.0 677.0
1 603.0 678.0
1 629.0 679.0
1 579.0 683.0
1 590.0 684.0
1 600.0 686.0
1 613.0 690.0
1 586.0 692.0
