0 1 5 380.44544220232376
0 5 14 471.9865109865494
0 13 20 397.89658498037403
0 16 23 252.71738487795815
0 21 27 143.24318301601866
0 25 28 302.89089451500485
0 24 30 247.58369935340858
0 27 32 440.4171006269372
0 36 39 312.09825099244364
0 50 44 472.5558026307108
0 35 47 287.34786490628045
0 42 49 128.42783148452304
0 60 51 404.7812648304691
0 47 52 413.09092592349793
0 57 55 419.9124069541325
0 64 60 232.86612424469908
0 63 62 130.40505962318966
0 66 63 251.1642940202724
0 72 72 169.3579772919688
0 76 73 419.33214523671916
0 86 77 232.16696432698188
0 80 88 187.68079439513184
0 78 90 150.57323354481105
0 88 96 409.84574735241637
0 89 106 131.6597992882913
0 97 113 359.97321852616284
0 96 116 225.00954906934126
0 105 124 385.028047682552
0 100 125 233.77218408782542
0 113 138 443.1556810931438
0 112 141 143.56628189424615
0 126 148 377.5531911182864
0 120 152 143.31956365875433
0 130 161 457.5963368762476
0 128 162 192.27210628016996
0 134 167 170.1913276071389
0 142 173 491.14557344540026
0 149 181 138.45049181599535
0 156 184 494.46922645091894
0 154 185 382.41920053830216
0 152 187 208.1071689125111
0 151 188 165.66846865137114
0 159 189 430.24931481748973
0 162 193 189.26700563642228
0 173 202 258.3844457554044
0 168 203 399.5987153556161
0 172 208 144.47848605512502
0 218 212 415.40517577241235
0 183 213 213.89783854663028
0 187 214 373.4194314046217
0 200 215 460.4680935358202
0 196 216 477.06172206913084
0 181 222 176.03458992663238
0 186 224 277.3861294336755
0 189 231 491.568256737313
0 193 237 290.84763997696757
0 194 240 454.320296288734
0 199 248 431.1870933899846
0 205 253 216.5386299710025
0 234 268 499.9449388229424
0 211 273 219.80686278054918
0 207 280 468.77418609441764
0 248 285 492.23391944463987
0 221 292 298.88686252646204
0 225 303 352.97032369257283
0 281 363 371.2455984717544
0 304 379 394.6469188145032
0 314 382 442.3770214239745
0 310 388 464.7474922705249
0 318 389 429.38318007679504
0 328 392 442.4943388316488
0 333 400 361.37936709129326
0 302 404 198.94716009164472
0 334 412 225.39162415634567
0 320 416 387.4650649094358
0 347 433 198.67973291497086
0 346 438 275.9257814102887
0 365 449 312.1610534560316
0 376 455 404.9330135569475
0 370 458 302.07452323992135
0 373 462 248.82832171781138
0 389 465 444.02629294162904
0 364 468 222.42904986485658
0 386 469 263.7659545533511
0 398 476 175.58223332032122
0 407 479 493.0528333678768
0 380 480 200.14281927540094
0 409 481 240.8440011458497
0 405 484 349.09972258821125
0 390 488 324.10831998354075
0 418 489 360.33593693117666
0 421 495 351.30263189854674
0 397 501 196.45691235584133
0 402 504 303.5250112732662
0 422 505 331.23158538876265
0 437 506 221.2145693043256
0 445 512 323.1601757450964
0 411 515 295.41598717491695
0 430 518 292.97563419537124
0 442 521 310.83939544489135
0 448 524 401.6894586845133
0 428 528 190.92233292547922
0 425 529 295.31289879577537
0 444 534 209.83300811949607
0 457 535 214.15653892155947
0 466 538 457.45060663162593
0 454 540 467.6747966754456
0 460 543 462.257964837492
0 471 545 288.7400489270142
0 473 548 364.5083741119609
0 458 550 458.69475722360784
0 468 552 376.2527196226712
0 486 553 382.6260323979296
0 497 557 437.78394464949946
0 483 565 407.4948503643986
0 470 566 387.7057024149199
0 492 568 367.71037323536035
0 501 569 278.47418296051075
0 499 575 318.2647406115055
0 506 577 475.55818444104034
0 505 581 137.08633075596046
0 518 583 260.113610059726
0 530 584 456.5571727291628
0 511 588 401.13131585552304
0 500 590 413.51741115849194
0 534 596 332.90937558319655
0 519 605 452.5965629865108
0 545 606 388.41623738161235
0 510 607 191.40418379949926
0 524 619 217.27876900865266
0 553 623 379.34333996691385
0 535 626 352.5571781667431
0 537 627 326.62230511351913
0 562 628 488.54821701634023
0 552 630 299.45149160691665
0 567 631 456.87946790035517
0 560 633 257.99440191494983
0 555 635 431.8566430470354
0 556 638 397.9254162129572
0 541 640 193.28002005468957
0 574 645 195.79852606233075
0 578 648 294.3439650132218
0 554 651 191.8986789849918
0 588 659 359.018070293622
0 589 663 277.6822987634053
0 601 672 234.83131960289282
0 604 677 255.26411363237665
0 600 678 339.7951230093345
0 590 680 415.74600691843796
0 603 685 241.31162405292304
0 627 688 242.6507996656128
0 610 689 211.18147256051375
0 625 696 408.5283362205552
0 618 698 327.566855081404
0 626 702 335.5389849301396
0 637 705 445.41995861659285

0 1081.0 50.0
0 704.0 54.0
0 542.0 55.0
0 1074.0 60.0
0 1071.0 69.0
0 266.0 83.0
0 407.0 87.0
0 283.0 91.0
0 1063.0 91.0
0 735.0 93.0
0 799.0 93.0
0 435.0 94.0
0 275.0 98.0
0 463.0 106.0
0 315.0 118.0
0 486.0 122.0
0 1057.0 130.0
0 497.0 132.0
0 334.0 133.0
0 510.0 144.0
0 353.0 148.0
0 600.0 150.0
0 1043.0 150.0
0 341.0 154.0
0 523.0 156.0
0 495.0 157.0
0 686.0 160.0
0 357.0 163.0
0 371.0 163.0
0 1014.0 163.0
0 348.0 166.0
0 517.0 166.0
0 1004.0 168.0
0 1027.0 168.0
0 504.0 171.0
0 757.0 172.0
0 539.0 173.0
0 685.0 173.0
0 524.0 174.0
0 392.0 177.0
0 369.0 179.0
0 607.0 179.0
0 702.0 179.0
0 529.0 180.0
0 992.0 180.0
0 1010.0 181.0
0 978.0 183.0
0 365.0 187.0
0 515.0 187.0
0 380.0 188.0
0 556.0 192.0
0 956.0 193.0
0 413.0 195.0
0 540.0 195.0
0 580.0 200.0
0 544.0 201.0
0 588.0 204.0
0 736.0 206.0
0 929.0 206.0
0 528.0 207.0
0 433.0 211.0
0 573.0 211.0
0 409.0 214.0
0 396.0 215.0
0 435.0 216.0
0 595.0 217.0
0 703.0 219.0
0 425.0 220.0
0 901.0 221.0
0 728.0 223.0
0 702.0 224.0
0 1019.0 224.0
0 432.0 226.0
0 453.0 227.0
0 587.0 227.0
0 542.0 228.0
0 988.0 229.0
0 418.0 231.0
0 903.0 231.0
0 916.0 231.0
0 412.0 232.0
0 602.0 233.0
0 880.0 233.0
0 457.0 234.0
0 591.0 235.0
0 909.0 237.0
0 959.0 237.0
0 996.0 237.0
0 447.0 238.0
0 721.0 239.0
0 438.0 240.0
0 573.0 240.0
0 1040.0 244.0
0 41.0 245.0
0 928.0 245.0
0 456.0 246.0
0 474.0 246.0
0 688.0 248.0
0 858.0 248.0
0 957.0 248.0
0 577.0 249.0
0 609.0 250.0
0 890.0 250.0
0 557.0 251.0
0 674.0 251.0
0 699.0 252.0
0 465.0 254.0
0 894.0 255.0
0 934.0 255.0
0 699.0 257.0
0 713.0 257.0
0 838.0 259.0
0 584.0 261.0
0 494.0 263.0
0 680.0 263.0
0 879.0 263.0
0 478.0 265.0
0 906.0 265.0
0 615.0 266.0
0 690.0 267.0
0 898.0 267.0
0 671.0 269.0
0 710.0 269.0
0 592.0 270.0
0 583.0 271.0
0 484.0 272.0
0 465.0 273.0
0 571.0 273.0
0 816.0 273.0
0 609.0 274.0
0 672.0 278.0
0 826.0 278.0
0 868.0 278.0
0 599.0 279.0
0 513.0 280.0
0 445.0 282.0
0 621.0 282.0
0 822.0 284.0
0 602.0 285.0
0 703.0 287.0
0 796.0 287.0
0 502.0 288.0
0 220.0 290.0
0 669.0 290.0
0 521.0 291.0
0 840.0 292.0
0 703.0 293.0
0 808.0 293.0
0 488.0 295.0
0 530.0 295.0
0 585.0 295.0
0 615.0 295.0
0 512.0 297.0
0 142.0 298.0
0 703.0 298.0
0 631.0 300.0
0 776.0 302.0
0 811.0 303.0
0 500.0 305.0
0 818.0 306.0
0 790.0 307.0
0 546.0 310.0
0 527.0 312.0
0 505.0 313.0
0 780.0 314.0
0 633.0 316.0
0 757.0 317.0
0 535.0 319.0
0 660.0 319.0
0 858.0 319.0
0 599.0 320.0
0 705.0 320.0
0 793.0 320.0
0 561.0 322.0
0 644.0 324.0
0 769.0 324.0
0 860.0 324.0
0 865.0 326.0
0 638.0 330.0
0 761.0 330.0
0 753.0 331.0
0 550.0 332.0
0 736.0 333.0
0 524.0 334.0
0 704.0 336.0
0 578.0 337.0
0 773.0 337.0
0 565.0 338.0
0 557.0 339.0
0 653.0 342.0
0 643.0 343.0
0 534.0 344.0
0 403.0 348.0
0 569.0 348.0
0 421.0 350.0
0 715.0 350.0
0 539.0 351.0
0 385.0 353.0
0 443.0 354.0
0 600.0 354.0
0 754.0 354.0
0 380.0 355.0
0 578.0 355.0
0 375.0 357.0
0 648.0 357.0
0 821.0 358.0
0 704.0 359.0
0 465.0 360.0
0 388.0 361.0
0 808.0 361.0
0 842.0 361.0
0 722.0 362.0
0 853.0 362.0
0 587.0 363.0
0 606.0 364.0
0 620.0 367.0
0 737.0 367.0
0 551.0 368.0
0 790.0 368.0
0 488.0 369.0
0 556.0 370.0
0 855.0 370.0
0 349.0 372.0
0 598.0 372.0
0 448.0 373.0
0 588.0 374.0
0 757.0 374.0
0 561.0 375.0
0 658.0 376.0
0 799.0 376.0
0 866.0 376.0
0 505.0 377.0
0 572.0 377.0
0 833.0 377.0
0 459.0 379.0
0 545.0 379.0
0 843.0 379.0
0 465.0 380.0
0 779.0 380.0
0 715.0 381.0
0 591.0 383.0
0 676.0 383.0
0 732.0 383.0
0 790.0 383.0
0 615.0 384.0
0 476.0 385.0
0 599.0 385.0
0 850.0 386.0
0 524.0 387.0
0 541.0 387.0
0 578.0 387.0
0 865.0 387.0
0 459.0 388.0
0 494.0 389.0
0 663.0 389.0
0 587.0 390.0
0 635.0 390.0
0 696.0 390.0
0 683.0 391.0
0 852.0 392.0
0 774.0 393.0
0 818.0 393.0
0 537.0 395.0
0 714.0 395.0
0 732.0 395.0
0 483.0 396.0
0 578.0 398.0
0 594.0 398.0
0 872.0 398.0
0 545.0 399.0
0 636.0 399.0
0 705.0 399.0
0 726.0 399.0
0 499.0 400.0
0 512.0 400.0
0 721.0 403.0
0 666.0 404.0
0 580.0 405.0
0 685.0 405.0
0 554.0 406.0
0 467.0 408.0
0 501.0 408.0
0 756.0 408.0
0 514.0 409.0
0 491.0 410.0
0 618.0 410.0
0 802.0 410.0
0 563.0 411.0
0 596.0 411.0
0 530.0 412.0
0 711.0 412.0
0 867.0 412.0
0 474.0 413.0
0 640.0 413.0
0 776.0 413.0
0 521.0 414.0
0 687.0 414.0
0 658.0 415.0
0 851.0 415.0
0 510.0 416.0
0 484.0 417.0
0 668.0 417.0
0 575.0 418.0
0 468.0 419.0
0 501.0 420.0
0 531.0 420.0
0 641.0 420.0
0 603.0 421.0
0 705.0 421.0
0 740.0 421.0
0 762.0 422.0
0 791.0 422.0
0 519.0 423.0
0 468.0 424.0
0 507.0 426.0
0 524.0 426.0
0 706.0 426.0
0 492.0 427.0
0 477.0 428.0
0 541.0 428.0
0 666.0 428.0
0 783.0 428.0
0 805.0 428.0
0 659.0 430.0
0 688.0 430.0
0 643.0 431.0
0 519.0 433.0
0 596.0 433.0
0 610.0 433.0
0 509.0 434.0
0 638.0 434.0
0 723.0 434.0
0 855.0 434.0
0 568.0 435.0
0 847.0 436.0
0 861.0 436.0
0 496.0 437.0
0 532.0 437.0
0 800.0 437.0
0 837.0 437.0
0 483.0 438.0
0 527.0 438.0
0 817.0 439.0
0 509.0 440.0
0 559.0 440.0
0 672.0 440.0
0 769.0 440.0
0 793.0 441.0
0 498.0 442.0
0 518.0 442.0
0 617.0 445.0
0 729.0 445.0
0 509.0 446.0
0 708.0 446.0
0 497.0 447.0
0 528.0 447.0
0 649.0 449.0
0 664.0 449.0
0 834.0 449.0
0 570.0 450.0
0 528.0 452.0
0 516.0 453.0
0 814.0 453.0
0 496.0 454.0
0 672.0 454.0
0 803.0 454.0
0 33.0 456.0
0 550.0 456.0
0 481.0 457.0
0 828.0 457.0
0 510.0 458.0
0 692.0 458.0
0 747.0 459.0
0 627.0 460.0
0 765.0 460.0
0 500.0 461.0
0 618.0 461.0
0 728.0 461.0
0 835.0 461.0
0 651.0 462.0
0 816.0 463.0
0 531.0 464.0
0 517.0 465.0
0 598.0 466.0
0 807.0 466.0
0 825.0 466.0
0 652.0 467.0
0 587.0 468.0
0 500.0 470.0
0 509.0 470.0
0 694.0 471.0
0 822.0 471.0
0 523.0 472.0
0 622.0 472.0
0 639.0 472.0
0 538.0 473.0
0 572.0 473.0
0 836.0 474.0
0 605.0 475.0
0 741.0 475.0
0 514.0 476.0
0 728.0 476.0
0 696.0 477.0
0 815.0 478.0
0 483.0 481.0
0 554.0 481.0
0 747.0 481.0
0 575.0 482.0
0 697.0 482.0
0 826.0 482.0
0 843.0 482.0
0 658.0 483.0
0 503.0 484.0
0 761.0 484.0
0 618.0 485.0
0 809.0 485.0
0 493.0 487.0
0 498.0 488.0
0 579.0 488.0
0 603.0 488.0
0 608.0 488.0
0 819.0 489.0
0 572.0 491.0
0 535.0 492.0
0 783.0 492.0
0 552.0 493.0
0 757.0 494.0
0 584.0 496.0
0 836.0 496.0
0 616.0 497.0
0 813.0 498.0
0 818.0 499.0
0 489.0 500.0
0 535.0 500.0
0 802.0 500.0
0 563.0 501.0
0 600.0 501.0
0 698.0 501.0
0 520.0 502.0
0 658.0 502.0
0 711.0 502.0
0 735.0 502.0
0 767.0 503.0
0 845.0 503.0
0 781.0 504.0
0 822.0 504.0
0 610.0 506.0
0 478.0 507.0
0 834.0 507.0
0 527.0 508.0
0 724.0 508.0
0 814.0 508.0
0 653.0 509.0
0 792.0 510.0
0 582.0 511.0
0 551.0 512.0
0 737.0 512.0
0 835.0 512.0
0 507.0 513.0
0 587.0 513.0
0 800.0 514.0
0 824.0 514.0
0 532.0 515.0
0 674.0 515.0
0 698.0 515.0
0 682.0 516.0
0 712.0 516.0
0 755.0 517.0
0 469.0 519.0
0 542.0 519.0
0 602.0 519.0
0 784.0 522.0
0 813.0 522.0
0 518.0 523.0
0 661.0 523.0
0 495.0 524.0
0 558.0 524.0
0 766.0 524.0
0 843.0 525.0
0 630.0 527.0
0 501.0 529.0
0 539.0 529.0
0 776.0 529.0
0 460.0 531.0
0 675.0 531.0
0 511.0 532.0
0 737.0 532.0
0 829.0 532.0
0 519.0 533.0
0 661.0 533.0
0 723.0 533.0
0 807.0 533.0
0 699.0 535.0
0 711.0 535.0
0 793.0 535.0
0 525.0 538.0
0 622.0 538.0
0 778.0 538.0
0 479.0 539.0
0 862.0 539.0
0 711.0 540.0
0 503.0 541.0
0 544.0 542.0
0 805.0 542.0
0 449.0 544.0
0 615.0 544.0
0 565.0 547.0
0 726.0 547.0
0 815.0 547.0
0 762.0 548.0
0 852.0 548.0
0 578.0 549.0
0 664.0 549.0
0 700.0 549.0
0 836.0 549.0
0 508.0 550.0
0 780.0 550.0
0 715.0 551.0
0 541.0 552.0
0 768.0 553.0
0 860.0 553.0
0 442.0 554.0
0 549.0 554.0
0 700.0 554.0
0 804.0 554.0
0 881.0 554.0
0 609.0 556.0
0 591.0 557.0
0 515.0 558.0
0 506.0 559.0
0 780.0 559.0
0 813.0 559.0
0 791.0 560.0
0 867.0 560.0
0 539.0 561.0
0 580.0 562.0
0 856.0 562.0
0 754.0 563.0
0 807.0 564.0
0 701.0 565.0
0 617.0 566.0
0 851.0 566.0
0 453.0 568.0
0 665.0 568.0
0 858.0 571.0
0 552.0 572.0
0 795.0 572.0
0 515.0 573.0
0 618.0 573.0
0 701.0 573.0
0 508.0 574.0
0 649.0 574.0
0 684.0 574.0
0 772.0 574.0
0 901.0 574.0
0 805.0 575.0
0 882.0 576.0
0 755.0 577.0
0 726.0 578.0
0 702.0 580.0
0 713.0 581.0
0 782.0 581.0
0 668.0 582.0
0 797.0 583.0
0 650.0 584.0
0 515.0 585.0
0 531.0 586.0
0 553.0 586.0
0 558.0 587.0
0 619.0 587.0
0 788.0 588.0
0 436.0 589.0
0 634.0 589.0
0 879.0 589.0
0 447.0 590.0
0 518.0 593.0
0 917.0 593.0
0 764.0 594.0
0 795.0 594.0
0 525.0 595.0
0 729.0 595.0
0 578.0 597.0
0 551.0 598.0
0 590.0 598.0
0 709.0 600.0
0 743.0 600.0
0 773.0 600.0
0 541.0 601.0
0 703.0 602.0
0 789.0 602.0
0 558.0 604.0
0 621.0 604.0
0 640.0 604.0
0 670.0 604.0
0 701.0 607.0
0 532.0 608.0
0 780.0 608.0
0 651.0 609.0
0 656.0 609.0
0 899.0 609.0
0 549.0 610.0
0 661.0 610.0
0 670.0 610.0
0 760.0 610.0
0 738.0 611.0
0 621.0 612.0
0 778.0 615.0
0 524.0 616.0
0 726.0 616.0
0 744.0 617.0
0 710.0 618.0
0 559.0 619.0
0 659.0 619.0
0 671.0 619.0
0 933.0 619.0
0 786.0 620.0
0 593.0 621.0
0 622.0 621.0
0 783.0 625.0
0 533.0 626.0
0 625.0 628.0
0 654.0 629.0
0 734.0 629.0
0 751.0 629.0
0 659.0 630.0
0 712.0 630.0
0 540.0 631.0
0 582.0 631.0
0 777.0 631.0
0 742.0 633.0
0 604.0 634.0
0 672.0 636.0
0 923.0 637.0
0 555.0 638.0
0 543.0 639.0
0 700.0 639.0
0 713.0 639.0
0 764.0 639.0
0 623.0 642.0
0 748.0 642.0
0 533.0 643.0
0 657.0 644.0
0 774.0 644.0
0 662.0 645.0
0 729.0 645.0
0 566.0 646.0
0 673.0 647.0
0 714.0 650.0
0 625.0 651.0
0 936.0 651.0
0 673.0 652.0
0 542.0 653.0
0 606.0 653.0
0 744.0 653.0
0 739.0 654.0
0 768.0 654.0
0 905.0 655.0
0 587.0 659.0
0 764.0 660.0
0 626.0 661.0
0 946.0 662.0
0 906.0 663.0
0 716.0 664.0
0 562.0 665.0
0 616.0 666.0
0 647.0 666.0
0 652.0 666.0
0 912.0 666.0
0 762.0 667.0
0 746.0 668.0
0 695.0 669.0
0 672.0 670.0
0 571.0 671.0
0 760.0 672.0
0 694.0 674.0
0 717.0 674.0
0 672.0 675.0
0 553.0 676.0
0 611.0 678.0
0 735.0 678.0
0 628.0 680.0
0 693.0 680.0
0 702.0 680.0
0 592.0 683.0
0 747.0 684.0
0 629.0 685.0
0 718.0 685.0
0 605.0 687.0
0 648.0 689.0
0 571.0 690.0
0 739.0 691.0
0 703.0 693.0
0 670.0 696.0
0 690.0 696.0
0 579.0 699.0
0 688.0 701.0
0 591.0 702.0
0 703.0 702.0
0 631.0 703.0
0 668.0 704.0
0 721.0 704.0
0 688.0 706.0
0 633.0 711.0
0 705.0 712.0
0 728.0 712.0
0 652.0 715.0
0 657.0 716.0
0 719.0 719.0
0 704.0 722.0
0 684.0 723.0
0 667.0 726.0
0 624.0 727.0
0 629.0 728.0
0 680.0 731.0
0 671.0 733.0
0 689.0 733.0
0 664.0 735.0
0 664.0 740.0
0 680.0 743.0
0 716.0 755.0
0 675.0 766.0
0 705.0 775.0
0 667.0 786.0
0 362.0 789.0
0 660.0 790.0
1 689.0 27.0
1 229.0 38.0
1 730.0 52.0
1 893.0 54.0
1 718.0 55.0
1 259.0 63.0
1 871.0 66.0
1 468.0 74.0
1 271.0 75.0
1 880.0 76.0
1 536.0 83.0
1 544.0 85.0
1 551.0 85.0
1 284.0 87.0
1 479.0 90.0
1 550.0 90.0
1 267.0 91.0
1 521.0 94.0
1 465.0 95.0
1 860.0 95.0
1 556.0 96.0
1 282.0 97.0
1 482.0 97.0
1 665.0 98.0
1 273.0 99.0
1 296.0 99.0
1 516.0 101.0
1 844.0 101.0
1 531.0 103.0
1 465.0 104.0
1 341.0 105.0
1 859.0 105.0
1 486.0 106.0
1 548.0 107.0
1 476.0 108.0
1 283.0 112.0
1 312.0 112.0
1 465.0 113.0
1 488.0 116.0
1 647.0 117.0
1 825.0 117.0
1 290.0 119.0
1 295.0 119.0
1 514.0 120.0
1 844.0 120.0
1 477.0 121.0
1 820.0 121.0
1 328.0 127.0
1 466.0 127.0
1 535.0 128.0
1 810.0 128.0
1 830.0 129.0
1 495.0 130.0
1 545.0 130.0
1 654.0 130.0
1 507.0 131.0
1 513.0 131.0
1 479.0 132.0
1 520.0 132.0
1 530.0 132.0
1 795.0 133.0
1 511.0 136.0
1 304.0 138.0
1 313.0 138.0
1 342.0 141.0
1 467.0 141.0
1 308.0 144.0
1 768.0 146.0
1 547.0 147.0
1 613.0 147.0
1 482.0 149.0
1 504.0 149.0
1 332.0 151.0
1 504.0 155.0
1 626.0 155.0
1 469.0 156.0
1 359.0 157.0
1 599.0 160.0
1 332.0 161.0
1 520.0 161.0
1 343.0 163.0
1 497.0 164.0
1 547.0 164.0
1 619.0 167.0
1 750.0 168.0
1 526.0 169.0
1 338.0 171.0
1 470.0 172.0
1 374.0 173.0
1 356.0 176.0
1 584.0 176.0
1 548.0 179.0
1 489.0 180.0
1 497.0 182.0
1 523.0 182.0
1 534.0 186.0
1 366.0 187.0
1 392.0 190.0
1 472.0 190.0
1 570.0 191.0
1 370.0 192.0
1 709.0 193.0
1 513.0 194.0
1 549.0 194.0
1 524.0 195.0
1 488.0 198.0
1 494.0 198.0
1 389.0 200.0
1 687.0 203.0
1 408.0 207.0
1 694.0 207.0
1 285.0 208.0
1 385.0 208.0
1 492.0 208.0
1 360.0 209.0
1 474.0 209.0
1 550.0 211.0
1 522.0 212.0
1 540.0 214.0
1 703.0 216.0
1 393.0 217.0
1 490.0 218.0
1 590.0 221.0
1 423.0 222.0
1 524.0 224.0
1 449.0 225.0
1 375.0 228.0
1 535.0 231.0
1 405.0 232.0
1 439.0 237.0
1 458.0 237.0
1 491.0 237.0
1 658.0 237.0
1 545.0 238.0
1 412.0 239.0
1 584.0 239.0
1 554.0 240.0
1 433.0 242.0
1 531.0 242.0
1 554.0 245.0
1 438.0 248.0
1 523.0 248.0
1 450.0 249.0
1 480.0 250.0
1 605.0 250.0
1 469.0 251.0
1 581.0 251.0
1 512.0 253.0
1 535.0 253.0
1 425.0 254.0
1 491.0 256.0
1 430.0 259.0
1 440.0 260.0
1 452.0 263.0
1 463.0 265.0
1 515.0 265.0
1 555.0 265.0
1 578.0 265.0
1 630.0 265.0
1 481.0 266.0
1 458.0 267.0
1 354.0 269.0
1 440.0 270.0
1 340.0 271.0
1 520.0 271.0
1 366.0 272.0
1 493.0 272.0
1 602.0 273.0
1 329.0 274.0
1 529.0 276.0
1 640.0 276.0
1 381.0 277.0
1 343.0 278.0
1 449.0 278.0
1 601.0 278.0
1 552.0 279.0
1 415.0 280.0
1 616.0 280.0
1 492.0 281.0
1 598.0 283.0
1 755.0 283.0
1 315.0 284.0
1 396.0 284.0
1 456.0 285.0
1 517.0 286.0
1 755.0 288.0
1 374.0 290.0
1 480.0 291.0
1 529.0 293.0
1 412.0 294.0
1 602.0 294.0
1 504.0 295.0
1 467.0 298.0
1 386.0 299.0
1 449.0 300.0
1 516.0 300.0
1 595.0 300.0
1 547.0 301.0
1 734.0 302.0
1 425.0 303.0
1 490.0 303.0
1 612.0 304.0
1 371.0 305.0
1 435.0 305.0
1 440.0 305.0
1 400.0 306.0
1 472.0 307.0
1 361.0 312.0
1 422.0 313.0
1 724.0 313.0
1 561.0 314.0
1 391.0 315.0
1 442.0 316.0
1 454.0 316.0
1 506.0 316.0
1 578.0 316.0
1 491.0 319.0
1 553.0 320.0
1 774.0 320.0
1 381.0 321.0
1 720.0 321.0
1 373.0 322.0
1 415.0 322.0
1 734.0 322.0
1 540.0 323.0
1 351.0 324.0
1 454.0 326.0
1 746.0 327.0
1 566.0 328.0
1 585.0 328.0
1 408.0 329.0
1 438.0 329.0
1 703.0 330.0
1 719.0 332.0
1 747.0 332.0
1 494.0 334.0
1 364.0 336.0
1 692.0 336.0
1 399.0 337.0
1 467.0 338.0
1 538.0 339.0
1 673.0 340.0
1 715.0 341.0
1 274.0 342.0
1 350.0 342.0
1 742.0 342.0
1 357.0 343.0
1 362.0 343.0
1 481.0 343.0
1 599.0 343.0
1 549.0 344.0
1 434.0 345.0
1 474.0 345.0
1 675.0 345.0
1 576.0 346.0
1 733.0 346.0
1 324.0 347.0
1 392.0 347.0
1 559.0 349.0
1 596.0 349.0
1 522.0 351.0
1 539.0 351.0
1 575.0 351.0
1 241.0 352.0
1 426.0 352.0
1 610.0 352.0
1 376.0 353.0
1 415.0 353.0
1 483.0 353.0
1 589.0 353.0
1 628.0 353.0
1 661.0 353.0
1 386.0 354.0
1 494.0 354.0
1 307.0 355.0
1 435.0 357.0
1 284.0 358.0
1 728.0 358.0
1 446.0 359.0
1 349.0 362.0
1 381.0 362.0
1 405.0 363.0
1 363.0 364.0
1 544.0 364.0
1 567.0 365.0
1 643.0 366.0
1 714.0 366.0
1 680.0 367.0
1 375.0 368.0
1 401.0 368.0
1 445.0 368.0
1 505.0 368.0
1 453.0 369.0
1 675.0 372.0
1 413.0 374.0
1 568.0 374.0
1 429.0 376.0
1 472.0 376.0
1 665.0 376.0
1 144.0 377.0
1 511.0 377.0
1 366.0 378.0
1 349.0 379.0
1 450.0 379.0
1 542.0 379.0
1 557.0 380.0
1 177.0 381.0
1 403.0 381.0
1 596.0 381.0
1 701.0 382.0
1 386.0 383.0
1 650.0 383.0
1 503.0 384.0
1 566.0 384.0
1 416.0 385.0
1 675.0 386.0
1 382.0 388.0
1 394.0 388.0
1 408.0 390.0
1 604.0 390.0
1 355.0 391.0
1 436.0 391.0
1 468.0 391.0
1 473.0 391.0
1 673.0 391.0
1 687.0 391.0
1 478.0 392.0
1 641.0 392.0
1 421.0 395.0
1 506.0 395.0
1 693.0 395.0
1 511.0 396.0
1 374.0 397.0
1 411.0 397.0
1 400.0 398.0
1 517.0 398.0
1 693.0 400.0
1 531.0 401.0
1 686.0 401.0
1 344.0 403.0
1 706.0 405.0
1 123.0 406.0
1 555.0 406.0
1 612.0 407.0
1 462.0 408.0
1 680.0 409.0
1 390.0 410.0
1 413.0 412.0
1 567.0 412.0
1 358.0 413.0
1 369.0 415.0
1 501.0 415.0
1 658.0 415.0
1 496.0 416.0
1 535.0 416.0
1 597.0 416.0
1 488.0 417.0
1 515.0 417.0
1 526.0 417.0
1 580.0 417.0
1 397.0 418.0
1 477.0 418.0
1 691.0 418.0
1 465.0 420.0
1 327.0 421.0
1 390.0 421.0
1 583.0 422.0
1 667.0 423.0
1 495.0 424.0
1 345.0 425.0
1 382.0 425.0
1 460.0 425.0
1 700.0 425.0
1 400.0 426.0
1 679.0 426.0
1 645.0 427.0
1 410.0 428.0
1 659.0 428.0
1 528.0 430.0
1 587.0 430.0
1 373.0 431.0
1 485.0 431.0
1 689.0 432.0
1 338.0 434.0
1 703.0 434.0
1 513.0 435.0
1 409.0 436.0
1 414.0 436.0
1 471.0 436.0
1 570.0 437.0
1 385.0 438.0
1 462.0 438.0
1 620.0 438.0
1 642.0 438.0
1 542.0 439.0
1 659.0 439.0
1 677.0 439.0
1 376.0 440.0
1 426.0 440.0
1 694.0 440.0
1 345.0 443.0
1 481.0 443.0
1 307.0 444.0
1 396.0 444.0
1 689.0 444.0
1 574.0 445.0
1 322.0 447.0
1 511.0 447.0
1 546.0 447.0
1 416.0 448.0
1 668.0 448.0
1 384.0 449.0
1 591.0 449.0
1 631.0 449.0
1 678.0 449.0
1 348.0 450.0
1 699.0 451.0
1 330.0 452.0
1 547.0 452.0
1 659.0 452.0
1 316.0 453.0
1 401.0 454.0
1 479.0 454.0
1 484.0 454.0
1 346.0 455.0
1 385.0 455.0
1 552.0 455.0
1 577.0 455.0
1 392.0 456.0
1 677.0 456.0
1 414.0 458.0
1 593.0 458.0
1 324.0 459.0
1 636.0 459.0
1 660.0 459.0
1 690.0 459.0
1 386.0 460.0
1 431.0 460.0
1 628.0 462.0
1 615.0 464.0
1 645.0 464.0
1 967.0 464.0
1 286.0 466.0
1 301.0 466.0
1 413.0 466.0
1 558.0 466.0
1 669.0 466.0
1 581.0 468.0
1 685.0 468.0
1 393.0 469.0
1 546.0 469.0
1 595.0 469.0
1 434.0 471.0
1 693.0 471.0
1 513.0 473.0
1 292.0 474.0
1 628.0 474.0
1 462.0 475.0
1 395.0 477.0
1 417.0 477.0
1 564.0 477.0
1 608.0 477.0
1 667.0 478.0
1 433.0 479.0
1 573.0 479.0
1 598.0 479.0
1 684.0 480.0
1 552.0 481.0
1 584.0 481.0
1 522.0 482.0
1 402.0 484.0
1 420.0 484.0
1 464.0 485.0
1 483.0 487.0
1 569.0 487.0
1 627.0 487.0
1 277.0 488.0
1 441.0 488.0
1 503.0 488.0
1 552.0 491.0
1 669.0 492.0
1 270.0 493.0
1 584.0 494.0
1 402.0 496.0
1 414.0 496.0
1 573.0 496.0
1 624.0 496.0
1 687.0 497.0
1 534.0 498.0
1 611.0 498.0
1 552.0 499.0
1 602.0 499.0
1 424.0 500.0
1 486.0 501.0
1 434.0 502.0
1 466.0 504.0
1 576.0 505.0
1 653.0 505.0
1 684.0 505.0
1 408.0 506.0
1 428.0 508.0
1 487.0 508.0
1 632.0 508.0
1 516.0 510.0
1 683.0 510.0
1 451.0 511.0
1 621.0 512.0
1 551.0 513.0
1 36.0 514.0
1 579.0 515.0
1 408.0 516.0
1 606.0 516.0
1 660.0 516.0
1 431.0 518.0
1 552.0 518.0
1 290.0 522.0
1 295.0 522.0
1 454.0 522.0
1 459.0 522.0
1 489.0 522.0
1 673.0 522.0
1 433.0 523.0
1 650.0 523.0
1 583.0 525.0
1 415.0 526.0
1 631.0 526.0
1 294.0 527.0
1 533.0 527.0
1 289.0 528.0
1 489.0 528.0
1 617.0 528.0
1 438.0 530.0
1 522.0 530.0
1 552.0 531.0
1 657.0 531.0
1 425.0 532.0
1 586.0 532.0
1 456.0 533.0
1 474.0 535.0
1 614.0 536.0
1 635.0 536.0
1 416.0 537.0
1 534.0 540.0
1 551.0 540.0
1 611.0 542.0
1 656.0 542.0
1 590.0 543.0
1 441.0 544.0
1 492.0 544.0
1 517.0 544.0
1 675.0 544.0
1 582.0 545.0
1 476.0 546.0
1 629.0 546.0
1 427.0 550.0
1 613.0 550.0
1 492.0 551.0
1 466.0 553.0
1 593.0 553.0
1 640.0 553.0
1 444.0 555.0
1 552.0 555.0
1 665.0 555.0
1 507.0 556.0
1 579.0 556.0
1 614.0 559.0
1 552.0 561.0
1 598.0 561.0
1 240.0 563.0
1 467.0 563.0
1 194.0 564.0
1 651.0 564.0
1 495.0 565.0
1 234.0 566.0
1 449.0 566.0
1 427.0 568.0
1 520.0 570.0
1 651.0 570.0
1 552.0 571.0
1 616.0 571.0
1 604.0 573.0
1 631.0 574.0
1 664.0 576.0
1 438.0 580.0
1 580.0 581.0
1 619.0 582.0
1 512.0 584.0
1 611.0 585.0
1 552.0 586.0
1 457.0 587.0
1 499.0 587.0
1 606.0 587.0
1 520.0 588.0
1 631.0 588.0
1 656.0 588.0
1 447.0 592.0
1 536.0 592.0
1 588.0 592.0
1 583.0 593.0
1 646.0 593.0
1 482.0 594.0
1 460.0 595.0
1 617.0 595.0
1 502.0 599.0
1 440.0 600.0
1 520.0 601.0
1 552.0 603.0
1 602.0 605.0
1 621.0 605.0
1 570.0 611.0
1 453.0 613.0
1 648.0 613.0
1 494.0 614.0
1 553.0 614.0
1 532.0 615.0
1 601.0 616.0
1 698.0 616.0
1 468.0 617.0
1 506.0 617.0
1 628.0 618.0
1 647.0 618.0
1 488.0 623.0
1 579.0 623.0
1 574.0 624.0
1 637.0 624.0
1 471.0 625.0
1 506.0 629.0
1 526.0 630.0
1 553.0 631.0
1 631.0 632.0
1 642.0 632.0
1 597.0 634.0
1 486.0 636.0
1 618.0 636.0
1 466.0 641.0
1 553.0 641.0
1 501.0 644.0
1 530.0 644.0
1 511.0 646.0
1 618.0 649.0
1 591.0 651.0
1 490.0 652.0
1 508.0 653.0
1 513.0 655.0
1 520.0 656.0
1 498.0 657.0
1 533.0 659.0
1 538.0 659.0
1 558.0 659.0
1 510.0 664.0
1 519.0 665.0
1 529.0 668.0
1 542.0 672.0
1 515.0 675.0
