0 0 0 105.83632138197987
0 1 1 103.38522000457608
0 3 2 120.83758519815177
0 4 4 158.05361695256542
0 5 5 106.78702122531007
0 6 6 190.77654960314055
0 8 8 201.83426572858713
0 2 9 262.1274736819327
0 7 10 174.42105576141395
0 10 15 181.25509189310657
0 9 16 233.68993212186737
0 11 18 192.52208719851896
0 16 19 276.4818292621028
0 17 20 148.81991416686668
0 13 21 180.71751588730706
0 20 22 245.99904428614937
0 14 24 157.482253789189
0 18 26 173.37675429708293
0 22 27 142.2825173529941
0 21 28 199.86271751185615
0 15 29 177.08399808025138
0 23 30 149.48163231448882
0 34 33 187.63004175852615
0 26 35 149.60819867698726
0 32 36 109.89032985407444
0 24 37 280.40973691346846
0 25 38 192.71846706649558
0 28 39 295.4765477645859
0 31 40 164.60825760227812
0 29 42 227.17445106364192
0 40 43 255.27190093867551
0 39 44 161.56398316489725
0 35 45 322.36695809081743
0 41 48 158.24395892104985
0 47 53 137.44579083931544
0 43 54 212.22214035233077
0 51 55 184.37799849417965
0 50 56 118.4214023971255
0 49 57 225.80438327004467
0 52 58 240.94346022925885
0 54 60 200.3262349003522
0 60 62 133.30681586582566
0 59 64 158.8786119394646
0 33 65 339.05838895480537
0 66 66 159.47816321771973
0 61 67 185.7755372743845
0 69 69 139.85731186653632
0 56 70 414.4266130737476
0 72 72 209.27154432602882
0 74 73 143.41603064038875
0 71 76 382.35902017346893
0 81 77 134.13004986900162
0 75 81 314.9356550833521
0 86 82 128.0581123086557
0 87 83 121.52978509852646
0 82 84 238.13138886708575
0 92 85 116.51054001596279
0 95 88 427.69286480107166
0 96 89 124.58875176406252
0 101 90 314.8843189928336
0 99 91 183.4793099858179
0 89 92 383.5993881054625
0 100 93 456.2355180502294
0 93 94 185.43074874617292
0 103 95 126.06073138176772
0 108 97 344.17516622593104
0 105 98 141.4163282043847
0 97 99 266.4603664962128
0 110 100 208.38371920217526
0 113 103 140.5239246083816
0 112 104 149.5809478211988
0 115 105 302.0016328435013
0 117 106 127.47525578112256
0 128 107 205.5920388121205
0 114 108 236.79707463330763
0 118 110 139.65432565734162
0 121 111 130.33673787744883
0 120 112 137.46912576759502
0 123 113 166.80596978123614
0 125 114 142.98338748229241
0 124 115 174.16674426573994
0 126 116 400.09176451622596
0 136 117 491.3006179613644
0 129 118 287.4133847908078
0 130 119 122.31516136579155
0 131 120 151.11773169053052
0 132 121 444.1740892738183
0 134 122 185.2013477124059
0 135 124 169.19461294999317
0 137 130 191.55044715270327
0 138 131 132.73500367732225
0 139 132 151.33247443766103
0 144 133 141.83138420897748
0 141 134 175.86384914960752
0 140 135 385.34026218740314
0 146 137 169.2320401947399
0 152 138 231.10661616649656
0 150 139 301.6674567721782
0 154 140 156.03230497677774
0 148 141 481.29331605591847
0 151 144 131.80049635284905
0 145 145 252.77933531055243
0 157 147 198.13893284833597
0 155 148 135.1665103964162
0 156 149 169.37517749234075
0 161 150 358.0261801539704
0 158 151 184.60197094754267
0 163 152 255.4365164614132
0 160 154 224.44376068559015
0 174 156 212.29440452578459
0 166 157 163.35966833458147
0 159 158 457.4362320303621
0 169 159 253.40399715228142
0 178 160 155.43333351244794
0 171 161 140.81523729332375
0 168 163 314.3028825776214
0 177 164 284.33484645022844
0 173 165 162.95822730306296
0 167 167 377.9336192934915
0 170 168 257.7915125499842
0 176 169 167.20868345761616
0 180 170 181.48357041530286
0 172 171 176.20279412842757
0 183 173 289.4179568790564
0 187 174 168.7670756644571
0 179 175 234.1369741580416
0 182 176 184.47121370204232
0 186 177 245.56868904132548
0 181 178 278.31196848813204
0 184 179 169.79016707270927
0 195 181 127.22725207991925
0 185 182 121.85909980572669
0 191 183 216.8105557997628
0 194 184 122.53675945899005
0 196 185 115.73434243569194
0 202 186 121.79641334979527
0 190 187 156.87734232987484
0 204 188 201.2321094999476
0 197 189 423.2272243328934
0 208 190 263.23221844305726
0 201 191 246.72786474245822
0 200 192 161.94988354180038
0 212 194 345.2883574471588
0 214 196 129.41676962715383
0 199 197 182.5652983277922
0 209 198 183.83355021548692
0 207 199 172.67826019295006
0 219 201 137.3014190140335
0 226 206 111.74221229681338
0 210 207 132.62694734279162
0 211 208 148.71571358911893
0 203 209 191.39962008058143
0 213 211 384.9252219480494
0 227 212 126.30357622650546
0 215 213 213.15050675159543
0 225 214 147.18082647238145
0 220 215 175.41101134537166
0 223 217 276.1555955519062
0 218 218 219.33372405095298
0 232 219 166.2896709544738
0 235 221 145.75232189051454
0 231 222 144.4246949017026
0 222 224 154.2046915233549
0 228 227 161.80483022236524
0 230 230 453.58651337602697
0 240 231 220.23659015085033
0 244 232 186.97253822567944
0 259 233 131.16645009144477
0 236 234 296.20137267450843
0 221 236 190.29929586650795
0 247 237 191.23431572804202
0 248 240 150.3280212501249
0 261 242 424.0255382564895
0 238 243 230.99952511944642
0 245 244 233.13965958601673
0 250 245 175.3133331508156
0 239 249 405.1427619637012
0 254 250 160.40624123977312
0 260 251 322.70898946568855
0 265 254 201.5549699053003
0 275 256 118.93666025592356
0 266 258 132.7186758648535
0 267 259 179.55270259351158
0 262 260 306.9898438666499
0 271 261 112.23338892639913
0 279 263 115.24158727323932
0 268 264 159.60513340275438
0 246 265 341.6166238115755
0 269 267 198.94326756997313
0 270 269 261.9230638031342
0 276 270 335.6826884041602
0 281 272 119.70310416397622
0 284 273 239.7392096238542
0 280 275 354.3507788879185
0 273 276 359.4000365243591
0 286 277 243.6627690856243
0 272 278 212.79131119462957
0 304 280 129.7542141734449
0 285 282 320.42858227409306
0 290 283 306.4893446680136
0 291 284 206.7281462532592
0 298 285 138.30533669377095
0 311 286 183.040461818548
0 299 289 118.93524375881572
0 297 291 468.34385130043864
0 310 293 383.5401071095743
0 288 294 223.09590686713526
0 296 297 344.27888179855853
0 315 299 336.8788994480534
0 292 300 358.6296705211147
0 323 301 133.20851894709378
0 295 302 309.6514514228889
0 325 303 165.50786347064445
0 327 304 324.59240979723637
0 313 306 419.37415144193784
0 324 308 229.49059065811466
0 314 310 268.88722956763036
0 294 312 493.8297391054282
0 317 313 134.46740708146888
0 330 314 205.1211402813328
0 316 315 428.81109838905263
0 307 316 337.97462795469664
0 340 318 221.5671597243976
0 329 319 271.1380735529927
0 338 320 119.7827559888822
0 349 321 118.71710192761908
0 334 323 259.90087272557713
0 343 327 292.3830550368245
0 344 328 146.59619328394137
0 355 329 164.49802422542203
0 350 332 249.21849683385767
0 364 333 230.34133037327186
0 363 336 233.9503834118108
0 326 338 458.5333816722656
0 333 340 226.97944067882716
0 358 342 215.7043942856364
0 359 343 299.6340214986473
0 376 346 144.51294587445273
0 337 347 282.3444672590153
0 375 350 152.0289123969704
0 351 351 356.37606930561833
0 368 355 146.15074963471494
0 341 356 345.19649734074346
0 380 357 274.3590209023331
0 383 359 140.44695493876443
0 342 360 327.3541802924277
0 389 362 147.90984923916056
0 388 365 143.23948963787436
0 357 367 258.91650463052093
0 392 370 232.51040372610552
0 400 373 129.8861294903988
0 382 375 121.43079344523902
0 394 377 167.3595183715032
0 385 378 139.55467849434942
0 386 379 268.0727642728494
0 372 380 397.07742282864024
0 391 384 389.3883128843469
0 420 385 196.00936748450096
0 370 386 223.88856346115494
0 421 388 135.27070765334346
0 415 389 131.2542999174948
0 413 390 462.8689435201355
0 399 391 177.33200421481789
0 373 392 302.41091051784116
0 384 393 159.33775912471634
0 404 394 272.16397177460567
0 433 395 468.57616139346055
0 425 396 111.33162441678064
0 401 397 252.16390427724718
0 411 398 234.6721423261155
0 410 399 108.99813957767192
0 422 401 141.6055381510895
0 396 402 278.7879915824625
0 429 403 471.93161200671733
0 398 404 171.20885241541995
0 416 406 255.11783556660572
0 443 407 193.04405978040873
0 393 408 256.0523544547988
0 435 410 128.914128559164
0 439 411 406.4147639762777
0 423 413 138.1059178163066
0 431 414 383.0904845243324
0 442 415 141.14982157737964
0 409 416 186.04503857637513
0 418 418 274.1398456326753
0 414 419 208.27920599680465
0 428 420 190.97114354693855
0 424 421 183.7195295824385
0 449 422 134.8542725313735
0 463 423 141.9102633202091
0 426 424 328.3722754572824
0 427 425 311.08818458637876
0 446 426 229.4718672507909
0 453 427 117.06553003550088
0 452 428 202.48706969486966
0 419 429 283.03381963452046
0 450 430 226.03309414937905
0 465 431 167.85303159062036
0 441 434 278.25463927288854
0 461 435 413.9905129115284
0 457 436 470.16166661015194
0 468 438 118.87673313909326
0 471 439 202.55785613313373
0 474 440 242.114981416612
0 456 442 132.63282935298986
0 459 443 321.85088445506335
0 444 444 145.78769615305137
0 480 445 147.85484132225665
0 464 446 139.84144616382017
0 451 447 310.04062612727154
0 466 448 317.8913372078427
0 483 449 147.3688278843495
0 482 454 131.19672914038352
0 467 455 125.0867551256801
0 472 456 389.2717646682126
0 473 457 107.93930076795665
0 478 458 247.47724192325856
0 470 460 346.12148094845185
0 475 463 140.14832291555547
0 497 464 162.86663329191097
0 494 465 122.64583807434258
0 479 466 266.9560921199083
0 485 468 191.10797227905027
0 493 469 118.03269738704145
0 481 470 282.85275509400685
0 484 471 122.37490177565688
0 492 472 395.8946603873049
0 498 473 122.83992107653157
0 491 475 358.73706592267337
0 508 476 239.18906299742795
0 501 479 127.45355377897923
0 496 481 157.68851557023632
0 495 482 372.06292898705914
0 512 484 213.89242549192105
0 513 485 168.12955299079252
0 458 486 229.77133684329175
0 506 489 151.40335303076697
0 511 490 140.95933958916893
0 507 491 250.82199320410768
0 510 492 115.29731817781041
0 490 493 191.197375671168
0 504 496 230.30816103627868
0 515 497 127.54341186739791
0 502 498 126.84496104162588
0 514 500 355.20679196947003
0 543 501 323.99337306225897
0 517 502 142.8695052003166
0 521 504 265.49065489515533
0 503 508 264.711452926399
0 528 510 228.64886979924896
0 520 512 377.61764752883863
0 527 515 153.23539254498453
0 522 516 332.81256121628064
0 541 517 218.08039597908964
0 518 518 128.0935937765196
0 519 519 173.95484573150458
0 532 520 306.8929478364618
0 525 521 243.43004875067598
0 534 522 222.47603609748882
0 523 523 144.23667267981787
0 544 525 266.7113060959687
0 529 528 218.75809925559705
0 555 529 171.5797374271675
0 530 530 267.22203281562815
0 531 531 249.42370293018902
0 546 532 124.05800282127204
0 549 533 179.54284530384373
0 545 534 343.85199039923987
0 558 535 188.8224236712315
0 538 536 307.7739954959946
0 559 537 278.2793082500368
0 542 538 260.47207452227934
0 550 539 280.57611936130075
0 548 541 314.9359802357081
0 551 544 167.89257255303505
0 553 545 185.34385056199548
0 574 547 133.9162129681779
0 565 549 369.8324477998923
0 568 551 114.29701157732002
0 571 552 118.571254915375
0 564 553 228.49649823444227
0 567 554 267.80931781494866
0 562 555 275.0595501095584
0 588 557 206.2838486756482
0 560 559 430.99180915454684
0 570 560 226.32018464208602
0 572 561 450.84796592980115
0 576 562 235.94183026596733
0 582 564 144.71042632227807
0 593 566 124.41214036848716
0 585 567 111.93489352077644
0 587 568 226.4319032060277
0 575 569 141.41343168395545
0 579 571 278.9930670026225
0 581 572 296.530643211525
0 597 574 139.66105679362752
0 584 575 241.63564645200785
0 594 577 128.86066046133166
0 607 578 182.17085314733913
0 583 579 215.31811375444337
0 596 581 371.8135823346388
0 591 582 222.89760094881385
0 595 583 260.8526570728066
0 605 584 190.42891640111347
0 611 585 125.96026668066125
0 599 586 157.3364133123817
0 590 588 212.70487334733343
0 601 590 249.78147565994453
0 600 591 313.781149770451
0 610 593 244.20504109453452
0 627 594 263.92800900524554
0 609 597 226.43028353019932
0 606 600 186.75974292340857
0 612 602 318.8407625929743
0 615 604 247.06080287321376
0 619 605 234.13161552502748
0 617 606 145.19633663722794
0 618 607 210.72418691774723
0 608 608 142.60175277966567
0 614 609 121.87321890653011
0 621 611 408.35966732879945
0 629 612 198.38038929211382
0 623 613 277.6629740851779
0 624 614 370.5537163450803
0 625 615 210.22880210283734
0 626 616 242.3781210368195
0 630 617 198.46080996566343
0 628 620 167.72813136551653
0 633 621 365.63952421488875
0 632 623 223.96256454592898
0 636 624 155.55440379630562
0 635 625 122.97289918015946
0 634 627 127.58611799993598
0 639 628 232.92698554266343
0 638 630 212.71491908359934
0 649 632 166.5684696112016
0 644 633 224.79657759421855
0 646 634 191.03261609064418
0 643 635 204.70538123461367
0 647 637 195.965249292107
0 622 638 113.50725738212213
0 650 639 172.67891778841675
0 652 640 125.69854435212702
0 651 641 212.24267867381977
0 641 642 414.64485416160403
0 653 643 137.72455886144786
0 645 644 326.2173103916677

0 1090.0 19.0
0 726.0 35.0
0 302.0 44.0
0 319.0 53.0
0 818.0 69.0
0 466.0 73.0
0 348.0 79.0
0 760.0 84.0
0 365.0 93.0
0 1068.0 95.0
0 512.0 97.0
0 372.0 103.0
0 355.0 104.0
0 500.0 105.0
0 319.0 108.0
0 382.0 108.0
0 524.0 108.0
0 370.0 113.0
0 535.0 118.0
0 1051.0 119.0
0 386.0 122.0
0 399.0 122.0
0 378.0 124.0
0 821.0 127.0
0 547.0 130.0
0 1024.0 132.0
0 707.0 135.0
0 395.0 136.0
0 541.0 136.0
0 1015.0 136.0
0 417.0 137.0
0 1035.0 137.0
0 528.0 143.0
0 392.0 144.0
0 548.0 145.0
0 562.0 145.0
0 408.0 147.0
0 705.0 148.0
0 1002.0 149.0
0 1020.0 149.0
0 552.0 150.0
0 596.0 150.0
0 990.0 151.0
0 601.0 152.0
0 438.0 154.0
0 540.0 160.0
0 1012.0 160.0
0 967.0 161.0
0 578.0 163.0
0 562.0 164.0
0 608.0 166.0
0 986.0 166.0
0 997.0 166.0
0 566.0 170.0
0 420.0 171.0
0 457.0 171.0
0 434.0 172.0
0 940.0 174.0
0 753.0 175.0
0 459.0 176.0
0 551.0 176.0
0 1032.0 177.0
0 449.0 178.0
0 553.0 181.0
0 594.0 181.0
0 722.0 183.0
0 455.0 184.0
0 431.0 185.0
0 953.0 186.0
0 476.0 188.0
0 721.0 188.0
0 913.0 189.0
0 744.0 192.0
0 563.0 196.0
0 607.0 196.0
0 931.0 196.0
0 715.0 197.0
0 461.0 199.0
0 956.0 200.0
0 893.0 201.0
0 610.0 203.0
0 623.0 203.0
0 495.0 206.0
0 593.0 207.0
0 736.0 207.0
0 486.0 212.0
0 704.0 214.0
0 576.0 215.0
0 870.0 215.0
0 597.0 216.0
0 714.0 217.0
0 628.0 219.0
0 731.0 219.0
0 871.0 224.0
0 166.0 225.0
0 515.0 225.0
0 620.0 225.0
0 851.0 226.0
0 602.0 227.0
0 697.0 227.0
0 504.0 230.0
0 107.0 234.0
0 588.0 235.0
0 602.0 236.0
0 610.0 236.0
0 830.0 239.0
0 532.0 242.0
0 690.0 242.0
0 710.0 242.0
0 617.0 245.0
0 637.0 245.0
0 522.0 248.0
0 629.0 248.0
0 620.0 250.0
0 539.0 251.0
0 508.0 252.0
0 719.0 253.0
0 823.0 253.0
0 810.0 254.0
0 531.0 257.0
0 549.0 257.0
0 718.0 258.0
0 605.0 263.0
0 718.0 263.0
0 647.0 264.0
0 520.0 266.0
0 791.0 268.0
0 650.0 271.0
0 721.0 271.0
0 182.0 272.0
0 525.0 272.0
0 546.0 272.0
0 564.0 272.0
0 552.0 279.0
0 615.0 282.0
0 676.0 282.0
0 771.0 284.0
0 580.0 285.0
0 651.0 286.0
0 780.0 287.0
0 661.0 289.0
0 721.0 289.0
0 463.0 291.0
0 542.0 292.0
0 568.0 293.0
0 815.0 295.0
0 875.0 295.0
0 870.0 296.0
0 574.0 299.0
0 582.0 299.0
0 751.0 300.0
0 596.0 301.0
0 656.0 301.0
0 551.0 302.0
0 720.0 304.0
0 763.0 305.0
0 668.0 306.0
0 585.0 308.0
0 556.0 309.0
0 427.0 310.0
0 798.0 310.0
0 851.0 311.0
0 444.0 312.0
0 416.0 313.0
0 411.0 316.0
0 594.0 316.0
0 730.0 316.0
0 404.0 317.0
0 465.0 317.0
0 617.0 318.0
0 663.0 318.0
0 399.0 319.0
0 569.0 320.0
0 746.0 320.0
0 841.0 322.0
0 487.0 323.0
0 602.0 323.0
0 573.0 325.0
0 719.0 325.0
0 636.0 331.0
0 670.0 331.0
0 836.0 331.0
0 375.0 332.0
0 508.0 332.0
0 613.0 333.0
0 856.0 333.0
0 868.0 333.0
0 470.0 334.0
0 672.0 336.0
0 726.0 336.0
0 821.0 338.0
0 584.0 339.0
0 525.0 341.0
0 486.0 342.0
0 691.0 342.0
0 808.0 342.0
0 869.0 342.0
0 495.0 345.0
0 614.0 345.0
0 630.0 346.0
0 709.0 346.0
0 879.0 346.0
0 571.0 348.0
0 587.0 348.0
0 734.0 348.0
0 813.0 348.0
0 845.0 348.0
0 479.0 349.0
0 514.0 349.0
0 603.0 349.0
0 648.0 349.0
0 755.0 350.0
0 858.0 351.0
0 543.0 352.0
0 695.0 352.0
0 504.0 353.0
0 566.0 354.0
0 648.0 354.0
0 796.0 354.0
0 762.0 356.0
0 863.0 356.0
0 878.0 357.0
0 676.0 358.0
0 716.0 358.0
0 498.0 359.0
0 615.0 359.0
0 516.0 360.0
0 529.0 360.0
0 602.0 361.0
0 865.0 361.0
0 562.0 363.0
0 651.0 365.0
0 695.0 365.0
0 884.0 365.0
0 508.0 366.0
0 790.0 366.0
0 486.0 367.0
0 669.0 367.0
0 291.0 368.0
0 630.0 368.0
0 678.0 369.0
0 572.0 370.0
0 747.0 370.0
0 487.0 372.0
0 493.0 372.0
0 547.0 372.0
0 611.0 372.0
0 502.0 373.0
0 731.0 373.0
0 521.0 374.0
0 537.0 374.0
0 599.0 374.0
0 512.0 376.0
0 581.0 376.0
0 736.0 377.0
0 487.0 378.0
0 879.0 379.0
0 589.0 380.0
0 653.0 380.0
0 669.0 380.0
0 768.0 381.0
0 863.0 381.0
0 508.0 382.0
0 789.0 382.0
0 488.0 383.0
0 530.0 383.0
0 550.0 383.0
0 763.0 383.0
0 541.0 384.0
0 521.0 386.0
0 708.0 387.0
0 620.0 389.0
0 680.0 389.0
0 755.0 390.0
0 500.0 391.0
0 513.0 392.0
0 699.0 392.0
0 803.0 392.0
0 562.0 393.0
0 527.0 395.0
0 876.0 395.0
0 539.0 396.0
0 549.0 396.0
0 721.0 396.0
0 796.0 396.0
0 656.0 398.0
0 820.0 399.0
0 528.0 401.0
0 539.0 401.0
0 680.0 401.0
0 850.0 401.0
0 575.0 403.0
0 618.0 403.0
0 738.0 403.0
0 500.0 405.0
0 624.0 405.0
0 529.0 406.0
0 629.0 406.0
0 635.0 406.0
0 701.0 406.0
0 548.0 408.0
0 813.0 408.0
0 537.0 410.0
0 807.0 411.0
0 745.0 412.0
0 846.0 414.0
0 583.0 415.0
0 597.0 415.0
0 700.0 415.0
0 609.0 416.0
0 646.0 416.0
0 508.0 418.0
0 525.0 418.0
0 662.0 419.0
0 714.0 420.0
0 563.0 421.0
0 500.0 422.0
0 516.0 424.0
0 817.0 424.0
0 838.0 424.0
0 665.0 425.0
0 740.0 428.0
0 545.0 429.0
0 583.0 429.0
0 599.0 429.0
0 606.0 429.0
0 844.0 429.0
0 650.0 430.0
0 756.0 430.0
0 779.0 430.0
0 828.0 430.0
0 507.0 431.0
0 702.0 432.0
0 855.0 432.0
0 567.0 433.0
0 613.0 433.0
0 819.0 433.0
0 834.0 434.0
0 500.0 436.0
0 531.0 436.0
0 553.0 437.0
0 604.0 437.0
0 704.0 437.0
0 711.0 437.0
0 766.0 437.0
0 495.0 439.0
0 845.0 440.0
0 546.0 441.0
0 597.0 441.0
0 622.0 441.0
0 743.0 441.0
0 490.0 442.0
0 592.0 442.0
0 826.0 442.0
0 582.0 443.0
0 664.0 443.0
0 516.0 445.0
0 772.0 446.0
0 534.0 447.0
0 837.0 447.0
0 529.0 448.0
0 664.0 448.0
0 854.0 448.0
0 566.0 449.0
0 633.0 449.0
0 820.0 449.0
0 613.0 450.0
0 547.0 451.0
0 480.0 452.0
0 587.0 452.0
0 793.0 452.0
0 523.0 453.0
0 621.0 453.0
0 830.0 453.0
0 503.0 454.0
0 703.0 454.0
0 574.0 455.0
0 680.0 455.0
0 687.0 456.0
0 721.0 457.0
0 540.0 458.0
0 599.0 458.0
0 650.0 458.0
0 471.0 460.0
0 582.0 460.0
0 814.0 460.0
0 512.0 461.0
0 552.0 461.0
0 847.0 461.0
0 827.0 462.0
0 630.0 463.0
0 723.0 464.0
0 488.0 466.0
0 564.0 466.0
0 665.0 467.0
0 857.0 467.0
0 801.0 468.0
0 546.0 469.0
0 719.0 469.0
0 679.0 470.0
0 702.0 470.0
0 748.0 470.0
0 461.0 471.0
0 845.0 471.0
0 556.0 472.0
0 616.0 473.0
0 665.0 473.0
0 835.0 473.0
0 526.0 474.0
0 621.0 474.0
0 765.0 475.0
0 626.0 476.0
0 535.0 477.0
0 571.0 477.0
0 742.0 478.0
0 822.0 479.0
0 453.0 480.0
0 849.0 481.0
0 515.0 482.0
0 523.0 482.0
0 552.0 482.0
0 667.0 484.0
0 770.0 485.0
0 837.0 488.0
0 463.0 489.0
0 477.0 489.0
0 704.0 489.0
0 743.0 489.0
0 730.0 490.0
0 538.0 491.0
0 719.0 491.0
0 803.0 491.0
0 519.0 492.0
0 618.0 493.0
0 556.0 494.0
0 631.0 494.0
0 869.0 494.0
0 623.0 495.0
0 786.0 495.0
0 811.0 495.0
0 733.0 496.0
0 520.0 497.0
0 576.0 498.0
0 528.0 499.0
0 669.0 499.0
0 816.0 499.0
0 590.0 500.0
0 704.0 501.0
0 520.0 502.0
0 859.0 502.0
0 769.0 503.0
0 553.0 504.0
0 722.0 504.0
0 827.0 504.0
0 788.0 506.0
0 669.0 507.0
0 603.0 508.0
0 686.0 508.0
0 887.0 508.0
0 458.0 509.0
0 562.0 510.0
0 525.0 511.0
0 537.0 511.0
0 591.0 513.0
0 874.0 514.0
0 786.0 515.0
0 552.0 516.0
0 627.0 516.0
0 704.0 517.0
0 763.0 517.0
0 532.0 518.0
0 671.0 518.0
0 813.0 518.0
0 801.0 519.0
0 523.0 521.0
0 823.0 522.0
0 861.0 522.0
0 628.0 524.0
0 602.0 525.0
0 781.0 525.0
0 563.0 526.0
0 657.0 526.0
0 708.0 527.0
0 818.0 527.0
0 906.0 527.0
0 886.0 528.0
0 442.0 530.0
0 531.0 533.0
0 733.0 533.0
0 738.0 533.0
0 779.0 533.0
0 721.0 534.0
0 763.0 534.0
0 525.0 535.0
0 586.0 535.0
0 628.0 535.0
0 659.0 535.0
0 805.0 535.0
0 672.0 536.0
0 710.0 536.0
0 702.0 538.0
0 815.0 538.0
0 793.0 539.0
0 646.0 540.0
0 883.0 540.0
0 541.0 541.0
0 629.0 541.0
0 569.0 542.0
0 531.0 545.0
0 809.0 545.0
0 921.0 545.0
0 546.0 546.0
0 717.0 548.0
0 558.0 549.0
0 738.0 551.0
0 773.0 551.0
0 602.0 552.0
0 798.0 552.0
0 533.0 553.0
0 541.0 554.0
0 594.0 554.0
0 712.0 556.0
0 787.0 556.0
0 650.0 557.0
0 571.0 560.0
0 903.0 560.0
0 555.0 561.0
0 631.0 561.0
0 672.0 564.0
0 799.0 567.0
0 547.0 568.0
0 584.0 568.0
0 745.0 568.0
0 768.0 570.0
0 609.0 571.0
0 937.0 571.0
0 713.0 572.0
0 729.0 573.0
0 631.0 574.0
0 673.0 574.0
0 570.0 575.0
0 540.0 577.0
0 605.0 577.0
0 555.0 579.0
0 635.0 583.0
0 659.0 584.0
0 671.0 584.0
0 797.0 584.0
0 562.0 587.0
0 594.0 587.0
0 549.0 588.0
0 741.0 588.0
0 762.0 589.0
0 927.0 589.0
0 615.0 590.0
0 693.0 592.0
0 750.0 593.0
0 789.0 594.0
0 715.0 595.0
0 567.0 597.0
0 633.0 597.0
0 578.0 598.0
0 670.0 600.0
0 783.0 600.0
0 756.0 601.0
0 558.0 602.0
0 939.0 602.0
0 736.0 604.0
0 769.0 604.0
0 548.0 606.0
0 579.0 606.0
0 635.0 606.0
0 690.0 606.0
0 701.0 606.0
0 909.0 608.0
0 716.0 609.0
0 668.0 611.0
0 752.0 614.0
0 949.0 614.0
0 556.0 615.0
0 907.0 616.0
0 600.0 617.0
0 636.0 617.0
0 781.0 617.0
0 912.0 617.0
0 917.0 620.0
0 729.0 621.0
0 665.0 623.0
0 558.0 624.0
0 574.0 624.0
0 716.0 626.0
0 583.0 628.0
0 700.0 628.0
0 777.0 628.0
0 756.0 631.0
0 584.0 633.0
0 605.0 633.0
0 745.0 633.0
0 774.0 633.0
0 565.0 636.0
0 638.0 636.0
0 682.0 637.0
0 715.0 637.0
0 627.0 639.0
0 701.0 640.0
0 771.0 640.0
0 568.0 641.0
0 742.0 642.0
0 604.0 643.0
0 639.0 643.0
0 731.0 644.0
0 661.0 648.0
0 758.0 650.0
0 714.0 652.0
0 677.0 653.0
0 586.0 654.0
0 698.0 655.0
0 732.0 659.0
0 660.0 660.0
0 592.0 661.0
0 641.0 662.0
0 713.0 663.0
0 603.0 664.0
0 674.0 664.0
0 732.0 664.0
0 696.0 667.0
0 723.0 669.0
0 642.0 671.0
0 657.0 672.0
0 711.0 676.0
0 738.0 677.0
0 671.0 679.0
0 728.0 684.0
0 688.0 685.0
0 717.0 685.0
0 632.0 687.0
0 654.0 690.0
0 666.0 691.0
0 368.0 694.0
0 705.0 694.0
0 719.0 695.0
0 693.0 698.0
0 656.0 699.0
0 696.0 704.0
0 654.0 705.0
1 977.0 55.0
1 683.0 79.0
1 973.0 102.0
1 241.0 110.0
1 751.0 110.0
1 445.0 122.0
1 278.0 137.0
1 474.0 144.0
1 294.0 149.0
1 482.0 154.0
1 310.0 162.0
1 490.0 163.0
1 481.0 166.0
1 325.0 174.0
1 498.0 174.0
1 913.0 174.0
1 931.0 174.0
1 311.0 175.0
1 654.0 176.0
1 926.0 176.0
1 302.0 177.0
1 489.0 181.0
1 318.0 186.0
1 343.0 187.0
1 651.0 188.0
1 900.0 188.0
1 509.0 189.0
1 907.0 189.0
1 912.0 189.0
1 887.0 190.0
1 318.0 191.0
1 495.0 192.0
1 329.0 196.0
1 665.0 197.0
1 321.0 198.0
1 445.0 200.0
1 648.0 200.0
1 864.0 200.0
1 1063.0 201.0
1 362.0 202.0
1 566.0 204.0
1 520.0 205.0
1 890.0 205.0
1 342.0 207.0
1 656.0 208.0
1 367.0 210.0
1 765.0 210.0
1 505.0 211.0
1 790.0 212.0
1 837.0 213.0
1 352.0 216.0
1 379.0 216.0
1 672.0 216.0
1 751.0 216.0
1 492.0 219.0
1 761.0 219.0
1 642.0 221.0
1 737.0 221.0
1 823.0 221.0
1 532.0 222.0
1 368.0 223.0
1 347.0 224.0
1 727.0 226.0
1 639.0 227.0
1 768.0 227.0
1 839.0 227.0
1 373.0 228.0
1 757.0 228.0
1 846.0 230.0
1 398.0 231.0
1 599.0 231.0
1 637.0 232.0
1 661.0 232.0
1 801.0 234.0
1 499.0 236.0
1 540.0 237.0
1 791.0 240.0
1 829.0 240.0
1 866.0 240.0
1 812.0 241.0
1 700.0 243.0
1 381.0 244.0
1 653.0 244.0
1 737.0 244.0
1 841.0 244.0
1 395.0 246.0
1 416.0 247.0
1 523.0 247.0
1 384.0 249.0
1 651.0 249.0
1 867.0 249.0
1 857.0 250.0
1 403.0 252.0
1 149.0 254.0
1 685.0 254.0
1 771.0 254.0
1 525.0 255.0
1 620.0 255.0
1 808.0 255.0
1 549.0 256.0
1 793.0 256.0
1 628.0 257.0
1 598.0 258.0
1 435.0 263.0
1 415.0 264.0
1 528.0 265.0
1 700.0 265.0
1 711.0 265.0
1 754.0 265.0
1 669.0 267.0
1 419.0 269.0
1 775.0 271.0
1 534.0 273.0
1 526.0 274.0
1 618.0 274.0
1 735.0 278.0
1 779.0 278.0
1 453.0 279.0
1 560.0 280.0
1 696.0 280.0
1 551.0 281.0
1 437.0 285.0
1 649.0 285.0
1 541.0 286.0
1 415.0 288.0
1 460.0 288.0
1 627.0 289.0
1 673.0 290.0
1 597.0 291.0
1 717.0 292.0
1 446.0 293.0
1 470.0 293.0
1 638.0 293.0
1 643.0 294.0
1 525.0 296.0
1 568.0 299.0
1 739.0 301.0
1 431.0 306.0
1 460.0 307.0
1 486.0 307.0
1 618.0 308.0
1 533.0 309.0
1 631.0 309.0
1 664.0 312.0
1 467.0 313.0
1 722.0 315.0
1 501.0 319.0
1 555.0 321.0
1 615.0 321.0
1 543.0 323.0
1 623.0 325.0
1 482.0 326.0
1 565.0 326.0
1 616.0 326.0
1 581.0 331.0
1 488.0 332.0
1 497.0 332.0
1 800.0 332.0
1 517.0 333.0
1 550.0 335.0
1 640.0 338.0
1 660.0 338.0
1 375.0 339.0
1 562.0 339.0
1 613.0 339.0
1 540.0 340.0
1 498.0 341.0
1 363.0 342.0
1 368.0 342.0
1 390.0 342.0
1 408.0 346.0
1 780.0 346.0
1 348.0 347.0
1 507.0 347.0
1 577.0 348.0
1 610.0 348.0
1 538.0 349.0
1 363.0 350.0
1 694.0 351.0
1 427.0 352.0
1 566.0 352.0
1 642.0 354.0
1 515.0 355.0
1 666.0 355.0
1 547.0 356.0
1 331.0 358.0
1 480.0 358.0
1 771.0 358.0
1 537.0 359.0
1 661.0 360.0
1 407.0 361.0
1 446.0 361.0
1 601.0 361.0
1 672.0 361.0
1 527.0 364.0
1 767.0 365.0
1 783.0 367.0
1 634.0 368.0
1 650.0 368.0
1 422.0 369.0
1 461.0 369.0
1 495.0 369.0
1 795.0 370.0
1 515.0 372.0
1 563.0 372.0
1 611.0 372.0
1 552.0 373.0
1 539.0 374.0
1 752.0 374.0
1 524.0 375.0
1 416.0 376.0
1 443.0 376.0
1 579.0 376.0
1 656.0 377.0
1 789.0 377.0
1 479.0 380.0
1 588.0 380.0
1 583.0 381.0
1 742.0 381.0
1 798.0 382.0
1 430.0 383.0
1 417.0 384.0
1 425.0 384.0
1 530.0 384.0
1 704.0 384.0
1 571.0 385.0
1 768.0 385.0
1 778.0 385.0
1 458.0 387.0
1 544.0 387.0
1 493.0 388.0
1 552.0 390.0
1 707.0 390.0
1 730.0 390.0
1 680.0 391.0
1 793.0 391.0
1 432.0 392.0
1 649.0 393.0
1 408.0 394.0
1 440.0 395.0
1 526.0 395.0
1 642.0 395.0
1 689.0 395.0
1 604.0 396.0
1 564.0 397.0
1 424.0 398.0
1 505.0 398.0
1 541.0 398.0
1 547.0 399.0
1 717.0 399.0
1 473.0 400.0
1 633.0 400.0
1 639.0 400.0
1 696.0 400.0
1 458.0 401.0
1 683.0 401.0
1 561.0 402.0
1 569.0 402.0
1 582.0 403.0
1 797.0 403.0
1 667.0 404.0
1 688.0 405.0
1 708.0 406.0
1 627.0 407.0
1 541.0 408.0
1 678.0 408.0
1 520.0 410.0
1 533.0 410.0
1 408.0 411.0
1 698.0 412.0
1 470.0 413.0
1 772.0 413.0
1 486.0 414.0
1 558.0 414.0
1 736.0 414.0
1 788.0 414.0
1 592.0 415.0
1 505.0 416.0
1 613.0 416.0
1 711.0 416.0
1 425.0 418.0
1 540.0 419.0
1 732.0 419.0
1 626.0 421.0
1 683.0 422.0
1 494.0 423.0
1 727.0 423.0
1 737.0 423.0
1 412.0 425.0
1 608.0 426.0
1 663.0 426.0
1 720.0 427.0
1 489.0 428.0
1 457.0 429.0
1 464.0 429.0
1 475.0 429.0
1 501.0 429.0
1 570.0 429.0
1 516.0 430.0
1 535.0 430.0
1 637.0 431.0
1 662.0 431.0
1 430.0 432.0
1 553.0 432.0
1 778.0 432.0
1 420.0 433.0
1 729.0 434.0
1 412.0 435.0
1 608.0 436.0
1 621.0 436.0
1 661.0 436.0
1 754.0 436.0
1 466.0 439.0
1 489.0 439.0
1 506.0 439.0
1 548.0 439.0
1 481.0 440.0
1 513.0 440.0
1 582.0 440.0
1 702.0 440.0
1 768.0 440.0
1 444.0 441.0
1 456.0 441.0
1 744.0 441.0
1 548.0 444.0
1 735.0 444.0
1 418.0 445.0
1 649.0 445.0
1 557.0 446.0
1 752.0 447.0
1 615.0 448.0
1 393.0 450.0
1 576.0 450.0
1 474.0 451.0
1 499.0 451.0
1 449.0 453.0
1 454.0 453.0
1 465.0 453.0
1 513.0 453.0
1 544.0 454.0
1 744.0 454.0
1 426.0 455.0
1 435.0 455.0
1 575.0 455.0
1 679.0 457.0
1 712.0 457.0
1 374.0 458.0
1 458.0 458.0
1 603.0 458.0
1 659.0 458.0
1 543.0 459.0
1 340.0 460.0
1 398.0 461.0
1 417.0 461.0
1 446.0 461.0
1 711.0 462.0
1 577.0 463.0
1 472.0 464.0
1 542.0 464.0
1 616.0 464.0
1 625.0 464.0
1 757.0 464.0
1 356.0 466.0
1 734.0 466.0
1 762.0 466.0
1 457.0 467.0
1 587.0 467.0
1 444.0 469.0
1 506.0 469.0
1 705.0 470.0
1 426.0 471.0
1 555.0 471.0
1 456.0 472.0
1 340.0 473.0
1 464.0 473.0
1 661.0 473.0
1 750.0 473.0
1 480.0 475.0
1 666.0 475.0
1 560.0 476.0
1 671.0 476.0
1 437.0 478.0
1 537.0 478.0
1 742.0 479.0
1 474.0 480.0
1 520.0 480.0
1 581.0 480.0
1 552.0 481.0
1 724.0 481.0
1 759.0 482.0
1 320.0 483.0
1 489.0 483.0
1 682.0 483.0
1 440.0 484.0
1 513.0 484.0
1 753.0 484.0
1 303.0 485.0
1 445.0 485.0
1 465.0 487.0
1 602.0 487.0
1 733.0 487.0
1 452.0 488.0
1 473.0 490.0
1 694.0 490.0
1 500.0 491.0
1 713.0 491.0
1 459.0 492.0
1 548.0 492.0
1 760.0 492.0
1 291.0 493.0
1 510.0 493.0
1 593.0 493.0
1 584.0 494.0
1 620.0 494.0
1 440.0 495.0
1 721.0 495.0
1 497.0 496.0
1 572.0 496.0
1 430.0 497.0
1 445.0 497.0
1 700.0 498.0
1 749.0 498.0
1 638.0 499.0
1 476.0 500.0
1 498.0 501.0
1 682.0 501.0
1 290.0 502.0
1 311.0 502.0
1 458.0 502.0
1 728.0 502.0
1 736.0 502.0
1 603.0 503.0
1 707.0 503.0
1 753.0 503.0
1 758.0 503.0
1 648.0 504.0
1 440.0 505.0
1 538.0 505.0
1 586.0 506.0
1 543.0 507.0
1 755.0 509.0
1 449.0 510.0
1 693.0 510.0
1 712.0 510.0
1 495.0 511.0
1 661.0 511.0
1 522.0 512.0
1 566.0 512.0
1 577.0 513.0
1 649.0 513.0
1 587.0 514.0
1 527.0 515.0
1 593.0 515.0
1 608.0 515.0
1 747.0 515.0
1 663.0 516.0
1 472.0 517.0
1 733.0 517.0
1 286.0 519.0
1 454.0 519.0
1 720.0 519.0
1 534.0 520.0
1 598.0 520.0
1 703.0 520.0
1 482.0 521.0
1 675.0 521.0
1 448.0 522.0
1 491.0 523.0
1 664.0 524.0
1 746.0 525.0
1 469.0 526.0
1 680.0 526.0
1 531.0 528.0
1 502.0 529.0
1 596.0 529.0
1 480.0 530.0
1 521.0 531.0
1 584.0 531.0
1 731.0 531.0
1 471.0 532.0
1 688.0 533.0
1 460.0 534.0
1 662.0 534.0
1 717.0 534.0
1 487.0 535.0
1 518.0 536.0
1 527.0 537.0
1 541.0 538.0
1 574.0 540.0
1 597.0 540.0
1 459.0 541.0
1 740.0 541.0
1 702.0 543.0
1 635.0 544.0
1 664.0 544.0
1 520.0 547.0
1 540.0 547.0
1 727.0 547.0
1 690.0 549.0
1 578.0 550.0
1 584.0 550.0
1 663.0 553.0
1 480.0 554.0
1 463.0 555.0
1 541.0 556.0
1 572.0 557.0
1 615.0 557.0
1 597.0 558.0
1 715.0 558.0
1 520.0 560.0
1 644.0 561.0
1 663.0 561.0
1 754.0 561.0
1 735.0 562.0
1 515.0 565.0
1 702.0 566.0
1 724.0 566.0
1 686.0 568.0
1 467.0 569.0
1 476.0 571.0
1 597.0 572.0
1 730.0 574.0
1 524.0 575.0
1 538.0 576.0
1 709.0 576.0
1 516.0 577.0
1 597.0 577.0
1 660.0 578.0
1 764.0 579.0
1 492.0 581.0
1 471.0 582.0
1 526.0 583.0
1 550.0 583.0
1 705.0 583.0
1 683.0 585.0
1 490.0 586.0
1 644.0 589.0
1 500.0 590.0
1 512.0 590.0
1 527.0 591.0
1 658.0 591.0
1 718.0 591.0
1 598.0 592.0
1 728.0 592.0
1 744.0 592.0
1 564.0 593.0
1 632.0 593.0
1 710.0 593.0
1 466.0 596.0
1 658.0 597.0
1 499.0 598.0
1 532.0 601.0
1 485.0 603.0
1 556.0 603.0
1 686.0 603.0
1 721.0 603.0
1 587.0 604.0
1 705.0 604.0
1 776.0 604.0
1 626.0 606.0
1 476.0 607.0
1 205.0 608.0
1 509.0 608.0
1 693.0 608.0
1 755.0 608.0
1 568.0 609.0
1 599.0 609.0
1 581.0 613.0
1 634.0 613.0
1 710.0 613.0
1 534.0 615.0
1 656.0 615.0
1 555.0 616.0
1 598.0 616.0
1 720.0 620.0
1 487.0 621.0
1 567.0 621.0
1 703.0 621.0
1 208.0 623.0
1 537.0 624.0
1 696.0 624.0
1 506.0 626.0
1 653.0 626.0
1 492.0 629.0
1 600.0 629.0
1 626.0 629.0
1 694.0 629.0
1 674.0 631.0
1 714.0 631.0
1 199.0 633.0
1 447.0 634.0
1 540.0 634.0
1 463.0 637.0
1 777.0 637.0
1 652.0 639.0
1 700.0 642.0
1 569.0 643.0
1 762.0 643.0
1 501.0 644.0
1 624.0 644.0
1 511.0 645.0
1 616.0 645.0
1 601.0 649.0
1 713.0 649.0
1 782.0 651.0
1 762.0 652.0
1 546.0 653.0
1 788.0 654.0
1 523.0 656.0
1 650.0 656.0
1 687.0 656.0
1 769.0 656.0
1 582.0 657.0
1 621.0 658.0
1 548.0 660.0
1 601.0 660.0
1 493.0 661.0
1 509.0 662.0
1 649.0 664.0
1 699.0 666.0
1 694.0 669.0
1 568.0 670.0
1 186.0 671.0
1 663.0 672.0
1 583.0 673.0
1 521.0 674.0
1 602.0 675.0
1 679.0 676.0
1 554.0 679.0
1 691.0 680.0
1 647.0 681.0
1 437.0 683.0
1 581.0 683.0
1 623.0 683.0
1 557.0 686.0
1 602.0 687.0
1 645.0 687.0
1 474.0 688.0
1 671.0 692.0
1 576.0 694.0
1 461.0 697.0
1 418.0 700.0
1 550.0 701.0
1 555.0 704.0
1 603.0 704.0
1 416.0 705.0
1 630.0 706.0
1 576.0 708.0
1 623.0 708.0
1 644.0 708.0
1 619.0 715.0
1 610.0 717.0
1 634.0 718.0
1 609.0 725.0
