0 1 0 290.14864889871353
0 19 14 302.46886559680445
0 18 16 369.2359970200924
0 28 27 266.21285551779613
0 40 42 255.18209419561373
0 44 46 399.1380708035699
0 50 62 401.66974383259515
0 70 80 407.74422126249254
0 80 90 446.98909350795793
0 81 96 362.58535569085484
0 84 98 256.2432778434359
0 86 99 425.57325738879274
0 92 109 218.20282626052875
0 98 110 445.1496440533541
0 103 115 199.24838354006508
0 106 119 284.50384631461867
0 109 123 331.5817850361045
0 125 129 339.34289038063173
0 134 143 452.37107189357
0 144 166 346.96670686674815
0 174 177 495.717404828551
0 176 190 417.6381580495003
0 194 199 351.0733473744124
0 180 201 297.5075881013747
0 177 202 393.4528709236983
0 198 206 385.6831264367816
0 197 220 421.7455193100626
0 205 222 265.8170938296752
0 208 229 438.8605389293414
0 215 230 484.44431001466785
0 232 239 342.12087537525093
0 210 240 479.66732210159455
0 226 242 450.8455731368077
0 236 245 365.63135650058445
0 222 247 252.07555107480434
0 241 253 302.8015141505139
0 234 261 486.11959816620214
0 242 266 260.03187081432077
0 251 267 278.8914303952338
0 266 268 260.33063442458626
0 244 270 217.500282777841
0 259 273 368.60234784610867
0 254 277 387.7661437619211
0 258 278 189.00925927281997
0 257 285 132.3523226007082
0 264 286 214.2860691772227
0 273 287 347.53000429409565
0 269 288 327.4149026408403
0 283 289 339.66228362802104
0 277 290 388.7169505354376
0 265 291 180.54052774361142
0 261 295 248.46311613490735
0 274 296 322.551308202968
0 271 297 203.8054408925973
0 276 299 240.94439450664765
0 289 302 407.32836867052225
0 280 305 208.82345857455581
0 270 307 236.65167788562482
0 284 308 397.33556269730934
0 187 309 323.4242547911071
0 275 310 448.6401547557296
0 188 313 202.97244276555074
0 292 315 332.99401870891404
0 288 318 203.09287448193948
0 286 319 434.8224347812002
0 291 322 407.71543593270144
0 296 324 306.2785192755183
0 303 325 213.98148255614853
0 301 326 279.48129459293034
0 294 327 259.650523283397
0 302 328 161.12982467260872
0 304 334 478.89394249921355
0 305 335 332.07608416932715
0 309 341 284.57698109386274
0 308 342 279.33794911276334
0 313 343 465.368591547235
0 310 345 334.1419263351713
0 312 347 258.50605240284887
0 315 348 300.4589744106342
0 318 349 156.58047649428508
0 320 352 286.8193364039606
0 319 357 305.58528838067747
0 327 358 384.9790130969657
0 323 359 165.4471967233258
0 331 360 288.2200813815695
0 334 362 375.6630696967271
0 324 364 177.42641002052375
0 335 368 371.2146308500898
0 321 370 488.93484058858814
0 338 377 278.57417421346605
0 336 378 161.2036899671236
0 345 383 212.54740748900394
0 346 384 428.55046275101614
0 343 385 260.6878951755103
0 344 387 276.8215089374725
0 353 389 411.493992521364
0 351 392 164.13571678114212
0 357 397 225.02703823928297
0 356 398 204.30888055713731
0 364 405 312.0967414893019
0 359 407 402.73680827086935
0 358 408 463.5357386163994
0 367 409 271.63017453920446
0 369 411 478.3056048943515
0 368 415 483.05193216485713
0 372 416 369.5678444649794
0 370 420 474.8323889709378
0 380 425 395.6585890261045
0 382 428 442.954348923641
0 383 431 316.7216176097746
0 387 433 283.37938871780455
0 386 434 307.25332487971775

0 389.0 16.0
0 130.0 22.0
0 502.0 25.0
0 384.0 28.0
0 412.0 29.0
0 502.0 30.0
0 145.0 35.0
0 264.0 41.0
0 153.0 42.0
0 497.0 42.0
0 303.0 47.0
0 160.0 49.0
0 308.0 50.0
0 271.0 52.0
0 153.0 54.0
0 376.0 55.0
0 167.0 56.0
0 477.0 56.0
0 291.0 57.0
0 192.0 59.0
0 274.0 60.0
0 309.0 61.0
0 480.0 62.0
0 176.0 63.0
0 263.0 64.0
0 475.0 65.0
0 366.0 66.0
0 163.0 67.0
0 290.0 67.0
0 470.0 67.0
0 465.0 69.0
0 184.0 71.0
0 279.0 72.0
0 308.0 73.0
0 369.0 73.0
0 271.0 74.0
0 290.0 74.0
0 300.0 74.0
0 461.0 74.0
0 449.0 75.0
0 456.0 76.0
0 193.0 80.0
0 174.0 81.0
0 283.0 81.0
0 516.0 81.0
0 347.0 82.0
0 186.0 84.0
0 272.0 84.0
0 284.0 86.0
0 264.0 87.0
0 354.0 87.0
0 359.0 87.0
0 202.0 88.0
0 294.0 90.0
0 338.0 90.0
0 566.0 90.0
0 223.0 91.0
0 309.0 92.0
0 265.0 93.0
0 349.0 94.0
0 211.0 97.0
0 372.0 97.0
0 200.0 98.0
0 265.0 98.0
0 231.0 99.0
0 309.0 101.0
0 275.0 102.0
0 280.0 102.0
0 295.0 102.0
0 12.0 103.0
0 236.0 105.0
0 208.0 107.0
0 221.0 108.0
0 266.0 108.0
0 471.0 108.0
0 289.0 110.0
0 277.0 112.0
0 200.0 113.0
0 162.0 117.0
0 229.0 117.0
0 218.0 118.0
0 311.0 119.0
0 207.0 122.0
0 222.0 123.0
0 277.0 123.0
0 417.0 123.0
0 333.0 125.0
0 295.0 126.0
0 210.0 127.0
0 247.0 133.0
0 232.0 134.0
0 277.0 134.0
0 330.0 134.0
0 381.0 136.0
0 313.0 138.0
0 476.0 138.0
0 254.0 140.0
0 295.0 141.0
0 241.0 144.0
0 223.0 145.0
0 436.0 146.0
0 271.0 149.0
0 313.0 149.0
0 261.0 150.0
0 487.0 150.0
0 326.0 151.0
0 200.0 152.0
0 610.0 152.0
0 195.0 153.0
0 248.0 153.0
0 187.0 154.0
0 180.0 155.0
0 299.0 155.0
0 362.0 155.0
0 213.0 156.0
0 339.0 157.0
0 278.0 158.0
0 348.0 158.0
0 311.0 159.0
0 178.0 160.0
0 223.0 160.0
0 268.0 160.0
0 228.0 161.0
0 257.0 161.0
0 426.0 161.0
0 334.0 164.0
0 274.0 165.0
0 285.0 166.0
0 298.0 166.0
0 218.0 168.0
0 263.0 168.0
0 349.0 168.0
0 456.0 168.0
0 309.0 169.0
0 276.0 170.0
0 414.0 170.0
0 209.0 172.0
0 246.0 172.0
0 291.0 173.0
0 344.0 173.0
0 508.0 175.0
0 204.0 176.0
0 317.0 177.0
0 221.0 178.0
0 277.0 179.0
0 310.0 179.0
0 414.0 181.0
0 211.0 182.0
0 305.0 182.0
0 407.0 182.0
0 198.0 183.0
0 257.0 184.0
0 331.0 184.0
0 291.0 185.0
0 319.0 185.0
0 230.0 186.0
0 247.0 186.0
0 205.0 187.0
0 422.0 187.0
0 279.0 188.0
0 450.0 189.0
0 482.0 189.0
0 197.0 193.0
0 204.0 193.0
0 381.0 193.0
0 140.0 194.0
0 269.0 194.0
0 310.0 194.0
0 325.0 194.0
0 338.0 194.0
0 414.0 194.0
0 221.0 196.0
0 124.0 197.0
0 294.0 198.0
0 240.0 199.0
0 338.0 199.0
0 373.0 199.0
0 279.0 200.0
0 353.0 200.0
0 431.0 200.0
0 159.0 202.0
0 411.0 202.0
0 320.0 203.0
0 448.0 203.0
0 197.0 204.0
0 203.0 205.0
0 228.0 205.0
0 307.0 205.0
0 363.0 206.0
0 403.0 206.0
0 212.0 207.0
0 286.0 208.0
0 320.0 208.0
0 382.0 209.0
0 496.0 209.0
0 556.0 209.0
0 233.0 211.0
0 88.0 212.0
0 238.0 212.0
0 243.0 212.0
0 81.0 213.0
0 206.0 213.0
0 306.0 214.0
0 497.0 214.0
0 100.0 215.0
0 319.0 215.0
0 331.0 215.0
0 397.0 215.0
0 367.0 216.0
0 217.0 217.0
0 381.0 219.0
0 200.0 220.0
0 266.0 220.0
0 231.0 221.0
0 246.0 221.0
0 362.0 221.0
0 391.0 222.0
0 236.0 223.0
0 289.0 223.0
0 294.0 224.0
0 301.0 226.0
0 533.0 227.0
0 194.0 228.0
0 219.0 228.0
0 398.0 228.0
0 346.0 229.0
0 313.0 230.0
0 384.0 230.0
0 243.0 231.0
0 318.0 231.0
0 233.0 232.0
0 323.0 232.0
0 203.0 233.0
0 337.0 234.0
0 371.0 234.0
0 543.0 234.0
0 279.0 235.0
0 291.0 235.0
0 224.0 236.0
0 185.0 238.0
0 219.0 238.0
0 262.0 238.0
0 197.0 239.0
0 384.0 239.0
0 395.0 239.0
0 238.0 242.0
0 363.0 242.0
0 210.0 243.0
0 332.0 243.0
0 371.0 243.0
0 228.0 244.0
0 191.0 245.0
0 289.0 245.0
0 233.0 246.0
0 266.0 246.0
0 261.0 247.0
0 350.0 247.0
0 362.0 247.0
0 333.0 248.0
0 383.0 248.0
0 391.0 249.0
0 272.0 250.0
0 372.0 250.0
0 37.0 251.0
0 173.0 251.0
0 288.0 251.0
0 307.0 251.0
0 224.0 252.0
0 324.0 252.0
0 356.0 253.0
0 196.0 255.0
0 262.0 255.0
0 267.0 255.0
0 334.0 255.0
0 372.0 255.0
0 395.0 255.0
0 35.0 256.0
0 272.0 256.0
0 311.0 257.0
0 238.0 258.0
0 183.0 259.0
0 218.0 259.0
0 233.0 259.0
0 385.0 259.0
0 390.0 259.0
0 244.0 260.0
0 260.0 260.0
0 334.0 260.0
0 365.0 262.0
0 161.0 263.0
0 378.0 263.0
0 313.0 264.0
0 30.0 265.0
0 336.0 265.0
0 391.0 265.0
0 222.0 266.0
0 289.0 266.0
0 260.0 267.0
0 355.0 267.0
0 318.0 269.0
0 245.0 270.0
0 376.0 270.0
0 338.0 271.0
0 386.0 271.0
0 27.0 272.0
0 237.0 272.0
0 311.0 272.0
0 226.0 273.0
0 261.0 274.0
0 543.0 274.0
0 273.0 275.0
0 376.0 275.0
0 285.0 276.0
0 584.0 279.0
0 235.0 280.0
0 324.0 280.0
0 352.0 280.0
0 374.0 280.0
0 228.0 281.0
0 300.0 281.0
0 312.0 281.0
0 340.0 282.0
0 387.0 282.0
0 369.0 284.0
0 239.0 285.0
0 264.0 285.0
0 231.0 286.0
0 275.0 286.0
0 254.0 288.0
0 351.0 289.0
0 20.0 290.0
0 244.0 290.0
0 327.0 290.0
0 231.0 291.0
0 342.0 291.0
0 371.0 291.0
0 312.0 292.0
0 299.0 293.0
0 167.0 295.0
0 260.0 295.0
0 380.0 295.0
0 245.0 296.0
0 276.0 298.0
0 294.0 298.0
0 163.0 300.0
0 331.0 300.0
0 347.0 300.0
0 256.0 301.0
0 358.0 302.0
0 234.0 303.0
0 268.0 303.0
0 158.0 304.0
0 278.0 305.0
0 311.0 305.0
0 370.0 306.0
0 293.0 307.0
0 381.0 307.0
0 250.0 308.0
0 268.0 308.0
0 241.0 310.0
0 278.0 310.0
0 340.0 311.0
0 346.0 311.0
0 147.0 312.0
0 262.0 312.0
0 312.0 312.0
0 335.0 312.0
0 287.0 313.0
0 361.0 313.0
0 299.0 314.0
0 376.0 314.0
0 312.0 317.0
0 337.0 317.0
0 110.0 318.0
0 133.0 319.0
0 279.0 319.0
0 367.0 319.0
0 253.0 320.0
0 241.0 321.0
0 294.0 322.0
0 311.0 322.0
0 355.0 324.0
0 375.0 325.0
0 247.0 328.0
0 326.0 328.0
0 273.0 329.0
0 350.0 329.0
0 281.0 330.0
0 311.0 331.0
0 345.0 331.0
0 293.0 332.0
0 332.0 334.0
0 259.0 335.0
0 369.0 335.0
0 312.0 336.0
0 364.0 336.0
0 340.0 337.0
0 283.0 338.0
0 249.0 339.0
0 293.0 340.0
0 312.0 341.0
0 350.0 342.0
0 321.0 345.0
0 366.0 345.0
0 312.0 346.0
0 256.0 347.0
0 285.0 347.0
0 302.0 347.0
0 339.0 348.0
0 265.0 349.0
0 364.0 350.0
0 312.0 351.0
0 271.0 352.0
0 276.0 352.0
0 325.0 352.0
0 286.0 355.0
0 296.0 356.0
0 312.0 356.0
0 360.0 358.0
0 337.0 359.0
0 348.0 359.0
0 263.0 361.0
0 312.0 362.0
0 301.0 363.0
0 289.0 365.0
0 275.0 368.0
0 348.0 368.0
0 280.0 370.0
0 289.0 370.0
0 329.0 371.0
0 334.0 371.0
0 302.0 372.0
0 317.0 373.0
0 290.0 380.0
0 306.0 380.0
1 616.0 11.0
1 410.0 20.0
1 171.0 25.0
1 461.0 39.0
1 264.0 41.0
1 232.0 43.0
1 606.0 43.0
1 429.0 47.0
1 603.0 48.0
1 280.0 50.0
1 206.0 53.0
1 286.0 55.0
1 180.0 61.0
1 216.0 61.0
1 296.0 61.0
1 595.0 64.0
1 210.0 65.0
1 302.0 67.0
1 225.0 69.0
1 213.0 70.0
1 309.0 73.0
1 585.0 76.0
1 574.0 77.0
1 235.0 78.0
1 317.0 82.0
1 311.0 84.0
1 336.0 84.0
1 175.0 85.0
1 226.0 85.0
1 567.0 85.0
1 559.0 86.0
1 247.0 88.0
1 571.0 90.0
1 546.0 91.0
1 326.0 92.0
1 564.0 93.0
1 319.0 95.0
1 236.0 96.0
1 257.0 96.0
1 531.0 98.0
1 241.0 102.0
1 336.0 103.0
1 268.0 106.0
1 407.0 106.0
1 256.0 107.0
1 515.0 107.0
1 343.0 108.0
1 318.0 110.0
1 527.0 110.0
1 344.0 113.0
1 262.0 114.0
1 504.0 114.0
1 279.0 117.0
1 335.0 117.0
1 399.0 121.0
1 50.0 122.0
1 491.0 122.0
1 326.0 123.0
1 404.0 123.0
1 513.0 125.0
1 290.0 127.0
1 93.0 128.0
1 480.0 128.0
1 60.0 133.0
1 345.0 133.0
1 468.0 135.0
1 300.0 136.0
1 389.0 137.0
1 360.0 139.0
1 350.0 140.0
1 287.0 141.0
1 406.0 143.0
1 457.0 143.0
1 299.0 145.0
1 309.0 145.0
1 405.0 148.0
1 366.0 151.0
1 447.0 151.0
1 296.0 153.0
1 178.0 154.0
1 311.0 156.0
1 326.0 161.0
1 436.0 161.0
1 407.0 163.0
1 321.0 166.0
1 493.0 166.0
1 304.0 167.0
1 407.0 168.0
1 425.0 169.0
1 377.0 171.0
1 431.0 172.0
1 241.0 175.0
1 331.0 175.0
1 311.0 176.0
1 449.0 176.0
1 236.0 177.0
1 251.0 177.0
1 231.0 178.0
1 226.0 179.0
1 262.0 179.0
1 422.0 181.0
1 274.0 182.0
1 340.0 182.0
1 406.0 182.0
1 359.0 186.0
1 472.0 186.0
1 212.0 187.0
1 272.0 187.0
1 286.0 187.0
1 346.0 187.0
1 484.0 187.0
1 379.0 190.0
1 273.0 192.0
1 330.0 192.0
1 297.0 193.0
1 390.0 193.0
1 456.0 193.0
1 365.0 194.0
1 355.0 195.0
1 400.0 195.0
1 496.0 195.0
1 322.0 196.0
1 417.0 196.0
1 271.0 197.0
1 477.0 197.0
1 284.0 199.0
1 449.0 200.0
1 487.0 200.0
1 430.0 201.0
1 493.0 201.0
1 367.0 202.0
1 382.0 202.0
1 340.0 203.0
1 403.0 203.0
1 292.0 204.0
1 317.0 205.0
1 498.0 205.0
1 392.0 206.0
1 445.0 207.0
1 356.0 208.0
1 382.0 208.0
1 422.0 208.0
1 164.0 209.0
1 322.0 209.0
1 345.0 210.0
1 488.0 210.0
1 284.0 211.0
1 302.0 211.0
1 413.0 211.0
1 87.0 213.0
1 275.0 213.0
1 333.0 214.0
1 368.0 214.0
1 433.0 215.0
1 487.0 215.0
1 298.0 216.0
1 311.0 217.0
1 350.0 219.0
1 384.0 220.0
1 395.0 221.0
1 289.0 222.0
1 317.0 222.0
1 451.0 222.0
1 495.0 222.0
1 303.0 224.0
1 406.0 224.0
1 482.0 224.0
1 298.0 225.0
1 370.0 225.0
1 463.0 226.0
1 324.0 227.0
1 348.0 227.0
1 419.0 227.0
1 282.0 229.0
1 353.0 229.0
1 358.0 229.0
1 310.0 230.0
1 370.0 233.0
1 395.0 233.0
1 283.0 234.0
1 297.0 235.0
1 329.0 235.0
1 460.0 235.0
1 317.0 237.0
1 403.0 237.0
1 375.0 239.0
1 461.0 240.0
1 617.0 240.0
1 625.0 240.0
1 330.0 241.0
1 335.0 241.0
1 429.0 241.0
1 476.0 241.0
1 206.0 242.0
1 341.0 242.0
1 515.0 242.0
1 520.0 242.0
1 367.0 243.0
1 439.0 243.0
1 284.0 244.0
1 482.0 244.0
1 397.0 245.0
1 463.0 245.0
1 312.0 247.0
1 420.0 248.0
1 276.0 249.0
1 329.0 250.0
1 375.0 251.0
1 436.0 252.0
1 472.0 252.0
1 298.0 253.0
1 319.0 253.0
1 482.0 253.0
1 324.0 254.0
1 358.0 254.0
1 309.0 255.0
1 347.0 255.0
1 448.0 255.0
1 338.0 257.0
1 384.0 257.0
1 407.0 258.0
1 367.0 259.0
1 289.0 260.0
1 329.0 260.0
1 375.0 260.0
1 460.0 260.0
1 276.0 263.0
1 318.0 263.0
1 407.0 264.0
1 484.0 264.0
1 384.0 265.0
1 396.0 265.0
1 260.0 266.0
1 472.0 267.0
1 352.0 268.0
1 301.0 269.0
1 323.0 269.0
1 419.0 269.0
1 463.0 270.0
1 256.0 271.0
1 292.0 271.0
1 312.0 271.0
1 376.0 272.0
1 479.0 272.0
1 272.0 273.0
1 435.0 274.0
1 420.0 275.0
1 261.0 276.0
1 397.0 276.0
1 412.0 276.0
1 473.0 276.0
1 304.0 277.0
1 407.0 277.0
1 453.0 277.0
1 353.0 279.0
1 443.0 279.0
1 490.0 279.0
1 325.0 281.0
1 377.0 281.0
1 397.0 281.0
1 461.0 281.0
1 295.0 284.0
1 407.0 284.0
1 466.0 284.0
1 340.0 286.0
1 377.0 286.0
1 388.0 286.0
1 317.0 287.0
1 500.0 287.0
1 445.0 288.0
1 296.0 289.0
1 334.0 290.0
1 494.0 290.0
1 397.0 291.0
1 432.0 291.0
1 354.0 292.0
1 378.0 292.0
1 452.0 293.0
1 465.0 294.0
1 487.0 295.0
1 318.0 297.0
1 500.0 297.0
1 511.0 297.0
1 239.0 298.0
1 330.0 301.0
1 415.0 301.0
1 431.0 301.0
1 439.0 301.0
1 296.0 302.0
1 397.0 302.0
1 406.0 302.0
1 460.0 302.0
1 379.0 303.0
1 498.0 304.0
1 355.0 305.0
1 448.0 305.0
1 321.0 306.0
1 308.0 307.0
1 520.0 308.0
1 435.0 310.0
1 417.0 311.0
1 301.0 312.0
1 335.0 312.0
1 341.0 312.0
1 403.0 313.0
1 444.0 315.0
1 508.0 315.0
1 322.0 316.0
1 356.0 316.0
1 317.0 317.0
1 379.0 318.0
1 452.0 320.0
1 330.0 321.0
1 420.0 321.0
1 528.0 321.0
1 434.0 322.0
1 402.0 323.0
1 340.0 324.0
1 304.0 325.0
1 322.0 325.0
1 359.0 328.0
1 449.0 329.0
1 378.0 330.0
1 310.0 332.0
1 336.0 332.0
1 418.0 332.0
1 523.0 332.0
1 348.0 333.0
1 403.0 335.0
1 321.0 337.0
1 326.0 338.0
1 358.0 338.0
1 378.0 339.0
1 443.0 339.0
1 390.0 340.0
1 427.0 340.0
1 309.0 341.0
1 415.0 341.0
1 327.0 343.0
1 404.0 343.0
1 424.0 347.0
1 536.0 347.0
1 514.0 348.0
1 339.0 349.0
1 359.0 349.0
1 315.0 350.0
1 412.0 351.0
1 376.0 352.0
1 404.0 354.0
1 220.0 355.0
1 395.0 355.0
1 330.0 356.0
1 438.0 356.0
1 385.0 359.0
1 404.0 359.0
1 395.0 360.0
1 320.0 361.0
1 360.0 361.0
1 419.0 361.0
1 373.0 366.0
1 428.0 367.0
1 403.0 368.0
1 394.0 369.0
1 303.0 370.0
1 334.0 372.0
1 424.0 372.0
1 403.0 373.0
1 340.0 374.0
1 362.0 374.0
1 381.0 375.0
1 413.0 375.0
1 393.0 376.0
1 371.0 378.0
1 362.0 379.0
1 401.0 382.0
1 417.0 382.0
1 379.0 383.0
1 294.0 384.0
1 411.0 386.0
1 388.0 387.0
1 357.0 388.0
1 369.0 389.0
1 376.0 389.0
1 381.0 389.0
1 208.0 391.0
1 406.0 392.0
1 391.0 395.0
1 370.0 396.0
1 326.0 405.0
