0 1 1 135.96230933754137
0 3 4 202.89735433213895
0 2 6 305.1387120136568
0 4 7 130.4214212696821
0 10 10 172.61462154703182
0 17 14 189.16939389788007
0 16 16 212.64057614626014
0 18 19 228.22295478197927
0 23 23 209.40879566778884
0 24 24 198.91812319129946
0 28 27 223.4793043205598
0 31 28 162.12535026287895
0 34 29 224.45188296945605
0 38 32 171.86863164847833
0 40 33 200.50465524656155
0 46 34 290.17785596314997
0 42 35 195.45636498947064
0 54 37 219.52037959513882
0 52 41 170.59497804216593
0 60 44 162.06821769856435
0 67 46 155.2289039400173
0 66 47 140.79226497573785
0 75 48 407.36916648223155
0 74 49 126.43487263566931
0 81 54 196.5771389249477
0 90 55 464.3011284901614
0 85 56 171.28528980807965
0 89 57 168.6497797237263
0 94 58 448.7702110506202
0 92 59 349.7103155189797
0 97 61 245.57735184456558
0 91 62 181.55696321021736
0 93 63 133.92783316943476
0 98 64 221.35132073871046
0 104 68 385.37225948080044
0 107 70 220.45070860778176
0 110 71 172.0464828191592
0 106 72 136.24468929066538
0 101 73 238.29119982910635
0 115 74 395.3730379185128
0 105 75 151.72907145662646
0 112 77 171.60943272034325
0 137 78 468.4821173767573
0 119 79 333.8149914368613
0 108 80 225.32425619240888
0 120 81 405.41078818120855
0 127 82 171.71755982632564
0 124 83 132.96869454590473
0 128 84 188.17461643806425
0 140 86 263.85012084390695
0 129 89 289.3906496647609
0 134 91 217.63163223438795
0 159 93 137.34378236157534
0 141 94 292.9596982608088
0 158 95 263.3722198866778
0 148 96 193.09340584783394
0 146 97 357.5546322996379
0 145 98 155.5007989043809
0 156 100 169.8009416508443
0 168 103 164.85051433445054
0 153 104 319.8230349303564
0 178 106 150.23142433441942
0 165 107 192.9304886505159
0 166 108 197.58256830007102
0 160 110 280.8253349833025
0 162 111 128.9944337892329
0 163 112 359.8206646184083
0 177 113 247.89898818856395
0 201 120 179.15031924588052
0 169 123 180.2571680230458
0 180 124 308.9843355043791
0 176 126 418.1772013358218
0 172 127 344.4962974362902
0 207 129 144.97750617876895
0 184 130 196.66066818519835
0 186 131 192.54541951052067
0 191 133 135.04242669814852
0 219 135 121.55504701983133
0 192 136 223.8639023204315
0 210 137 306.1570404628665
0 199 140 331.03107542082006
0 211 141 159.5401438419838
0 231 143 208.85363957668872
0 204 144 201.6453408561049
0 224 145 144.42296678676078
0 220 146 228.63631240827647
0 208 147 171.038394704474
0 209 148 148.83929555216034
0 227 151 156.85782031862755
0 217 153 159.60763873066327
0 228 155 159.12948745162961
0 202 156 383.05742191312765
0 222 158 264.80119726417183
0 235 159 178.89482022085767
0 242 160 115.41569029175778
0 225 161 119.21783533270707
0 212 162 218.7112730932346
0 236 163 147.61061635459174
0 237 164 145.88254280511032
0 248 165 117.69335498838866
0 246 166 174.87150596334698
0 251 167 171.39714097271656
0 252 168 156.34002982881282
0 233 169 180.13473479509335
0 258 170 188.0456428209958
0 259 171 145.18215119327428
0 253 172 161.82226285704587
0 257 173 119.24603529984053
0 255 175 148.1470074106988
0 273 176 189.92598110273838
0 262 177 206.51945344013808
0 261 178 188.40241257991306
0 260 179 161.13183645381986
0 243 180 288.03254518122964
0 271 181 119.11113016953007
0 270 183 182.81593722118123
0 274 184 114.89935871683647
0 269 185 118.2367371055467
0 263 186 171.3530095163683
0 285 187 209.82698532643263
0 288 188 191.08729400321417
0 277 190 119.95606505700576
0 292 192 295.631027201951
0 294 193 247.83600165625646
0 279 194 282.5397499024083
0 287 195 189.9047839610456
0 278 196 189.7536175382248
0 286 197 239.20331792131185
0 302 201 276.06566812930606
0 295 202 132.6502897284756
0 300 204 118.86771264467089
0 301 205 159.23469622127843
0 310 209 233.666872238499
0 299 210 153.67815224392677
0 308 211 247.13903096585526
0 291 213 177.90962854406965
0 304 214 221.61133818594755
0 305 218 137.9156662764984
0 313 221 112.46519569778069
0 334 223 212.7942395487912
0 315 224 182.4788811992614
0 320 225 183.72898565865725
0 316 226 311.0978467733494
0 322 229 226.18576464957633
0 318 232 205.47757182452168
0 324 235 263.3546288842326
0 328 236 314.4982246084897
0 311 238 183.43276937165928
0 330 240 217.5232091890412
0 332 241 255.71999409825912
0 325 242 112.36173462799816
0 331 243 119.43826508702928
0 339 245 138.10670224999814
0 336 247 182.48644340165058
0 335 248 142.98789634162972
0 337 249 124.76633849459382
0 321 250 176.64983897769525
0 338 252 239.91441156053114
0 344 253 138.3481393705352
0 347 255 303.04950361990205
0 346 256 135.646103169754
0 345 258 167.66855759826004
0 340 259 139.09692543955248
0 342 260 497.7244832155133
0 384 261 215.9136907169183
0 333 262 224.62255675740087
0 351 263 205.0949240973959
0 348 264 225.66456497921234
0 356 266 119.96630661268479
0 352 268 176.94371918527418
0 355 269 292.6337122359417
0 357 271 217.39162434298737
0 358 272 131.68930390025932
0 363 273 198.6811446122422
0 359 274 365.6747491726271
0 366 275 232.39922339737055
0 364 276 162.8031316565192
0 360 277 155.904086164032
0 373 278 276.8211206994342
0 371 279 183.51928956842403
0 370 280 127.86207261316851
0 374 281 244.64805190724084
0 365 282 191.50960292375706
0 380 283 170.61246513584197
0 379 284 149.34896458088514
0 375 285 200.92894156889867
0 381 287 443.6095902467962
0 385 289 169.6960379211193
0 386 290 193.4796680592672

0 624.0 12.0
0 448.0 42.0
0 615.0 45.0
0 614.0 50.0
0 488.0 54.0
0 612.0 56.0
0 216.0 62.0
0 317.0 71.0
0 597.0 78.0
0 592.0 80.0
0 242.0 82.0
0 301.0 82.0
0 526.0 85.0
0 518.0 87.0
0 341.0 90.0
0 513.0 90.0
0 245.0 92.0
0 558.0 94.0
0 577.0 94.0
0 259.0 95.0
0 499.0 95.0
0 329.0 101.0
0 489.0 101.0
0 268.0 102.0
0 353.0 104.0
0 544.0 104.0
0 440.0 105.0
0 258.0 107.0
0 277.0 109.0
0 359.0 112.0
0 528.0 114.0
0 266.0 115.0
0 286.0 117.0
0 271.0 121.0
0 367.0 121.0
0 296.0 124.0
0 370.0 126.0
0 424.0 126.0
0 435.0 130.0
0 408.0 132.0
0 472.0 132.0
0 306.0 133.0
0 447.0 135.0
0 495.0 136.0
0 316.0 142.0
0 484.0 145.0
0 408.0 148.0
0 325.0 151.0
0 432.0 154.0
0 334.0 159.0
0 426.0 162.0
0 424.0 168.0
0 345.0 169.0
0 395.0 170.0
0 350.0 172.0
0 414.0 172.0
0 520.0 176.0
0 396.0 178.0
0 443.0 178.0
0 359.0 180.0
0 386.0 182.0
0 279.0 188.0
0 290.0 188.0
0 335.0 188.0
0 274.0 189.0
0 268.0 191.0
0 410.0 191.0
0 260.0 192.0
0 377.0 193.0
0 547.0 193.0
0 306.0 195.0
0 512.0 195.0
0 258.0 197.0
0 319.0 197.0
0 389.0 197.0
0 500.0 198.0
0 396.0 199.0
0 307.0 200.0
0 371.0 201.0
0 402.0 201.0
0 328.0 203.0
0 520.0 204.0
0 509.0 206.0
0 501.0 208.0
0 463.0 210.0
0 577.0 210.0
0 368.0 211.0
0 345.0 213.0
0 301.0 214.0
0 519.0 214.0
0 310.0 215.0
0 330.0 216.0
0 399.0 216.0
0 388.0 217.0
0 451.0 217.0
0 364.0 218.0
0 424.0 218.0
0 325.0 220.0
0 507.0 220.0
0 356.0 222.0
0 340.0 224.0
0 452.0 224.0
0 463.0 224.0
0 365.0 225.0
0 458.0 225.0
0 447.0 226.0
0 385.0 228.0
0 412.0 228.0
0 501.0 229.0
0 311.0 230.0
0 325.0 230.0
0 478.0 230.0
0 512.0 230.0
0 364.0 231.0
0 399.0 231.0
0 83.0 233.0
0 569.0 234.0
0 305.0 235.0
0 418.0 237.0
0 280.0 238.0
0 382.0 239.0
0 397.0 239.0
0 410.0 239.0
0 495.0 239.0
0 323.0 240.0
0 274.0 241.0
0 334.0 241.0
0 436.0 241.0
0 312.0 242.0
0 361.0 244.0
0 431.0 245.0
0 486.0 245.0
0 379.0 248.0
0 452.0 248.0
0 276.0 251.0
0 368.0 251.0
0 496.0 251.0
0 321.0 252.0
0 326.0 252.0
0 423.0 252.0
0 311.0 253.0
0 337.0 253.0
0 413.0 253.0
0 378.0 254.0
0 448.0 254.0
0 359.0 257.0
0 396.0 257.0
0 457.0 258.0
0 491.0 258.0
0 411.0 260.0
0 250.0 261.0
0 335.0 261.0
0 385.0 261.0
0 465.0 261.0
0 245.0 262.0
0 395.0 262.0
0 480.0 262.0
0 239.0 264.0
0 312.0 264.0
0 326.0 265.0
0 357.0 266.0
0 469.0 266.0
0 500.0 267.0
0 339.0 269.0
0 416.0 270.0
0 380.0 271.0
0 416.0 275.0
0 322.0 276.0
0 391.0 276.0
0 479.0 277.0
0 353.0 278.0
0 372.0 278.0
0 455.0 278.0
0 337.0 279.0
0 391.0 281.0
0 447.0 281.0
0 370.0 283.0
0 408.0 283.0
0 322.0 285.0
0 462.0 285.0
0 490.0 285.0
0 344.0 288.0
0 373.0 289.0
0 328.0 291.0
0 433.0 292.0
0 447.0 293.0
0 475.0 293.0
0 408.0 296.0
0 328.0 297.0
0 399.0 297.0
0 460.0 297.0
0 502.0 299.0
0 346.0 300.0
0 377.0 301.0
0 486.0 301.0
0 446.0 302.0
0 473.0 305.0
0 445.0 307.0
0 409.0 308.0
0 509.0 308.0
0 210.0 309.0
0 345.0 309.0
0 458.0 309.0
0 356.0 310.0
0 424.0 310.0
0 331.0 313.0
0 471.0 313.0
0 208.0 314.0
0 337.0 314.0
0 380.0 314.0
0 444.0 314.0
0 368.0 315.0
0 353.0 316.0
0 480.0 316.0
0 408.0 317.0
0 444.0 319.0
0 206.0 320.0
0 368.0 320.0
0 456.0 320.0
0 468.0 320.0
0 516.0 321.0
0 425.0 322.0
0 390.0 323.0
0 349.0 324.0
0 443.0 324.0
0 368.0 325.0
0 409.0 325.0
0 204.0 326.0
0 479.0 327.0
0 382.0 328.0
0 402.0 329.0
0 442.0 329.0
0 336.0 330.0
0 409.0 330.0
0 458.0 331.0
0 359.0 332.0
0 409.0 335.0
0 442.0 335.0
0 476.0 335.0
0 339.0 336.0
0 351.0 336.0
0 386.0 337.0
0 428.0 337.0
0 373.0 339.0
0 363.0 340.0
0 409.0 341.0
0 463.0 341.0
0 340.0 342.0
0 440.0 343.0
0 424.0 344.0
0 475.0 344.0
0 507.0 345.0
0 360.0 348.0
0 374.0 348.0
0 461.0 348.0
0 389.0 349.0
0 423.0 349.0
0 523.0 349.0
0 348.0 350.0
0 439.0 350.0
0 507.0 350.0
0 195.0 351.0
0 471.0 351.0
0 357.0 354.0
0 410.0 354.0
0 378.0 356.0
0 350.0 361.0
0 457.0 362.0
0 470.0 362.0
0 399.0 363.0
0 409.0 363.0
0 378.0 364.0
0 437.0 364.0
0 322.0 365.0
0 390.0 367.0
0 411.0 371.0
0 362.0 375.0
0 459.0 377.0
0 382.0 379.0
0 409.0 379.0
0 434.0 380.0
0 410.0 384.0
0 447.0 384.0
0 383.0 391.0
0 410.0 391.0
0 434.0 391.0
0 359.0 392.0
0 388.0 392.0
0 421.0 393.0
0 426.0 399.0
0 407.0 401.0
1 616.0 11.0
1 410.0 20.0
1 171.0 25.0
1 461.0 39.0
1 264.0 41.0
1 232.0 43.0
1 606.0 43.0
1 429.0 47.0
1 603.0 48.0
1 280.0 50.0
1 206.0 53.0
1 286.0 55.0
1 180.0 61.0
1 216.0 61.0
1 296.0 61.0
1 595.0 64.0
1 210.0 65.0
1 302.0 67.0
1 225.0 69.0
1 213.0 70.0
1 309.0 73.0
1 585.0 76.0
1 574.0 77.0
1 235.0 78.0
1 317.0 82.0
1 311.0 84.0
1 336.0 84.0
1 175.0 85.0
1 226.0 85.0
1 567.0 85.0
1 559.0 86.0
1 247.0 88.0
1 571.0 90.0
1 546.0 91.0
1 326.0 92.0
1 564.0 93.0
1 319.0 95.0
1 236.0 96.0
1 257.0 96.0
1 531.0 98.0
1 241.0 102.0
1 336.0 103.0
1 268.0 106.0
1 407.0 106.0
1 256.0 107.0
1 515.0 107.0
1 343.0 108.0
1 318.0 110.0
1 527.0 110.0
1 344.0 113.0
1 262.0 114.0
1 504.0 114.0
1 279.0 117.0
1 335.0 117.0
1 399.0 121.0
1 50.0 122.0
1 491.0 122.0
1 326.0 123.0
1 404.0 123.0
1 513.0 125.0
1 290.0 127.0
1 93.0 128.0
1 480.0 128.0
1 60.0 133.0
1 345.0 133.0
1 468.0 135.0
1 300.0 136.0
1 389.0 137.0
1 360.0 139.0
1 350.0 140.0
1 287.0 141.0
1 406.0 143.0
1 457.0 143.0
1 299.0 145.0
1 309.0 145.0
1 405.0 148.0
1 366.0 151.0
1 447.0 151.0
1 296.0 153.0
1 178.0 154.0
1 311.0 156.0
1 326.0 161.0
1 436.0 161.0
1 407.0 163.0
1 321.0 166.0
1 493.0 166.0
1 304.0 167.0
1 407.0 168.0
1 425.0 169.0
1 377.0 171.0
1 431.0 172.0
1 241.0 175.0
1 331.0 175.0
1 311.0 176.0
1 449.0 176.0
1 236.0 177.0
1 251.0 177.0
1 231.0 178.0
1 226.0 179.0
1 262.0 179.0
1 422.0 181.0
1 274.0 182.0
1 340.0 182.0
1 406.0 182.0
1 359.0 186.0
1 472.0 186.0
1 212.0 187.0
1 272.0 187.0
1 286.0 187.0
1 346.0 187.0
1 484.0 187.0
1 379.0 190.0
1 273.0 192.0
1 330.0 192.0
1 297.0 193.0
1 390.0 193.0
1 456.0 193.0
1 365.0 194.0
1 355.0 195.0
1 400.0 195.0
1 496.0 195.0
1 322.0 196.0
1 417.0 196.0
1 271.0 197.0
1 477.0 197.0
1 284.0 199.0
1 449.0 200.0
1 487.0 200.0
1 430.0 201.0
1 493.0 201.0
1 367.0 202.0
1 382.0 202.0
1 340.0 203.0
1 403.0 203.0
1 292.0 204.0
1 317.0 205.0
1 498.0 205.0
1 392.0 206.0
1 445.0 207.0
1 356.0 208.0
1 382.0 208.0
1 422.0 208.0
1 164.0 209.0
1 322.0 209.0
1 345.0 210.0
1 488.0 210.0
1 284.0 211.0
1 302.0 211.0
1 413.0 211.0
1 87.0 213.0
1 275.0 213.0
1 333.0 214.0
1 368.0 214.0
1 433.0 215.0
1 487.0 215.0
1 298.0 216.0
1 311.0 217.0
1 350.0 219.0
1 384.0 220.0
1 395.0 221.0
1 289.0 222.0
1 317.0 222.0
1 451.0 222.0
1 495.0 222.0
1 303.0 224.0
1 406.0 224.0
1 482.0 224.0
1 298.0 225.0
1 370.0 225.0
1 463.0 226.0
1 324.0 227.0
1 348.0 227.0
1 419.0 227.0
1 282.0 229.0
1 353.0 229.0
1 358.0 229.0
1 310.0 230.0
1 370.0 233.0
1 395.0 233.0
1 283.0 234.0
1 297.0 235.0
1 329.0 235.0
1 460.0 235.0
1 317.0 237.0
1 403.0 237.0
1 375.0 239.0
1 461.0 240.0
1 617.0 240.0
1 625.0 240.0
1 330.0 241.0
1 335.0 241.0
1 429.0 241.0
1 476.0 241.0
1 206.0 242.0
1 341.0 242.0
1 515.0 242.0
1 520.0 242.0
1 367.0 243.0
1 439.0 243.0
1 284.0 244.0
1 482.0 244.0
1 397.0 245.0
1 463.0 245.0
1 312.0 247.0
1 420.0 248.0
1 276.0 249.0
1 329.0 250.0
1 375.0 251.0
1 436.0 252.0
1 472.0 252.0
1 298.0 253.0
1 319.0 253.0
1 482.0 253.0
1 324.0 254.0
1 358.0 254.0
1 309.0 255.0
1 347.0 255.0
1 448.0 255.0
1 338.0 257.0
1 384.0 257.0
1 407.0 258.0
1 367.0 259.0
1 289.0 260.0
1 329.0 260.0
1 375.0 260.0
1 460.0 260.0
1 276.0 263.0
1 318.0 263.0
1 407.0 264.0
1 484.0 264.0
1 384.0 265.0
1 396.0 265.0
1 260.0 266.0
1 472.0 267.0
1 352.0 268.0
1 301.0 269.0
1 323.0 269.0
1 419.0 269.0
1 463.0 270.0
1 256.0 271.0
1 292.0 271.0
1 312.0 271.0
1 376.0 272.0
1 479.0 272.0
1 272.0 273.0
1 435.0 274.0
1 420.0 275.0
1 261.0 276.0
1 397.0 276.0
1 412.0 276.0
1 473.0 276.0
1 304.0 277.0
1 407.0 277.0
1 453.0 277.0
1 353.0 279.0
1 443.0 279.0
1 490.0 279.0
1 325.0 281.0
1 377.0 281.0
1 397.0 281.0
1 461.0 281.0
1 295.0 284.0
1 407.0 284.0
1 466.0 284.0
1 340.0 286.0
1 377.0 286.0
1 388.0 286.0
1 317.0 287.0
1 500.0 287.0
1 445.0 288.0
1 296.0 289.0
1 334.0 290.0
1 494.0 290.0
1 397.0 291.0
1 432.0 291.0
1 354.0 292.0
1 378.0 292.0
1 452.0 293.0
1 465.0 294.0
1 487.0 295.0
1 318.0 297.0
1 500.0 297.0
1 511.0 297.0
1 239.0 298.0
1 330.0 301.0
1 415.0 301.0
1 431.0 301.0
1 439.0 301.0
1 296.0 302.0
1 397.0 302.0
1 406.0 302.0
1 460.0 302.0
1 379.0 303.0
1 498.0 304.0
1 355.0 305.0
1 448.0 305.0
1 321.0 306.0
1 308.0 307.0
1 520.0 308.0
1 435.0 310.0
1 417.0 311.0
1 301.0 312.0
1 335.0 312.0
1 341.0 312.0
1 403.0 313.0
1 444.0 315.0
1 508.0 315.0
1 322.0 316.0
1 356.0 316.0
1 317.0 317.0
1 379.0 318.0
1 452.0 320.0
1 330.0 321.0
1 420.0 321.0
1 528.0 321.0
1 434.0 322.0
1 402.0 323.0
1 340.0 324.0
1 304.0 325.0
1 322.0 325.0
1 359.0 328.0
1 449.0 329.0
1 378.0 330.0
1 310.0 332.0
1 336.0 332.0
1 418.0 332.0
1 523.0 332.0
1 348.0 333.0
1 403.0 335.0
1 321.0 337.0
1 326.0 338.0
1 358.0 338.0
1 378.0 339.0
1 443.0 339.0
1 390.0 340.0
1 427.0 340.0
1 309.0 341.0
1 415.0 341.0
1 327.0 343.0
1 404.0 343.0
1 424.0 347.0
1 536.0 347.0
1 514.0 348.0
1 339.0 349.0
1 359.0 349.0
1 315.0 350.0
1 412.0 351.0
1 376.0 352.0
1 404.0 354.0
1 220.0 355.0
1 395.0 355.0
1 330.0 356.0
1 438.0 356.0
1 385.0 359.0
1 404.0 359.0
1 395.0 360.0
1 320.0 361.0
1 360.0 361.0
1 419.0 361.0
1 373.0 366.0
1 428.0 367.0
1 403.0 368.0
1 394.0 369.0
1 303.0 370.0
1 334.0 372.0
1 424.0 372.0
1 403.0 373.0
1 340.0 374.0
1 362.0 374.0
1 381.0 375.0
1 413.0 375.0
1 393.0 376.0
1 371.0 378.0
1 362.0 379.0
1 401.0 382.0
1 417.0 382.0
1 379.0 383.0
1 294.0 384.0
1 411.0 386.0
1 388.0 387.0
1 357.0 388.0
1 369.0 389.0
1 376.0 389.0
1 381.0 389.0
1 208.0 391.0
1 406.0 392.0
1 391.0 395.0
1 370.0 396.0
1 326.0 405.0
