0 1 0 331.9901003833163
0 4 8 471.7563460597696
0 10 9 309.0540602773843
0 13 10 362.1475329084409
0 17 12 382.4814053668219
0 19 14 284.525148276955
0 18 15 212.60722970593048
0 20 18 334.3617160465151
0 23 22 261.6466669213908
0 26 23 412.14949580384666
0 28 27 178.09593618054578
0 31 32 263.9670222473961
0 34 33 443.66927244412165
0 36 36 278.3976832407151
0 38 40 323.16279012429385
0 40 42 219.4326802427527
0 44 47 207.74744219595024
0 42 50 364.93112902717104
0 49 54 497.48531778181695
0 43 56 417.02842055471
0 47 58 334.0566987093077
0 50 61 163.59976078097037
0 52 62 334.5680837883141
0 53 66 272.5616247043544
0 60 70 372.85593927173466
0 66 80 356.563525914547
0 70 81 209.3883317274028
0 69 84 141.92366048528012
0 74 85 319.60424980359556
0 78 90 290.22559356484885
0 81 99 250.6923724275113
0 84 102 236.66217667435592
0 98 110 337.34377918693895
0 97 111 365.06377871723197
0 86 112 392.3815301700372
0 92 114 238.15488200576152
0 106 120 224.45509601295313
0 93 122 307.8874945094532
0 102 125 355.3275735158244
0 104 126 419.61555536380433
0 103 128 151.29126155196306
0 108 130 423.83044878284517
0 112 134 267.09119669070355
0 118 137 443.28691017187947
0 114 139 267.3019247657613
0 134 149 282.7371849550432
0 122 151 478.2846402677014
0 147 160 462.0677603442343
0 159 169 311.2474131845727
0 144 171 271.9002482352318
0 148 176 419.7756654848613
0 151 183 236.8408823010411
0 178 188 334.6449950403286
0 165 194 259.63541479268315
0 153 198 489.6469331210205
0 171 201 439.76003937527724
0 176 204 393.4333565610095
0 201 207 316.7778011802592
0 175 208 483.5820293235386
0 184 209 420.2799960119381
0 194 221 414.14114460404636
0 189 225 480.8127944365486
0 206 228 418.01630309865516
0 197 231 392.09349452654857
0 191 237 402.2938390512059
0 220 243 327.26912384217627
0 227 245 407.8014076223026
0 208 246 401.17968311828116
0 209 254 388.3882730799486
0 237 255 406.54907056438583
0 217 257 390.4434852142117
0 252 259 428.8215106798556
0 249 264 351.78743648349615
0 245 266 484.42857358382366
0 246 268 275.80671026768783
0 261 274 340.05477249692194
0 253 277 290.818373549372
0 251 278 240.48444873158164
0 238 279 383.6379393531953
0 257 280 158.6487615352675
0 254 285 368.44910989840935
0 283 290 267.0965543921431
0 267 294 211.4971827316797
0 274 295 185.60448179767525
0 275 297 335.3401649076043
0 260 298 259.38224778099004
0 270 301 279.1147897823708
0 284 303 260.45529333987736
0 280 305 174.51206007706017
0 269 306 252.28308212364973
0 285 312 319.1472370826167
0 288 315 242.92759237920598
0 277 316 468.07255882183495
0 296 317 217.65580053608255
0 286 319 176.93149663853467
0 287 320 173.35244453041176
0 297 323 337.1556204255759
0 307 325 283.1014472039979
0 303 326 278.7644597751569
0 294 327 245.37296847231224
0 301 330 261.28413025758044
0 302 331 146.99411549223734
0 299 334 191.65615886111306
0 300 338 308.659207881793
0 308 341 259.99965286301233
0 318 343 168.00205401070824
0 313 344 246.85151036249496
0 317 346 236.7129645698432
0 295 347 295.7650974529659
0 315 351 177.0823158822015
0 319 353 209.01412742646275
0 323 355 154.93251513913228
0 327 358 261.9153151904244
0 320 360 248.30298997972622
0 311 362 486.28885684749923
0 324 363 182.59438719676874
0 325 365 205.86239520886812
0 336 367 146.30316534687105
0 335 368 301.0776978449543
0 331 369 212.23771152576862
0 338 370 194.95707153311307
0 337 373 272.489776892427
0 345 379 163.7570340339289
0 347 381 401.47671270017196
0 340 382 413.6335583486207
0 343 383 308.4067468093539
0 346 384 452.2722939610754
0 344 385 239.5820698327688
0 339 386 388.2190446329298
0 333 387 379.9659061029525
0 351 389 155.86648554168133
0 356 391 165.69731479388247
0 354 393 459.7854846190896
0 357 397 219.04931575225274
0 364 399 250.16992905804787
0 358 401 371.4044194940867
0 352 403 412.5375929785172
0 367 407 273.23323487650225
0 368 408 481.03657359109667
0 360 416 476.96732629666093
0 380 417 318.9205845313057
0 370 418 405.94353496605527
0 374 419 461.3333357164595
0 381 420 448.1445326977422
0 382 421 445.8919112070726
0 388 423 224.64300873414484
0 385 426 297.42560068046953
0 387 427 277.1888583970935

0 424.0 26.0
0 566.0 26.0
0 168.0 29.0
0 559.0 37.0
0 452.0 41.0
0 559.0 42.0
0 185.0 44.0
0 560.0 47.0
0 294.0 49.0
0 192.0 51.0
0 199.0 58.0
0 553.0 58.0
0 303.0 59.0
0 486.0 61.0
0 192.0 63.0
0 206.0 65.0
0 544.0 65.0
0 388.0 66.0
0 308.0 69.0
0 404.0 69.0
0 246.0 71.0
0 541.0 71.0
0 215.0 72.0
0 359.0 72.0
0 410.0 72.0
0 372.0 75.0
0 535.0 75.0
0 203.0 77.0
0 386.0 77.0
0 408.0 77.0
0 400.0 78.0
0 529.0 80.0
0 224.0 81.0
0 314.0 82.0
0 413.0 82.0
0 524.0 82.0
0 306.0 83.0
0 366.0 84.0
0 395.0 86.0
0 515.0 87.0
0 233.0 89.0
0 501.0 89.0
0 213.0 90.0
0 318.0 91.0
0 380.0 91.0
0 361.0 92.0
0 309.0 93.0
0 226.0 94.0
0 401.0 95.0
0 486.0 96.0
0 242.0 98.0
0 21.0 100.0
0 271.0 100.0
0 355.0 100.0
0 322.0 101.0
0 246.0 104.0
0 375.0 105.0
0 394.0 105.0
0 303.0 107.0
0 363.0 107.0
0 389.0 107.0
0 240.0 108.0
0 251.0 108.0
0 325.0 108.0
0 349.0 109.0
0 481.0 109.0
0 314.0 114.0
0 341.0 116.0
0 381.0 116.0
0 249.0 117.0
0 260.0 117.0
0 361.0 118.0
0 285.0 119.0
0 467.0 119.0
0 375.0 123.0
0 354.0 124.0
0 341.0 125.0
0 387.0 126.0
0 169.0 127.0
0 244.0 127.0
0 270.0 127.0
0 257.0 128.0
0 262.0 132.0
0 369.0 133.0
0 319.0 135.0
0 278.0 136.0
0 444.0 136.0
0 368.0 138.0
0 333.0 139.0
0 355.0 140.0
0 272.0 144.0
0 286.0 144.0
0 334.0 144.0
0 367.0 144.0
0 382.0 146.0
0 419.0 146.0
0 499.0 147.0
0 456.0 150.0
0 366.0 151.0
0 294.0 152.0
0 412.0 153.0
0 352.0 154.0
0 281.0 155.0
0 311.0 155.0
0 323.0 155.0
0 345.0 157.0
0 332.0 158.0
0 303.0 159.0
0 416.0 159.0
0 404.0 161.0
0 225.0 162.0
0 233.0 162.0
0 269.0 162.0
0 220.0 163.0
0 289.0 163.0
0 325.0 165.0
0 248.0 166.0
0 330.0 167.0
0 407.0 167.0
0 351.0 168.0
0 210.0 169.0
0 259.0 169.0
0 276.0 169.0
0 319.0 169.0
0 393.0 169.0
0 298.0 171.0
0 312.0 171.0
0 245.0 172.0
0 377.0 172.0
0 468.0 173.0
0 268.0 175.0
0 317.0 176.0
0 358.0 176.0
0 396.0 177.0
0 254.0 178.0
0 349.0 178.0
0 335.0 179.0
0 306.0 180.0
0 383.0 180.0
0 275.0 181.0
0 317.0 181.0
0 457.0 181.0
0 535.0 181.0
0 323.0 182.0
0 341.0 184.0
0 363.0 184.0
0 386.0 185.0
0 288.0 186.0
0 241.0 187.0
0 257.0 188.0
0 269.0 188.0
0 371.0 189.0
0 297.0 190.0
0 376.0 191.0
0 248.0 192.0
0 310.0 192.0
0 350.0 192.0
0 448.0 192.0
0 456.0 193.0
0 237.0 194.0
0 263.0 194.0
0 54.0 195.0
0 504.0 195.0
0 305.0 197.0
0 464.0 197.0
0 368.0 199.0
0 322.0 200.0
0 431.0 200.0
0 276.0 201.0
0 300.0 201.0
0 416.0 202.0
0 312.0 203.0
0 237.0 204.0
0 366.0 204.0
0 448.0 204.0
0 245.0 205.0
0 353.0 205.0
0 460.0 205.0
0 191.0 207.0
0 274.0 208.0
0 318.0 208.0
0 420.0 208.0
0 178.0 209.0
0 308.0 209.0
0 336.0 209.0
0 385.0 209.0
0 409.0 209.0
0 240.0 210.0
0 290.0 212.0
0 435.0 212.0
0 456.0 213.0
0 210.0 214.0
0 514.0 214.0
0 348.0 215.0
0 360.0 215.0
0 536.0 215.0
0 239.0 216.0
0 244.0 216.0
0 399.0 216.0
0 269.0 217.0
0 574.0 217.0
0 326.0 218.0
0 449.0 218.0
0 516.0 219.0
0 261.0 220.0
0 423.0 220.0
0 147.0 223.0
0 283.0 223.0
0 331.0 224.0
0 356.0 224.0
0 368.0 224.0
0 415.0 224.0
0 516.0 224.0
0 527.0 224.0
0 137.0 225.0
0 346.0 225.0
0 522.0 225.0
0 158.0 226.0
0 239.0 227.0
0 440.0 227.0
0 253.0 231.0
0 304.0 231.0
0 377.0 232.0
0 401.0 232.0
0 436.0 232.0
0 297.0 233.0
0 425.0 233.0
0 311.0 234.0
0 290.0 235.0
0 330.0 235.0
0 553.0 235.0
0 341.0 236.0
0 272.0 237.0
0 241.0 238.0
0 253.0 239.0
0 439.0 239.0
0 351.0 240.0
0 387.0 240.0
0 287.0 243.0
0 360.0 243.0
0 564.0 243.0
0 416.0 245.0
0 261.0 246.0
0 329.0 247.0
0 399.0 247.0
0 282.0 248.0
0 374.0 248.0
0 424.0 248.0
0 310.0 249.0
0 244.0 250.0
0 436.0 251.0
0 409.0 253.0
0 254.0 254.0
0 270.0 254.0
0 417.0 254.0
0 338.0 255.0
0 343.0 255.0
0 380.0 255.0
0 265.0 256.0
0 306.0 258.0
0 353.0 258.0
0 397.0 258.0
0 259.0 259.0
0 371.0 259.0
0 315.0 260.0
0 325.0 262.0
0 356.0 263.0
0 433.0 263.0
0 330.0 264.0
0 233.0 265.0
0 385.0 265.0
0 404.0 265.0
0 91.0 266.0
0 419.0 266.0
0 257.0 268.0
0 321.0 268.0
0 565.0 268.0
0 361.0 269.0
0 277.0 270.0
0 377.0 270.0
0 290.0 271.0
0 388.0 271.0
0 88.0 272.0
0 243.0 273.0
0 412.0 273.0
0 309.0 274.0
0 366.0 274.0
0 390.0 276.0
0 429.0 276.0
0 86.0 277.0
0 223.0 277.0
0 232.0 277.0
0 262.0 277.0
0 357.0 277.0
0 279.0 278.0
0 338.0 279.0
0 403.0 279.0
0 309.0 280.0
0 371.0 280.0
0 564.0 280.0
0 425.0 281.0
0 265.0 282.0
0 393.0 282.0
0 291.0 283.0
0 415.0 283.0
0 281.0 284.0
0 360.0 284.0
0 308.0 285.0
0 320.0 286.0
0 425.0 286.0
0 608.0 286.0
0 246.0 287.0
0 332.0 288.0
0 388.0 288.0
0 80.0 290.0
0 267.0 290.0
0 377.0 290.0
0 276.0 291.0
0 425.0 291.0
0 348.0 293.0
0 360.0 293.0
0 387.0 293.0
0 413.0 294.0
0 268.0 295.0
0 397.0 295.0
0 285.0 297.0
0 310.0 297.0
0 321.0 297.0
0 383.0 298.0
0 423.0 298.0
0 270.0 300.0
0 298.0 300.0
0 375.0 302.0
0 412.0 302.0
0 358.0 304.0
0 73.0 305.0
0 347.0 305.0
0 303.0 306.0
0 342.0 306.0
0 417.0 306.0
0 234.0 308.0
0 322.0 308.0
0 289.0 309.0
0 271.0 310.0
0 341.0 311.0
0 403.0 311.0
0 301.0 312.0
0 374.0 312.0
0 389.0 312.0
0 228.0 314.0
0 314.0 314.0
0 357.0 316.0
0 302.0 317.0
0 291.0 318.0
0 417.0 318.0
0 277.0 319.0
0 338.0 319.0
0 224.0 320.0
0 313.0 320.0
0 405.0 320.0
0 323.0 321.0
0 357.0 322.0
0 393.0 322.0
0 305.0 323.0
0 377.0 324.0
0 343.0 325.0
0 411.0 326.0
0 277.0 329.0
0 356.0 329.0
0 323.0 330.0
0 295.0 331.0
0 410.0 331.0
0 204.0 333.0
0 338.0 333.0
0 355.0 334.0
0 389.0 334.0
0 399.0 334.0
0 175.0 335.0
0 199.0 336.0
0 283.0 337.0
0 409.0 337.0
0 316.0 340.0
0 369.0 340.0
0 298.0 341.0
0 337.0 341.0
0 325.0 342.0
0 355.0 342.0
0 384.0 342.0
0 397.0 344.0
0 299.0 346.0
0 372.0 346.0
0 284.0 348.0
0 326.0 349.0
0 337.0 350.0
0 355.0 351.0
0 409.0 351.0
0 390.0 352.0
0 326.0 354.0
0 313.0 355.0
0 292.0 357.0
0 345.0 357.0
0 354.0 357.0
0 303.0 358.0
0 380.0 358.0
0 327.0 359.0
0 402.0 360.0
0 354.0 362.0
0 304.0 363.0
0 316.0 363.0
0 368.0 363.0
0 363.0 364.0
0 337.0 366.0
0 327.0 367.0
0 353.0 368.0
0 376.0 369.0
0 387.0 369.0
0 393.0 371.0
0 301.0 372.0
0 353.0 373.0
0 340.0 375.0
0 314.0 379.0
0 329.0 379.0
0 374.0 380.0
0 270.0 381.0
0 368.0 382.0
0 355.0 384.0
0 345.0 390.0
0 330.0 391.0
0 301.0 405.0
1 616.0 11.0
1 410.0 20.0
1 171.0 25.0
1 461.0 39.0
1 264.0 41.0
1 232.0 43.0
1 606.0 43.0
1 429.0 47.0
1 603.0 48.0
1 280.0 50.0
1 206.0 53.0
1 286.0 55.0
1 180.0 61.0
1 216.0 61.0
1 296.0 61.0
1 595.0 64.0
1 210.0 65.0
1 302.0 67.0
1 225.0 69.0
1 213.0 70.0
1 309.0 73.0
1 585.0 76.0
1 574.0 77.0
1 235.0 78.0
1 317.0 82.0
1 311.0 84.0
1 336.0 84.0
1 175.0 85.0
1 226.0 85.0
1 567.0 85.0
1 559.0 86.0
1 247.0 88.0
1 571.0 90.0
1 546.0 91.0
1 326.0 92.0
1 564.0 93.0
1 319.0 95.0
1 236.0 96.0
1 257.0 96.0
1 531.0 98.0
1 241.0 102.0
1 336.0 103.0
1 268.0 106.0
1 407.0 106.0
1 256.0 107.0
1 515.0 107.0
1 343.0 108.0
1 318.0 110.0
1 527.0 110.0
1 344.0 113.0
1 262.0 114.0
1 504.0 114.0
1 279.0 117.0
1 335.0 117.0
1 399.0 121.0
1 50.0 122.0
1 491.0 122.0
1 326.0 123.0
1 404.0 123.0
1 513.0 125.0
1 290.0 127.0
1 93.0 128.0
1 480.0 128.0
1 60.0 133.0
1 345.0 133.0
1 468.0 135.0
1 300.0 136.0
1 389.0 137.0
1 360.0 139.0
1 350.0 140.0
1 287.0 141.0
1 406.0 143.0
1 457.0 143.0
1 299.0 145.0
1 309.0 145.0
1 405.0 148.0
1 366.0 151.0
1 447.0 151.0
1 296.0 153.0
1 178.0 154.0
1 311.0 156.0
1 326.0 161.0
1 436.0 161.0
1 407.0 163.0
1 321.0 166.0
1 493.0 166.0
1 304.0 167.0
1 407.0 168.0
1 425.0 169.0
1 377.0 171.0
1 431.0 172.0
1 241.0 175.0
1 331.0 175.0
1 311.0 176.0
1 449.0 176.0
1 236.0 177.0
1 251.0 177.0
1 231.0 178.0
1 226.0 179.0
1 262.0 179.0
1 422.0 181.0
1 274.0 182.0
1 340.0 182.0
1 406.0 182.0
1 359.0 186.0
1 472.0 186.0
1 212.0 187.0
1 272.0 187.0
1 286.0 187.0
1 346.0 187.0
1 484.0 187.0
1 379.0 190.0
1 273.0 192.0
1 330.0 192.0
1 297.0 193.0
1 390.0 193.0
1 456.0 193.0
1 365.0 194.0
1 355.0 195.0
1 400.0 195.0
1 496.0 195.0
1 322.0 196.0
1 417.0 196.0
1 271.0 197.0
1 477.0 197.0
1 284.0 199.0
1 449.0 200.0
1 487.0 200.0
1 430.0 201.0
1 493.0 201.0
1 367.0 202.0
1 382.0 202.0
1 340.0 203.0
1 403.0 203.0
1 292.0 204.0
1 317.0 205.0
1 498.0 205.0
1 392.0 206.0
1 445.0 207.0
1 356.0 208.0
1 382.0 208.0
1 422.0 208.0
1 164.0 209.0
1 322.0 209.0
1 345.0 210.0
1 488.0 210.0
1 284.0 211.0
1 302.0 211.0
1 413.0 211.0
1 87.0 213.0
1 275.0 213.0
1 333.0 214.0
1 368.0 214.0
1 433.0 215.0
1 487.0 215.0
1 298.0 216.0
1 311.0 217.0
1 350.0 219.0
1 384.0 220.0
1 395.0 221.0
1 289.0 222.0
1 317.0 222.0
1 451.0 222.0
1 495.0 222.0
1 303.0 224.0
1 406.0 224.0
1 482.0 224.0
1 298.0 225.0
1 370.0 225.0
1 463.0 226.0
1 324.0 227.0
1 348.0 227.0
1 419.0 227.0
1 282.0 229.0
1 353.0 229.0
1 358.0 229.0
1 310.0 230.0
1 370.0 233.0
1 395.0 233.0
1 283.0 234.0
1 297.0 235.0
1 329.0 235.0
1 460.0 235.0
1 317.0 237.0
1 403.0 237.0
1 375.0 239.0
1 461.0 240.0
1 617.0 240.0
1 625.0 240.0
1 330.0 241.0
1 335.0 241.0
1 429.0 241.0
1 476.0 241.0
1 206.0 242.0
1 341.0 242.0
1 515.0 242.0
1 520.0 242.0
1 367.0 243.0
1 439.0 243.0
1 284.0 244.0
1 482.0 244.0
1 397.0 245.0
1 463.0 245.0
1 312.0 247.0
1 420.0 248.0
1 276.0 249.0
1 329.0 250.0
1 375.0 251.0
1 436.0 252.0
1 472.0 252.0
1 298.0 253.0
1 319.0 253.0
1 482.0 253.0
1 324.0 254.0
1 358.0 254.0
1 309.0 255.0
1 347.0 255.0
1 448.0 255.0
1 338.0 257.0
1 384.0 257.0
1 407.0 258.0
1 367.0 259.0
1 289.0 260.0
1 329.0 260.0
1 375.0 260.0
1 460.0 260.0
1 276.0 263.0
1 318.0 263.0
1 407.0 264.0
1 484.0 264.0
1 384.0 265.0
1 396.0 265.0
1 260.0 266.0
1 472.0 267.0
1 352.0 268.0
1 301.0 269.0
1 323.0 269.0
1 419.0 269.0
1 463.0 270.0
1 256.0 271.0
1 292.0 271.0
1 312.0 271.0
1 376.0 272.0
1 479.0 272.0
1 272.0 273.0
1 435.0 274.0
1 420.0 275.0
1 261.0 276.0
1 397.0 276.0
1 412.0 276.0
1 473.0 276.0
1 304.0 277.0
1 407.0 277.0
1 453.0 277.0
1 353.0 279.0
1 443.0 279.0
1 490.0 279.0
1 325.0 281.0
1 377.0 281.0
1 397.0 281.0
1 461.0 281.0
1 295.0 284.0
1 407.0 284.0
1 466.0 284.0
1 340.0 286.0
1 377.0 286.0
1 388.0 286.0
1 317.0 287.0
1 500.0 287.0
1 445.0 288.0
1 296.0 289.0
1 334.0 290.0
1 494.0 290.0
1 397.0 291.0
1 432.0 291.0
1 354.0 292.0
1 378.0 292.0
1 452.0 293.0
1 465.0 294.0
1 487.0 295.0
1 318.0 297.0
1 500.0 297.0
1 511.0 297.0
1 239.0 298.0
1 330.0 301.0
1 415.0 301.0
1 431.0 301.0
1 439.0 301.0
1 296.0 302.0
1 397.0 302.0
1 406.0 302.0
1 460.0 302.0
1 379.0 303.0
1 498.0 304.0
1 355.0 305.0
1 448.0 305.0
1 321.0 306.0
1 308.0 307.0
1 520.0 308.0
1 435.0 310.0
1 417.0 311.0
1 301.0 312.0
1 335.0 312.0
1 341.0 312.0
1 403.0 313.0
1 444.0 315.0
1 508.0 315.0
1 322.0 316.0
1 356.0 316.0
1 317.0 317.0
1 379.0 318.0
1 452.0 320.0
1 330.0 321.0
1 420.0 321.0
1 528.0 321.0
1 434.0 322.0
1 402.0 323.0
1 340.0 324.0
1 304.0 325.0
1 322.0 325.0
1 359.0 328.0
1 449.0 329.0
1 378.0 330.0
1 310.0 332.0
1 336.0 332.0
1 418.0 332.0
1 523.0 332.0
1 348.0 333.0
1 403.0 335.0
1 321.0 337.0
1 326.0 338.0
1 358.0 338.0
1 378.0 339.0
1 443.0 339.0
1 390.0 340.0
1 427.0 340.0
1 309.0 341.0
1 415.0 341.0
1 327.0 343.0
1 404.0 343.0
1 424.0 347.0
1 536.0 347.0
1 514.0 348.0
1 339.0 349.0
1 359.0 349.0
1 315.0 350.0
1 412.0 351.0
1 376.0 352.0
1 404.0 354.0
1 220.0 355.0
1 395.0 355.0
1 330.0 356.0
1 438.0 356.0
1 385.0 359.0
1 404.0 359.0
1 395.0 360.0
1 320.0 361.0
1 360.0 361.0
1 419.0 361.0
1 373.0 366.0
1 428.0 367.0
1 403.0 368.0
1 394.0 369.0
1 303.0 370.0
1 334.0 372.0
1 424.0 372.0
1 403.0 373.0
1 340.0 374.0
1 362.0 374.0
1 381.0 375.0
1 413.0 375.0
1 393.0 376.0
1 371.0 378.0
1 362.0 379.0
1 401.0 382.0
1 417.0 382.0
1 379.0 383.0
1 294.0 384.0
1 411.0 386.0
1 388.0 387.0
1 357.0 388.0
1 369.0 389.0
1 376.0 389.0
1 381.0 389.0
1 208.0 391.0
1 406.0 392.0
1 391.0 395.0
1 370.0 396.0
1 326.0 405.0
