0 0 0 100.81257119041307
0 1 1 100.80218932062111
0 2 2 101.27148799745802
0 4 3 102.36098362166032
0 3 4 101.08502474493636
0 5 5 101.12985860266339
0 6 6 105.09655672732396
0 7 9 123.67485247962786
0 8 10 107.03028809066855
0 9 11 139.44518205104208
0 10 12 107.77410883869287
0 11 13 101.79868935799026
0 12 14 111.72415244366883
0 14 15 105.23541487102727
0 17 16 108.92202537694054
0 18 17 108.15243695368477
0 16 18 108.5909571052795
0 19 19 104.63157617703706
0 15 20 104.16488399054711
0 20 21 111.88467803842816
0 21 22 124.85542869653861
0 22 23 102.37353184320752
0 24 24 105.81411996418122
0 23 25 104.5570181771815
0 26 26 116.31713506757357
0 25 27 116.92299329323515
0 28 28 107.32491253775147
0 29 29 123.41876388323678
0 27 30 119.5395694607372
0 30 31 124.4006275933456
0 32 32 101.95929240906827
0 34 33 162.28188785466727
0 36 34 126.02070612901028
0 38 35 217.25939676556112
0 42 36 155.9958463630386
0 40 37 120.27979227287022
0 41 39 242.56218241563207
0 59 40 175.7593135156093
0 44 41 174.18169812770324
0 50 44 146.3109865081153
0 43 45 113.7761419988265
0 48 46 145.79152211098054
0 68 47 135.97626001937698
0 53 48 189.671133910596
0 51 49 443.18442014303656
0 62 50 134.85981174690443
0 58 52 436.62692411717205
0 56 55 123.99614084810584
0 72 56 367.4793806134507
0 61 57 175.68103929960535
0 63 58 281.55742870237714
0 67 59 177.20901871069503
0 65 60 120.62780004673486
0 64 61 153.85339703321793
0 66 62 320.8906556742423
0 73 63 157.5303110725848
0 74 64 157.17945902556548
0 69 65 108.09124414854227
0 76 66 250.02194015988115
0 71 67 108.06150892425082
0 70 68 167.11414804208428
0 78 69 165.86378109386828
0 79 71 147.29779583806774
0 77 72 199.62517070010932
0 81 73 193.43197541461322
0 83 74 190.95940585607377
0 99 75 139.49680027045918
0 84 76 200.56824746768962
0 82 77 108.55031902784889
0 93 79 230.65490259777977
0 87 80 113.09579455159917
0 85 81 183.9490234117812
0 80 82 199.44801507972588
0 91 83 110.30069817201151
0 90 84 107.7906025048962
0 95 85 266.6454332094132
0 100 86 216.92337390697665
0 92 87 217.07610135720307
0 96 88 262.68827779808464
0 98 89 106.06655320256237
0 94 90 174.88718269726417
0 97 91 252.97587750678798
0 101 92 138.07279783635792
0 103 94 173.24634606919045
0 102 96 116.02648332454577
0 110 98 198.11352347987585
0 108 99 142.9530514719791
0 113 100 311.52077258088025
0 112 101 104.24895550440696
0 111 102 106.61561147145571
0 107 103 157.81330410073207
0 115 104 100.87229330449759
0 122 105 184.04053337171257
0 121 106 105.88240936968685
0 117 107 197.25047407342439
0 119 108 108.86190133619338
0 123 109 102.89552384168437
0 124 110 112.90623378133635
0 116 111 295.1867427546725
0 125 113 146.14880172940667
0 128 114 117.87886814697816
0 126 115 107.33249274249891
0 127 116 146.33547610533017
0 129 117 209.19371928165322
0 130 119 127.70955702321587
0 132 120 122.18580801380594
0 133 121 174.84591882238928
0 131 122 115.58582076416009
0 134 124 161.6159187462997
0 135 125 110.90181841738394
0 149 126 203.88446120727895
0 137 127 117.35403733051226
0 140 128 191.82254453554032
0 148 129 165.29405499806353
0 139 130 188.78938354989015
0 141 131 114.01657265987515
0 142 132 188.3662199954843
0 143 133 146.17346629833204
0 162 134 198.90864262752837
0 145 135 108.68114533695741
0 147 136 103.41110485487222
0 152 137 157.81925699383254
0 150 138 107.89072521479315
0 151 139 109.70912253253289
0 154 140 110.86601851928334
0 155 141 141.0889281054491
0 165 142 166.78822621707758
0 159 144 253.38635393783258
0 161 145 109.61363992438409
0 157 146 322.9192743003875
0 160 147 146.20331174951616
0 164 148 137.5891351169911
0 167 149 116.5760585584083
0 163 151 202.38899660767257
0 166 152 130.32958971061254
0 168 153 118.70753449528473
0 158 154 151.74000868625072
0 169 155 123.3108806100418
0 173 156 144.21569445749353
0 171 158 127.75194648452522
0 174 159 121.03336068458248
0 179 160 136.06764933327548
0 176 161 124.59689409645429
0 175 162 141.55970511882313
0 180 163 117.90877490867231
0 177 164 111.9400691648212
0 181 165 103.4025707260287
0 182 166 117.20689989540448
0 186 167 112.36425562033385
0 188 168 106.97732903040522
0 187 169 125.46309396965295
0 189 170 158.27874342050708
0 193 172 125.12105681147743
0 197 173 116.97524879667367
0 196 174 144.36816100461115
0 198 175 110.26436489181029
0 184 176 195.12876390305075
0 199 177 122.68099381659773
0 195 178 202.54877128593938
0 200 179 157.5195732708208
0 201 180 135.72744060918887
0 194 181 162.976099348376
0 204 183 203.07167216905094
0 205 184 102.98132530723205
0 202 185 139.89320658250892
0 208 186 116.54937431846726
0 210 187 116.5227589417061
0 206 188 120.25759178545927
0 203 189 110.1385073847716
0 207 190 135.4092645314296
0 209 191 158.88338155394982
0 215 192 135.78770545041775
0 211 193 107.05764804962581
0 213 194 110.61619621268524
0 216 195 199.502421657334
0 212 196 157.13578044395135
0 214 198 133.77313032589925
0 217 199 104.01463935897503
0 219 201 140.32398808403138
0 228 202 125.82939682467303
0 223 203 202.8175525046745
0 222 206 150.8660229487494
0 218 207 125.65204799266753
0 227 208 155.6236344148559
0 239 210 194.26303271987902
0 226 211 114.68790928007175
0 230 212 103.2426017908364
0 225 213 116.40103215865804
0 231 214 227.95040617367133
0 236 215 244.346684697143
0 229 218 174.45157952189217
0 232 219 150.4829348431722
0 244 220 180.49016482734456
0 233 221 107.3357682165845
0 224 222 308.934978006827
0 238 223 150.27011011306524
0 237 224 200.46613122494315
0 240 225 139.18916407600227
0 242 226 164.2526848707377
0 234 227 326.57868991015846
0 235 228 165.07178370473105
0 241 229 105.97312611201816
0 243 232 128.5179467789192
0 246 233 106.41270192433447
0 245 234 231.65893317995466
0 254 237 157.92034655619568
0 250 238 109.89745612641117
0 251 239 104.25685894664207
0 252 240 153.24955762171294
0 249 242 160.35714920640623
0 253 243 161.75979120075473
0 248 245 194.41705647304167
0 257 246 177.8573097490884
0 255 248 172.9757550438326
0 270 249 230.87111820505487
0 258 250 193.8660673924639
0 264 251 163.2304204581309
0 266 252 110.93428915754106
0 261 253 178.37505890118038
0 269 254 175.27606120468903
0 256 255 138.8905505722073
0 262 256 139.7297305175647
0 275 258 120.17630884620051
0 277 259 102.7150286982475
0 268 260 128.57556478026711
0 259 262 277.78772419910223
0 273 263 139.97540929786177
0 274 264 117.17599773096214
0 271 265 225.74636658587738
0 272 266 146.79988765057578
0 284 268 143.4597984252033
0 282 269 106.01578266974849
0 281 273 167.5979754241417
0 278 275 110.43827375160838
0 279 276 193.4777268798996
0 280 277 142.83136181143624
0 285 281 165.16555031799152
0 290 282 122.18668008272783
0 297 283 199.0882665102176
0 286 284 137.04083498019278
0 289 285 218.6671602048357
0 295 286 182.74106544174256
0 296 287 107.61270725698759
0 293 288 122.1993264811206
0 291 289 121.35507979878044
0 288 290 191.92767861902624
0 298 291 125.2637919804132
0 309 293 168.9728132216276
0 302 294 244.65820185755263
0 299 295 151.09914045626724
0 294 296 135.22871954390536
0 303 298 220.33595777567956
0 304 300 166.1421723752608
0 301 301 248.73340257413594
0 313 302 148.51742532153648
0 306 304 140.358584502276
0 300 305 130.18325518972665
0 305 307 170.19034353417402
0 311 308 141.34615376514532
0 307 309 209.06248080212566
0 312 311 217.66411668940216
0 320 312 113.70352071773873
0 316 313 136.6250838372253
0 328 314 147.64440377536056
0 315 315 154.50248253385598
0 308 317 130.76982974575077
0 318 319 171.82158232356895
0 310 320 106.11982232922831
0 319 321 158.3627669830011
0 322 322 121.11557144163791
0 323 323 100.95799642989873
0 326 324 120.79178836646851
0 325 325 119.14787604263701
0 329 326 115.56922777645863
0 330 327 143.3637871000401
0 333 328 140.13776374682644
0 332 329 220.47604313610748
0 317 330 128.7275791355207
0 321 331 220.78851688141188
0 341 333 116.3107081634341
0 324 334 138.1516913544686
0 327 335 162.6110952317675
0 342 336 127.95367887830524
0 340 337 129.26696856565516
0 338 338 110.35331219784699
0 339 339 139.71853618964965
0 350 340 184.9589935855543
0 331 341 156.3519624961418
0 337 342 147.0736988677391
0 343 344 150.50747737213757
0 351 345 112.70618392737937
0 335 346 108.49179018008357
0 346 347 135.2091245682543
0 354 348 118.00872874927693
0 349 350 129.96029123992002
0 355 351 104.23852090941146
0 347 352 113.67218142759907
0 336 353 346.77235815292613
0 360 356 136.45945111260968
0 366 357 106.1692211942096
0 363 358 139.5531462145792
0 358 359 187.70941520045164
0 359 360 145.05558504797656
0 356 361 152.19587139655263
0 364 362 142.60384970188045
0 365 363 172.04171934908626
0 374 364 156.0910111361227
0 362 365 127.60473025108914
0 357 366 169.48497515895642
0 367 367 127.60411881351983
0 361 368 264.439208372797
0 368 369 107.5809995561387
0 353 371 108.81119350988533
0 370 372 188.78830011473212
0 373 373 133.31127531725483
0 377 374 144.59993384187862
0 371 375 133.42046069507055
0 372 376 188.93274026986956
0 385 377 157.93495991288225
0 376 378 105.36822098440423
0 381 379 103.53262824841241
0 369 381 150.50561412712534
0 375 383 160.55882978935168
0 378 384 116.3973092635372
0 395 385 130.61172631726618
0 392 386 104.12048553021916
0 382 387 147.59808477741146
0 389 388 185.8667324878502
0 391 389 108.59189191410859
0 383 390 112.15896645810194
0 388 391 215.87664321224221
0 393 392 120.10991522970824
0 379 393 143.60742479431542
0 387 394 136.7804129904907
0 394 395 107.50900040665394
0 380 396 204.77576536810008
0 390 397 124.89883599982252
0 386 398 118.48048631669342
0 399 400 122.37150992770496
0 402 402 113.13074534716436
0 397 403 157.53145001621584
0 398 405 129.03805777649453
0 400 406 109.09949047025587
0 403 407 138.9169091836913
0 396 408 135.43593632518284
0 407 409 145.1358447788794
0 404 410 132.12014627922423
0 408 411 168.58416247698665
0 401 413 130.55370180383875
0 419 414 122.75413206073196
0 418 415 210.56529156303213
0 409 416 150.86142409660332
0 411 418 134.58870831560114
0 414 419 137.92217415884548
0 410 420 119.86372134019018
0 412 422 357.99646190444537
0 415 423 113.91864641647393
0 416 424 116.48926416351864
0 417 425 117.56199586404608
0 413 426 218.76728432606768
0 421 427 123.067398357005
0 420 431 138.50676162200995
0 428 433 119.96612646971272
0 426 434 406.0769159367223
0 425 435 138.4003299061056
0 423 436 122.65086805606322
0 436 438 210.49451647954368
0 422 439 126.60741693933662
0 424 440 206.33569217772484
0 427 441 137.85168591912088
0 434 442 131.6346248979329
0 429 443 148.6458797836498
0 433 444 135.04661169137486
0 445 445 156.10679849055595
0 430 446 129.24766914994848
0 435 448 150.30924674418523
0 442 449 135.37117706615697
0 437 450 115.4302219634664
0 440 451 109.3672135043856
0 443 453 125.63623069501395
0 448 455 111.79502638813759
0 444 456 126.34453304672412
0 446 458 111.79673234159795
0 451 459 126.02978462307686
0 450 460 244.5494860146738
0 449 462 119.03283325571503
0 455 463 139.02339991322438
0 459 464 172.47837031678986
0 456 465 129.94529309307487
0 452 466 150.16396365464863
0 447 467 110.76319593094914
0 458 468 115.45449722061518
0 460 469 119.01336164401326
0 461 471 120.3156407243515
0 463 472 138.11447885732218
0 453 474 154.63014405662724
0 465 475 176.7280296295048
0 466 476 190.578151939392
0 467 478 110.546648345472
0 469 479 126.50609840972488
0 472 481 176.4344195490648
0 468 482 107.27323914015503
0 477 483 107.47911641093432
0 474 484 137.5105670391652
0 475 485 125.19553668770769
0 471 486 112.92674529548066
0 473 487 102.01779441791015
0 464 488 248.47877394032247
0 481 489 112.64337641370585
0 479 490 130.90652596951665
0 482 491 114.85329677498943
0 478 492 134.02110295942617
0 476 493 264.23097052012844
0 470 494 145.6095682923256
0 483 495 111.59567724473906
0 480 496 141.01459776896044
0 484 497 150.9939806584034
0 490 498 108.08721908443823
0 485 499 104.47144741250153
0 488 500 136.7024982249356
0 492 501 101.16897292412557
0 489 502 109.50074646475154
0 487 503 122.11375408089931
0 486 504 152.27173488341066
0 497 506 174.1750436132764
0 491 508 138.31166475735216
0 495 510 109.24941273580266
0 496 512 114.36079633952008
0 502 513 192.5797654154519
0 494 514 147.55755677664988
0 503 515 393.7420763272929
0 499 516 120.90363584700168
0 507 517 137.54479350838253
0 501 518 193.25303669560336
0 505 520 127.35647435785518
0 504 521 111.99922348560835
0 511 522 109.80819255306227
0 513 523 112.53772282712156
0 508 525 443.21316292067826
0 506 526 145.69346617896124
0 518 527 165.85422177934367
0 510 528 475.31061979188394
0 512 529 115.28929220418853
0 516 530 107.94331482272258
0 517 531 210.9586429813931
0 500 532 371.6232107681406
0 515 533 332.85161698888334
0 520 534 112.36345039556086
0 525 536 114.44164424406938
0 524 537 124.86572474402374
0 527 538 129.9818584013204
0 519 539 362.5903708717704
0 528 540 133.00148791368406
0 529 541 108.91641796645273
0 534 544 159.80663046576026
0 532 545 128.98299940310477
0 523 546 165.7568058757596
0 530 548 178.94046042685127
0 526 550 117.59809697789329
0 533 551 170.01823692436034
0 531 552 176.05742229311394
0 540 553 127.89273644624683
0 538 554 133.06079103411656
0 536 555 175.43979116063372
0 541 557 124.5522816263288
0 539 558 127.4798179182784
0 545 559 110.64515775882502
0 537 560 132.58445719545716
0 546 561 202.24129702784944
0 535 563 249.92754175882848
0 542 564 137.84636256503498
0 543 565 120.88582075206051
0 544 566 133.0380213281539
0 549 569 107.26382937234173
0 548 570 109.98741293949818
0 547 572 124.69573243139129
0 550 573 216.0922024460467
0 559 574 116.91959544960953
0 558 575 107.87236286105946
0 553 576 191.1853487153301
0 552 577 126.13415337646414
0 556 579 110.66415513652305
0 563 580 107.43673980535995
0 555 581 115.39005042033914
0 561 582 110.33447217666388
0 562 584 104.61152101148068
0 551 585 102.80655776922507
0 565 586 370.02119263195993
0 567 587 119.18799755304373
0 568 588 171.362985683505
0 569 589 106.45528085507294
0 566 590 171.88771922778668
0 571 591 116.00064357160949
0 570 593 108.91267765677102
0 572 594 119.57189294900532
0 574 595 103.62913489718228
0 576 596 153.77535778180643
0 577 597 124.14848165557197
0 575 598 112.28016823939642
0 564 599 102.57709951256788
0 581 601 115.71927914100803
0 579 602 128.98127400829767
0 586 604 118.40028364325764
0 582 605 153.70762066470064
0 580 606 177.25642452499176
0 587 607 124.4891683871481
0 585 608 122.14439018139778
0 588 609 106.67119024174316
0 590 610 106.46371155248073
0 583 611 150.6198298323973
0 591 612 120.02432362439173
0 592 613 117.00587379080551
0 578 614 227.2728362606114
0 600 616 235.7138978437802
0 593 617 174.45607828159493
0 594 618 175.3325705762773
0 596 619 122.55446470313231
0 601 620 104.32598737023235
0 598 622 117.33753188851337
0 599 623 108.15440307235261
0 595 624 175.27087918677532
0 613 627 144.98539924137066
0 603 628 126.78369983278097
0 602 629 101.52513884262953
0 605 630 107.4962913071623
0 608 631 108.89133664617833
0 609 632 104.01558087090244
0 607 633 143.15338520930655
0 615 634 101.95929240906827
0 614 635 104.97870605977822
0 606 636 179.0848037874075
0 616 637 104.10971484966309

0 1040.0 27.0
0 699.0 49.0
0 264.0 70.0
0 279.0 78.0
0 783.0 81.0
0 446.0 91.0
0 307.0 101.0
0 624.0 105.0
0 1020.0 106.0
0 487.0 114.0
0 324.0 115.0
0 496.0 123.0
0 342.0 129.0
0 481.0 131.0
0 508.0 134.0
0 329.0 135.0
0 345.0 142.0
0 358.0 142.0
0 992.0 144.0
0 518.0 145.0
0 971.0 145.0
0 336.0 146.0
0 678.0 148.0
0 511.0 153.0
0 377.0 156.0
0 959.0 158.0
0 974.0 158.0
0 500.0 159.0
0 532.0 160.0
0 676.0 160.0
0 945.0 160.0
0 519.0 164.0
0 365.0 165.0
0 921.0 171.0
0 398.0 173.0
0 953.0 173.0
0 912.0 176.0
0 547.0 178.0
0 404.0 181.0
0 895.0 181.0
0 995.0 181.0
0 532.0 183.0
0 948.0 184.0
0 973.0 187.0
0 416.0 188.0
0 690.0 188.0
0 715.0 188.0
0 378.0 189.0
0 871.0 189.0
0 924.0 189.0
0 392.0 190.0
0 919.0 191.0
0 933.0 191.0
0 940.0 192.0
0 520.0 193.0
0 562.0 195.0
0 762.0 196.0
0 553.0 198.0
0 862.0 200.0
0 1070.0 202.0
0 436.0 204.0
0 706.0 204.0
0 895.0 205.0
0 1037.0 206.0
0 866.0 207.0
0 410.0 208.0
0 832.0 208.0
0 573.0 210.0
0 676.0 210.0
0 1074.0 211.0
0 824.0 212.0
0 1061.0 212.0
0 874.0 213.0
0 563.0 217.0
0 698.0 218.0
0 435.0 219.0
0 812.0 220.0
0 455.0 221.0
0 664.0 222.0
0 849.0 224.0
0 444.0 227.0
0 662.0 227.0
0 542.0 230.0
0 675.0 230.0
0 586.0 232.0
0 660.0 232.0
0 572.0 233.0
0 689.0 233.0
0 788.0 234.0
0 476.0 239.0
0 564.0 239.0
0 686.0 239.0
0 655.0 240.0
0 169.0 242.0
0 838.0 242.0
0 685.0 247.0
0 552.0 249.0
0 112.0 250.0
0 765.0 250.0
0 582.0 254.0
0 683.0 254.0
0 494.0 255.0
0 599.0 255.0
0 817.0 258.0
0 481.0 261.0
0 746.0 264.0
0 464.0 265.0
0 808.0 265.0
0 501.0 266.0
0 490.0 270.0
0 510.0 270.0
0 591.0 271.0
0 802.0 271.0
0 567.0 273.0
0 643.0 274.0
0 611.0 276.0
0 776.0 277.0
0 730.0 281.0
0 686.0 282.0
0 481.0 284.0
0 526.0 284.0
0 597.0 284.0
0 506.0 285.0
0 187.0 286.0
0 783.0 289.0
0 511.0 290.0
0 635.0 293.0
0 542.0 297.0
0 603.0 298.0
0 686.0 299.0
0 715.0 299.0
0 622.0 300.0
0 459.0 301.0
0 611.0 302.0
0 498.0 303.0
0 527.0 304.0
0 841.0 305.0
0 627.0 308.0
0 533.0 310.0
0 542.0 310.0
0 559.0 312.0
0 610.0 313.0
0 628.0 313.0
0 685.0 314.0
0 701.0 316.0
0 545.0 320.0
0 818.0 321.0
0 397.0 322.0
0 414.0 324.0
0 554.0 327.0
0 383.0 328.0
0 388.0 328.0
0 435.0 328.0
0 580.0 328.0
0 618.0 329.0
0 368.0 331.0
0 685.0 331.0
0 810.0 331.0
0 384.0 333.0
0 455.0 334.0
0 528.0 335.0
0 563.0 335.0
0 623.0 339.0
0 805.0 339.0
0 596.0 340.0
0 348.0 343.0
0 476.0 343.0
0 823.0 343.0
0 835.0 343.0
0 574.0 344.0
0 670.0 346.0
0 792.0 348.0
0 493.0 351.0
0 631.0 351.0
0 781.0 351.0
0 835.0 351.0
0 454.0 352.0
0 713.0 353.0
0 602.0 354.0
0 573.0 355.0
0 648.0 355.0
0 462.0 356.0
0 553.0 356.0
0 591.0 356.0
0 845.0 356.0
0 656.0 357.0
0 731.0 357.0
0 813.0 357.0
0 447.0 359.0
0 685.0 359.0
0 479.0 360.0
0 510.0 361.0
0 770.0 362.0
0 826.0 362.0
0 733.0 363.0
0 563.0 364.0
0 598.0 364.0
0 467.0 366.0
0 643.0 366.0
0 842.0 366.0
0 625.0 368.0
0 461.0 369.0
0 669.0 369.0
0 704.0 369.0
0 573.0 370.0
0 765.0 370.0
0 526.0 371.0
0 450.0 372.0
0 471.0 372.0
0 547.0 372.0
0 642.0 373.0
0 664.0 373.0
0 846.0 373.0
0 713.0 374.0
0 491.0 376.0
0 556.0 376.0
0 598.0 376.0
0 700.0 376.0
0 756.0 376.0
0 614.0 377.0
0 641.0 378.0
0 722.0 378.0
0 588.0 379.0
0 623.0 379.0
0 593.0 380.0
0 687.0 381.0
0 466.0 382.0
0 523.0 382.0
0 544.0 382.0
0 449.0 383.0
0 575.0 383.0
0 640.0 383.0
0 483.0 385.0
0 708.0 385.0
0 552.0 388.0
0 557.0 388.0
0 620.0 388.0
0 738.0 388.0
0 825.0 388.0
0 841.0 388.0
0 509.0 389.0
0 587.0 389.0
0 597.0 389.0
0 613.0 390.0
0 504.0 393.0
0 560.0 393.0
0 495.0 395.0
0 517.0 395.0
0 671.0 395.0
0 470.0 396.0
0 639.0 397.0
0 623.0 399.0
0 723.0 399.0
0 771.0 399.0
0 526.0 400.0
0 460.0 401.0
0 488.0 401.0
0 576.0 404.0
0 762.0 404.0
0 837.0 404.0
0 500.0 405.0
0 532.0 405.0
0 598.0 405.0
0 657.0 405.0
0 694.0 405.0
0 473.0 407.0
0 513.0 407.0
0 613.0 407.0
0 812.0 408.0
0 790.0 409.0
0 489.0 410.0
0 655.0 410.0
0 523.0 411.0
0 621.0 411.0
0 638.0 411.0
0 459.0 412.0
0 513.0 412.0
0 541.0 412.0
0 706.0 412.0
0 586.0 413.0
0 479.0 414.0
0 599.0 414.0
0 667.0 415.0
0 471.0 416.0
0 501.0 417.0
0 638.0 417.0
0 699.0 417.0
0 747.0 417.0
0 783.0 417.0
0 657.0 418.0
0 487.0 421.0
0 776.0 421.0
0 482.0 422.0
0 638.0 422.0
0 542.0 423.0
0 578.0 423.0
0 805.0 423.0
0 556.0 424.0
0 688.0 424.0
0 533.0 425.0
0 600.0 425.0
0 524.0 426.0
0 663.0 426.0
0 653.0 427.0
0 803.0 428.0
0 462.0 429.0
0 171.0 430.0
0 503.0 430.0
0 789.0 430.0
0 681.0 431.0
0 783.0 431.0
0 552.0 432.0
0 727.0 433.0
0 603.0 435.0
0 658.0 435.0
0 568.0 436.0
0 706.0 436.0
0 481.0 437.0
0 538.0 437.0
0 637.0 439.0
0 443.0 440.0
0 515.0 440.0
0 650.0 440.0
0 749.0 440.0
0 811.0 440.0
0 798.0 441.0
0 816.0 441.0
0 783.0 442.0
0 666.0 444.0
0 491.0 445.0
0 465.0 446.0
0 502.0 448.0
0 567.0 448.0
0 805.0 448.0
0 479.0 450.0
0 517.0 450.0
0 708.0 450.0
0 788.0 450.0
0 426.0 451.0
0 552.0 451.0
0 719.0 452.0
0 450.0 454.0
0 511.0 454.0
0 729.0 454.0
0 601.0 455.0
0 798.0 455.0
0 469.0 456.0
0 495.0 456.0
0 781.0 456.0
0 527.0 457.0
0 645.0 457.0
0 815.0 458.0
0 416.0 459.0
0 584.0 459.0
0 555.0 460.0
0 601.0 460.0
0 748.0 460.0
0 791.0 461.0
0 510.0 462.0
0 565.0 462.0
0 636.0 462.0
0 435.0 463.0
0 614.0 464.0
0 620.0 464.0
0 779.0 464.0
0 501.0 466.0
0 517.0 466.0
0 405.0 468.0
0 636.0 468.0
0 672.0 468.0
0 444.0 469.0
0 477.0 469.0
0 489.0 469.0
0 767.0 469.0
0 779.0 469.0
0 544.0 470.0
0 642.0 470.0
0 772.0 470.0
0 742.0 471.0
0 808.0 471.0
0 623.0 472.0
0 438.0 473.0
0 635.0 473.0
0 418.0 475.0
0 523.0 475.0
0 600.0 475.0
0 816.0 475.0
0 505.0 476.0
0 692.0 476.0
0 790.0 476.0
0 654.0 477.0
0 668.0 477.0
0 777.0 477.0
0 394.0 478.0
0 611.0 478.0
0 799.0 478.0
0 641.0 479.0
0 758.0 479.0
0 514.0 480.0
0 569.0 480.0
0 718.0 483.0
0 406.0 484.0
0 788.0 484.0
0 481.0 485.0
0 496.0 485.0
0 530.0 485.0
0 688.0 486.0
0 810.0 486.0
0 384.0 487.0
0 598.0 487.0
0 770.0 487.0
0 642.0 488.0
0 746.0 488.0
0 511.0 489.0
0 798.0 490.0
0 633.0 491.0
0 734.0 491.0
0 493.0 493.0
0 721.0 493.0
0 644.0 496.0
0 390.0 497.0
0 586.0 497.0
0 661.0 497.0
0 676.0 497.0
0 688.0 497.0
0 785.0 497.0
0 500.0 498.0
0 754.0 500.0
0 569.0 501.0
0 726.0 501.0
0 490.0 502.0
0 517.0 502.0
0 633.0 502.0
0 814.0 502.0
0 579.0 503.0
0 738.0 503.0
0 599.0 504.0
0 678.0 504.0
0 761.0 504.0
0 532.0 505.0
0 634.0 507.0
0 545.0 508.0
0 767.0 508.0
0 490.0 510.0
0 672.0 511.0
0 804.0 511.0
0 513.0 512.0
0 572.0 514.0
0 597.0 514.0
0 738.0 514.0
0 556.0 515.0
0 613.0 515.0
0 810.0 515.0
0 522.0 516.0
0 723.0 516.0
0 831.0 517.0
0 496.0 519.0
0 512.0 520.0
0 546.0 520.0
0 786.0 520.0
0 580.0 523.0
0 598.0 523.0
0 671.0 523.0
0 739.0 523.0
0 818.0 523.0
0 714.0 525.0
0 504.0 526.0
0 631.0 526.0
0 493.0 527.0
0 758.0 527.0
0 735.0 528.0
0 770.0 528.0
0 805.0 531.0
0 581.0 532.0
0 598.0 533.0
0 657.0 533.0
0 734.0 533.0
0 781.0 534.0
0 849.0 536.0
0 828.0 537.0
0 776.0 538.0
0 771.0 539.0
0 687.0 540.0
0 716.0 541.0
0 733.0 541.0
0 496.0 542.0
0 644.0 542.0
0 671.0 542.0
0 570.0 543.0
0 625.0 545.0
0 763.0 545.0
0 751.0 547.0
0 531.0 548.0
0 583.0 548.0
0 597.0 548.0
0 824.0 548.0
0 514.0 552.0
0 634.0 552.0
0 863.0 554.0
0 669.0 555.0
0 765.0 555.0
0 689.0 558.0
0 729.0 558.0
0 503.0 559.0
0 555.0 559.0
0 560.0 559.0
0 635.0 559.0
0 761.0 560.0
0 512.0 562.0
0 530.0 562.0
0 669.0 562.0
0 585.0 563.0
0 746.0 564.0
0 771.0 566.0
0 595.0 567.0
0 844.0 568.0
0 714.0 570.0
0 549.0 574.0
0 763.0 574.0
0 768.0 574.0
0 701.0 575.0
0 667.0 577.0
0 725.0 578.0
0 877.0 578.0
0 560.0 579.0
0 565.0 580.0
0 588.0 580.0
0 635.0 580.0
0 856.0 583.0
0 512.0 584.0
0 743.0 584.0
0 762.0 585.0
0 695.0 588.0
0 592.0 589.0
0 657.0 589.0
0 558.0 593.0
0 665.0 593.0
0 521.0 594.0
0 698.0 595.0
0 576.0 596.0
0 720.0 596.0
0 649.0 599.0
0 708.0 599.0
0 760.0 599.0
0 635.0 600.0
0 665.0 600.0
0 589.0 601.0
0 683.0 602.0
0 536.0 603.0
0 545.0 604.0
0 609.0 604.0
0 759.0 604.0
0 621.0 605.0
0 747.0 607.0
0 716.0 608.0
0 545.0 609.0
0 621.0 610.0
0 693.0 611.0
0 733.0 611.0
0 880.0 611.0
0 521.0 612.0
0 587.0 613.0
0 892.0 614.0
0 621.0 615.0
0 636.0 615.0
0 664.0 615.0
0 753.0 615.0
0 738.0 616.0
0 585.0 618.0
0 855.0 618.0
0 712.0 621.0
0 563.0 622.0
0 531.0 623.0
0 602.0 624.0
0 890.0 625.0
0 856.0 626.0
0 620.0 628.0
0 743.0 628.0
0 635.0 629.0
0 688.0 629.0
0 864.0 629.0
0 679.0 631.0
0 751.0 631.0
0 580.0 632.0
0 662.0 633.0
0 314.0 635.0
0 553.0 636.0
0 737.0 636.0
0 598.0 639.0
0 721.0 639.0
0 579.0 640.0
0 706.0 642.0
0 633.0 643.0
0 679.0 643.0
0 643.0 644.0
0 662.0 645.0
0 541.0 647.0
0 706.0 648.0
0 602.0 649.0
0 311.0 650.0
0 695.0 650.0
0 737.0 650.0
0 576.0 651.0
0 618.0 652.0
0 727.0 657.0
0 588.0 659.0
0 629.0 659.0
0 560.0 660.0
0 640.0 660.0
0 660.0 661.0
0 715.0 663.0
0 616.0 664.0
0 587.0 667.0
0 606.0 667.0
0 561.0 668.0
0 627.0 668.0
0 680.0 668.0
0 571.0 669.0
0 698.0 669.0
0 636.0 670.0
0 719.0 671.0
0 570.0 674.0
0 608.0 674.0
0 659.0 674.0
0 575.0 675.0
0 624.0 678.0
0 581.0 679.0
0 673.0 684.0
0 639.0 685.0
0 292.0 690.0
0 656.0 691.0
0 683.0 691.0
0 695.0 691.0
0 609.0 696.0
0 686.0 701.0
0 658.0 703.0
0 563.0 705.0
0 662.0 710.0
1 1008.0 43.0
1 689.0 67.0
1 252.0 96.0
1 766.0 99.0
1 267.0 103.0
1 444.0 111.0
1 293.0 124.0
1 479.0 133.0
1 309.0 137.0
1 488.0 142.0
1 326.0 150.0
1 473.0 150.0
1 497.0 152.0
1 490.0 156.0
1 312.0 159.0
1 942.0 162.0
1 960.0 162.0
1 327.0 163.0
1 342.0 163.0
1 507.0 164.0
1 319.0 166.0
1 665.0 166.0
1 499.0 171.0
1 930.0 175.0
1 360.0 176.0
1 487.0 176.0
1 944.0 176.0
1 917.0 177.0
1 520.0 178.0
1 663.0 178.0
1 507.0 183.0
1 335.0 184.0
1 348.0 186.0
1 487.0 187.0
1 894.0 187.0
1 496.0 190.0
1 380.0 192.0
1 490.0 192.0
1 921.0 192.0
1 557.0 193.0
1 533.0 195.0
1 846.0 195.0
1 878.0 196.0
1 676.0 197.0
1 518.0 200.0
1 904.0 201.0
1 506.0 202.0
1 827.0 202.0
1 693.0 206.0
1 867.0 206.0
1 398.0 207.0
1 853.0 208.0
1 441.0 209.0
1 806.0 209.0
1 848.0 210.0
1 665.0 211.0
1 546.0 212.0
1 840.0 214.0
1 877.0 215.0
1 953.0 215.0
1 792.0 216.0
1 516.0 217.0
1 392.0 218.0
1 811.0 218.0
1 684.0 220.0
1 417.0 222.0
1 850.0 222.0
1 976.0 223.0
1 376.0 225.0
1 390.0 226.0
1 652.0 226.0
1 556.0 227.0
1 773.0 227.0
1 946.0 227.0
1 798.0 228.0
1 819.0 228.0
1 768.0 229.0
1 843.0 230.0
1 978.0 232.0
1 966.0 234.0
1 528.0 235.0
1 541.0 238.0
1 436.0 239.0
1 671.0 240.0
1 752.0 240.0
1 646.0 242.0
1 798.0 242.0
1 424.0 244.0
1 824.0 245.0
1 632.0 247.0
1 568.0 248.0
1 651.0 248.0
1 668.0 248.0
1 804.0 250.0
1 537.0 251.0
1 627.0 252.0
1 781.0 252.0
1 666.0 253.0
1 456.0 255.0
1 437.0 256.0
1 548.0 257.0
1 625.0 257.0
1 530.0 259.0
1 807.0 259.0
1 442.0 261.0
1 632.0 262.0
1 642.0 264.0
1 808.0 264.0
1 554.0 265.0
1 761.0 266.0
1 713.0 268.0
1 579.0 269.0
1 474.0 271.0
1 638.0 272.0
1 736.0 276.0
1 460.0 277.0
1 562.0 277.0
1 762.0 277.0
1 745.0 279.0
1 480.0 280.0
1 731.0 280.0
1 442.0 281.0
1 697.0 283.0
1 468.0 285.0
1 491.0 286.0
1 559.0 287.0
1 590.0 291.0
1 728.0 293.0
1 616.0 297.0
1 683.0 299.0
1 455.0 300.0
1 484.0 300.0
1 507.0 300.0
1 567.0 301.0
1 753.0 304.0
1 490.0 306.0
1 740.0 308.0
1 522.0 312.0
1 574.0 313.0
1 714.0 313.0
1 579.0 315.0
1 600.0 315.0
1 471.0 318.0
1 589.0 318.0
1 728.0 318.0
1 505.0 319.0
1 560.0 319.0
1 820.0 320.0
1 666.0 321.0
1 621.0 323.0
1 511.0 324.0
1 520.0 325.0
1 605.0 325.0
1 664.0 326.0
1 539.0 327.0
1 581.0 327.0
1 689.0 327.0
1 726.0 331.0
1 587.0 332.0
1 660.0 333.0
1 386.0 335.0
1 523.0 335.0
1 487.0 336.0
1 376.0 337.0
1 402.0 337.0
1 603.0 338.0
1 421.0 341.0
1 533.0 342.0
1 560.0 342.0
1 359.0 343.0
1 696.0 345.0
1 375.0 346.0
1 568.0 346.0
1 649.0 346.0
1 441.0 347.0
1 593.0 347.0
1 539.0 348.0
1 572.0 351.0
1 704.0 351.0
1 506.0 352.0
1 786.0 354.0
1 339.0 355.0
1 462.0 356.0
1 679.0 356.0
1 423.0 357.0
1 583.0 357.0
1 804.0 357.0
1 552.0 358.0
1 815.0 358.0
1 634.0 361.0
1 588.0 363.0
1 652.0 363.0
1 670.0 363.0
1 478.0 364.0
1 438.0 365.0
1 578.0 365.0
1 767.0 365.0
1 605.0 366.0
1 812.0 366.0
1 686.0 368.0
1 550.0 369.0
1 615.0 369.0
1 623.0 369.0
1 664.0 369.0
1 570.0 371.0
1 823.0 371.0
1 432.0 372.0
1 461.0 372.0
1 717.0 372.0
1 495.0 374.0
1 790.0 374.0
1 803.0 375.0
1 565.0 377.0
1 719.0 377.0
1 609.0 379.0
1 751.0 379.0
1 545.0 380.0
1 818.0 380.0
1 434.0 381.0
1 443.0 381.0
1 476.0 382.0
1 691.0 382.0
1 510.0 383.0
1 679.0 383.0
1 553.0 386.0
1 700.0 386.0
1 631.0 388.0
1 451.0 390.0
1 644.0 390.0
1 737.0 390.0
1 823.0 390.0
1 475.0 391.0
1 580.0 391.0
1 709.0 391.0
1 481.0 392.0
1 523.0 392.0
1 542.0 392.0
1 563.0 392.0
1 588.0 392.0
1 616.0 392.0
1 664.0 392.0
1 429.0 393.0
1 445.0 394.0
1 471.0 396.0
1 603.0 396.0
1 532.0 399.0
1 694.0 399.0
1 723.0 400.0
1 542.0 402.0
1 561.0 403.0
1 799.0 403.0
1 815.0 403.0
1 496.0 404.0
1 576.0 404.0
1 717.0 404.0
1 650.0 405.0
1 429.0 406.0
1 483.0 407.0
1 600.0 408.0
1 619.0 408.0
1 641.0 408.0
1 752.0 411.0
1 478.0 412.0
1 483.0 412.0
1 584.0 412.0
1 650.0 413.0
1 704.0 413.0
1 747.0 413.0
1 488.0 416.0
1 511.0 416.0
1 450.0 417.0
1 467.0 417.0
1 501.0 418.0
1 632.0 418.0
1 679.0 418.0
1 742.0 418.0
1 600.0 419.0
1 810.0 419.0
1 436.0 422.0
1 501.0 423.0
1 522.0 423.0
1 581.0 423.0
1 771.0 423.0
1 747.0 424.0
1 797.0 424.0
1 560.0 425.0
1 488.0 426.0
1 476.0 427.0
1 469.0 428.0
1 597.0 429.0
1 645.0 429.0
1 634.0 430.0
1 456.0 431.0
1 765.0 431.0
1 781.0 432.0
1 674.0 433.0
1 724.0 433.0
1 446.0 434.0
1 757.0 434.0
1 546.0 435.0
1 438.0 436.0
1 506.0 436.0
1 522.0 436.0
1 669.0 436.0
1 560.0 437.0
1 487.0 438.0
1 775.0 438.0
1 665.0 441.0
1 463.0 442.0
1 596.0 442.0
1 420.0 443.0
1 767.0 444.0
1 519.0 445.0
1 638.0 445.0
1 660.0 445.0
1 536.0 446.0
1 561.0 447.0
1 441.0 448.0
1 595.0 448.0
1 496.0 450.0
1 701.0 450.0
1 477.0 451.0
1 618.0 453.0
1 730.0 453.0
1 453.0 454.0
1 772.0 454.0
1 784.0 454.0
1 495.0 455.0
1 637.0 455.0
1 789.0 455.0
1 759.0 456.0
1 422.0 457.0
1 466.0 457.0
1 642.0 457.0
1 647.0 457.0
1 444.0 459.0
1 600.0 459.0
1 489.0 460.0
1 385.0 461.0
1 536.0 462.0
1 763.0 462.0
1 780.0 462.0
1 687.0 463.0
1 556.0 464.0
1 406.0 465.0
1 464.0 465.0
1 475.0 467.0
1 376.0 468.0
1 483.0 468.0
1 605.0 468.0
1 703.0 468.0
1 773.0 468.0
1 464.0 470.0
1 453.0 471.0
1 755.0 471.0
1 788.0 471.0
1 392.0 473.0
1 499.0 473.0
1 546.0 473.0
1 590.0 473.0
1 717.0 474.0
1 599.0 475.0
1 477.0 476.0
1 490.0 476.0
1 569.0 476.0
1 574.0 476.0
1 764.0 476.0
1 363.0 478.0
1 639.0 480.0
1 399.0 481.0
1 468.0 481.0
1 520.0 481.0
1 607.0 481.0
1 733.0 481.0
1 746.0 481.0
1 373.0 484.0
1 710.0 484.0
1 754.0 484.0
1 499.0 485.0
1 352.0 486.0
1 598.0 486.0
1 781.0 486.0
1 481.0 487.0
1 623.0 487.0
1 653.0 487.0
1 738.0 487.0
1 489.0 490.0
1 564.0 490.0
1 611.0 491.0
1 672.0 491.0
1 720.0 491.0
1 761.0 491.0
1 786.0 491.0
1 746.0 492.0
1 769.0 492.0
1 551.0 493.0
1 341.0 495.0
1 458.0 496.0
1 505.0 496.0
1 686.0 496.0
1 650.0 498.0
1 486.0 499.0
1 752.0 499.0
1 785.0 500.0
1 735.0 501.0
1 775.0 502.0
1 584.0 503.0
1 551.0 504.0
1 592.0 504.0
1 701.0 504.0
1 343.0 505.0
1 689.0 505.0
1 603.0 506.0
1 472.0 508.0
1 615.0 508.0
1 638.0 509.0
1 651.0 509.0
1 746.0 510.0
1 583.0 511.0
1 768.0 511.0
1 491.0 512.0
1 718.0 513.0
1 504.0 515.0
1 549.0 515.0
1 583.0 516.0
1 704.0 516.0
1 588.0 517.0
1 516.0 518.0
1 776.0 519.0
1 470.0 520.0
1 489.0 521.0
1 582.0 521.0
1 339.0 522.0
1 636.0 523.0
1 733.0 523.0
1 547.0 524.0
1 746.0 524.0
1 525.0 525.0
1 587.0 525.0
1 625.0 525.0
1 562.0 526.0
1 581.0 526.0
1 704.0 526.0
1 499.0 528.0
1 480.0 529.0
1 768.0 529.0
1 516.0 530.0
1 579.0 531.0
1 789.0 531.0
1 627.0 534.0
1 535.0 535.0
1 749.0 535.0
1 487.0 536.0
1 546.0 536.0
1 584.0 536.0
1 704.0 536.0
1 678.0 537.0
1 324.0 538.0
1 477.0 538.0
1 777.0 538.0
1 727.0 540.0
1 740.0 542.0
1 617.0 543.0
1 760.0 543.0
1 581.0 545.0
1 623.0 545.0
1 701.0 545.0
1 805.0 550.0
1 655.0 551.0
1 785.0 551.0
1 542.0 552.0
1 611.0 552.0
1 745.0 552.0
1 638.0 553.0
1 701.0 553.0
1 482.0 554.0
1 582.0 554.0
1 682.0 554.0
1 508.0 557.0
1 735.0 557.0
1 495.0 559.0
1 568.0 560.0
1 720.0 560.0
1 780.0 561.0
1 579.0 562.0
1 636.0 566.0
1 525.0 567.0
1 487.0 568.0
1 739.0 568.0
1 698.0 569.0
1 818.0 569.0
1 497.0 570.0
1 658.0 570.0
1 752.0 570.0
1 540.0 571.0
1 636.0 573.0
1 717.0 577.0
1 580.0 579.0
1 596.0 580.0
1 682.0 582.0
1 694.0 583.0
1 743.0 583.0
1 749.0 583.0
1 559.0 587.0
1 635.0 587.0
1 669.0 587.0
1 536.0 588.0
1 512.0 589.0
1 593.0 589.0
1 598.0 589.0
1 604.0 589.0
1 694.0 591.0
1 496.0 593.0
1 831.0 593.0
1 735.0 594.0
1 565.0 595.0
1 718.0 596.0
1 743.0 596.0
1 579.0 597.0
1 591.0 599.0
1 625.0 599.0
1 596.0 600.0
1 724.0 600.0
1 532.0 601.0
1 505.0 603.0
1 635.0 604.0
1 551.0 606.0
1 669.0 607.0
1 691.0 608.0
1 617.0 609.0
1 517.0 611.0
1 563.0 611.0
1 635.0 611.0
1 742.0 613.0
1 577.0 614.0
1 600.0 617.0
1 525.0 619.0
1 506.0 620.0
1 688.0 620.0
1 707.0 622.0
1 722.0 622.0
1 662.0 623.0
1 576.0 624.0
1 635.0 624.0
1 735.0 624.0
1 833.0 625.0
1 562.0 627.0
1 516.0 631.0
1 685.0 632.0
1 813.0 632.0
1 575.0 634.0
1 264.0 635.0
1 724.0 637.0
1 595.0 638.0
1 600.0 639.0
1 651.0 639.0
1 658.0 639.0
1 535.0 640.0
1 812.0 640.0
1 843.0 641.0
1 518.0 642.0
1 734.0 642.0
1 634.0 644.0
1 820.0 644.0
1 261.0 648.0
1 525.0 648.0
1 558.0 648.0
1 714.0 648.0
1 576.0 649.0
1 696.0 649.0
1 653.0 653.0
1 680.0 653.0
1 614.0 654.0
1 548.0 655.0
1 634.0 655.0
1 578.0 657.0
1 527.0 658.0
1 680.0 658.0
1 511.0 660.0
1 555.0 660.0
1 567.0 660.0
1 718.0 663.0
1 566.0 665.0
1 598.0 666.0
1 713.0 668.0
1 615.0 669.0
1 704.0 669.0
1 543.0 670.0
1 634.0 671.0
1 522.0 672.0
1 692.0 673.0
1 563.0 674.0
1 583.0 676.0
1 550.0 678.0
1 676.0 678.0
1 555.0 680.0
1 611.0 680.0
1 516.0 683.0
1 585.0 683.0
1 634.0 683.0
1 675.0 683.0
1 696.0 684.0
1 243.0 687.0
1 606.0 691.0
1 511.0 692.0
1 633.0 700.0
1 540.0 701.0
1 581.0 702.0
1 659.0 702.0
1 672.0 703.0
1 605.0 705.0
1 496.0 708.0
1 614.0 708.0
1 648.0 710.0
1 633.0 713.0
1 662.0 713.0
1 638.0 721.0
