0 1 1 273.3559951230933
0 2 2 173.81049295468958
0 3 4 376.20627417969274
0 5 5 458.18782045014734
0 6 6 419.31076539724756
0 8 10 368.80666081270294
0 9 12 260.70853473418276
0 12 14 423.5900275966221
0 11 15 221.58913700218866
0 13 17 327.85109729139896
0 18 19 382.33771537412184
0 20 20 324.7811380415313
0 16 21 179.99442976069858
0 19 24 314.97757571394015
0 28 25 216.86018747300514
0 21 27 315.1707675878926
0 22 28 464.76187943439237
0 25 31 158.0250634677639
0 24 32 132.69052376293996
0 34 37 425.8440910863631
0 32 38 316.3219417169667
0 38 39 339.4522985320804
0 36 41 137.9442080129449
0 39 47 195.38898643137216
0 43 50 222.37688094891422
0 42 54 251.16967103514423
0 44 55 430.59555433844076
0 55 58 411.56934827862545
0 46 60 378.844247499055
0 61 64 177.02954847547306
0 49 65 150.86090860852858
0 50 75 138.80672266960852
0 64 76 347.71399695067646
0 56 77 456.45811077421257
0 58 80 114.91289485944533
0 67 82 396.97045664028474
0 59 86 316.37171925553565
0 87 88 449.4842665117769
0 71 89 419.30316769505254
0 93 94 292.4504072237127
0 85 96 323.24939977962214
0 83 99 422.7514295426295
0 102 103 281.65907938438045
0 89 104 115.24647948759974
0 74 106 433.7993809058978
0 95 109 124.05664517498181
0 98 110 401.36493900985766
0 100 111 342.2967393171618
0 113 112 292.4749552912365
0 105 120 414.3647648518878
0 109 121 268.0984669509813
0 122 124 319.612652055519
0 106 125 181.0873107644696
0 126 129 408.5776083503937
0 117 135 140.71435203330333
0 120 138 135.0160943679289
0 123 139 128.1710681660841
0 128 140 272.7534042322648
0 121 141 210.73574050734192
0 134 142 389.417099291958
0 143 143 472.22760024592
0 136 145 136.1994849863453
0 129 147 332.51293259867094
0 147 149 145.26219891946127
0 124 150 301.9090548696492
0 153 153 335.2576746881416
0 130 155 173.34318460713328
0 171 156 332.6899071347651
0 139 158 162.5086195682191
0 154 161 128.39109365886105
0 155 162 374.960505838163
0 186 163 263.36467469183145
0 144 165 218.47789787302258
0 164 169 128.27721038697902
0 163 176 223.46077506072936
0 191 177 317.8948307843367
0 185 182 330.87654531231556
0 173 183 468.89200013806385
0 169 190 234.45851568722068
0 196 192 452.4155360412613
0 203 194 375.32040075121273
0 181 197 371.0773102428029
0 211 211 314.762857748044
0 189 214 396.74942558744266
0 222 222 482.159986854793
0 192 226 266.37638783216835
0 226 248 339.6044611351007
0 237 250 487.49939161428733
0 213 255 252.78571484535325
0 266 258 338.6829969375191
0 252 263 168.73616659336454
0 260 271 169.90435774711162
0 257 279 347.88844571946373
0 273 282 363.6876722478577
0 276 289 131.12499293659852
0 271 294 237.70958983686631
0 281 303 145.9558221590744
0 306 312 169.3746132156331
0 302 314 346.4234719993624
0 288 315 302.49787873772186
0 251 317 451.11311743666073
0 280 321 392.648438951759
0 294 322 172.41151242319066
0 309 327 437.78248815615564
0 275 329 415.4687753926389
0 268 334 340.61516007254806
0 308 340 431.5592097554739
0 347 345 340.2171342961305
0 272 346 237.50904255514934
0 313 349 311.95734958111194
0 338 356 315.87669953107684
0 315 369 361.73260290607016
0 289 371 310.073889488368
0 345 388 499.37239933710555
0 374 389 463.75019452822175
0 349 391 470.9880817855769
0 385 395 473.3792095470303
0 368 397 236.37527264980852
0 363 405 212.41317927235147
0 367 406 269.28153859426317
0 387 410 322.4999392088617
0 360 411 331.3283980645078
0 384 416 290.8585817389728
0 376 419 241.89422205811312
0 373 423 473.5810481949383
0 383 424 339.4956762260271
0 403 425 314.2484857424486
0 398 438 425.1059900734709
0 414 442 230.38131069582647
0 396 444 240.34070438388005
0 425 445 410.7396370336862
0 419 449 224.56451448504117
0 392 453 472.16095142429185
0 412 457 250.33891635994564
0 438 463 268.4023888256967
0 424 465 156.6241685428744
0 429 475 271.72476030644236
0 448 476 271.35859592132755
0 444 482 188.31169297631234
0 458 483 116.66575687508636
0 460 484 222.0004407664944
0 447 485 470.3843429665276
0 442 487 189.8508235551856
0 474 491 207.80174851209136
0 455 492 335.5423403001922
0 463 499 241.3111728424938
0 476 502 259.5242647500141
0 471 504 394.96754219385315
0 461 508 341.69433974330383
0 452 509 257.95862136829936
0 470 510 314.7874850648142
0 486 516 266.036466839545
0 465 517 324.8790288029426
0 518 518 376.3900137344579
0 483 521 268.879408168415
0 499 522 274.85226696548295
0 494 524 234.7635952496561
0 480 525 327.2872233703127
0 488 529 256.175100152761
0 512 530 301.50796069071157
0 504 537 181.05338540219353
0 505 539 283.8151011643933
0 516 540 254.4281676577692
0 522 542 425.248732897643
0 509 545 225.95668400007006
0 517 547 194.10220123894314
0 514 549 233.0768576220479
0 525 551 338.9557400456898
0 541 553 240.47126429038386
0 529 554 254.48665558753092
0 524 555 168.46331444015362
0 528 557 230.17038453064202
0 534 558 251.01330523951546
0 521 560 121.80541514188003
0 526 565 271.88962884958636
0 539 570 185.1979949376702
0 531 572 146.5108689719614
0 558 577 223.35115069558537
0 540 579 349.30901644762696
0 535 583 436.6208732903606
0 542 584 324.5402631146759
0 546 586 252.07433911157148
0 562 589 371.2911146446422
0 557 591 249.83996717886404
0 547 594 415.1776317238447
0 552 595 232.25454560053095
0 548 596 134.95411321600994
0 565 597 294.92293288528543
0 566 609 225.07500782627656
0 572 613 206.21540240954377
0 581 616 458.33029584488656
0 583 618 329.3079195503475
0 574 623 320.0344885799499
0 580 628 267.4625769241929
0 555 629 270.23132692471705
0 587 630 170.14515749709625
0 590 631 175.60182388254537
0 591 632 201.69783703885372
0 586 633 268.67128490704005
0 594 634 132.93503255349006
0 592 635 234.9651744275695
0 595 637 138.59105179399046

0 1040.0 27.0
0 699.0 49.0
0 264.0 70.0
0 279.0 78.0
0 783.0 81.0
0 446.0 91.0
0 307.0 101.0
0 624.0 105.0
0 1020.0 106.0
0 487.0 114.0
0 324.0 115.0
0 496.0 123.0
0 342.0 129.0
0 481.0 131.0
0 508.0 134.0
0 329.0 135.0
0 345.0 142.0
0 358.0 142.0
0 992.0 144.0
0 518.0 145.0
0 971.0 145.0
0 336.0 146.0
0 678.0 148.0
0 511.0 153.0
0 377.0 156.0
0 959.0 158.0
0 974.0 158.0
0 500.0 159.0
0 532.0 160.0
0 676.0 160.0
0 945.0 160.0
0 519.0 164.0
0 365.0 165.0
0 921.0 171.0
0 398.0 173.0
0 953.0 173.0
0 912.0 176.0
0 547.0 178.0
0 404.0 181.0
0 895.0 181.0
0 995.0 181.0
0 532.0 183.0
0 948.0 184.0
0 973.0 187.0
0 416.0 188.0
0 690.0 188.0
0 715.0 188.0
0 378.0 189.0
0 871.0 189.0
0 924.0 189.0
0 392.0 190.0
0 919.0 191.0
0 933.0 191.0
0 940.0 192.0
0 520.0 193.0
0 562.0 195.0
0 762.0 196.0
0 553.0 198.0
0 862.0 200.0
0 1070.0 202.0
0 436.0 204.0
0 706.0 204.0
0 895.0 205.0
0 1037.0 206.0
0 866.0 207.0
0 410.0 208.0
0 832.0 208.0
0 573.0 210.0
0 676.0 210.0
0 1074.0 211.0
0 824.0 212.0
0 1061.0 212.0
0 874.0 213.0
0 563.0 217.0
0 698.0 218.0
0 435.0 219.0
0 812.0 220.0
0 455.0 221.0
0 664.0 222.0
0 849.0 224.0
0 444.0 227.0
0 662.0 227.0
0 542.0 230.0
0 675.0 230.0
0 586.0 232.0
0 660.0 232.0
0 572.0 233.0
0 689.0 233.0
0 788.0 234.0
0 476.0 239.0
0 564.0 239.0
0 686.0 239.0
0 655.0 240.0
0 169.0 242.0
0 838.0 242.0
0 685.0 247.0
0 552.0 249.0
0 112.0 250.0
0 765.0 250.0
0 582.0 254.0
0 683.0 254.0
0 494.0 255.0
0 599.0 255.0
0 817.0 258.0
0 481.0 261.0
0 746.0 264.0
0 464.0 265.0
0 808.0 265.0
0 501.0 266.0
0 490.0 270.0
0 510.0 270.0
0 591.0 271.0
0 802.0 271.0
0 567.0 273.0
0 643.0 274.0
0 611.0 276.0
0 776.0 277.0
0 730.0 281.0
0 686.0 282.0
0 481.0 284.0
0 526.0 284.0
0 597.0 284.0
0 506.0 285.0
0 187.0 286.0
0 783.0 289.0
0 511.0 290.0
0 635.0 293.0
0 542.0 297.0
0 603.0 298.0
0 686.0 299.0
0 715.0 299.0
0 622.0 300.0
0 459.0 301.0
0 611.0 302.0
0 498.0 303.0
0 527.0 304.0
0 841.0 305.0
0 627.0 308.0
0 533.0 310.0
0 542.0 310.0
0 559.0 312.0
0 610.0 313.0
0 628.0 313.0
0 685.0 314.0
0 701.0 316.0
0 545.0 320.0
0 818.0 321.0
0 397.0 322.0
0 414.0 324.0
0 554.0 327.0
0 383.0 328.0
0 388.0 328.0
0 435.0 328.0
0 580.0 328.0
0 618.0 329.0
0 368.0 331.0
0 685.0 331.0
0 810.0 331.0
0 384.0 333.0
0 455.0 334.0
0 528.0 335.0
0 563.0 335.0
0 623.0 339.0
0 805.0 339.0
0 596.0 340.0
0 348.0 343.0
0 476.0 343.0
0 823.0 343.0
0 835.0 343.0
0 574.0 344.0
0 670.0 346.0
0 792.0 348.0
0 493.0 351.0
0 631.0 351.0
0 781.0 351.0
0 835.0 351.0
0 454.0 352.0
0 713.0 353.0
0 602.0 354.0
0 573.0 355.0
0 648.0 355.0
0 462.0 356.0
0 553.0 356.0
0 591.0 356.0
0 845.0 356.0
0 656.0 357.0
0 731.0 357.0
0 813.0 357.0
0 447.0 359.0
0 685.0 359.0
0 479.0 360.0
0 510.0 361.0
0 770.0 362.0
0 826.0 362.0
0 733.0 363.0
0 563.0 364.0
0 598.0 364.0
0 467.0 366.0
0 643.0 366.0
0 842.0 366.0
0 625.0 368.0
0 461.0 369.0
0 669.0 369.0
0 704.0 369.0
0 573.0 370.0
0 765.0 370.0
0 526.0 371.0
0 450.0 372.0
0 471.0 372.0
0 547.0 372.0
0 642.0 373.0
0 664.0 373.0
0 846.0 373.0
0 713.0 374.0
0 491.0 376.0
0 556.0 376.0
0 598.0 376.0
0 700.0 376.0
0 756.0 376.0
0 614.0 377.0
0 641.0 378.0
0 722.0 378.0
0 588.0 379.0
0 623.0 379.0
0 593.0 380.0
0 687.0 381.0
0 466.0 382.0
0 523.0 382.0
0 544.0 382.0
0 449.0 383.0
0 575.0 383.0
0 640.0 383.0
0 483.0 385.0
0 708.0 385.0
0 552.0 388.0
0 557.0 388.0
0 620.0 388.0
0 738.0 388.0
0 825.0 388.0
0 841.0 388.0
0 509.0 389.0
0 587.0 389.0
0 597.0 389.0
0 613.0 390.0
0 504.0 393.0
0 560.0 393.0
0 495.0 395.0
0 517.0 395.0
0 671.0 395.0
0 470.0 396.0
0 639.0 397.0
0 623.0 399.0
0 723.0 399.0
0 771.0 399.0
0 526.0 400.0
0 460.0 401.0
0 488.0 401.0
0 576.0 404.0
0 762.0 404.0
0 837.0 404.0
0 500.0 405.0
0 532.0 405.0
0 598.0 405.0
0 657.0 405.0
0 694.0 405.0
0 473.0 407.0
0 513.0 407.0
0 613.0 407.0
0 812.0 408.0
0 790.0 409.0
0 489.0 410.0
0 655.0 410.0
0 523.0 411.0
0 621.0 411.0
0 638.0 411.0
0 459.0 412.0
0 513.0 412.0
0 541.0 412.0
0 706.0 412.0
0 586.0 413.0
0 479.0 414.0
0 599.0 414.0
0 667.0 415.0
0 471.0 416.0
0 501.0 417.0
0 638.0 417.0
0 699.0 417.0
0 747.0 417.0
0 783.0 417.0
0 657.0 418.0
0 487.0 421.0
0 776.0 421.0
0 482.0 422.0
0 638.0 422.0
0 542.0 423.0
0 578.0 423.0
0 805.0 423.0
0 556.0 424.0
0 688.0 424.0
0 533.0 425.0
0 600.0 425.0
0 524.0 426.0
0 663.0 426.0
0 653.0 427.0
0 803.0 428.0
0 462.0 429.0
0 171.0 430.0
0 503.0 430.0
0 789.0 430.0
0 681.0 431.0
0 783.0 431.0
0 552.0 432.0
0 727.0 433.0
0 603.0 435.0
0 658.0 435.0
0 568.0 436.0
0 706.0 436.0
0 481.0 437.0
0 538.0 437.0
0 637.0 439.0
0 443.0 440.0
0 515.0 440.0
0 650.0 440.0
0 749.0 440.0
0 811.0 440.0
0 798.0 441.0
0 816.0 441.0
0 783.0 442.0
0 666.0 444.0
0 491.0 445.0
0 465.0 446.0
0 502.0 448.0
0 567.0 448.0
0 805.0 448.0
0 479.0 450.0
0 517.0 450.0
0 708.0 450.0
0 788.0 450.0
0 426.0 451.0
0 552.0 451.0
0 719.0 452.0
0 450.0 454.0
0 511.0 454.0
0 729.0 454.0
0 601.0 455.0
0 798.0 455.0
0 469.0 456.0
0 495.0 456.0
0 781.0 456.0
0 527.0 457.0
0 645.0 457.0
0 815.0 458.0
0 416.0 459.0
0 584.0 459.0
0 555.0 460.0
0 601.0 460.0
0 748.0 460.0
0 791.0 461.0
0 510.0 462.0
0 565.0 462.0
0 636.0 462.0
0 435.0 463.0
0 614.0 464.0
0 620.0 464.0
0 779.0 464.0
0 501.0 466.0
0 517.0 466.0
0 405.0 468.0
0 636.0 468.0
0 672.0 468.0
0 444.0 469.0
0 477.0 469.0
0 489.0 469.0
0 767.0 469.0
0 779.0 469.0
0 544.0 470.0
0 642.0 470.0
0 772.0 470.0
0 742.0 471.0
0 808.0 471.0
0 623.0 472.0
0 438.0 473.0
0 635.0 473.0
0 418.0 475.0
0 523.0 475.0
0 600.0 475.0
0 816.0 475.0
0 505.0 476.0
0 692.0 476.0
0 790.0 476.0
0 654.0 477.0
0 668.0 477.0
0 777.0 477.0
0 394.0 478.0
0 611.0 478.0
0 799.0 478.0
0 641.0 479.0
0 758.0 479.0
0 514.0 480.0
0 569.0 480.0
0 718.0 483.0
0 406.0 484.0
0 788.0 484.0
0 481.0 485.0
0 496.0 485.0
0 530.0 485.0
0 688.0 486.0
0 810.0 486.0
0 384.0 487.0
0 598.0 487.0
0 770.0 487.0
0 642.0 488.0
0 746.0 488.0
0 511.0 489.0
0 798.0 490.0
0 633.0 491.0
0 734.0 491.0
0 493.0 493.0
0 721.0 493.0
0 644.0 496.0
0 390.0 497.0
0 586.0 497.0
0 661.0 497.0
0 676.0 497.0
0 688.0 497.0
0 785.0 497.0
0 500.0 498.0
0 754.0 500.0
0 569.0 501.0
0 726.0 501.0
0 490.0 502.0
0 517.0 502.0
0 633.0 502.0
0 814.0 502.0
0 579.0 503.0
0 738.0 503.0
0 599.0 504.0
0 678.0 504.0
0 761.0 504.0
0 532.0 505.0
0 634.0 507.0
0 545.0 508.0
0 767.0 508.0
0 490.0 510.0
0 672.0 511.0
0 804.0 511.0
0 513.0 512.0
0 572.0 514.0
0 597.0 514.0
0 738.0 514.0
0 556.0 515.0
0 613.0 515.0
0 810.0 515.0
0 522.0 516.0
0 723.0 516.0
0 831.0 517.0
0 496.0 519.0
0 512.0 520.0
0 546.0 520.0
0 786.0 520.0
0 580.0 523.0
0 598.0 523.0
0 671.0 523.0
0 739.0 523.0
0 818.0 523.0
0 714.0 525.0
0 504.0 526.0
0 631.0 526.0
0 493.0 527.0
0 758.0 527.0
0 735.0 528.0
0 770.0 528.0
0 805.0 531.0
0 581.0 532.0
0 598.0 533.0
0 657.0 533.0
0 734.0 533.0
0 781.0 534.0
0 849.0 536.0
0 828.0 537.0
0 776.0 538.0
0 771.0 539.0
0 687.0 540.0
0 716.0 541.0
0 733.0 541.0
0 496.0 542.0
0 644.0 542.0
0 671.0 542.0
0 570.0 543.0
0 625.0 545.0
0 763.0 545.0
0 751.0 547.0
0 531.0 548.0
0 583.0 548.0
0 597.0 548.0
0 824.0 548.0
0 514.0 552.0
0 634.0 552.0
0 863.0 554.0
0 669.0 555.0
0 765.0 555.0
0 689.0 558.0
0 729.0 558.0
0 503.0 559.0
0 555.0 559.0
0 560.0 559.0
0 635.0 559.0
0 761.0 560.0
0 512.0 562.0
0 530.0 562.0
0 669.0 562.0
0 585.0 563.0
0 746.0 564.0
0 771.0 566.0
0 595.0 567.0
0 844.0 568.0
0 714.0 570.0
0 549.0 574.0
0 763.0 574.0
0 768.0 574.0
0 701.0 575.0
0 667.0 577.0
0 725.0 578.0
0 877.0 578.0
0 560.0 579.0
0 565.0 580.0
0 588.0 580.0
0 635.0 580.0
0 856.0 583.0
0 512.0 584.0
0 743.0 584.0
0 762.0 585.0
0 695.0 588.0
0 592.0 589.0
0 657.0 589.0
0 558.0 593.0
0 665.0 593.0
0 521.0 594.0
0 698.0 595.0
0 576.0 596.0
0 720.0 596.0
0 649.0 599.0
0 708.0 599.0
0 760.0 599.0
0 635.0 600.0
0 665.0 600.0
0 589.0 601.0
0 683.0 602.0
0 536.0 603.0
0 545.0 604.0
0 609.0 604.0
0 759.0 604.0
0 621.0 605.0
0 747.0 607.0
0 716.0 608.0
0 545.0 609.0
0 621.0 610.0
0 693.0 611.0
0 733.0 611.0
0 880.0 611.0
0 521.0 612.0
0 587.0 613.0
0 892.0 614.0
0 621.0 615.0
0 636.0 615.0
0 664.0 615.0
0 753.0 615.0
0 738.0 616.0
0 585.0 618.0
0 855.0 618.0
0 712.0 621.0
0 563.0 622.0
0 531.0 623.0
0 602.0 624.0
0 890.0 625.0
0 856.0 626.0
0 620.0 628.0
0 743.0 628.0
0 635.0 629.0
0 688.0 629.0
0 864.0 629.0
0 679.0 631.0
0 751.0 631.0
0 580.0 632.0
0 662.0 633.0
0 314.0 635.0
0 553.0 636.0
0 737.0 636.0
0 598.0 639.0
0 721.0 639.0
0 579.0 640.0
0 706.0 642.0
0 633.0 643.0
0 679.0 643.0
0 643.0 644.0
0 662.0 645.0
0 541.0 647.0
0 706.0 648.0
0 602.0 649.0
0 311.0 650.0
0 695.0 650.0
0 737.0 650.0
0 576.0 651.0
0 618.0 652.0
0 727.0 657.0
0 588.0 659.0
0 629.0 659.0
0 560.0 660.0
0 640.0 660.0
0 660.0 661.0
0 715.0 663.0
0 616.0 664.0
0 587.0 667.0
0 606.0 667.0
0 561.0 668.0
0 627.0 668.0
0 680.0 668.0
0 571.0 669.0
0 698.0 669.0
0 636.0 670.0
0 719.0 671.0
0 570.0 674.0
0 608.0 674.0
0 659.0 674.0
0 575.0 675.0
0 624.0 678.0
0 581.0 679.0
0 673.0 684.0
0 639.0 685.0
0 292.0 690.0
0 656.0 691.0
0 683.0 691.0
0 695.0 691.0
0 609.0 696.0
0 686.0 701.0
0 658.0 703.0
0 563.0 705.0
0 662.0 710.0
1 904.0 59.0
1 689.0 82.0
1 244.0 107.0
1 729.0 114.0
1 719.0 118.0
1 473.0 123.0
1 273.0 131.0
1 888.0 140.0
1 286.0 144.0
1 299.0 155.0
1 472.0 158.0
1 283.0 161.0
1 492.0 161.0
1 311.0 167.0
1 856.0 167.0
1 662.0 168.0
1 289.0 169.0
1 473.0 170.0
1 496.0 172.0
1 327.0 179.0
1 842.0 183.0
1 475.0 184.0
1 502.0 186.0
1 643.0 188.0
1 308.0 189.0
1 487.0 189.0
1 361.0 191.0
1 342.0 193.0
1 832.0 195.0
1 838.0 196.0
1 476.0 197.0
1 819.0 199.0
1 347.0 201.0
1 840.0 201.0
1 509.0 202.0
1 648.0 205.0
1 491.0 206.0
1 358.0 207.0
1 796.0 209.0
1 323.0 210.0
1 618.0 211.0
1 564.0 212.0
1 478.0 214.0
1 347.0 217.0
1 515.0 219.0
1 769.0 221.0
1 373.0 222.0
1 572.0 222.0
1 538.0 223.0
1 349.0 228.0
1 359.0 229.0
1 480.0 231.0
1 518.0 233.0
1 618.0 234.0
1 534.0 236.0
1 743.0 236.0
1 389.0 238.0
1 592.0 238.0
1 372.0 242.0
1 499.0 243.0
1 564.0 243.0
1 752.0 243.0
1 530.0 245.0
1 539.0 245.0
1 726.0 247.0
1 581.0 248.0
1 608.0 249.0
1 483.0 250.0
1 523.0 251.0
1 734.0 251.0
1 382.0 253.0
1 406.0 253.0
1 498.0 255.0
1 523.0 256.0
1 387.0 257.0
1 575.0 257.0
1 564.0 258.0
1 499.0 260.0
1 708.0 261.0
1 622.0 262.0
1 516.0 264.0
1 539.0 265.0
1 716.0 265.0
1 502.0 268.0
1 422.0 269.0
1 485.0 269.0
1 563.0 269.0
1 692.0 271.0
1 376.0 273.0
1 401.0 273.0
1 517.0 277.0
1 597.0 277.0
1 506.0 279.0
1 697.0 279.0
1 540.0 280.0
1 408.0 281.0
1 452.0 281.0
1 550.0 281.0
1 437.0 283.0
1 531.0 289.0
1 513.0 290.0
1 542.0 290.0
1 682.0 291.0
1 463.0 294.0
1 592.0 294.0
1 449.0 296.0
1 424.0 299.0
1 556.0 299.0
1 540.0 302.0
1 509.0 304.0
1 473.0 305.0
1 566.0 306.0
1 589.0 306.0
1 665.0 306.0
1 684.0 306.0
1 541.0 311.0
1 551.0 315.0
1 440.0 316.0
1 484.0 317.0
1 586.0 319.0
1 445.0 320.0
1 509.0 320.0
1 649.0 320.0
1 455.0 321.0
1 369.0 323.0
1 546.0 324.0
1 568.0 324.0
1 585.0 324.0
1 472.0 325.0
1 381.0 326.0
1 345.0 327.0
1 597.0 327.0
1 418.0 328.0
1 642.0 328.0
1 494.0 329.0
1 659.0 329.0
1 454.0 330.0
1 395.0 331.0
1 335.0 332.0
1 357.0 332.0
1 551.0 332.0
1 637.0 332.0
1 529.0 334.0
1 567.0 335.0
1 331.0 337.0
1 410.0 337.0
1 652.0 337.0
1 463.0 338.0
1 607.0 340.0
1 647.0 340.0
1 628.0 342.0
1 756.0 342.0
1 388.0 344.0
1 488.0 344.0
1 470.0 345.0
1 509.0 346.0
1 566.0 346.0
1 426.0 347.0
1 535.0 347.0
1 621.0 349.0
1 760.0 350.0
1 543.0 351.0
1 594.0 351.0
1 401.0 353.0
1 479.0 354.0
1 439.0 356.0
1 737.0 357.0
1 611.0 358.0
1 533.0 360.0
1 415.0 361.0
1 606.0 361.0
1 561.0 362.0
1 388.0 363.0
1 489.0 363.0
1 566.0 363.0
1 544.0 364.0
1 474.0 365.0
1 505.0 365.0
1 520.0 367.0
1 728.0 368.0
1 379.0 369.0
1 406.0 369.0
1 555.0 369.0
1 570.0 369.0
1 426.0 370.0
1 458.0 370.0
1 724.0 375.0
1 740.0 375.0
1 399.0 376.0
1 418.0 377.0
1 488.0 377.0
1 589.0 377.0
1 390.0 379.0
1 507.0 381.0
1 735.0 381.0
1 553.0 382.0
1 708.0 383.0
1 369.0 384.0
1 581.0 384.0
1 750.0 384.0
1 597.0 386.0
1 439.0 387.0
1 471.0 388.0
1 679.0 388.0
1 724.0 388.0
1 480.0 390.0
1 576.0 390.0
1 698.0 390.0
1 589.0 391.0
1 594.0 391.0
1 604.0 391.0
1 548.0 392.0
1 509.0 394.0
1 382.0 395.0
1 618.0 395.0
1 432.0 396.0
1 587.0 396.0
1 636.0 396.0
1 669.0 397.0
1 676.0 397.0
1 684.0 397.0
1 720.0 398.0
1 493.0 400.0
1 458.0 402.0
1 735.0 402.0
1 498.0 403.0
1 561.0 403.0
1 658.0 403.0
1 442.0 405.0
1 639.0 405.0
1 674.0 405.0
1 711.0 405.0
1 669.0 408.0
1 368.0 409.0
1 373.0 409.0
1 378.0 409.0
1 384.0 409.0
1 533.0 409.0
1 721.0 409.0
1 650.0 411.0
1 419.0 412.0
1 660.0 413.0
1 734.0 415.0
1 301.0 416.0
1 451.0 416.0
1 456.0 416.0
1 578.0 417.0
1 708.0 417.0
1 355.0 418.0
1 370.0 419.0
1 375.0 419.0
1 380.0 419.0
1 556.0 419.0
1 692.0 419.0
1 443.0 420.0
1 259.0 421.0
1 264.0 421.0
1 517.0 422.0
1 529.0 423.0
1 522.0 424.0
1 555.0 424.0
1 600.0 424.0
1 720.0 424.0
1 685.0 425.0
1 409.0 426.0
1 438.0 426.0
1 676.0 427.0
1 694.0 427.0
1 376.0 430.0
1 707.0 430.0
1 312.0 431.0
1 471.0 431.0
1 368.0 432.0
1 576.0 432.0
1 256.0 433.0
1 385.0 433.0
1 555.0 433.0
1 527.0 434.0
1 404.0 435.0
1 488.0 435.0
1 436.0 437.0
1 555.0 438.0
1 504.0 439.0
1 685.0 439.0
1 513.0 440.0
1 706.0 440.0
1 518.0 441.0
1 425.0 443.0
1 480.0 445.0
1 375.0 446.0
1 395.0 449.0
1 427.0 450.0
1 681.0 450.0
1 384.0 452.0
1 548.0 453.0
1 699.0 453.0
1 498.0 454.0
1 530.0 454.0
1 511.0 455.0
1 713.0 455.0
1 484.0 456.0
1 562.0 457.0
1 567.0 457.0
1 397.0 459.0
1 412.0 459.0
1 457.0 460.0
1 622.0 460.0
1 384.0 462.0
1 579.0 462.0
1 670.0 462.0
1 444.0 463.0
1 411.0 464.0
1 690.0 464.0
1 429.0 466.0
1 550.0 468.0
1 529.0 471.0
1 698.0 471.0
1 667.0 472.0
1 682.0 472.0
1 377.0 473.0
1 402.0 473.0
1 416.0 473.0
1 708.0 473.0
1 430.0 474.0
1 605.0 474.0
1 648.0 474.0
1 593.0 475.0
1 973.0 475.0
1 517.0 476.0
1 512.0 477.0
1 441.0 478.0
1 688.0 478.0
1 507.0 479.0
1 636.0 479.0
1 396.0 480.0
1 676.0 480.0
1 403.0 482.0
1 497.0 482.0
1 597.0 482.0
1 708.0 482.0
1 483.0 483.0
1 655.0 483.0
1 962.0 483.0
1 415.0 484.0
1 433.0 484.0
1 542.0 485.0
1 624.0 485.0
1 668.0 485.0
1 697.0 485.0
1 513.0 486.0
1 527.0 486.0
1 559.0 486.0
1 702.0 486.0
1 425.0 488.0
1 479.0 488.0
1 387.0 491.0
1 601.0 491.0
1 687.0 492.0
1 400.0 494.0
1 417.0 494.0
1 504.0 494.0
1 652.0 494.0
1 669.0 494.0
1 441.0 495.0
1 631.0 495.0
1 696.0 496.0
1 481.0 497.0
1 527.0 497.0
1 585.0 497.0
1 705.0 497.0
1 357.0 499.0
1 409.0 499.0
1 432.0 499.0
1 493.0 499.0
1 637.0 499.0
1 404.0 502.0
1 504.0 503.0
1 678.0 503.0
1 604.0 504.0
1 685.0 504.0
1 375.0 505.0
1 418.0 505.0
1 699.0 505.0
1 527.0 507.0
1 563.0 507.0
1 643.0 507.0
1 669.0 507.0
1 589.0 508.0
1 437.0 509.0
1 605.0 510.0
1 564.0 512.0
1 369.0 513.0
1 418.0 515.0
1 423.0 515.0
1 701.0 515.0
1 407.0 516.0
1 502.0 516.0
1 485.0 517.0
1 569.0 517.0
1 607.0 517.0
1 434.0 518.0
1 657.0 518.0
1 670.0 518.0
1 593.0 520.0
1 641.0 520.0
1 679.0 520.0
1 375.0 521.0
1 454.0 521.0
1 630.0 521.0
1 608.0 522.0
1 413.0 523.0
1 339.0 524.0
1 434.0 524.0
1 693.0 525.0
1 573.0 526.0
1 355.0 527.0
1 477.0 527.0
1 609.0 527.0
1 454.0 529.0
1 562.0 530.0
1 639.0 531.0
1 377.0 532.0
1 623.0 533.0
1 348.0 534.0
1 534.0 534.0
1 598.0 534.0
1 668.0 534.0
1 688.0 534.0
1 421.0 536.0
1 483.0 536.0
1 356.0 537.0
1 366.0 537.0
1 579.0 537.0
1 612.0 537.0
1 103.0 538.0
1 454.0 538.0
1 695.0 539.0
1 440.0 540.0
1 568.0 540.0
1 639.0 541.0
1 613.0 542.0
1 676.0 544.0
1 503.0 545.0
1 321.0 547.0
1 520.0 547.0
1 600.0 547.0
1 335.0 548.0
1 423.0 548.0
1 569.0 549.0
1 636.0 549.0
1 624.0 552.0
1 664.0 552.0
1 436.0 553.0
1 585.0 553.0
1 691.0 553.0
1 441.0 554.0
1 328.0 555.0
1 446.0 555.0
1 551.0 555.0
1 616.0 555.0
1 569.0 556.0
1 428.0 557.0
1 644.0 559.0
1 505.0 561.0
1 601.0 561.0
1 451.0 563.0
1 670.0 563.0
1 634.0 564.0
1 683.0 564.0
1 429.0 565.0
1 506.0 566.0
1 472.0 567.0
1 619.0 568.0
1 303.0 569.0
1 593.0 569.0
1 314.0 570.0
1 569.0 571.0
1 453.0 573.0
1 433.0 574.0
1 644.0 574.0
1 480.0 576.0
1 568.0 576.0
1 668.0 577.0
1 508.0 578.0
1 631.0 578.0
1 434.0 579.0
1 550.0 582.0
1 509.0 583.0
1 436.0 584.0
1 458.0 584.0
1 684.0 584.0
1 541.0 585.0
1 598.0 585.0
1 646.0 585.0
1 476.0 586.0
1 568.0 586.0
1 667.0 586.0
1 625.0 587.0
1 495.0 592.0
1 568.0 593.0
1 603.0 593.0
1 84.0 594.0
1 550.0 594.0
1 291.0 595.0
1 447.0 596.0
1 463.0 596.0
1 675.0 596.0
1 653.0 597.0
1 537.0 598.0
1 511.0 600.0
1 628.0 600.0
1 326.0 602.0
1 605.0 603.0
1 486.0 604.0
1 465.0 605.0
1 545.0 606.0
1 569.0 606.0
1 527.0 608.0
1 662.0 609.0
1 568.0 611.0
1 629.0 611.0
1 447.0 612.0
1 552.0 612.0
1 609.0 612.0
1 469.0 614.0
1 674.0 615.0
1 514.0 616.0
1 643.0 618.0
1 539.0 620.0
1 568.0 621.0
1 613.0 621.0
1 458.0 624.0
1 632.0 626.0
1 667.0 626.0
1 594.0 629.0
1 507.0 633.0
1 619.0 633.0
1 477.0 634.0
1 530.0 634.0
1 569.0 634.0
1 538.0 635.0
1 657.0 636.0
1 519.0 637.0
1 604.0 638.0
1 634.0 639.0
1 554.0 640.0
1 480.0 641.0
1 502.0 641.0
1 460.0 642.0
1 689.0 642.0
1 241.0 644.0
1 281.0 646.0
1 521.0 646.0
1 624.0 647.0
1 538.0 648.0
1 239.0 649.0
1 276.0 649.0
1 569.0 650.0
1 615.0 650.0
1 660.0 653.0
1 636.0 654.0
1 501.0 656.0
1 586.0 656.0
1 616.0 658.0
1 476.0 659.0
1 570.0 659.0
1 525.0 663.0
1 637.0 663.0
1 648.0 664.0
1 596.0 666.0
1 491.0 667.0
1 591.0 667.0
1 508.0 668.0
1 643.0 668.0
1 525.0 674.0
1 544.0 674.0
1 631.0 674.0
1 611.0 675.0
1 570.0 676.0
1 640.0 676.0
1 505.0 679.0
1 589.0 680.0
1 487.0 683.0
1 571.0 684.0
1 530.0 691.0
1 606.0 692.0
1 509.0 693.0
1 533.0 696.0
1 517.0 697.0
1 551.0 699.0
1 556.0 699.0
1 576.0 701.0
1 529.0 704.0
1 539.0 706.0
1 561.0 711.0
1 534.0 714.0
