0 1 1 452.1129683096523
0 2 2 169.11893866808327
0 5 6 227.81718317191792
0 8 10 195.6607649646137
0 10 12 224.9609588413366
0 13 15 203.33106214358136
0 14 16 152.34173942842574
0 17 17 189.30852220405677
0 29 19 374.2847365093473
0 26 20 353.1578561823826
0 16 21 205.57939233121664
0 22 23 347.9281257809203
0 27 24 172.94961424186738
0 35 27 284.73483995730305
0 39 28 305.0770388251312
0 41 30 429.2587348211357
0 43 31 184.49206722915662
0 30 32 105.61400087338009
0 52 33 369.31223663150723
0 36 34 217.60433641454097
0 53 37 278.9821415149747
0 61 39 330.20558905669037
0 57 41 146.50806705279723
0 50 44 229.96720436017796
0 60 46 461.3106930961634
0 49 47 165.75040288576065
0 45 50 121.12377330097344
0 63 54 222.85147254151747
0 66 55 234.7625768894562
0 70 58 337.8099437306125
0 64 60 192.06025327770064
0 77 64 181.508663013388
0 65 65 120.70155789121691
0 76 67 248.41622812125226
0 72 68 412.39696968207227
0 68 75 180.5526516694852
0 75 77 185.9120237554765
0 78 80 110.17680532619222
0 89 83 417.3433441875948
0 88 85 382.80745046834954
0 82 86 238.03013411066806
0 85 89 191.0909287022579
0 100 90 259.6944724657283
0 104 94 224.87912249347352
0 102 96 249.038892510382
0 103 99 222.75085868905697
0 105 100 373.79889936055963
0 99 101 211.3002290494213
0 106 102 323.9528966156173
0 114 103 196.24820651076655
0 101 104 106.0304960939796
0 108 109 106.56376581349846
0 112 110 236.0237495048904
0 110 111 170.65380305297217
0 124 112 227.13263931308458
0 115 119 262.84188627711046
0 119 120 242.96616786375358
0 125 121 360.0978821743648
0 118 122 113.90506508127231
0 133 124 226.70697261241526
0 123 125 115.76116592355858
0 130 127 248.12949125309328
0 136 128 190.25374058623527
0 143 133 253.60126313781456
0 134 135 126.79869573685403
0 139 138 185.94136466592107
0 141 139 146.78252336705341
0 146 140 290.8173905416489
0 158 141 202.13331820093904
0 166 142 377.7343368744862
0 155 145 128.96473635863987
0 199 146 476.5492337447164
0 154 147 262.60135719186553
0 169 148 414.00473852514716
0 164 149 143.82816489043412
0 153 150 328.578392366159
0 171 153 194.56516457458946
0 165 154 313.39476865181086
0 151 155 337.1913310565457
0 177 156 418.7970218540735
0 211 157 428.0152080312855
0 160 158 159.0489305455146
0 170 160 151.48156033478827
0 175 161 129.12502662010107
0 222 163 160.45711277703052
0 185 164 350.80544432501557
0 168 165 151.88485253951427
0 225 167 349.6878288963236
0 188 169 183.32835962623219
0 200 170 424.7431134089639
0 232 171 379.8798719243701
0 195 172 320.1982734097719
0 191 176 254.95634249874666
0 213 177 151.53986164228363
0 205 180 331.00704098568866
0 198 183 297.72019045541975
0 215 185 188.02376754792124
0 231 189 333.61814229365336
0 201 190 129.76324642007094
0 239 192 281.4760854104587
0 255 199 298.3517332612997
0 217 200 257.97448734823416
0 224 202 479.14498125869545
0 241 203 293.5005432760341
0 251 205 499.4078891261487
0 210 208 214.8134481192574
0 221 210 393.70714966921236
0 212 214 199.05600001898347
0 247 217 293.05191023647524
0 266 218 474.1791883605021
0 245 222 492.803189241831
0 216 223 393.87236675930933
0 254 225 346.9618993091355
0 220 226 173.493112741978
0 228 227 331.9566979865108
0 219 229 274.1686067014789
0 238 231 410.9278910071707
0 257 233 304.8240044223167
0 290 238 486.64353711069674
0 294 239 303.87083020672986
0 242 242 491.29313675808976
0 237 243 334.32170552290273
0 243 245 497.3204858305356
0 265 250 443.41226945359733
0 301 252 243.95993187473533
0 300 253 299.377804679063
0 236 255 301.424457916373
0 277 257 262.31202314670156
0 311 258 200.95308050925746
0 283 263 130.12441974307254
0 279 264 248.63024681313686
0 253 267 245.76079800259117
0 315 278 423.2716163730616
0 295 279 282.45812343279596
0 263 281 382.9845381428468
0 318 282 295.3807756370073
0 273 285 428.8896414591902
0 328 288 325.4671728475761
0 307 289 122.37338434675141
0 322 291 357.7435981416422
0 299 294 255.5946662344095
0 305 295 465.32093196117614
0 314 298 393.5645044434073
0 296 299 336.01194782779197
0 327 303 194.02253602242155
0 353 310 408.874836121337
0 350 312 118.14492393563371
0 289 313 484.76247500751066
0 325 315 311.9720547149952
0 304 319 209.6965763228153
0 345 322 175.24497369270156
0 360 327 461.80543589500803
0 349 328 290.9891143686795
0 339 339 391.71842679107544
0 354 340 196.77812083477795
0 367 343 268.20855156537567
0 385 345 229.9938591868149
0 381 348 365.25372964061063
0 374 356 198.26455456636614
0 400 357 425.7476435347689
0 337 360 421.36057378339416
0 326 363 359.2814720050162
0 343 368 329.365844924809
0 359 369 178.64659245888316
0 336 372 377.6745591161579
0 389 373 187.72016863156588
0 408 374 367.2982047784275
0 365 375 385.97877730712355
0 425 379 228.85600072569483
0 387 385 475.7999686339638
0 368 390 275.47747569201596
0 377 391 150.5923308856074
0 411 392 316.13603340970474
0 348 394 343.30184308788836
0 439 395 407.04313608177927
0 369 396 420.6342552384926
0 402 397 169.0713720513917
0 405 400 133.16457729740267
0 357 403 392.3944241743849
0 391 406 232.07941697731
0 435 410 213.1004065075761
0 393 411 269.6295915349902
0 436 414 391.7643905068003
0 362 415 392.65758263238683
0 418 416 167.5597779814086
0 410 419 350.4319665367576
0 392 421 355.1021384378882
0 406 422 261.72705653049115
0 416 424 163.79601181323375
0 458 425 220.6350636245888
0 397 434 245.80510427645854
0 448 438 198.7489061369228
0 464 442 138.1522829129969
0 430 444 176.80489209054628
0 476 445 348.87373894382677
0 421 448 398.7935325777818
0 455 449 116.441498668925
0 414 450 244.3837365205212
0 384 451 401.19445700211855
0 428 458 228.38974438837818
0 434 460 161.86465059316163
0 471 463 140.48512925813637
0 491 464 287.31745335582707
0 460 465 197.83561636728157
0 446 466 287.8121931677521
0 486 469 133.51248302168355
0 503 472 492.2639603500378
0 447 473 153.74141132010462
0 454 474 289.931812378842
0 462 475 138.75874674600993
0 483 476 158.61125003190716
0 511 480 428.3802814833559
0 481 482 111.26868611061424
0 490 483 105.77946139483969
0 493 484 158.1876792458683
0 459 485 304.7769359294537
0 477 486 139.67363727130996
0 479 487 111.74264395929787
0 463 488 243.65951341486146
0 508 491 111.01832609256388
0 468 492 255.70779484930014
0 475 493 193.77880671352855
0 469 494 366.17624446647636
0 498 499 136.54835720857307
0 516 502 168.3146887362034
0 482 503 360.2232509445352
0 485 505 188.92059232717736
0 500 506 298.05086270108563
0 530 507 430.63396154593727
0 497 508 287.6464660076789
0 505 510 153.7734550306654
0 492 511 216.8653593297826
0 532 512 129.05652028962072
0 507 514 333.14629962070023
0 522 516 122.35722160133982
0 547 518 205.91344578956793
0 529 520 119.08296015545532
0 520 521 190.99901547462593
0 537 522 128.3537582027492
0 512 524 213.9950610978837
0 513 526 273.60336389023524
0 518 527 152.8446763874277
0 509 529 272.79098970457756
0 550 530 167.66016301110858
0 541 532 135.0750874007571
0 523 533 432.693120217672
0 535 534 121.89652479131384
0 528 535 151.72004291188406
0 538 536 122.76601583051674
0 549 538 157.31165835314434
0 540 539 193.37848859430852
0 552 540 202.96431511797323
0 543 541 123.87245546791983
0 555 542 187.9137097734368
0 571 543 436.4682945065526
0 548 544 462.03979668252424
0 546 545 123.82379061538902
0 542 548 366.3208385117308
0 568 553 151.92969142650153
0 562 554 131.19729341521153
0 561 557 121.66622200605197
0 572 558 145.02916494894998
0 558 560 170.67560810731763
0 560 565 141.86039432572494
0 584 567 242.90779048260234
0 577 570 119.04072166257806
0 556 571 239.85310205255686
0 595 577 128.46047875471584
0 576 579 268.69652154032855
0 574 581 194.62648946452825
0 604 582 366.3012834571479
0 579 584 129.96933206368843
0 580 586 210.72790563249336
0 607 587 203.63175230774422
0 575 588 431.6211342933009
0 600 589 134.24887373870737
0 592 591 131.6946481811427
0 573 592 498.11220369578643
0 591 593 195.01070993352727
0 583 594 155.26599637017077
0 590 595 127.13507372595087
0 588 596 122.56042727651402
0 603 597 153.45540031751696
0 586 598 129.2399728997812
0 619 601 369.628666441357
0 617 604 313.477861016203
0 601 607 339.77729957584586
0 602 608 198.10313699605499
0 608 609 118.3806425268851
0 599 611 370.5611642233843
0 606 613 123.03624341311361
0 614 616 169.22534883807722
0 621 618 219.49338329577034
0 610 619 162.3216741295749
0 628 620 294.3358318603866
0 611 622 147.27265992049468
0 613 623 123.59172661393526
0 618 625 499.6494279360205
0 623 627 128.13690408361717
0 622 628 125.31876247279858
0 565 629 322.1438447738657
0 624 630 210.8597864570991
0 632 631 164.09095981657103
0 634 632 156.87075622474913
0 627 633 238.9387365805198
0 638 634 123.35651271650528
0 636 635 251.1717203776285
0 639 637 162.96552444946784

0 1040.0 27.0
0 699.0 49.0
0 264.0 70.0
0 279.0 78.0
0 783.0 81.0
0 446.0 91.0
0 307.0 101.0
0 624.0 105.0
0 1020.0 106.0
0 487.0 114.0
0 324.0 115.0
0 496.0 123.0
0 342.0 129.0
0 481.0 131.0
0 508.0 134.0
0 329.0 135.0
0 345.0 142.0
0 358.0 142.0
0 992.0 144.0
0 518.0 145.0
0 971.0 145.0
0 336.0 146.0
0 678.0 148.0
0 511.0 153.0
0 377.0 156.0
0 959.0 158.0
0 974.0 158.0
0 500.0 159.0
0 532.0 160.0
0 676.0 160.0
0 945.0 160.0
0 519.0 164.0
0 365.0 165.0
0 921.0 171.0
0 398.0 173.0
0 953.0 173.0
0 912.0 176.0
0 547.0 178.0
0 404.0 181.0
0 895.0 181.0
0 995.0 181.0
0 532.0 183.0
0 948.0 184.0
0 973.0 187.0
0 416.0 188.0
0 690.0 188.0
0 715.0 188.0
0 378.0 189.0
0 871.0 189.0
0 924.0 189.0
0 392.0 190.0
0 919.0 191.0
0 933.0 191.0
0 940.0 192.0
0 520.0 193.0
0 562.0 195.0
0 762.0 196.0
0 553.0 198.0
0 862.0 200.0
0 1070.0 202.0
0 436.0 204.0
0 706.0 204.0
0 895.0 205.0
0 1037.0 206.0
0 866.0 207.0
0 410.0 208.0
0 832.0 208.0
0 573.0 210.0
0 676.0 210.0
0 1074.0 211.0
0 824.0 212.0
0 1061.0 212.0
0 874.0 213.0
0 563.0 217.0
0 698.0 218.0
0 435.0 219.0
0 812.0 220.0
0 455.0 221.0
0 664.0 222.0
0 849.0 224.0
0 444.0 227.0
0 662.0 227.0
0 542.0 230.0
0 675.0 230.0
0 586.0 232.0
0 660.0 232.0
0 572.0 233.0
0 689.0 233.0
0 788.0 234.0
0 476.0 239.0
0 564.0 239.0
0 686.0 239.0
0 655.0 240.0
0 169.0 242.0
0 838.0 242.0
0 685.0 247.0
0 552.0 249.0
0 112.0 250.0
0 765.0 250.0
0 582.0 254.0
0 683.0 254.0
0 494.0 255.0
0 599.0 255.0
0 817.0 258.0
0 481.0 261.0
0 746.0 264.0
0 464.0 265.0
0 808.0 265.0
0 501.0 266.0
0 490.0 270.0
0 510.0 270.0
0 591.0 271.0
0 802.0 271.0
0 567.0 273.0
0 643.0 274.0
0 611.0 276.0
0 776.0 277.0
0 730.0 281.0
0 686.0 282.0
0 481.0 284.0
0 526.0 284.0
0 597.0 284.0
0 506.0 285.0
0 187.0 286.0
0 783.0 289.0
0 511.0 290.0
0 635.0 293.0
0 542.0 297.0
0 603.0 298.0
0 686.0 299.0
0 715.0 299.0
0 622.0 300.0
0 459.0 301.0
0 611.0 302.0
0 498.0 303.0
0 527.0 304.0
0 841.0 305.0
0 627.0 308.0
0 533.0 310.0
0 542.0 310.0
0 559.0 312.0
0 610.0 313.0
0 628.0 313.0
0 685.0 314.0
0 701.0 316.0
0 545.0 320.0
0 818.0 321.0
0 397.0 322.0
0 414.0 324.0
0 554.0 327.0
0 383.0 328.0
0 388.0 328.0
0 435.0 328.0
0 580.0 328.0
0 618.0 329.0
0 368.0 331.0
0 685.0 331.0
0 810.0 331.0
0 384.0 333.0
0 455.0 334.0
0 528.0 335.0
0 563.0 335.0
0 623.0 339.0
0 805.0 339.0
0 596.0 340.0
0 348.0 343.0
0 476.0 343.0
0 823.0 343.0
0 835.0 343.0
0 574.0 344.0
0 670.0 346.0
0 792.0 348.0
0 493.0 351.0
0 631.0 351.0
0 781.0 351.0
0 835.0 351.0
0 454.0 352.0
0 713.0 353.0
0 602.0 354.0
0 573.0 355.0
0 648.0 355.0
0 462.0 356.0
0 553.0 356.0
0 591.0 356.0
0 845.0 356.0
0 656.0 357.0
0 731.0 357.0
0 813.0 357.0
0 447.0 359.0
0 685.0 359.0
0 479.0 360.0
0 510.0 361.0
0 770.0 362.0
0 826.0 362.0
0 733.0 363.0
0 563.0 364.0
0 598.0 364.0
0 467.0 366.0
0 643.0 366.0
0 842.0 366.0
0 625.0 368.0
0 461.0 369.0
0 669.0 369.0
0 704.0 369.0
0 573.0 370.0
0 765.0 370.0
0 526.0 371.0
0 450.0 372.0
0 471.0 372.0
0 547.0 372.0
0 642.0 373.0
0 664.0 373.0
0 846.0 373.0
0 713.0 374.0
0 491.0 376.0
0 556.0 376.0
0 598.0 376.0
0 700.0 376.0
0 756.0 376.0
0 614.0 377.0
0 641.0 378.0
0 722.0 378.0
0 588.0 379.0
0 623.0 379.0
0 593.0 380.0
0 687.0 381.0
0 466.0 382.0
0 523.0 382.0
0 544.0 382.0
0 449.0 383.0
0 575.0 383.0
0 640.0 383.0
0 483.0 385.0
0 708.0 385.0
0 552.0 388.0
0 557.0 388.0
0 620.0 388.0
0 738.0 388.0
0 825.0 388.0
0 841.0 388.0
0 509.0 389.0
0 587.0 389.0
0 597.0 389.0
0 613.0 390.0
0 504.0 393.0
0 560.0 393.0
0 495.0 395.0
0 517.0 395.0
0 671.0 395.0
0 470.0 396.0
0 639.0 397.0
0 623.0 399.0
0 723.0 399.0
0 771.0 399.0
0 526.0 400.0
0 460.0 401.0
0 488.0 401.0
0 576.0 404.0
0 762.0 404.0
0 837.0 404.0
0 500.0 405.0
0 532.0 405.0
0 598.0 405.0
0 657.0 405.0
0 694.0 405.0
0 473.0 407.0
0 513.0 407.0
0 613.0 407.0
0 812.0 408.0
0 790.0 409.0
0 489.0 410.0
0 655.0 410.0
0 523.0 411.0
0 621.0 411.0
0 638.0 411.0
0 459.0 412.0
0 513.0 412.0
0 541.0 412.0
0 706.0 412.0
0 586.0 413.0
0 479.0 414.0
0 599.0 414.0
0 667.0 415.0
0 471.0 416.0
0 501.0 417.0
0 638.0 417.0
0 699.0 417.0
0 747.0 417.0
0 783.0 417.0
0 657.0 418.0
0 487.0 421.0
0 776.0 421.0
0 482.0 422.0
0 638.0 422.0
0 542.0 423.0
0 578.0 423.0
0 805.0 423.0
0 556.0 424.0
0 688.0 424.0
0 533.0 425.0
0 600.0 425.0
0 524.0 426.0
0 663.0 426.0
0 653.0 427.0
0 803.0 428.0
0 462.0 429.0
0 171.0 430.0
0 503.0 430.0
0 789.0 430.0
0 681.0 431.0
0 783.0 431.0
0 552.0 432.0
0 727.0 433.0
0 603.0 435.0
0 658.0 435.0
0 568.0 436.0
0 706.0 436.0
0 481.0 437.0
0 538.0 437.0
0 637.0 439.0
0 443.0 440.0
0 515.0 440.0
0 650.0 440.0
0 749.0 440.0
0 811.0 440.0
0 798.0 441.0
0 816.0 441.0
0 783.0 442.0
0 666.0 444.0
0 491.0 445.0
0 465.0 446.0
0 502.0 448.0
0 567.0 448.0
0 805.0 448.0
0 479.0 450.0
0 517.0 450.0
0 708.0 450.0
0 788.0 450.0
0 426.0 451.0
0 552.0 451.0
0 719.0 452.0
0 450.0 454.0
0 511.0 454.0
0 729.0 454.0
0 601.0 455.0
0 798.0 455.0
0 469.0 456.0
0 495.0 456.0
0 781.0 456.0
0 527.0 457.0
0 645.0 457.0
0 815.0 458.0
0 416.0 459.0
0 584.0 459.0
0 555.0 460.0
0 601.0 460.0
0 748.0 460.0
0 791.0 461.0
0 510.0 462.0
0 565.0 462.0
0 636.0 462.0
0 435.0 463.0
0 614.0 464.0
0 620.0 464.0
0 779.0 464.0
0 501.0 466.0
0 517.0 466.0
0 405.0 468.0
0 636.0 468.0
0 672.0 468.0
0 444.0 469.0
0 477.0 469.0
0 489.0 469.0
0 767.0 469.0
0 779.0 469.0
0 544.0 470.0
0 642.0 470.0
0 772.0 470.0
0 742.0 471.0
0 808.0 471.0
0 623.0 472.0
0 438.0 473.0
0 635.0 473.0
0 418.0 475.0
0 523.0 475.0
0 600.0 475.0
0 816.0 475.0
0 505.0 476.0
0 692.0 476.0
0 790.0 476.0
0 654.0 477.0
0 668.0 477.0
0 777.0 477.0
0 394.0 478.0
0 611.0 478.0
0 799.0 478.0
0 641.0 479.0
0 758.0 479.0
0 514.0 480.0
0 569.0 480.0
0 718.0 483.0
0 406.0 484.0
0 788.0 484.0
0 481.0 485.0
0 496.0 485.0
0 530.0 485.0
0 688.0 486.0
0 810.0 486.0
0 384.0 487.0
0 598.0 487.0
0 770.0 487.0
0 642.0 488.0
0 746.0 488.0
0 511.0 489.0
0 798.0 490.0
0 633.0 491.0
0 734.0 491.0
0 493.0 493.0
0 721.0 493.0
0 644.0 496.0
0 390.0 497.0
0 586.0 497.0
0 661.0 497.0
0 676.0 497.0
0 688.0 497.0
0 785.0 497.0
0 500.0 498.0
0 754.0 500.0
0 569.0 501.0
0 726.0 501.0
0 490.0 502.0
0 517.0 502.0
0 633.0 502.0
0 814.0 502.0
0 579.0 503.0
0 738.0 503.0
0 599.0 504.0
0 678.0 504.0
0 761.0 504.0
0 532.0 505.0
0 634.0 507.0
0 545.0 508.0
0 767.0 508.0
0 490.0 510.0
0 672.0 511.0
0 804.0 511.0
0 513.0 512.0
0 572.0 514.0
0 597.0 514.0
0 738.0 514.0
0 556.0 515.0
0 613.0 515.0
0 810.0 515.0
0 522.0 516.0
0 723.0 516.0
0 831.0 517.0
0 496.0 519.0
0 512.0 520.0
0 546.0 520.0
0 786.0 520.0
0 580.0 523.0
0 598.0 523.0
0 671.0 523.0
0 739.0 523.0
0 818.0 523.0
0 714.0 525.0
0 504.0 526.0
0 631.0 526.0
0 493.0 527.0
0 758.0 527.0
0 735.0 528.0
0 770.0 528.0
0 805.0 531.0
0 581.0 532.0
0 598.0 533.0
0 657.0 533.0
0 734.0 533.0
0 781.0 534.0
0 849.0 536.0
0 828.0 537.0
0 776.0 538.0
0 771.0 539.0
0 687.0 540.0
0 716.0 541.0
0 733.0 541.0
0 496.0 542.0
0 644.0 542.0
0 671.0 542.0
0 570.0 543.0
0 625.0 545.0
0 763.0 545.0
0 751.0 547.0
0 531.0 548.0
0 583.0 548.0
0 597.0 548.0
0 824.0 548.0
0 514.0 552.0
0 634.0 552.0
0 863.0 554.0
0 669.0 555.0
0 765.0 555.0
0 689.0 558.0
0 729.0 558.0
0 503.0 559.0
0 555.0 559.0
0 560.0 559.0
0 635.0 559.0
0 761.0 560.0
0 512.0 562.0
0 530.0 562.0
0 669.0 562.0
0 585.0 563.0
0 746.0 564.0
0 771.0 566.0
0 595.0 567.0
0 844.0 568.0
0 714.0 570.0
0 549.0 574.0
0 763.0 574.0
0 768.0 574.0
0 701.0 575.0
0 667.0 577.0
0 725.0 578.0
0 877.0 578.0
0 560.0 579.0
0 565.0 580.0
0 588.0 580.0
0 635.0 580.0
0 856.0 583.0
0 512.0 584.0
0 743.0 584.0
0 762.0 585.0
0 695.0 588.0
0 592.0 589.0
0 657.0 589.0
0 558.0 593.0
0 665.0 593.0
0 521.0 594.0
0 698.0 595.0
0 576.0 596.0
0 720.0 596.0
0 649.0 599.0
0 708.0 599.0
0 760.0 599.0
0 635.0 600.0
0 665.0 600.0
0 589.0 601.0
0 683.0 602.0
0 536.0 603.0
0 545.0 604.0
0 609.0 604.0
0 759.0 604.0
0 621.0 605.0
0 747.0 607.0
0 716.0 608.0
0 545.0 609.0
0 621.0 610.0
0 693.0 611.0
0 733.0 611.0
0 880.0 611.0
0 521.0 612.0
0 587.0 613.0
0 892.0 614.0
0 621.0 615.0
0 636.0 615.0
0 664.0 615.0
0 753.0 615.0
0 738.0 616.0
0 585.0 618.0
0 855.0 618.0
0 712.0 621.0
0 563.0 622.0
0 531.0 623.0
0 602.0 624.0
0 890.0 625.0
0 856.0 626.0
0 620.0 628.0
0 743.0 628.0
0 635.0 629.0
0 688.0 629.0
0 864.0 629.0
0 679.0 631.0
0 751.0 631.0
0 580.0 632.0
0 662.0 633.0
0 314.0 635.0
0 553.0 636.0
0 737.0 636.0
0 598.0 639.0
0 721.0 639.0
0 579.0 640.0
0 706.0 642.0
0 633.0 643.0
0 679.0 643.0
0 643.0 644.0
0 662.0 645.0
0 541.0 647.0
0 706.0 648.0
0 602.0 649.0
0 311.0 650.0
0 695.0 650.0
0 737.0 650.0
0 576.0 651.0
0 618.0 652.0
0 727.0 657.0
0 588.0 659.0
0 629.0 659.0
0 560.0 660.0
0 640.0 660.0
0 660.0 661.0
0 715.0 663.0
0 616.0 664.0
0 587.0 667.0
0 606.0 667.0
0 561.0 668.0
0 627.0 668.0
0 680.0 668.0
0 571.0 669.0
0 698.0 669.0
0 636.0 670.0
0 719.0 671.0
0 570.0 674.0
0 608.0 674.0
0 659.0 674.0
0 575.0 675.0
0 624.0 678.0
0 581.0 679.0
0 673.0 684.0
0 639.0 685.0
0 292.0 690.0
0 656.0 691.0
0 683.0 691.0
0 695.0 691.0
0 609.0 696.0
0 686.0 701.0
0 658.0 703.0
0 563.0 705.0
0 662.0 710.0
1 1014.0 14.0
1 750.0 46.0
1 296.0 51.0
1 803.0 72.0
1 792.0 75.0
1 327.0 77.0
1 992.0 83.0
1 520.0 87.0
1 340.0 90.0
1 984.0 96.0
1 354.0 103.0
1 979.0 103.0
1 536.0 105.0
1 337.0 107.0
1 351.0 113.0
1 541.0 113.0
1 343.0 114.0
1 366.0 115.0
1 688.0 117.0
1 524.0 120.0
1 546.0 122.0
1 715.0 122.0
1 535.0 124.0
1 722.0 124.0
1 435.0 126.0
1 669.0 127.0
1 942.0 127.0
1 381.0 128.0
1 727.0 128.0
1 550.0 133.0
1 365.0 134.0
1 658.0 134.0
1 359.0 136.0
1 684.0 137.0
1 708.0 139.0
1 528.0 142.0
1 397.0 143.0
1 732.0 145.0
1 933.0 145.0
1 557.0 146.0
1 920.0 146.0
1 912.0 147.0
1 938.0 147.0
1 542.0 148.0
1 648.0 151.0
1 384.0 154.0
1 702.0 154.0
1 925.0 155.0
1 531.0 157.0
1 376.0 158.0
1 413.0 158.0
1 644.0 158.0
1 887.0 158.0
1 564.0 162.0
1 652.0 162.0
1 674.0 162.0
1 639.0 163.0
1 547.0 166.0
1 403.0 167.0
1 687.0 167.0
1 709.0 169.0
1 858.0 171.0
1 387.0 172.0
1 533.0 173.0
1 429.0 174.0
1 404.0 178.0
1 571.0 178.0
1 628.0 178.0
1 415.0 180.0
1 665.0 187.0
1 829.0 187.0
1 410.0 189.0
1 643.0 189.0
1 536.0 190.0
1 687.0 190.0
1 445.0 191.0
1 576.0 192.0
1 842.0 192.0
1 428.0 193.0
1 617.0 193.0
1 809.0 199.0
1 821.0 200.0
1 556.0 201.0
1 603.0 204.0
1 438.0 205.0
1 462.0 208.0
1 640.0 209.0
1 442.0 210.0
1 607.0 210.0
1 651.0 212.0
1 598.0 213.0
1 804.0 213.0
1 823.0 214.0
1 799.0 215.0
1 665.0 217.0
1 557.0 219.0
1 627.0 220.0
1 604.0 222.0
1 638.0 222.0
1 478.0 225.0
1 553.0 226.0
1 458.0 227.0
1 543.0 227.0
1 561.0 227.0
1 783.0 228.0
1 654.0 233.0
1 585.0 234.0
1 575.0 235.0
1 466.0 236.0
1 631.0 238.0
1 565.0 239.0
1 789.0 239.0
1 493.0 240.0
1 529.0 244.0
1 762.0 245.0
1 448.0 247.0
1 629.0 249.0
1 592.0 251.0
1 479.0 252.0
1 507.0 255.0
1 638.0 255.0
1 651.0 255.0
1 592.0 256.0
1 484.0 258.0
1 744.0 259.0
1 591.0 261.0
1 460.0 264.0
1 631.0 266.0
1 649.0 266.0
1 808.0 266.0
1 521.0 269.0
1 550.0 270.0
1 572.0 271.0
1 728.0 272.0
1 498.0 273.0
1 624.0 273.0
1 573.0 276.0
1 633.0 276.0
1 611.0 277.0
1 502.0 278.0
1 507.0 278.0
1 512.0 279.0
1 553.0 279.0
1 589.0 280.0
1 524.0 281.0
1 718.0 282.0
1 536.0 284.0
1 736.0 284.0
1 414.0 285.0
1 476.0 286.0
1 528.0 286.0
1 401.0 287.0
1 712.0 287.0
1 407.0 288.0
1 427.0 288.0
1 512.0 288.0
1 611.0 289.0
1 388.0 290.0
1 577.0 292.0
1 442.0 293.0
1 402.0 294.0
1 615.0 294.0
1 585.0 296.0
1 721.0 296.0
1 521.0 297.0
1 566.0 299.0
1 622.0 299.0
1 701.0 299.0
1 373.0 300.0
1 458.0 300.0
1 489.0 300.0
1 552.0 301.0
1 652.0 301.0
1 540.0 303.0
1 695.0 303.0
1 528.0 304.0
1 545.0 304.0
1 668.0 304.0
1 712.0 305.0
1 830.0 306.0
1 436.0 307.0
1 609.0 309.0
1 636.0 309.0
1 475.0 310.0
1 551.0 310.0
1 559.0 312.0
1 581.0 312.0
1 833.0 312.0
1 537.0 313.0
1 656.0 313.0
1 618.0 315.0
1 449.0 316.0
1 593.0 317.0
1 632.0 317.0
1 677.0 319.0
1 488.0 320.0
1 543.0 320.0
1 695.0 320.0
1 531.0 321.0
1 808.0 321.0
1 604.0 322.0
1 465.0 323.0
1 561.0 323.0
1 436.0 324.0
1 571.0 324.0
1 576.0 325.0
1 430.0 329.0
1 517.0 329.0
1 557.0 329.0
1 512.0 331.0
1 454.0 332.0
1 797.0 332.0
1 477.0 334.0
1 657.0 336.0
1 508.0 337.0
1 626.0 337.0
1 528.0 338.0
1 542.0 338.0
1 589.0 338.0
1 432.0 340.0
1 440.0 340.0
1 570.0 340.0
1 793.0 340.0
1 552.0 341.0
1 618.0 341.0
1 808.0 342.0
1 420.0 344.0
1 465.0 344.0
1 499.0 346.0
1 821.0 348.0
1 541.0 349.0
1 643.0 349.0
1 776.0 349.0
1 530.0 351.0
1 485.0 352.0
1 796.0 353.0
1 433.0 355.0
1 512.0 355.0
1 570.0 355.0
1 764.0 355.0
1 580.0 356.0
1 651.0 356.0
1 490.0 358.0
1 532.0 358.0
1 737.0 358.0
1 553.0 360.0
1 420.0 361.0
1 646.0 361.0
1 793.0 361.0
1 817.0 362.0
1 434.0 363.0
1 751.0 363.0
1 487.0 364.0
1 504.0 364.0
1 626.0 364.0
1 809.0 365.0
1 516.0 367.0
1 644.0 368.0
1 545.0 369.0
1 563.0 369.0
1 684.0 369.0
1 741.0 369.0
1 410.0 370.0
1 484.0 370.0
1 583.0 370.0
1 596.0 370.0
1 724.0 370.0
1 443.0 371.0
1 786.0 372.0
1 304.0 374.0
1 427.0 374.0
1 465.0 375.0
1 771.0 375.0
1 513.0 376.0
1 478.0 377.0
1 728.0 377.0
1 810.0 377.0
1 558.0 379.0
1 372.0 380.0
1 638.0 381.0
1 721.0 381.0
1 426.0 382.0
1 589.0 382.0
1 616.0 382.0
1 706.0 382.0
1 421.0 383.0
1 433.0 383.0
1 457.0 383.0
1 462.0 383.0
1 478.0 383.0
1 779.0 383.0
1 503.0 384.0
1 561.0 385.0
1 1014.0 385.0
1 796.0 386.0
1 577.0 387.0
1 524.0 388.0
1 463.0 389.0
1 468.0 390.0
1 532.0 390.0
1 749.0 390.0
1 697.0 392.0
1 436.0 395.0
1 453.0 395.0
1 502.0 395.0
1 549.0 395.0
1 584.0 396.0
1 613.0 396.0
1 758.0 396.0
1 240.0 397.0
1 647.0 397.0
1 735.0 397.0
1 245.0 398.0
1 465.0 398.0
1 630.0 398.0
1 655.0 398.0
1 566.0 400.0
1 279.0 401.0
1 640.0 401.0
1 458.0 402.0
1 578.0 403.0
1 780.0 403.0
1 744.0 404.0
1 426.0 405.0
1 486.0 406.0
1 540.0 406.0
1 471.0 407.0
1 614.0 408.0
1 756.0 408.0
1 446.0 410.0
1 451.0 411.0
1 463.0 412.0
1 770.0 412.0
1 527.0 413.0
1 544.0 413.0
1 565.0 413.0
1 437.0 414.0
1 481.0 414.0
1 552.0 414.0
1 515.0 417.0
1 749.0 417.0
1 457.0 418.0
1 979.0 418.0
1 482.0 419.0
1 497.0 419.0
1 604.0 420.0
1 427.0 421.0
1 778.0 424.0
1 446.0 425.0
1 623.0 425.0
1 687.0 425.0
1 764.0 427.0
1 470.0 428.0
1 741.0 428.0
1 637.0 430.0
1 509.0 431.0
1 488.0 433.0
1 428.0 435.0
1 439.0 435.0
1 582.0 436.0
1 738.0 436.0
1 756.0 436.0
1 462.0 437.0
1 574.0 438.0
1 725.0 438.0
1 499.0 439.0
1 538.0 439.0
1 661.0 439.0
1 563.0 440.0
1 549.0 441.0
1 433.0 442.0
1 474.0 442.0
1 760.0 443.0
1 489.0 444.0
1 667.0 444.0
1 747.0 444.0
1 772.0 445.0
1 579.0 446.0
1 482.0 448.0
1 543.0 448.0
1 702.0 448.0
1 724.0 448.0
1 438.0 449.0
1 602.0 449.0
1 451.0 450.0
1 739.0 450.0
1 574.0 451.0
1 564.0 452.0
1 611.0 452.0
1 673.0 452.0
1 475.0 453.0
1 592.0 453.0
1 501.0 455.0
1 574.0 456.0
1 728.0 457.0
1 758.0 457.0
1 445.0 458.0
1 492.0 458.0
1 544.0 458.0
1 702.0 458.0
1 721.0 458.0
1 740.0 458.0
1 658.0 459.0
1 467.0 460.0
1 506.0 460.0
1 626.0 460.0
1 558.0 462.0
1 749.0 462.0
1 710.0 463.0
1 715.0 463.0
1 571.0 464.0
1 680.0 464.0
1 763.0 464.0
1 462.0 466.0
1 473.0 466.0
1 450.0 467.0
1 584.0 467.0
1 768.0 467.0
1 633.0 468.0
1 664.0 468.0
1 413.0 469.0
1 498.0 469.0
1 682.0 469.0
1 715.0 470.0
1 730.0 470.0
1 742.0 471.0
1 431.0 472.0
1 456.0 474.0
1 481.0 475.0
1 465.0 476.0
1 569.0 476.0
1 639.0 476.0
1 999.0 476.0
1 425.0 477.0
1 492.0 478.0
1 670.0 478.0
1 685.0 478.0
1 761.0 478.0
1 723.0 479.0
1 743.0 479.0
1 513.0 480.0
1 441.0 483.0
1 686.0 483.0
1 430.0 484.0
1 714.0 484.0
1 727.0 484.0
1 463.0 485.0
1 493.0 486.0
1 649.0 486.0
1 737.0 486.0
1 448.0 487.0
1 691.0 487.0
1 748.0 487.0
1 761.0 489.0
1 515.0 491.0
1 634.0 491.0
1 395.0 492.0
1 411.0 492.0
1 677.0 492.0
1 464.0 493.0
1 600.0 495.0
1 713.0 495.0
1 549.0 496.0
1 496.0 497.0
1 657.0 497.0
1 156.0 498.0
1 696.0 499.0
1 753.0 499.0
1 470.0 500.0
1 515.0 500.0
1 404.0 501.0
1 638.0 502.0
1 670.0 502.0
1 736.0 502.0
1 608.0 503.0
1 498.0 504.0
1 682.0 504.0
1 546.0 505.0
1 755.0 507.0
1 567.0 508.0
1 708.0 508.0
1 588.0 509.0
1 471.0 512.0
1 637.0 512.0
1 377.0 514.0
1 487.0 514.0
1 668.0 514.0
1 754.0 514.0
1 389.0 515.0
1 704.0 517.0
1 617.0 519.0
1 685.0 519.0
1 502.0 520.0
1 636.0 520.0
1 513.0 521.0
1 714.0 521.0
1 731.0 521.0
1 476.0 522.0
1 569.0 523.0
1 704.0 523.0
1 547.0 525.0
1 425.0 528.0
1 505.0 528.0
1 678.0 528.0
1 706.0 528.0
1 569.0 529.0
1 748.0 530.0
1 529.0 531.0
1 666.0 534.0
1 477.0 535.0
1 635.0 535.0
1 732.0 535.0
1 494.0 537.0
1 506.0 537.0
1 480.0 540.0
1 710.0 540.0
1 634.0 541.0
1 130.0 542.0
1 539.0 542.0
1 739.0 542.0
1 570.0 544.0
1 416.0 546.0
1 616.0 548.0
1 512.0 549.0
1 570.0 549.0
1 401.0 550.0
1 480.0 550.0
1 731.0 550.0
1 495.0 551.0
1 605.0 551.0
1 633.0 552.0
1 714.0 552.0
1 663.0 553.0
1 689.0 553.0
1 535.0 554.0
1 556.0 556.0
1 728.0 560.0
1 632.0 561.0
1 571.0 563.0
1 739.0 563.0
1 516.0 564.0
1 598.0 564.0
1 491.0 565.0
1 553.0 565.0
1 662.0 566.0
1 718.0 567.0
1 571.0 571.0
1 696.0 571.0
1 543.0 573.0
1 608.0 573.0
1 671.0 573.0
1 518.0 574.0
1 632.0 575.0
1 728.0 578.0
1 631.0 580.0
1 612.0 581.0
1 503.0 582.0
1 674.0 582.0
1 491.0 584.0
1 521.0 585.0
1 573.0 585.0
1 598.0 590.0
1 630.0 591.0
1 707.0 591.0
1 689.0 592.0
1 310.0 593.0
1 353.0 595.0
1 502.0 596.0
1 682.0 597.0
1 711.0 597.0
1 308.0 598.0
1 725.0 599.0
1 654.0 602.0
1 562.0 604.0
1 589.0 605.0
1 528.0 606.0
1 597.0 606.0
1 629.0 606.0
1 680.0 606.0
1 576.0 607.0
1 513.0 610.0
1 707.0 610.0
1 613.0 612.0
1 556.0 613.0
1 659.0 613.0
1 715.0 613.0
1 530.0 614.0
1 726.0 614.0
1 503.0 616.0
1 704.0 617.0
1 577.0 619.0
1 596.0 621.0
1 628.0 623.0
1 692.0 623.0
1 724.0 623.0
1 675.0 625.0
1 739.0 626.0
1 660.0 627.0
1 716.0 627.0
1 554.0 629.0
1 646.0 630.0
1 516.0 631.0
1 566.0 633.0
1 628.0 634.0
1 699.0 634.0
1 714.0 634.0
1 537.0 635.0
1 673.0 635.0
1 579.0 636.0
1 652.0 642.0
1 561.0 643.0
1 540.0 644.0
1 698.0 647.0
1 579.0 650.0
1 599.0 650.0
1 626.0 651.0
1 686.0 653.0
1 666.0 654.0
1 556.0 655.0
1 692.0 656.0
1 533.0 659.0
1 626.0 661.0
1 569.0 662.0
1 601.0 663.0
1 582.0 666.0
1 656.0 666.0
1 553.0 670.0
1 558.0 671.0
1 659.0 672.0
1 583.0 674.0
1 567.0 675.0
1 590.0 675.0
1 610.0 677.0
1 603.0 678.0
1 629.0 679.0
1 579.0 683.0
1 590.0 684.0
1 600.0 686.0
1 613.0 690.0
1 586.0 692.0
