0 0 1 217.14981241510918
0 1 2 156.04853040302825
0 2 4 259.5656010462941
0 4 6 323.780094062339
0 5 8 333.3024940944712
0 7 10 402.4131767331328
0 9 12 286.5497561446343
0 11 13 426.65587049888234
0 10 15 222.13947470390667
0 17 16 165.06398815907176
0 15 17 319.38840867445236
0 16 20 258.0095382485335
0 14 21 199.83964911958884
0 23 25 422.98532731021277
0 26 32 138.7123751557156
0 32 33 304.09276549660035
0 41 44 414.1336564177703
0 42 45 444.18617242446095
0 37 47 413.0489740597037
0 38 50 233.43311309804898
0 47 57 383.21784638774375
0 55 58 232.55986031340217
0 49 60 350.38300523333106
0 52 65 154.05829144695025
0 54 73 466.93034889910143
0 53 75 224.88566359283095
0 61 80 123.99578344378648
0 63 82 465.2292864956231
0 68 89 233.77195607284054
0 73 90 207.0923111627762
0 78 96 347.799559166573
0 91 98 396.18227550501257
0 77 99 434.89707974401625
0 81 101 366.24834732479184
0 102 103 461.2519721759523
0 83 104 123.72345505302076
0 69 106 289.881616926643
0 93 108 231.2541062857867
0 88 109 122.68930140688308
0 85 111 335.4776941299458
0 94 113 386.53519217419733
0 96 119 396.9662768747939
0 105 120 466.1099414369584
0 98 121 300.0267618923886
0 101 122 156.1592813470573
0 104 125 159.39407280577555
0 110 127 353.6035610710191
0 111 128 478.20025493044136
0 123 134 337.5515364563842
0 114 135 134.13631262368992
0 150 136 340.42906861981197
0 118 138 147.13073331760054
0 120 139 137.18762048327002
0 128 140 290.5569513820848
0 136 141 428.17015569681394
0 145 143 464.79603239899967
0 133 145 152.73903437617327
0 165 146 470.7841863784136
0 132 147 296.7248468266352
0 144 149 174.01075892689525
0 127 151 401.61113964042056
0 141 153 394.9848842594064
0 130 155 318.8217372929025
0 139 156 396.35875332755626
0 140 158 173.70171109046868
0 149 161 173.49476332183644
0 183 163 381.20649153782244
0 154 164 211.3111139813999
0 147 165 164.9362948276223
0 184 167 353.2213532685976
0 189 168 351.6061089858022
0 156 169 273.34399247674213
0 153 172 461.5071617001026
0 138 173 473.0962505976369
0 160 176 340.0338549942602
0 171 177 493.51030682579477
0 169 188 440.01343076693394
0 192 189 450.7493070057071
0 168 190 221.31870452723962
0 157 200 488.7688613641303
0 186 203 491.3004021542324
0 175 208 466.31534805217456
0 206 212 425.3687875440581
0 176 214 322.854429781124
0 212 217 344.7436314329732
0 166 219 336.6600450553178
0 201 222 431.97261693968966
0 181 226 290.4685656271401
0 188 229 389.72248803605464
0 215 240 372.48206244550187
0 200 245 485.2965106293739
0 216 248 419.9033949304269
0 236 263 173.39361569970765
0 231 277 400.388904666331
0 245 279 481.8336381432024
0 251 282 468.6850051712664
0 287 288 483.5769417733529
0 262 289 149.25000989679313
0 256 294 335.95250229028267
0 297 312 243.59922845507847
0 296 314 354.93675079760305
0 272 317 395.1152076771519
0 292 322 307.2011437542584
0 298 327 428.04155268881425
0 278 329 344.41107992945996
0 285 338 496.32526710383866
0 306 343 341.53341582659357
0 329 346 471.4774763647804
0 305 349 392.87840081792217
0 340 356 394.581622333545
0 343 364 454.2642023933921
0 315 369 427.7191697913873
0 330 375 394.1141800583189
0 346 381 383.7634709777608
0 336 384 323.98145429437903
0 350 398 471.154739004571
0 363 401 438.67476013837285
0 347 403 441.45427802157246
0 357 405 278.0006579998809
0 365 408 254.06300990449859
0 371 413 304.76254141112304
0 361 417 277.4449824025546
0 380 428 497.1779727241666
0 383 430 410.7521819322046
0 377 436 321.71785187976343
0 392 439 250.59282580662122
0 399 441 246.6477572977327
0 391 443 254.47355087354046
0 388 446 325.87388219627275
0 400 447 327.75544136477504
0 404 448 439.76341101242315
0 402 453 269.2666282280142
0 410 456 398.74656817243823
0 417 457 287.0667052337539
0 416 458 335.28035377747096
0 420 461 375.61975510140115
0 401 462 335.65213146462645
0 427 468 303.2234038390513
0 431 473 393.0852837882465
0 453 480 455.1245374331179
0 454 481 424.60113960294217
0 432 482 450.8262499925264
0 444 483 335.03871307809385
0 439 484 378.7972883728544
0 441 485 231.5760995892776
0 429 488 383.82132829020975
0 443 492 236.28713566413828
0 451 493 361.8171670406208
0 460 496 468.5004325551808
0 459 503 277.29077001533204
0 463 504 257.7977712619343
0 476 505 284.1300739097874
0 482 508 420.80780916133733
0 471 509 308.96606996977596
0 488 517 381.10617271835577
0 483 520 449.436253008431
0 492 524 226.33076377858643
0 497 525 360.5629928341795
0 486 526 405.5921779278573
0 496 529 241.3771195219307
0 505 536 490.6518959253488
0 512 537 164.14808222581036
0 509 539 441.87674439246223
0 513 545 339.49014606973935
0 520 547 457.48182227140467
0 518 548 217.83262380996652
0 539 551 375.1869061746266
0 525 553 288.24412246497866
0 528 555 160.62368328714714
0 531 560 165.30169313574763
0 545 566 299.9203506039312
0 541 572 161.9826255909171
0 551 576 336.8578635531391
0 552 577 235.0232200988564
0 562 584 395.0063198549394
0 555 586 218.93613311855415
0 558 587 230.8447043445358
0 554 594 468.8137456197727
0 571 595 478.9007774437413
0 561 596 135.67250629671796
0 557 598 315.14912896960317
0 568 607 305.13943348502505
0 583 609 439.20094833931654
0 576 613 337.26674124755124
0 597 618 415.5848891247068
0 581 622 311.86007538860486
0 591 626 329.83468372392855
0 589 628 420.15216890716135
0 526 629 334.34895561388925
0 595 630 423.3541788275547
0 601 631 349.9001638838939
0 596 633 356.92927340819665
0 607 634 187.79589757940394
0 604 635 385.47496995300696
0 608 637 171.1850244775006

0 1040.0 27.0
0 699.0 49.0
0 264.0 70.0
0 279.0 78.0
0 783.0 81.0
0 446.0 91.0
0 307.0 101.0
0 624.0 105.0
0 1020.0 106.0
0 487.0 114.0
0 324.0 115.0
0 496.0 123.0
0 342.0 129.0
0 481.0 131.0
0 508.0 134.0
0 329.0 135.0
0 345.0 142.0
0 358.0 142.0
0 992.0 144.0
0 518.0 145.0
0 971.0 145.0
0 336.0 146.0
0 678.0 148.0
0 511.0 153.0
0 377.0 156.0
0 959.0 158.0
0 974.0 158.0
0 500.0 159.0
0 532.0 160.0
0 676.0 160.0
0 945.0 160.0
0 519.0 164.0
0 365.0 165.0
0 921.0 171.0
0 398.0 173.0
0 953.0 173.0
0 912.0 176.0
0 547.0 178.0
0 404.0 181.0
0 895.0 181.0
0 995.0 181.0
0 532.0 183.0
0 948.0 184.0
0 973.0 187.0
0 416.0 188.0
0 690.0 188.0
0 715.0 188.0
0 378.0 189.0
0 871.0 189.0
0 924.0 189.0
0 392.0 190.0
0 919.0 191.0
0 933.0 191.0
0 940.0 192.0
0 520.0 193.0
0 562.0 195.0
0 762.0 196.0
0 553.0 198.0
0 862.0 200.0
0 1070.0 202.0
0 436.0 204.0
0 706.0 204.0
0 895.0 205.0
0 1037.0 206.0
0 866.0 207.0
0 410.0 208.0
0 832.0 208.0
0 573.0 210.0
0 676.0 210.0
0 1074.0 211.0
0 824.0 212.0
0 1061.0 212.0
0 874.0 213.0
0 563.0 217.0
0 698.0 218.0
0 435.0 219.0
0 812.0 220.0
0 455.0 221.0
0 664.0 222.0
0 849.0 224.0
0 444.0 227.0
0 662.0 227.0
0 542.0 230.0
0 675.0 230.0
0 586.0 232.0
0 660.0 232.0
0 572.0 233.0
0 689.0 233.0
0 788.0 234.0
0 476.0 239.0
0 564.0 239.0
0 686.0 239.0
0 655.0 240.0
0 169.0 242.0
0 838.0 242.0
0 685.0 247.0
0 552.0 249.0
0 112.0 250.0
0 765.0 250.0
0 582.0 254.0
0 683.0 254.0
0 494.0 255.0
0 599.0 255.0
0 817.0 258.0
0 481.0 261.0
0 746.0 264.0
0 464.0 265.0
0 808.0 265.0
0 501.0 266.0
0 490.0 270.0
0 510.0 270.0
0 591.0 271.0
0 802.0 271.0
0 567.0 273.0
0 643.0 274.0
0 611.0 276.0
0 776.0 277.0
0 730.0 281.0
0 686.0 282.0
0 481.0 284.0
0 526.0 284.0
0 597.0 284.0
0 506.0 285.0
0 187.0 286.0
0 783.0 289.0
0 511.0 290.0
0 635.0 293.0
0 542.0 297.0
0 603.0 298.0
0 686.0 299.0
0 715.0 299.0
0 622.0 300.0
0 459.0 301.0
0 611.0 302.0
0 498.0 303.0
0 527.0 304.0
0 841.0 305.0
0 627.0 308.0
0 533.0 310.0
0 542.0 310.0
0 559.0 312.0
0 610.0 313.0
0 628.0 313.0
0 685.0 314.0
0 701.0 316.0
0 545.0 320.0
0 818.0 321.0
0 397.0 322.0
0 414.0 324.0
0 554.0 327.0
0 383.0 328.0
0 388.0 328.0
0 435.0 328.0
0 580.0 328.0
0 618.0 329.0
0 368.0 331.0
0 685.0 331.0
0 810.0 331.0
0 384.0 333.0
0 455.0 334.0
0 528.0 335.0
0 563.0 335.0
0 623.0 339.0
0 805.0 339.0
0 596.0 340.0
0 348.0 343.0
0 476.0 343.0
0 823.0 343.0
0 835.0 343.0
0 574.0 344.0
0 670.0 346.0
0 792.0 348.0
0 493.0 351.0
0 631.0 351.0
0 781.0 351.0
0 835.0 351.0
0 454.0 352.0
0 713.0 353.0
0 602.0 354.0
0 573.0 355.0
0 648.0 355.0
0 462.0 356.0
0 553.0 356.0
0 591.0 356.0
0 845.0 356.0
0 656.0 357.0
0 731.0 357.0
0 813.0 357.0
0 447.0 359.0
0 685.0 359.0
0 479.0 360.0
0 510.0 361.0
0 770.0 362.0
0 826.0 362.0
0 733.0 363.0
0 563.0 364.0
0 598.0 364.0
0 467.0 366.0
0 643.0 366.0
0 842.0 366.0
0 625.0 368.0
0 461.0 369.0
0 669.0 369.0
0 704.0 369.0
0 573.0 370.0
0 765.0 370.0
0 526.0 371.0
0 450.0 372.0
0 471.0 372.0
0 547.0 372.0
0 642.0 373.0
0 664.0 373.0
0 846.0 373.0
0 713.0 374.0
0 491.0 376.0
0 556.0 376.0
0 598.0 376.0
0 700.0 376.0
0 756.0 376.0
0 614.0 377.0
0 641.0 378.0
0 722.0 378.0
0 588.0 379.0
0 623.0 379.0
0 593.0 380.0
0 687.0 381.0
0 466.0 382.0
0 523.0 382.0
0 544.0 382.0
0 449.0 383.0
0 575.0 383.0
0 640.0 383.0
0 483.0 385.0
0 708.0 385.0
0 552.0 388.0
0 557.0 388.0
0 620.0 388.0
0 738.0 388.0
0 825.0 388.0
0 841.0 388.0
0 509.0 389.0
0 587.0 389.0
0 597.0 389.0
0 613.0 390.0
0 504.0 393.0
0 560.0 393.0
0 495.0 395.0
0 517.0 395.0
0 671.0 395.0
0 470.0 396.0
0 639.0 397.0
0 623.0 399.0
0 723.0 399.0
0 771.0 399.0
0 526.0 400.0
0 460.0 401.0
0 488.0 401.0
0 576.0 404.0
0 762.0 404.0
0 837.0 404.0
0 500.0 405.0
0 532.0 405.0
0 598.0 405.0
0 657.0 405.0
0 694.0 405.0
0 473.0 407.0
0 513.0 407.0
0 613.0 407.0
0 812.0 408.0
0 790.0 409.0
0 489.0 410.0
0 655.0 410.0
0 523.0 411.0
0 621.0 411.0
0 638.0 411.0
0 459.0 412.0
0 513.0 412.0
0 541.0 412.0
0 706.0 412.0
0 586.0 413.0
0 479.0 414.0
0 599.0 414.0
0 667.0 415.0
0 471.0 416.0
0 501.0 417.0
0 638.0 417.0
0 699.0 417.0
0 747.0 417.0
0 783.0 417.0
0 657.0 418.0
0 487.0 421.0
0 776.0 421.0
0 482.0 422.0
0 638.0 422.0
0 542.0 423.0
0 578.0 423.0
0 805.0 423.0
0 556.0 424.0
0 688.0 424.0
0 533.0 425.0
0 600.0 425.0
0 524.0 426.0
0 663.0 426.0
0 653.0 427.0
0 803.0 428.0
0 462.0 429.0
0 171.0 430.0
0 503.0 430.0
0 789.0 430.0
0 681.0 431.0
0 783.0 431.0
0 552.0 432.0
0 727.0 433.0
0 603.0 435.0
0 658.0 435.0
0 568.0 436.0
0 706.0 436.0
0 481.0 437.0
0 538.0 437.0
0 637.0 439.0
0 443.0 440.0
0 515.0 440.0
0 650.0 440.0
0 749.0 440.0
0 811.0 440.0
0 798.0 441.0
0 816.0 441.0
0 783.0 442.0
0 666.0 444.0
0 491.0 445.0
0 465.0 446.0
0 502.0 448.0
0 567.0 448.0
0 805.0 448.0
0 479.0 450.0
0 517.0 450.0
0 708.0 450.0
0 788.0 450.0
0 426.0 451.0
0 552.0 451.0
0 719.0 452.0
0 450.0 454.0
0 511.0 454.0
0 729.0 454.0
0 601.0 455.0
0 798.0 455.0
0 469.0 456.0
0 495.0 456.0
0 781.0 456.0
0 527.0 457.0
0 645.0 457.0
0 815.0 458.0
0 416.0 459.0
0 584.0 459.0
0 555.0 460.0
0 601.0 460.0
0 748.0 460.0
0 791.0 461.0
0 510.0 462.0
0 565.0 462.0
0 636.0 462.0
0 435.0 463.0
0 614.0 464.0
0 620.0 464.0
0 779.0 464.0
0 501.0 466.0
0 517.0 466.0
0 405.0 468.0
0 636.0 468.0
0 672.0 468.0
0 444.0 469.0
0 477.0 469.0
0 489.0 469.0
0 767.0 469.0
0 779.0 469.0
0 544.0 470.0
0 642.0 470.0
0 772.0 470.0
0 742.0 471.0
0 808.0 471.0
0 623.0 472.0
0 438.0 473.0
0 635.0 473.0
0 418.0 475.0
0 523.0 475.0
0 600.0 475.0
0 816.0 475.0
0 505.0 476.0
0 692.0 476.0
0 790.0 476.0
0 654.0 477.0
0 668.0 477.0
0 777.0 477.0
0 394.0 478.0
0 611.0 478.0
0 799.0 478.0
0 641.0 479.0
0 758.0 479.0
0 514.0 480.0
0 569.0 480.0
0 718.0 483.0
0 406.0 484.0
0 788.0 484.0
0 481.0 485.0
0 496.0 485.0
0 530.0 485.0
0 688.0 486.0
0 810.0 486.0
0 384.0 487.0
0 598.0 487.0
0 770.0 487.0
0 642.0 488.0
0 746.0 488.0
0 511.0 489.0
0 798.0 490.0
0 633.0 491.0
0 734.0 491.0
0 493.0 493.0
0 721.0 493.0
0 644.0 496.0
0 390.0 497.0
0 586.0 497.0
0 661.0 497.0
0 676.0 497.0
0 688.0 497.0
0 785.0 497.0
0 500.0 498.0
0 754.0 500.0
0 569.0 501.0
0 726.0 501.0
0 490.0 502.0
0 517.0 502.0
0 633.0 502.0
0 814.0 502.0
0 579.0 503.0
0 738.0 503.0
0 599.0 504.0
0 678.0 504.0
0 761.0 504.0
0 532.0 505.0
0 634.0 507.0
0 545.0 508.0
0 767.0 508.0
0 490.0 510.0
0 672.0 511.0
0 804.0 511.0
0 513.0 512.0
0 572.0 514.0
0 597.0 514.0
0 738.0 514.0
0 556.0 515.0
0 613.0 515.0
0 810.0 515.0
0 522.0 516.0
0 723.0 516.0
0 831.0 517.0
0 496.0 519.0
0 512.0 520.0
0 546.0 520.0
0 786.0 520.0
0 580.0 523.0
0 598.0 523.0
0 671.0 523.0
0 739.0 523.0
0 818.0 523.0
0 714.0 525.0
0 504.0 526.0
0 631.0 526.0
0 493.0 527.0
0 758.0 527.0
0 735.0 528.0
0 770.0 528.0
0 805.0 531.0
0 581.0 532.0
0 598.0 533.0
0 657.0 533.0
0 734.0 533.0
0 781.0 534.0
0 849.0 536.0
0 828.0 537.0
0 776.0 538.0
0 771.0 539.0
0 687.0 540.0
0 716.0 541.0
0 733.0 541.0
0 496.0 542.0
0 644.0 542.0
0 671.0 542.0
0 570.0 543.0
0 625.0 545.0
0 763.0 545.0
0 751.0 547.0
0 531.0 548.0
0 583.0 548.0
0 597.0 548.0
0 824.0 548.0
0 514.0 552.0
0 634.0 552.0
0 863.0 554.0
0 669.0 555.0
0 765.0 555.0
0 689.0 558.0
0 729.0 558.0
0 503.0 559.0
0 555.0 559.0
0 560.0 559.0
0 635.0 559.0
0 761.0 560.0
0 512.0 562.0
0 530.0 562.0
0 669.0 562.0
0 585.0 563.0
0 746.0 564.0
0 771.0 566.0
0 595.0 567.0
0 844.0 568.0
0 714.0 570.0
0 549.0 574.0
0 763.0 574.0
0 768.0 574.0
0 701.0 575.0
0 667.0 577.0
0 725.0 578.0
0 877.0 578.0
0 560.0 579.0
0 565.0 580.0
0 588.0 580.0
0 635.0 580.0
0 856.0 583.0
0 512.0 584.0
0 743.0 584.0
0 762.0 585.0
0 695.0 588.0
0 592.0 589.0
0 657.0 589.0
0 558.0 593.0
0 665.0 593.0
0 521.0 594.0
0 698.0 595.0
0 576.0 596.0
0 720.0 596.0
0 649.0 599.0
0 708.0 599.0
0 760.0 599.0
0 635.0 600.0
0 665.0 600.0
0 589.0 601.0
0 683.0 602.0
0 536.0 603.0
0 545.0 604.0
0 609.0 604.0
0 759.0 604.0
0 621.0 605.0
0 747.0 607.0
0 716.0 608.0
0 545.0 609.0
0 621.0 610.0
0 693.0 611.0
0 733.0 611.0
0 880.0 611.0
0 521.0 612.0
0 587.0 613.0
0 892.0 614.0
0 621.0 615.0
0 636.0 615.0
0 664.0 615.0
0 753.0 615.0
0 738.0 616.0
0 585.0 618.0
0 855.0 618.0
0 712.0 621.0
0 563.0 622.0
0 531.0 623.0
0 602.0 624.0
0 890.0 625.0
0 856.0 626.0
0 620.0 628.0
0 743.0 628.0
0 635.0 629.0
0 688.0 629.0
0 864.0 629.0
0 679.0 631.0
0 751.0 631.0
0 580.0 632.0
0 662.0 633.0
0 314.0 635.0
0 553.0 636.0
0 737.0 636.0
0 598.0 639.0
0 721.0 639.0
0 579.0 640.0
0 706.0 642.0
0 633.0 643.0
0 679.0 643.0
0 643.0 644.0
0 662.0 645.0
0 541.0 647.0
0 706.0 648.0
0 602.0 649.0
0 311.0 650.0
0 695.0 650.0
0 737.0 650.0
0 576.0 651.0
0 618.0 652.0
0 727.0 657.0
0 588.0 659.0
0 629.0 659.0
0 560.0 660.0
0 640.0 660.0
0 660.0 661.0
0 715.0 663.0
0 616.0 664.0
0 587.0 667.0
0 606.0 667.0
0 561.0 668.0
0 627.0 668.0
0 680.0 668.0
0 571.0 669.0
0 698.0 669.0
0 636.0 670.0
0 719.0 671.0
0 570.0 674.0
0 608.0 674.0
0 659.0 674.0
0 575.0 675.0
0 624.0 678.0
0 581.0 679.0
0 673.0 684.0
0 639.0 685.0
0 292.0 690.0
0 656.0 691.0
0 683.0 691.0
0 695.0 691.0
0 609.0 696.0
0 686.0 701.0
0 658.0 703.0
0 563.0 705.0
0 662.0 710.0
1 654.0 30.0
1 202.0 48.0
1 687.0 55.0
1 828.0 59.0
1 228.0 71.0
1 820.0 75.0
1 444.0 77.0
1 241.0 83.0
1 634.0 93.0
1 254.0 95.0
1 236.0 99.0
1 437.0 101.0
1 454.0 102.0
1 459.0 106.0
1 242.0 107.0
1 266.0 107.0
1 781.0 107.0
1 258.0 110.0
1 615.0 111.0
1 293.0 116.0
1 464.0 116.0
1 432.0 118.0
1 280.0 119.0
1 772.0 120.0
1 622.0 123.0
1 763.0 123.0
1 259.0 126.0
1 782.0 126.0
1 468.0 131.0
1 296.0 134.0
1 434.0 134.0
1 748.0 134.0
1 738.0 138.0
1 469.0 140.0
1 455.0 142.0
1 472.0 145.0
1 612.0 145.0
1 272.0 146.0
1 280.0 146.0
1 436.0 146.0
1 463.0 146.0
1 310.0 147.0
1 571.0 151.0
1 594.0 153.0
1 298.0 156.0
1 476.0 159.0
1 283.0 160.0
1 464.0 160.0
1 432.0 161.0
1 326.0 162.0
1 557.0 165.0
1 318.0 166.0
1 300.0 167.0
1 310.0 169.0
1 448.0 173.0
1 693.0 173.0
1 481.0 174.0
1 431.0 176.0
1 305.0 177.0
1 471.0 178.0
1 543.0 179.0
1 321.0 180.0
1 456.0 180.0
1 432.0 182.0
1 694.0 183.0
1 485.0 188.0
1 429.0 191.0
1 454.0 192.0
1 359.0 193.0
1 333.0 194.0
1 528.0 195.0
1 466.0 196.0
1 474.0 196.0
1 447.0 203.0
1 488.0 203.0
1 355.0 204.0
1 561.0 204.0
1 458.0 206.0
1 430.0 207.0
1 517.0 207.0
1 634.0 209.0
1 373.0 210.0
1 325.0 211.0
1 351.0 213.0
1 433.0 215.0
1 460.0 220.0
1 493.0 220.0
1 478.0 221.0
1 359.0 222.0
1 650.0 222.0
1 554.0 223.0
1 619.0 223.0
1 797.0 223.0
1 385.0 224.0
1 432.0 226.0
1 496.0 229.0
1 340.0 232.0
1 434.0 232.0
1 463.0 232.0
1 497.0 234.0
1 476.0 237.0
1 371.0 238.0
1 623.0 239.0
1 548.0 241.0
1 376.0 242.0
1 417.0 242.0
1 607.0 242.0
1 434.0 245.0
1 489.0 245.0
1 351.0 248.0
1 404.0 248.0
1 472.0 248.0
1 545.0 253.0
1 428.0 255.0
1 389.0 257.0
1 455.0 258.0
1 479.0 259.0
1 504.0 259.0
1 394.0 262.0
1 436.0 262.0
1 404.0 263.0
1 472.0 264.0
1 504.0 264.0
1 364.0 266.0
1 418.0 266.0
1 541.0 266.0
1 581.0 269.0
1 327.0 271.0
1 424.0 271.0
1 460.0 271.0
1 314.0 272.0
1 320.0 273.0
1 339.0 273.0
1 403.0 273.0
1 563.0 274.0
1 304.0 275.0
1 465.0 276.0
1 352.0 278.0
1 482.0 278.0
1 562.0 279.0
1 319.0 280.0
1 440.0 280.0
1 475.0 280.0
1 592.0 280.0
1 412.0 281.0
1 505.0 283.0
1 367.0 285.0
1 291.0 286.0
1 565.0 286.0
1 419.0 288.0
1 708.0 288.0
1 466.0 291.0
1 430.0 292.0
1 383.0 294.0
1 441.0 295.0
1 712.0 295.0
1 428.0 297.0
1 478.0 297.0
1 576.0 297.0
1 454.0 299.0
1 356.0 300.0
1 552.0 300.0
1 421.0 301.0
1 443.0 301.0
1 502.0 303.0
1 690.0 303.0
1 467.0 304.0
1 398.0 305.0
1 368.0 306.0
1 339.0 307.0
1 445.0 307.0
1 543.0 310.0
1 426.0 311.0
1 527.0 311.0
1 680.0 314.0
1 356.0 316.0
1 363.0 316.0
1 378.0 316.0
1 534.0 318.0
1 407.0 319.0
1 447.0 320.0
1 341.0 322.0
1 350.0 322.0
1 677.0 322.0
1 690.0 322.0
1 371.0 323.0
1 549.0 323.0
1 419.0 324.0
1 319.0 326.0
1 700.0 326.0
1 364.0 328.0
1 498.0 330.0
1 522.0 330.0
1 661.0 330.0
1 538.0 332.0
1 673.0 333.0
1 702.0 335.0
1 331.0 336.0
1 455.0 336.0
1 650.0 337.0
1 395.0 338.0
1 435.0 338.0
1 353.0 340.0
1 637.0 341.0
1 669.0 341.0
1 570.0 342.0
1 698.0 342.0
1 317.0 345.0
1 507.0 345.0
1 539.0 345.0
1 444.0 346.0
1 332.0 347.0
1 567.0 347.0
1 678.0 347.0
1 347.0 348.0
1 404.0 348.0
1 521.0 348.0
1 690.0 348.0
1 498.0 352.0
1 560.0 352.0
1 598.0 352.0
1 626.0 352.0
1 657.0 352.0
1 373.0 353.0
1 378.0 353.0
1 483.0 353.0
1 367.0 354.0
1 454.0 355.0
1 199.0 356.0
1 265.0 357.0
1 405.0 358.0
1 410.0 360.0
1 614.0 360.0
1 244.0 361.0
1 681.0 361.0
1 334.0 363.0
1 506.0 363.0
1 389.0 364.0
1 527.0 364.0
1 536.0 364.0
1 607.0 364.0
1 643.0 364.0
1 316.0 365.0
1 676.0 365.0
1 665.0 367.0
1 467.0 368.0
1 128.0 370.0
1 349.0 370.0
1 411.0 370.0
1 635.0 371.0
1 359.0 373.0
1 534.0 374.0
1 667.0 374.0
1 163.0 375.0
1 168.0 375.0
1 389.0 375.0
1 430.0 376.0
1 657.0 376.0
1 320.0 377.0
1 383.0 377.0
1 396.0 377.0
1 472.0 377.0
1 504.0 377.0
1 556.0 379.0
1 373.0 380.0
1 409.0 380.0
1 519.0 380.0
1 316.0 382.0
1 531.0 383.0
1 462.0 384.0
1 573.0 384.0
1 608.0 384.0
1 332.0 386.0
1 363.0 386.0
1 647.0 387.0
1 662.0 387.0
1 639.0 389.0
1 377.0 390.0
1 341.0 391.0
1 624.0 391.0
1 327.0 392.0
1 438.0 392.0
1 665.0 392.0
1 387.0 393.0
1 418.0 393.0
1 303.0 394.0
1 352.0 394.0
1 653.0 397.0
1 475.0 398.0
1 369.0 399.0
1 320.0 400.0
1 640.0 400.0
1 494.0 401.0
1 652.0 402.0
1 329.0 403.0
1 340.0 405.0
1 518.0 405.0
1 572.0 406.0
1 614.0 406.0
1 87.0 407.0
1 663.0 407.0
1 400.0 408.0
1 658.0 408.0
1 632.0 409.0
1 322.0 412.0
1 376.0 412.0
1 532.0 412.0
1 667.0 412.0
1 640.0 413.0
1 611.0 414.0
1 360.0 415.0
1 497.0 415.0
1 304.0 416.0
1 446.0 416.0
1 451.0 416.0
1 456.0 416.0
1 441.0 417.0
1 478.0 417.0
1 624.0 417.0
1 351.0 418.0
1 430.0 419.0
1 312.0 420.0
1 646.0 420.0
1 659.0 420.0
1 417.0 421.0
1 341.0 422.0
1 275.0 423.0
1 619.0 423.0
1 449.0 424.0
1 332.0 426.0
1 391.0 426.0
1 559.0 426.0
1 631.0 426.0
1 362.0 427.0
1 477.0 427.0
1 290.0 428.0
1 379.0 428.0
1 465.0 428.0
1 598.0 428.0
1 611.0 428.0
1 537.0 430.0
1 425.0 432.0
1 436.0 432.0
1 593.0 432.0
1 662.0 432.0
1 643.0 433.0
1 316.0 434.0
1 341.0 435.0
1 521.0 435.0
1 283.0 436.0
1 372.0 437.0
1 417.0 437.0
1 594.0 437.0
1 573.0 438.0
1 475.0 439.0
1 611.0 439.0
1 629.0 439.0
1 384.0 440.0
1 433.0 442.0
1 648.0 442.0
1 659.0 442.0
1 352.0 444.0
1 357.0 444.0
1 290.0 445.0
1 447.0 445.0
1 254.0 446.0
1 522.0 446.0
1 475.0 447.0
1 497.0 447.0
1 634.0 447.0
1 267.0 448.0
1 375.0 448.0
1 619.0 448.0
1 538.0 449.0
1 582.0 449.0
1 296.0 450.0
1 278.0 452.0
1 499.0 452.0
1 610.0 452.0
1 658.0 452.0
1 431.0 453.0
1 436.0 454.0
1 538.0 454.0
1 357.0 455.0
1 523.0 455.0
1 637.0 455.0
1 291.0 456.0
1 651.0 456.0
1 373.0 457.0
1 611.0 458.0
1 271.0 459.0
1 351.0 459.0
1 389.0 459.0
1 537.0 459.0
1 586.0 459.0
1 950.0 459.0
1 362.0 460.0
1 579.0 462.0
1 597.0 462.0
1 400.0 464.0
1 413.0 464.0
1 439.0 464.0
1 378.0 465.0
1 622.0 465.0
1 505.0 466.0
1 654.0 466.0
1 232.0 467.0
1 246.0 467.0
1 495.0 468.0
1 525.0 468.0
1 360.0 469.0
1 538.0 469.0
1 464.0 472.0
1 631.0 472.0
1 579.0 473.0
1 238.0 474.0
1 416.0 474.0
1 377.0 476.0
1 558.0 476.0
1 391.0 478.0
1 506.0 478.0
1 646.0 478.0
1 1020.0 479.0
1 474.0 480.0
1 616.0 480.0
1 526.0 481.0
1 540.0 482.0
1 368.0 483.0
1 380.0 483.0
1 419.0 483.0
1 579.0 484.0
1 438.0 485.0
1 456.0 487.0
1 220.0 489.0
1 505.0 489.0
1 628.0 489.0
1 639.0 489.0
1 552.0 492.0
1 524.0 494.0
1 578.0 494.0
1 650.0 494.0
1 368.0 495.0
1 377.0 495.0
1 385.0 496.0
1 487.0 496.0
1 623.0 496.0
1 390.0 497.0
1 504.0 497.0
1 514.0 497.0
1 561.0 497.0
1 467.0 498.0
1 441.0 499.0
1 541.0 499.0
1 647.0 499.0
1 636.0 501.0
1 425.0 503.0
1 608.0 503.0
1 517.0 504.0
1 647.0 504.0
1 375.0 505.0
1 391.0 506.0
1 442.0 506.0
1 586.0 506.0
1 410.0 509.0
1 505.0 511.0
1 543.0 511.0
1 575.0 511.0
1 375.0 513.0
1 560.0 513.0
1 618.0 513.0
1 519.0 514.0
1 392.0 515.0
1 544.0 516.0
1 505.0 517.0
1 637.0 517.0
1 244.0 519.0
1 416.0 519.0
1 476.0 519.0
1 395.0 520.0
1 445.0 520.0
1 238.0 521.0
1 587.0 523.0
1 383.0 524.0
1 487.0 524.0
1 572.0 524.0
1 234.0 526.0
1 446.0 526.0
1 523.0 526.0
1 400.0 527.0
1 506.0 528.0
1 547.0 528.0
1 617.0 528.0
1 415.0 530.0
1 595.0 530.0
1 570.0 532.0
1 629.0 533.0
1 385.0 535.0
1 430.0 535.0
1 439.0 536.0
1 587.0 536.0
1 488.0 537.0
1 506.0 537.0
1 526.0 538.0
1 639.0 538.0
1 616.0 539.0
1 449.0 540.0
1 547.0 540.0
1 404.0 541.0
1 473.0 541.0
1 436.0 543.0
1 587.0 543.0
1 528.0 545.0
1 396.0 547.0
1 450.0 547.0
1 569.0 548.0
1 426.0 549.0
1 630.0 549.0
1 597.0 550.0
1 408.0 551.0
1 508.0 551.0
1 464.0 552.0
1 532.0 555.0
1 571.0 556.0
1 430.0 558.0
1 550.0 558.0
1 612.0 559.0
1 141.0 560.0
1 182.0 561.0
1 412.0 561.0
1 453.0 561.0
1 177.0 564.0
1 396.0 564.0
1 536.0 564.0
1 478.0 565.0
1 508.0 567.0
1 611.0 567.0
1 550.0 569.0
1 568.0 569.0
1 590.0 570.0
1 629.0 570.0
1 540.0 575.0
1 407.0 576.0
1 599.0 576.0
1 530.0 579.0
1 509.0 581.0
1 622.0 581.0
1 421.0 582.0
1 459.0 582.0
1 478.0 582.0
1 564.0 582.0
1 553.0 586.0
1 494.0 587.0
1 608.0 587.0
1 544.0 588.0
1 443.0 589.0
1 424.0 590.0
1 593.0 593.0
1 462.0 594.0
1 606.0 594.0
1 475.0 595.0
1 553.0 595.0
1 410.0 596.0
1 511.0 598.0
1 562.0 599.0
1 581.0 600.0
1 648.0 604.0
1 529.0 606.0
1 614.0 606.0
1 423.0 608.0
1 511.0 608.0
1 494.0 609.0
1 561.0 610.0
1 434.0 611.0
1 467.0 611.0
1 612.0 611.0
1 586.0 614.0
1 450.0 617.0
1 602.0 617.0
1 436.0 618.0
1 536.0 618.0
1 608.0 619.0
1 468.0 623.0
1 486.0 624.0
1 513.0 625.0
1 605.0 625.0
1 595.0 626.0
1 557.0 627.0
1 449.0 628.0
1 580.0 630.0
1 535.0 632.0
1 558.0 632.0
1 432.0 633.0
1 615.0 633.0
1 514.0 635.0
1 495.0 637.0
1 474.0 640.0
1 454.0 644.0
1 552.0 644.0
1 483.0 648.0
1 462.0 649.0
1 476.0 651.0
1 502.0 651.0
1 495.0 652.0
1 521.0 652.0
1 474.0 656.0
1 483.0 657.0
1 493.0 661.0
1 505.0 664.0
1 478.0 665.0
