0 1 0 360.57174935116404
0 9 6 444.4088434552455
0 13 8 445.73950571560505
0 15 11 404.057356042572
0 18 14 330.28463625306085
0 20 16 257.96685160177793
0 25 23 438.62894206542364
0 31 27 348.2090667890928
0 43 42 243.21666974603778
0 57 62 224.12345239986143
0 63 71 277.59146630257214
0 76 80 283.8524595295084
0 79 83 298.0224315968988
0 86 90 262.9538361856464
0 83 96 347.17438412880773
0 89 97 383.9701341589527
0 93 99 324.013896670311
0 90 101 432.68070576311317
0 88 103 323.2672754143151
0 98 106 393.3284827274237
0 101 108 345.4663555580768
0 92 109 252.91484106496026
0 106 114 496.9985474895668
0 103 115 400.96606315403056
0 110 119 235.30490225091478
0 111 120 428.35742222382225
0 107 126 494.33912090416607
0 125 129 238.07610532543154
0 112 130 278.1169287845326
0 127 136 283.22269412266877
0 147 147 334.0253065160875
0 145 166 403.26356373006183
0 168 182 353.71232934184883
0 167 187 242.9357004815284
0 174 199 325.3239430065076
0 179 202 202.21756664298033
0 180 205 297.1117556684402
0 204 206 463.4798109031138
0 183 209 394.5735951889781
0 199 212 393.2932145193818
0 194 214 253.90302200787383
0 196 220 479.8427867990448
0 208 223 488.3758538989914
0 192 225 497.71049297683084
0 207 226 314.8901994807579
0 211 228 286.66334619659517
0 219 230 438.3211655948049
0 235 239 336.8082265509551
0 216 240 415.04005442429303
0 226 245 374.21373358096207
0 215 247 284.3739083136897
0 225 250 385.760544587454
0 240 252 384.6617389847945
0 231 253 366.4434550867919
0 244 266 456.29160348723923
0 246 267 302.57084520274844
0 258 270 298.83940051561024
0 251 273 423.35676943856174
0 262 278 310.8454713805182
0 243 281 210.7380566714405
0 255 282 228.4750274712592
0 261 285 161.35488268957633
0 256 286 330.0167051963143
0 263 287 427.1820725880625
0 273 288 488.7607095285481
0 267 291 265.05121843078336
0 265 295 259.0795143970117
0 278 296 344.16369319792614
0 275 297 276.88105927384885
0 276 299 354.03410517697256
0 279 302 404.6963420463822
0 268 305 257.8167076967523
0 277 306 357.2308397584693
0 272 307 261.0969197589791
0 289 316 411.3023458665713
0 286 318 279.55128738650404
0 288 319 329.5784232143432
0 294 324 251.84786885285274
0 295 327 280.39192862022355
0 298 328 269.95610795788247
0 302 329 393.2572151995461
0 300 333 281.0258643649319
0 301 339 202.84114189738233
0 310 341 165.49761049069897
0 311 343 390.7718290608961
0 316 347 244.52548063497392
0 315 348 353.4968334343818
0 319 349 195.80049123968345
0 320 350 467.15416919356034
0 321 354 311.23612503862114
0 323 359 245.8200866872049
0 322 364 232.17902894173906
0 325 365 485.89412657658517
0 324 369 482.826065998138
0 335 377 154.492466505807
0 336 378 193.36364506005296
0 338 381 476.3593293689761
0 334 382 263.38251512385193
0 347 383 224.65789891261193
0 352 385 467.89071906908316
0 354 392 137.57011356665586
0 356 394 423.5570902580662
0 353 395 382.19313204799755
0 363 398 219.51913015176223
0 361 400 474.944024517746
0 371 405 421.16531153236167
0 364 406 283.40373008021504
0 368 407 337.33994680283683
0 370 411 454.70086396659264
0 377 415 346.830066308664
0 376 420 378.6825911288476
0 383 421 288.6042028467324
0 388 425 339.07647968891945
0 389 427 373.7307863148173
0 386 428 258.1639787177877
0 387 432 409.61517556222935
0 393 433 296.11550421015335
0 390 434 298.20552863123703

0 389.0 16.0
0 130.0 22.0
0 502.0 25.0
0 384.0 28.0
0 412.0 29.0
0 502.0 30.0
0 145.0 35.0
0 264.0 41.0
0 153.0 42.0
0 497.0 42.0
0 303.0 47.0
0 160.0 49.0
0 308.0 50.0
0 271.0 52.0
0 153.0 54.0
0 376.0 55.0
0 167.0 56.0
0 477.0 56.0
0 291.0 57.0
0 192.0 59.0
0 274.0 60.0
0 309.0 61.0
0 480.0 62.0
0 176.0 63.0
0 263.0 64.0
0 475.0 65.0
0 366.0 66.0
0 163.0 67.0
0 290.0 67.0
0 470.0 67.0
0 465.0 69.0
0 184.0 71.0
0 279.0 72.0
0 308.0 73.0
0 369.0 73.0
0 271.0 74.0
0 290.0 74.0
0 300.0 74.0
0 461.0 74.0
0 449.0 75.0
0 456.0 76.0
0 193.0 80.0
0 174.0 81.0
0 283.0 81.0
0 516.0 81.0
0 347.0 82.0
0 186.0 84.0
0 272.0 84.0
0 284.0 86.0
0 264.0 87.0
0 354.0 87.0
0 359.0 87.0
0 202.0 88.0
0 294.0 90.0
0 338.0 90.0
0 566.0 90.0
0 223.0 91.0
0 309.0 92.0
0 265.0 93.0
0 349.0 94.0
0 211.0 97.0
0 372.0 97.0
0 200.0 98.0
0 265.0 98.0
0 231.0 99.0
0 309.0 101.0
0 275.0 102.0
0 280.0 102.0
0 295.0 102.0
0 12.0 103.0
0 236.0 105.0
0 208.0 107.0
0 221.0 108.0
0 266.0 108.0
0 471.0 108.0
0 289.0 110.0
0 277.0 112.0
0 200.0 113.0
0 162.0 117.0
0 229.0 117.0
0 218.0 118.0
0 311.0 119.0
0 207.0 122.0
0 222.0 123.0
0 277.0 123.0
0 417.0 123.0
0 333.0 125.0
0 295.0 126.0
0 210.0 127.0
0 247.0 133.0
0 232.0 134.0
0 277.0 134.0
0 330.0 134.0
0 381.0 136.0
0 313.0 138.0
0 476.0 138.0
0 254.0 140.0
0 295.0 141.0
0 241.0 144.0
0 223.0 145.0
0 436.0 146.0
0 271.0 149.0
0 313.0 149.0
0 261.0 150.0
0 487.0 150.0
0 326.0 151.0
0 200.0 152.0
0 610.0 152.0
0 195.0 153.0
0 248.0 153.0
0 187.0 154.0
0 180.0 155.0
0 299.0 155.0
0 362.0 155.0
0 213.0 156.0
0 339.0 157.0
0 278.0 158.0
0 348.0 158.0
0 311.0 159.0
0 178.0 160.0
0 223.0 160.0
0 268.0 160.0
0 228.0 161.0
0 257.0 161.0
0 426.0 161.0
0 334.0 164.0
0 274.0 165.0
0 285.0 166.0
0 298.0 166.0
0 218.0 168.0
0 263.0 168.0
0 349.0 168.0
0 456.0 168.0
0 309.0 169.0
0 276.0 170.0
0 414.0 170.0
0 209.0 172.0
0 246.0 172.0
0 291.0 173.0
0 344.0 173.0
0 508.0 175.0
0 204.0 176.0
0 317.0 177.0
0 221.0 178.0
0 277.0 179.0
0 310.0 179.0
0 414.0 181.0
0 211.0 182.0
0 305.0 182.0
0 407.0 182.0
0 198.0 183.0
0 257.0 184.0
0 331.0 184.0
0 291.0 185.0
0 319.0 185.0
0 230.0 186.0
0 247.0 186.0
0 205.0 187.0
0 422.0 187.0
0 279.0 188.0
0 450.0 189.0
0 482.0 189.0
0 197.0 193.0
0 204.0 193.0
0 381.0 193.0
0 140.0 194.0
0 269.0 194.0
0 310.0 194.0
0 325.0 194.0
0 338.0 194.0
0 414.0 194.0
0 221.0 196.0
0 124.0 197.0
0 294.0 198.0
0 240.0 199.0
0 338.0 199.0
0 373.0 199.0
0 279.0 200.0
0 353.0 200.0
0 431.0 200.0
0 159.0 202.0
0 411.0 202.0
0 320.0 203.0
0 448.0 203.0
0 197.0 204.0
0 203.0 205.0
0 228.0 205.0
0 307.0 205.0
0 363.0 206.0
0 403.0 206.0
0 212.0 207.0
0 286.0 208.0
0 320.0 208.0
0 382.0 209.0
0 496.0 209.0
0 556.0 209.0
0 233.0 211.0
0 88.0 212.0
0 238.0 212.0
0 243.0 212.0
0 81.0 213.0
0 206.0 213.0
0 306.0 214.0
0 497.0 214.0
0 100.0 215.0
0 319.0 215.0
0 331.0 215.0
0 397.0 215.0
0 367.0 216.0
0 217.0 217.0
0 381.0 219.0
0 200.0 220.0
0 266.0 220.0
0 231.0 221.0
0 246.0 221.0
0 362.0 221.0
0 391.0 222.0
0 236.0 223.0
0 289.0 223.0
0 294.0 224.0
0 301.0 226.0
0 533.0 227.0
0 194.0 228.0
0 219.0 228.0
0 398.0 228.0
0 346.0 229.0
0 313.0 230.0
0 384.0 230.0
0 243.0 231.0
0 318.0 231.0
0 233.0 232.0
0 323.0 232.0
0 203.0 233.0
0 337.0 234.0
0 371.0 234.0
0 543.0 234.0
0 279.0 235.0
0 291.0 235.0
0 224.0 236.0
0 185.0 238.0
0 219.0 238.0
0 262.0 238.0
0 197.0 239.0
0 384.0 239.0
0 395.0 239.0
0 238.0 242.0
0 363.0 242.0
0 210.0 243.0
0 332.0 243.0
0 371.0 243.0
0 228.0 244.0
0 191.0 245.0
0 289.0 245.0
0 233.0 246.0
0 266.0 246.0
0 261.0 247.0
0 350.0 247.0
0 362.0 247.0
0 333.0 248.0
0 383.0 248.0
0 391.0 249.0
0 272.0 250.0
0 372.0 250.0
0 37.0 251.0
0 173.0 251.0
0 288.0 251.0
0 307.0 251.0
0 224.0 252.0
0 324.0 252.0
0 356.0 253.0
0 196.0 255.0
0 262.0 255.0
0 267.0 255.0
0 334.0 255.0
0 372.0 255.0
0 395.0 255.0
0 35.0 256.0
0 272.0 256.0
0 311.0 257.0
0 238.0 258.0
0 183.0 259.0
0 218.0 259.0
0 233.0 259.0
0 385.0 259.0
0 390.0 259.0
0 244.0 260.0
0 260.0 260.0
0 334.0 260.0
0 365.0 262.0
0 161.0 263.0
0 378.0 263.0
0 313.0 264.0
0 30.0 265.0
0 336.0 265.0
0 391.0 265.0
0 222.0 266.0
0 289.0 266.0
0 260.0 267.0
0 355.0 267.0
0 318.0 269.0
0 245.0 270.0
0 376.0 270.0
0 338.0 271.0
0 386.0 271.0
0 27.0 272.0
0 237.0 272.0
0 311.0 272.0
0 226.0 273.0
0 261.0 274.0
0 543.0 274.0
0 273.0 275.0
0 376.0 275.0
0 285.0 276.0
0 584.0 279.0
0 235.0 280.0
0 324.0 280.0
0 352.0 280.0
0 374.0 280.0
0 228.0 281.0
0 300.0 281.0
0 312.0 281.0
0 340.0 282.0
0 387.0 282.0
0 369.0 284.0
0 239.0 285.0
0 264.0 285.0
0 231.0 286.0
0 275.0 286.0
0 254.0 288.0
0 351.0 289.0
0 20.0 290.0
0 244.0 290.0
0 327.0 290.0
0 231.0 291.0
0 342.0 291.0
0 371.0 291.0
0 312.0 292.0
0 299.0 293.0
0 167.0 295.0
0 260.0 295.0
0 380.0 295.0
0 245.0 296.0
0 276.0 298.0
0 294.0 298.0
0 163.0 300.0
0 331.0 300.0
0 347.0 300.0
0 256.0 301.0
0 358.0 302.0
0 234.0 303.0
0 268.0 303.0
0 158.0 304.0
0 278.0 305.0
0 311.0 305.0
0 370.0 306.0
0 293.0 307.0
0 381.0 307.0
0 250.0 308.0
0 268.0 308.0
0 241.0 310.0
0 278.0 310.0
0 340.0 311.0
0 346.0 311.0
0 147.0 312.0
0 262.0 312.0
0 312.0 312.0
0 335.0 312.0
0 287.0 313.0
0 361.0 313.0
0 299.0 314.0
0 376.0 314.0
0 312.0 317.0
0 337.0 317.0
0 110.0 318.0
0 133.0 319.0
0 279.0 319.0
0 367.0 319.0
0 253.0 320.0
0 241.0 321.0
0 294.0 322.0
0 311.0 322.0
0 355.0 324.0
0 375.0 325.0
0 247.0 328.0
0 326.0 328.0
0 273.0 329.0
0 350.0 329.0
0 281.0 330.0
0 311.0 331.0
0 345.0 331.0
0 293.0 332.0
0 332.0 334.0
0 259.0 335.0
0 369.0 335.0
0 312.0 336.0
0 364.0 336.0
0 340.0 337.0
0 283.0 338.0
0 249.0 339.0
0 293.0 340.0
0 312.0 341.0
0 350.0 342.0
0 321.0 345.0
0 366.0 345.0
0 312.0 346.0
0 256.0 347.0
0 285.0 347.0
0 302.0 347.0
0 339.0 348.0
0 265.0 349.0
0 364.0 350.0
0 312.0 351.0
0 271.0 352.0
0 276.0 352.0
0 325.0 352.0
0 286.0 355.0
0 296.0 356.0
0 312.0 356.0
0 360.0 358.0
0 337.0 359.0
0 348.0 359.0
0 263.0 361.0
0 312.0 362.0
0 301.0 363.0
0 289.0 365.0
0 275.0 368.0
0 348.0 368.0
0 280.0 370.0
0 289.0 370.0
0 329.0 371.0
0 334.0 371.0
0 302.0 372.0
0 317.0 373.0
0 290.0 380.0
0 306.0 380.0
1 587.0 16.0
1 395.0 28.0
1 149.0 40.0
1 580.0 43.0
1 442.0 46.0
1 579.0 48.0
1 252.0 51.0
1 228.0 54.0
1 575.0 56.0
1 172.0 57.0
1 267.0 62.0
1 231.0 64.0
1 122.0 65.0
1 183.0 65.0
1 272.0 65.0
1 193.0 73.0
1 286.0 75.0
1 560.0 76.0
1 185.0 77.0
1 471.0 80.0
1 202.0 81.0
1 558.0 81.0
1 190.0 82.0
1 292.0 82.0
1 549.0 82.0
1 212.0 88.0
1 281.0 88.0
1 543.0 88.0
1 300.0 90.0
1 534.0 90.0
1 292.0 92.0
1 202.0 96.0
1 520.0 96.0
1 538.0 97.0
1 225.0 98.0
1 308.0 100.0
1 353.0 101.0
1 79.0 102.0
1 519.0 102.0
1 562.0 102.0
1 300.0 103.0
1 505.0 103.0
1 576.0 105.0
1 213.0 106.0
1 235.0 106.0
1 390.0 106.0
1 520.0 107.0
1 532.0 108.0
1 316.0 110.0
1 485.0 110.0
1 555.0 111.0
1 221.0 115.0
1 246.0 115.0
1 382.0 118.0
1 605.0 118.0
1 323.0 119.0
1 466.0 119.0
1 238.0 122.0
1 318.0 122.0
1 394.0 122.0
1 461.0 122.0
1 257.0 125.0
1 479.0 127.0
1 250.0 128.0
1 374.0 128.0
1 323.0 131.0
1 443.0 133.0
1 54.0 134.0
1 268.0 135.0
1 94.0 137.0
1 387.0 138.0
1 64.0 141.0
1 431.0 141.0
1 338.0 142.0
1 386.0 143.0
1 279.0 144.0
1 271.0 147.0
1 283.0 149.0
1 568.0 150.0
1 276.0 152.0
1 288.0 152.0
1 334.0 153.0
1 267.0 160.0
1 295.0 160.0
1 337.0 160.0
1 106.0 162.0
1 287.0 162.0
1 408.0 163.0
1 306.0 168.0
1 340.0 168.0
1 354.0 171.0
1 475.0 172.0
1 299.0 173.0
1 280.0 174.0
1 355.0 176.0
1 344.0 177.0
1 308.0 181.0
1 224.0 182.0
1 219.0 183.0
1 234.0 183.0
1 288.0 183.0
1 214.0 184.0
1 245.0 185.0
1 387.0 186.0
1 293.0 187.0
1 317.0 188.0
1 256.0 189.0
1 336.0 191.0
1 455.0 191.0
1 465.0 192.0
1 196.0 193.0
1 268.0 193.0
1 324.0 194.0
1 378.0 195.0
1 255.0 198.0
1 356.0 198.0
1 441.0 198.0
1 576.0 198.0
1 279.0 199.0
1 340.0 199.0
1 392.0 200.0
1 477.0 200.0
1 312.0 201.0
1 372.0 201.0
1 459.0 201.0
1 262.0 202.0
1 367.0 202.0
1 252.0 203.0
1 386.0 203.0
1 337.0 204.0
1 467.0 204.0
1 414.0 205.0
1 477.0 205.0
1 363.0 207.0
1 253.0 208.0
1 397.0 208.0
1 297.0 209.0
1 323.0 209.0
1 375.0 210.0
1 430.0 210.0
1 477.0 210.0
1 277.0 212.0
1 362.0 212.0
1 352.0 213.0
1 408.0 213.0
1 331.0 214.0
1 388.0 214.0
1 263.0 215.0
1 308.0 216.0
1 336.0 216.0
1 253.0 217.0
1 400.0 217.0
1 273.0 218.0
1 631.0 218.0
1 417.0 219.0
1 466.0 219.0
1 475.0 219.0
1 287.0 220.0
1 317.0 221.0
1 361.0 223.0
1 378.0 223.0
1 436.0 225.0
1 276.0 226.0
1 297.0 226.0
1 431.0 228.0
1 460.0 228.0
1 473.0 228.0
1 370.0 229.0
1 391.0 229.0
1 405.0 229.0
1 268.0 230.0
1 258.0 231.0
1 289.0 231.0
1 445.0 231.0
1 303.0 232.0
1 350.0 232.0
1 398.0 232.0
1 338.0 234.0
1 283.0 235.0
1 370.0 235.0
1 376.0 235.0
1 295.0 236.0
1 360.0 236.0
1 274.0 237.0
1 420.0 237.0
1 440.0 238.0
1 388.0 239.0
1 371.0 241.0
1 454.0 241.0
1 262.0 242.0
1 283.0 243.0
1 442.0 243.0
1 410.0 244.0
1 628.0 244.0
1 302.0 246.0
1 341.0 246.0
1 371.0 246.0
1 456.0 246.0
1 268.0 247.0
1 323.0 247.0
1 520.0 247.0
1 528.0 247.0
1 291.0 248.0
1 360.0 248.0
1 423.0 248.0
1 461.0 249.0
1 442.0 250.0
1 375.0 251.0
1 277.0 252.0
1 400.0 254.0
1 239.0 255.0
1 311.0 255.0
1 253.0 256.0
1 339.0 256.0
1 411.0 256.0
1 265.0 257.0
1 278.0 257.0
1 450.0 257.0
1 292.0 258.0
1 297.0 258.0
1 441.0 258.0
1 461.0 258.0
1 359.0 260.0
1 422.0 260.0
1 347.0 262.0
1 292.0 263.0
1 302.0 264.0
1 380.0 264.0
1 248.0 265.0
1 307.0 265.0
1 435.0 265.0
1 296.0 268.0
1 359.0 268.0
1 461.0 268.0
1 369.0 269.0
1 222.0 270.0
1 345.0 270.0
1 238.0 272.0
1 358.0 273.0
1 300.0 274.0
1 388.0 274.0
1 446.0 274.0
1 217.0 275.0
1 273.0 275.0
1 338.0 275.0
1 435.0 275.0
1 288.0 276.0
1 451.0 276.0
1 407.0 278.0
1 412.0 278.0
1 338.0 280.0
1 358.0 280.0
1 365.0 280.0
1 389.0 280.0
1 381.0 281.0
1 284.0 282.0
1 321.0 282.0
1 426.0 282.0
1 224.0 283.0
1 415.0 283.0
1 460.0 283.0
1 300.0 285.0
1 338.0 285.0
1 358.0 285.0
1 433.0 287.0
1 277.0 288.0
1 378.0 288.0
1 337.0 290.0
1 290.0 291.0
1 295.0 291.0
1 347.0 291.0
1 469.0 292.0
1 279.0 293.0
1 417.0 293.0
1 444.0 293.0
1 308.0 294.0
1 338.0 295.0
1 327.0 296.0
1 404.0 296.0
1 356.0 297.0
1 428.0 297.0
1 279.0 298.0
1 338.0 300.0
1 456.0 301.0
1 479.0 302.0
1 439.0 304.0
1 280.0 305.0
1 388.0 305.0
1 404.0 305.0
1 414.0 305.0
1 379.0 306.0
1 432.0 306.0
1 360.0 307.0
1 337.0 308.0
1 300.0 309.0
1 329.0 309.0
1 424.0 309.0
1 487.0 312.0
1 311.0 315.0
1 389.0 315.0
1 284.0 316.0
1 318.0 316.0
1 411.0 316.0
1 430.0 316.0
1 289.0 317.0
1 359.0 317.0
1 378.0 317.0
1 421.0 318.0
1 476.0 320.0
1 335.0 321.0
1 299.0 322.0
1 395.0 325.0
1 433.0 325.0
1 495.0 325.0
1 376.0 326.0
1 409.0 326.0
1 317.0 327.0
1 347.0 328.0
1 359.0 328.0
1 288.0 329.0
1 332.0 329.0
1 419.0 330.0
1 314.0 335.0
1 294.0 336.0
1 394.0 336.0
1 406.0 337.0
1 263.0 338.0
1 359.0 338.0
1 365.0 338.0
1 370.0 338.0
1 375.0 338.0
1 333.0 340.0
1 344.0 340.0
1 351.0 342.0
1 428.0 342.0
1 308.0 344.0
1 294.0 345.0
1 392.0 345.0
1 413.0 346.0
1 331.0 347.0
1 359.0 347.0
1 375.0 347.0
1 402.0 351.0
1 339.0 352.0
1 374.0 352.0
1 502.0 352.0
1 175.0 353.0
1 300.0 353.0
1 483.0 353.0
1 350.0 354.0
1 388.0 355.0
1 488.0 355.0
1 327.0 356.0
1 423.0 356.0
1 311.0 357.0
1 176.0 358.0
1 358.0 358.0
1 374.0 360.0
1 326.0 361.0
1 385.0 362.0
1 173.0 363.0
1 358.0 363.0
1 398.0 364.0
1 306.0 365.0
1 340.0 366.0
1 385.0 367.0
1 173.0 368.0
1 325.0 368.0
1 349.0 368.0
1 373.0 368.0
1 355.0 371.0
1 314.0 372.0
1 373.0 373.0
1 292.0 374.0
1 332.0 374.0
1 407.0 375.0
1 394.0 378.0
1 343.0 379.0
1 362.0 379.0
1 323.0 380.0
1 372.0 380.0
1 287.0 381.0
1 352.0 382.0
1 328.0 383.0
1 415.0 387.0
1 165.0 388.0
1 371.0 390.0
1 392.0 391.0
1 345.0 393.0
1 355.0 395.0
1 387.0 396.0
1 273.0 397.0
1 318.0 398.0
1 372.0 399.0
