0 0 0 103.16927352720487
0 1 1 102.20676533428986
0 3 2 104.26769897631034
0 4 3 102.84666487339669
0 5 5 102.24825021653655
0 6 6 113.53177532596573
0 7 7 122.74781834054285
0 8 8 112.8125941801904
0 9 9 140.10943042829993
0 10 10 116.67821935626192
0 11 12 121.1024665115605
0 12 13 108.0236377942008
0 15 15 113.93689660045663
0 19 16 205.00067143362136
0 17 17 120.25283375734628
0 13 18 113.75866833350545
0 14 19 110.20601500193483
0 20 20 190.3206243552358
0 18 21 122.44926617144091
0 21 22 111.89108030090757
0 25 23 114.78934643781984
0 23 24 106.9031312841101
0 28 26 167.4014995995866
0 29 27 122.29778372472688
0 26 28 109.09724863493638
0 24 29 143.25718778583612
0 31 30 118.3635380936682
0 34 31 164.77655518210045
0 32 32 103.03014782858024
0 35 33 205.51882668231386
0 37 34 127.78843619800593
0 39 36 115.55330808324828
0 42 38 184.23361800210617
0 40 39 102.3433188918686
0 41 40 110.44806696975802
0 46 41 193.26980022286162
0 58 42 283.02477164478177
0 33 43 167.71221965269615
0 47 44 117.20735024608197
0 54 46 150.09809437726733
0 49 47 275.0554915711341
0 52 48 140.5312930856847
0 51 50 106.96069460249124
0 55 51 303.73511351403806
0 57 53 349.73736160880867
0 73 54 311.1669705437525
0 56 55 255.2530257941904
0 59 56 107.32010680314488
0 77 58 290.49517127471404
0 62 60 267.97627329618155
0 74 61 160.47899930192486
0 66 62 138.1216536679319
0 67 63 295.8960276685767
0 72 64 142.2006446707865
0 69 65 104.57042999228557
0 79 66 180.19149866230183
0 61 68 193.3858666340538
0 81 69 218.3898779931326
0 71 70 228.6199711697535
0 75 71 105.9215488577925
0 80 72 314.01451163716956
0 76 75 267.0680249812122
0 87 81 158.17160243013768
0 86 82 103.95449532189107
0 82 83 189.03466578691243
0 94 84 300.0940051104938
0 97 85 177.58848798533074
0 95 86 337.0140382206804
0 92 87 103.18841135930053
0 100 88 147.9964848971783
0 102 89 140.86835993119647
0 99 90 104.94752034727755
0 101 91 118.10273291991926
0 89 92 285.09935355994054
0 96 94 152.1513996215898
0 108 96 305.9918141814446
0 109 97 435.8433337831907
0 103 98 105.17972605851998
0 104 99 108.82639666149797
0 105 100 138.72031188310172
0 113 102 116.41784872133533
0 111 103 121.09588451800713
0 110 104 109.7310436944607
0 114 106 114.54062067286507
0 116 107 115.1042367034604
0 112 108 119.41116399225736
0 115 109 242.6453600837106
0 122 110 403.0034746201398
0 118 111 123.79445294063565
0 117 112 109.91857403435283
0 128 113 226.30334860437497
0 127 114 255.5297131903617
0 121 115 102.57690509218047
0 123 116 128.41687083719268
0 129 118 257.829247682936
0 125 119 115.32871973983352
0 124 121 102.69538713465012
0 133 122 281.4429380405738
0 130 123 102.54692300235335
0 131 124 116.67515217054924
0 134 125 161.02185029834774
0 135 126 107.63379856642376
0 142 129 264.7426351107776
0 137 130 111.42441162730678
0 138 131 109.60815442288067
0 139 132 111.04680770848327
0 141 133 118.51879480999337
0 145 134 130.17766924217585
0 144 135 112.70354914539
0 136 136 159.4046436254213
0 146 137 109.39287118716763
0 143 139 216.40112929056116
0 147 140 192.62522516378445
0 152 143 128.49821095141144
0 151 145 116.715330472939
0 149 146 200.72868948178817
0 157 147 103.38354449958189
0 150 148 341.0429209095323
0 155 150 118.55039263084927
0 156 151 112.77795337370262
0 154 152 111.70433573961407
0 164 153 331.7938549808386
0 158 154 107.95849870573089
0 159 155 162.2841325750563
0 160 156 112.6375229919718
0 178 157 113.43718772973912
0 163 158 134.73793499847693
0 175 159 198.3943004322946
0 162 160 151.57700576521867
0 166 161 132.3814176978034
0 167 163 169.71610524104142
0 169 164 130.08404218802931
0 174 165 105.85060436655094
0 170 166 120.27709329057889
0 173 167 121.72964887430729
0 176 168 161.96131204639929
0 172 169 107.27094141331371
0 183 170 161.63256324827074
0 177 171 103.7882245154689
0 192 173 257.24739629871806
0 179 174 121.03942066894106
0 180 175 115.22306711792889
0 182 176 112.25730700215091
0 184 177 217.91480286445756
0 193 178 144.31434023252572
0 186 179 139.9242882318158
0 195 180 104.27441276088078
0 185 181 107.44919397170196
0 191 182 130.33667712485203
0 190 184 102.42885187691724
0 196 186 104.29589490252218
0 194 187 109.64285982696688
0 202 188 105.30835265823745
0 204 190 160.03898044167022
0 205 191 123.09480283514269
0 198 192 271.4295190240894
0 200 193 125.45400312161614
0 199 194 106.88054817541894
0 206 195 229.33469735850892
0 218 196 152.8692432172379
0 212 197 186.98706276162193
0 214 198 105.77245238378042
0 213 199 114.11164038013236
0 209 200 123.52037898041081
0 217 201 187.34388164333876
0 216 202 142.53974570699805
0 207 204 147.18413193536088
0 219 205 107.79112190885938
0 210 206 108.85494404135045
0 211 207 116.16587611602314
0 224 208 139.56639225978432
0 215 209 123.59226378523674
0 226 210 102.57514279906029
0 227 211 103.05029111317081
0 223 212 130.25174978166788
0 232 213 145.58366609956553
0 225 214 115.51281224187329
0 233 215 128.04126329774243
0 203 216 175.46245113192583
0 235 217 106.29991713820002
0 221 218 115.91787507037066
0 222 219 122.51765463464876
0 228 220 129.5340763193494
0 234 221 117.64858175222955
0 230 222 120.41034156278654
0 237 223 183.46067084482567
0 229 224 340.6158170228161
0 242 225 131.2564871453306
0 243 226 104.48943148815151
0 236 227 115.21092935711386
0 251 228 250.79460370268941
0 249 229 134.44047974207504
0 259 230 103.72391062238616
0 220 231 329.36380814024824
0 247 232 133.6838481838928
0 253 233 126.88077127269372
0 250 234 198.51608856517325
0 246 235 127.29121232298426
0 244 236 341.1408031030664
0 240 237 122.28046449506296
0 248 238 114.20630701775345
0 258 239 104.99447342041267
0 252 240 206.29398192365647
0 238 241 103.45726709341547
0 245 242 112.69011972860415
0 254 243 140.70382540571654
0 257 244 177.3124005160457
0 265 246 104.41746082435147
0 262 247 125.28201344727574
0 266 249 119.8457148261606
0 271 250 104.8833357485093
0 275 251 104.85513590430624
0 272 252 135.75009681283882
0 267 253 116.4804325182076
0 269 254 116.20598608621448
0 263 255 140.39807366649072
0 268 256 106.60956156691226
0 273 258 134.0041789404405
0 276 259 103.41287686703392
0 278 260 123.02356754220011
0 282 261 257.13359126569344
0 270 263 248.62230679615448
0 281 264 108.89424147248405
0 283 265 108.60623235219997
0 284 266 103.89800452384306
0 286 267 197.1198571290098
0 277 268 407.4165516519561
0 285 269 163.942287820008
0 280 270 119.56876547997186
0 289 273 108.44446857594214
0 290 274 118.4113560512421
0 291 275 123.23235246481732
0 303 276 170.41204710409903
0 304 277 119.0606415864518
0 288 278 118.50585235633744
0 292 279 150.04384905051558
0 296 280 122.40057880713464
0 299 281 108.4232685992433
0 311 282 175.59226696462997
0 306 283 105.48495197343351
0 320 284 139.90241063167915
0 298 285 107.38777683344489
0 295 286 155.14491534044146
0 294 287 158.71293667371975
0 293 288 171.97109217201807
0 315 289 179.49799197431662
0 309 290 110.60058369617948
0 308 291 104.84898272423236
0 302 292 125.26636399142761
0 323 293 114.15534602736412
0 310 295 179.41284195287034
0 319 296 102.53797315406217
0 305 297 120.48701781126663
0 325 298 104.45929019777027
0 314 299 137.32296271971433
0 307 300 130.7911566452816
0 313 301 220.77566043174593
0 317 304 120.62854593891761
0 312 305 134.21648247104267
0 329 306 141.470358728188
0 327 307 131.7140545652028
0 321 308 166.49732329499489
0 324 309 195.4371710259999
0 331 310 154.1712352911122
0 340 311 118.37888842688218
0 330 313 105.7974716766656
0 349 314 225.9151063246326
0 334 315 163.62910381717
0 338 316 112.50107792307593
0 326 317 118.7898614792245
0 339 318 212.08111059444454
0 333 319 125.87128373326854
0 344 320 103.63348772014265
0 336 321 155.60723743807952
0 356 322 222.55285545685228
0 355 323 103.87719405783291
0 342 324 181.52321518625502
0 361 326 170.8090422864273
0 337 327 205.06421542893705
0 348 328 156.934117236143
0 364 329 147.49818102278388
0 363 330 119.7559172130872
0 346 331 131.21687162733105
0 335 332 305.78674415035687
0 359 333 139.57078107468865
0 360 334 120.5592520579315
0 353 335 170.20325823905756
0 358 336 234.7494868200501
0 357 337 149.43145168688721
0 351 338 136.45150462747398
0 371 339 257.5721743957794
0 395 340 406.33899563482447
0 376 341 144.47801326473135
0 375 342 109.57658407871492
0 368 343 108.12268896125188
0 362 344 148.97754079491907
0 354 345 222.91289741182817
0 365 346 200.45417932980442
0 374 348 210.67294554456376
0 379 349 347.54094693072284
0 380 350 110.44111629601971
0 383 351 117.97322126033325
0 367 352 220.33532116739573
0 370 353 103.6505376636381
0 388 354 128.48075398094142
0 389 355 112.49002725754427
0 373 356 168.95708986262457
0 384 357 204.02547774418608
0 404 358 223.92455666791952
0 382 359 108.14186854779658
0 392 360 115.77783804561079
0 387 361 180.59690615658843
0 372 362 193.07507309414905
0 394 364 135.07553327861785
0 385 365 125.52382722361808
0 400 366 112.06397176000222
0 399 368 103.70911873728342
0 352 369 233.23796284408743
0 393 370 206.00193782006664
0 391 371 106.75219797763278
0 386 372 240.2426194399413
0 403 373 120.03553870486347
0 405 374 115.00191930159356
0 390 375 127.79179429876326
0 378 376 362.6012636957102
0 415 377 108.52857919114032
0 402 378 114.58607210804514
0 396 379 152.48077769012366
0 407 380 113.85092662752747
0 421 381 105.39048061762286
0 401 382 149.79658480326648
0 411 383 190.02926120718732
0 413 384 104.09109916849798
0 420 385 121.94856129517197
0 406 386 186.83804867727224
0 410 387 103.31804489821607
0 417 388 108.94342793936649
0 422 389 105.81008252348593
0 425 390 125.94411642410395
0 429 391 111.9932947740117
0 433 392 126.2235559901135
0 432 393 125.53376415968509
0 430 394 111.24518003988648
0 416 395 211.02151550287584
0 409 396 131.0918583682325
0 418 397 125.37894376792767
0 423 398 103.85743344267824
0 435 399 107.33433302618336
0 431 400 109.84155770437569
0 428 401 126.32296700721801
0 443 402 124.43468316439028
0 440 403 143.11086620325625
0 442 404 125.73997664355856
0 454 405 199.45105006172358
0 437 406 182.06483191260133
0 424 407 116.43078349475921
0 439 408 169.7888783391366
0 445 409 162.45632898546907
0 426 410 106.83234923648361
0 449 411 151.11563552462445
0 447 412 114.68123783872979
0 436 413 224.83559017007923
0 448 414 104.9900712223648
0 452 415 148.1556287861347
0 453 416 106.91062477326312
0 463 417 119.46344748258075
0 446 418 238.42852089672527
0 460 419 178.8907190851559
0 441 420 228.06098122867647
0 471 421 186.02294560221117
0 456 422 162.67648188154254
0 444 423 110.5787583556675
0 451 424 207.79114490678901
0 468 425 104.14506549812819
0 461 426 132.93700228502587
0 464 427 148.80948621873551
0 466 429 152.20719362742986
0 470 430 195.80581569747906
0 458 432 177.9059874874647
0 474 433 109.2752073398229
0 480 434 114.70322282029422
0 467 435 114.80061783655798
0 483 436 197.4685230846406
0 472 438 156.8758461060002
0 477 439 105.25719578665456
0 473 440 109.7789850380701
0 476 441 220.88781618662773
0 482 442 114.3148924897166
0 479 443 168.59549610522987
0 459 444 232.13021594459607
0 475 446 130.886243788698
0 485 447 187.74657437133908
0 491 448 213.36750493017317
0 489 449 191.89264307009634
0 487 450 444.13575681623587
0 492 451 214.5410597810832
0 481 452 178.2208378130523
0 484 453 114.26186572779315
0 486 454 170.11879567948233
0 494 455 109.04435813041738
0 493 456 102.39520647440395
0 490 458 154.97433308180464
0 497 459 203.0395268466608
0 498 460 116.3659607902324
0 499 462 163.10710117779368
0 516 463 197.9976495974127
0 495 464 141.08825180644794
0 500 465 159.79694990534412
0 501 466 111.4109153799271
0 512 467 115.3933520061313
0 506 468 111.06899469190121
0 513 469 151.41569186793495
0 502 470 108.64280354788625
0 505 471 104.4784737384217
0 507 473 104.71488016301782
0 511 474 112.29296648268448
0 503 475 178.0984884593623
0 504 476 234.61407306923965
0 510 477 105.04825601915877
0 515 479 118.36647756635953
0 514 481 170.1329072071152
0 517 482 109.28473841373261
0 521 483 205.98395514059447
0 520 485 123.63717506878183
0 523 486 248.0418334752517
0 518 487 111.5048797793884
0 524 488 180.57004379711623
0 527 489 106.79959714974726
0 528 490 123.02245796395724
0 530 491 306.4716528331183
0 543 493 203.2201690847076
0 519 494 123.36827754674047
0 526 495 128.50789600653277
0 534 496 104.21038835681146
0 525 497 136.51632434142525
0 532 498 159.21328374190148
0 536 499 102.62724694163792
0 540 500 104.026196629984
0 547 501 116.1520833996807
0 541 502 149.33543161585408
0 535 503 185.9523492848846
0 542 504 104.19781940751163
0 546 505 110.01385302936492
0 539 508 351.5454379253282
0 545 509 161.1206175458545
0 549 511 103.48075620100926
0 548 512 227.58125290161684
0 558 513 110.5016950795797
0 557 514 107.35209363321403
0 537 515 147.06087156527835
0 554 516 105.90078895924162
0 555 517 113.80228923004792
0 538 518 238.08064936700552
0 553 519 164.7269031593638
0 556 520 104.69555745095529
0 565 521 163.4725061434159
0 563 522 105.63288596448092
0 566 525 106.05092477466127
0 552 526 205.0274523299285
0 568 527 102.17080787951684
0 571 528 103.45874721129942
0 567 529 104.61112311754468
0 560 530 274.17004043290103
0 550 531 329.7000891890439
0 573 532 105.9778253556942
0 574 533 103.57286918403261
0 570 534 211.88027207516606
0 576 535 120.87769463115269
0 575 537 121.94093866639454
0 582 538 103.3188338627198
0 587 539 109.18879891069028
0 586 540 117.64998426748873
0 585 541 102.63174830078955
0 581 542 206.6947311386094
0 584 543 103.2848493228456
0 588 544 105.34220045765532
0 593 545 103.01300408074097
0 579 546 254.8905904165137
0 583 547 194.1427435903459
0 594 548 103.31356584426177
0 597 549 107.1005875231369
0 591 550 165.26095370408495
0 578 551 113.6051542774292
0 595 552 103.94041676987055
0 596 554 168.19786880594785
0 601 555 110.48583110063991
0 599 556 108.41168745268317
0 598 557 317.91543240025715
0 605 558 111.42313141524018
0 607 559 117.69318986318108
0 590 560 247.62208665524975
0 603 561 102.82793718854988
0 602 562 103.73553165491319
0 611 563 105.68376965883675
0 589 564 134.61509020787923
0 600 566 290.51124264207544
0 610 567 107.13659628408043
0 606 568 126.46062325282203
0 613 570 102.87069748402618
0 609 571 147.4955746182875
0 612 572 117.88139430878456
0 608 573 133.76438444937492
0 615 574 103.43990439037766
0 614 575 119.59499185934779
0 617 576 243.51838237482016
0 618 577 129.55211082975913
0 620 581 149.76086950700144
0 621 583 110.47387790979555
0 629 584 118.0321908482154
0 624 585 105.22893977484797
0 627 586 110.6415750430324
0 625 587 185.44630560167306
0 626 588 102.56677743638201
0 616 589 208.40995450617217
0 623 590 148.79366228929632
0 628 592 108.176788398429
0 630 594 150.10131730841752
0 632 596 105.77073861850705
0 631 597 251.42587220890454
0 634 598 106.53719212675077
0 635 599 102.63815886753338
0 636 600 137.9796039213106
0 638 601 107.48911492115121
0 622 602 102.21695279571372
0 639 603 111.24905276732517
0 637 604 227.32182981622694
0 644 605 103.279826367529
0 640 606 267.77163939507403
0 643 607 120.56977883416411
0 646 608 109.22628977907824
0 649 609 102.65362663612245
0 647 610 115.96287134666707
0 645 611 311.3964588087573
0 648 612 436.46474611122903
0 650 613 106.76696026089063
0 651 614 114.4126197738496
0 652 615 103.22497444942518
0 653 616 111.26130711551893

0 1008.0 43.0
0 689.0 67.0
0 252.0 96.0
0 766.0 99.0
0 267.0 103.0
0 444.0 111.0
0 293.0 124.0
0 479.0 133.0
0 309.0 137.0
0 488.0 142.0
0 326.0 150.0
0 473.0 150.0
0 497.0 152.0
0 490.0 156.0
0 312.0 159.0
0 942.0 162.0
0 960.0 162.0
0 327.0 163.0
0 342.0 163.0
0 507.0 164.0
0 319.0 166.0
0 665.0 166.0
0 499.0 171.0
0 930.0 175.0
0 360.0 176.0
0 487.0 176.0
0 944.0 176.0
0 917.0 177.0
0 520.0 178.0
0 663.0 178.0
0 507.0 183.0
0 335.0 184.0
0 348.0 186.0
0 487.0 187.0
0 894.0 187.0
0 496.0 190.0
0 380.0 192.0
0 490.0 192.0
0 921.0 192.0
0 557.0 193.0
0 533.0 195.0
0 846.0 195.0
0 878.0 196.0
0 676.0 197.0
0 518.0 200.0
0 904.0 201.0
0 506.0 202.0
0 827.0 202.0
0 693.0 206.0
0 867.0 206.0
0 398.0 207.0
0 853.0 208.0
0 441.0 209.0
0 806.0 209.0
0 848.0 210.0
0 665.0 211.0
0 546.0 212.0
0 840.0 214.0
0 877.0 215.0
0 953.0 215.0
0 792.0 216.0
0 516.0 217.0
0 392.0 218.0
0 811.0 218.0
0 684.0 220.0
0 417.0 222.0
0 850.0 222.0
0 976.0 223.0
0 376.0 225.0
0 390.0 226.0
0 652.0 226.0
0 556.0 227.0
0 773.0 227.0
0 946.0 227.0
0 798.0 228.0
0 819.0 228.0
0 768.0 229.0
0 843.0 230.0
0 978.0 232.0
0 966.0 234.0
0 528.0 235.0
0 541.0 238.0
0 436.0 239.0
0 671.0 240.0
0 752.0 240.0
0 646.0 242.0
0 798.0 242.0
0 424.0 244.0
0 824.0 245.0
0 632.0 247.0
0 568.0 248.0
0 651.0 248.0
0 668.0 248.0
0 804.0 250.0
0 537.0 251.0
0 627.0 252.0
0 781.0 252.0
0 666.0 253.0
0 456.0 255.0
0 437.0 256.0
0 548.0 257.0
0 625.0 257.0
0 530.0 259.0
0 807.0 259.0
0 442.0 261.0
0 632.0 262.0
0 642.0 264.0
0 808.0 264.0
0 554.0 265.0
0 761.0 266.0
0 713.0 268.0
0 579.0 269.0
0 474.0 271.0
0 638.0 272.0
0 736.0 276.0
0 460.0 277.0
0 562.0 277.0
0 762.0 277.0
0 745.0 279.0
0 480.0 280.0
0 731.0 280.0
0 442.0 281.0
0 697.0 283.0
0 468.0 285.0
0 491.0 286.0
0 559.0 287.0
0 590.0 291.0
0 728.0 293.0
0 616.0 297.0
0 683.0 299.0
0 455.0 300.0
0 484.0 300.0
0 507.0 300.0
0 567.0 301.0
0 753.0 304.0
0 490.0 306.0
0 740.0 308.0
0 522.0 312.0
0 574.0 313.0
0 714.0 313.0
0 579.0 315.0
0 600.0 315.0
0 471.0 318.0
0 589.0 318.0
0 728.0 318.0
0 505.0 319.0
0 560.0 319.0
0 820.0 320.0
0 666.0 321.0
0 621.0 323.0
0 511.0 324.0
0 520.0 325.0
0 605.0 325.0
0 664.0 326.0
0 539.0 327.0
0 581.0 327.0
0 689.0 327.0
0 726.0 331.0
0 587.0 332.0
0 660.0 333.0
0 386.0 335.0
0 523.0 335.0
0 487.0 336.0
0 376.0 337.0
0 402.0 337.0
0 603.0 338.0
0 421.0 341.0
0 533.0 342.0
0 560.0 342.0
0 359.0 343.0
0 696.0 345.0
0 375.0 346.0
0 568.0 346.0
0 649.0 346.0
0 441.0 347.0
0 593.0 347.0
0 539.0 348.0
0 572.0 351.0
0 704.0 351.0
0 506.0 352.0
0 786.0 354.0
0 339.0 355.0
0 462.0 356.0
0 679.0 356.0
0 423.0 357.0
0 583.0 357.0
0 804.0 357.0
0 552.0 358.0
0 815.0 358.0
0 634.0 361.0
0 588.0 363.0
0 652.0 363.0
0 670.0 363.0
0 478.0 364.0
0 438.0 365.0
0 578.0 365.0
0 767.0 365.0
0 605.0 366.0
0 812.0 366.0
0 686.0 368.0
0 550.0 369.0
0 615.0 369.0
0 623.0 369.0
0 664.0 369.0
0 570.0 371.0
0 823.0 371.0
0 432.0 372.0
0 461.0 372.0
0 717.0 372.0
0 495.0 374.0
0 790.0 374.0
0 803.0 375.0
0 565.0 377.0
0 719.0 377.0
0 609.0 379.0
0 751.0 379.0
0 545.0 380.0
0 818.0 380.0
0 434.0 381.0
0 443.0 381.0
0 476.0 382.0
0 691.0 382.0
0 510.0 383.0
0 679.0 383.0
0 553.0 386.0
0 700.0 386.0
0 631.0 388.0
0 451.0 390.0
0 644.0 390.0
0 737.0 390.0
0 823.0 390.0
0 475.0 391.0
0 580.0 391.0
0 709.0 391.0
0 481.0 392.0
0 523.0 392.0
0 542.0 392.0
0 563.0 392.0
0 588.0 392.0
0 616.0 392.0
0 664.0 392.0
0 429.0 393.0
0 445.0 394.0
0 471.0 396.0
0 603.0 396.0
0 532.0 399.0
0 694.0 399.0
0 723.0 400.0
0 542.0 402.0
0 561.0 403.0
0 799.0 403.0
0 815.0 403.0
0 496.0 404.0
0 576.0 404.0
0 717.0 404.0
0 650.0 405.0
0 429.0 406.0
0 483.0 407.0
0 600.0 408.0
0 619.0 408.0
0 641.0 408.0
0 752.0 411.0
0 478.0 412.0
0 483.0 412.0
0 584.0 412.0
0 650.0 413.0
0 704.0 413.0
0 747.0 413.0
0 488.0 416.0
0 511.0 416.0
0 450.0 417.0
0 467.0 417.0
0 501.0 418.0
0 632.0 418.0
0 679.0 418.0
0 742.0 418.0
0 600.0 419.0
0 810.0 419.0
0 436.0 422.0
0 501.0 423.0
0 522.0 423.0
0 581.0 423.0
0 771.0 423.0
0 747.0 424.0
0 797.0 424.0
0 560.0 425.0
0 488.0 426.0
0 476.0 427.0
0 469.0 428.0
0 597.0 429.0
0 645.0 429.0
0 634.0 430.0
0 456.0 431.0
0 765.0 431.0
0 781.0 432.0
0 674.0 433.0
0 724.0 433.0
0 446.0 434.0
0 757.0 434.0
0 546.0 435.0
0 438.0 436.0
0 506.0 436.0
0 522.0 436.0
0 669.0 436.0
0 560.0 437.0
0 487.0 438.0
0 775.0 438.0
0 665.0 441.0
0 463.0 442.0
0 596.0 442.0
0 420.0 443.0
0 767.0 444.0
0 519.0 445.0
0 638.0 445.0
0 660.0 445.0
0 536.0 446.0
0 561.0 447.0
0 441.0 448.0
0 595.0 448.0
0 496.0 450.0
0 701.0 450.0
0 477.0 451.0
0 618.0 453.0
0 730.0 453.0
0 453.0 454.0
0 772.0 454.0
0 784.0 454.0
0 495.0 455.0
0 637.0 455.0
0 789.0 455.0
0 759.0 456.0
0 422.0 457.0
0 466.0 457.0
0 642.0 457.0
0 647.0 457.0
0 444.0 459.0
0 600.0 459.0
0 489.0 460.0
0 385.0 461.0
0 536.0 462.0
0 763.0 462.0
0 780.0 462.0
0 687.0 463.0
0 556.0 464.0
0 406.0 465.0
0 464.0 465.0
0 475.0 467.0
0 376.0 468.0
0 483.0 468.0
0 605.0 468.0
0 703.0 468.0
0 773.0 468.0
0 464.0 470.0
0 453.0 471.0
0 755.0 471.0
0 788.0 471.0
0 392.0 473.0
0 499.0 473.0
0 546.0 473.0
0 590.0 473.0
0 717.0 474.0
0 599.0 475.0
0 477.0 476.0
0 490.0 476.0
0 569.0 476.0
0 574.0 476.0
0 764.0 476.0
0 363.0 478.0
0 639.0 480.0
0 399.0 481.0
0 468.0 481.0
0 520.0 481.0
0 607.0 481.0
0 733.0 481.0
0 746.0 481.0
0 373.0 484.0
0 710.0 484.0
0 754.0 484.0
0 499.0 485.0
0 352.0 486.0
0 598.0 486.0
0 781.0 486.0
0 481.0 487.0
0 623.0 487.0
0 653.0 487.0
0 738.0 487.0
0 489.0 490.0
0 564.0 490.0
0 611.0 491.0
0 672.0 491.0
0 720.0 491.0
0 761.0 491.0
0 786.0 491.0
0 746.0 492.0
0 769.0 492.0
0 551.0 493.0
0 341.0 495.0
0 458.0 496.0
0 505.0 496.0
0 686.0 496.0
0 650.0 498.0
0 486.0 499.0
0 752.0 499.0
0 785.0 500.0
0 735.0 501.0
0 775.0 502.0
0 584.0 503.0
0 551.0 504.0
0 592.0 504.0
0 701.0 504.0
0 343.0 505.0
0 689.0 505.0
0 603.0 506.0
0 472.0 508.0
0 615.0 508.0
0 638.0 509.0
0 651.0 509.0
0 746.0 510.0
0 583.0 511.0
0 768.0 511.0
0 491.0 512.0
0 718.0 513.0
0 504.0 515.0
0 549.0 515.0
0 583.0 516.0
0 704.0 516.0
0 588.0 517.0
0 516.0 518.0
0 776.0 519.0
0 470.0 520.0
0 489.0 521.0
0 582.0 521.0
0 339.0 522.0
0 636.0 523.0
0 733.0 523.0
0 547.0 524.0
0 746.0 524.0
0 525.0 525.0
0 587.0 525.0
0 625.0 525.0
0 562.0 526.0
0 581.0 526.0
0 704.0 526.0
0 499.0 528.0
0 480.0 529.0
0 768.0 529.0
0 516.0 530.0
0 579.0 531.0
0 789.0 531.0
0 627.0 534.0
0 535.0 535.0
0 749.0 535.0
0 487.0 536.0
0 546.0 536.0
0 584.0 536.0
0 704.0 536.0
0 678.0 537.0
0 324.0 538.0
0 477.0 538.0
0 777.0 538.0
0 727.0 540.0
0 740.0 542.0
0 617.0 543.0
0 760.0 543.0
0 581.0 545.0
0 623.0 545.0
0 701.0 545.0
0 805.0 550.0
0 655.0 551.0
0 785.0 551.0
0 542.0 552.0
0 611.0 552.0
0 745.0 552.0
0 638.0 553.0
0 701.0 553.0
0 482.0 554.0
0 582.0 554.0
0 682.0 554.0
0 508.0 557.0
0 735.0 557.0
0 495.0 559.0
0 568.0 560.0
0 720.0 560.0
0 780.0 561.0
0 579.0 562.0
0 636.0 566.0
0 525.0 567.0
0 487.0 568.0
0 739.0 568.0
0 698.0 569.0
0 818.0 569.0
0 497.0 570.0
0 658.0 570.0
0 752.0 570.0
0 540.0 571.0
0 636.0 573.0
0 717.0 577.0
0 580.0 579.0
0 596.0 580.0
0 682.0 582.0
0 694.0 583.0
0 743.0 583.0
0 749.0 583.0
0 559.0 587.0
0 635.0 587.0
0 669.0 587.0
0 536.0 588.0
0 512.0 589.0
0 593.0 589.0
0 598.0 589.0
0 604.0 589.0
0 694.0 591.0
0 496.0 593.0
0 831.0 593.0
0 735.0 594.0
0 565.0 595.0
0 718.0 596.0
0 743.0 596.0
0 579.0 597.0
0 591.0 599.0
0 625.0 599.0
0 596.0 600.0
0 724.0 600.0
0 532.0 601.0
0 505.0 603.0
0 635.0 604.0
0 551.0 606.0
0 669.0 607.0
0 691.0 608.0
0 617.0 609.0
0 517.0 611.0
0 563.0 611.0
0 635.0 611.0
0 742.0 613.0
0 577.0 614.0
0 600.0 617.0
0 525.0 619.0
0 506.0 620.0
0 688.0 620.0
0 707.0 622.0
0 722.0 622.0
0 662.0 623.0
0 576.0 624.0
0 635.0 624.0
0 735.0 624.0
0 833.0 625.0
0 562.0 627.0
0 516.0 631.0
0 685.0 632.0
0 813.0 632.0
0 575.0 634.0
0 264.0 635.0
0 724.0 637.0
0 595.0 638.0
0 600.0 639.0
0 651.0 639.0
0 658.0 639.0
0 535.0 640.0
0 812.0 640.0
0 843.0 641.0
0 518.0 642.0
0 734.0 642.0
0 634.0 644.0
0 820.0 644.0
0 261.0 648.0
0 525.0 648.0
0 558.0 648.0
0 714.0 648.0
0 576.0 649.0
0 696.0 649.0
0 653.0 653.0
0 680.0 653.0
0 614.0 654.0
0 548.0 655.0
0 634.0 655.0
0 578.0 657.0
0 527.0 658.0
0 680.0 658.0
0 511.0 660.0
0 555.0 660.0
0 567.0 660.0
0 718.0 663.0
0 566.0 665.0
0 598.0 666.0
0 713.0 668.0
0 615.0 669.0
0 704.0 669.0
0 543.0 670.0
0 634.0 671.0
0 522.0 672.0
0 692.0 673.0
0 563.0 674.0
0 583.0 676.0
0 550.0 678.0
0 676.0 678.0
0 555.0 680.0
0 611.0 680.0
0 516.0 683.0
0 585.0 683.0
0 634.0 683.0
0 675.0 683.0
0 696.0 684.0
0 243.0 687.0
0 606.0 691.0
0 511.0 692.0
0 633.0 700.0
0 540.0 701.0
0 581.0 702.0
0 659.0 702.0
0 672.0 703.0
0 605.0 705.0
0 496.0 708.0
0 614.0 708.0
0 648.0 710.0
0 633.0 713.0
0 662.0 713.0
0 638.0 721.0
1 977.0 55.0
1 683.0 79.0
1 973.0 102.0
1 241.0 110.0
1 751.0 110.0
1 445.0 122.0
1 278.0 137.0
1 474.0 144.0
1 294.0 149.0
1 482.0 154.0
1 310.0 162.0
1 490.0 163.0
1 481.0 166.0
1 325.0 174.0
1 498.0 174.0
1 913.0 174.0
1 931.0 174.0
1 311.0 175.0
1 654.0 176.0
1 926.0 176.0
1 302.0 177.0
1 489.0 181.0
1 318.0 186.0
1 343.0 187.0
1 651.0 188.0
1 900.0 188.0
1 509.0 189.0
1 907.0 189.0
1 912.0 189.0
1 887.0 190.0
1 318.0 191.0
1 495.0 192.0
1 329.0 196.0
1 665.0 197.0
1 321.0 198.0
1 445.0 200.0
1 648.0 200.0
1 864.0 200.0
1 1063.0 201.0
1 362.0 202.0
1 566.0 204.0
1 520.0 205.0
1 890.0 205.0
1 342.0 207.0
1 656.0 208.0
1 367.0 210.0
1 765.0 210.0
1 505.0 211.0
1 790.0 212.0
1 837.0 213.0
1 352.0 216.0
1 379.0 216.0
1 672.0 216.0
1 751.0 216.0
1 492.0 219.0
1 761.0 219.0
1 642.0 221.0
1 737.0 221.0
1 823.0 221.0
1 532.0 222.0
1 368.0 223.0
1 347.0 224.0
1 727.0 226.0
1 639.0 227.0
1 768.0 227.0
1 839.0 227.0
1 373.0 228.0
1 757.0 228.0
1 846.0 230.0
1 398.0 231.0
1 599.0 231.0
1 637.0 232.0
1 661.0 232.0
1 801.0 234.0
1 499.0 236.0
1 540.0 237.0
1 791.0 240.0
1 829.0 240.0
1 866.0 240.0
1 812.0 241.0
1 700.0 243.0
1 381.0 244.0
1 653.0 244.0
1 737.0 244.0
1 841.0 244.0
1 395.0 246.0
1 416.0 247.0
1 523.0 247.0
1 384.0 249.0
1 651.0 249.0
1 867.0 249.0
1 857.0 250.0
1 403.0 252.0
1 149.0 254.0
1 685.0 254.0
1 771.0 254.0
1 525.0 255.0
1 620.0 255.0
1 808.0 255.0
1 549.0 256.0
1 793.0 256.0
1 628.0 257.0
1 598.0 258.0
1 435.0 263.0
1 415.0 264.0
1 528.0 265.0
1 700.0 265.0
1 711.0 265.0
1 754.0 265.0
1 669.0 267.0
1 419.0 269.0
1 775.0 271.0
1 534.0 273.0
1 526.0 274.0
1 618.0 274.0
1 735.0 278.0
1 779.0 278.0
1 453.0 279.0
1 560.0 280.0
1 696.0 280.0
1 551.0 281.0
1 437.0 285.0
1 649.0 285.0
1 541.0 286.0
1 415.0 288.0
1 460.0 288.0
1 627.0 289.0
1 673.0 290.0
1 597.0 291.0
1 717.0 292.0
1 446.0 293.0
1 470.0 293.0
1 638.0 293.0
1 643.0 294.0
1 525.0 296.0
1 568.0 299.0
1 739.0 301.0
1 431.0 306.0
1 460.0 307.0
1 486.0 307.0
1 618.0 308.0
1 533.0 309.0
1 631.0 309.0
1 664.0 312.0
1 467.0 313.0
1 722.0 315.0
1 501.0 319.0
1 555.0 321.0
1 615.0 321.0
1 543.0 323.0
1 623.0 325.0
1 482.0 326.0
1 565.0 326.0
1 616.0 326.0
1 581.0 331.0
1 488.0 332.0
1 497.0 332.0
1 800.0 332.0
1 517.0 333.0
1 550.0 335.0
1 640.0 338.0
1 660.0 338.0
1 375.0 339.0
1 562.0 339.0
1 613.0 339.0
1 540.0 340.0
1 498.0 341.0
1 363.0 342.0
1 368.0 342.0
1 390.0 342.0
1 408.0 346.0
1 780.0 346.0
1 348.0 347.0
1 507.0 347.0
1 577.0 348.0
1 610.0 348.0
1 538.0 349.0
1 363.0 350.0
1 694.0 351.0
1 427.0 352.0
1 566.0 352.0
1 642.0 354.0
1 515.0 355.0
1 666.0 355.0
1 547.0 356.0
1 331.0 358.0
1 480.0 358.0
1 771.0 358.0
1 537.0 359.0
1 661.0 360.0
1 407.0 361.0
1 446.0 361.0
1 601.0 361.0
1 672.0 361.0
1 527.0 364.0
1 767.0 365.0
1 783.0 367.0
1 634.0 368.0
1 650.0 368.0
1 422.0 369.0
1 461.0 369.0
1 495.0 369.0
1 795.0 370.0
1 515.0 372.0
1 563.0 372.0
1 611.0 372.0
1 552.0 373.0
1 539.0 374.0
1 752.0 374.0
1 524.0 375.0
1 416.0 376.0
1 443.0 376.0
1 579.0 376.0
1 656.0 377.0
1 789.0 377.0
1 479.0 380.0
1 588.0 380.0
1 583.0 381.0
1 742.0 381.0
1 798.0 382.0
1 430.0 383.0
1 417.0 384.0
1 425.0 384.0
1 530.0 384.0
1 704.0 384.0
1 571.0 385.0
1 768.0 385.0
1 778.0 385.0
1 458.0 387.0
1 544.0 387.0
1 493.0 388.0
1 552.0 390.0
1 707.0 390.0
1 730.0 390.0
1 680.0 391.0
1 793.0 391.0
1 432.0 392.0
1 649.0 393.0
1 408.0 394.0
1 440.0 395.0
1 526.0 395.0
1 642.0 395.0
1 689.0 395.0
1 604.0 396.0
1 564.0 397.0
1 424.0 398.0
1 505.0 398.0
1 541.0 398.0
1 547.0 399.0
1 717.0 399.0
1 473.0 400.0
1 633.0 400.0
1 639.0 400.0
1 696.0 400.0
1 458.0 401.0
1 683.0 401.0
1 561.0 402.0
1 569.0 402.0
1 582.0 403.0
1 797.0 403.0
1 667.0 404.0
1 688.0 405.0
1 708.0 406.0
1 627.0 407.0
1 541.0 408.0
1 678.0 408.0
1 520.0 410.0
1 533.0 410.0
1 408.0 411.0
1 698.0 412.0
1 470.0 413.0
1 772.0 413.0
1 486.0 414.0
1 558.0 414.0
1 736.0 414.0
1 788.0 414.0
1 592.0 415.0
1 505.0 416.0
1 613.0 416.0
1 711.0 416.0
1 425.0 418.0
1 540.0 419.0
1 732.0 419.0
1 626.0 421.0
1 683.0 422.0
1 494.0 423.0
1 727.0 423.0
1 737.0 423.0
1 412.0 425.0
1 608.0 426.0
1 663.0 426.0
1 720.0 427.0
1 489.0 428.0
1 457.0 429.0
1 464.0 429.0
1 475.0 429.0
1 501.0 429.0
1 570.0 429.0
1 516.0 430.0
1 535.0 430.0
1 637.0 431.0
1 662.0 431.0
1 430.0 432.0
1 553.0 432.0
1 778.0 432.0
1 420.0 433.0
1 729.0 434.0
1 412.0 435.0
1 608.0 436.0
1 621.0 436.0
1 661.0 436.0
1 754.0 436.0
1 466.0 439.0
1 489.0 439.0
1 506.0 439.0
1 548.0 439.0
1 481.0 440.0
1 513.0 440.0
1 582.0 440.0
1 702.0 440.0
1 768.0 440.0
1 444.0 441.0
1 456.0 441.0
1 744.0 441.0
1 548.0 444.0
1 735.0 444.0
1 418.0 445.0
1 649.0 445.0
1 557.0 446.0
1 752.0 447.0
1 615.0 448.0
1 393.0 450.0
1 576.0 450.0
1 474.0 451.0
1 499.0 451.0
1 449.0 453.0
1 454.0 453.0
1 465.0 453.0
1 513.0 453.0
1 544.0 454.0
1 744.0 454.0
1 426.0 455.0
1 435.0 455.0
1 575.0 455.0
1 679.0 457.0
1 712.0 457.0
1 374.0 458.0
1 458.0 458.0
1 603.0 458.0
1 659.0 458.0
1 543.0 459.0
1 340.0 460.0
1 398.0 461.0
1 417.0 461.0
1 446.0 461.0
1 711.0 462.0
1 577.0 463.0
1 472.0 464.0
1 542.0 464.0
1 616.0 464.0
1 625.0 464.0
1 757.0 464.0
1 356.0 466.0
1 734.0 466.0
1 762.0 466.0
1 457.0 467.0
1 587.0 467.0
1 444.0 469.0
1 506.0 469.0
1 705.0 470.0
1 426.0 471.0
1 555.0 471.0
1 456.0 472.0
1 340.0 473.0
1 464.0 473.0
1 661.0 473.0
1 750.0 473.0
1 480.0 475.0
1 666.0 475.0
1 560.0 476.0
1 671.0 476.0
1 437.0 478.0
1 537.0 478.0
1 742.0 479.0
1 474.0 480.0
1 520.0 480.0
1 581.0 480.0
1 552.0 481.0
1 724.0 481.0
1 759.0 482.0
1 320.0 483.0
1 489.0 483.0
1 682.0 483.0
1 440.0 484.0
1 513.0 484.0
1 753.0 484.0
1 303.0 485.0
1 445.0 485.0
1 465.0 487.0
1 602.0 487.0
1 733.0 487.0
1 452.0 488.0
1 473.0 490.0
1 694.0 490.0
1 500.0 491.0
1 713.0 491.0
1 459.0 492.0
1 548.0 492.0
1 760.0 492.0
1 291.0 493.0
1 510.0 493.0
1 593.0 493.0
1 584.0 494.0
1 620.0 494.0
1 440.0 495.0
1 721.0 495.0
1 497.0 496.0
1 572.0 496.0
1 430.0 497.0
1 445.0 497.0
1 700.0 498.0
1 749.0 498.0
1 638.0 499.0
1 476.0 500.0
1 498.0 501.0
1 682.0 501.0
1 290.0 502.0
1 311.0 502.0
1 458.0 502.0
1 728.0 502.0
1 736.0 502.0
1 603.0 503.0
1 707.0 503.0
1 753.0 503.0
1 758.0 503.0
1 648.0 504.0
1 440.0 505.0
1 538.0 505.0
1 586.0 506.0
1 543.0 507.0
1 755.0 509.0
1 449.0 510.0
1 693.0 510.0
1 712.0 510.0
1 495.0 511.0
1 661.0 511.0
1 522.0 512.0
1 566.0 512.0
1 577.0 513.0
1 649.0 513.0
1 587.0 514.0
1 527.0 515.0
1 593.0 515.0
1 608.0 515.0
1 747.0 515.0
1 663.0 516.0
1 472.0 517.0
1 733.0 517.0
1 286.0 519.0
1 454.0 519.0
1 720.0 519.0
1 534.0 520.0
1 598.0 520.0
1 703.0 520.0
1 482.0 521.0
1 675.0 521.0
1 448.0 522.0
1 491.0 523.0
1 664.0 524.0
1 746.0 525.0
1 469.0 526.0
1 680.0 526.0
1 531.0 528.0
1 502.0 529.0
1 596.0 529.0
1 480.0 530.0
1 521.0 531.0
1 584.0 531.0
1 731.0 531.0
1 471.0 532.0
1 688.0 533.0
1 460.0 534.0
1 662.0 534.0
1 717.0 534.0
1 487.0 535.0
1 518.0 536.0
1 527.0 537.0
1 541.0 538.0
1 574.0 540.0
1 597.0 540.0
1 459.0 541.0
1 740.0 541.0
1 702.0 543.0
1 635.0 544.0
1 664.0 544.0
1 520.0 547.0
1 540.0 547.0
1 727.0 547.0
1 690.0 549.0
1 578.0 550.0
1 584.0 550.0
1 663.0 553.0
1 480.0 554.0
1 463.0 555.0
1 541.0 556.0
1 572.0 557.0
1 615.0 557.0
1 597.0 558.0
1 715.0 558.0
1 520.0 560.0
1 644.0 561.0
1 663.0 561.0
1 754.0 561.0
1 735.0 562.0
1 515.0 565.0
1 702.0 566.0
1 724.0 566.0
1 686.0 568.0
1 467.0 569.0
1 476.0 571.0
1 597.0 572.0
1 730.0 574.0
1 524.0 575.0
1 538.0 576.0
1 709.0 576.0
1 516.0 577.0
1 597.0 577.0
1 660.0 578.0
1 764.0 579.0
1 492.0 581.0
1 471.0 582.0
1 526.0 583.0
1 550.0 583.0
1 705.0 583.0
1 683.0 585.0
1 490.0 586.0
1 644.0 589.0
1 500.0 590.0
1 512.0 590.0
1 527.0 591.0
1 658.0 591.0
1 718.0 591.0
1 598.0 592.0
1 728.0 592.0
1 744.0 592.0
1 564.0 593.0
1 632.0 593.0
1 710.0 593.0
1 466.0 596.0
1 658.0 597.0
1 499.0 598.0
1 532.0 601.0
1 485.0 603.0
1 556.0 603.0
1 686.0 603.0
1 721.0 603.0
1 587.0 604.0
1 705.0 604.0
1 776.0 604.0
1 626.0 606.0
1 476.0 607.0
1 205.0 608.0
1 509.0 608.0
1 693.0 608.0
1 755.0 608.0
1 568.0 609.0
1 599.0 609.0
1 581.0 613.0
1 634.0 613.0
1 710.0 613.0
1 534.0 615.0
1 656.0 615.0
1 555.0 616.0
1 598.0 616.0
1 720.0 620.0
1 487.0 621.0
1 567.0 621.0
1 703.0 621.0
1 208.0 623.0
1 537.0 624.0
1 696.0 624.0
1 506.0 626.0
1 653.0 626.0
1 492.0 629.0
1 600.0 629.0
1 626.0 629.0
1 694.0 629.0
1 674.0 631.0
1 714.0 631.0
1 199.0 633.0
1 447.0 634.0
1 540.0 634.0
1 463.0 637.0
1 777.0 637.0
1 652.0 639.0
1 700.0 642.0
1 569.0 643.0
1 762.0 643.0
1 501.0 644.0
1 624.0 644.0
1 511.0 645.0
1 616.0 645.0
1 601.0 649.0
1 713.0 649.0
1 782.0 651.0
1 762.0 652.0
1 546.0 653.0
1 788.0 654.0
1 523.0 656.0
1 650.0 656.0
1 687.0 656.0
1 769.0 656.0
1 582.0 657.0
1 621.0 658.0
1 548.0 660.0
1 601.0 660.0
1 493.0 661.0
1 509.0 662.0
1 649.0 664.0
1 699.0 666.0
1 694.0 669.0
1 568.0 670.0
1 186.0 671.0
1 663.0 672.0
1 583.0 673.0
1 521.0 674.0
1 602.0 675.0
1 679.0 676.0
1 554.0 679.0
1 691.0 680.0
1 647.0 681.0
1 437.0 683.0
1 581.0 683.0
1 623.0 683.0
1 557.0 686.0
1 602.0 687.0
1 645.0 687.0
1 474.0 688.0
1 671.0 692.0
1 576.0 694.0
1 461.0 697.0
1 418.0 700.0
1 550.0 701.0
1 555.0 704.0
1 603.0 704.0
1 416.0 705.0
1 630.0 706.0
1 576.0 708.0
1 623.0 708.0
1 644.0 708.0
1 619.0 715.0
1 610.0 717.0
1 634.0 718.0
1 609.0 725.0
