0 1 1 282.271786694986
0 2 2 344.58438804504533
0 13 14 310.124901440906
0 25 15 422.798785070811
0 19 20 258.80788547871515
0 28 28 358.08047262513554
0 30 30 183.03678744408023
0 29 31 261.14412403322314
0 37 40 264.93421261450874
0 42 44 184.99164477474523
0 47 46 433.0729000965025
0 52 56 329.9934019871535
0 57 61 357.5498316541012
0 51 62 169.60437914749244
0 55 68 269.43397832366753
0 59 69 172.93922074345073
0 63 71 374.09132620769554
0 72 74 179.02862030756202
0 62 80 480.50632806256726
0 71 81 277.715393638749
0 70 87 124.80030683058835
0 76 90 293.8366210957511
0 80 100 239.61864890928285
0 79 102 249.30741443365397
0 78 104 156.9290382516738
0 84 108 285.82936171021106
0 89 111 296.78129903873247
0 85 115 113.59047859046439
0 88 116 246.40336785609068
0 100 117 486.8733077764654
0 83 119 493.3994955197009
0 95 122 375.37859566314313
0 92 123 111.85848713427274
0 98 125 298.65804983628493
0 102 126 223.20443444307273
0 104 131 121.97478687039786
0 107 133 268.73443918766264
0 108 135 133.0974098341512
0 114 136 416.1704845730289
0 116 138 286.23962966251986
0 122 139 436.855586417109
0 117 141 250.74450820625827
0 115 142 210.27793002548947
0 121 143 185.9177717016338
0 120 145 171.95887717433905
0 133 148 227.4292676565503
0 118 151 371.3663558189295
0 132 152 411.38981183946095
0 135 155 281.8086044161596
0 134 158 415.8975066426358
0 126 160 290.5460071436303
0 130 161 146.96139739857935
0 123 163 228.32843405007196
0 138 167 201.8454356924474
0 125 169 242.8779178868373
0 149 170 369.0735442769259
0 131 171 136.16182474785796
0 142 175 443.08001747260926
0 145 176 170.1314407413364
0 143 177 279.03696314828545
0 155 178 481.03312554395796
0 139 179 392.320375492791
0 180 180 247.06504146094744
0 137 181 145.3627354424478
0 141 184 188.16252358169712
0 181 186 338.8330676377993
0 153 187 202.9147652849321
0 164 190 493.5745522744824
0 151 194 191.932992143856
0 160 197 490.5889828414495
0 179 199 442.02025976951455
0 158 200 461.8380432985829
0 167 202 441.73919568666724
0 154 207 380.52853932971635
0 174 216 445.1104049684474
0 169 219 306.1081352248165
0 192 228 365.6144245967277
0 203 232 396.7995807133337
0 168 234 436.666045481188
0 185 236 364.7611798394915
0 177 242 218.24558797254255
0 178 243 453.8141080758572
0 202 248 428.16791561191343
0 216 255 465.85374471601773
0 223 259 112.42492899737111
0 215 260 379.1411547600054
0 230 265 379.507621383985
0 214 269 238.56703498779345
0 200 271 395.16253049150663
0 238 273 175.9420280735975
0 240 276 342.85459714950224
0 239 280 135.54879548384406
0 222 288 416.73881422976933
0 261 290 365.00405258714534
0 258 291 107.84608234559798
0 221 292 356.09000087020934
0 293 293 265.926998534068
0 266 296 437.7810316725032
0 292 298 414.38236809299315
0 269 299 411.15447710754086
0 220 300 343.0982805326595
0 255 301 318.2790199401316
0 245 308 291.7796993370389
0 271 312 276.13268780858687
0 275 313 348.4517751922021
0 287 314 204.00669734530234
0 235 317 254.02729217615249
0 306 320 160.12135356872662
0 259 321 455.01798202380724
0 295 322 135.17037637177796
0 242 324 300.36158579279527
0 265 327 208.76742200004753
0 297 328 218.0612631572517
0 310 330 289.52121672930315
0 305 334 202.94380245525332
0 253 335 325.401364235947
0 325 340 487.6475002428832
0 231 344 364.1675231522432
0 309 350 290.71091219272864
0 270 353 405.2057533307619
0 341 354 360.93093899029054
0 301 357 309.4512940502912
0 332 360 449.4553066695314
0 278 367 429.6523118579515
0 370 377 491.8810329925754
0 298 386 379.2247116521096
0 344 388 334.9190930371183
0 365 390 382.23579888235577
0 384 391 490.1325396036498
0 314 396 183.32144860651488
0 374 416 466.4837077928844
0 389 423 308.1543304888308
0 396 433 406.4806628284858
0 416 435 312.74210544662344
0 395 446 413.6961065550275
0 431 453 487.22587000439825
0 423 456 278.8007550805038
0 417 462 300.19549046940347
0 425 465 429.42414661304286
0 437 466 420.7048728241116
0 439 468 262.78173843145584
0 434 471 345.181334112692
0 474 472 429.5265284324365
0 435 473 247.90006876009522
0 449 474 240.07016706891292
0 452 477 209.45023236541823
0 451 478 359.35273217653105
0 456 479 329.63294644481584
0 460 482 314.62136967394343
0 459 485 265.9406982228552
0 464 486 215.9469706867056
0 482 488 477.32975324031014
0 445 491 433.84512107011506
0 480 496 218.94719038790228
0 478 497 287.67277912726547
0 483 499 287.23909209167016
0 484 500 484.5683488691228
0 471 507 435.1893686190924
0 475 509 291.9662035676255
0 493 511 353.76159154188156
0 467 512 413.28599955351297
0 511 517 482.5788599411777
0 499 521 473.3961397421905
0 477 524 377.8092771171837
0 519 527 497.0682328988153
0 520 528 369.0150962776738
0 504 530 451.59715748053645
0 513 532 306.25559664081527
0 532 533 248.68289218763792
0 515 535 174.16889587248804
0 526 536 298.6187392460281
0 525 537 317.0278937304134
0 535 538 354.40620824988815
0 537 539 369.881491513526
0 529 540 462.22577566359035
0 533 541 333.96732628528093
0 530 543 231.68788534600932
0 539 544 292.13303034447733
0 544 548 262.945696778318
0 466 551 416.2816198101548
0 551 552 205.7928146763702
0 554 554 397.9705825318142
0 549 555 230.20231390343974
0 568 561 329.46072880440795
0 548 562 201.31859159916985
0 542 568 255.50083847268903
0 560 570 400.3115933595707
0 564 571 362.991721203792
0 553 572 221.8670966154165
0 559 574 210.94666708997116
0 556 576 463.75352744740377
0 558 579 247.6240785154672
0 582 584 318.2450293941794
0 586 586 497.50645042005937
0 575 588 228.35130695991586
0 589 590 315.62871614306187
0 576 592 381.84197176039925
0 584 594 382.8136521040618
0 578 596 368.5016724251862
0 580 598 264.48133311883356
0 590 600 298.2902801593646
0 594 601 469.363323856384
0 585 603 262.2764906084589
0 595 605 254.33951257552243
0 588 607 172.92766991597185
0 597 608 186.59863769288444
0 598 609 269.145850323177
0 593 612 203.64135476987957
0 600 613 175.09286262343068
0 599 614 211.17713974272522
0 602 615 140.1672327198927
0 601 616 154.25095333345837

0 1008.0 43.0
0 689.0 67.0
0 252.0 96.0
0 766.0 99.0
0 267.0 103.0
0 444.0 111.0
0 293.0 124.0
0 479.0 133.0
0 309.0 137.0
0 488.0 142.0
0 326.0 150.0
0 473.0 150.0
0 497.0 152.0
0 490.0 156.0
0 312.0 159.0
0 942.0 162.0
0 960.0 162.0
0 327.0 163.0
0 342.0 163.0
0 507.0 164.0
0 319.0 166.0
0 665.0 166.0
0 499.0 171.0
0 930.0 175.0
0 360.0 176.0
0 487.0 176.0
0 944.0 176.0
0 917.0 177.0
0 520.0 178.0
0 663.0 178.0
0 507.0 183.0
0 335.0 184.0
0 348.0 186.0
0 487.0 187.0
0 894.0 187.0
0 496.0 190.0
0 380.0 192.0
0 490.0 192.0
0 921.0 192.0
0 557.0 193.0
0 533.0 195.0
0 846.0 195.0
0 878.0 196.0
0 676.0 197.0
0 518.0 200.0
0 904.0 201.0
0 506.0 202.0
0 827.0 202.0
0 693.0 206.0
0 867.0 206.0
0 398.0 207.0
0 853.0 208.0
0 441.0 209.0
0 806.0 209.0
0 848.0 210.0
0 665.0 211.0
0 546.0 212.0
0 840.0 214.0
0 877.0 215.0
0 953.0 215.0
0 792.0 216.0
0 516.0 217.0
0 392.0 218.0
0 811.0 218.0
0 684.0 220.0
0 417.0 222.0
0 850.0 222.0
0 976.0 223.0
0 376.0 225.0
0 390.0 226.0
0 652.0 226.0
0 556.0 227.0
0 773.0 227.0
0 946.0 227.0
0 798.0 228.0
0 819.0 228.0
0 768.0 229.0
0 843.0 230.0
0 978.0 232.0
0 966.0 234.0
0 528.0 235.0
0 541.0 238.0
0 436.0 239.0
0 671.0 240.0
0 752.0 240.0
0 646.0 242.0
0 798.0 242.0
0 424.0 244.0
0 824.0 245.0
0 632.0 247.0
0 568.0 248.0
0 651.0 248.0
0 668.0 248.0
0 804.0 250.0
0 537.0 251.0
0 627.0 252.0
0 781.0 252.0
0 666.0 253.0
0 456.0 255.0
0 437.0 256.0
0 548.0 257.0
0 625.0 257.0
0 530.0 259.0
0 807.0 259.0
0 442.0 261.0
0 632.0 262.0
0 642.0 264.0
0 808.0 264.0
0 554.0 265.0
0 761.0 266.0
0 713.0 268.0
0 579.0 269.0
0 474.0 271.0
0 638.0 272.0
0 736.0 276.0
0 460.0 277.0
0 562.0 277.0
0 762.0 277.0
0 745.0 279.0
0 480.0 280.0
0 731.0 280.0
0 442.0 281.0
0 697.0 283.0
0 468.0 285.0
0 491.0 286.0
0 559.0 287.0
0 590.0 291.0
0 728.0 293.0
0 616.0 297.0
0 683.0 299.0
0 455.0 300.0
0 484.0 300.0
0 507.0 300.0
0 567.0 301.0
0 753.0 304.0
0 490.0 306.0
0 740.0 308.0
0 522.0 312.0
0 574.0 313.0
0 714.0 313.0
0 579.0 315.0
0 600.0 315.0
0 471.0 318.0
0 589.0 318.0
0 728.0 318.0
0 505.0 319.0
0 560.0 319.0
0 820.0 320.0
0 666.0 321.0
0 621.0 323.0
0 511.0 324.0
0 520.0 325.0
0 605.0 325.0
0 664.0 326.0
0 539.0 327.0
0 581.0 327.0
0 689.0 327.0
0 726.0 331.0
0 587.0 332.0
0 660.0 333.0
0 386.0 335.0
0 523.0 335.0
0 487.0 336.0
0 376.0 337.0
0 402.0 337.0
0 603.0 338.0
0 421.0 341.0
0 533.0 342.0
0 560.0 342.0
0 359.0 343.0
0 696.0 345.0
0 375.0 346.0
0 568.0 346.0
0 649.0 346.0
0 441.0 347.0
0 593.0 347.0
0 539.0 348.0
0 572.0 351.0
0 704.0 351.0
0 506.0 352.0
0 786.0 354.0
0 339.0 355.0
0 462.0 356.0
0 679.0 356.0
0 423.0 357.0
0 583.0 357.0
0 804.0 357.0
0 552.0 358.0
0 815.0 358.0
0 634.0 361.0
0 588.0 363.0
0 652.0 363.0
0 670.0 363.0
0 478.0 364.0
0 438.0 365.0
0 578.0 365.0
0 767.0 365.0
0 605.0 366.0
0 812.0 366.0
0 686.0 368.0
0 550.0 369.0
0 615.0 369.0
0 623.0 369.0
0 664.0 369.0
0 570.0 371.0
0 823.0 371.0
0 432.0 372.0
0 461.0 372.0
0 717.0 372.0
0 495.0 374.0
0 790.0 374.0
0 803.0 375.0
0 565.0 377.0
0 719.0 377.0
0 609.0 379.0
0 751.0 379.0
0 545.0 380.0
0 818.0 380.0
0 434.0 381.0
0 443.0 381.0
0 476.0 382.0
0 691.0 382.0
0 510.0 383.0
0 679.0 383.0
0 553.0 386.0
0 700.0 386.0
0 631.0 388.0
0 451.0 390.0
0 644.0 390.0
0 737.0 390.0
0 823.0 390.0
0 475.0 391.0
0 580.0 391.0
0 709.0 391.0
0 481.0 392.0
0 523.0 392.0
0 542.0 392.0
0 563.0 392.0
0 588.0 392.0
0 616.0 392.0
0 664.0 392.0
0 429.0 393.0
0 445.0 394.0
0 471.0 396.0
0 603.0 396.0
0 532.0 399.0
0 694.0 399.0
0 723.0 400.0
0 542.0 402.0
0 561.0 403.0
0 799.0 403.0
0 815.0 403.0
0 496.0 404.0
0 576.0 404.0
0 717.0 404.0
0 650.0 405.0
0 429.0 406.0
0 483.0 407.0
0 600.0 408.0
0 619.0 408.0
0 641.0 408.0
0 752.0 411.0
0 478.0 412.0
0 483.0 412.0
0 584.0 412.0
0 650.0 413.0
0 704.0 413.0
0 747.0 413.0
0 488.0 416.0
0 511.0 416.0
0 450.0 417.0
0 467.0 417.0
0 501.0 418.0
0 632.0 418.0
0 679.0 418.0
0 742.0 418.0
0 600.0 419.0
0 810.0 419.0
0 436.0 422.0
0 501.0 423.0
0 522.0 423.0
0 581.0 423.0
0 771.0 423.0
0 747.0 424.0
0 797.0 424.0
0 560.0 425.0
0 488.0 426.0
0 476.0 427.0
0 469.0 428.0
0 597.0 429.0
0 645.0 429.0
0 634.0 430.0
0 456.0 431.0
0 765.0 431.0
0 781.0 432.0
0 674.0 433.0
0 724.0 433.0
0 446.0 434.0
0 757.0 434.0
0 546.0 435.0
0 438.0 436.0
0 506.0 436.0
0 522.0 436.0
0 669.0 436.0
0 560.0 437.0
0 487.0 438.0
0 775.0 438.0
0 665.0 441.0
0 463.0 442.0
0 596.0 442.0
0 420.0 443.0
0 767.0 444.0
0 519.0 445.0
0 638.0 445.0
0 660.0 445.0
0 536.0 446.0
0 561.0 447.0
0 441.0 448.0
0 595.0 448.0
0 496.0 450.0
0 701.0 450.0
0 477.0 451.0
0 618.0 453.0
0 730.0 453.0
0 453.0 454.0
0 772.0 454.0
0 784.0 454.0
0 495.0 455.0
0 637.0 455.0
0 789.0 455.0
0 759.0 456.0
0 422.0 457.0
0 466.0 457.0
0 642.0 457.0
0 647.0 457.0
0 444.0 459.0
0 600.0 459.0
0 489.0 460.0
0 385.0 461.0
0 536.0 462.0
0 763.0 462.0
0 780.0 462.0
0 687.0 463.0
0 556.0 464.0
0 406.0 465.0
0 464.0 465.0
0 475.0 467.0
0 376.0 468.0
0 483.0 468.0
0 605.0 468.0
0 703.0 468.0
0 773.0 468.0
0 464.0 470.0
0 453.0 471.0
0 755.0 471.0
0 788.0 471.0
0 392.0 473.0
0 499.0 473.0
0 546.0 473.0
0 590.0 473.0
0 717.0 474.0
0 599.0 475.0
0 477.0 476.0
0 490.0 476.0
0 569.0 476.0
0 574.0 476.0
0 764.0 476.0
0 363.0 478.0
0 639.0 480.0
0 399.0 481.0
0 468.0 481.0
0 520.0 481.0
0 607.0 481.0
0 733.0 481.0
0 746.0 481.0
0 373.0 484.0
0 710.0 484.0
0 754.0 484.0
0 499.0 485.0
0 352.0 486.0
0 598.0 486.0
0 781.0 486.0
0 481.0 487.0
0 623.0 487.0
0 653.0 487.0
0 738.0 487.0
0 489.0 490.0
0 564.0 490.0
0 611.0 491.0
0 672.0 491.0
0 720.0 491.0
0 761.0 491.0
0 786.0 491.0
0 746.0 492.0
0 769.0 492.0
0 551.0 493.0
0 341.0 495.0
0 458.0 496.0
0 505.0 496.0
0 686.0 496.0
0 650.0 498.0
0 486.0 499.0
0 752.0 499.0
0 785.0 500.0
0 735.0 501.0
0 775.0 502.0
0 584.0 503.0
0 551.0 504.0
0 592.0 504.0
0 701.0 504.0
0 343.0 505.0
0 689.0 505.0
0 603.0 506.0
0 472.0 508.0
0 615.0 508.0
0 638.0 509.0
0 651.0 509.0
0 746.0 510.0
0 583.0 511.0
0 768.0 511.0
0 491.0 512.0
0 718.0 513.0
0 504.0 515.0
0 549.0 515.0
0 583.0 516.0
0 704.0 516.0
0 588.0 517.0
0 516.0 518.0
0 776.0 519.0
0 470.0 520.0
0 489.0 521.0
0 582.0 521.0
0 339.0 522.0
0 636.0 523.0
0 733.0 523.0
0 547.0 524.0
0 746.0 524.0
0 525.0 525.0
0 587.0 525.0
0 625.0 525.0
0 562.0 526.0
0 581.0 526.0
0 704.0 526.0
0 499.0 528.0
0 480.0 529.0
0 768.0 529.0
0 516.0 530.0
0 579.0 531.0
0 789.0 531.0
0 627.0 534.0
0 535.0 535.0
0 749.0 535.0
0 487.0 536.0
0 546.0 536.0
0 584.0 536.0
0 704.0 536.0
0 678.0 537.0
0 324.0 538.0
0 477.0 538.0
0 777.0 538.0
0 727.0 540.0
0 740.0 542.0
0 617.0 543.0
0 760.0 543.0
0 581.0 545.0
0 623.0 545.0
0 701.0 545.0
0 805.0 550.0
0 655.0 551.0
0 785.0 551.0
0 542.0 552.0
0 611.0 552.0
0 745.0 552.0
0 638.0 553.0
0 701.0 553.0
0 482.0 554.0
0 582.0 554.0
0 682.0 554.0
0 508.0 557.0
0 735.0 557.0
0 495.0 559.0
0 568.0 560.0
0 720.0 560.0
0 780.0 561.0
0 579.0 562.0
0 636.0 566.0
0 525.0 567.0
0 487.0 568.0
0 739.0 568.0
0 698.0 569.0
0 818.0 569.0
0 497.0 570.0
0 658.0 570.0
0 752.0 570.0
0 540.0 571.0
0 636.0 573.0
0 717.0 577.0
0 580.0 579.0
0 596.0 580.0
0 682.0 582.0
0 694.0 583.0
0 743.0 583.0
0 749.0 583.0
0 559.0 587.0
0 635.0 587.0
0 669.0 587.0
0 536.0 588.0
0 512.0 589.0
0 593.0 589.0
0 598.0 589.0
0 604.0 589.0
0 694.0 591.0
0 496.0 593.0
0 831.0 593.0
0 735.0 594.0
0 565.0 595.0
0 718.0 596.0
0 743.0 596.0
0 579.0 597.0
0 591.0 599.0
0 625.0 599.0
0 596.0 600.0
0 724.0 600.0
0 532.0 601.0
0 505.0 603.0
0 635.0 604.0
0 551.0 606.0
0 669.0 607.0
0 691.0 608.0
0 617.0 609.0
0 517.0 611.0
0 563.0 611.0
0 635.0 611.0
0 742.0 613.0
0 577.0 614.0
0 600.0 617.0
0 525.0 619.0
0 506.0 620.0
0 688.0 620.0
0 707.0 622.0
0 722.0 622.0
0 662.0 623.0
0 576.0 624.0
0 635.0 624.0
0 735.0 624.0
0 833.0 625.0
0 562.0 627.0
0 516.0 631.0
0 685.0 632.0
0 813.0 632.0
0 575.0 634.0
0 264.0 635.0
0 724.0 637.0
0 595.0 638.0
0 600.0 639.0
0 651.0 639.0
0 658.0 639.0
0 535.0 640.0
0 812.0 640.0
0 843.0 641.0
0 518.0 642.0
0 734.0 642.0
0 634.0 644.0
0 820.0 644.0
0 261.0 648.0
0 525.0 648.0
0 558.0 648.0
0 714.0 648.0
0 576.0 649.0
0 696.0 649.0
0 653.0 653.0
0 680.0 653.0
0 614.0 654.0
0 548.0 655.0
0 634.0 655.0
0 578.0 657.0
0 527.0 658.0
0 680.0 658.0
0 511.0 660.0
0 555.0 660.0
0 567.0 660.0
0 718.0 663.0
0 566.0 665.0
0 598.0 666.0
0 713.0 668.0
0 615.0 669.0
0 704.0 669.0
0 543.0 670.0
0 634.0 671.0
0 522.0 672.0
0 692.0 673.0
0 563.0 674.0
0 583.0 676.0
0 550.0 678.0
0 676.0 678.0
0 555.0 680.0
0 611.0 680.0
0 516.0 683.0
0 585.0 683.0
0 634.0 683.0
0 675.0 683.0
0 696.0 684.0
0 243.0 687.0
0 606.0 691.0
0 511.0 692.0
0 633.0 700.0
0 540.0 701.0
0 581.0 702.0
0 659.0 702.0
0 672.0 703.0
0 605.0 705.0
0 496.0 708.0
0 614.0 708.0
0 648.0 710.0
0 633.0 713.0
0 662.0 713.0
0 638.0 721.0
1 829.0 43.0
1 659.0 76.0
1 211.0 105.0
1 688.0 107.0
1 677.0 111.0
1 454.0 120.0
1 238.0 129.0
1 250.0 140.0
1 446.0 145.0
1 637.0 145.0
1 807.0 150.0
1 262.0 152.0
1 445.0 155.0
1 245.0 157.0
1 464.0 158.0
1 454.0 159.0
1 618.0 162.0
1 273.0 163.0
1 887.0 164.0
1 252.0 165.0
1 444.0 166.0
1 466.0 167.0
1 623.0 168.0
1 608.0 171.0
1 625.0 174.0
1 773.0 174.0
1 288.0 175.0
1 443.0 180.0
1 470.0 182.0
1 266.0 183.0
1 455.0 186.0
1 763.0 186.0
1 303.0 189.0
1 755.0 190.0
1 443.0 193.0
1 772.0 193.0
1 747.0 197.0
1 475.0 198.0
1 600.0 198.0
1 437.0 201.0
1 317.0 202.0
1 442.0 202.0
1 457.0 202.0
1 731.0 202.0
1 281.0 203.0
1 413.0 204.0
1 573.0 205.0
1 444.0 208.0
1 595.0 208.0
1 409.0 209.0
1 748.0 209.0
1 306.0 212.0
1 478.0 214.0
1 706.0 215.0
1 333.0 216.0
1 291.0 217.0
1 447.0 217.0
1 453.0 217.0
1 559.0 219.0
1 307.0 223.0
1 318.0 224.0
1 459.0 226.0
1 451.0 227.0
1 480.0 229.0
1 681.0 230.0
1 303.0 232.0
1 417.0 233.0
1 436.0 233.0
1 444.0 234.0
1 544.0 234.0
1 329.0 237.0
1 466.0 238.0
1 686.0 238.0
1 402.0 244.0
1 415.0 244.0
1 316.0 248.0
1 472.0 249.0
1 530.0 250.0
1 342.0 252.0
1 418.0 256.0
1 433.0 256.0
1 675.0 257.0
1 645.0 258.0
1 364.0 260.0
1 457.0 260.0
1 357.0 268.0
1 417.0 270.0
1 442.0 272.0
1 462.0 273.0
1 483.0 273.0
1 557.0 273.0
1 453.0 274.0
1 364.0 276.0
1 395.0 276.0
1 838.0 276.0
1 507.0 277.0
1 436.0 281.0
1 420.0 282.0
1 446.0 282.0
1 643.0 285.0
1 621.0 287.0
1 407.0 288.0
1 485.0 288.0
1 425.0 290.0
1 376.0 291.0
1 552.0 291.0
1 470.0 294.0
1 451.0 295.0
1 381.0 296.0
1 418.0 299.0
1 424.0 299.0
1 489.0 299.0
1 599.0 299.0
1 549.0 303.0
1 604.0 303.0
1 358.0 304.0
1 455.0 304.0
1 491.0 304.0
1 427.0 308.0
1 469.0 308.0
1 395.0 312.0
1 482.0 314.0
1 545.0 316.0
1 339.0 318.0
1 466.0 319.0
1 330.0 320.0
1 349.0 321.0
1 370.0 321.0
1 316.0 323.0
1 501.0 323.0
1 408.0 326.0
1 328.0 327.0
1 501.0 328.0
1 566.0 328.0
1 479.0 329.0
1 461.0 330.0
1 577.0 330.0
1 304.0 333.0
1 417.0 334.0
1 383.0 337.0
1 592.0 337.0
1 352.0 338.0
1 455.0 338.0
1 435.0 339.0
1 569.0 339.0
1 423.0 341.0
1 460.0 342.0
1 708.0 342.0
1 503.0 343.0
1 563.0 344.0
1 471.0 345.0
1 366.0 349.0
1 712.0 349.0
1 431.0 350.0
1 397.0 352.0
1 553.0 355.0
1 690.0 356.0
1 348.0 358.0
1 424.0 359.0
1 343.0 360.0
1 475.0 360.0
1 549.0 360.0
1 568.0 360.0
1 792.0 360.0
1 441.0 361.0
1 408.0 362.0
1 452.0 362.0
1 530.0 362.0
1 373.0 364.0
1 364.0 365.0
1 337.0 366.0
1 521.0 366.0
1 394.0 367.0
1 682.0 367.0
1 444.0 368.0
1 359.0 372.0
1 517.0 373.0
1 349.0 374.0
1 385.0 374.0
1 533.0 375.0
1 678.0 375.0
1 693.0 375.0
1 552.0 376.0
1 448.0 377.0
1 327.0 378.0
1 425.0 379.0
1 703.0 379.0
1 394.0 381.0
1 686.0 381.0
1 405.0 382.0
1 501.0 382.0
1 663.0 383.0
1 524.0 384.0
1 579.0 384.0
1 704.0 384.0
1 545.0 386.0
1 643.0 387.0
1 674.0 388.0
1 339.0 389.0
1 575.0 389.0
1 366.0 390.0
1 794.0 390.0
1 406.0 391.0
1 456.0 391.0
1 703.0 391.0
1 439.0 392.0
1 640.0 393.0
1 645.0 393.0
1 591.0 395.0
1 388.0 396.0
1 568.0 396.0
1 608.0 396.0
1 634.0 397.0
1 668.0 397.0
1 414.0 401.0
1 507.0 401.0
1 523.0 401.0
1 625.0 403.0
1 678.0 403.0
1 688.0 403.0
1 325.0 404.0
1 339.0 405.0
1 351.0 405.0
1 485.0 406.0
1 218.0 408.0
1 223.0 408.0
1 512.0 409.0
1 668.0 409.0
1 385.0 410.0
1 615.0 410.0
1 542.0 411.0
1 283.0 412.0
1 345.0 412.0
1 401.0 412.0
1 651.0 412.0
1 316.0 413.0
1 685.0 414.0
1 369.0 415.0
1 509.0 415.0
1 422.0 416.0
1 469.0 419.0
1 204.0 420.0
1 337.0 421.0
1 363.0 421.0
1 540.0 421.0
1 391.0 422.0
1 474.0 422.0
1 642.0 422.0
1 248.0 423.0
1 672.0 423.0
1 562.0 424.0
1 572.0 424.0
1 663.0 424.0
1 322.0 425.0
1 406.0 426.0
1 414.0 427.0
1 523.0 429.0
1 324.0 430.0
1 507.0 430.0
1 364.0 431.0
1 432.0 431.0
1 536.0 431.0
1 351.0 432.0
1 374.0 432.0
1 480.0 432.0
1 391.0 434.0
1 614.0 434.0
1 546.0 435.0
1 667.0 435.0
1 451.0 436.0
1 324.0 437.0
1 412.0 437.0
1 628.0 437.0
1 346.0 438.0
1 466.0 438.0
1 532.0 439.0
1 651.0 440.0
1 672.0 442.0
1 317.0 443.0
1 352.0 443.0
1 377.0 446.0
1 477.0 446.0
1 446.0 447.0
1 670.0 447.0
1 636.0 448.0
1 451.0 449.0
1 622.0 449.0
1 551.0 450.0
1 592.0 450.0
1 343.0 452.0
1 356.0 452.0
1 462.0 452.0
1 644.0 452.0
1 654.0 452.0
1 417.0 453.0
1 486.0 453.0
1 330.0 454.0
1 522.0 454.0
1 368.0 455.0
1 96.0 456.0
1 351.0 456.0
1 380.0 456.0
1 385.0 456.0
1 339.0 457.0
1 666.0 457.0
1 530.0 458.0
1 575.0 458.0
1 324.0 461.0
1 511.0 461.0
1 532.0 463.0
1 612.0 463.0
1 349.0 464.0
1 631.0 465.0
1 501.0 466.0
1 296.0 467.0
1 330.0 467.0
1 424.0 467.0
1 641.0 467.0
1 339.0 469.0
1 472.0 469.0
1 482.0 470.0
1 664.0 471.0
1 334.0 472.0
1 385.0 472.0
1 536.0 472.0
1 609.0 472.0
1 372.0 473.0
1 454.0 474.0
1 623.0 474.0
1 449.0 475.0
1 562.0 475.0
1 441.0 476.0
1 567.0 476.0
1 307.0 477.0
1 321.0 477.0
1 429.0 478.0
1 517.0 479.0
1 651.0 479.0
1 367.0 480.0
1 618.0 480.0
1 352.0 481.0
1 599.0 481.0
1 631.0 482.0
1 415.0 483.0
1 448.0 483.0
1 665.0 483.0
1 346.0 484.0
1 301.0 485.0
1 312.0 485.0
1 983.0 485.0
1 596.0 486.0
1 609.0 486.0
1 644.0 487.0
1 659.0 488.0
1 535.0 489.0
1 360.0 490.0
1 274.0 491.0
1 433.0 493.0
1 651.0 493.0
1 419.0 494.0
1 478.0 494.0
1 594.0 494.0
1 610.0 495.0
1 628.0 495.0
1 377.0 496.0
1 517.0 496.0
1 570.0 496.0
1 287.0 497.0
1 352.0 497.0
1 316.0 499.0
1 576.0 499.0
1 642.0 500.0
1 360.0 501.0
1 432.0 501.0
1 548.0 501.0
1 662.0 501.0
1 419.0 502.0
1 534.0 502.0
1 635.0 502.0
1 496.0 505.0
1 280.0 506.0
1 476.0 506.0
1 420.0 507.0
1 442.0 507.0
1 581.0 507.0
1 656.0 507.0
1 518.0 508.0
1 608.0 509.0
1 617.0 509.0
1 497.0 511.0
1 532.0 511.0
1 634.0 511.0
1 358.0 512.0
1 626.0 512.0
1 658.0 512.0
1 368.0 513.0
1 436.0 513.0
1 286.0 514.0
1 377.0 514.0
1 252.0 516.0
1 498.0 516.0
1 392.0 518.0
1 518.0 518.0
1 532.0 518.0
1 647.0 518.0
1 582.0 519.0
1 596.0 519.0
1 276.0 521.0
1 290.0 521.0
1 576.0 521.0
1 622.0 521.0
1 564.0 522.0
1 368.0 523.0
1 634.0 524.0
1 656.0 524.0
1 257.0 526.0
1 499.0 527.0
1 411.0 528.0
1 582.0 528.0
1 268.0 529.0
1 653.0 529.0
1 531.0 530.0
1 626.0 530.0
1 465.0 532.0
1 574.0 532.0
1 416.0 533.0
1 519.0 534.0
1 375.0 535.0
1 553.0 535.0
1 230.0 538.0
1 388.0 538.0
1 500.0 538.0
1 642.0 539.0
1 241.0 540.0
1 473.0 540.0
1 438.0 542.0
1 532.0 542.0
1 578.0 543.0
1 654.0 543.0
1 457.0 544.0
1 589.0 544.0
1 510.0 545.0
1 625.0 546.0
1 519.0 547.0
1 234.0 548.0
1 377.0 548.0
1 532.0 550.0
1 550.0 550.0
1 651.0 550.0
1 576.0 551.0
1 639.0 552.0
1 395.0 553.0
1 486.0 554.0
1 560.0 554.0
1 503.0 555.0
1 651.0 555.0
1 609.0 556.0
1 396.0 558.0
1 427.0 559.0
1 442.0 560.0
1 588.0 560.0
1 217.0 561.0
1 382.0 561.0
1 516.0 561.0
1 414.0 564.0
1 621.0 565.0
1 212.0 566.0
1 384.0 566.0
1 575.0 566.0
1 643.0 566.0
1 533.0 567.0
1 399.0 569.0
1 559.0 570.0
1 506.0 571.0
1 635.0 572.0
1 420.0 574.0
1 478.0 575.0
1 391.0 576.0
1 446.0 576.0
1 16.0 577.0
1 589.0 577.0
1 535.0 578.0
1 620.0 579.0
1 487.0 581.0
1 573.0 581.0
1 405.0 582.0
1 447.0 582.0
1 635.0 582.0
1 417.0 583.0
1 535.0 583.0
1 460.0 584.0
1 506.0 585.0
1 394.0 586.0
1 571.0 586.0
1 593.0 586.0
1 644.0 586.0
1 535.0 588.0
1 588.0 590.0
1 619.0 590.0
1 431.0 591.0
1 506.0 591.0
1 600.0 592.0
1 231.0 593.0
1 513.0 593.0
1 413.0 594.0
1 450.0 595.0
1 403.0 596.0
1 475.0 596.0
1 587.0 596.0
1 440.0 597.0
1 538.0 597.0
1 637.0 597.0
1 231.0 600.0
1 451.0 600.0
1 496.0 600.0
1 429.0 601.0
1 601.0 601.0
1 570.0 602.0
1 414.0 603.0
1 550.0 604.0
1 538.0 606.0
1 466.0 607.0
1 485.0 607.0
1 508.0 607.0
1 516.0 607.0
1 404.0 610.0
1 417.0 611.0
1 538.0 611.0
1 553.0 613.0
1 616.0 613.0
1 455.0 616.0
1 539.0 617.0
1 635.0 617.0
1 480.0 619.0
1 521.0 621.0
1 509.0 622.0
1 570.0 622.0
1 592.0 622.0
1 602.0 626.0
1 629.0 627.0
1 416.0 628.0
1 144.0 630.0
1 428.0 633.0
1 180.0 634.0
1 510.0 634.0
1 526.0 634.0
1 567.0 634.0
1 140.0 635.0
1 462.0 636.0
1 480.0 636.0
1 175.0 637.0
1 612.0 638.0
1 550.0 639.0
1 448.0 640.0
1 496.0 641.0
1 541.0 641.0
1 419.0 642.0
1 624.0 645.0
1 438.0 646.0
1 465.0 646.0
1 481.0 648.0
1 657.0 649.0
1 565.0 651.0
1 585.0 651.0
1 513.0 652.0
1 533.0 657.0
1 538.0 657.0
1 543.0 657.0
1 619.0 657.0
1 433.0 658.0
1 514.0 661.0
1 594.0 661.0
1 498.0 662.0
1 539.0 662.0
1 564.0 662.0
1 471.0 663.0
1 443.0 665.0
1 607.0 665.0
1 455.0 667.0
1 545.0 667.0
1 472.0 673.0
1 601.0 673.0
1 612.0 673.0
1 490.0 675.0
1 517.0 676.0
1 454.0 677.0
1 562.0 679.0
1 585.0 679.0
1 440.0 681.0
1 538.0 682.0
1 518.0 686.0
1 498.0 687.0
1 479.0 691.0
1 466.0 694.0
1 557.0 694.0
1 482.0 697.0
1 488.0 697.0
1 505.0 701.0
1 527.0 704.0
1 487.0 707.0
1 497.0 709.0
1 483.0 713.0
1 509.0 713.0
