0 0 0 256.1746112042617
0 1 1 105.40294826664736
0 6 2 295.6741665755382
0 9 3 303.11788969646415
0 5 4 106.11562057863861
0 4 6 103.89453017234307
0 7 7 104.35802508914513
0 19 8 205.54959611929516
0 12 10 108.64570920055479
0 17 12 336.68862362511464
0 15 14 146.31796629279336
0 16 16 149.4207781714702
0 24 18 333.95064075220233
0 20 19 108.17064371503898
0 33 21 361.0328414717822
0 25 23 105.95569167739083
0 27 24 114.13286399118788
0 39 26 104.53682874100822
0 30 27 105.8292581046304
0 35 28 105.61324295083014
0 36 29 115.18522220843003
0 44 32 106.56432084206644
0 51 33 109.01004468789009
0 49 34 126.34368624816723
0 56 35 108.13067498272393
0 58 36 119.40466257923703
0 57 37 142.16226727975493
0 69 38 147.59668241204554
0 67 39 111.89726686590976
0 64 40 346.37158398081465
0 63 41 107.9287531439948
0 71 43 305.8039668153106
0 72 44 108.89196565867985
0 74 46 117.48079381458314
0 79 47 111.97081174689971
0 87 49 108.61436731343292
0 101 51 150.62701041420144
0 94 52 126.81712687203466
0 100 53 124.00678144346706
0 97 54 120.05242538984872
0 102 56 113.81803121153213
0 105 57 124.04486792315839
0 98 58 463.86697140060676
0 104 59 105.65772614930505
0 106 60 104.2224164827459
0 108 61 174.03308733336132
0 109 62 118.14897579248303
0 115 63 181.083773021855
0 110 64 225.42828403947448
0 114 65 184.7793431314943
0 126 66 136.67597108179956
0 120 68 127.9810184402582
0 119 70 196.11201280199742
0 124 71 123.3576283288466
0 122 72 120.75999287412209
0 123 73 109.71184157230734
0 131 74 129.90780280780598
0 121 75 108.6684039655911
0 140 76 165.97256922367842
0 129 77 108.2179499641783
0 134 78 108.57568615461997
0 135 79 122.32933283576844
0 130 80 107.6656755887636
0 127 81 167.14977780235293
0 138 82 111.05268073562964
0 136 83 108.02034106869289
0 139 84 103.58862637828767
0 151 86 131.8038925995546
0 144 87 127.56627932192215
0 155 88 105.32120419313237
0 148 89 154.99311699737197
0 149 90 105.43541904493469
0 156 91 116.41141068316459
0 146 92 167.39839286840345
0 161 93 115.39747925406742
0 154 94 232.2820066902227
0 147 95 299.8602862442987
0 153 96 186.11646922622606
0 158 97 116.61047050818978
0 165 98 110.37746673389537
0 159 99 220.53765828881043
0 166 100 139.3769729309594
0 162 101 212.6972554014639
0 164 102 126.10564445716568
0 180 103 138.40594732854058
0 169 104 200.72676822757626
0 183 106 166.64108364476118
0 175 107 163.00835493293346
0 177 108 110.80709615966585
0 172 109 160.73725301588047
0 182 110 118.56418269998623
0 170 111 105.14608141762945
0 176 112 172.5411277546885
0 194 113 143.51502145041633
0 192 117 177.744365426777
0 184 118 111.23871134227731
0 205 121 133.71298821209697
0 186 122 126.85808175840263
0 191 123 135.70924863972985
0 202 124 175.17906365140223
0 218 125 380.2199772124775
0 203 126 150.78792123142452
0 181 127 198.49316557917035
0 196 128 145.74947293874482
0 199 129 122.85994527358157
0 189 130 183.51963083462016
0 200 131 120.49298859342461
0 207 132 156.45652039098238
0 204 133 110.25716197368361
0 232 135 128.48166902561803
0 201 136 183.41351809207794
0 222 138 180.11771647558282
0 225 140 145.7580961077086
0 226 141 137.69526035493683
0 216 142 106.5597521814235
0 231 143 120.94786087534499
0 220 144 168.17949072653968
0 219 145 141.71584535407854
0 228 147 156.38059958515913
0 224 148 124.5171820663129
0 234 149 123.34334457380083
0 239 151 142.54538929335374
0 236 152 150.46047828902175
0 237 153 182.51229061996594
0 240 155 159.76382264948944
0 229 156 103.83717906171317
0 246 158 122.06083945521276
0 249 159 143.12418578213413
0 247 160 108.32549866246173
0 238 161 168.22056874805483
0 227 162 261.0065619506119
0 248 163 128.61075192587847
0 241 165 407.9443197335813
0 257 166 119.80766464968866
0 254 167 144.42619926564566
0 255 168 128.93760912617824
0 251 169 106.1518027794875
0 263 170 105.70710857133929
0 264 171 128.71971755527292
0 260 172 110.77475833824025
0 262 173 103.86356723827315
0 259 175 141.74828120699004
0 274 176 179.81598278453205
0 268 177 150.02718464382394
0 265 178 165.3758148303636
0 269 179 108.40119439430183
0 261 180 106.25485802394348
0 273 181 104.13756682855566
0 271 183 230.0810546317873
0 279 184 103.4718212983181
0 276 185 110.89594667544816
0 277 186 107.7126586585687
0 286 188 184.63693452709146
0 282 189 104.84908756470335
0 281 190 104.00318136409975
0 275 191 118.40768730327689
0 288 192 124.20331414327875
0 297 193 138.48859438073893
0 284 194 107.59131372131677
0 283 195 156.58654134678
0 293 196 121.52491706793566
0 292 197 149.32075816623262
0 290 198 151.8692064232325
0 285 199 142.46677056521736
0 300 201 215.05205270675037
0 298 202 105.15760808351176
0 314 203 189.2259554620372
0 305 204 106.60549029316037
0 299 205 182.83494370299366
0 295 206 166.79928648166702
0 326 207 175.3079107917103
0 303 208 203.1473078727014
0 310 209 154.91885263461157
0 306 210 141.1936427743314
0 313 212 226.93776206834934
0 301 213 110.4133150807431
0 307 214 124.88930611584965
0 338 216 229.69299203067172
0 309 218 112.47131019646528
0 308 219 115.94269241491484
0 302 220 163.44334662042343
0 315 221 107.67866665785242
0 317 222 113.62221914604218
0 328 223 171.98642947463162
0 318 224 147.28516215688296
0 321 225 262.53037086925275
0 316 226 124.96405942274751
0 347 227 230.06371751824824
0 312 228 110.1407705264283
0 324 230 124.50138124478407
0 327 232 303.9846076366973
0 322 234 117.607750220814
0 333 235 231.07796821765044
0 330 236 135.2750922309137
0 331 237 129.38567006407965
0 323 238 112.95221456403006
0 337 240 199.596719170425
0 336 241 112.91489649814204
0 329 242 111.45565643958868
0 335 243 115.72655884468345
0 344 244 161.4453119587124
0 346 245 111.94572333741691
0 339 247 278.8507315977009
0 340 248 114.19503542165006
0 342 249 121.28664116814802
0 334 250 134.4610487137524
0 332 251 350.3983727790105
0 345 252 250.94913929083438
0 350 253 113.17968070073489
0 341 254 137.3238844061598
0 351 255 104.86088345641322
0 352 256 129.81969632780655
0 356 257 180.23319470907384
0 349 258 188.47187528505765
0 348 259 108.73811678532084
0 355 260 132.51796773434
0 384 261 117.12739767035578
0 354 263 176.40236338482097
0 360 264 116.52220053756346
0 368 266 148.974696648996
0 361 267 106.58353380885018
0 357 268 114.5319881942845
0 364 269 110.46286551218864
0 365 270 119.21346417630718
0 369 271 130.66013475647233
0 367 272 103.39172504625975
0 372 274 105.34275606304837
0 374 275 112.89837769468478
0 380 276 137.21358352005683
0 370 277 157.24212651375348
0 381 278 107.35777469657756
0 382 279 139.8705923968969
0 378 280 106.22279528173497
0 385 281 162.32940127181712
0 383 282 108.39990566738709
0 388 283 131.67738678574747
0 386 284 126.49535840317367
0 389 285 111.3736253231566
0 387 286 153.96414719763072
0 391 289 120.38203745464115
0 392 290 138.91371157638827

0 624.0 12.0
0 448.0 42.0
0 615.0 45.0
0 614.0 50.0
0 488.0 54.0
0 612.0 56.0
0 216.0 62.0
0 317.0 71.0
0 597.0 78.0
0 592.0 80.0
0 242.0 82.0
0 301.0 82.0
0 526.0 85.0
0 518.0 87.0
0 341.0 90.0
0 513.0 90.0
0 245.0 92.0
0 558.0 94.0
0 577.0 94.0
0 259.0 95.0
0 499.0 95.0
0 329.0 101.0
0 489.0 101.0
0 268.0 102.0
0 353.0 104.0
0 544.0 104.0
0 440.0 105.0
0 258.0 107.0
0 277.0 109.0
0 359.0 112.0
0 528.0 114.0
0 266.0 115.0
0 286.0 117.0
0 271.0 121.0
0 367.0 121.0
0 296.0 124.0
0 370.0 126.0
0 424.0 126.0
0 435.0 130.0
0 408.0 132.0
0 472.0 132.0
0 306.0 133.0
0 447.0 135.0
0 495.0 136.0
0 316.0 142.0
0 484.0 145.0
0 408.0 148.0
0 325.0 151.0
0 432.0 154.0
0 334.0 159.0
0 426.0 162.0
0 424.0 168.0
0 345.0 169.0
0 395.0 170.0
0 350.0 172.0
0 414.0 172.0
0 520.0 176.0
0 396.0 178.0
0 443.0 178.0
0 359.0 180.0
0 386.0 182.0
0 279.0 188.0
0 290.0 188.0
0 335.0 188.0
0 274.0 189.0
0 268.0 191.0
0 410.0 191.0
0 260.0 192.0
0 377.0 193.0
0 547.0 193.0
0 306.0 195.0
0 512.0 195.0
0 258.0 197.0
0 319.0 197.0
0 389.0 197.0
0 500.0 198.0
0 396.0 199.0
0 307.0 200.0
0 371.0 201.0
0 402.0 201.0
0 328.0 203.0
0 520.0 204.0
0 509.0 206.0
0 501.0 208.0
0 463.0 210.0
0 577.0 210.0
0 368.0 211.0
0 345.0 213.0
0 301.0 214.0
0 519.0 214.0
0 310.0 215.0
0 330.0 216.0
0 399.0 216.0
0 388.0 217.0
0 451.0 217.0
0 364.0 218.0
0 424.0 218.0
0 325.0 220.0
0 507.0 220.0
0 356.0 222.0
0 340.0 224.0
0 452.0 224.0
0 463.0 224.0
0 365.0 225.0
0 458.0 225.0
0 447.0 226.0
0 385.0 228.0
0 412.0 228.0
0 501.0 229.0
0 311.0 230.0
0 325.0 230.0
0 478.0 230.0
0 512.0 230.0
0 364.0 231.0
0 399.0 231.0
0 83.0 233.0
0 569.0 234.0
0 305.0 235.0
0 418.0 237.0
0 280.0 238.0
0 382.0 239.0
0 397.0 239.0
0 410.0 239.0
0 495.0 239.0
0 323.0 240.0
0 274.0 241.0
0 334.0 241.0
0 436.0 241.0
0 312.0 242.0
0 361.0 244.0
0 431.0 245.0
0 486.0 245.0
0 379.0 248.0
0 452.0 248.0
0 276.0 251.0
0 368.0 251.0
0 496.0 251.0
0 321.0 252.0
0 326.0 252.0
0 423.0 252.0
0 311.0 253.0
0 337.0 253.0
0 413.0 253.0
0 378.0 254.0
0 448.0 254.0
0 359.0 257.0
0 396.0 257.0
0 457.0 258.0
0 491.0 258.0
0 411.0 260.0
0 250.0 261.0
0 335.0 261.0
0 385.0 261.0
0 465.0 261.0
0 245.0 262.0
0 395.0 262.0
0 480.0 262.0
0 239.0 264.0
0 312.0 264.0
0 326.0 265.0
0 357.0 266.0
0 469.0 266.0
0 500.0 267.0
0 339.0 269.0
0 416.0 270.0
0 380.0 271.0
0 416.0 275.0
0 322.0 276.0
0 391.0 276.0
0 479.0 277.0
0 353.0 278.0
0 372.0 278.0
0 455.0 278.0
0 337.0 279.0
0 391.0 281.0
0 447.0 281.0
0 370.0 283.0
0 408.0 283.0
0 322.0 285.0
0 462.0 285.0
0 490.0 285.0
0 344.0 288.0
0 373.0 289.0
0 328.0 291.0
0 433.0 292.0
0 447.0 293.0
0 475.0 293.0
0 408.0 296.0
0 328.0 297.0
0 399.0 297.0
0 460.0 297.0
0 502.0 299.0
0 346.0 300.0
0 377.0 301.0
0 486.0 301.0
0 446.0 302.0
0 473.0 305.0
0 445.0 307.0
0 409.0 308.0
0 509.0 308.0
0 210.0 309.0
0 345.0 309.0
0 458.0 309.0
0 356.0 310.0
0 424.0 310.0
0 331.0 313.0
0 471.0 313.0
0 208.0 314.0
0 337.0 314.0
0 380.0 314.0
0 444.0 314.0
0 368.0 315.0
0 353.0 316.0
0 480.0 316.0
0 408.0 317.0
0 444.0 319.0
0 206.0 320.0
0 368.0 320.0
0 456.0 320.0
0 468.0 320.0
0 516.0 321.0
0 425.0 322.0
0 390.0 323.0
0 349.0 324.0
0 443.0 324.0
0 368.0 325.0
0 409.0 325.0
0 204.0 326.0
0 479.0 327.0
0 382.0 328.0
0 402.0 329.0
0 442.0 329.0
0 336.0 330.0
0 409.0 330.0
0 458.0 331.0
0 359.0 332.0
0 409.0 335.0
0 442.0 335.0
0 476.0 335.0
0 339.0 336.0
0 351.0 336.0
0 386.0 337.0
0 428.0 337.0
0 373.0 339.0
0 363.0 340.0
0 409.0 341.0
0 463.0 341.0
0 340.0 342.0
0 440.0 343.0
0 424.0 344.0
0 475.0 344.0
0 507.0 345.0
0 360.0 348.0
0 374.0 348.0
0 461.0 348.0
0 389.0 349.0
0 423.0 349.0
0 523.0 349.0
0 348.0 350.0
0 439.0 350.0
0 507.0 350.0
0 195.0 351.0
0 471.0 351.0
0 357.0 354.0
0 410.0 354.0
0 378.0 356.0
0 350.0 361.0
0 457.0 362.0
0 470.0 362.0
0 399.0 363.0
0 409.0 363.0
0 378.0 364.0
0 437.0 364.0
0 322.0 365.0
0 390.0 367.0
0 411.0 371.0
0 362.0 375.0
0 459.0 377.0
0 382.0 379.0
0 409.0 379.0
0 434.0 380.0
0 410.0 384.0
0 447.0 384.0
0 383.0 391.0
0 410.0 391.0
0 434.0 391.0
0 359.0 392.0
0 388.0 392.0
0 421.0 393.0
0 426.0 399.0
0 407.0 401.0
1 570.0 25.0
1 389.0 38.0
1 568.0 39.0
1 387.0 50.0
1 142.0 54.0
1 432.0 56.0
1 563.0 56.0
1 252.0 62.0
1 384.0 64.0
1 559.0 65.0
1 165.0 71.0
1 263.0 72.0
1 174.0 78.0
1 275.0 81.0
1 184.0 85.0
1 280.0 86.0
1 176.0 87.0
1 473.0 87.0
1 135.0 89.0
1 540.0 90.0
1 192.0 92.0
1 286.0 92.0
1 180.0 93.0
1 533.0 95.0
1 528.0 98.0
1 203.0 100.0
1 517.0 100.0
1 293.0 101.0
1 286.0 102.0
1 401.0 103.0
1 192.0 105.0
1 504.0 105.0
1 587.0 106.0
1 276.0 107.0
1 314.0 108.0
1 214.0 109.0
1 301.0 110.0
1 477.0 110.0
1 496.0 110.0
1 382.0 111.0
1 292.0 113.0
1 511.0 113.0
1 467.0 114.0
1 503.0 116.0
1 224.0 117.0
1 249.0 117.0
1 376.0 117.0
1 455.0 118.0
1 481.0 118.0
1 308.0 119.0
1 476.0 120.0
1 207.0 121.0
1 495.0 121.0
1 291.0 122.0
1 332.0 124.0
1 220.0 125.0
1 235.0 125.0
1 368.0 127.0
1 314.0 128.0
1 436.0 128.0
1 462.0 128.0
1 551.0 130.0
1 298.0 132.0
1 246.0 135.0
1 426.0 135.0
1 365.0 136.0
1 239.0 138.0
1 356.0 140.0
1 303.0 141.0
1 376.0 141.0
1 467.0 141.0
1 440.0 142.0
1 257.0 144.0
1 102.0 145.0
1 353.0 146.0
1 67.0 147.0
1 312.0 149.0
1 403.0 151.0
1 327.0 152.0
1 268.0 154.0
1 259.0 156.0
1 318.0 156.0
1 421.0 157.0
1 248.0 159.0
1 599.0 159.0
1 393.0 160.0
1 264.0 161.0
1 277.0 161.0
1 316.0 163.0
1 440.0 164.0
1 114.0 167.0
1 410.0 167.0
1 505.0 167.0
1 348.0 168.0
1 286.0 169.0
1 320.0 170.0
1 275.0 171.0
1 294.0 176.0
1 403.0 176.0
1 325.0 177.0
1 342.0 179.0
1 376.0 180.0
1 463.0 180.0
1 286.0 181.0
1 303.0 184.0
1 342.0 184.0
1 332.0 187.0
1 296.0 189.0
1 217.0 190.0
1 227.0 190.0
1 212.0 191.0
1 275.0 191.0
1 207.0 192.0
1 238.0 193.0
1 202.0 194.0
1 280.0 194.0
1 249.0 196.0
1 304.0 196.0
1 366.0 196.0
1 244.0 197.0
1 323.0 198.0
1 444.0 199.0
1 192.0 201.0
1 260.0 201.0
1 454.0 201.0
1 312.0 202.0
1 359.0 202.0
1 461.0 202.0
1 331.0 205.0
1 247.0 206.0
1 270.0 206.0
1 342.0 206.0
1 377.0 207.0
1 433.0 207.0
1 321.0 209.0
1 352.0 209.0
1 447.0 210.0
1 465.0 210.0
1 454.0 211.0
1 406.0 212.0
1 344.0 213.0
1 307.0 214.0
1 424.0 214.0
1 384.0 215.0
1 287.0 216.0
1 302.0 218.0
1 359.0 218.0
1 307.0 220.0
1 464.0 220.0
1 252.0 221.0
1 295.0 221.0
1 318.0 221.0
1 332.0 221.0
1 375.0 221.0
1 400.0 221.0
1 243.0 222.0
1 272.0 222.0
1 370.0 222.0
1 267.0 223.0
1 300.0 223.0
1 495.0 223.0
1 341.0 224.0
1 392.0 225.0
1 305.0 226.0
1 408.0 226.0
1 452.0 227.0
1 280.0 228.0
1 367.0 228.0
1 460.0 228.0
1 397.0 233.0
1 421.0 233.0
1 245.0 234.0
1 254.0 235.0
1 288.0 235.0
1 383.0 235.0
1 357.0 236.0
1 458.0 236.0
1 445.0 237.0
1 283.0 239.0
1 435.0 239.0
1 316.0 240.0
1 382.0 240.0
1 267.0 241.0
1 338.0 242.0
1 364.0 242.0
1 258.0 243.0
1 357.0 243.0
1 428.0 244.0
1 253.0 245.0
1 379.0 245.0
1 409.0 245.0
1 441.0 245.0
1 248.0 246.0
1 285.0 246.0
1 316.0 246.0
1 237.0 250.0
1 255.0 252.0
1 291.0 252.0
1 303.0 252.0
1 316.0 252.0
1 429.0 252.0
1 442.0 252.0
1 269.0 254.0
1 280.0 254.0
1 395.0 254.0
1 347.0 255.0
1 413.0 255.0
1 336.0 256.0
1 488.0 256.0
1 493.0 256.0
1 499.0 256.0
1 532.0 256.0
1 555.0 256.0
1 429.0 257.0
1 446.0 257.0
1 238.0 258.0
1 361.0 258.0
1 251.0 259.0
1 217.0 260.0
1 314.0 262.0
1 389.0 262.0
1 239.0 263.0
1 269.0 263.0
1 397.0 264.0
1 436.0 265.0
1 256.0 266.0
1 283.0 266.0
1 441.0 266.0
1 405.0 267.0
1 426.0 267.0
1 446.0 267.0
1 333.0 268.0
1 322.0 269.0
1 291.0 271.0
1 361.0 271.0
1 222.0 272.0
1 343.0 272.0
1 415.0 273.0
1 420.0 274.0
1 282.0 275.0
1 350.0 276.0
1 345.0 277.0
1 407.0 277.0
1 431.0 277.0
1 444.0 278.0
1 193.0 279.0
1 259.0 279.0
1 311.0 279.0
1 285.0 280.0
1 273.0 281.0
1 278.0 281.0
1 425.0 282.0
1 415.0 283.0
1 390.0 284.0
1 266.0 286.0
1 341.0 286.0
1 360.0 287.0
1 368.0 287.0
1 421.0 288.0
1 396.0 289.0
1 405.0 289.0
1 434.0 289.0
1 284.0 290.0
1 310.0 291.0
1 330.0 291.0
1 265.0 293.0
1 276.0 294.0
1 397.0 294.0
1 359.0 295.0
1 413.0 295.0
1 318.0 297.0
1 270.0 298.0
1 281.0 298.0
1 292.0 299.0
1 327.0 299.0
1 446.0 300.0
1 397.0 302.0
1 423.0 302.0
1 309.0 303.0
1 382.0 303.0
1 270.0 304.0
1 410.0 305.0
1 348.0 307.0
1 396.0 307.0
1 429.0 307.0
1 455.0 310.0
1 272.0 311.0
1 370.0 311.0
1 306.0 312.0
1 344.0 312.0
1 360.0 312.0
1 386.0 312.0
1 396.0 312.0
1 420.0 312.0
1 321.0 314.0
1 415.0 314.0
1 288.0 315.0
1 328.0 316.0
1 407.0 316.0
1 275.0 320.0
1 296.0 320.0
1 425.0 321.0
1 462.0 321.0
1 280.0 322.0
1 305.0 322.0
1 372.0 322.0
1 394.0 322.0
1 359.0 323.0
1 415.0 323.0
1 404.0 326.0
1 328.0 327.0
1 450.0 328.0
1 423.0 329.0
1 302.0 331.0
1 315.0 331.0
1 377.0 331.0
1 358.0 332.0
1 339.0 333.0
1 392.0 333.0
1 280.0 334.0
1 469.0 335.0
1 327.0 337.0
1 405.0 337.0
1 420.0 337.0
1 352.0 338.0
1 300.0 339.0
1 151.0 341.0
1 286.0 341.0
1 310.0 342.0
1 377.0 343.0
1 359.0 344.0
1 390.0 344.0
1 462.0 344.0
1 318.0 345.0
1 418.0 346.0
1 326.0 347.0
1 338.0 348.0
1 296.0 349.0
1 149.0 350.0
1 286.0 350.0
1 388.0 350.0
1 408.0 350.0
1 375.0 351.0
1 399.0 351.0
1 317.0 352.0
1 306.0 353.0
1 359.0 353.0
1 148.0 355.0
1 387.0 357.0
1 292.0 358.0
1 325.0 358.0
1 338.0 360.0
1 367.0 360.0
1 147.0 361.0
1 302.0 361.0
1 459.0 361.0
1 475.0 361.0
1 414.0 362.0
1 468.0 363.0
1 294.0 364.0
1 358.0 364.0
1 403.0 365.0
1 315.0 366.0
1 144.0 367.0
1 347.0 369.0
1 358.0 369.0
1 368.0 369.0
1 384.0 370.0
1 297.0 371.0
1 326.0 371.0
1 405.0 375.0
1 318.0 376.0
1 338.0 376.0
1 348.0 377.0
1 358.0 378.0
1 399.0 378.0
1 294.0 381.0
1 345.0 384.0
1 380.0 384.0
1 284.0 385.0
1 314.0 385.0
1 330.0 385.0
1 358.0 385.0
1 394.0 386.0
1 137.0 387.0
1 358.0 390.0
1 358.0 395.0
1 305.0 396.0
1 330.0 397.0
1 379.0 397.0
1 280.0 400.0
1 374.0 402.0
1 352.0 406.0
1 360.0 407.0
