0 1 1 119.15180235642968
0 3 2 132.7795134224138
0 2 3 309.4580864182444
0 5 5 147.24751965681247
0 6 6 227.3620474110915
0 7 9 185.4428619620767
0 10 11 207.76192625035725
0 12 12 183.06323025352353
0 17 13 306.9409530012436
0 13 14 143.69401491342583
0 14 16 210.52412579561178
0 16 17 149.87074406556744
0 18 18 180.5914047477372
0 19 19 272.079889943423
0 15 20 480.70341043031596
0 20 22 228.77548668879803
0 22 23 167.0645913363133
0 33 24 374.1052150402765
0 23 25 146.7767190642105
0 24 27 169.73083688456418
0 27 28 107.92303926200813
0 28 29 493.8410408352597
0 31 34 222.53502556990955
0 32 35 143.35428122813656
0 37 36 208.2868598407136
0 35 37 186.19076489271114
0 39 38 227.07243222275633
0 36 40 249.87844330578804
0 43 48 231.21915992050694
0 40 49 136.95108541133408
0 42 50 188.73582151223178
0 45 52 282.4723903924594
0 44 54 133.99120782370156
0 46 57 321.22227167296217
0 50 60 202.0662474160164
0 59 64 308.04827025053453
0 54 65 168.0705524588354
0 52 67 153.90131179066827
0 56 71 243.590156453517
0 68 73 296.24316170391745
0 57 75 114.85154343850976
0 64 77 264.3817019394308
0 61 79 258.54035146981
0 66 83 434.50801833342797
0 67 85 178.36110189744767
0 63 86 162.2339159187164
0 65 90 138.39650529607084
0 76 91 185.39829067120564
0 77 95 242.54135307910934
0 75 97 391.6407474809913
0 72 98 116.43062189335254
0 79 100 411.5714937728443
0 82 101 230.97605504254975
0 80 103 118.67193267030127
0 81 104 223.799235581446
0 83 106 151.03359047513078
0 87 107 423.2381146027883
0 90 110 174.8199930560563
0 94 111 129.81183136393594
0 88 112 420.06622273638936
0 86 113 187.04368205859788
0 89 115 349.3241808258744
0 95 117 379.27169107964556
0 98 119 244.31136957207107
0 96 120 130.23721000819359
0 93 121 192.04312736094568
0 92 122 238.83667522901092
0 111 123 206.9643718572787
0 97 124 156.91220362241145
0 103 125 335.525530570288
0 99 127 145.57679408919142
0 101 128 174.93289824326965
0 102 130 255.88075869185718
0 107 136 202.1172220220726
0 104 139 210.18238289157222
0 124 142 175.75084409497023
0 112 143 113.48858415056307
0 114 144 177.29557402943362
0 106 145 205.14539402430177
0 113 146 314.28248155766113
0 116 147 120.61031758846308
0 117 148 407.01207986936095
0 121 149 124.00849547412145
0 129 150 139.4637402684416
0 120 152 364.8898966470341
0 119 156 119.03793441865507
0 137 158 112.72413855195187
0 127 159 289.2736414620329
0 126 160 129.64288970798464
0 128 161 415.5747751563696
0 130 162 260.29390009866586
0 125 164 362.93494793355586
0 131 165 192.92046103452424
0 136 166 177.42209449283706
0 133 167 131.49873393830697
0 139 168 247.1700338368282
0 149 169 309.00453822125303
0 132 170 117.99786429217632
0 143 171 200.88917189932295
0 154 174 120.07732602538934
0 138 176 190.8833849171869
0 155 177 256.8774700138037
0 142 178 194.0608452786924
0 141 179 158.17779116991414
0 134 180 476.5442592558271
0 144 181 183.6726659573988
0 161 183 376.79818199519895
0 150 185 236.87973943987708
0 156 186 172.96214871542955
0 167 187 229.05032577849246
0 140 188 212.0069018560443
0 148 189 138.10426939773254
0 152 190 377.7700169709481
0 159 191 247.3867429868855
0 168 192 247.39796053038066
0 158 194 373.8245522719292
0 174 195 226.2648320439852
0 147 197 177.452626671219
0 153 199 188.00646903362534
0 175 200 282.11031334742773
0 171 202 259.43641616485945
0 188 203 342.45331564309953
0 157 204 151.95331813608382
0 187 205 422.56982972874096
0 163 207 186.6560395251341
0 169 209 381.19722379660686
0 190 210 452.8055051717593
0 164 211 284.42409482014733
0 191 214 296.3160722951042
0 196 215 194.40018344782018
0 166 216 368.3403907031968
0 176 217 446.47296025232305
0 195 218 351.291230437338
0 181 219 197.61480109561313
0 182 220 118.807484782258
0 189 222 123.07385333793823
0 183 223 186.89605596137494
0 194 225 157.40229235656915
0 192 228 178.58509459023034
0 198 229 419.6922092462804
0 213 230 376.76365823662195
0 180 231 118.99174430487822
0 205 232 174.89919735260005
0 218 233 284.59148704643655
0 200 236 125.26021004650553
0 202 237 110.84471810939678
0 193 238 353.2212045368034
0 231 239 345.12932051521256
0 229 240 306.3402876935943
0 204 241 219.0711539222398
0 220 242 229.31468295572256
0 203 243 370.9150786302429
0 219 244 121.0369407172636
0 201 245 270.995890209715
0 225 247 167.32703661719094
0 199 248 216.24929406025865
0 212 250 268.96725806264146
0 247 254 349.5901167518439
0 222 256 115.88731259214069
0 221 257 186.36068820937533
0 207 259 491.3652967073648
0 234 260 108.47425365023415
0 227 265 453.0551937368633
0 253 267 324.1126402978467
0 211 268 140.03095047298336
0 215 269 259.83815963168723
0 241 270 113.52625171958559
0 226 272 374.5489485885332
0 240 274 178.74960206165093
0 243 277 125.21871009297428
0 242 278 144.94467775559377
0 270 280 245.49105663612224
0 256 281 377.96461118999196
0 239 287 431.9480937771259
0 250 288 116.9647613421835
0 214 289 157.4893052836949
0 246 290 188.89411054728708
0 235 292 299.3426839026026
0 206 294 132.57231467080223
0 232 295 133.4613119912534
0 244 297 470.75793169692554
0 254 298 302.3344797700075
0 274 300 106.0179599454808
0 230 301 118.61502253317053
0 261 302 129.39739551855936
0 280 303 212.2460215610945
0 321 304 152.6952730513469
0 266 305 196.49503837969397
0 248 306 265.575988706557
0 252 308 150.42288126984434
0 273 309 217.6407653015788
0 258 311 206.19887765197106
0 290 314 147.964728456866
0 293 315 149.2291542177218
0 260 317 243.61838267763022
0 265 318 352.73611380928236
0 275 322 473.9897282829606
0 302 324 149.00389730275955
0 286 326 200.60038250725486
0 295 327 295.12087583472777
0 264 331 333.0948404716238
0 313 332 134.53422784305445
0 292 334 303.9035810057363
0 304 335 236.33278557854686
0 296 336 292.72873248974037
0 276 337 483.3208209866336
0 282 339 457.02937861271977
0 285 341 284.19252173531544
0 319 343 170.64981069273045
0 284 344 291.9016135285965
0 329 347 157.8711151427098
0 333 348 154.9690938687545
0 338 349 429.34018873246663
0 300 350 195.16049612493276
0 306 352 140.56694576935553
0 318 353 151.3862350294052
0 328 355 148.3972253428452
0 332 357 154.4155826943382
0 341 359 315.8361743068688
0 303 360 286.99157348370215
0 307 361 223.93896316940896
0 301 362 363.4843043726423
0 320 363 379.25218634589896
0 325 364 239.54290257095886
0 335 365 116.7620369935398
0 343 366 158.0758505571638
0 355 367 412.08797106456075
0 351 370 108.9342321530859
0 350 371 109.42485673922431
0 311 372 219.86451713219478
0 353 373 181.2269175488092
0 327 374 215.3667741240223
0 312 376 454.0192922564417
0 345 378 170.10955027556136
0 349 379 116.78926585626898
0 309 381 271.19910505609204
0 340 382 158.12892077293574
0 344 383 117.59798982012792
0 365 384 208.3750747768989
0 367 387 166.0713732451841
0 370 388 260.9345074016681
0 374 389 311.74542486914925
0 322 390 318.96239031828435
0 364 393 114.8059833286094
0 369 394 143.91110822135553
0 334 395 164.98891253772732
0 354 396 150.00172557431674
0 383 397 281.4621313993665
0 357 398 110.27319953401513
0 360 399 204.58662254601646
0 348 401 396.279971726708
0 380 402 235.0426134463182
0 347 403 207.45661978045024
0 356 404 354.71559847945946
0 385 405 392.934069804915
0 339 406 240.31159749578973
0 363 408 117.79127320918778
0 398 410 328.426432457283
0 379 411 195.04167818549055
0 358 412 385.98574813655625
0 371 413 198.02522632090464
0 403 414 459.71427085897193
0 382 415 198.77410195296565
0 387 416 112.46535401796862
0 377 417 121.09686346776907
0 399 418 357.44177504616835
0 361 420 124.30380356443624
0 408 421 447.3176649742606
0 388 422 244.76392555607686
0 368 424 249.23610125894032
0 404 426 153.29225064974995
0 416 427 217.25182888281657
0 415 428 292.91555735733755
0 417 429 324.5976850487224
0 389 430 135.73345809723347
0 392 434 134.3881106221712
0 401 436 109.89163986712826
0 378 439 301.55727694606594
0 412 440 108.165127346567
0 410 441 280.2191182740114
0 421 442 165.80883417541236
0 391 443 359.8297709886827
0 431 444 311.920288352901
0 394 445 165.35545692593604
0 397 446 228.03629124278245
0 395 447 412.90345445024366
0 439 448 423.3761866767927
0 405 449 306.47033722445974
0 418 450 170.8090422864273
0 419 451 145.84395289136674
0 434 452 139.79384735011703
0 427 453 448.43674616112673
0 430 454 168.7168562934439
0 414 455 288.7546345236427
0 425 456 145.74738377823053
0 420 457 316.30521353909154
0 438 458 167.40460644608697
0 437 459 130.21585112507935
0 451 461 191.3863013798641
0 423 462 297.5529920211351
0 432 463 170.8838350169746
0 445 465 156.54270961425973
0 436 467 159.7846834585886
0 442 468 112.6877506089708
0 450 469 121.72726420534603
0 446 470 121.70997373443062
0 435 471 245.42271752460505
0 457 473 141.12021105262278
0 422 474 194.01865432327483
0 444 476 136.25047610307703
0 458 477 117.31655181185903
0 449 479 122.49504973627798
0 459 480 121.42766465406842
0 473 481 119.1383321174899
0 456 482 144.21625230994894
0 466 484 153.37676865080277
0 478 485 404.1428870129607
0 464 486 174.40549873904067
0 465 487 147.78922428965714
0 486 488 174.11700092542247
0 462 490 164.41081379414152
0 483 491 255.22929989163123
0 476 492 277.27688418637257
0 471 494 153.9955629435106
0 484 495 393.0067852941411
0 482 496 190.37016461241555
0 489 497 149.41649322393303
0 470 498 125.85100234303239
0 491 500 155.54573627340687
0 474 501 116.67131435841895
0 485 505 109.07628909519012
0 490 506 107.17246495859409
0 480 507 109.31700265069304
0 487 508 111.93793312673644
0 481 509 120.4653030000479
0 461 510 207.36167095487107
0 494 511 263.67090171238505
0 498 512 125.61855503758213
0 492 514 126.2862921634181
0 507 515 212.85159485666227
0 499 516 106.6530846831881
0 511 517 241.24271253857125
0 509 518 473.92194526677366
0 495 520 125.58166760307152
0 440 521 107.05672580628591
0 502 522 121.85514350352015
0 501 523 113.34451112777857
0 517 524 109.81908917506811
0 497 526 128.40180422991133
0 520 529 130.2201364914861
0 525 530 237.72466264205804
0 506 531 167.52415723762542
0 508 532 117.00682036995774
0 516 534 136.1334523954903
0 519 535 107.902917052236
0 510 536 113.88953095319022
0 513 537 116.8603971224168
0 526 538 137.36842109572524
0 530 539 262.1287228103737
0 528 542 131.35052468288617
0 538 544 232.66922612926226
0 512 545 153.70469162024756
0 523 546 215.30599699753577
0 529 547 161.632033810015
0 531 549 115.89847239393616
0 537 550 154.57986595756972
0 545 553 164.93966758257125
0 544 554 108.59375455111169
0 536 555 129.38863365912084
0 543 557 107.38634712540235
0 505 558 304.39988888830425
0 532 559 156.00262031188035
0 541 560 119.7613370095743
0 503 561 184.7078978591797
0 540 562 119.7044792244374
0 548 564 107.19239781393448
0 551 565 132.02328968811995
0 542 566 128.2207021531125
0 546 567 136.44708784738683
0 549 569 114.65488108664393
0 553 570 164.91734186196427
0 550 571 139.86225533382105
0 555 573 121.25773083067305
0 556 574 107.45293078466658
0 552 575 130.28690940551897
0 558 576 141.1176471330406
0 559 577 107.08041541841115

0 946.0 43.0
0 680.0 67.0
0 235.0 96.0
0 737.0 99.0
0 936.0 107.0
0 451.0 110.0
0 271.0 123.0
0 929.0 123.0
0 473.0 131.0
0 285.0 135.0
0 479.0 140.0
0 300.0 147.0
0 485.0 150.0
0 477.0 152.0
0 285.0 154.0
0 299.0 159.0
0 314.0 159.0
0 292.0 161.0
0 492.0 161.0
0 883.0 164.0
0 646.0 165.0
0 899.0 165.0
0 331.0 171.0
0 472.0 173.0
0 658.0 174.0
0 501.0 175.0
0 643.0 176.0
0 305.0 177.0
0 487.0 178.0
0 879.0 178.0
0 316.0 179.0
0 858.0 180.0
0 872.0 181.0
0 408.0 183.0
0 349.0 186.0
0 477.0 188.0
0 835.0 190.0
0 511.0 191.0
0 638.0 192.0
0 860.0 194.0
0 495.0 196.0
0 636.0 197.0
0 686.0 197.0
0 348.0 198.0
0 699.0 199.0
0 365.0 200.0
0 337.0 201.0
0 466.0 203.0
0 808.0 203.0
0 331.0 204.0
0 482.0 204.0
0 720.0 207.0
0 520.0 208.0
0 658.0 210.0
0 358.0 211.0
0 731.0 213.0
0 383.0 215.0
0 681.0 215.0
0 781.0 218.0
0 744.0 220.0
0 487.0 221.0
0 643.0 221.0
0 361.0 222.0
0 371.0 223.0
0 527.0 223.0
0 614.0 224.0
0 401.0 231.0
0 369.0 232.0
0 650.0 232.0
0 665.0 232.0
0 735.0 232.0
0 777.0 232.0
0 510.0 233.0
0 757.0 234.0
0 179.0 235.0
0 386.0 236.0
0 752.0 237.0
0 510.0 240.0
0 747.0 240.0
0 600.0 241.0
0 622.0 242.0
0 568.0 245.0
0 397.0 246.0
0 419.0 247.0
0 758.0 248.0
0 512.0 250.0
0 402.0 252.0
0 649.0 252.0
0 727.0 254.0
0 590.0 255.0
0 419.0 257.0
0 518.0 258.0
0 741.0 261.0
0 437.0 263.0
0 604.0 263.0
0 542.0 264.0
0 630.0 267.0
0 708.0 267.0
0 419.0 268.0
0 640.0 268.0
0 579.0 270.0
0 524.0 271.0
0 397.0 272.0
0 427.0 276.0
0 453.0 277.0
0 616.0 277.0
0 507.0 279.0
0 692.0 280.0
0 589.0 282.0
0 631.0 286.0
0 441.0 289.0
0 708.0 289.0
0 618.0 290.0
0 468.0 291.0
0 720.0 291.0
0 568.0 293.0
0 447.0 296.0
0 582.0 296.0
0 614.0 299.0
0 546.0 301.0
0 424.0 303.0
0 483.0 303.0
0 514.0 304.0
0 691.0 304.0
0 535.0 306.0
0 557.0 306.0
0 628.0 307.0
0 462.0 309.0
0 517.0 309.0
0 545.0 311.0
0 576.0 312.0
0 487.0 314.0
0 467.0 315.0
0 476.0 315.0
0 679.0 316.0
0 499.0 318.0
0 368.0 320.0
0 606.0 320.0
0 492.0 321.0
0 359.0 323.0
0 382.0 323.0
0 594.0 323.0
0 780.0 323.0
0 477.0 324.0
0 541.0 324.0
0 343.0 327.0
0 399.0 328.0
0 356.0 330.0
0 555.0 331.0
0 487.0 332.0
0 662.0 332.0
0 518.0 333.0
0 416.0 334.0
0 625.0 335.0
0 510.0 336.0
0 596.0 336.0
0 326.0 337.0
0 523.0 337.0
0 760.0 337.0
0 545.0 338.0
0 495.0 339.0
0 567.0 340.0
0 602.0 340.0
0 516.0 342.0
0 434.0 343.0
0 527.0 344.0
0 649.0 344.0
0 505.0 347.0
0 644.0 348.0
0 589.0 349.0
0 409.0 350.0
0 608.0 350.0
0 449.0 352.0
0 603.0 354.0
0 747.0 355.0
0 492.0 356.0
0 529.0 356.0
0 763.0 356.0
0 516.0 357.0
0 573.0 357.0
0 428.0 358.0
0 539.0 358.0
0 506.0 361.0
0 774.0 361.0
0 465.0 362.0
0 553.0 363.0
0 627.0 364.0
0 732.0 364.0
0 405.0 365.0
0 416.0 367.0
0 440.0 367.0
0 536.0 369.0
0 602.0 370.0
0 478.0 371.0
0 496.0 371.0
0 690.0 371.0
0 722.0 371.0
0 392.0 373.0
0 491.0 373.0
0 414.0 374.0
0 752.0 375.0
0 427.0 376.0
0 627.0 376.0
0 775.0 376.0
0 406.0 379.0
0 694.0 379.0
0 710.0 379.0
0 390.0 380.0
0 489.0 380.0
0 526.0 380.0
0 670.0 380.0
0 510.0 381.0
0 449.0 382.0
0 618.0 382.0
0 678.0 382.0
0 767.0 382.0
0 579.0 383.0
0 613.0 383.0
0 607.0 386.0
0 388.0 387.0
0 543.0 387.0
0 684.0 387.0
0 553.0 388.0
0 523.0 390.0
0 482.0 391.0
0 598.0 392.0
0 692.0 392.0
0 737.0 392.0
0 462.0 393.0
0 676.0 393.0
0 770.0 393.0
0 404.0 396.0
0 664.0 396.0
0 684.0 397.0
0 721.0 397.0
0 515.0 399.0
0 536.0 399.0
0 565.0 400.0
0 500.0 401.0
0 744.0 402.0
0 759.0 403.0
0 524.0 405.0
0 711.0 405.0
0 476.0 407.0
0 585.0 408.0
0 409.0 409.0
0 447.0 409.0
0 604.0 409.0
0 393.0 410.0
0 403.0 410.0
0 464.0 410.0
0 398.0 411.0
0 493.0 411.0
0 720.0 411.0
0 700.0 413.0
0 512.0 414.0
0 547.0 414.0
0 531.0 415.0
0 649.0 416.0
0 507.0 417.0
0 624.0 418.0
0 418.0 419.0
0 429.0 419.0
0 728.0 419.0
0 406.0 420.0
0 454.0 420.0
0 584.0 420.0
0 748.0 420.0
0 378.0 423.0
0 470.0 423.0
0 557.0 423.0
0 709.0 423.0
0 504.0 424.0
0 640.0 424.0
0 583.0 425.0
0 723.0 425.0
0 447.0 428.0
0 528.0 429.0
0 595.0 429.0
0 584.0 430.0
0 634.0 430.0
0 723.0 430.0
0 411.0 431.0
0 421.0 431.0
0 737.0 431.0
0 403.0 432.0
0 438.0 432.0
0 469.0 432.0
0 553.0 432.0
0 332.0 433.0
0 455.0 433.0
0 714.0 433.0
0 398.0 435.0
0 498.0 435.0
0 298.0 436.0
0 358.0 438.0
0 396.0 440.0
0 443.0 440.0
0 452.0 443.0
0 694.0 443.0
0 655.0 444.0
0 298.0 446.0
0 555.0 446.0
0 731.0 446.0
0 916.0 446.0
0 593.0 447.0
0 425.0 448.0
0 461.0 448.0
0 403.0 449.0
0 605.0 449.0
0 435.0 450.0
0 527.0 450.0
0 689.0 451.0
0 414.0 454.0
0 709.0 454.0
0 726.0 454.0
0 449.0 455.0
0 518.0 455.0
0 508.0 457.0
0 736.0 457.0
0 683.0 458.0
0 471.0 459.0
0 457.0 460.0
0 632.0 460.0
0 719.0 461.0
0 486.0 462.0
0 557.0 462.0
0 638.0 462.0
0 668.0 462.0
0 544.0 463.0
0 441.0 466.0
0 428.0 467.0
0 711.0 467.0
0 447.0 468.0
0 646.0 468.0
0 694.0 468.0
0 567.0 470.0
0 434.0 471.0
0 499.0 471.0
0 454.0 472.0
0 459.0 472.0
0 505.0 472.0
0 449.0 473.0
0 666.0 473.0
0 407.0 474.0
0 418.0 474.0
0 580.0 474.0
0 702.0 474.0
0 713.0 474.0
0 730.0 474.0
0 552.0 475.0
0 721.0 475.0
0 536.0 477.0
0 656.0 477.0
0 694.0 477.0
0 590.0 478.0
0 636.0 478.0
0 680.0 478.0
0 432.0 480.0
0 686.0 482.0
0 488.0 483.0
0 603.0 483.0
0 446.0 484.0
0 499.0 484.0
0 563.0 484.0
0 643.0 485.0
0 663.0 486.0
0 728.0 486.0
0 425.0 488.0
0 611.0 488.0
0 716.0 488.0
0 694.0 489.0
0 468.0 491.0
0 665.0 491.0
0 531.0 493.0
0 441.0 494.0
0 474.0 494.0
0 542.0 494.0
0 620.0 495.0
0 651.0 495.0
0 552.0 496.0
0 483.0 497.0
0 565.0 497.0
0 596.0 498.0
0 671.0 498.0
0 428.0 500.0
0 436.0 500.0
0 706.0 500.0
0 722.0 501.0
0 673.0 503.0
0 436.0 505.0
0 447.0 505.0
0 477.0 505.0
0 659.0 505.0
0 695.0 505.0
0 460.0 506.0
0 626.0 507.0
0 677.0 508.0
0 558.0 510.0
0 637.0 511.0
0 720.0 511.0
0 544.0 512.0
0 695.0 513.0
0 455.0 514.0
0 472.0 514.0
0 707.0 514.0
0 481.0 516.0
0 682.0 516.0
0 505.0 518.0
0 622.0 518.0
0 669.0 519.0
0 645.0 520.0
0 462.0 523.0
0 481.0 523.0
0 716.0 524.0
0 536.0 525.0
0 593.0 525.0
0 504.0 526.0
0 689.0 526.0
0 625.0 527.0
0 425.0 528.0
0 715.0 529.0
0 539.0 530.0
0 544.0 530.0
0 444.0 531.0
0 596.0 531.0
0 677.0 532.0
0 702.0 532.0
0 658.0 533.0
0 714.0 535.0
0 505.0 536.0
0 625.0 536.0
0 444.0 537.0
0 534.0 537.0
0 486.0 538.0
0 456.0 539.0
0 558.0 539.0
0 577.0 539.0
0 664.0 539.0
0 443.0 544.0
0 606.0 544.0
0 625.0 544.0
0 681.0 546.0
0 474.0 548.0
0 669.0 551.0
0 412.0 553.0
0 430.0 553.0
0 491.0 553.0
0 650.0 553.0
0 457.0 554.0
0 504.0 555.0
0 560.0 555.0
0 677.0 556.0
0 705.0 556.0
0 623.0 558.0
0 494.0 561.0
0 519.0 562.0
0 524.0 563.0
0 623.0 563.0
0 599.0 564.0
0 604.0 564.0
0 674.0 568.0
0 480.0 569.0
0 495.0 569.0
0 649.0 570.0
0 606.0 571.0
0 524.0 572.0
0 529.0 572.0
0 561.0 573.0
0 622.0 574.0
0 595.0 575.0
0 461.0 576.0
0 398.0 578.0
0 690.0 578.0
0 412.0 579.0
0 479.0 579.0
0 501.0 579.0
0 621.0 580.0
0 164.0 581.0
0 524.0 582.0
0 606.0 582.0
0 672.0 583.0
0 549.0 584.0
0 533.0 586.0
0 590.0 588.0
0 653.0 588.0
0 471.0 589.0
0 563.0 590.0
0 719.0 590.0
0 546.0 592.0
0 506.0 593.0
0 661.0 593.0
0 600.0 594.0
0 521.0 595.0
0 563.0 596.0
0 698.0 596.0
0 620.0 598.0
0 682.0 599.0
0 535.0 600.0
0 605.0 600.0
0 672.0 601.0
0 507.0 602.0
0 440.0 605.0
0 488.0 607.0
0 664.0 607.0
0 564.0 608.0
0 619.0 609.0
0 475.0 610.0
0 590.0 610.0
0 511.0 611.0
0 431.0 614.0
0 641.0 614.0
0 665.0 614.0
0 691.0 614.0
0 483.0 618.0
0 716.0 620.0
0 618.0 621.0
0 684.0 621.0
0 540.0 623.0
0 645.0 624.0
0 581.0 625.0
0 143.0 626.0
0 589.0 626.0
0 568.0 629.0
0 672.0 629.0
0 708.0 629.0
0 518.0 630.0
0 730.0 630.0
0 499.0 632.0
0 659.0 633.0
0 690.0 634.0
0 519.0 636.0
0 549.0 636.0
0 706.0 636.0
0 588.0 638.0
0 617.0 638.0
0 488.0 639.0
0 568.0 639.0
0 633.0 641.0
0 658.0 641.0
0 728.0 641.0
0 714.0 642.0
0 617.0 646.0
0 605.0 647.0
0 676.0 649.0
0 547.0 650.0
0 500.0 651.0
0 594.0 651.0
0 557.0 653.0
0 570.0 655.0
0 631.0 655.0
0 507.0 656.0
0 527.0 656.0
0 670.0 656.0
0 651.0 660.0
0 551.0 661.0
0 668.0 661.0
0 615.0 662.0
0 389.0 663.0
0 529.0 663.0
0 590.0 664.0
0 346.0 667.0
0 571.0 667.0
0 666.0 667.0
0 615.0 671.0
0 641.0 671.0
0 548.0 672.0
0 524.0 678.0
0 529.0 681.0
0 573.0 681.0
0 574.0 686.0
0 547.0 687.0
0 579.0 688.0
0 599.0 688.0
0 616.0 689.0
0 558.0 690.0
0 582.0 696.0
0 604.0 699.0
1 874.0 39.0
1 690.0 73.0
1 723.0 103.0
1 244.0 106.0
1 711.0 107.0
1 481.0 118.0
1 271.0 130.0
1 283.0 141.0
1 475.0 144.0
1 666.0 145.0
1 296.0 153.0
1 474.0 154.0
1 494.0 156.0
1 279.0 157.0
1 307.0 163.0
1 647.0 164.0
1 285.0 165.0
1 474.0 165.0
1 496.0 167.0
1 815.0 169.0
1 321.0 175.0
1 654.0 177.0
1 474.0 178.0
1 500.0 180.0
1 300.0 183.0
1 805.0 183.0
1 329.0 184.0
1 486.0 184.0
1 811.0 184.0
1 796.0 186.0
1 816.0 187.0
1 344.0 191.0
1 474.0 191.0
1 647.0 191.0
1 790.0 192.0
1 505.0 196.0
1 492.0 197.0
1 771.0 198.0
1 476.0 202.0
1 606.0 203.0
1 315.0 204.0
1 498.0 206.0
1 465.0 211.0
1 745.0 212.0
1 341.0 213.0
1 510.0 213.0
1 621.0 213.0
1 500.0 216.0
1 593.0 216.0
1 511.0 227.0
1 467.0 231.0
1 488.0 231.0
1 338.0 232.0
1 496.0 233.0
1 578.0 233.0
1 477.0 234.0
1 726.0 234.0
1 363.0 236.0
1 471.0 236.0
1 512.0 236.0
1 467.0 243.0
1 564.0 248.0
1 515.0 249.0
1 375.0 250.0
1 470.0 250.0
1 398.0 255.0
1 465.0 255.0
1 483.0 255.0
1 682.0 255.0
1 505.0 258.0
1 518.0 261.0
1 839.0 265.0
1 391.0 267.0
1 464.0 268.0
1 411.0 270.0
1 590.0 270.0
1 489.0 271.0
1 508.0 271.0
1 863.0 272.0
1 523.0 273.0
1 399.0 275.0
1 432.0 275.0
1 483.0 280.0
1 465.0 281.0
1 494.0 281.0
1 529.0 287.0
1 445.0 288.0
1 585.0 288.0
1 514.0 292.0
1 529.0 292.0
1 413.0 293.0
1 495.0 293.0
1 469.0 296.0
1 455.0 298.0
1 642.0 299.0
1 582.0 301.0
1 392.0 302.0
1 499.0 303.0
1 512.0 307.0
1 430.0 311.0
1 525.0 312.0
1 471.0 313.0
1 578.0 314.0
1 539.0 315.0
1 370.0 317.0
1 508.0 317.0
1 362.0 320.0
1 381.0 320.0
1 405.0 320.0
1 539.0 320.0
1 347.0 322.0
1 620.0 323.0
1 443.0 325.0
1 395.0 326.0
1 492.0 326.0
1 615.0 326.0
1 360.0 327.0
1 540.0 327.0
1 599.0 327.0
1 336.0 332.0
1 412.0 332.0
1 452.0 333.0
1 629.0 333.0
1 417.0 336.0
1 745.0 338.0
1 422.0 340.0
1 459.0 340.0
1 502.0 340.0
1 541.0 341.0
1 601.0 341.0
1 512.0 343.0
1 477.0 344.0
1 398.0 348.0
1 467.0 349.0
1 433.0 350.0
1 611.0 351.0
1 592.0 352.0
1 726.0 352.0
1 480.0 355.0
1 586.0 356.0
1 382.0 357.0
1 515.0 357.0
1 462.0 358.0
1 564.0 358.0
1 481.0 360.0
1 492.0 360.0
1 444.0 361.0
1 374.0 362.0
1 405.0 363.0
1 551.0 363.0
1 483.0 365.0
1 578.0 365.0
1 432.0 366.0
1 393.0 370.0
1 714.0 371.0
1 728.0 371.0
1 570.0 372.0
1 383.0 373.0
1 422.0 374.0
1 486.0 374.0
1 538.0 374.0
1 738.0 374.0
1 723.0 376.0
1 362.0 377.0
1 434.0 379.0
1 462.0 379.0
1 536.0 379.0
1 697.0 379.0
1 561.0 380.0
1 445.0 381.0
1 613.0 381.0
1 581.0 382.0
1 608.0 382.0
1 576.0 384.0
1 675.0 384.0
1 710.0 384.0
1 558.0 385.0
1 687.0 385.0
1 739.0 385.0
1 604.0 387.0
1 374.0 388.0
1 406.0 389.0
1 492.0 389.0
1 475.0 390.0
1 619.0 391.0
1 516.0 392.0
1 598.0 392.0
1 678.0 392.0
1 734.0 392.0
1 504.0 393.0
1 638.0 393.0
1 666.0 393.0
1 443.0 394.0
1 428.0 395.0
1 544.0 398.0
1 559.0 398.0
1 724.0 398.0
1 715.0 399.0
1 638.0 401.0
1 361.0 402.0
1 490.0 402.0
1 375.0 403.0
1 521.0 403.0
1 393.0 404.0
1 574.0 407.0
1 648.0 407.0
1 254.0 409.0
1 426.0 409.0
1 435.0 409.0
1 685.0 409.0
1 740.0 409.0
1 356.0 411.0
1 443.0 411.0
1 718.0 411.0
1 324.0 412.0
1 386.0 412.0
1 456.0 412.0
1 412.0 413.0
1 641.0 414.0
1 543.0 415.0
1 678.0 415.0
1 461.0 416.0
1 505.0 417.0
1 711.0 417.0
1 380.0 418.0
1 572.0 418.0
1 406.0 419.0
1 430.0 420.0
1 675.0 420.0
1 706.0 420.0
1 245.0 421.0
1 701.0 421.0
1 289.0 422.0
1 358.0 423.0
1 601.0 423.0
1 367.0 424.0
1 445.0 424.0
1 452.0 425.0
1 558.0 426.0
1 376.0 427.0
1 542.0 427.0
1 512.0 428.0
1 570.0 428.0
1 469.0 429.0
1 406.0 431.0
1 417.0 431.0
1 425.0 432.0
1 647.0 432.0
1 391.0 434.0
1 450.0 434.0
1 501.0 435.0
1 664.0 437.0
1 364.0 439.0
1 687.0 439.0
1 411.0 444.0
1 674.0 444.0
1 660.0 446.0
1 482.0 447.0
1 487.0 448.0
1 690.0 448.0
1 474.0 449.0
1 519.0 450.0
1 524.0 450.0
1 679.0 450.0
1 376.0 451.0
1 457.0 451.0
1 551.0 451.0
1 390.0 452.0
1 404.0 452.0
1 557.0 452.0
1 576.0 452.0
1 427.0 453.0
1 700.0 453.0
1 562.0 454.0
1 610.0 455.0
1 416.0 456.0
1 370.0 457.0
1 567.0 459.0
1 395.0 460.0
1 650.0 460.0
1 669.0 461.0
1 678.0 463.0
1 387.0 464.0
1 535.0 464.0
1 341.0 465.0
1 457.0 466.0
1 507.0 466.0
1 517.0 467.0
1 684.0 467.0
1 699.0 468.0
1 647.0 469.0
1 370.0 470.0
1 574.0 470.0
1 662.0 470.0
1 422.0 471.0
1 595.0 471.0
1 491.0 472.0
1 600.0 472.0
1 480.0 474.0
1 403.0 476.0
1 469.0 476.0
1 379.0 477.0
1 655.0 477.0
1 419.0 478.0
1 636.0 478.0
1 668.0 478.0
1 456.0 479.0
1 527.0 480.0
1 700.0 480.0
1 392.0 481.0
1 487.0 481.0
1 347.0 482.0
1 359.0 482.0
1 648.0 482.0
1 681.0 482.0
1 633.0 483.0
1 693.0 484.0
1 384.0 485.0
1 574.0 486.0
1 621.0 486.0
1 423.0 487.0
1 997.0 487.0
1 320.0 489.0
1 400.0 489.0
1 466.0 489.0
1 475.0 490.0
1 413.0 491.0
1 456.0 491.0
1 514.0 491.0
1 632.0 491.0
1 667.0 491.0
1 461.0 492.0
1 609.0 492.0
1 648.0 492.0
1 335.0 495.0
1 557.0 495.0
1 363.0 496.0
1 392.0 496.0
1 696.0 497.0
1 397.0 498.0
1 473.0 498.0
1 586.0 498.0
1 676.0 498.0
1 575.0 499.0
1 512.0 503.0
1 536.0 503.0
1 690.0 503.0
1 327.0 504.0
1 482.0 504.0
1 559.0 504.0
1 620.0 504.0
1 647.0 505.0
1 671.0 506.0
1 574.0 507.0
1 534.0 508.0
1 691.0 508.0
1 395.0 509.0
1 476.0 511.0
1 334.0 512.0
1 416.0 512.0
1 539.0 512.0
1 299.0 514.0
1 692.0 514.0
1 431.0 515.0
1 559.0 515.0
1 574.0 515.0
1 622.0 515.0
1 635.0 516.0
1 312.0 517.0
1 615.0 517.0
1 660.0 517.0
1 415.0 519.0
1 605.0 519.0
1 403.0 520.0
1 574.0 520.0
1 322.0 521.0
1 336.0 521.0
1 427.0 521.0
1 305.0 524.0
1 541.0 524.0
1 619.0 524.0
1 687.0 524.0
1 452.0 526.0
1 574.0 526.0
1 315.0 527.0
1 661.0 527.0
1 614.0 528.0
1 506.0 529.0
1 457.0 530.0
1 432.0 531.0
1 594.0 531.0
1 411.0 532.0
1 422.0 533.0
1 544.0 535.0
1 278.0 536.0
1 431.0 536.0
1 678.0 536.0
1 291.0 537.0
1 575.0 539.0
1 617.0 539.0
1 689.0 539.0
1 478.0 540.0
1 629.0 540.0
1 662.0 542.0
1 563.0 544.0
1 413.0 545.0
1 283.0 546.0
1 589.0 546.0
1 686.0 546.0
1 576.0 547.0
1 616.0 547.0
1 674.0 548.0
1 525.0 550.0
1 600.0 550.0
1 417.0 552.0
1 544.0 552.0
1 647.0 552.0
1 685.0 552.0
1 434.0 554.0
1 481.0 555.0
1 467.0 557.0
1 561.0 557.0
1 267.0 559.0
1 418.0 560.0
1 482.0 560.0
1 452.0 561.0
1 657.0 561.0
1 577.0 562.0
1 613.0 562.0
1 677.0 562.0
1 544.0 566.0
1 597.0 566.0
1 437.0 567.0
1 669.0 568.0
1 554.0 570.0
1 426.0 571.0
1 458.0 571.0
1 516.0 572.0
1 543.0 572.0
1 627.0 573.0
1 62.0 576.0
1 656.0 576.0
1 487.0 577.0
1 611.0 577.0
1 442.0 578.0
1 526.0 578.0
1 511.0 580.0
1 633.0 580.0
1 428.0 581.0
1 456.0 581.0
1 545.0 582.0
1 609.0 582.0
1 678.0 583.0
1 581.0 585.0
1 627.0 585.0
1 655.0 586.0
1 471.0 587.0
1 559.0 588.0
1 545.0 589.0
1 526.0 590.0
1 281.0 591.0
1 286.0 591.0
1 448.0 591.0
1 583.0 592.0
1 439.0 593.0
1 490.0 593.0
1 513.0 593.0
1 625.0 593.0
1 670.0 594.0
1 638.0 597.0
1 467.0 598.0
1 490.0 598.0
1 280.0 599.0
1 608.0 599.0
1 450.0 600.0
1 585.0 600.0
1 505.0 604.0
1 547.0 604.0
1 563.0 606.0
1 610.0 606.0
1 439.0 607.0
1 454.0 609.0
1 547.0 609.0
1 585.0 609.0
1 651.0 609.0
1 493.0 612.0
1 669.0 614.0
1 518.0 616.0
1 567.0 616.0
1 630.0 617.0
1 548.0 618.0
1 608.0 619.0
1 451.0 623.0
1 663.0 624.0
1 572.0 628.0
1 511.0 629.0
1 237.0 630.0
1 464.0 630.0
1 604.0 630.0
1 549.0 631.0
1 231.0 632.0
1 499.0 632.0
1 519.0 632.0
1 191.0 633.0
1 648.0 633.0
1 226.0 635.0
1 466.0 635.0
1 588.0 636.0
1 485.0 637.0
1 534.0 637.0
1 453.0 638.0
1 647.0 638.0
1 475.0 642.0
1 503.0 642.0
1 578.0 642.0
1 657.0 642.0
1 518.0 645.0
1 622.0 647.0
1 655.0 647.0
1 551.0 648.0
1 602.0 648.0
1 590.0 650.0
1 579.0 652.0
1 467.0 653.0
1 584.0 653.0
1 654.0 653.0
1 569.0 654.0
1 590.0 656.0
1 552.0 657.0
1 535.0 658.0
1 601.0 658.0
1 508.0 659.0
1 478.0 661.0
1 591.0 661.0
1 641.0 663.0
1 647.0 663.0
1 493.0 664.0
1 578.0 665.0
1 636.0 668.0
1 648.0 668.0
1 510.0 670.0
1 528.0 671.0
1 491.0 673.0
1 554.0 673.0
1 598.0 674.0
1 620.0 674.0
1 475.0 678.0
1 575.0 679.0
1 555.0 682.0
1 516.0 687.0
1 497.0 688.0
1 594.0 691.0
1 504.0 693.0
1 520.0 694.0
1 535.0 697.0
1 542.0 697.0
1 564.0 700.0
1 516.0 701.0
1 524.0 703.0
1 546.0 710.0
1 520.0 712.0
