0 0 0 101.86424282636514
0 1 1 102.14147931736252
0 2 2 101.430056512204
0 3 3 103.15407492392816
0 4 4 104.854782027733
0 7 5 104.09934040449367
0 5 6 105.57845006512589
0 8 7 111.11789173718603
0 12 8 141.72605703536593
0 15 9 197.5072055591847
0 10 10 112.39453141355557
0 19 11 151.81194274165563
0 13 12 107.13532376711991
0 20 13 177.25541323582317
0 11 14 141.06356539898312
0 22 15 133.54151649376087
0 14 16 107.67496941215371
0 17 17 108.87944331696366
0 16 18 110.65919168844545
0 29 20 148.22721578148497
0 27 21 106.66518828003915
0 28 23 141.70138631108077
0 21 24 267.99532192289956
0 26 25 130.30157159830446
0 35 26 164.1120028234296
0 30 27 106.37886430024666
0 39 28 139.80824592201338
0 32 29 107.5176126155109
0 43 31 144.93002812696525
0 40 32 202.2239405136352
0 24 33 103.77293287653295
0 36 34 106.55563733798141
0 48 35 147.06823248736367
0 38 36 156.20433837835412
0 46 37 121.58868130268161
0 41 38 123.86483734652849
0 42 39 187.87661065416995
0 53 40 140.6948341751965
0 57 41 115.70322233153094
0 50 42 108.34708723678446
0 49 43 103.52398461938594
0 52 44 112.83395194937529
0 63 46 124.86203544154723
0 58 48 106.09356349128257
0 47 49 176.42601480983578
0 66 50 132.06900750989638
0 62 51 103.98617634482233
0 61 52 116.53498043061332
0 64 53 107.62404928074933
0 60 54 357.76881122249824
0 31 55 489.3152263462102
0 65 56 107.73767725644339
0 68 57 106.6895054858507
0 69 58 354.1376067681481
0 73 59 112.16511519289918
0 76 60 116.37517062924674
0 70 64 115.79799159987046
0 71 65 108.37271647182718
0 75 66 115.80687993210023
0 74 67 266.2756832818734
0 78 68 106.3757683722669
0 67 69 273.2216434615012
0 82 70 105.77921462986453
0 89 71 194.19220347497364
0 77 72 117.33769601724184
0 72 74 136.83378192301961
0 80 76 155.11089218170548
0 100 77 208.40617476552586
0 81 79 213.3788074342422
0 92 80 113.32235495641297
0 84 81 128.69186408190888
0 85 82 132.71247129952764
0 79 83 165.7828159435225
0 83 84 106.27943955468746
0 87 86 121.35282389239035
0 95 87 109.69824054839914
0 94 90 139.8934048825897
0 93 91 216.31117671146262
0 88 92 141.8666920118589
0 90 93 108.06800318769774
0 99 94 122.90166982078725
0 102 95 116.57322353713502
0 103 96 110.57063254919728
0 101 98 118.71557305088585
0 105 99 256.00841824556454
0 107 101 102.30579923783559
0 97 102 199.39494154013346
0 104 103 132.2039029632536
0 86 104 229.34508992591728
0 110 106 104.34732852012054
0 108 107 126.1048577292894
0 112 108 114.64367745559775
0 111 110 110.20938133373903
0 96 112 148.84362668792107
0 114 113 125.22951482155864
0 115 114 168.6574090084033
0 120 115 326.771549563187
0 117 116 189.72205291160856
0 118 117 114.4331827812096
0 119 118 111.41527318570994
0 122 119 258.13101060982183
0 147 120 363.4513897877692
0 121 121 214.04281120058332
0 123 122 138.9235349104958
0 116 123 209.635080092827
0 131 124 167.28284096190234
0 125 125 186.30017850252207
0 128 126 171.90600079163656
0 124 127 131.7408731142146
0 126 128 150.88170727868734
0 130 129 115.59976606111184
0 161 130 233.69561235415804
0 134 132 114.18414684095049
0 136 133 153.20375453489422
0 133 134 150.73256683556068
0 143 136 147.91908206533537
0 139 137 118.97341665880117
0 141 138 142.34244094332533
0 148 140 123.70582091916143
0 144 141 167.8476746688335
0 146 142 151.40075707525696
0 153 143 158.0267900798846
0 142 144 103.82485417551615
0 154 145 112.83336004434992
0 145 146 178.88211684859766
0 150 147 257.20411367978045
0 157 148 105.32909251651361
0 155 149 111.2692100564795
0 152 150 160.14577784056553
0 159 151 123.79232465002758
0 160 152 102.31199444959852
0 138 153 119.90779718697371
0 158 154 103.65201691303345
0 171 155 306.9219456518975
0 162 156 155.28605837558825
0 137 157 254.9616893726096
0 168 158 103.71090097754781
0 169 159 119.57879611639413
0 163 160 181.41539600750696
0 164 161 120.81580475345777
0 165 162 101.8897923374664
0 167 163 175.49860911532872
0 179 164 117.22713633870765
0 177 165 118.11241930080065
0 180 166 105.04319820082108
0 175 167 113.65863569255237
0 174 168 132.43470134453
0 183 169 121.51304352612595
0 186 170 131.0284228128192
0 187 171 117.49385068339475
0 166 172 108.97818788436938
0 191 173 106.11637901699433
0 188 174 114.56295855833758
0 178 175 253.2136300439077
0 185 176 102.08494730982824
0 199 177 135.18674659962613
0 195 178 133.95261969131653
0 207 179 183.73950920268243
0 172 180 327.53842919066426
0 181 182 120.41642574600235
0 197 183 215.34664947543862
0 201 184 116.10556619264251
0 189 185 234.49474315454896
0 194 186 150.81481380269034
0 196 187 106.5361299961544
0 190 188 110.58149880722874
0 202 189 104.14814285089966
0 193 190 145.26157006020696
0 203 192 155.47595537896603
0 192 193 104.05517203738546
0 198 195 103.42012490144793
0 204 196 106.33170298135627
0 211 197 144.82185035521337
0 214 198 203.88921849832425
0 215 199 160.20688642970512
0 206 200 196.9636964316301
0 210 201 140.74347367903584
0 205 202 106.49777894971575
0 212 203 104.4656188815517
0 222 204 127.17921319402346
0 225 205 163.19904531198125
0 209 207 135.58810066282712
0 208 209 109.51123903612552
0 224 210 122.62841116863876
0 213 211 127.75852282375826
0 227 212 108.05651172668888
0 220 214 156.27154329691547
0 232 217 123.76050949399885
0 229 218 106.88417063710416
0 228 219 181.86768783854495
0 221 220 103.33736526803004
0 241 221 190.81912179294193
0 226 222 165.1042893201623
0 217 223 114.47001957093501
0 231 224 125.51131906456257
0 234 225 104.27147699388274
0 216 226 111.88979680495619
0 244 227 104.73540651041688
0 235 228 146.6103104949155
0 239 229 128.6973824760714
0 233 231 216.99135408518438
0 200 233 217.04981518272177
0 242 234 175.84674352311757
0 230 235 154.4999784050912
0 238 236 102.00811798327007
0 247 237 167.3202614379085
0 260 238 114.88495252471446
0 257 239 278.9049915736933
0 261 240 121.86549061723346
0 251 241 122.39450677005735
0 248 242 226.42056596180336
0 236 243 115.1011016756301
0 237 244 160.666199271979
0 243 245 162.39467156422376
0 240 246 102.34712731411216
0 266 247 119.63029672951508
0 249 248 128.5164799178829
0 245 249 164.84776072474304
0 255 250 128.97334175258501
0 256 251 210.79685134345613
0 254 252 110.2752507650054
0 265 255 110.54659735733976
0 246 256 125.72935689853493
0 270 257 222.2459547637212
0 250 258 130.62942139705265
0 284 259 124.1025556053955
0 275 260 234.76817797989042
0 263 261 146.26111383156206
0 277 262 110.8972661138554
0 290 263 196.25346351846335
0 276 264 121.43820299541781
0 253 265 203.11816326012985
0 280 266 185.14837171514026
0 283 267 133.09321807674087
0 273 269 111.52662744550076
0 279 270 105.8391522984155
0 267 271 114.2958124480074
0 262 272 118.05414208351162
0 271 274 167.77972686568162
0 292 275 110.41247217759324
0 295 276 116.26324203745295
0 294 278 114.22716922615204
0 315 279 112.21760182360453
0 269 280 246.588123106694
0 289 281 143.56093799696862
0 311 282 129.0850085815766
0 288 283 211.76734468916942
0 296 284 123.91044116482735
0 301 285 196.6577636325317
0 281 288 132.8766096934286
0 286 289 116.53298111102282
0 299 290 132.73006815926013
0 306 291 131.36769019705213
0 287 292 155.07125079616605
0 314 293 108.87092948697774
0 278 295 101.81504818811358
0 322 296 111.7923669924842
0 310 297 425.5739050989005
0 297 298 166.82307018908028
0 305 299 120.62331621487368
0 307 300 188.91518901578786
0 298 301 158.83944272376647
0 328 303 150.1904593179953
0 317 304 298.50485279872055
0 304 305 139.98842025222623
0 285 306 127.78460136546566
0 316 307 111.8901176761835
0 302 308 112.68109035903682
0 319 309 189.7753390704465
0 321 310 110.90689163391903
0 320 311 121.4010940068126
0 327 312 136.64371138339774
0 303 313 130.11895994276918
0 308 315 280.08312737491434
0 325 316 168.942832463271
0 323 317 120.59150532660132
0 329 318 122.86165473924842
0 340 319 109.91962546174068
0 332 320 117.67871018443272
0 330 321 178.83263667990616
0 313 322 196.08796857957793
0 312 323 232.34272388665582
0 345 324 112.40337936070857
0 347 325 111.80862331482008
0 336 326 162.6678699751963
0 338 328 109.16547430118924
0 349 329 148.25210220665426
0 350 330 162.50769085327016
0 324 331 116.62532083367714
0 351 333 131.35528614641186
0 326 335 121.39385587275467
0 333 336 115.15495785233173
0 354 337 146.57284564410278
0 339 340 111.58923452114222
0 348 341 204.49269929508395
0 331 342 204.13690392900986
0 344 343 110.0695226028007
0 361 344 204.84227122308383
0 343 345 132.2121021414192
0 364 346 104.38639329650998
0 335 347 252.46903167176228
0 360 348 112.7196247466411
0 341 349 198.62384582527105
0 359 351 164.95020833089586
0 356 352 139.21306011956884
0 357 353 150.34106111267081
0 367 354 121.38824339935957
0 376 355 161.0260694365955
0 352 356 131.65043911686976
0 355 357 105.82476560308585
0 372 358 120.20038249838476
0 380 360 117.47838350649099
0 358 361 193.13990887763293
0 375 362 144.69710938967532
0 363 363 154.96318228596985
0 368 364 124.8238727847061
0 374 365 135.12042975748946
0 365 366 108.2517594959096
0 369 367 116.7765683109768
0 378 368 235.12870387408688
0 381 369 113.93233157202387
0 385 370 120.43239100764873
0 377 371 234.06029391997257
0 370 372 164.37742106247563
0 386 373 222.54723164929226
0 388 374 101.68831831615964
0 395 375 105.12893778843195
0 379 376 108.40336568829856
0 389 377 118.8570094269674
0 362 378 119.78481706115944
0 400 379 126.73842702390776
0 394 380 118.10240036852937
0 401 381 105.83970648138575
0 407 382 103.85847497954212
0 393 383 198.5459010627637
0 399 384 136.94161727624777
0 371 385 167.69079642557432
0 392 386 162.31385350301525
0 417 387 205.62802177346828
0 390 388 135.68673775254317
0 402 389 111.80985278903243
0 409 390 307.49851792461243
0 408 391 140.41970698298874
0 398 392 106.93295478649631
0 405 394 126.35194539726207
0 411 395 143.56737529237026
0 404 396 122.15924257439079
0 406 397 107.5706390884498
0 437 398 208.0082582319166
0 382 399 118.44094834277641
0 403 400 113.52939373296311
0 424 401 105.51337883865459
0 425 402 107.3401152235908
0 384 403 117.59131345219738
0 410 404 103.50932633120706
0 416 405 102.0840714816603
0 423 406 102.27926127976002
0 413 407 207.06949889628947
0 418 408 159.8371867188126
0 419 409 118.19248211936393
0 422 410 166.0566454020163
0 421 411 103.81371417383922
0 396 413 122.0107390176113
0 453 414 160.76100291267167
0 428 415 119.03742766105569
0 431 416 156.3764163128972
0 436 417 174.23428305390124
0 430 418 106.87520345013202
0 445 419 135.92621174061009
0 439 420 141.9306241686206
0 434 421 106.27122649681225
0 452 423 201.01642767242998
0 435 424 113.8488097500068
0 444 425 122.16891191113714
0 442 426 200.51880600040352
0 438 427 399.6150863292765
0 415 428 121.61157876355881
0 427 429 105.9443774236114
0 440 430 108.24871423642925
0 467 431 219.34103620930438
0 420 432 174.21765576687596
0 447 433 104.60274195689341
0 448 434 125.47990941210611
0 451 435 175.62141881688564
0 477 436 179.60133235346225
0 426 437 147.1432114677787
0 455 438 103.96346868528896
0 461 439 107.7883933626282
0 454 440 108.97641821463108
0 473 441 225.00784405844172
0 460 443 101.40780778689754
0 464 444 131.93738555796125
0 458 445 145.59478396067212
0 433 446 183.28491900368226
0 468 447 155.01558636383038
0 462 448 120.41625289140269
0 478 450 161.40020887382835
0 441 451 110.07954665421079
0 469 452 106.47508294915873
0 471 453 104.71442919668084
0 443 454 120.33446194899295
0 450 456 108.09985238506685
0 472 457 195.00189280857109
0 466 458 194.7846181460254
0 480 459 123.55425451023929
0 475 460 145.17183738956066
0 482 462 189.6638865029378
0 479 463 103.52823278588377
0 481 464 101.39368745545916
0 476 465 142.23462926512943
0 487 466 154.53209716615896
0 456 467 142.0009596388819
0 457 468 108.54632993001158
0 485 469 104.05179687207344
0 483 470 112.99913849116538
0 486 472 127.69883526643706
0 489 473 190.88937922553637
0 496 474 191.07671716272097
0 506 475 113.9878717976696
0 490 476 101.43469876936513
0 497 477 167.04602762252762
0 492 478 105.11314319023836
0 493 479 114.71241447618257
0 465 480 101.5488158914073
0 470 481 103.72940014549256
0 495 482 122.44219740081704
0 491 483 120.08465726925837
0 499 485 274.38596565828357
0 505 486 162.13067717025166
0 511 487 117.76734464555412
0 502 488 111.32026308586785
0 519 489 115.24790448251355
0 494 490 222.0523156302594
0 508 491 136.30882533236476
0 504 493 233.94860545655055
0 507 494 163.9607288960817
0 512 495 103.92094107293319
0 484 496 118.33380084586736
0 510 497 184.76269746761517
0 503 498 141.66888817489132
0 488 499 102.60845473730046
0 514 500 188.6311002435971
0 513 501 107.23611033167025
0 527 502 111.26433238513052
0 518 503 124.43296656106403
0 520 504 111.19792498607808
0 526 505 119.73279028333492
0 528 506 104.77221719125271
0 522 507 104.07372967728688
0 515 508 203.83780444592023
0 539 509 112.84056956682545
0 523 510 114.34923703520789
0 524 511 111.69213976270203
0 532 512 118.1993018743264
0 536 513 113.95916989995129
0 529 514 106.77917806740513
0 530 515 117.96203157857138
0 534 516 118.52817273904081
0 535 517 110.79224914615389
0 533 518 108.77706189268355
0 537 519 110.84741316970825
0 544 520 106.82537005246581
0 542 521 105.48469994839948
0 540 522 120.44019797968602
0 531 523 161.8630264918616
0 538 524 118.94777418378042
0 541 525 112.1405692713263
0 543 527 117.48936642834823
0 521 528 102.46305129902325
0 553 529 118.39424274212129
0 517 530 101.51618217421301
0 550 531 106.9157209459775
0 546 532 123.4426011067384
0 525 533 102.89326468391931
0 548 534 124.94273872863744
0 549 535 110.36651710991198
0 547 536 106.78177420181221
0 551 537 118.81076606994598
0 545 539 126.90823979924899
0 554 540 140.19175866571453
0 556 541 102.16466708156382
0 558 542 103.9926218689881
0 587 544 419.9937165723527
0 559 545 113.54005790150327
0 560 546 111.8702196800901
0 564 547 108.6387091631495
0 561 548 112.84245178329067
0 562 549 102.60547397467707
0 563 550 122.61460941899314
0 568 551 115.72750080308761
0 567 552 112.2048132483039
0 572 553 146.4122522185399
0 569 554 170.90094616195458
0 571 555 106.56447652184937
0 578 556 122.18236435306775
0 573 558 112.04484247073295
0 577 559 102.32385042064338
0 574 560 108.97668012212868
0 575 561 118.854853858656
0 576 562 105.44818894422939
0 580 563 118.03263925941434
0 579 565 102.40116251319749
0 584 566 177.30546716699482
0 585 568 223.54795632869613
0 596 569 102.03307575741265
0 586 570 112.26185897410161
0 588 571 120.12778619376677
0 583 572 120.82259996632538
0 593 573 104.11105217952444
0 590 574 102.37587443535188
0 591 575 101.93532448852088
0 595 576 120.49747139559585
0 592 577 102.37006500357471
0 570 578 165.54661749307016
0 566 579 102.996643765858
0 597 580 124.80090097696342
0 600 582 133.61680512530168
0 599 583 106.07621013175677
0 607 584 107.72236867247582
0 603 585 102.63453595129495
0 601 586 184.81671522674264
0 602 587 108.5816380115882
0 598 588 133.9257912033034
0 594 589 154.7100093791217
0 606 590 120.94076386549588
0 608 591 103.03712082972034
0 609 592 175.26954253222104
0 612 594 106.4732584973318
0 611 595 103.7931236719019
0 610 596 104.6766925061762
0 616 597 104.0906535589121
0 614 598 101.71591330038032
0 615 599 114.00765486616216
0 613 600 102.59823301173215
0 617 601 102.12701717589105
0 618 602 101.73483030840289
0 620 603 102.71184052020241
0 621 604 102.52150024232209
0 625 605 110.73277661189127
0 624 606 115.93920709162605
0 628 607 108.40351978343612
0 627 608 128.47376858555472
0 629 609 121.14930410632869
0 631 610 106.21438924663586
0 630 611 102.83273980170338
0 633 612 128.99001053388199
0 632 613 165.52112239180812
0 634 615 153.2792259850487
0 635 616 103.87922649020531
0 636 617 107.40395993308354
0 638 618 108.93808004706283
0 639 619 103.8309455679604

0 957.0 57.0
0 715.0 79.0
0 274.0 100.0
0 764.0 111.0
0 754.0 115.0
0 493.0 118.0
0 305.0 125.0
0 318.0 137.0
0 509.0 138.0
0 514.0 146.0
0 332.0 149.0
0 498.0 154.0
0 316.0 155.0
0 519.0 156.0
0 928.0 156.0
0 509.0 158.0
0 330.0 161.0
0 344.0 161.0
0 322.0 162.0
0 500.0 165.0
0 523.0 167.0
0 360.0 173.0
0 513.0 173.0
0 688.0 173.0
0 675.0 175.0
0 894.0 178.0
0 503.0 179.0
0 344.0 180.0
0 530.0 181.0
0 339.0 182.0
0 907.0 183.0
0 516.0 184.0
0 889.0 184.0
0 413.0 186.0
0 376.0 188.0
0 505.0 193.0
0 885.0 193.0
0 667.0 195.0
0 867.0 195.0
0 890.0 196.0
0 538.0 197.0
0 521.0 201.0
0 391.0 202.0
0 356.0 204.0
0 843.0 205.0
0 651.0 207.0
0 508.0 209.0
0 663.0 209.0
0 380.0 210.0
0 867.0 210.0
0 545.0 214.0
0 366.0 216.0
0 816.0 216.0
0 407.0 217.0
0 670.0 217.0
0 623.0 218.0
0 384.0 223.0
0 394.0 224.0
0 644.0 225.0
0 511.0 226.0
0 550.0 229.0
0 614.0 229.0
0 683.0 229.0
0 811.0 230.0
0 789.0 231.0
0 391.0 232.0
0 423.0 232.0
0 663.0 234.0
0 407.0 236.0
0 606.0 237.0
0 531.0 238.0
0 636.0 238.0
0 802.0 238.0
0 690.0 239.0
0 619.0 240.0
0 673.0 241.0
0 771.0 242.0
0 515.0 245.0
0 688.0 245.0
0 784.0 245.0
0 800.0 246.0
0 418.0 248.0
0 441.0 249.0
0 597.0 249.0
0 576.0 250.0
0 687.0 250.0
0 422.0 253.0
0 532.0 255.0
0 753.0 255.0
0 439.0 258.0
0 633.0 258.0
0 764.0 259.0
0 587.0 260.0
0 570.0 261.0
0 456.0 264.0
0 519.0 264.0
0 536.0 264.0
0 735.0 266.0
0 437.0 268.0
0 628.0 270.0
0 415.0 272.0
0 551.0 272.0
0 578.0 272.0
0 747.0 272.0
0 609.0 275.0
0 627.0 275.0
0 541.0 276.0
0 445.0 277.0
0 471.0 279.0
0 717.0 279.0
0 751.0 282.0
0 576.0 283.0
0 597.0 283.0
0 728.0 287.0
0 428.0 288.0
0 623.0 288.0
0 566.0 289.0
0 457.0 291.0
0 486.0 293.0
0 568.0 294.0
0 697.0 294.0
0 622.0 295.0
0 462.0 296.0
0 602.0 296.0
0 515.0 299.0
0 568.0 300.0
0 621.0 300.0
0 711.0 300.0
0 440.0 303.0
0 500.0 305.0
0 600.0 305.0
0 863.0 305.0
0 476.0 311.0
0 549.0 311.0
0 696.0 313.0
0 508.0 315.0
0 566.0 315.0
0 481.0 316.0
0 491.0 317.0
0 619.0 317.0
0 396.0 318.0
0 502.0 318.0
0 513.0 319.0
0 391.0 320.0
0 531.0 320.0
0 408.0 322.0
0 688.0 322.0
0 506.0 323.0
0 371.0 324.0
0 491.0 326.0
0 682.0 326.0
0 423.0 327.0
0 384.0 328.0
0 584.0 328.0
0 554.0 329.0
0 522.0 330.0
0 564.0 330.0
0 616.0 331.0
0 356.0 333.0
0 439.0 333.0
0 691.0 333.0
0 500.0 334.0
0 544.0 337.0
0 671.0 337.0
0 795.0 337.0
0 640.0 339.0
0 418.0 340.0
0 507.0 341.0
0 665.0 342.0
0 455.0 343.0
0 561.0 344.0
0 797.0 344.0
0 595.0 345.0
0 431.0 349.0
0 516.0 349.0
0 674.0 349.0
0 538.0 351.0
0 773.0 351.0
0 469.0 352.0
0 484.0 352.0
0 643.0 352.0
0 654.0 352.0
0 584.0 354.0
0 667.0 354.0
0 447.0 357.0
0 618.0 357.0
0 648.0 357.0
0 524.0 358.0
0 593.0 358.0
0 539.0 360.0
0 605.0 360.0
0 660.0 360.0
0 419.0 361.0
0 569.0 361.0
0 629.0 361.0
0 511.0 362.0
0 549.0 362.0
0 764.0 362.0
0 483.0 363.0
0 610.0 364.0
0 412.0 365.0
0 436.0 365.0
0 554.0 365.0
0 458.0 366.0
0 760.0 369.0
0 777.0 369.0
0 408.0 370.0
0 497.0 370.0
0 431.0 372.0
0 535.0 372.0
0 598.0 372.0
0 631.0 372.0
0 447.0 374.0
0 618.0 374.0
0 423.0 375.0
0 772.0 375.0
0 405.0 376.0
0 744.0 377.0
0 787.0 377.0
0 489.0 378.0
0 549.0 378.0
0 638.0 380.0
0 404.0 381.0
0 522.0 381.0
0 621.0 381.0
0 469.0 382.0
0 508.0 382.0
0 708.0 382.0
0 762.0 382.0
0 734.0 383.0
0 773.0 384.0
0 520.0 387.0
0 629.0 387.0
0 587.0 388.0
0 480.0 390.0
0 527.0 390.0
0 548.0 390.0
0 624.0 390.0
0 661.0 390.0
0 643.0 391.0
0 712.0 391.0
0 722.0 391.0
0 760.0 391.0
0 418.0 392.0
0 491.0 392.0
0 520.0 392.0
0 558.0 392.0
0 697.0 392.0
0 782.0 393.0
0 535.0 395.0
0 775.0 396.0
0 509.0 397.0
0 602.0 398.0
0 664.0 399.0
0 493.0 401.0
0 573.0 404.0
0 407.0 405.0
0 414.0 405.0
0 421.0 405.0
0 679.0 405.0
0 698.0 405.0
0 469.0 407.0
0 538.0 408.0
0 747.0 408.0
0 775.0 408.0
0 485.0 410.0
0 687.0 410.0
0 593.0 413.0
0 404.0 414.0
0 500.0 414.0
0 614.0 414.0
0 428.0 415.0
0 397.0 416.0
0 453.0 416.0
0 448.0 417.0
0 543.0 417.0
0 555.0 417.0
0 675.0 417.0
0 763.0 418.0
0 630.0 419.0
0 299.0 422.0
0 461.0 422.0
0 710.0 423.0
0 446.0 424.0
0 504.0 424.0
0 662.0 424.0
0 592.0 425.0
0 323.0 426.0
0 413.0 426.0
0 421.0 426.0
0 514.0 426.0
0 563.0 426.0
0 437.0 427.0
0 607.0 427.0
0 310.0 428.0
0 357.0 428.0
0 716.0 428.0
0 657.0 429.0
0 449.0 430.0
0 529.0 430.0
0 590.0 430.0
0 455.0 431.0
0 696.0 431.0
0 729.0 432.0
0 293.0 433.0
0 488.0 433.0
0 405.0 434.0
0 546.0 434.0
0 424.0 435.0
0 443.0 435.0
0 747.0 435.0
0 557.0 436.0
0 592.0 436.0
0 435.0 437.0
0 510.0 437.0
0 731.0 437.0
0 525.0 439.0
0 412.0 443.0
0 429.0 443.0
0 723.0 444.0
0 737.0 444.0
0 437.0 445.0
0 449.0 445.0
0 249.0 447.0
0 585.0 447.0
0 747.0 448.0
0 422.0 449.0
0 564.0 449.0
0 533.0 450.0
0 602.0 452.0
0 663.0 452.0
0 469.0 454.0
0 607.0 454.0
0 736.0 454.0
0 443.0 455.0
0 455.0 455.0
0 508.0 455.0
0 614.0 455.0
0 658.0 455.0
0 421.0 457.0
0 497.0 457.0
0 431.0 459.0
0 448.0 460.0
0 481.0 460.0
0 730.0 460.0
0 469.0 462.0
0 698.0 462.0
0 551.0 464.0
0 710.0 465.0
0 443.0 466.0
0 725.0 466.0
0 564.0 467.0
0 486.0 468.0
0 415.0 469.0
0 636.0 469.0
0 743.0 470.0
0 459.0 471.0
0 494.0 471.0
0 731.0 471.0
0 563.0 472.0
0 678.0 472.0
0 433.0 473.0
0 718.0 473.0
0 555.0 474.0
0 544.0 476.0
0 642.0 476.0
0 488.0 477.0
0 530.0 478.0
0 472.0 479.0
0 695.0 479.0
0 711.0 479.0
0 565.0 480.0
0 427.0 481.0
0 560.0 481.0
0 590.0 482.0
0 730.0 483.0
0 526.0 484.0
0 649.0 484.0
0 448.0 486.0
0 694.0 487.0
0 699.0 487.0
0 712.0 487.0
0 720.0 487.0
0 554.0 488.0
0 676.0 488.0
0 459.0 489.0
0 484.0 491.0
0 739.0 491.0
0 469.0 492.0
0 634.0 492.0
0 666.0 492.0
0 681.0 492.0
0 526.0 493.0
0 417.0 494.0
0 605.0 494.0
0 653.0 495.0
0 490.0 496.0
0 541.0 497.0
0 734.0 497.0
0 425.0 499.0
0 460.0 499.0
0 703.0 499.0
0 713.0 499.0
0 437.0 500.0
0 554.0 500.0
0 565.0 500.0
0 689.0 500.0
0 448.0 501.0
0 611.0 501.0
0 640.0 502.0
0 656.0 503.0
0 482.0 504.0
0 611.0 506.0
0 431.0 508.0
0 734.0 508.0
0 466.0 509.0
0 616.0 509.0
0 659.0 509.0
0 549.0 511.0
0 702.0 511.0
0 714.0 511.0
0 477.0 512.0
0 534.0 512.0
0 728.0 512.0
0 645.0 513.0
0 689.0 513.0
0 660.0 514.0
0 677.0 515.0
0 437.0 516.0
0 448.0 516.0
0 500.0 516.0
0 727.0 517.0
0 402.0 519.0
0 478.0 519.0
0 624.0 519.0
0 663.0 519.0
0 526.0 520.0
0 418.0 524.0
0 611.0 524.0
0 687.0 524.0
0 499.0 525.0
0 710.0 525.0
0 666.0 527.0
0 582.0 528.0
0 631.0 528.0
0 652.0 528.0
0 419.0 529.0
0 457.0 530.0
0 530.0 530.0
0 705.0 530.0
0 728.0 531.0
0 429.0 532.0
0 499.0 533.0
0 616.0 533.0
0 419.0 534.0
0 717.0 534.0
0 435.0 535.0
0 637.0 535.0
0 671.0 535.0
0 684.0 535.0
0 483.0 536.0
0 711.0 539.0
0 458.0 540.0
0 549.0 540.0
0 569.0 541.0
0 657.0 541.0
0 724.0 541.0
0 385.0 542.0
0 402.0 543.0
0 473.0 543.0
0 616.0 543.0
0 681.0 543.0
0 641.0 544.0
0 673.0 544.0
0 702.0 546.0
0 723.0 547.0
0 598.0 548.0
0 463.0 550.0
0 488.0 550.0
0 616.0 550.0
0 160.0 551.0
0 395.0 551.0
0 688.0 551.0
0 660.0 554.0
0 464.0 555.0
0 678.0 556.0
0 552.0 557.0
0 705.0 557.0
0 492.0 558.0
0 715.0 558.0
0 512.0 561.0
0 643.0 561.0
0 649.0 561.0
0 678.0 561.0
0 517.0 562.0
0 480.0 564.0
0 369.0 565.0
0 614.0 565.0
0 654.0 565.0
0 380.0 567.0
0 467.0 567.0
0 493.0 567.0
0 706.0 569.0
0 523.0 571.0
0 553.0 573.0
0 468.0 575.0
0 480.0 575.0
0 596.0 576.0
0 685.0 577.0
0 715.0 577.0
0 499.0 578.0
0 553.0 578.0
0 643.0 578.0
0 703.0 578.0
0 586.0 579.0
0 613.0 580.0
0 518.0 581.0
0 540.0 585.0
0 663.0 585.0
0 613.0 586.0
0 641.0 589.0
0 479.0 590.0
0 502.0 591.0
0 690.0 591.0
0 555.0 592.0
0 581.0 592.0
0 516.0 593.0
0 541.0 593.0
0 408.0 594.0
0 705.0 594.0
0 136.0 595.0
0 650.0 596.0
0 555.0 597.0
0 393.0 598.0
0 528.0 599.0
0 589.0 599.0
0 668.0 599.0
0 504.0 600.0
0 571.0 602.0
0 691.0 602.0
0 613.0 603.0
0 490.0 605.0
0 479.0 606.0
0 528.0 608.0
0 705.0 608.0
0 508.0 610.0
0 557.0 611.0
0 667.0 612.0
0 582.0 614.0
0 611.0 615.0
0 676.0 615.0
0 661.0 617.0
0 490.0 618.0
0 634.0 622.0
0 681.0 623.0
0 696.0 623.0
0 660.0 624.0
0 376.0 625.0
0 548.0 627.0
0 611.0 627.0
0 573.0 628.0
0 515.0 629.0
0 581.0 629.0
0 500.0 630.0
0 644.0 630.0
0 561.0 631.0
0 639.0 632.0
0 371.0 633.0
0 686.0 633.0
0 717.0 634.0
0 517.0 635.0
0 492.0 636.0
0 543.0 636.0
0 671.0 639.0
0 562.0 641.0
0 580.0 642.0
0 655.0 642.0
0 611.0 644.0
0 309.0 646.0
0 349.0 646.0
0 641.0 646.0
0 504.0 649.0
0 627.0 649.0
0 542.0 651.0
0 654.0 651.0
0 611.0 652.0
0 509.0 654.0
0 551.0 654.0
0 685.0 654.0
0 699.0 654.0
0 524.0 655.0
0 565.0 657.0
0 636.0 658.0
0 627.0 661.0
0 675.0 661.0
0 527.0 662.0
0 547.0 662.0
0 666.0 666.0
0 584.0 668.0
0 609.0 668.0
0 565.0 669.0
0 648.0 669.0
0 542.0 672.0
0 522.0 677.0
0 609.0 677.0
0 639.0 679.0
0 568.0 683.0
0 643.0 684.0
0 545.0 687.0
0 569.0 688.0
0 576.0 690.0
0 554.0 691.0
0 589.0 693.0
0 594.0 693.0
0 609.0 695.0
0 614.0 695.0
0 566.0 698.0
0 576.0 699.0
0 598.0 704.0
0 573.0 707.0
1 1014.0 14.0
1 750.0 46.0
1 296.0 51.0
1 803.0 72.0
1 792.0 75.0
1 327.0 77.0
1 992.0 83.0
1 520.0 87.0
1 340.0 90.0
1 984.0 96.0
1 354.0 103.0
1 979.0 103.0
1 536.0 105.0
1 337.0 107.0
1 351.0 113.0
1 541.0 113.0
1 343.0 114.0
1 366.0 115.0
1 688.0 117.0
1 524.0 120.0
1 546.0 122.0
1 715.0 122.0
1 535.0 124.0
1 722.0 124.0
1 435.0 126.0
1 669.0 127.0
1 942.0 127.0
1 381.0 128.0
1 727.0 128.0
1 550.0 133.0
1 365.0 134.0
1 658.0 134.0
1 359.0 136.0
1 684.0 137.0
1 708.0 139.0
1 528.0 142.0
1 397.0 143.0
1 732.0 145.0
1 933.0 145.0
1 557.0 146.0
1 920.0 146.0
1 912.0 147.0
1 938.0 147.0
1 542.0 148.0
1 648.0 151.0
1 384.0 154.0
1 702.0 154.0
1 925.0 155.0
1 531.0 157.0
1 376.0 158.0
1 413.0 158.0
1 644.0 158.0
1 887.0 158.0
1 564.0 162.0
1 652.0 162.0
1 674.0 162.0
1 639.0 163.0
1 547.0 166.0
1 403.0 167.0
1 687.0 167.0
1 709.0 169.0
1 858.0 171.0
1 387.0 172.0
1 533.0 173.0
1 429.0 174.0
1 404.0 178.0
1 571.0 178.0
1 628.0 178.0
1 415.0 180.0
1 665.0 187.0
1 829.0 187.0
1 410.0 189.0
1 643.0 189.0
1 536.0 190.0
1 687.0 190.0
1 445.0 191.0
1 576.0 192.0
1 842.0 192.0
1 428.0 193.0
1 617.0 193.0
1 809.0 199.0
1 821.0 200.0
1 556.0 201.0
1 603.0 204.0
1 438.0 205.0
1 462.0 208.0
1 640.0 209.0
1 442.0 210.0
1 607.0 210.0
1 651.0 212.0
1 598.0 213.0
1 804.0 213.0
1 823.0 214.0
1 799.0 215.0
1 665.0 217.0
1 557.0 219.0
1 627.0 220.0
1 604.0 222.0
1 638.0 222.0
1 478.0 225.0
1 553.0 226.0
1 458.0 227.0
1 543.0 227.0
1 561.0 227.0
1 783.0 228.0
1 654.0 233.0
1 585.0 234.0
1 575.0 235.0
1 466.0 236.0
1 631.0 238.0
1 565.0 239.0
1 789.0 239.0
1 493.0 240.0
1 529.0 244.0
1 762.0 245.0
1 448.0 247.0
1 629.0 249.0
1 592.0 251.0
1 479.0 252.0
1 507.0 255.0
1 638.0 255.0
1 651.0 255.0
1 592.0 256.0
1 484.0 258.0
1 744.0 259.0
1 591.0 261.0
1 460.0 264.0
1 631.0 266.0
1 649.0 266.0
1 808.0 266.0
1 521.0 269.0
1 550.0 270.0
1 572.0 271.0
1 728.0 272.0
1 498.0 273.0
1 624.0 273.0
1 573.0 276.0
1 633.0 276.0
1 611.0 277.0
1 502.0 278.0
1 507.0 278.0
1 512.0 279.0
1 553.0 279.0
1 589.0 280.0
1 524.0 281.0
1 718.0 282.0
1 536.0 284.0
1 736.0 284.0
1 414.0 285.0
1 476.0 286.0
1 528.0 286.0
1 401.0 287.0
1 712.0 287.0
1 407.0 288.0
1 427.0 288.0
1 512.0 288.0
1 611.0 289.0
1 388.0 290.0
1 577.0 292.0
1 442.0 293.0
1 402.0 294.0
1 615.0 294.0
1 585.0 296.0
1 721.0 296.0
1 521.0 297.0
1 566.0 299.0
1 622.0 299.0
1 701.0 299.0
1 373.0 300.0
1 458.0 300.0
1 489.0 300.0
1 552.0 301.0
1 652.0 301.0
1 540.0 303.0
1 695.0 303.0
1 528.0 304.0
1 545.0 304.0
1 668.0 304.0
1 712.0 305.0
1 830.0 306.0
1 436.0 307.0
1 609.0 309.0
1 636.0 309.0
1 475.0 310.0
1 551.0 310.0
1 559.0 312.0
1 581.0 312.0
1 833.0 312.0
1 537.0 313.0
1 656.0 313.0
1 618.0 315.0
1 449.0 316.0
1 593.0 317.0
1 632.0 317.0
1 677.0 319.0
1 488.0 320.0
1 543.0 320.0
1 695.0 320.0
1 531.0 321.0
1 808.0 321.0
1 604.0 322.0
1 465.0 323.0
1 561.0 323.0
1 436.0 324.0
1 571.0 324.0
1 576.0 325.0
1 430.0 329.0
1 517.0 329.0
1 557.0 329.0
1 512.0 331.0
1 454.0 332.0
1 797.0 332.0
1 477.0 334.0
1 657.0 336.0
1 508.0 337.0
1 626.0 337.0
1 528.0 338.0
1 542.0 338.0
1 589.0 338.0
1 432.0 340.0
1 440.0 340.0
1 570.0 340.0
1 793.0 340.0
1 552.0 341.0
1 618.0 341.0
1 808.0 342.0
1 420.0 344.0
1 465.0 344.0
1 499.0 346.0
1 821.0 348.0
1 541.0 349.0
1 643.0 349.0
1 776.0 349.0
1 530.0 351.0
1 485.0 352.0
1 796.0 353.0
1 433.0 355.0
1 512.0 355.0
1 570.0 355.0
1 764.0 355.0
1 580.0 356.0
1 651.0 356.0
1 490.0 358.0
1 532.0 358.0
1 737.0 358.0
1 553.0 360.0
1 420.0 361.0
1 646.0 361.0
1 793.0 361.0
1 817.0 362.0
1 434.0 363.0
1 751.0 363.0
1 487.0 364.0
1 504.0 364.0
1 626.0 364.0
1 809.0 365.0
1 516.0 367.0
1 644.0 368.0
1 545.0 369.0
1 563.0 369.0
1 684.0 369.0
1 741.0 369.0
1 410.0 370.0
1 484.0 370.0
1 583.0 370.0
1 596.0 370.0
1 724.0 370.0
1 443.0 371.0
1 786.0 372.0
1 304.0 374.0
1 427.0 374.0
1 465.0 375.0
1 771.0 375.0
1 513.0 376.0
1 478.0 377.0
1 728.0 377.0
1 810.0 377.0
1 558.0 379.0
1 372.0 380.0
1 638.0 381.0
1 721.0 381.0
1 426.0 382.0
1 589.0 382.0
1 616.0 382.0
1 706.0 382.0
1 421.0 383.0
1 433.0 383.0
1 457.0 383.0
1 462.0 383.0
1 478.0 383.0
1 779.0 383.0
1 503.0 384.0
1 561.0 385.0
1 1014.0 385.0
1 796.0 386.0
1 577.0 387.0
1 524.0 388.0
1 463.0 389.0
1 468.0 390.0
1 532.0 390.0
1 749.0 390.0
1 697.0 392.0
1 436.0 395.0
1 453.0 395.0
1 502.0 395.0
1 549.0 395.0
1 584.0 396.0
1 613.0 396.0
1 758.0 396.0
1 240.0 397.0
1 647.0 397.0
1 735.0 397.0
1 245.0 398.0
1 465.0 398.0
1 630.0 398.0
1 655.0 398.0
1 566.0 400.0
1 279.0 401.0
1 640.0 401.0
1 458.0 402.0
1 578.0 403.0
1 780.0 403.0
1 744.0 404.0
1 426.0 405.0
1 486.0 406.0
1 540.0 406.0
1 471.0 407.0
1 614.0 408.0
1 756.0 408.0
1 446.0 410.0
1 451.0 411.0
1 463.0 412.0
1 770.0 412.0
1 527.0 413.0
1 544.0 413.0
1 565.0 413.0
1 437.0 414.0
1 481.0 414.0
1 552.0 414.0
1 515.0 417.0
1 749.0 417.0
1 457.0 418.0
1 979.0 418.0
1 482.0 419.0
1 497.0 419.0
1 604.0 420.0
1 427.0 421.0
1 778.0 424.0
1 446.0 425.0
1 623.0 425.0
1 687.0 425.0
1 764.0 427.0
1 470.0 428.0
1 741.0 428.0
1 637.0 430.0
1 509.0 431.0
1 488.0 433.0
1 428.0 435.0
1 439.0 435.0
1 582.0 436.0
1 738.0 436.0
1 756.0 436.0
1 462.0 437.0
1 574.0 438.0
1 725.0 438.0
1 499.0 439.0
1 538.0 439.0
1 661.0 439.0
1 563.0 440.0
1 549.0 441.0
1 433.0 442.0
1 474.0 442.0
1 760.0 443.0
1 489.0 444.0
1 667.0 444.0
1 747.0 444.0
1 772.0 445.0
1 579.0 446.0
1 482.0 448.0
1 543.0 448.0
1 702.0 448.0
1 724.0 448.0
1 438.0 449.0
1 602.0 449.0
1 451.0 450.0
1 739.0 450.0
1 574.0 451.0
1 564.0 452.0
1 611.0 452.0
1 673.0 452.0
1 475.0 453.0
1 592.0 453.0
1 501.0 455.0
1 574.0 456.0
1 728.0 457.0
1 758.0 457.0
1 445.0 458.0
1 492.0 458.0
1 544.0 458.0
1 702.0 458.0
1 721.0 458.0
1 740.0 458.0
1 658.0 459.0
1 467.0 460.0
1 506.0 460.0
1 626.0 460.0
1 558.0 462.0
1 749.0 462.0
1 710.0 463.0
1 715.0 463.0
1 571.0 464.0
1 680.0 464.0
1 763.0 464.0
1 462.0 466.0
1 473.0 466.0
1 450.0 467.0
1 584.0 467.0
1 768.0 467.0
1 633.0 468.0
1 664.0 468.0
1 413.0 469.0
1 498.0 469.0
1 682.0 469.0
1 715.0 470.0
1 730.0 470.0
1 742.0 471.0
1 431.0 472.0
1 456.0 474.0
1 481.0 475.0
1 465.0 476.0
1 569.0 476.0
1 639.0 476.0
1 999.0 476.0
1 425.0 477.0
1 492.0 478.0
1 670.0 478.0
1 685.0 478.0
1 761.0 478.0
1 723.0 479.0
1 743.0 479.0
1 513.0 480.0
1 441.0 483.0
1 686.0 483.0
1 430.0 484.0
1 714.0 484.0
1 727.0 484.0
1 463.0 485.0
1 493.0 486.0
1 649.0 486.0
1 737.0 486.0
1 448.0 487.0
1 691.0 487.0
1 748.0 487.0
1 761.0 489.0
1 515.0 491.0
1 634.0 491.0
1 395.0 492.0
1 411.0 492.0
1 677.0 492.0
1 464.0 493.0
1 600.0 495.0
1 713.0 495.0
1 549.0 496.0
1 496.0 497.0
1 657.0 497.0
1 156.0 498.0
1 696.0 499.0
1 753.0 499.0
1 470.0 500.0
1 515.0 500.0
1 404.0 501.0
1 638.0 502.0
1 670.0 502.0
1 736.0 502.0
1 608.0 503.0
1 498.0 504.0
1 682.0 504.0
1 546.0 505.0
1 755.0 507.0
1 567.0 508.0
1 708.0 508.0
1 588.0 509.0
1 471.0 512.0
1 637.0 512.0
1 377.0 514.0
1 487.0 514.0
1 668.0 514.0
1 754.0 514.0
1 389.0 515.0
1 704.0 517.0
1 617.0 519.0
1 685.0 519.0
1 502.0 520.0
1 636.0 520.0
1 513.0 521.0
1 714.0 521.0
1 731.0 521.0
1 476.0 522.0
1 569.0 523.0
1 704.0 523.0
1 547.0 525.0
1 425.0 528.0
1 505.0 528.0
1 678.0 528.0
1 706.0 528.0
1 569.0 529.0
1 748.0 530.0
1 529.0 531.0
1 666.0 534.0
1 477.0 535.0
1 635.0 535.0
1 732.0 535.0
1 494.0 537.0
1 506.0 537.0
1 480.0 540.0
1 710.0 540.0
1 634.0 541.0
1 130.0 542.0
1 539.0 542.0
1 739.0 542.0
1 570.0 544.0
1 416.0 546.0
1 616.0 548.0
1 512.0 549.0
1 570.0 549.0
1 401.0 550.0
1 480.0 550.0
1 731.0 550.0
1 495.0 551.0
1 605.0 551.0
1 633.0 552.0
1 714.0 552.0
1 663.0 553.0
1 689.0 553.0
1 535.0 554.0
1 556.0 556.0
1 728.0 560.0
1 632.0 561.0
1 571.0 563.0
1 739.0 563.0
1 516.0 564.0
1 598.0 564.0
1 491.0 565.0
1 553.0 565.0
1 662.0 566.0
1 718.0 567.0
1 571.0 571.0
1 696.0 571.0
1 543.0 573.0
1 608.0 573.0
1 671.0 573.0
1 518.0 574.0
1 632.0 575.0
1 728.0 578.0
1 631.0 580.0
1 612.0 581.0
1 503.0 582.0
1 674.0 582.0
1 491.0 584.0
1 521.0 585.0
1 573.0 585.0
1 598.0 590.0
1 630.0 591.0
1 707.0 591.0
1 689.0 592.0
1 310.0 593.0
1 353.0 595.0
1 502.0 596.0
1 682.0 597.0
1 711.0 597.0
1 308.0 598.0
1 725.0 599.0
1 654.0 602.0
1 562.0 604.0
1 589.0 605.0
1 528.0 606.0
1 597.0 606.0
1 629.0 606.0
1 680.0 606.0
1 576.0 607.0
1 513.0 610.0
1 707.0 610.0
1 613.0 612.0
1 556.0 613.0
1 659.0 613.0
1 715.0 613.0
1 530.0 614.0
1 726.0 614.0
1 503.0 616.0
1 704.0 617.0
1 577.0 619.0
1 596.0 621.0
1 628.0 623.0
1 692.0 623.0
1 724.0 623.0
1 675.0 625.0
1 739.0 626.0
1 660.0 627.0
1 716.0 627.0
1 554.0 629.0
1 646.0 630.0
1 516.0 631.0
1 566.0 633.0
1 628.0 634.0
1 699.0 634.0
1 714.0 634.0
1 537.0 635.0
1 673.0 635.0
1 579.0 636.0
1 652.0 642.0
1 561.0 643.0
1 540.0 644.0
1 698.0 647.0
1 579.0 650.0
1 599.0 650.0
1 626.0 651.0
1 686.0 653.0
1 666.0 654.0
1 556.0 655.0
1 692.0 656.0
1 533.0 659.0
1 626.0 661.0
1 569.0 662.0
1 601.0 663.0
1 582.0 666.0
1 656.0 666.0
1 553.0 670.0
1 558.0 671.0
1 659.0 672.0
1 583.0 674.0
1 567.0 675.0
1 590.0 675.0
1 610.0 677.0
1 603.0 678.0
1 629.0 679.0
1 579.0 683.0
1 590.0 684.0
1 600.0 686.0
1 613.0 690.0
1 586.0 692.0
