0 0 0 102.94612214062344
0 1 1 102.15658002416117
0 2 2 102.40678169910544
0 4 3 107.92694796401719
0 5 4 106.6474915119174
0 8 5 103.13558383259117
0 7 6 108.09788824921431
0 9 7 111.6984233328391
0 11 8 128.8668070354825
0 13 9 147.55480552206876
0 12 10 111.54199824282227
0 14 12 119.81080462877802
0 18 13 124.0894755181059
0 10 14 117.97125523962264
0 21 15 108.34497417080546
0 16 16 114.40890595411688
0 17 17 110.77439263374629
0 15 18 128.39581002042274
0 25 20 114.98387799707612
0 26 21 105.42325506399932
0 32 22 109.45454732871256
0 37 23 123.33169329360483
0 30 24 119.5827338355121
0 20 25 140.72179951146836
0 38 26 129.60883773031017
0 31 27 115.64067361737871
0 40 28 112.37711820471141
0 51 29 476.70332511702907
0 19 30 141.58393223232292
0 43 31 106.75311498168448
0 27 32 163.04814965522422
0 28 33 151.91817658519827
0 42 34 106.82256775174086
0 50 35 116.1330283008746
0 35 36 201.78624896797413
0 44 37 160.60844515565523
0 39 38 144.07657695567028
0 36 39 174.77606616507268
0 53 40 109.92570397048995
0 56 41 103.51900225181936
0 54 42 123.9361990541759
0 55 43 115.07262575656686
0 47 44 126.46815409754333
0 57 45 205.46228480132615
0 62 46 110.86501484304645
0 52 47 186.16892651254616
0 61 48 150.22763083680377
0 65 50 109.93718583168601
0 63 51 110.13594067532412
0 58 52 113.73128443857179
0 64 53 108.64824209964476
0 60 54 441.01896755390027
0 70 56 123.82839673260209
0 71 57 117.37826630537826
0 74 59 107.10222158441067
0 75 60 107.46989767014257
0 68 61 255.0305213351406
0 67 63 105.78839239402791
0 69 64 135.9795001608034
0 76 65 107.83666885461025
0 77 66 108.36817343231829
0 83 68 107.61814671197985
0 78 69 256.0311170631013
0 85 70 102.93169017769952
0 72 72 112.74450818605177
0 79 74 208.66341899509155
0 80 76 156.46711374444754
0 88 77 111.66535514643401
0 82 79 133.87446316648408
0 86 80 135.2187251787533
0 91 81 136.97497954831576
0 93 82 118.91103362104703
0 89 83 182.80790946477754
0 87 84 122.19908616625388
0 95 86 155.77426995388205
0 97 87 108.5953571729556
0 90 88 183.1450436144203
0 92 91 179.1172686809849
0 107 93 273.021074280239
0 104 94 117.96573911787627
0 102 95 147.60688912434443
0 103 96 108.00216400667742
0 98 97 168.71717866111663
0 105 98 117.72523283010426
0 96 99 286.02296218082495
0 106 100 110.3065940757765
0 110 101 105.59582038027852
0 108 102 268.7792999828821
0 101 103 187.7214288799272
0 94 104 205.15067442553473
0 100 105 376.15296675426345
0 114 106 106.38540748599435
0 113 107 114.15616160445008
0 118 108 112.94295306508903
0 109 109 150.50855753529777
0 111 110 130.98588701256168
0 119 111 168.46556426250447
0 99 112 123.19462752921328
0 117 113 144.05122961429163
0 116 115 179.61692636218365
0 125 116 262.05574044554214
0 122 117 111.30518963302069
0 124 118 130.66704445418335
0 120 120 123.01864225008663
0 126 122 115.49788606549059
0 115 123 220.90224177930864
0 128 125 270.81348000042294
0 129 126 275.2109514733898
0 123 127 148.47975485977975
0 131 128 114.05637495341472
0 133 129 218.8526253889257
0 121 130 268.7182981318817
0 135 132 122.70667382745033
0 136 133 104.78315811510659
0 132 134 183.55587249787038
0 138 136 210.08659370643667
0 141 137 128.70751228083392
0 142 138 129.39258533036912
0 134 139 292.5389576857968
0 148 140 190.2132748948353
0 143 141 191.6429138897345
0 146 142 175.136875791274
0 151 143 191.35554444895854
0 147 144 115.18137107936468
0 154 145 164.12054355413787
0 169 147 314.2036696014064
0 156 148 114.47951759415011
0 149 149 123.86465444997073
0 144 150 186.801165039939
0 158 151 173.80221030635806
0 162 152 107.48341994936294
0 139 153 131.64824907022708
0 155 154 105.57286274339039
0 167 155 263.0402479949848
0 145 156 169.35717378949587
0 153 157 170.3854813980387
0 172 158 106.99063893384948
0 166 159 129.91016669280015
0 161 161 139.86358453322245
0 159 162 123.93424898858262
0 160 164 127.94482847819833
0 174 165 135.10670852502128
0 173 167 123.16678978048155
0 164 168 141.3935406814496
0 181 169 131.93247805196972
0 175 170 166.8207644979915
0 171 171 122.96803202155684
0 163 172 112.59300698850166
0 187 173 110.37583286562749
0 183 174 104.66331218529903
0 177 175 260.8847419611463
0 176 176 135.99402759077972
0 182 177 119.93507276148505
0 190 178 136.19078380898566
0 188 179 112.28547355756989
0 180 181 144.48372428206454
0 179 182 152.18100317165909
0 198 184 111.99874497866298
0 186 186 134.45643657924532
0 191 187 123.36405029470738
0 184 188 188.14646548924406
0 192 189 106.93295478649631
0 194 191 178.30957851376516
0 203 192 148.53145476263072
0 185 193 122.46637400765155
0 196 194 120.46087448572153
0 200 195 106.63325021805288
0 201 196 125.90388172496829
0 197 197 131.69771849612044
0 206 198 134.26538684171334
0 211 200 226.3293592764029
0 210 201 125.52687951766934
0 199 202 118.44399200462163
0 212 203 106.41285716143219
0 205 204 123.27943016935143
0 208 205 138.54737789435967
0 209 207 201.74410141788434
0 204 208 267.11985864180605
0 217 209 237.32326791219816
0 202 210 219.51620047824005
0 207 211 131.29411271223992
0 224 212 105.45105878677847
0 223 214 140.28665201857743
0 218 216 245.3278133701864
0 215 217 148.22742531649774
0 213 218 109.80369365523852
0 229 219 292.0232992498821
0 214 220 127.54079397968374
0 235 221 157.78878469777916
0 228 222 147.69622560319007
0 216 223 205.97315692492185
0 221 224 126.96210763012236
0 227 225 147.738143785748
0 230 226 223.83679776478277
0 232 227 108.42285519450397
0 222 228 128.1095957105028
0 226 229 174.17439265547281
0 225 230 134.5973031627031
0 233 233 125.29413908493514
0 250 234 255.47208698455987
0 239 236 113.18648401984208
0 248 237 162.3475283906145
0 243 240 134.73806484835399
0 241 241 208.0817581981446
0 236 242 146.438360648154
0 244 243 111.65726207432922
0 231 244 208.10627833561773
0 238 245 243.94572513776205
0 240 246 104.15440155788195
0 249 247 128.2523225893105
0 234 248 196.15699981047482
0 251 249 110.60501688193065
0 242 250 135.0561457483139
0 266 251 230.04365453035302
0 247 252 119.64261569891725
0 245 254 200.15293123874363
0 260 255 110.8816181303949
0 256 256 133.29861803282947
0 257 258 158.56602284920487
0 270 259 109.53720035086447
0 264 260 340.2968030625304
0 269 261 312.0577607256268
0 274 262 112.11549464703354
0 268 263 150.31619572767752
0 262 264 171.39083758850876
0 258 265 175.36836341936416
0 273 266 181.02316423597168
0 278 267 120.69384723968446
0 279 269 168.32198375995188
0 276 270 143.93272645069743
0 272 271 263.5560012768407
0 289 272 287.4054331895468
0 285 274 345.842328684301
0 281 275 119.44954950150728
0 282 276 106.69199548792217
0 287 277 175.86947187634178
0 275 278 141.46083987382093
0 299 279 103.03393160863085
0 292 281 275.54816988737605
0 300 282 131.02087115223395
0 286 283 234.4297841742301
0 280 287 192.5167630978448
0 290 288 168.49608658640983
0 291 289 123.50194809171813
0 298 290 144.37360243944102
0 302 291 106.44208355047189
0 297 292 131.64855897806189
0 304 293 137.27772537411525
0 288 295 119.83571639793202
0 320 296 160.935954703304
0 319 297 137.98703710024515
0 316 298 312.56530051908794
0 306 299 117.88179187853602
0 301 300 194.16136954854736
0 307 301 300.30973013731426
0 325 302 132.87401033817295
0 333 304 381.8324992921954
0 293 305 207.3334953472291
0 313 307 134.14808904401548
0 314 308 132.56346323969333
0 321 309 296.8013813638128
0 303 310 301.14200762044425
0 317 311 121.63379701286551
0 318 312 128.57225404023737
0 309 313 214.2243548899907
0 312 314 133.16990457642325
0 311 315 211.2037242478002
0 327 317 172.0502408539046
0 330 318 396.23799575166163
0 332 319 166.96814161088693
0 334 321 276.34001853333643
0 329 323 373.59326200258954
0 342 324 107.08210354106772
0 338 325 172.34642366513881
0 343 326 191.1433316137453
0 337 327 140.32693404359355
0 335 328 123.86678522837649
0 350 329 131.80967076289843
0 349 330 197.36524263660192
0 328 331 125.54322355557747
0 355 332 151.56501031680355
0 351 333 225.1284656230629
0 331 335 137.54702626124825
0 340 336 191.71958494849795
0 356 337 119.10811977222578
0 353 339 174.62478584617563
0 344 340 158.24094398935026
0 362 341 204.08404913986743
0 354 342 498.13738298936335
0 347 345 147.12118580060752
0 360 346 128.0418105277297
0 359 347 159.6417341910378
0 363 348 115.2673037513023
0 361 350 211.89310353472476
0 365 351 208.11013755720643
0 375 353 140.02641580140659
0 367 354 128.09634199061153
0 382 355 296.0985455230872
0 366 357 122.04389799277943
0 369 359 150.1801476163136
0 376 360 145.18754108416147
0 371 361 338.03778813663223
0 370 362 163.71355366250813
0 378 363 133.1535858464886
0 374 365 136.41462552158998
0 389 366 121.79665208348942
0 377 367 153.989103508955
0 372 368 244.95937277658464
0 385 369 133.81287447202737
0 379 370 134.27384372476945
0 387 371 194.87817454108622
0 390 372 299.37524044998673
0 395 374 106.75570984888125
0 406 375 229.10429662322338
0 394 376 138.70542553048128
0 392 377 137.63500703014847
0 384 378 181.845393193735
0 398 379 153.78834002946112
0 396 380 134.0221307415106
0 397 381 127.12452526871448
0 393 382 134.3594718684423
0 409 383 244.7921565966785
0 399 384 161.53139457075872
0 391 385 199.4999544569954
0 412 388 124.05155426603345
0 402 389 106.43467585294934
0 405 391 132.4532075613805
0 411 392 121.89099857789611
0 400 393 266.28762264179096
0 410 394 157.29552314034214
0 407 395 160.65578354332172
0 413 397 119.37899528822999
0 403 399 278.45585709093143
0 425 400 136.49146839645294
0 419 402 111.32307734774076
0 404 403 252.9681533675641
0 416 404 149.74930680361155
0 414 406 110.50285230950753
0 421 408 182.81924414472707
0 417 409 116.72094952317008
0 418 410 174.77513760096423
0 426 411 135.42682956853426
0 420 412 224.99560796847285
0 415 413 237.05488844349335
0 423 414 379.5264226345676
0 437 415 146.0838630913079
0 434 416 259.8279987740526
0 427 417 212.69118840131043
0 432 418 117.42456809214445
0 433 419 112.96099842313137
0 440 421 151.8009402000486
0 431 422 111.14650546556584
0 428 424 124.6228548851389
0 435 425 117.03293893849973
0 430 428 239.88626531905805
0 452 429 323.7530712678879
0 443 430 119.4029034950574
0 439 431 278.7989018685202
0 436 432 142.00373604590243
0 447 433 123.5121948777516
0 442 434 133.66026844519027
0 438 435 149.61005310968122
0 469 436 235.47640725763836
0 441 437 186.49206571345775
0 445 438 108.6099094568707
0 444 439 121.26795920152253
0 453 440 119.29591783115035
0 456 441 174.54902593180222
0 454 443 105.33507070863841
0 451 444 182.35650438701038
0 446 445 124.60592592812654
0 449 446 227.6109857211456
0 473 447 178.12193503522155
0 458 448 143.5196621202107
0 457 450 240.0707338840804
0 466 452 111.00948183582189
0 461 453 111.99564973562839
0 460 454 205.07125880864874
0 471 455 263.20661445379017
0 459 457 153.57297194429924
0 455 458 332.19167551486623
0 468 460 110.93862442770008
0 480 461 382.74500857497935
0 474 463 105.5257561108954
0 475 464 102.03097841261011
0 464 465 150.44992710307494
0 467 467 108.98655566122552
0 465 468 125.90466594718497
0 484 469 130.1930645867085
0 476 470 119.56876547997186
0 479 471 486.9620188592676
0 477 472 138.73407714745835
0 470 473 300.9680293081717
0 499 474 456.5066426548226
0 485 475 131.76380113213156
0 482 476 103.73686580318704
0 488 477 237.00278192507292
0 486 478 136.0426034831226
0 483 479 118.8071398369013
0 478 481 130.17344727081152
0 481 483 127.30256121685628
0 502 484 164.13563649213486
0 491 486 119.59470200223919
0 495 488 117.24569186856353
0 493 489 262.9627385954096
0 500 490 197.80909528116365
0 494 491 133.3050999568792
0 506 495 110.06128373744598
0 497 496 192.37526326990394
0 501 497 111.59477165570533
0 503 498 206.28080509094028
0 490 499 136.96596655483884
0 504 501 111.12430222824639
0 505 502 498.33172999631313
0 507 503 203.28219517711113
0 509 504 136.0150967760451
0 517 505 192.7791205101612
0 520 506 113.18140626879432
0 511 507 106.43208981669201
0 515 508 310.12874234589214
0 530 509 365.89454033140976
0 519 510 109.10422274793432
0 512 512 107.92257412449204
0 521 513 321.1435372729011
0 513 514 106.89012916738396
0 514 515 123.12532781687302
0 522 516 109.37278899759242
0 523 517 128.3564488511454
0 516 518 154.425816181062
0 525 519 120.5184446087062
0 528 520 107.63801091468869
0 531 521 111.94967487502494
0 536 522 115.08870537951996
0 532 524 142.59862569230881
0 533 525 112.03431516742927
0 537 527 113.17493184261218
0 526 528 121.5058536358911
0 535 530 104.71887367210289
0 539 531 112.6557885877536
0 540 532 124.09409224457781
0 527 533 103.75808850586441
0 542 534 117.46656373450503
0 541 535 111.14650546556584
0 538 536 216.2929107452888
0 543 537 112.41913592026916
0 547 538 311.8810327763654
0 545 540 104.02421649109512
0 546 542 109.3341002327352
0 548 543 114.16705261715259
0 557 544 209.35168696454696
0 552 545 109.52220549305183
0 550 546 113.49518664701705
0 551 547 150.5208184738891
0 553 548 110.366778481459
0 554 549 104.08023125775033
0 555 551 112.14131883498052
0 556 552 110.78310437110548
0 560 553 129.01941203064956
0 568 555 385.0401536376956
0 563 556 120.40873419660197
0 562 558 150.7846145411765
0 564 559 109.01789314278678
0 565 560 104.47747177861748
0 571 561 106.32805048315042
0 566 562 110.54765354968248
0 578 563 108.01900574346985
0 570 565 105.2966541425701
0 573 566 153.34941728063077
0 559 567 207.2898056292351
0 575 568 333.81100634953003
0 579 569 333.8390036018013
0 582 570 105.68407589451408
0 584 571 107.49608467996443
0 581 572 120.27107491005773
0 583 573 115.0599515186662
0 586 574 103.54314565173762
0 589 575 139.98882907364586
0 590 576 115.98765183301616
0 591 577 113.23290737961693
0 577 578 122.5381019423248
0 574 579 116.0529286403001
0 598 581 133.091951098758
0 592 582 137.78860230181286
0 597 583 113.52073633187874
0 596 584 112.88539551466485
0 595 585 113.17083226473257
0 594 586 215.4480296910453
0 599 587 111.61004244612907
0 593 589 380.57605820195835
0 601 590 112.67937244502629
0 600 591 103.56783096308016
0 603 593 118.70782006795065
0 602 594 177.41464601068049
0 605 595 106.53186139187608
0 604 596 108.88655921539862
0 606 597 127.87237347489939
0 608 598 104.98916454682275
0 607 599 111.83570781452697
0 610 600 108.37757493553597
0 609 601 110.3290521451119
0 612 602 110.70928454031429
0 617 603 106.7586105434686
0 613 604 104.55551950000459
0 615 605 108.09330554311725
0 618 606 134.2523328813235
0 619 607 107.62132918616692
0 616 608 194.58353315862755
0 620 609 148.42058013236925
0 621 610 120.18662248490327
0 622 611 125.48205858531327
0 624 612 140.2670532593256
0 623 613 180.92547846985408
0 625 615 158.28153580077142
0 627 616 300.01316128293894
0 626 617 134.4658012674423
0 628 618 114.10048833999427
0 629 619 116.47520856722204

0 957.0 57.0
0 715.0 79.0
0 274.0 100.0
0 764.0 111.0
0 754.0 115.0
0 493.0 118.0
0 305.0 125.0
0 318.0 137.0
0 509.0 138.0
0 514.0 146.0
0 332.0 149.0
0 498.0 154.0
0 316.0 155.0
0 519.0 156.0
0 928.0 156.0
0 509.0 158.0
0 330.0 161.0
0 344.0 161.0
0 322.0 162.0
0 500.0 165.0
0 523.0 167.0
0 360.0 173.0
0 513.0 173.0
0 688.0 173.0
0 675.0 175.0
0 894.0 178.0
0 503.0 179.0
0 344.0 180.0
0 530.0 181.0
0 339.0 182.0
0 907.0 183.0
0 516.0 184.0
0 889.0 184.0
0 413.0 186.0
0 376.0 188.0
0 505.0 193.0
0 885.0 193.0
0 667.0 195.0
0 867.0 195.0
0 890.0 196.0
0 538.0 197.0
0 521.0 201.0
0 391.0 202.0
0 356.0 204.0
0 843.0 205.0
0 651.0 207.0
0 508.0 209.0
0 663.0 209.0
0 380.0 210.0
0 867.0 210.0
0 545.0 214.0
0 366.0 216.0
0 816.0 216.0
0 407.0 217.0
0 670.0 217.0
0 623.0 218.0
0 384.0 223.0
0 394.0 224.0
0 644.0 225.0
0 511.0 226.0
0 550.0 229.0
0 614.0 229.0
0 683.0 229.0
0 811.0 230.0
0 789.0 231.0
0 391.0 232.0
0 423.0 232.0
0 663.0 234.0
0 407.0 236.0
0 606.0 237.0
0 531.0 238.0
0 636.0 238.0
0 802.0 238.0
0 690.0 239.0
0 619.0 240.0
0 673.0 241.0
0 771.0 242.0
0 515.0 245.0
0 688.0 245.0
0 784.0 245.0
0 800.0 246.0
0 418.0 248.0
0 441.0 249.0
0 597.0 249.0
0 576.0 250.0
0 687.0 250.0
0 422.0 253.0
0 532.0 255.0
0 753.0 255.0
0 439.0 258.0
0 633.0 258.0
0 764.0 259.0
0 587.0 260.0
0 570.0 261.0
0 456.0 264.0
0 519.0 264.0
0 536.0 264.0
0 735.0 266.0
0 437.0 268.0
0 628.0 270.0
0 415.0 272.0
0 551.0 272.0
0 578.0 272.0
0 747.0 272.0
0 609.0 275.0
0 627.0 275.0
0 541.0 276.0
0 445.0 277.0
0 471.0 279.0
0 717.0 279.0
0 751.0 282.0
0 576.0 283.0
0 597.0 283.0
0 728.0 287.0
0 428.0 288.0
0 623.0 288.0
0 566.0 289.0
0 457.0 291.0
0 486.0 293.0
0 568.0 294.0
0 697.0 294.0
0 622.0 295.0
0 462.0 296.0
0 602.0 296.0
0 515.0 299.0
0 568.0 300.0
0 621.0 300.0
0 711.0 300.0
0 440.0 303.0
0 500.0 305.0
0 600.0 305.0
0 863.0 305.0
0 476.0 311.0
0 549.0 311.0
0 696.0 313.0
0 508.0 315.0
0 566.0 315.0
0 481.0 316.0
0 491.0 317.0
0 619.0 317.0
0 396.0 318.0
0 502.0 318.0
0 513.0 319.0
0 391.0 320.0
0 531.0 320.0
0 408.0 322.0
0 688.0 322.0
0 506.0 323.0
0 371.0 324.0
0 491.0 326.0
0 682.0 326.0
0 423.0 327.0
0 384.0 328.0
0 584.0 328.0
0 554.0 329.0
0 522.0 330.0
0 564.0 330.0
0 616.0 331.0
0 356.0 333.0
0 439.0 333.0
0 691.0 333.0
0 500.0 334.0
0 544.0 337.0
0 671.0 337.0
0 795.0 337.0
0 640.0 339.0
0 418.0 340.0
0 507.0 341.0
0 665.0 342.0
0 455.0 343.0
0 561.0 344.0
0 797.0 344.0
0 595.0 345.0
0 431.0 349.0
0 516.0 349.0
0 674.0 349.0
0 538.0 351.0
0 773.0 351.0
0 469.0 352.0
0 484.0 352.0
0 643.0 352.0
0 654.0 352.0
0 584.0 354.0
0 667.0 354.0
0 447.0 357.0
0 618.0 357.0
0 648.0 357.0
0 524.0 358.0
0 593.0 358.0
0 539.0 360.0
0 605.0 360.0
0 660.0 360.0
0 419.0 361.0
0 569.0 361.0
0 629.0 361.0
0 511.0 362.0
0 549.0 362.0
0 764.0 362.0
0 483.0 363.0
0 610.0 364.0
0 412.0 365.0
0 436.0 365.0
0 554.0 365.0
0 458.0 366.0
0 760.0 369.0
0 777.0 369.0
0 408.0 370.0
0 497.0 370.0
0 431.0 372.0
0 535.0 372.0
0 598.0 372.0
0 631.0 372.0
0 447.0 374.0
0 618.0 374.0
0 423.0 375.0
0 772.0 375.0
0 405.0 376.0
0 744.0 377.0
0 787.0 377.0
0 489.0 378.0
0 549.0 378.0
0 638.0 380.0
0 404.0 381.0
0 522.0 381.0
0 621.0 381.0
0 469.0 382.0
0 508.0 382.0
0 708.0 382.0
0 762.0 382.0
0 734.0 383.0
0 773.0 384.0
0 520.0 387.0
0 629.0 387.0
0 587.0 388.0
0 480.0 390.0
0 527.0 390.0
0 548.0 390.0
0 624.0 390.0
0 661.0 390.0
0 643.0 391.0
0 712.0 391.0
0 722.0 391.0
0 760.0 391.0
0 418.0 392.0
0 491.0 392.0
0 520.0 392.0
0 558.0 392.0
0 697.0 392.0
0 782.0 393.0
0 535.0 395.0
0 775.0 396.0
0 509.0 397.0
0 602.0 398.0
0 664.0 399.0
0 493.0 401.0
0 573.0 404.0
0 407.0 405.0
0 414.0 405.0
0 421.0 405.0
0 679.0 405.0
0 698.0 405.0
0 469.0 407.0
0 538.0 408.0
0 747.0 408.0
0 775.0 408.0
0 485.0 410.0
0 687.0 410.0
0 593.0 413.0
0 404.0 414.0
0 500.0 414.0
0 614.0 414.0
0 428.0 415.0
0 397.0 416.0
0 453.0 416.0
0 448.0 417.0
0 543.0 417.0
0 555.0 417.0
0 675.0 417.0
0 763.0 418.0
0 630.0 419.0
0 299.0 422.0
0 461.0 422.0
0 710.0 423.0
0 446.0 424.0
0 504.0 424.0
0 662.0 424.0
0 592.0 425.0
0 323.0 426.0
0 413.0 426.0
0 421.0 426.0
0 514.0 426.0
0 563.0 426.0
0 437.0 427.0
0 607.0 427.0
0 310.0 428.0
0 357.0 428.0
0 716.0 428.0
0 657.0 429.0
0 449.0 430.0
0 529.0 430.0
0 590.0 430.0
0 455.0 431.0
0 696.0 431.0
0 729.0 432.0
0 293.0 433.0
0 488.0 433.0
0 405.0 434.0
0 546.0 434.0
0 424.0 435.0
0 443.0 435.0
0 747.0 435.0
0 557.0 436.0
0 592.0 436.0
0 435.0 437.0
0 510.0 437.0
0 731.0 437.0
0 525.0 439.0
0 412.0 443.0
0 429.0 443.0
0 723.0 444.0
0 737.0 444.0
0 437.0 445.0
0 449.0 445.0
0 249.0 447.0
0 585.0 447.0
0 747.0 448.0
0 422.0 449.0
0 564.0 449.0
0 533.0 450.0
0 602.0 452.0
0 663.0 452.0
0 469.0 454.0
0 607.0 454.0
0 736.0 454.0
0 443.0 455.0
0 455.0 455.0
0 508.0 455.0
0 614.0 455.0
0 658.0 455.0
0 421.0 457.0
0 497.0 457.0
0 431.0 459.0
0 448.0 460.0
0 481.0 460.0
0 730.0 460.0
0 469.0 462.0
0 698.0 462.0
0 551.0 464.0
0 710.0 465.0
0 443.0 466.0
0 725.0 466.0
0 564.0 467.0
0 486.0 468.0
0 415.0 469.0
0 636.0 469.0
0 743.0 470.0
0 459.0 471.0
0 494.0 471.0
0 731.0 471.0
0 563.0 472.0
0 678.0 472.0
0 433.0 473.0
0 718.0 473.0
0 555.0 474.0
0 544.0 476.0
0 642.0 476.0
0 488.0 477.0
0 530.0 478.0
0 472.0 479.0
0 695.0 479.0
0 711.0 479.0
0 565.0 480.0
0 427.0 481.0
0 560.0 481.0
0 590.0 482.0
0 730.0 483.0
0 526.0 484.0
0 649.0 484.0
0 448.0 486.0
0 694.0 487.0
0 699.0 487.0
0 712.0 487.0
0 720.0 487.0
0 554.0 488.0
0 676.0 488.0
0 459.0 489.0
0 484.0 491.0
0 739.0 491.0
0 469.0 492.0
0 634.0 492.0
0 666.0 492.0
0 681.0 492.0
0 526.0 493.0
0 417.0 494.0
0 605.0 494.0
0 653.0 495.0
0 490.0 496.0
0 541.0 497.0
0 734.0 497.0
0 425.0 499.0
0 460.0 499.0
0 703.0 499.0
0 713.0 499.0
0 437.0 500.0
0 554.0 500.0
0 565.0 500.0
0 689.0 500.0
0 448.0 501.0
0 611.0 501.0
0 640.0 502.0
0 656.0 503.0
0 482.0 504.0
0 611.0 506.0
0 431.0 508.0
0 734.0 508.0
0 466.0 509.0
0 616.0 509.0
0 659.0 509.0
0 549.0 511.0
0 702.0 511.0
0 714.0 511.0
0 477.0 512.0
0 534.0 512.0
0 728.0 512.0
0 645.0 513.0
0 689.0 513.0
0 660.0 514.0
0 677.0 515.0
0 437.0 516.0
0 448.0 516.0
0 500.0 516.0
0 727.0 517.0
0 402.0 519.0
0 478.0 519.0
0 624.0 519.0
0 663.0 519.0
0 526.0 520.0
0 418.0 524.0
0 611.0 524.0
0 687.0 524.0
0 499.0 525.0
0 710.0 525.0
0 666.0 527.0
0 582.0 528.0
0 631.0 528.0
0 652.0 528.0
0 419.0 529.0
0 457.0 530.0
0 530.0 530.0
0 705.0 530.0
0 728.0 531.0
0 429.0 532.0
0 499.0 533.0
0 616.0 533.0
0 419.0 534.0
0 717.0 534.0
0 435.0 535.0
0 637.0 535.0
0 671.0 535.0
0 684.0 535.0
0 483.0 536.0
0 711.0 539.0
0 458.0 540.0
0 549.0 540.0
0 569.0 541.0
0 657.0 541.0
0 724.0 541.0
0 385.0 542.0
0 402.0 543.0
0 473.0 543.0
0 616.0 543.0
0 681.0 543.0
0 641.0 544.0
0 673.0 544.0
0 702.0 546.0
0 723.0 547.0
0 598.0 548.0
0 463.0 550.0
0 488.0 550.0
0 616.0 550.0
0 160.0 551.0
0 395.0 551.0
0 688.0 551.0
0 660.0 554.0
0 464.0 555.0
0 678.0 556.0
0 552.0 557.0
0 705.0 557.0
0 492.0 558.0
0 715.0 558.0
0 512.0 561.0
0 643.0 561.0
0 649.0 561.0
0 678.0 561.0
0 517.0 562.0
0 480.0 564.0
0 369.0 565.0
0 614.0 565.0
0 654.0 565.0
0 380.0 567.0
0 467.0 567.0
0 493.0 567.0
0 706.0 569.0
0 523.0 571.0
0 553.0 573.0
0 468.0 575.0
0 480.0 575.0
0 596.0 576.0
0 685.0 577.0
0 715.0 577.0
0 499.0 578.0
0 553.0 578.0
0 643.0 578.0
0 703.0 578.0
0 586.0 579.0
0 613.0 580.0
0 518.0 581.0
0 540.0 585.0
0 663.0 585.0
0 613.0 586.0
0 641.0 589.0
0 479.0 590.0
0 502.0 591.0
0 690.0 591.0
0 555.0 592.0
0 581.0 592.0
0 516.0 593.0
0 541.0 593.0
0 408.0 594.0
0 705.0 594.0
0 136.0 595.0
0 650.0 596.0
0 555.0 597.0
0 393.0 598.0
0 528.0 599.0
0 589.0 599.0
0 668.0 599.0
0 504.0 600.0
0 571.0 602.0
0 691.0 602.0
0 613.0 603.0
0 490.0 605.0
0 479.0 606.0
0 528.0 608.0
0 705.0 608.0
0 508.0 610.0
0 557.0 611.0
0 667.0 612.0
0 582.0 614.0
0 611.0 615.0
0 676.0 615.0
0 661.0 617.0
0 490.0 618.0
0 634.0 622.0
0 681.0 623.0
0 696.0 623.0
0 660.0 624.0
0 376.0 625.0
0 548.0 627.0
0 611.0 627.0
0 573.0 628.0
0 515.0 629.0
0 581.0 629.0
0 500.0 630.0
0 644.0 630.0
0 561.0 631.0
0 639.0 632.0
0 371.0 633.0
0 686.0 633.0
0 717.0 634.0
0 517.0 635.0
0 492.0 636.0
0 543.0 636.0
0 671.0 639.0
0 562.0 641.0
0 580.0 642.0
0 655.0 642.0
0 611.0 644.0
0 309.0 646.0
0 349.0 646.0
0 641.0 646.0
0 504.0 649.0
0 627.0 649.0
0 542.0 651.0
0 654.0 651.0
0 611.0 652.0
0 509.0 654.0
0 551.0 654.0
0 685.0 654.0
0 699.0 654.0
0 524.0 655.0
0 565.0 657.0
0 636.0 658.0
0 627.0 661.0
0 675.0 661.0
0 527.0 662.0
0 547.0 662.0
0 666.0 666.0
0 584.0 668.0
0 609.0 668.0
0 565.0 669.0
0 648.0 669.0
0 542.0 672.0
0 522.0 677.0
0 609.0 677.0
0 639.0 679.0
0 568.0 683.0
0 643.0 684.0
0 545.0 687.0
0 569.0 688.0
0 576.0 690.0
0 554.0 691.0
0 589.0 693.0
0 594.0 693.0
0 609.0 695.0
0 614.0 695.0
0 566.0 698.0
0 576.0 699.0
0 598.0 704.0
0 573.0 707.0
1 1050.0 19.0
1 767.0 61.0
1 327.0 76.0
1 338.0 81.0
1 828.0 87.0
1 818.0 91.0
1 1032.0 99.0
1 360.0 102.0
1 534.0 104.0
1 373.0 114.0
1 1019.0 119.0
1 556.0 123.0
1 388.0 127.0
1 562.0 130.0
1 373.0 132.0
1 376.0 137.0
1 386.0 138.0
1 400.0 138.0
1 568.0 140.0
1 1003.0 140.0
1 985.0 141.0
1 559.0 142.0
1 794.0 145.0
1 780.0 146.0
1 820.0 149.0
1 574.0 150.0
1 416.0 151.0
1 977.0 151.0
1 493.0 152.0
1 770.0 154.0
1 730.0 156.0
1 401.0 157.0
1 564.0 157.0
1 846.0 158.0
1 965.0 158.0
1 972.0 159.0
1 977.0 159.0
1 743.0 160.0
1 553.0 161.0
1 953.0 161.0
1 583.0 164.0
1 779.0 164.0
1 433.0 166.0
1 569.0 167.0
1 726.0 168.0
1 837.0 170.0
1 858.0 171.0
1 929.0 171.0
1 770.0 173.0
1 849.0 174.0
1 558.0 176.0
1 422.0 177.0
1 740.0 177.0
1 592.0 179.0
1 449.0 180.0
1 414.0 182.0
1 575.0 183.0
1 720.0 183.0
1 900.0 184.0
1 760.0 186.0
1 742.0 187.0
1 441.0 190.0
1 562.0 191.0
1 423.0 193.0
1 465.0 195.0
1 601.0 195.0
1 436.0 196.0
1 899.0 196.0
1 707.0 198.0
1 872.0 199.0
1 444.0 201.0
1 454.0 202.0
1 888.0 205.0
1 744.0 206.0
1 567.0 208.0
1 607.0 209.0
1 450.0 211.0
1 482.0 212.0
1 694.0 212.0
1 724.0 212.0
1 851.0 212.0
1 739.0 213.0
1 868.0 213.0
1 466.0 215.0
1 29.0 219.0
1 589.0 219.0
1 874.0 222.0
1 650.0 223.0
1 573.0 225.0
1 684.0 226.0
1 831.0 226.0
1 478.0 227.0
1 847.0 228.0
1 500.0 229.0
1 717.0 231.0
1 482.0 232.0
1 728.0 232.0
1 592.0 236.0
1 812.0 238.0
1 702.0 242.0
1 712.0 242.0
1 829.0 242.0
1 588.0 243.0
1 596.0 243.0
1 516.0 244.0
1 497.0 247.0
1 475.0 249.0
1 621.0 249.0
1 673.0 250.0
1 794.0 251.0
1 612.0 252.0
1 835.0 252.0
1 815.0 255.0
1 505.0 256.0
1 602.0 256.0
1 703.0 257.0
1 716.0 257.0
1 810.0 257.0
1 531.0 259.0
1 664.0 265.0
1 775.0 265.0
1 697.0 269.0
1 519.0 271.0
1 792.0 272.0
1 545.0 274.0
1 647.0 275.0
1 525.0 278.0
1 588.0 279.0
1 657.0 283.0
1 709.0 283.0
1 696.0 284.0
1 503.0 285.0
1 775.0 286.0
1 560.0 287.0
1 708.0 288.0
1 538.0 291.0
1 612.0 291.0
1 635.0 292.0
1 622.0 295.0
1 676.0 295.0
1 687.0 295.0
1 543.0 296.0
1 553.0 297.0
1 564.0 298.0
1 760.0 299.0
1 651.0 300.0
1 574.0 301.0
1 602.0 301.0
1 445.0 305.0
1 553.0 306.0
1 432.0 307.0
1 437.0 307.0
1 674.0 307.0
1 686.0 307.0
1 458.0 308.0
1 617.0 308.0
1 419.0 311.0
1 632.0 311.0
1 474.0 313.0
1 608.0 313.0
1 867.0 313.0
1 563.0 314.0
1 433.0 315.0
1 681.0 316.0
1 743.0 316.0
1 630.0 317.0
1 491.0 319.0
1 597.0 319.0
1 532.0 320.0
1 581.0 320.0
1 753.0 320.0
1 870.0 320.0
1 403.0 321.0
1 570.0 321.0
1 703.0 321.0
1 621.0 322.0
1 600.0 324.0
1 747.0 325.0
1 591.0 326.0
1 668.0 326.0
1 730.0 327.0
1 509.0 328.0
1 844.0 328.0
1 580.0 330.0
1 674.0 332.0
1 651.0 334.0
1 722.0 334.0
1 485.0 335.0
1 551.0 336.0
1 582.0 336.0
1 522.0 337.0
1 587.0 337.0
1 603.0 337.0
1 567.0 338.0
1 732.0 338.0
1 678.0 339.0
1 701.0 339.0
1 834.0 340.0
1 502.0 342.0
1 629.0 343.0
1 574.0 344.0
1 614.0 344.0
1 675.0 344.0
1 476.0 346.0
1 481.0 347.0
1 829.0 347.0
1 538.0 348.0
1 705.0 348.0
1 846.0 349.0
1 568.0 351.0
1 490.0 352.0
1 466.0 353.0
1 515.0 353.0
1 858.0 353.0
1 611.0 355.0
1 813.0 356.0
1 587.0 357.0
1 601.0 357.0
1 465.0 358.0
1 552.0 358.0
1 563.0 358.0
1 693.0 359.0
1 835.0 359.0
1 480.0 360.0
1 499.0 361.0
1 847.0 361.0
1 802.0 363.0
1 528.0 364.0
1 462.0 365.0
1 559.0 365.0
1 578.0 365.0
1 571.0 366.0
1 768.0 366.0
1 665.0 368.0
1 858.0 368.0
1 694.0 369.0
1 836.0 369.0
1 520.0 370.0
1 592.0 370.0
1 617.0 370.0
1 628.0 371.0
1 789.0 371.0
1 851.0 372.0
1 771.0 374.0
1 477.0 375.0
1 575.0 375.0
1 537.0 376.0
1 673.0 376.0
1 685.0 376.0
1 753.0 378.0
1 551.0 379.0
1 604.0 379.0
1 775.0 380.0
1 820.0 380.0
1 532.0 381.0
1 845.0 382.0
1 465.0 383.0
1 479.0 383.0
1 568.0 384.0
1 587.0 384.0
1 640.0 384.0
1 759.0 384.0
1 853.0 384.0
1 536.0 386.0
1 765.0 386.0
1 521.0 387.0
1 582.0 387.0
1 428.0 388.0
1 817.0 388.0
1 548.0 390.0
1 738.0 391.0
1 827.0 391.0
1 503.0 392.0
1 752.0 392.0
1 596.0 393.0
1 842.0 393.0
1 679.0 394.0
1 545.0 395.0
1 659.0 395.0
1 578.0 397.0
1 407.0 399.0
1 600.0 400.0
1 620.0 400.0
1 800.0 400.0
1 789.0 401.0
1 520.0 403.0
1 513.0 404.0
1 729.0 404.0
1 436.0 405.0
1 469.0 405.0
1 474.0 405.0
1 483.0 405.0
1 544.0 405.0
1 573.0 405.0
1 675.0 405.0
1 796.0 405.0
1 820.0 405.0
1 500.0 406.0
1 585.0 407.0
1 686.0 407.0
1 776.0 407.0
1 657.0 408.0
1 629.0 409.0
1 830.0 409.0
1 672.0 410.0
1 528.0 411.0
1 600.0 411.0
1 538.0 412.0
1 978.0 412.0
1 492.0 413.0
1 697.0 414.0
1 805.0 414.0
1 581.0 415.0
1 615.0 415.0
1 484.0 416.0
1 571.0 416.0
1 510.0 417.0
1 625.0 417.0
1 668.0 417.0
1 714.0 417.0
1 786.0 417.0
1 498.0 418.0
1 820.0 418.0
1 534.0 419.0
1 524.0 423.0
1 750.0 423.0
1 801.0 424.0
1 473.0 425.0
1 559.0 426.0
1 318.0 427.0
1 514.0 427.0
1 544.0 428.0
1 793.0 428.0
1 353.0 429.0
1 494.0 429.0
1 613.0 429.0
1 628.0 429.0
1 633.0 429.0
1 819.0 430.0
1 537.0 431.0
1 591.0 431.0
1 505.0 432.0
1 649.0 432.0
1 484.0 434.0
1 582.0 434.0
1 527.0 435.0
1 515.0 436.0
1 557.0 436.0
1 710.0 436.0
1 728.0 436.0
1 665.0 437.0
1 810.0 437.0
1 475.0 440.0
1 487.0 440.0
1 532.0 440.0
1 671.0 440.0
1 678.0 440.0
1 770.0 440.0
1 520.0 443.0
1 608.0 445.0
1 764.0 445.0
1 805.0 445.0
1 497.0 446.0
1 786.0 446.0
1 512.0 447.0
1 628.0 447.0
1 577.0 449.0
1 712.0 449.0
1 503.0 451.0
1 639.0 451.0
1 798.0 451.0
1 518.0 453.0
1 561.0 453.0
1 488.0 455.0
1 722.0 455.0
1 478.0 456.0
1 744.0 456.0
1 608.0 457.0
1 628.0 457.0
1 789.0 457.0
1 300.0 458.0
1 515.0 458.0
1 812.0 458.0
1 1010.0 458.0
1 541.0 459.0
1 770.0 459.0
1 502.0 460.0
1 652.0 461.0
1 486.0 462.0
1 564.0 462.0
1 513.0 463.0
1 551.0 463.0
1 732.0 463.0
1 799.0 463.0
1 602.0 464.0
1 662.0 464.0
1 779.0 465.0
1 792.0 465.0
1 771.0 466.0
1 755.0 467.0
1 495.0 468.0
1 677.0 468.0
1 717.0 469.0
1 519.0 471.0
1 533.0 471.0
1 764.0 471.0
1 808.0 471.0
1 741.0 472.0
1 508.0 473.0
1 638.0 473.0
1 685.0 473.0
1 601.0 474.0
1 550.0 475.0
1 622.0 478.0
1 771.0 478.0
1 527.0 479.0
1 635.0 479.0
1 726.0 479.0
1 744.0 479.0
1 794.0 479.0
1 688.0 480.0
1 693.0 480.0
1 504.0 482.0
1 805.0 482.0
1 496.0 483.0
1 543.0 484.0
1 557.0 486.0
1 750.0 486.0
1 734.0 488.0
1 707.0 489.0
1 533.0 491.0
1 615.0 491.0
1 630.0 491.0
1 782.0 491.0
1 699.0 492.0
1 772.0 492.0
1 495.0 493.0
1 538.0 493.0
1 756.0 494.0
1 800.0 494.0
1 549.0 495.0
1 515.0 496.0
1 713.0 496.0
1 573.0 497.0
1 771.0 501.0
1 695.0 502.0
1 746.0 502.0
1 550.0 503.0
1 718.0 503.0
1 513.0 504.0
1 797.0 504.0
1 723.0 505.0
1 527.0 506.0
1 574.0 507.0
1 662.0 508.0
1 767.0 509.0
1 783.0 509.0
1 796.0 509.0
1 611.0 511.0
1 731.0 511.0
1 512.0 512.0
1 698.0 513.0
1 768.0 514.0
1 667.0 515.0
1 754.0 515.0
1 500.0 516.0
1 574.0 516.0
1 482.0 517.0
1 554.0 520.0
1 605.0 520.0
1 772.0 520.0
1 791.0 520.0
1 739.0 521.0
1 526.0 522.0
1 628.0 522.0
1 648.0 522.0
1 697.0 523.0
1 728.0 523.0
1 493.0 525.0
1 719.0 525.0
1 777.0 527.0
1 759.0 529.0
1 677.0 530.0
1 696.0 531.0
1 541.0 532.0
1 789.0 533.0
1 558.0 535.0
1 629.0 535.0
1 522.0 536.0
1 571.0 537.0
1 482.0 539.0
1 629.0 540.0
1 753.0 540.0
1 784.0 542.0
1 722.0 543.0
1 561.0 544.0
1 655.0 544.0
1 476.0 545.0
1 672.0 545.0
1 739.0 545.0
1 586.0 546.0
1 694.0 546.0
1 525.0 551.0
1 759.0 552.0
1 562.0 553.0
1 750.0 554.0
1 547.0 555.0
1 593.0 556.0
1 598.0 557.0
1 630.0 557.0
1 764.0 557.0
1 676.0 558.0
1 720.0 561.0
1 664.0 562.0
1 692.0 562.0
1 747.0 562.0
1 768.0 562.0
1 525.0 563.0
1 711.0 563.0
1 567.0 564.0
1 544.0 565.0
1 768.0 567.0
1 592.0 568.0
1 617.0 569.0
1 557.0 570.0
1 691.0 570.0
1 508.0 571.0
1 494.0 573.0
1 721.0 573.0
1 756.0 573.0
1 797.0 574.0
1 534.0 576.0
1 630.0 576.0
1 658.0 576.0
1 742.0 578.0
1 211.0 579.0
1 570.0 579.0
1 611.0 579.0
1 775.0 580.0
1 725.0 581.0
1 630.0 584.0
1 666.0 584.0
1 599.0 586.0
1 572.0 588.0
1 730.0 588.0
1 689.0 589.0
1 535.0 591.0
1 672.0 591.0
1 599.0 596.0
1 802.0 596.0
1 631.0 597.0
1 752.0 598.0
1 575.0 599.0
1 657.0 600.0
1 687.0 601.0
1 735.0 604.0
1 544.0 606.0
1 768.0 606.0
1 793.0 606.0
1 478.0 608.0
1 711.0 608.0
1 806.0 608.0
1 605.0 611.0
1 733.0 612.0
1 686.0 614.0
1 647.0 615.0
1 655.0 615.0
1 463.0 616.0
1 761.0 616.0
1 784.0 617.0
1 633.0 618.0
1 581.0 619.0
1 658.0 620.0
1 713.0 620.0
1 455.0 622.0
1 753.0 622.0
1 808.0 622.0
1 412.0 624.0
1 562.0 624.0
1 782.0 625.0
1 799.0 625.0
1 614.0 626.0
1 583.0 627.0
1 741.0 628.0
1 549.0 629.0
1 805.0 629.0
1 633.0 630.0
1 788.0 630.0
1 649.0 631.0
1 654.0 631.0
1 727.0 631.0
1 685.0 632.0
1 702.0 637.0
1 759.0 637.0
1 600.0 640.0
1 683.0 641.0
1 725.0 641.0
1 609.0 642.0
1 562.0 644.0
1 619.0 644.0
1 635.0 647.0
1 589.0 648.0
1 744.0 651.0
1 694.0 653.0
1 614.0 654.0
1 592.0 656.0
1 734.0 656.0
1 681.0 658.0
1 655.0 659.0
1 717.0 659.0
1 634.0 660.0
1 737.0 661.0
1 610.0 666.0
1 680.0 668.0
1 733.0 669.0
1 707.0 670.0
1 623.0 672.0
1 587.0 673.0
1 636.0 676.0
1 713.0 676.0
1 637.0 681.0
1 644.0 684.0
1 620.0 685.0
1 664.0 685.0
1 656.0 686.0
1 680.0 686.0
1 643.0 693.0
1 655.0 695.0
1 667.0 698.0
1 640.0 702.0
