0 0 1 145.31837801243537
0 1 2 206.08358223365462
0 2 3 260.3394610932363
0 6 5 187.88645743228807
0 7 7 409.2575365706553
0 9 10 264.6697976399305
0 11 11 206.63057995913627
0 10 12 208.61287652215216
0 13 13 277.9899252525418
0 17 16 130.24807914310801
0 15 17 195.76286266333247
0 14 18 145.1700285421524
0 21 19 290.09582012872846
0 20 20 245.94228310132786
0 22 21 372.0427148412574
0 18 24 404.7994061635146
0 16 25 199.66829093664967
0 30 26 353.90330149749354
0 28 28 363.8998315545266
0 26 29 152.72738262846477
0 23 32 236.7738151882583
0 29 34 349.48212132520695
0 31 38 260.5187699361763
0 27 39 360.5318447788238
0 35 40 426.1315043382521
0 41 42 187.35183153404412
0 37 43 194.91098014203678
0 32 44 170.22370477378152
0 42 45 343.8395523523666
0 48 46 207.08500046626543
0 44 48 115.7177865956151
0 45 50 410.0247900870934
0 46 51 148.70507616948737
0 49 53 193.66077053762362
0 50 55 292.6567085239857
0 52 56 113.29371942064483
0 53 57 123.93903728746247
0 57 59 209.54264163461391
0 56 60 256.07873514577005
0 60 61 382.9009330479738
0 58 65 117.40536435607271
0 61 68 110.51623863611661
0 70 69 487.78747312071806
0 54 70 404.7442058960366
0 55 72 136.08951406359176
0 66 77 275.02886602011046
0 64 80 425.74966929456764
0 69 81 150.30601487774769
0 68 82 241.90322049251623
0 71 83 272.58788538978126
0 75 89 109.04040350864194
0 77 92 452.70534643203666
0 81 94 193.26096171922518
0 78 95 260.6164415214728
0 73 96 243.95015902286255
0 80 97 201.93900839197013
0 83 98 114.41076283384521
0 82 100 248.26180132874657
0 87 104 210.56317739596935
0 86 105 464.2637400283821
0 88 107 111.04479382218449
0 93 108 148.20354214007506
0 91 109 142.30104192165086
0 89 110 189.7939737540837
0 85 112 184.03035885951567
0 102 113 171.44013891612437
0 96 114 230.38284502740885
0 95 115 249.27389160387787
0 101 117 117.44976351787231
0 97 119 420.4638212356307
0 103 120 329.7898498882843
0 99 121 337.3946258677212
0 104 122 116.13513450652513
0 100 123 220.94542802473023
0 105 124 209.47221223380876
0 112 126 308.71174354567165
0 106 127 142.791452266633
0 109 128 196.89074587854424
0 110 129 243.89921453019912
0 111 130 183.18933805264282
0 114 132 116.95906987191414
0 115 133 142.3042283922501
0 121 136 189.4603278998056
0 118 137 121.51060573238475
0 120 138 126.75220561259428
0 125 139 303.94765435489495
0 132 140 251.1791471741587
0 124 142 338.93163667004404
0 127 143 193.99987627275726
0 119 144 112.77940895127728
0 130 148 241.11574923163937
0 133 149 120.35345310321684
0 126 150 271.4262694923843
0 137 151 288.7571194399867
0 140 152 117.38755495233436
0 129 153 155.3876119407132
0 136 154 164.6773457066655
0 128 155 201.9343781299832
0 138 156 188.97310989055424
0 147 158 126.39647586119816
0 146 159 260.6295994951211
0 143 160 144.01469021917902
0 144 161 134.9212939764212
0 141 162 211.18922157060473
0 139 163 313.77487050430756
0 150 164 177.75082467078062
0 149 167 124.60889672449267
0 148 168 143.4995547183264
0 155 171 220.1371532461316
0 142 172 113.76523286481132
0 160 173 114.82263290102077
0 156 174 185.5786340760992
0 158 175 229.21716861897923
0 154 176 184.80824615079572
0 165 177 115.3883441459653
0 153 178 255.88807629841472
0 151 182 197.00042330415607
0 168 184 112.62888009787315
0 161 186 178.88553094103005
0 157 188 111.66998559497696
0 163 189 229.82108309034075
0 164 190 211.85874707943464
0 159 193 165.7137466954228
0 171 194 338.79656373390725
0 162 195 190.72324182365767
0 174 197 137.07757189943504
0 169 200 195.60758943478447
0 175 201 180.37290276330268
0 170 202 142.08257841202553
0 183 204 136.53853353138777
0 184 205 187.20350992298611
0 167 207 329.48366566037674
0 182 208 256.56909433590914
0 172 209 161.33564228395323
0 191 210 148.25860024898853
0 186 211 242.69290325875073
0 185 212 286.1544606995096
0 178 213 223.84544362908608
0 181 214 160.13356477332187
0 188 216 218.92172034477147
0 193 217 159.147858000997
0 177 219 337.5365620501889
0 180 220 113.26854710603162
0 205 221 325.60531542815033
0 192 224 173.45124875123844
0 179 226 201.7617153505593
0 203 227 187.06893831465288
0 195 228 145.1515532452422
0 199 229 189.33715019714984
0 213 230 172.81103603192983
0 187 231 280.44315700009423
0 216 233 366.7364667253294
0 201 235 280.6379299601848
0 198 236 113.74305072602209
0 209 237 174.1994761311788
0 220 238 206.1620106318851
0 212 239 325.75005815156845
0 204 242 168.97812306871683
0 197 243 132.80451793934242
0 218 246 363.0949086966679
0 221 247 181.25889091125364
0 206 248 262.6437001585908
0 210 249 200.99553627211694
0 217 250 182.0980701130954
0 200 251 215.08024221695044
0 208 252 146.83894661019693
0 219 253 172.72800276410663
0 225 255 107.73685395483625
0 207 256 167.05485984280693
0 211 258 197.21736313306494
0 240 259 156.04472771954684
0 232 260 304.07116083384784
0 214 261 247.570948852105
0 227 262 243.8112953643462
0 241 263 244.4361835198634
0 234 264 224.76602468884403
0 236 267 124.127236288693
0 230 269 454.49364751243644
0 239 270 186.05151687644187
0 237 273 228.88230489167043
0 245 276 112.40670052425187
0 252 278 188.63171528749467
0 263 279 113.1433109472921
0 235 281 311.4102729728245
0 249 282 235.17242379860463
0 228 287 229.8250183852853
0 248 290 143.49113534348908
0 261 291 117.46449120123381
0 259 292 396.2123091568688
0 268 293 210.10352383793344
0 233 295 240.23757969303338
0 270 297 137.59996824341553
0 264 298 180.3099395205883
0 256 299 115.70278346541134
0 262 300 184.41758013218274
0 271 302 124.4296996081594
0 293 303 341.55896849990216
0 247 305 330.10199443809796
0 273 309 218.24267799843716
0 274 310 200.16171885127
0 269 311 126.7443536521576
0 265 316 164.82975114633652
0 267 317 242.68435499474626
0 286 318 196.23454878974658
0 279 319 208.73287698927885
0 276 320 213.76527710195253
0 277 321 299.0636400016756
0 292 324 111.04755007185862
0 300 325 378.35952126195497
0 288 327 108.40625854737485
0 284 328 180.54248999937477
0 296 329 161.3337960669756
0 297 330 178.4272083898101
0 289 334 494.03841388531316
0 272 335 194.13544247083087
0 306 337 174.43278882488377
0 294 339 206.7214470832499
0 283 340 246.57590981290264
0 295 341 336.28700986127865
0 303 344 200.17345677104817
0 280 345 452.4308473935234
0 309 348 134.68770187943
0 318 350 175.37421115548344
0 315 351 256.85749155104054
0 323 355 393.10573077138014
0 290 356 409.22162485382626
0 332 358 129.4430002922595
0 314 359 291.4429410117493
0 333 361 432.5491284480601
0 327 362 201.44178447003137
0 316 363 223.59687669424727
0 320 364 120.55983249893953
0 331 365 209.2058882650188
0 305 366 204.92921897957018
0 324 367 117.04325898597348
0 310 368 354.3693781654709
0 338 369 183.19421875010238
0 339 370 159.1386797436247
0 328 373 130.51641811921394
0 334 374 268.3607872945432
0 356 375 114.01064538694689
0 340 377 126.95097305377894
0 312 378 146.90373520507023
0 352 380 174.49351042683327
0 355 381 117.20527866162055
0 372 382 128.43677833232002
0 342 383 109.908406473094
0 353 384 126.9874198769804
0 325 388 261.966026830522
0 348 389 137.71056365225022
0 351 392 128.19264301219263
0 326 393 107.84391945409322
0 354 394 301.8196828262638
0 357 396 165.0816103893906
0 341 397 269.5509224091504
0 387 398 299.48776060138124
0 362 400 412.40523153280054
0 394 401 191.47410795978558
0 378 402 115.5207500537591
0 335 403 115.69510783635486
0 358 404 118.27778149072783
0 364 405 229.28320299741185
0 374 406 118.92027142421016
0 321 407 338.191923108439
0 368 408 158.50419765711194
0 366 409 132.28057944723562
0 373 410 200.0302360462316
0 371 411 119.5775432601492
0 349 413 111.84424431209644
0 405 414 212.9674255556605
0 383 415 388.74234999916007
0 377 416 167.75788380408827
0 382 417 205.90677404559935
0 381 418 140.5938267559756
0 398 419 135.3314189659819
0 389 420 156.6777314940412
0 388 421 184.63217984001466
0 380 422 178.86539158617452
0 403 423 157.53670120310218
0 384 424 135.9362558968489
0 397 425 122.11555839326032
0 393 426 168.40725744929276
0 418 427 254.2180184265915
0 363 428 218.341248649375
0 392 430 127.61861048954117
0 413 431 170.8807369257854
0 365 432 110.91725944744783
0 402 433 300.9106209033247
0 404 434 147.31830917251676
0 411 435 132.8420160814604
0 400 436 107.4600059785348
0 370 437 159.87835793117762
0 408 438 121.25582032369402
0 414 439 110.0522014748655
0 424 441 117.88499738263121
0 412 443 105.19968966585154
0 420 444 199.0657780705593
0 409 445 149.04482658448592
0 376 446 322.6779249558937
0 410 447 277.0849852326191
0 416 448 115.5472995393457
0 436 449 232.7324704156684
0 440 450 210.83997857570674
0 419 452 109.56242986318489
0 423 453 245.7896375737299
0 390 454 137.05456003414025
0 435 455 198.6279139838668
0 386 456 204.38722114499103
0 426 458 203.56204112453565
0 430 459 113.41387595533077
0 428 460 140.3151509474517
0 454 461 231.3104602215103
0 427 462 259.12102929202194
0 431 463 103.99490377604434
0 432 464 104.05973498943537
0 425 465 145.04991651761569
0 453 466 225.0478658186311
0 406 467 111.20991006278635
0 407 468 124.36023903661896
0 442 469 182.00390038981115
0 434 470 180.79827818717388
0 439 471 116.73854097280771
0 448 472 205.1142940889345
0 449 473 295.04600966708614
0 456 474 117.15716972815584
0 458 475 168.92156993043466
0 444 476 106.19929534759771
0 443 478 161.56614583273145
0 447 479 148.05958136663668
0 415 481 112.65825470792228
0 462 482 112.07829306496349
0 438 483 137.3524965584543
0 459 484 240.22062155158017
0 452 485 215.2292109629629
0 461 486 187.74772992338217
0 469 487 146.00412725909914
0 460 488 195.13722935918537
0 474 489 154.17888600779145
0 470 491 202.27920162655607
0 465 493 255.62001797255118
0 463 494 171.37900248632724
0 473 497 194.06751223042204
0 457 498 216.70586016665095
0 433 499 173.90641308051283
0 467 500 174.71563904049162
0 471 501 186.67267500824755
0 491 502 130.62742791856124
0 476 503 108.44483307777561
0 479 504 122.26524402486143
0 496 505 233.15399639176704
0 482 506 218.61524524934612
0 483 507 107.69289132722318
0 472 508 214.51855193338795
0 503 509 276.20537845304756
0 488 510 113.27637831379104
0 486 511 120.94583805548528
0 504 513 133.31413545501673
0 477 514 138.27335177888352
0 489 515 118.35676617104247
0 492 516 107.2144277563505
0 497 517 127.16368378678979
0 487 518 184.10881648975717
0 501 519 116.66186289567051
0 512 521 123.11305818893827
0 507 522 109.70383549802231
0 490 523 213.99158100587377
0 505 524 121.76337102745494
0 508 525 125.68416531004378
0 509 527 121.07561856958688
0 475 528 208.38312390438648
0 525 529 226.83866991801963
0 514 531 319.3343343848244
0 513 532 121.39472545731908
0 480 533 170.7636140675976
0 515 534 111.31113433389766
0 511 536 211.12025809770475
0 518 537 105.93477792657553
0 520 538 108.31976367652571
0 506 539 141.9866826889428
0 519 540 105.11500035712452
0 531 542 113.21087884709257
0 523 543 107.20885776461834
0 539 544 204.51220499277872
0 528 545 106.1062114751723
0 529 546 104.71148820714295
0 537 547 167.3601527758963
0 533 548 104.34299988886062
0 534 549 105.185548818927
0 521 550 133.42186126070544
0 541 552 110.03310329231964
0 543 553 132.38255628001048
0 532 554 148.4142779473394
0 536 555 211.4095817320884
0 549 556 138.08576433688248
0 544 559 105.58222400109753
0 546 561 113.60011581280118
0 548 562 148.41717951188122
0 547 565 109.4106132602104
0 553 566 349.46647007478015
0 540 568 144.628205042
0 565 569 103.84347115095672
0 555 570 139.87532689194222
0 561 571 110.0493211657272
0 554 572 107.42798233355263
0 564 573 112.40546542010341
0 557 574 109.85213727326632
0 559 575 111.68100954019262
0 563 576 112.5253819371622
0 562 577 104.09551672207766
0 526 578 148.73932698027681
0 530 579 171.10611124579088
0 560 580 320.6704079325387
0 568 581 184.51556352298442
0 566 582 108.88848144483556
0 571 584 106.53129993689608
0 569 585 104.99768002986984
0 577 588 179.14100341374697
0 580 589 292.59252703158614
0 572 590 113.32149001555085
0 573 591 108.59960294368001
0 579 593 131.08172872205358
0 585 594 113.48923668867606
0 578 595 109.09438971913221
0 576 596 111.77919851675438
0 588 597 104.96859116408213
0 582 598 105.60528542077911
0 583 599 104.1010262726213
0 581 600 106.79593283139828
0 586 601 174.54510346790656
0 587 602 106.86694570914386
0 591 603 103.86471820936734
0 593 604 104.0651439289808
0 590 605 228.50390502793374
0 595 606 112.01193532327048
0 597 607 136.54093375640375
0 596 608 111.342825501685
0 600 609 141.95757285713415
0 598 610 120.31036044812504
0 599 611 109.8428090223016
0 602 612 135.64837341284067
0 601 613 131.39544837365668
0 603 614 149.20830436643672
0 604 616 125.07107049528163
0 605 617 129.381050319689
0 607 618 104.93305998676298
0 608 619 107.56981833777309

0 957.0 57.0
0 715.0 79.0
0 274.0 100.0
0 764.0 111.0
0 754.0 115.0
0 493.0 118.0
0 305.0 125.0
0 318.0 137.0
0 509.0 138.0
0 514.0 146.0
0 332.0 149.0
0 498.0 154.0
0 316.0 155.0
0 519.0 156.0
0 928.0 156.0
0 509.0 158.0
0 330.0 161.0
0 344.0 161.0
0 322.0 162.0
0 500.0 165.0
0 523.0 167.0
0 360.0 173.0
0 513.0 173.0
0 688.0 173.0
0 675.0 175.0
0 894.0 178.0
0 503.0 179.0
0 344.0 180.0
0 530.0 181.0
0 339.0 182.0
0 907.0 183.0
0 516.0 184.0
0 889.0 184.0
0 413.0 186.0
0 376.0 188.0
0 505.0 193.0
0 885.0 193.0
0 667.0 195.0
0 867.0 195.0
0 890.0 196.0
0 538.0 197.0
0 521.0 201.0
0 391.0 202.0
0 356.0 204.0
0 843.0 205.0
0 651.0 207.0
0 508.0 209.0
0 663.0 209.0
0 380.0 210.0
0 867.0 210.0
0 545.0 214.0
0 366.0 216.0
0 816.0 216.0
0 407.0 217.0
0 670.0 217.0
0 623.0 218.0
0 384.0 223.0
0 394.0 224.0
0 644.0 225.0
0 511.0 226.0
0 550.0 229.0
0 614.0 229.0
0 683.0 229.0
0 811.0 230.0
0 789.0 231.0
0 391.0 232.0
0 423.0 232.0
0 663.0 234.0
0 407.0 236.0
0 606.0 237.0
0 531.0 238.0
0 636.0 238.0
0 802.0 238.0
0 690.0 239.0
0 619.0 240.0
0 673.0 241.0
0 771.0 242.0
0 515.0 245.0
0 688.0 245.0
0 784.0 245.0
0 800.0 246.0
0 418.0 248.0
0 441.0 249.0
0 597.0 249.0
0 576.0 250.0
0 687.0 250.0
0 422.0 253.0
0 532.0 255.0
0 753.0 255.0
0 439.0 258.0
0 633.0 258.0
0 764.0 259.0
0 587.0 260.0
0 570.0 261.0
0 456.0 264.0
0 519.0 264.0
0 536.0 264.0
0 735.0 266.0
0 437.0 268.0
0 628.0 270.0
0 415.0 272.0
0 551.0 272.0
0 578.0 272.0
0 747.0 272.0
0 609.0 275.0
0 627.0 275.0
0 541.0 276.0
0 445.0 277.0
0 471.0 279.0
0 717.0 279.0
0 751.0 282.0
0 576.0 283.0
0 597.0 283.0
0 728.0 287.0
0 428.0 288.0
0 623.0 288.0
0 566.0 289.0
0 457.0 291.0
0 486.0 293.0
0 568.0 294.0
0 697.0 294.0
0 622.0 295.0
0 462.0 296.0
0 602.0 296.0
0 515.0 299.0
0 568.0 300.0
0 621.0 300.0
0 711.0 300.0
0 440.0 303.0
0 500.0 305.0
0 600.0 305.0
0 863.0 305.0
0 476.0 311.0
0 549.0 311.0
0 696.0 313.0
0 508.0 315.0
0 566.0 315.0
0 481.0 316.0
0 491.0 317.0
0 619.0 317.0
0 396.0 318.0
0 502.0 318.0
0 513.0 319.0
0 391.0 320.0
0 531.0 320.0
0 408.0 322.0
0 688.0 322.0
0 506.0 323.0
0 371.0 324.0
0 491.0 326.0
0 682.0 326.0
0 423.0 327.0
0 384.0 328.0
0 584.0 328.0
0 554.0 329.0
0 522.0 330.0
0 564.0 330.0
0 616.0 331.0
0 356.0 333.0
0 439.0 333.0
0 691.0 333.0
0 500.0 334.0
0 544.0 337.0
0 671.0 337.0
0 795.0 337.0
0 640.0 339.0
0 418.0 340.0
0 507.0 341.0
0 665.0 342.0
0 455.0 343.0
0 561.0 344.0
0 797.0 344.0
0 595.0 345.0
0 431.0 349.0
0 516.0 349.0
0 674.0 349.0
0 538.0 351.0
0 773.0 351.0
0 469.0 352.0
0 484.0 352.0
0 643.0 352.0
0 654.0 352.0
0 584.0 354.0
0 667.0 354.0
0 447.0 357.0
0 618.0 357.0
0 648.0 357.0
0 524.0 358.0
0 593.0 358.0
0 539.0 360.0
0 605.0 360.0
0 660.0 360.0
0 419.0 361.0
0 569.0 361.0
0 629.0 361.0
0 511.0 362.0
0 549.0 362.0
0 764.0 362.0
0 483.0 363.0
0 610.0 364.0
0 412.0 365.0
0 436.0 365.0
0 554.0 365.0
0 458.0 366.0
0 760.0 369.0
0 777.0 369.0
0 408.0 370.0
0 497.0 370.0
0 431.0 372.0
0 535.0 372.0
0 598.0 372.0
0 631.0 372.0
0 447.0 374.0
0 618.0 374.0
0 423.0 375.0
0 772.0 375.0
0 405.0 376.0
0 744.0 377.0
0 787.0 377.0
0 489.0 378.0
0 549.0 378.0
0 638.0 380.0
0 404.0 381.0
0 522.0 381.0
0 621.0 381.0
0 469.0 382.0
0 508.0 382.0
0 708.0 382.0
0 762.0 382.0
0 734.0 383.0
0 773.0 384.0
0 520.0 387.0
0 629.0 387.0
0 587.0 388.0
0 480.0 390.0
0 527.0 390.0
0 548.0 390.0
0 624.0 390.0
0 661.0 390.0
0 643.0 391.0
0 712.0 391.0
0 722.0 391.0
0 760.0 391.0
0 418.0 392.0
0 491.0 392.0
0 520.0 392.0
0 558.0 392.0
0 697.0 392.0
0 782.0 393.0
0 535.0 395.0
0 775.0 396.0
0 509.0 397.0
0 602.0 398.0
0 664.0 399.0
0 493.0 401.0
0 573.0 404.0
0 407.0 405.0
0 414.0 405.0
0 421.0 405.0
0 679.0 405.0
0 698.0 405.0
0 469.0 407.0
0 538.0 408.0
0 747.0 408.0
0 775.0 408.0
0 485.0 410.0
0 687.0 410.0
0 593.0 413.0
0 404.0 414.0
0 500.0 414.0
0 614.0 414.0
0 428.0 415.0
0 397.0 416.0
0 453.0 416.0
0 448.0 417.0
0 543.0 417.0
0 555.0 417.0
0 675.0 417.0
0 763.0 418.0
0 630.0 419.0
0 299.0 422.0
0 461.0 422.0
0 710.0 423.0
0 446.0 424.0
0 504.0 424.0
0 662.0 424.0
0 592.0 425.0
0 323.0 426.0
0 413.0 426.0
0 421.0 426.0
0 514.0 426.0
0 563.0 426.0
0 437.0 427.0
0 607.0 427.0
0 310.0 428.0
0 357.0 428.0
0 716.0 428.0
0 657.0 429.0
0 449.0 430.0
0 529.0 430.0
0 590.0 430.0
0 455.0 431.0
0 696.0 431.0
0 729.0 432.0
0 293.0 433.0
0 488.0 433.0
0 405.0 434.0
0 546.0 434.0
0 424.0 435.0
0 443.0 435.0
0 747.0 435.0
0 557.0 436.0
0 592.0 436.0
0 435.0 437.0
0 510.0 437.0
0 731.0 437.0
0 525.0 439.0
0 412.0 443.0
0 429.0 443.0
0 723.0 444.0
0 737.0 444.0
0 437.0 445.0
0 449.0 445.0
0 249.0 447.0
0 585.0 447.0
0 747.0 448.0
0 422.0 449.0
0 564.0 449.0
0 533.0 450.0
0 602.0 452.0
0 663.0 452.0
0 469.0 454.0
0 607.0 454.0
0 736.0 454.0
0 443.0 455.0
0 455.0 455.0
0 508.0 455.0
0 614.0 455.0
0 658.0 455.0
0 421.0 457.0
0 497.0 457.0
0 431.0 459.0
0 448.0 460.0
0 481.0 460.0
0 730.0 460.0
0 469.0 462.0
0 698.0 462.0
0 551.0 464.0
0 710.0 465.0
0 443.0 466.0
0 725.0 466.0
0 564.0 467.0
0 486.0 468.0
0 415.0 469.0
0 636.0 469.0
0 743.0 470.0
0 459.0 471.0
0 494.0 471.0
0 731.0 471.0
0 563.0 472.0
0 678.0 472.0
0 433.0 473.0
0 718.0 473.0
0 555.0 474.0
0 544.0 476.0
0 642.0 476.0
0 488.0 477.0
0 530.0 478.0
0 472.0 479.0
0 695.0 479.0
0 711.0 479.0
0 565.0 480.0
0 427.0 481.0
0 560.0 481.0
0 590.0 482.0
0 730.0 483.0
0 526.0 484.0
0 649.0 484.0
0 448.0 486.0
0 694.0 487.0
0 699.0 487.0
0 712.0 487.0
0 720.0 487.0
0 554.0 488.0
0 676.0 488.0
0 459.0 489.0
0 484.0 491.0
0 739.0 491.0
0 469.0 492.0
0 634.0 492.0
0 666.0 492.0
0 681.0 492.0
0 526.0 493.0
0 417.0 494.0
0 605.0 494.0
0 653.0 495.0
0 490.0 496.0
0 541.0 497.0
0 734.0 497.0
0 425.0 499.0
0 460.0 499.0
0 703.0 499.0
0 713.0 499.0
0 437.0 500.0
0 554.0 500.0
0 565.0 500.0
0 689.0 500.0
0 448.0 501.0
0 611.0 501.0
0 640.0 502.0
0 656.0 503.0
0 482.0 504.0
0 611.0 506.0
0 431.0 508.0
0 734.0 508.0
0 466.0 509.0
0 616.0 509.0
0 659.0 509.0
0 549.0 511.0
0 702.0 511.0
0 714.0 511.0
0 477.0 512.0
0 534.0 512.0
0 728.0 512.0
0 645.0 513.0
0 689.0 513.0
0 660.0 514.0
0 677.0 515.0
0 437.0 516.0
0 448.0 516.0
0 500.0 516.0
0 727.0 517.0
0 402.0 519.0
0 478.0 519.0
0 624.0 519.0
0 663.0 519.0
0 526.0 520.0
0 418.0 524.0
0 611.0 524.0
0 687.0 524.0
0 499.0 525.0
0 710.0 525.0
0 666.0 527.0
0 582.0 528.0
0 631.0 528.0
0 652.0 528.0
0 419.0 529.0
0 457.0 530.0
0 530.0 530.0
0 705.0 530.0
0 728.0 531.0
0 429.0 532.0
0 499.0 533.0
0 616.0 533.0
0 419.0 534.0
0 717.0 534.0
0 435.0 535.0
0 637.0 535.0
0 671.0 535.0
0 684.0 535.0
0 483.0 536.0
0 711.0 539.0
0 458.0 540.0
0 549.0 540.0
0 569.0 541.0
0 657.0 541.0
0 724.0 541.0
0 385.0 542.0
0 402.0 543.0
0 473.0 543.0
0 616.0 543.0
0 681.0 543.0
0 641.0 544.0
0 673.0 544.0
0 702.0 546.0
0 723.0 547.0
0 598.0 548.0
0 463.0 550.0
0 488.0 550.0
0 616.0 550.0
0 160.0 551.0
0 395.0 551.0
0 688.0 551.0
0 660.0 554.0
0 464.0 555.0
0 678.0 556.0
0 552.0 557.0
0 705.0 557.0
0 492.0 558.0
0 715.0 558.0
0 512.0 561.0
0 643.0 561.0
0 649.0 561.0
0 678.0 561.0
0 517.0 562.0
0 480.0 564.0
0 369.0 565.0
0 614.0 565.0
0 654.0 565.0
0 380.0 567.0
0 467.0 567.0
0 493.0 567.0
0 706.0 569.0
0 523.0 571.0
0 553.0 573.0
0 468.0 575.0
0 480.0 575.0
0 596.0 576.0
0 685.0 577.0
0 715.0 577.0
0 499.0 578.0
0 553.0 578.0
0 643.0 578.0
0 703.0 578.0
0 586.0 579.0
0 613.0 580.0
0 518.0 581.0
0 540.0 585.0
0 663.0 585.0
0 613.0 586.0
0 641.0 589.0
0 479.0 590.0
0 502.0 591.0
0 690.0 591.0
0 555.0 592.0
0 581.0 592.0
0 516.0 593.0
0 541.0 593.0
0 408.0 594.0
0 705.0 594.0
0 136.0 595.0
0 650.0 596.0
0 555.0 597.0
0 393.0 598.0
0 528.0 599.0
0 589.0 599.0
0 668.0 599.0
0 504.0 600.0
0 571.0 602.0
0 691.0 602.0
0 613.0 603.0
0 490.0 605.0
0 479.0 606.0
0 528.0 608.0
0 705.0 608.0
0 508.0 610.0
0 557.0 611.0
0 667.0 612.0
0 582.0 614.0
0 611.0 615.0
0 676.0 615.0
0 661.0 617.0
0 490.0 618.0
0 634.0 622.0
0 681.0 623.0
0 696.0 623.0
0 660.0 624.0
0 376.0 625.0
0 548.0 627.0
0 611.0 627.0
0 573.0 628.0
0 515.0 629.0
0 581.0 629.0
0 500.0 630.0
0 644.0 630.0
0 561.0 631.0
0 639.0 632.0
0 371.0 633.0
0 686.0 633.0
0 717.0 634.0
0 517.0 635.0
0 492.0 636.0
0 543.0 636.0
0 671.0 639.0
0 562.0 641.0
0 580.0 642.0
0 655.0 642.0
0 611.0 644.0
0 309.0 646.0
0 349.0 646.0
0 641.0 646.0
0 504.0 649.0
0 627.0 649.0
0 542.0 651.0
0 654.0 651.0
0 611.0 652.0
0 509.0 654.0
0 551.0 654.0
0 685.0 654.0
0 699.0 654.0
0 524.0 655.0
0 565.0 657.0
0 636.0 658.0
0 627.0 661.0
0 675.0 661.0
0 527.0 662.0
0 547.0 662.0
0 666.0 666.0
0 584.0 668.0
0 609.0 668.0
0 565.0 669.0
0 648.0 669.0
0 542.0 672.0
0 522.0 677.0
0 609.0 677.0
0 639.0 679.0
0 568.0 683.0
0 643.0 684.0
0 545.0 687.0
0 569.0 688.0
0 576.0 690.0
0 554.0 691.0
0 589.0 693.0
0 594.0 693.0
0 609.0 695.0
0 614.0 695.0
0 566.0 698.0
0 576.0 699.0
0 598.0 704.0
0 573.0 707.0
1 654.0 30.0
1 202.0 48.0
1 687.0 55.0
1 828.0 59.0
1 228.0 71.0
1 820.0 75.0
1 444.0 77.0
1 241.0 83.0
1 634.0 93.0
1 254.0 95.0
1 236.0 99.0
1 437.0 101.0
1 454.0 102.0
1 459.0 106.0
1 242.0 107.0
1 266.0 107.0
1 781.0 107.0
1 258.0 110.0
1 615.0 111.0
1 293.0 116.0
1 464.0 116.0
1 432.0 118.0
1 280.0 119.0
1 772.0 120.0
1 622.0 123.0
1 763.0 123.0
1 259.0 126.0
1 782.0 126.0
1 468.0 131.0
1 296.0 134.0
1 434.0 134.0
1 748.0 134.0
1 738.0 138.0
1 469.0 140.0
1 455.0 142.0
1 472.0 145.0
1 612.0 145.0
1 272.0 146.0
1 280.0 146.0
1 436.0 146.0
1 463.0 146.0
1 310.0 147.0
1 571.0 151.0
1 594.0 153.0
1 298.0 156.0
1 476.0 159.0
1 283.0 160.0
1 464.0 160.0
1 432.0 161.0
1 326.0 162.0
1 557.0 165.0
1 318.0 166.0
1 300.0 167.0
1 310.0 169.0
1 448.0 173.0
1 693.0 173.0
1 481.0 174.0
1 431.0 176.0
1 305.0 177.0
1 471.0 178.0
1 543.0 179.0
1 321.0 180.0
1 456.0 180.0
1 432.0 182.0
1 694.0 183.0
1 485.0 188.0
1 429.0 191.0
1 454.0 192.0
1 359.0 193.0
1 333.0 194.0
1 528.0 195.0
1 466.0 196.0
1 474.0 196.0
1 447.0 203.0
1 488.0 203.0
1 355.0 204.0
1 561.0 204.0
1 458.0 206.0
1 430.0 207.0
1 517.0 207.0
1 634.0 209.0
1 373.0 210.0
1 325.0 211.0
1 351.0 213.0
1 433.0 215.0
1 460.0 220.0
1 493.0 220.0
1 478.0 221.0
1 359.0 222.0
1 650.0 222.0
1 554.0 223.0
1 619.0 223.0
1 797.0 223.0
1 385.0 224.0
1 432.0 226.0
1 496.0 229.0
1 340.0 232.0
1 434.0 232.0
1 463.0 232.0
1 497.0 234.0
1 476.0 237.0
1 371.0 238.0
1 623.0 239.0
1 548.0 241.0
1 376.0 242.0
1 417.0 242.0
1 607.0 242.0
1 434.0 245.0
1 489.0 245.0
1 351.0 248.0
1 404.0 248.0
1 472.0 248.0
1 545.0 253.0
1 428.0 255.0
1 389.0 257.0
1 455.0 258.0
1 479.0 259.0
1 504.0 259.0
1 394.0 262.0
1 436.0 262.0
1 404.0 263.0
1 472.0 264.0
1 504.0 264.0
1 364.0 266.0
1 418.0 266.0
1 541.0 266.0
1 581.0 269.0
1 327.0 271.0
1 424.0 271.0
1 460.0 271.0
1 314.0 272.0
1 320.0 273.0
1 339.0 273.0
1 403.0 273.0
1 563.0 274.0
1 304.0 275.0
1 465.0 276.0
1 352.0 278.0
1 482.0 278.0
1 562.0 279.0
1 319.0 280.0
1 440.0 280.0
1 475.0 280.0
1 592.0 280.0
1 412.0 281.0
1 505.0 283.0
1 367.0 285.0
1 291.0 286.0
1 565.0 286.0
1 419.0 288.0
1 708.0 288.0
1 466.0 291.0
1 430.0 292.0
1 383.0 294.0
1 441.0 295.0
1 712.0 295.0
1 428.0 297.0
1 478.0 297.0
1 576.0 297.0
1 454.0 299.0
1 356.0 300.0
1 552.0 300.0
1 421.0 301.0
1 443.0 301.0
1 502.0 303.0
1 690.0 303.0
1 467.0 304.0
1 398.0 305.0
1 368.0 306.0
1 339.0 307.0
1 445.0 307.0
1 543.0 310.0
1 426.0 311.0
1 527.0 311.0
1 680.0 314.0
1 356.0 316.0
1 363.0 316.0
1 378.0 316.0
1 534.0 318.0
1 407.0 319.0
1 447.0 320.0
1 341.0 322.0
1 350.0 322.0
1 677.0 322.0
1 690.0 322.0
1 371.0 323.0
1 549.0 323.0
1 419.0 324.0
1 319.0 326.0
1 700.0 326.0
1 364.0 328.0
1 498.0 330.0
1 522.0 330.0
1 661.0 330.0
1 538.0 332.0
1 673.0 333.0
1 702.0 335.0
1 331.0 336.0
1 455.0 336.0
1 650.0 337.0
1 395.0 338.0
1 435.0 338.0
1 353.0 340.0
1 637.0 341.0
1 669.0 341.0
1 570.0 342.0
1 698.0 342.0
1 317.0 345.0
1 507.0 345.0
1 539.0 345.0
1 444.0 346.0
1 332.0 347.0
1 567.0 347.0
1 678.0 347.0
1 347.0 348.0
1 404.0 348.0
1 521.0 348.0
1 690.0 348.0
1 498.0 352.0
1 560.0 352.0
1 598.0 352.0
1 626.0 352.0
1 657.0 352.0
1 373.0 353.0
1 378.0 353.0
1 483.0 353.0
1 367.0 354.0
1 454.0 355.0
1 199.0 356.0
1 265.0 357.0
1 405.0 358.0
1 410.0 360.0
1 614.0 360.0
1 244.0 361.0
1 681.0 361.0
1 334.0 363.0
1 506.0 363.0
1 389.0 364.0
1 527.0 364.0
1 536.0 364.0
1 607.0 364.0
1 643.0 364.0
1 316.0 365.0
1 676.0 365.0
1 665.0 367.0
1 467.0 368.0
1 128.0 370.0
1 349.0 370.0
1 411.0 370.0
1 635.0 371.0
1 359.0 373.0
1 534.0 374.0
1 667.0 374.0
1 163.0 375.0
1 168.0 375.0
1 389.0 375.0
1 430.0 376.0
1 657.0 376.0
1 320.0 377.0
1 383.0 377.0
1 396.0 377.0
1 472.0 377.0
1 504.0 377.0
1 556.0 379.0
1 373.0 380.0
1 409.0 380.0
1 519.0 380.0
1 316.0 382.0
1 531.0 383.0
1 462.0 384.0
1 573.0 384.0
1 608.0 384.0
1 332.0 386.0
1 363.0 386.0
1 647.0 387.0
1 662.0 387.0
1 639.0 389.0
1 377.0 390.0
1 341.0 391.0
1 624.0 391.0
1 327.0 392.0
1 438.0 392.0
1 665.0 392.0
1 387.0 393.0
1 418.0 393.0
1 303.0 394.0
1 352.0 394.0
1 653.0 397.0
1 475.0 398.0
1 369.0 399.0
1 320.0 400.0
1 640.0 400.0
1 494.0 401.0
1 652.0 402.0
1 329.0 403.0
1 340.0 405.0
1 518.0 405.0
1 572.0 406.0
1 614.0 406.0
1 87.0 407.0
1 663.0 407.0
1 400.0 408.0
1 658.0 408.0
1 632.0 409.0
1 322.0 412.0
1 376.0 412.0
1 532.0 412.0
1 667.0 412.0
1 640.0 413.0
1 611.0 414.0
1 360.0 415.0
1 497.0 415.0
1 304.0 416.0
1 446.0 416.0
1 451.0 416.0
1 456.0 416.0
1 441.0 417.0
1 478.0 417.0
1 624.0 417.0
1 351.0 418.0
1 430.0 419.0
1 312.0 420.0
1 646.0 420.0
1 659.0 420.0
1 417.0 421.0
1 341.0 422.0
1 275.0 423.0
1 619.0 423.0
1 449.0 424.0
1 332.0 426.0
1 391.0 426.0
1 559.0 426.0
1 631.0 426.0
1 362.0 427.0
1 477.0 427.0
1 290.0 428.0
1 379.0 428.0
1 465.0 428.0
1 598.0 428.0
1 611.0 428.0
1 537.0 430.0
1 425.0 432.0
1 436.0 432.0
1 593.0 432.0
1 662.0 432.0
1 643.0 433.0
1 316.0 434.0
1 341.0 435.0
1 521.0 435.0
1 283.0 436.0
1 372.0 437.0
1 417.0 437.0
1 594.0 437.0
1 573.0 438.0
1 475.0 439.0
1 611.0 439.0
1 629.0 439.0
1 384.0 440.0
1 433.0 442.0
1 648.0 442.0
1 659.0 442.0
1 352.0 444.0
1 357.0 444.0
1 290.0 445.0
1 447.0 445.0
1 254.0 446.0
1 522.0 446.0
1 475.0 447.0
1 497.0 447.0
1 634.0 447.0
1 267.0 448.0
1 375.0 448.0
1 619.0 448.0
1 538.0 449.0
1 582.0 449.0
1 296.0 450.0
1 278.0 452.0
1 499.0 452.0
1 610.0 452.0
1 658.0 452.0
1 431.0 453.0
1 436.0 454.0
1 538.0 454.0
1 357.0 455.0
1 523.0 455.0
1 637.0 455.0
1 291.0 456.0
1 651.0 456.0
1 373.0 457.0
1 611.0 458.0
1 271.0 459.0
1 351.0 459.0
1 389.0 459.0
1 537.0 459.0
1 586.0 459.0
1 950.0 459.0
1 362.0 460.0
1 579.0 462.0
1 597.0 462.0
1 400.0 464.0
1 413.0 464.0
1 439.0 464.0
1 378.0 465.0
1 622.0 465.0
1 505.0 466.0
1 654.0 466.0
1 232.0 467.0
1 246.0 467.0
1 495.0 468.0
1 525.0 468.0
1 360.0 469.0
1 538.0 469.0
1 464.0 472.0
1 631.0 472.0
1 579.0 473.0
1 238.0 474.0
1 416.0 474.0
1 377.0 476.0
1 558.0 476.0
1 391.0 478.0
1 506.0 478.0
1 646.0 478.0
1 1020.0 479.0
1 474.0 480.0
1 616.0 480.0
1 526.0 481.0
1 540.0 482.0
1 368.0 483.0
1 380.0 483.0
1 419.0 483.0
1 579.0 484.0
1 438.0 485.0
1 456.0 487.0
1 220.0 489.0
1 505.0 489.0
1 628.0 489.0
1 639.0 489.0
1 552.0 492.0
1 524.0 494.0
1 578.0 494.0
1 650.0 494.0
1 368.0 495.0
1 377.0 495.0
1 385.0 496.0
1 487.0 496.0
1 623.0 496.0
1 390.0 497.0
1 504.0 497.0
1 514.0 497.0
1 561.0 497.0
1 467.0 498.0
1 441.0 499.0
1 541.0 499.0
1 647.0 499.0
1 636.0 501.0
1 425.0 503.0
1 608.0 503.0
1 517.0 504.0
1 647.0 504.0
1 375.0 505.0
1 391.0 506.0
1 442.0 506.0
1 586.0 506.0
1 410.0 509.0
1 505.0 511.0
1 543.0 511.0
1 575.0 511.0
1 375.0 513.0
1 560.0 513.0
1 618.0 513.0
1 519.0 514.0
1 392.0 515.0
1 544.0 516.0
1 505.0 517.0
1 637.0 517.0
1 244.0 519.0
1 416.0 519.0
1 476.0 519.0
1 395.0 520.0
1 445.0 520.0
1 238.0 521.0
1 587.0 523.0
1 383.0 524.0
1 487.0 524.0
1 572.0 524.0
1 234.0 526.0
1 446.0 526.0
1 523.0 526.0
1 400.0 527.0
1 506.0 528.0
1 547.0 528.0
1 617.0 528.0
1 415.0 530.0
1 595.0 530.0
1 570.0 532.0
1 629.0 533.0
1 385.0 535.0
1 430.0 535.0
1 439.0 536.0
1 587.0 536.0
1 488.0 537.0
1 506.0 537.0
1 526.0 538.0
1 639.0 538.0
1 616.0 539.0
1 449.0 540.0
1 547.0 540.0
1 404.0 541.0
1 473.0 541.0
1 436.0 543.0
1 587.0 543.0
1 528.0 545.0
1 396.0 547.0
1 450.0 547.0
1 569.0 548.0
1 426.0 549.0
1 630.0 549.0
1 597.0 550.0
1 408.0 551.0
1 508.0 551.0
1 464.0 552.0
1 532.0 555.0
1 571.0 556.0
1 430.0 558.0
1 550.0 558.0
1 612.0 559.0
1 141.0 560.0
1 182.0 561.0
1 412.0 561.0
1 453.0 561.0
1 177.0 564.0
1 396.0 564.0
1 536.0 564.0
1 478.0 565.0
1 508.0 567.0
1 611.0 567.0
1 550.0 569.0
1 568.0 569.0
1 590.0 570.0
1 629.0 570.0
1 540.0 575.0
1 407.0 576.0
1 599.0 576.0
1 530.0 579.0
1 509.0 581.0
1 622.0 581.0
1 421.0 582.0
1 459.0 582.0
1 478.0 582.0
1 564.0 582.0
1 553.0 586.0
1 494.0 587.0
1 608.0 587.0
1 544.0 588.0
1 443.0 589.0
1 424.0 590.0
1 593.0 593.0
1 462.0 594.0
1 606.0 594.0
1 475.0 595.0
1 553.0 595.0
1 410.0 596.0
1 511.0 598.0
1 562.0 599.0
1 581.0 600.0
1 648.0 604.0
1 529.0 606.0
1 614.0 606.0
1 423.0 608.0
1 511.0 608.0
1 494.0 609.0
1 561.0 610.0
1 434.0 611.0
1 467.0 611.0
1 612.0 611.0
1 586.0 614.0
1 450.0 617.0
1 602.0 617.0
1 436.0 618.0
1 536.0 618.0
1 608.0 619.0
1 468.0 623.0
1 486.0 624.0
1 513.0 625.0
1 605.0 625.0
1 595.0 626.0
1 557.0 627.0
1 449.0 628.0
1 580.0 630.0
1 535.0 632.0
1 558.0 632.0
1 432.0 633.0
1 615.0 633.0
1 514.0 635.0
1 495.0 637.0
1 474.0 640.0
1 454.0 644.0
1 552.0 644.0
1 483.0 648.0
1 462.0 649.0
1 476.0 651.0
1 502.0 651.0
1 495.0 652.0
1 521.0 652.0
1 474.0 656.0
1 483.0 657.0
1 493.0 661.0
1 505.0 664.0
1 478.0 665.0
