0 0 0 100.62377902949953
0 1 1 101.32317533817088
0 3 2 100.69702547565333
0 2 3 103.96153602818508
0 4 4 105.0172064630977
0 5 5 102.39608764948312
0 6 6 111.8381083397811
0 7 8 118.3269739075349
0 10 9 121.01651118008803
0 11 10 154.6828650250106
0 13 11 106.7757190164108
0 12 12 121.45447553654432
0 14 13 116.29761463679907
0 9 15 149.62275520821302
0 16 16 108.69462205992349
0 17 17 134.81422161237725
0 18 18 136.14514019555406
0 20 19 114.29047896338365
0 19 20 169.2299405539196
0 22 21 132.9681886996961
0 23 22 136.07536354696873
0 15 23 139.57390449996714
0 24 24 104.40720688584575
0 27 25 110.24018014578694
0 31 27 160.74321293348706
0 25 28 166.83380327348826
0 28 29 153.83373168944158
0 32 30 135.61461275724474
0 29 31 170.19635173595103
0 26 32 241.39667263352078
0 30 33 128.70904275061423
0 35 34 167.89978062325173
0 33 35 176.23137157439385
0 38 36 176.5980539201853
0 37 38 131.88498852614586
0 40 39 109.36007028886736
0 39 40 118.03765505390531
0 41 41 243.02422128086616
0 42 42 194.0526974041781
0 44 43 135.88544462648304
0 45 44 353.31887391772875
0 43 45 139.38814733296175
0 52 50 179.77629032323742
0 50 51 173.6913528764044
0 49 52 332.75480320921685
0 46 53 159.2706132081741
0 54 57 245.7506103587595
0 57 58 135.02317906964055
0 53 59 299.3167292026658
0 59 60 252.5132055240936
0 56 61 112.6370390153379
0 58 62 274.89277525646236
0 51 63 269.37334935284275
0 61 65 307.45921228633495
0 225 66 460.38861408332787
0 60 67 305.3777333043922
0 63 70 173.41304352769498
0 65 71 130.2223096034554
0 64 72 445.8513266942371
0 62 76 370.45761646924234
0 67 77 323.71630876700925
0 68 78 159.48583425265207
0 270 79 428.5796924890249
0 69 80 246.3125495266909
0 74 84 200.7351019339394
0 73 85 169.29515615427954
0 70 86 289.95280744828824
0 96 88 234.86726782412353
0 72 89 143.5192569704148
0 75 91 110.78479421182162
0 281 93 255.9734988374388
0 76 94 171.90149168244997
0 80 95 123.8601096439841
0 81 96 173.73973776479772
0 77 97 179.51443239148944
0 82 99 228.43723006438697
0 84 101 180.30383550982276
0 86 103 204.30410366244823
0 87 104 122.14048646916763
0 83 105 412.10368583891113
0 90 106 140.61226773230123
0 88 107 141.75944381871045
0 91 108 181.3679161400665
0 92 109 204.41236010568335
0 93 110 184.5122152398507
0 89 111 171.99848968878382
0 95 112 150.77539994014714
0 94 113 139.34156249405646
0 85 114 412.5141871384369
0 97 115 138.59422311490906
0 98 116 130.52556695073264
0 99 117 175.42606958648622
0 104 124 118.65773148745387
0 105 125 139.37598874306443
0 102 127 204.1795354789778
0 107 129 137.6467508212385
0 106 130 215.2465520838118
0 108 132 174.16075982401654
0 101 134 248.702098464573
0 112 136 152.43519747631547
0 113 137 190.89376660286177
0 110 138 182.84636144566758
0 116 139 116.1932943404822
0 100 140 256.4249032954922
0 115 141 256.26282815543317
0 114 142 127.43204306854415
0 117 143 279.99821759404904
0 119 144 119.43012836598098
0 120 145 331.98106760705326
0 121 147 164.23287583265594
0 118 148 113.22912455583266
0 122 149 185.58809773598045
0 124 151 131.30142873085893
0 131 153 231.36926656666122
0 126 154 139.3395719871019
0 128 156 142.33252664851045
0 125 157 204.71660896922236
0 127 158 144.94467775559377
0 129 159 153.97118388889476
0 130 161 131.6198160704024
0 132 163 119.46446826962178
0 133 164 129.50831858497253
0 134 165 180.26024744878143
0 137 166 115.95165105782317
0 136 167 177.7432732394987
0 139 170 202.08860345527674
0 149 171 193.62456314720055
0 140 172 133.63529194359305
0 138 173 286.1651009973946
0 141 175 130.27659017198977
0 142 176 143.7306749540551
0 144 177 140.73984904782247
0 145 178 137.93401236958735
0 411 179 303.7039658498999
0 147 180 142.88469037975224
0 148 181 139.01292893909982
0 143 183 230.07853041270704
0 152 184 178.3032870425969
0 146 185 134.5661790466706
0 154 186 126.66568669441543
0 155 187 159.30547240533735
0 153 188 148.2812954617687
0 150 190 158.69409597837617
0 156 191 119.8716089210708
0 157 192 129.9945583833246
0 159 193 115.0007683984123
0 162 194 115.93224508467293
0 166 195 202.42586973410846
0 167 196 140.62144878208156
0 163 197 109.50022474767202
0 168 198 137.64655883931076
0 178 199 145.77372424435973
0 171 200 188.7010925221814
0 158 201 174.96117469946108
0 169 202 141.53499674955404
0 174 203 111.4874373742651
0 175 204 110.50527602053867
0 165 205 121.21362048725845
0 176 206 127.0023774884163
0 177 207 197.1512672596209
0 173 208 192.00108399049495
0 179 210 149.4002472548047
0 185 211 198.70349915945607
0 182 212 118.12925992482128
0 180 213 110.10895047510576
0 184 214 106.63848943315605
0 181 215 146.44758964267405
0 195 216 136.52237865679072
0 190 217 120.6833769186752
0 191 218 173.59563385233727
0 187 220 216.42745400508184
0 188 221 389.91079020120344
0 183 222 134.7780380419912
0 196 224 167.23555128658674
0 200 225 194.31604228129217
0 194 226 112.05210873583111
0 451 227 371.8284562458376
0 193 228 230.18113720255934
0 198 229 114.44824880130015
0 467 232 422.66979413598244
0 199 233 125.35127155150032
0 201 236 188.43978316169515
0 202 237 117.0296979700279
0 197 238 262.0464900443686
0 205 239 130.94960304290584
0 203 240 192.6982577324679
0 218 241 175.7405345975623
0 213 242 175.15115557872267
0 207 244 452.5978450015991
0 216 245 238.11266528193994
0 204 246 130.29969942994904
0 214 248 176.01813434510544
0 211 249 166.70387157975546
0 227 251 270.9749464864885
0 219 252 154.07651434683035
0 220 253 198.29026048884887
0 217 254 183.68973924757702
0 206 256 150.78029166897713
0 189 258 326.7204501155493
0 222 259 153.7134086721209
0 234 261 112.91694838893005
0 229 262 199.96672230430403
0 228 263 209.13237421461065
0 224 264 254.50364161397255
0 226 265 236.47402416959778
0 247 266 148.72876529055546
0 231 269 231.11046826576742
0 232 270 105.8259804767236
0 237 271 129.74295573337466
0 233 272 164.75817284095135
0 242 273 134.6798739065178
0 230 274 109.62649648173198
0 235 275 258.0342799595136
0 240 276 155.75243322329212
0 241 277 136.7654160526962
0 239 278 229.2728160378213
0 243 279 133.0776042563979
0 246 280 265.47773667833826
0 238 281 273.0278499630627
0 221 282 482.27980851924224
0 251 283 131.93222905505516
0 253 285 140.2641801732358
0 250 286 165.01896705181088
0 248 287 260.27019691745824
0 249 288 155.95852042010557
0 252 289 183.22392860376254
0 254 291 338.99563455540857
0 256 292 128.82294264300856
0 262 294 129.72297229954958
0 263 295 115.15287124157041
0 258 296 171.21391932771772
0 261 297 124.94702834034992
0 272 299 116.10933473259763
0 260 300 228.9418979908243
0 266 301 141.8169735073548
0 269 302 154.47670527352946
0 267 304 238.15978403641637
0 265 305 159.19574400492507
0 274 306 103.6246864338953
0 268 307 283.4252027764061
0 277 308 161.2938877738942
0 279 309 125.85712006278598
0 271 310 119.20766187665559
0 280 312 121.95885335583525
0 275 313 119.74592521503955
0 283 314 117.36113831493485
0 287 315 232.84923743793357
0 288 316 109.72973750750512
0 290 317 130.63576838686254
0 293 318 121.76314126135178
0 284 319 119.35315223217826
0 278 321 215.527768385591
0 289 322 112.28204683580792
0 295 324 161.21975390784945
0 304 325 197.1266201168551
0 292 326 152.1521171471877
0 296 328 187.5757513079654
0 294 330 123.49547539956458
0 305 331 107.00145438979023
0 298 332 141.87974499691543
0 319 333 192.41369708232705
0 291 334 212.2199122505931
0 302 335 123.50824870915041
0 300 337 126.38526889688558
0 308 339 115.82549229860486
0 315 341 175.277892379694
0 321 342 137.94979981214993
0 301 343 240.1450441933763
0 303 344 137.3102626907849
0 307 345 126.37285500526703
0 297 346 211.04859181253462
0 313 347 116.42801209275704
0 314 348 113.47478280819317
0 310 349 117.02311045892179
0 316 352 131.70280498949148
0 299 353 147.5045742358184
0 306 354 181.18742164881562
0 311 355 120.50885298051756
0 318 356 154.39672536280278
0 330 357 116.01115938719902
0 312 358 164.92700424968862
0 309 359 218.30283797192158
0 325 360 111.86749703281902
0 329 361 117.77975420383085
0 333 362 118.35275849307847
0 320 363 108.46680584788697
0 332 364 126.15177524174142
0 342 365 136.8260819107679
0 327 366 172.84623404667417
0 328 367 127.8184804386227
0 335 368 115.43957816690475
0 338 369 108.99949213920233
0 322 370 107.39141313745509
0 326 372 137.64308067124523
0 324 373 165.0360439312679
0 317 375 169.23268887479614
0 340 376 118.29780555001848
0 343 378 134.7205265604077
0 352 379 132.31647782282297
0 334 380 107.86300025909416
0 339 381 220.10199182719364
0 346 382 144.20029943287562
0 344 383 107.86577419394243
0 345 384 131.75003922530686
0 350 385 117.00721206236278
0 351 386 117.6261955360112
0 349 387 116.33405646230588
0 353 389 144.96174768202005
0 354 390 186.7057886507
0 347 391 104.05273905680323
0 356 392 241.5100771254668
0 362 394 137.7738812924579
0 337 395 235.5218932027182
0 357 396 106.86776257635577
0 348 397 215.787112169075
0 360 398 139.84257681115352
0 365 399 188.4424923644539
0 359 400 139.19785994653685
0 367 401 119.17856572286158
0 364 403 131.83815477680255
0 369 404 149.75379800001767
0 370 405 116.55377091090979
0 358 406 106.44462279802937
0 363 407 122.01643582485016
0 372 408 112.54072731887797
0 374 409 232.60343628089961
0 373 410 153.27806367631655
0 361 411 120.36429801406128
0 371 412 132.24602441345107
0 381 413 107.63313566950966
0 379 414 145.1844252009987
0 368 415 106.53785512346377
0 382 416 156.4865970027191
0 383 417 200.52941138855417
0 377 418 131.37671186107278
0 386 420 119.5232184238213
0 376 421 103.32011913714985
0 390 422 118.20882919879021
0 378 423 116.55521222334906
0 387 424 116.9639785283197
0 385 426 141.93300158250258
0 396 427 114.31189377559072
0 391 428 156.9274676496184
0 388 429 170.55625203573047
0 384 430 105.50205932941373
0 375 431 107.7115314697944
0 393 432 130.40960073427038
0 336 434 240.59984410042134
0 389 435 135.45892184580245
0 400 436 144.56436124649633
0 392 437 143.53814183767696
0 399 439 121.72064944606826
0 398 440 194.28564149508964
0 403 441 106.67856306709416
0 401 442 116.16199934819396
0 394 443 140.84834999587795
0 404 445 138.36589320108263
0 397 446 124.1174656778234
0 405 447 211.36623449923212
0 410 449 120.0002260212387
0 413 450 111.07180361682794
0 416 451 104.33265027016567
0 414 452 239.3595342357696
0 415 453 152.48011249410155
0 417 454 118.11118035317583
0 395 455 320.5380124109681
0 406 456 125.42325973823156
0 412 458 121.50179704761024
0 409 459 178.56943214225427
0 402 462 247.38273045412953
0 419 463 147.41570253568966
0 421 464 124.38313188645864
0 418 465 195.0300696063668
0 426 466 107.97528513133756
0 428 467 114.4718237616484
0 429 468 105.57567958316487
0 423 469 176.65227557568664
0 424 470 191.22930237594534
0 425 471 113.42852904759258
0 427 472 131.97444745802017
0 434 474 137.8917261837787
0 422 475 164.18151036824645
0 430 476 228.3775418619275
0 432 477 136.449684613103
0 439 479 122.0739305771577
0 436 480 111.7788782813844
0 438 481 190.77392472299078
0 441 482 110.50174602629916
0 443 484 108.16208695921266
0 435 485 224.14044475213575
0 445 486 111.49892177670782
0 442 487 148.53116546904238
0 448 488 151.83736045138838
0 444 489 106.75001081675401
0 452 490 103.7624906734326
0 446 491 211.31675649014153
0 454 493 117.11717723942094
0 449 494 105.25167542926661
0 450 495 149.63674068492733
0 455 496 111.69714425297063
0 453 497 148.52246088908717
0 456 498 107.67851461657489
0 458 499 119.32624250931102
0 457 500 148.83986333913856
0 440 501 106.98013263529222
0 459 502 121.10153991939565
0 461 503 204.72060579045456
0 464 504 116.35768851426316
0 462 505 107.12643067527156
0 468 506 104.74180139219833
0 469 507 109.33305997704927
0 466 508 139.4160622154761
0 465 509 175.87424686757188
0 463 510 214.39287739727305
0 460 511 116.21628960529779
0 478 512 137.56657158129494
0 470 513 103.17542147973062
0 474 514 105.72091700828969
0 477 516 140.2768812763
0 476 517 116.85382865661687
0 484 518 106.81665755582033
0 482 519 172.48576473581807
0 483 520 143.94198810179537
0 480 521 110.58582112523861
0 488 523 189.1037216670715
0 481 524 111.26338051427066
0 486 525 102.32760746471415
0 485 526 119.2798708264758
0 489 527 112.37379878898814
0 487 528 117.34502483294268
0 490 529 115.43132588478207
0 492 531 124.8842488949669
0 498 532 244.52337793832
0 493 533 108.68482751615385
0 491 534 205.9127634322689
0 494 536 151.096691000753
0 497 537 117.05252735178921
0 495 538 147.2858603795075
0 499 539 107.87945871533853
0 502 540 122.53997251815196
0 504 541 153.59917969188092
0 501 542 135.7503494452367
0 507 544 135.88474025185127
0 509 545 114.15049940965962
0 506 546 113.45823023128897
0 508 547 119.25518959888066
0 510 548 104.34702998229662
0 515 549 207.8450620925567
0 496 551 183.91673920049814
0 513 552 119.26099652628474
0 517 553 271.6580375019926
0 516 554 117.46533007493822
0 503 555 148.7791214952956
0 505 556 173.46688708957493
0 519 557 103.96703784761692
0 520 558 154.4136640665705
0 525 559 115.97564909097471
0 521 560 151.49990378430635
0 512 561 164.3670822147153
0 526 562 115.81190819906966
0 530 563 177.95248346957584
0 523 564 102.83337640221069
0 528 565 101.15681582678309
0 531 566 123.17835566023945
0 527 567 318.3099679142295
0 534 568 149.63915638031494
0 537 569 198.91111880698972
0 532 570 104.90774590254142
0 536 572 119.16850054188757
0 538 573 146.6591139550334
0 540 574 117.06374117837997
0 541 575 104.74813819558561
0 545 576 108.0167941836889
0 544 577 107.92056783100206
0 543 578 110.87744119546508
0 539 579 181.17212112599339
0 542 580 112.57872759828251
0 547 581 117.69257064777922
0 546 582 101.09042122595548
0 548 583 100.74721439970638
0 549 584 107.10344545375443
0 551 585 104.44390422311625
0 550 586 113.44627731682486
0 553 587 106.64581028541325
0 552 588 110.57206085556905
0 554 589 127.42432924983756
0 555 590 125.6237659703624
0 556 591 102.42304268404135
0 557 592 106.92128096125309
0 558 593 105.56641912330223
0 559 594 100.68507216740836
0 560 595 101.45830297041559

0 904.0 59.0
0 689.0 82.0
0 244.0 107.0
0 729.0 114.0
0 719.0 118.0
0 473.0 123.0
0 273.0 131.0
0 888.0 140.0
0 286.0 144.0
0 299.0 155.0
0 472.0 158.0
0 283.0 161.0
0 492.0 161.0
0 311.0 167.0
0 856.0 167.0
0 662.0 168.0
0 289.0 169.0
0 473.0 170.0
0 496.0 172.0
0 327.0 179.0
0 842.0 183.0
0 475.0 184.0
0 502.0 186.0
0 643.0 188.0
0 308.0 189.0
0 487.0 189.0
0 361.0 191.0
0 342.0 193.0
0 832.0 195.0
0 838.0 196.0
0 476.0 197.0
0 819.0 199.0
0 347.0 201.0
0 840.0 201.0
0 509.0 202.0
0 648.0 205.0
0 491.0 206.0
0 358.0 207.0
0 796.0 209.0
0 323.0 210.0
0 618.0 211.0
0 564.0 212.0
0 478.0 214.0
0 347.0 217.0
0 515.0 219.0
0 769.0 221.0
0 373.0 222.0
0 572.0 222.0
0 538.0 223.0
0 349.0 228.0
0 359.0 229.0
0 480.0 231.0
0 518.0 233.0
0 618.0 234.0
0 534.0 236.0
0 743.0 236.0
0 389.0 238.0
0 592.0 238.0
0 372.0 242.0
0 499.0 243.0
0 564.0 243.0
0 752.0 243.0
0 530.0 245.0
0 539.0 245.0
0 726.0 247.0
0 581.0 248.0
0 608.0 249.0
0 483.0 250.0
0 523.0 251.0
0 734.0 251.0
0 382.0 253.0
0 406.0 253.0
0 498.0 255.0
0 523.0 256.0
0 387.0 257.0
0 575.0 257.0
0 564.0 258.0
0 499.0 260.0
0 708.0 261.0
0 622.0 262.0
0 516.0 264.0
0 539.0 265.0
0 716.0 265.0
0 502.0 268.0
0 422.0 269.0
0 485.0 269.0
0 563.0 269.0
0 692.0 271.0
0 376.0 273.0
0 401.0 273.0
0 517.0 277.0
0 597.0 277.0
0 506.0 279.0
0 697.0 279.0
0 540.0 280.0
0 408.0 281.0
0 452.0 281.0
0 550.0 281.0
0 437.0 283.0
0 531.0 289.0
0 513.0 290.0
0 542.0 290.0
0 682.0 291.0
0 463.0 294.0
0 592.0 294.0
0 449.0 296.0
0 424.0 299.0
0 556.0 299.0
0 540.0 302.0
0 509.0 304.0
0 473.0 305.0
0 566.0 306.0
0 589.0 306.0
0 665.0 306.0
0 684.0 306.0
0 541.0 311.0
0 551.0 315.0
0 440.0 316.0
0 484.0 317.0
0 586.0 319.0
0 445.0 320.0
0 509.0 320.0
0 649.0 320.0
0 455.0 321.0
0 369.0 323.0
0 546.0 324.0
0 568.0 324.0
0 585.0 324.0
0 472.0 325.0
0 381.0 326.0
0 345.0 327.0
0 597.0 327.0
0 418.0 328.0
0 642.0 328.0
0 494.0 329.0
0 659.0 329.0
0 454.0 330.0
0 395.0 331.0
0 335.0 332.0
0 357.0 332.0
0 551.0 332.0
0 637.0 332.0
0 529.0 334.0
0 567.0 335.0
0 331.0 337.0
0 410.0 337.0
0 652.0 337.0
0 463.0 338.0
0 607.0 340.0
0 647.0 340.0
0 628.0 342.0
0 756.0 342.0
0 388.0 344.0
0 488.0 344.0
0 470.0 345.0
0 509.0 346.0
0 566.0 346.0
0 426.0 347.0
0 535.0 347.0
0 621.0 349.0
0 760.0 350.0
0 543.0 351.0
0 594.0 351.0
0 401.0 353.0
0 479.0 354.0
0 439.0 356.0
0 737.0 357.0
0 611.0 358.0
0 533.0 360.0
0 415.0 361.0
0 606.0 361.0
0 561.0 362.0
0 388.0 363.0
0 489.0 363.0
0 566.0 363.0
0 544.0 364.0
0 474.0 365.0
0 505.0 365.0
0 520.0 367.0
0 728.0 368.0
0 379.0 369.0
0 406.0 369.0
0 555.0 369.0
0 570.0 369.0
0 426.0 370.0
0 458.0 370.0
0 724.0 375.0
0 740.0 375.0
0 399.0 376.0
0 418.0 377.0
0 488.0 377.0
0 589.0 377.0
0 390.0 379.0
0 507.0 381.0
0 735.0 381.0
0 553.0 382.0
0 708.0 383.0
0 369.0 384.0
0 581.0 384.0
0 750.0 384.0
0 597.0 386.0
0 439.0 387.0
0 471.0 388.0
0 679.0 388.0
0 724.0 388.0
0 480.0 390.0
0 576.0 390.0
0 698.0 390.0
0 589.0 391.0
0 594.0 391.0
0 604.0 391.0
0 548.0 392.0
0 509.0 394.0
0 382.0 395.0
0 618.0 395.0
0 432.0 396.0
0 587.0 396.0
0 636.0 396.0
0 669.0 397.0
0 676.0 397.0
0 684.0 397.0
0 720.0 398.0
0 493.0 400.0
0 458.0 402.0
0 735.0 402.0
0 498.0 403.0
0 561.0 403.0
0 658.0 403.0
0 442.0 405.0
0 639.0 405.0
0 674.0 405.0
0 711.0 405.0
0 669.0 408.0
0 368.0 409.0
0 373.0 409.0
0 378.0 409.0
0 384.0 409.0
0 533.0 409.0
0 721.0 409.0
0 650.0 411.0
0 419.0 412.0
0 660.0 413.0
0 734.0 415.0
0 301.0 416.0
0 451.0 416.0
0 456.0 416.0
0 578.0 417.0
0 708.0 417.0
0 355.0 418.0
0 370.0 419.0
0 375.0 419.0
0 380.0 419.0
0 556.0 419.0
0 692.0 419.0
0 443.0 420.0
0 259.0 421.0
0 264.0 421.0
0 517.0 422.0
0 529.0 423.0
0 522.0 424.0
0 555.0 424.0
0 600.0 424.0
0 720.0 424.0
0 685.0 425.0
0 409.0 426.0
0 438.0 426.0
0 676.0 427.0
0 694.0 427.0
0 376.0 430.0
0 707.0 430.0
0 312.0 431.0
0 471.0 431.0
0 368.0 432.0
0 576.0 432.0
0 256.0 433.0
0 385.0 433.0
0 555.0 433.0
0 527.0 434.0
0 404.0 435.0
0 488.0 435.0
0 436.0 437.0
0 555.0 438.0
0 504.0 439.0
0 685.0 439.0
0 513.0 440.0
0 706.0 440.0
0 518.0 441.0
0 425.0 443.0
0 480.0 445.0
0 375.0 446.0
0 395.0 449.0
0 427.0 450.0
0 681.0 450.0
0 384.0 452.0
0 548.0 453.0
0 699.0 453.0
0 498.0 454.0
0 530.0 454.0
0 511.0 455.0
0 713.0 455.0
0 484.0 456.0
0 562.0 457.0
0 567.0 457.0
0 397.0 459.0
0 412.0 459.0
0 457.0 460.0
0 622.0 460.0
0 384.0 462.0
0 579.0 462.0
0 670.0 462.0
0 444.0 463.0
0 411.0 464.0
0 690.0 464.0
0 429.0 466.0
0 550.0 468.0
0 529.0 471.0
0 698.0 471.0
0 667.0 472.0
0 682.0 472.0
0 377.0 473.0
0 402.0 473.0
0 416.0 473.0
0 708.0 473.0
0 430.0 474.0
0 605.0 474.0
0 648.0 474.0
0 593.0 475.0
0 973.0 475.0
0 517.0 476.0
0 512.0 477.0
0 441.0 478.0
0 688.0 478.0
0 507.0 479.0
0 636.0 479.0
0 396.0 480.0
0 676.0 480.0
0 403.0 482.0
0 497.0 482.0
0 597.0 482.0
0 708.0 482.0
0 483.0 483.0
0 655.0 483.0
0 962.0 483.0
0 415.0 484.0
0 433.0 484.0
0 542.0 485.0
0 624.0 485.0
0 668.0 485.0
0 697.0 485.0
0 513.0 486.0
0 527.0 486.0
0 559.0 486.0
0 702.0 486.0
0 425.0 488.0
0 479.0 488.0
0 387.0 491.0
0 601.0 491.0
0 687.0 492.0
0 400.0 494.0
0 417.0 494.0
0 504.0 494.0
0 652.0 494.0
0 669.0 494.0
0 441.0 495.0
0 631.0 495.0
0 696.0 496.0
0 481.0 497.0
0 527.0 497.0
0 585.0 497.0
0 705.0 497.0
0 357.0 499.0
0 409.0 499.0
0 432.0 499.0
0 493.0 499.0
0 637.0 499.0
0 404.0 502.0
0 504.0 503.0
0 678.0 503.0
0 604.0 504.0
0 685.0 504.0
0 375.0 505.0
0 418.0 505.0
0 699.0 505.0
0 527.0 507.0
0 563.0 507.0
0 643.0 507.0
0 669.0 507.0
0 589.0 508.0
0 437.0 509.0
0 605.0 510.0
0 564.0 512.0
0 369.0 513.0
0 418.0 515.0
0 423.0 515.0
0 701.0 515.0
0 407.0 516.0
0 502.0 516.0
0 485.0 517.0
0 569.0 517.0
0 607.0 517.0
0 434.0 518.0
0 657.0 518.0
0 670.0 518.0
0 593.0 520.0
0 641.0 520.0
0 679.0 520.0
0 375.0 521.0
0 454.0 521.0
0 630.0 521.0
0 608.0 522.0
0 413.0 523.0
0 339.0 524.0
0 434.0 524.0
0 693.0 525.0
0 573.0 526.0
0 355.0 527.0
0 477.0 527.0
0 609.0 527.0
0 454.0 529.0
0 562.0 530.0
0 639.0 531.0
0 377.0 532.0
0 623.0 533.0
0 348.0 534.0
0 534.0 534.0
0 598.0 534.0
0 668.0 534.0
0 688.0 534.0
0 421.0 536.0
0 483.0 536.0
0 356.0 537.0
0 366.0 537.0
0 579.0 537.0
0 612.0 537.0
0 103.0 538.0
0 454.0 538.0
0 695.0 539.0
0 440.0 540.0
0 568.0 540.0
0 639.0 541.0
0 613.0 542.0
0 676.0 544.0
0 503.0 545.0
0 321.0 547.0
0 520.0 547.0
0 600.0 547.0
0 335.0 548.0
0 423.0 548.0
0 569.0 549.0
0 636.0 549.0
0 624.0 552.0
0 664.0 552.0
0 436.0 553.0
0 585.0 553.0
0 691.0 553.0
0 441.0 554.0
0 328.0 555.0
0 446.0 555.0
0 551.0 555.0
0 616.0 555.0
0 569.0 556.0
0 428.0 557.0
0 644.0 559.0
0 505.0 561.0
0 601.0 561.0
0 451.0 563.0
0 670.0 563.0
0 634.0 564.0
0 683.0 564.0
0 429.0 565.0
0 506.0 566.0
0 472.0 567.0
0 619.0 568.0
0 303.0 569.0
0 593.0 569.0
0 314.0 570.0
0 569.0 571.0
0 453.0 573.0
0 433.0 574.0
0 644.0 574.0
0 480.0 576.0
0 568.0 576.0
0 668.0 577.0
0 508.0 578.0
0 631.0 578.0
0 434.0 579.0
0 550.0 582.0
0 509.0 583.0
0 436.0 584.0
0 458.0 584.0
0 684.0 584.0
0 541.0 585.0
0 598.0 585.0
0 646.0 585.0
0 476.0 586.0
0 568.0 586.0
0 667.0 586.0
0 625.0 587.0
0 495.0 592.0
0 568.0 593.0
0 603.0 593.0
0 84.0 594.0
0 550.0 594.0
0 291.0 595.0
0 447.0 596.0
0 463.0 596.0
0 675.0 596.0
0 653.0 597.0
0 537.0 598.0
0 511.0 600.0
0 628.0 600.0
0 326.0 602.0
0 605.0 603.0
0 486.0 604.0
0 465.0 605.0
0 545.0 606.0
0 569.0 606.0
0 527.0 608.0
0 662.0 609.0
0 568.0 611.0
0 629.0 611.0
0 447.0 612.0
0 552.0 612.0
0 609.0 612.0
0 469.0 614.0
0 674.0 615.0
0 514.0 616.0
0 643.0 618.0
0 539.0 620.0
0 568.0 621.0
0 613.0 621.0
0 458.0 624.0
0 632.0 626.0
0 667.0 626.0
0 594.0 629.0
0 507.0 633.0
0 619.0 633.0
0 477.0 634.0
0 530.0 634.0
0 569.0 634.0
0 538.0 635.0
0 657.0 636.0
0 519.0 637.0
0 604.0 638.0
0 634.0 639.0
0 554.0 640.0
0 480.0 641.0
0 502.0 641.0
0 460.0 642.0
0 689.0 642.0
0 241.0 644.0
0 281.0 646.0
0 521.0 646.0
0 624.0 647.0
0 538.0 648.0
0 239.0 649.0
0 276.0 649.0
0 569.0 650.0
0 615.0 650.0
0 660.0 653.0
0 636.0 654.0
0 501.0 656.0
0 586.0 656.0
0 616.0 658.0
0 476.0 659.0
0 570.0 659.0
0 525.0 663.0
0 637.0 663.0
0 648.0 664.0
0 596.0 666.0
0 491.0 667.0
0 591.0 667.0
0 508.0 668.0
0 643.0 668.0
0 525.0 674.0
0 544.0 674.0
0 631.0 674.0
0 611.0 675.0
0 570.0 676.0
0 640.0 676.0
0 505.0 679.0
0 589.0 680.0
0 487.0 683.0
0 571.0 684.0
0 530.0 691.0
0 606.0 692.0
0 509.0 693.0
0 533.0 696.0
0 517.0 697.0
0 551.0 699.0
0 556.0 699.0
0 576.0 701.0
0 529.0 704.0
0 539.0 706.0
0 561.0 711.0
0 534.0 714.0
1 874.0 39.0
1 690.0 73.0
1 723.0 103.0
1 244.0 106.0
1 711.0 107.0
1 481.0 118.0
1 271.0 130.0
1 283.0 141.0
1 475.0 144.0
1 666.0 145.0
1 296.0 153.0
1 474.0 154.0
1 494.0 156.0
1 279.0 157.0
1 307.0 163.0
1 647.0 164.0
1 285.0 165.0
1 474.0 165.0
1 496.0 167.0
1 815.0 169.0
1 321.0 175.0
1 654.0 177.0
1 474.0 178.0
1 500.0 180.0
1 300.0 183.0
1 805.0 183.0
1 329.0 184.0
1 486.0 184.0
1 811.0 184.0
1 796.0 186.0
1 816.0 187.0
1 344.0 191.0
1 474.0 191.0
1 647.0 191.0
1 790.0 192.0
1 505.0 196.0
1 492.0 197.0
1 771.0 198.0
1 476.0 202.0
1 606.0 203.0
1 315.0 204.0
1 498.0 206.0
1 465.0 211.0
1 745.0 212.0
1 341.0 213.0
1 510.0 213.0
1 621.0 213.0
1 500.0 216.0
1 593.0 216.0
1 511.0 227.0
1 467.0 231.0
1 488.0 231.0
1 338.0 232.0
1 496.0 233.0
1 578.0 233.0
1 477.0 234.0
1 726.0 234.0
1 363.0 236.0
1 471.0 236.0
1 512.0 236.0
1 467.0 243.0
1 564.0 248.0
1 515.0 249.0
1 375.0 250.0
1 470.0 250.0
1 398.0 255.0
1 465.0 255.0
1 483.0 255.0
1 682.0 255.0
1 505.0 258.0
1 518.0 261.0
1 839.0 265.0
1 391.0 267.0
1 464.0 268.0
1 411.0 270.0
1 590.0 270.0
1 489.0 271.0
1 508.0 271.0
1 863.0 272.0
1 523.0 273.0
1 399.0 275.0
1 432.0 275.0
1 483.0 280.0
1 465.0 281.0
1 494.0 281.0
1 529.0 287.0
1 445.0 288.0
1 585.0 288.0
1 514.0 292.0
1 529.0 292.0
1 413.0 293.0
1 495.0 293.0
1 469.0 296.0
1 455.0 298.0
1 642.0 299.0
1 582.0 301.0
1 392.0 302.0
1 499.0 303.0
1 512.0 307.0
1 430.0 311.0
1 525.0 312.0
1 471.0 313.0
1 578.0 314.0
1 539.0 315.0
1 370.0 317.0
1 508.0 317.0
1 362.0 320.0
1 381.0 320.0
1 405.0 320.0
1 539.0 320.0
1 347.0 322.0
1 620.0 323.0
1 443.0 325.0
1 395.0 326.0
1 492.0 326.0
1 615.0 326.0
1 360.0 327.0
1 540.0 327.0
1 599.0 327.0
1 336.0 332.0
1 412.0 332.0
1 452.0 333.0
1 629.0 333.0
1 417.0 336.0
1 745.0 338.0
1 422.0 340.0
1 459.0 340.0
1 502.0 340.0
1 541.0 341.0
1 601.0 341.0
1 512.0 343.0
1 477.0 344.0
1 398.0 348.0
1 467.0 349.0
1 433.0 350.0
1 611.0 351.0
1 592.0 352.0
1 726.0 352.0
1 480.0 355.0
1 586.0 356.0
1 382.0 357.0
1 515.0 357.0
1 462.0 358.0
1 564.0 358.0
1 481.0 360.0
1 492.0 360.0
1 444.0 361.0
1 374.0 362.0
1 405.0 363.0
1 551.0 363.0
1 483.0 365.0
1 578.0 365.0
1 432.0 366.0
1 393.0 370.0
1 714.0 371.0
1 728.0 371.0
1 570.0 372.0
1 383.0 373.0
1 422.0 374.0
1 486.0 374.0
1 538.0 374.0
1 738.0 374.0
1 723.0 376.0
1 362.0 377.0
1 434.0 379.0
1 462.0 379.0
1 536.0 379.0
1 697.0 379.0
1 561.0 380.0
1 445.0 381.0
1 613.0 381.0
1 581.0 382.0
1 608.0 382.0
1 576.0 384.0
1 675.0 384.0
1 710.0 384.0
1 558.0 385.0
1 687.0 385.0
1 739.0 385.0
1 604.0 387.0
1 374.0 388.0
1 406.0 389.0
1 492.0 389.0
1 475.0 390.0
1 619.0 391.0
1 516.0 392.0
1 598.0 392.0
1 678.0 392.0
1 734.0 392.0
1 504.0 393.0
1 638.0 393.0
1 666.0 393.0
1 443.0 394.0
1 428.0 395.0
1 544.0 398.0
1 559.0 398.0
1 724.0 398.0
1 715.0 399.0
1 638.0 401.0
1 361.0 402.0
1 490.0 402.0
1 375.0 403.0
1 521.0 403.0
1 393.0 404.0
1 574.0 407.0
1 648.0 407.0
1 254.0 409.0
1 426.0 409.0
1 435.0 409.0
1 685.0 409.0
1 740.0 409.0
1 356.0 411.0
1 443.0 411.0
1 718.0 411.0
1 324.0 412.0
1 386.0 412.0
1 456.0 412.0
1 412.0 413.0
1 641.0 414.0
1 543.0 415.0
1 678.0 415.0
1 461.0 416.0
1 505.0 417.0
1 711.0 417.0
1 380.0 418.0
1 572.0 418.0
1 406.0 419.0
1 430.0 420.0
1 675.0 420.0
1 706.0 420.0
1 245.0 421.0
1 701.0 421.0
1 289.0 422.0
1 358.0 423.0
1 601.0 423.0
1 367.0 424.0
1 445.0 424.0
1 452.0 425.0
1 558.0 426.0
1 376.0 427.0
1 542.0 427.0
1 512.0 428.0
1 570.0 428.0
1 469.0 429.0
1 406.0 431.0
1 417.0 431.0
1 425.0 432.0
1 647.0 432.0
1 391.0 434.0
1 450.0 434.0
1 501.0 435.0
1 664.0 437.0
1 364.0 439.0
1 687.0 439.0
1 411.0 444.0
1 674.0 444.0
1 660.0 446.0
1 482.0 447.0
1 487.0 448.0
1 690.0 448.0
1 474.0 449.0
1 519.0 450.0
1 524.0 450.0
1 679.0 450.0
1 376.0 451.0
1 457.0 451.0
1 551.0 451.0
1 390.0 452.0
1 404.0 452.0
1 557.0 452.0
1 576.0 452.0
1 427.0 453.0
1 700.0 453.0
1 562.0 454.0
1 610.0 455.0
1 416.0 456.0
1 370.0 457.0
1 567.0 459.0
1 395.0 460.0
1 650.0 460.0
1 669.0 461.0
1 678.0 463.0
1 387.0 464.0
1 535.0 464.0
1 341.0 465.0
1 457.0 466.0
1 507.0 466.0
1 517.0 467.0
1 684.0 467.0
1 699.0 468.0
1 647.0 469.0
1 370.0 470.0
1 574.0 470.0
1 662.0 470.0
1 422.0 471.0
1 595.0 471.0
1 491.0 472.0
1 600.0 472.0
1 480.0 474.0
1 403.0 476.0
1 469.0 476.0
1 379.0 477.0
1 655.0 477.0
1 419.0 478.0
1 636.0 478.0
1 668.0 478.0
1 456.0 479.0
1 527.0 480.0
1 700.0 480.0
1 392.0 481.0
1 487.0 481.0
1 347.0 482.0
1 359.0 482.0
1 648.0 482.0
1 681.0 482.0
1 633.0 483.0
1 693.0 484.0
1 384.0 485.0
1 574.0 486.0
1 621.0 486.0
1 423.0 487.0
1 997.0 487.0
1 320.0 489.0
1 400.0 489.0
1 466.0 489.0
1 475.0 490.0
1 413.0 491.0
1 456.0 491.0
1 514.0 491.0
1 632.0 491.0
1 667.0 491.0
1 461.0 492.0
1 609.0 492.0
1 648.0 492.0
1 335.0 495.0
1 557.0 495.0
1 363.0 496.0
1 392.0 496.0
1 696.0 497.0
1 397.0 498.0
1 473.0 498.0
1 586.0 498.0
1 676.0 498.0
1 575.0 499.0
1 512.0 503.0
1 536.0 503.0
1 690.0 503.0
1 327.0 504.0
1 482.0 504.0
1 559.0 504.0
1 620.0 504.0
1 647.0 505.0
1 671.0 506.0
1 574.0 507.0
1 534.0 508.0
1 691.0 508.0
1 395.0 509.0
1 476.0 511.0
1 334.0 512.0
1 416.0 512.0
1 539.0 512.0
1 299.0 514.0
1 692.0 514.0
1 431.0 515.0
1 559.0 515.0
1 574.0 515.0
1 622.0 515.0
1 635.0 516.0
1 312.0 517.0
1 615.0 517.0
1 660.0 517.0
1 415.0 519.0
1 605.0 519.0
1 403.0 520.0
1 574.0 520.0
1 322.0 521.0
1 336.0 521.0
1 427.0 521.0
1 305.0 524.0
1 541.0 524.0
1 619.0 524.0
1 687.0 524.0
1 452.0 526.0
1 574.0 526.0
1 315.0 527.0
1 661.0 527.0
1 614.0 528.0
1 506.0 529.0
1 457.0 530.0
1 432.0 531.0
1 594.0 531.0
1 411.0 532.0
1 422.0 533.0
1 544.0 535.0
1 278.0 536.0
1 431.0 536.0
1 678.0 536.0
1 291.0 537.0
1 575.0 539.0
1 617.0 539.0
1 689.0 539.0
1 478.0 540.0
1 629.0 540.0
1 662.0 542.0
1 563.0 544.0
1 413.0 545.0
1 283.0 546.0
1 589.0 546.0
1 686.0 546.0
1 576.0 547.0
1 616.0 547.0
1 674.0 548.0
1 525.0 550.0
1 600.0 550.0
1 417.0 552.0
1 544.0 552.0
1 647.0 552.0
1 685.0 552.0
1 434.0 554.0
1 481.0 555.0
1 467.0 557.0
1 561.0 557.0
1 267.0 559.0
1 418.0 560.0
1 482.0 560.0
1 452.0 561.0
1 657.0 561.0
1 577.0 562.0
1 613.0 562.0
1 677.0 562.0
1 544.0 566.0
1 597.0 566.0
1 437.0 567.0
1 669.0 568.0
1 554.0 570.0
1 426.0 571.0
1 458.0 571.0
1 516.0 572.0
1 543.0 572.0
1 627.0 573.0
1 62.0 576.0
1 656.0 576.0
1 487.0 577.0
1 611.0 577.0
1 442.0 578.0
1 526.0 578.0
1 511.0 580.0
1 633.0 580.0
1 428.0 581.0
1 456.0 581.0
1 545.0 582.0
1 609.0 582.0
1 678.0 583.0
1 581.0 585.0
1 627.0 585.0
1 655.0 586.0
1 471.0 587.0
1 559.0 588.0
1 545.0 589.0
1 526.0 590.0
1 281.0 591.0
1 286.0 591.0
1 448.0 591.0
1 583.0 592.0
1 439.0 593.0
1 490.0 593.0
1 513.0 593.0
1 625.0 593.0
1 670.0 594.0
1 638.0 597.0
1 467.0 598.0
1 490.0 598.0
1 280.0 599.0
1 608.0 599.0
1 450.0 600.0
1 585.0 600.0
1 505.0 604.0
1 547.0 604.0
1 563.0 606.0
1 610.0 606.0
1 439.0 607.0
1 454.0 609.0
1 547.0 609.0
1 585.0 609.0
1 651.0 609.0
1 493.0 612.0
1 669.0 614.0
1 518.0 616.0
1 567.0 616.0
1 630.0 617.0
1 548.0 618.0
1 608.0 619.0
1 451.0 623.0
1 663.0 624.0
1 572.0 628.0
1 511.0 629.0
1 237.0 630.0
1 464.0 630.0
1 604.0 630.0
1 549.0 631.0
1 231.0 632.0
1 499.0 632.0
1 519.0 632.0
1 191.0 633.0
1 648.0 633.0
1 226.0 635.0
1 466.0 635.0
1 588.0 636.0
1 485.0 637.0
1 534.0 637.0
1 453.0 638.0
1 647.0 638.0
1 475.0 642.0
1 503.0 642.0
1 578.0 642.0
1 657.0 642.0
1 518.0 645.0
1 622.0 647.0
1 655.0 647.0
1 551.0 648.0
1 602.0 648.0
1 590.0 650.0
1 579.0 652.0
1 467.0 653.0
1 584.0 653.0
1 654.0 653.0
1 569.0 654.0
1 590.0 656.0
1 552.0 657.0
1 535.0 658.0
1 601.0 658.0
1 508.0 659.0
1 478.0 661.0
1 591.0 661.0
1 641.0 663.0
1 647.0 663.0
1 493.0 664.0
1 578.0 665.0
1 636.0 668.0
1 648.0 668.0
1 510.0 670.0
1 528.0 671.0
1 491.0 673.0
1 554.0 673.0
1 598.0 674.0
1 620.0 674.0
1 475.0 678.0
1 575.0 679.0
1 555.0 682.0
1 516.0 687.0
1 497.0 688.0
1 594.0 691.0
1 504.0 693.0
1 520.0 694.0
1 535.0 697.0
1 542.0 697.0
1 564.0 700.0
1 516.0 701.0
1 524.0 703.0
1 546.0 710.0
1 520.0 712.0
