0 0 0 459.1514483083256
0 1 1 202.11818382458532
0 2 3 443.1410788696839
0 6 5 460.6677028375991
0 10 9 388.55220484962587
0 17 13 431.82099053600444
0 18 14 266.46087433681447
0 19 16 298.3478867267131
0 28 23 319.5375345588241
0 25 24 446.07095632757813
0 36 32 397.17607822021387
0 37 36 258.158695309803
0 47 47 383.8227771417799
0 50 48 275.5057037748328
0 53 49 346.7457328523556
0 70 62 271.9072328062055
0 74 68 445.92595457245966
0 78 70 401.4908839505984
0 91 79 444.76900119004733
0 81 80 383.9902590361687
0 98 82 471.0837299343785
0 92 88 297.4782319910252
0 87 89 476.18197626031946
0 106 92 344.54426408545544
0 103 94 174.81656844193628
0 102 97 337.81752792717475
0 100 100 493.006506091683
0 112 102 255.6881732597689
0 104 106 467.27601809198586
0 125 115 306.42211536661466
0 134 123 489.2715963370282
0 132 133 486.2049349006143
0 139 137 379.6777159976188
0 144 143 144.84159228562046
0 165 158 300.78624371995556
0 171 163 352.1003975847949
0 177 174 345.4578194061525
0 203 184 328.9091373004959
0 191 185 401.2987205583714
0 194 187 418.1542455119781
0 197 188 337.5978602644164
0 185 193 499.8512487219538
0 204 196 431.7353707521902
0 220 206 328.94615357844674
0 215 210 441.2779035242729
0 224 214 385.08624276050284
0 221 217 276.6919207807437
0 226 220 492.93788238498416
0 252 224 370.4419113955955
0 239 229 336.4729179589832
0 222 230 327.2984607689259
0 248 232 329.0336973276089
0 234 233 311.8719595919376
0 242 234 245.41358099545909
0 255 235 356.3507493793891
0 259 236 323.68189638839937
0 235 238 293.2266426453572
0 254 241 220.77503580623105
0 240 243 282.4659463038762
0 251 244 193.19433162669216
0 258 246 178.9883389696989
0 269 248 262.25886118560993
0 266 249 131.3917438616834
0 277 250 306.8960354360938
0 257 251 153.99277839433043
0 264 254 263.4121442629622
0 273 255 270.2217950069447
0 244 256 384.4990902154068
0 265 257 179.81779441207615
0 275 260 333.0717948381981
0 270 262 266.99086454863857
0 271 263 192.72269540419094
0 276 264 179.8788521824866
0 280 267 324.1910207760156
0 284 268 328.7216044824847
0 289 270 295.2802323280083
0 294 271 451.25511024299874
0 287 272 408.1554624848847
0 283 273 279.1398205122616
0 288 276 287.8556982538346
0 291 278 314.4036017367029
0 286 279 400.6872281426074
0 292 280 191.82182078033443
0 296 285 397.5462727762149
0 301 287 334.455000064789
0 302 289 293.9970919598692
0 310 292 243.7227137434627
0 304 293 292.13763393677254
0 303 294 428.02642800191063
0 307 295 318.6974016912761
0 305 298 284.75506491557934
0 313 300 396.6725988281794
0 318 301 223.54943077708512
0 309 302 397.1965298486615
0 316 304 274.3090491390613
0 315 305 226.12957865392295
0 312 307 316.37837136538224
0 322 308 300.19933107782646
0 317 311 432.2033599211704
0 323 313 221.24483530777886
0 319 314 433.3854661843184
0 335 315 229.08341528839364
0 321 316 296.50106037042275
0 320 319 421.5605189547459
0 334 321 265.21909103915
0 324 322 232.66722559520102
0 336 325 209.86461048612796
0 333 327 333.4338173099549
0 338 328 289.9420339421542
0 331 330 264.2900767182769
0 345 334 293.64039657132827
0 346 336 379.32412803431936
0 351 343 180.69966716878923
0 356 345 229.35109390464626
0 357 348 159.37242063328088
0 359 350 472.22627107260087
0 364 354 279.80920783425677
0 367 358 242.0203309174648
0 368 362 366.4406938104929
0 372 364 399.2202729044834
0 363 366 413.1175252764059
0 380 371 393.1823798347868
0 382 373 415.9543990726991
0 385 375 323.5843823604518
0 387 376 284.759680571542

510.0 34.0
388.0 46.0
138.0 61.0
503.0 68.0
161.0 81.0
277.0 90.0
175.0 94.0
163.0 95.0
172.0 106.0
275.0 106.0
277.0 116.0
182.0 118.0
271.0 130.0
209.0 136.0
282.0 137.0
230.0 158.0
253.0 166.0
239.0 168.0
208.0 182.0
267.0 182.0
200.0 184.0
257.0 187.0
320.0 187.0
187.0 190.0
342.0 192.0
265.0 194.0
351.0 196.0
226.0 199.0
284.0 201.0
229.0 208.0
237.0 214.0
271.0 220.0
287.0 223.0
279.0 227.0
327.0 235.0
292.0 238.0
313.0 245.0
240.0 253.0
363.0 253.0
281.0 256.0
308.0 256.0
319.0 258.0
352.0 259.0
336.0 268.0
249.0 270.0
316.0 273.0
306.0 274.0
219.0 276.0
356.0 279.0
202.0 281.0
228.0 281.0
340.0 282.0
298.0 286.0
316.0 286.0
363.0 286.0
341.0 287.0
237.0 288.0
283.0 291.0
231.0 292.0
245.0 292.0
321.0 292.0
371.0 292.0
333.0 293.0
384.0 293.0
257.0 294.0
270.0 297.0
344.0 297.0
214.0 298.0
321.0 298.0
301.0 301.0
237.0 302.0
272.0 302.0
326.0 302.0
248.0 304.0
258.0 305.0
346.0 307.0
284.0 308.0
381.0 308.0
182.0 309.0
239.0 310.0
391.0 310.0
375.0 311.0
330.0 312.0
251.0 315.0
242.0 318.0
265.0 319.0
335.0 321.0
350.0 321.0
286.0 323.0
257.0 324.0
377.0 325.0
357.0 327.0
246.0 329.0
258.0 329.0
352.0 329.0
365.0 330.0
268.0 331.0
338.0 331.0
280.0 334.0
252.0 337.0
262.0 337.0
368.0 337.0
381.0 337.0
289.0 339.0
354.0 339.0
273.0 340.0
252.0 345.0
373.0 345.0
265.0 347.0
290.0 348.0
258.0 352.0
334.0 355.0
270.0 361.0
260.0 363.0
294.0 365.0
304.0 367.0
268.0 371.0
277.0 376.0
296.0 379.0
306.0 381.0
255.0 382.0
285.0 391.0
300.0 393.0
316.0 401.0
302.0 404.0

616.0 11.0
410.0 20.0
171.0 25.0
606.0 43.0
206.0 53.0
302.0 67.0
225.0 69.0
213.0 70.0
226.0 85.0
311.0 84.0
319.0 95.0
236.0 96.0
318.0 110.0
262.0 114.0
335.0 117.0
287.0 141.0
309.0 145.0
296.0 153.0
241.0 175.0
326.0 161.0
226.0 179.0
331.0 175.0
407.0 168.0
212.0 187.0
406.0 182.0
340.0 182.0
422.0 181.0
273.0 192.0
359.0 186.0
284.0 199.0
292.0 204.0
340.0 203.0
356.0 208.0
345.0 210.0
406.0 224.0
348.0 227.0
370.0 233.0
312.0 247.0
429.0 241.0
341.0 242.0
367.0 243.0
375.0 239.0
420.0 248.0
407.0 258.0
309.0 255.0
375.0 260.0
367.0 259.0
276.0 263.0
407.0 277.0
256.0 271.0
289.0 260.0
397.0 276.0
352.0 268.0
376.0 272.0
443.0 279.0
397.0 281.0
301.0 269.0
353.0 279.0
292.0 271.0
304.0 277.0
377.0 281.0
445.0 288.0
388.0 286.0
452.0 293.0
325.0 281.0
340.0 286.0
397.0 291.0
272.0 273.0
377.0 286.0
354.0 292.0
296.0 289.0
334.0 290.0
378.0 292.0
318.0 297.0
330.0 301.0
397.0 302.0
355.0 305.0
439.0 301.0
239.0 298.0
296.0 302.0
460.0 302.0
431.0 301.0
379.0 303.0
321.0 306.0
301.0 312.0
335.0 312.0
379.0 318.0
403.0 313.0
341.0 312.0
322.0 316.0
444.0 315.0
420.0 321.0
304.0 325.0
317.0 317.0
402.0 323.0
434.0 322.0
330.0 321.0
378.0 330.0
340.0 324.0
310.0 332.0
322.0 325.0
427.0 340.0
449.0 329.0
359.0 328.0
390.0 340.0
336.0 332.0
309.0 341.0
443.0 339.0
327.0 343.0
358.0 338.0
315.0 350.0
412.0 351.0
330.0 356.0
320.0 361.0
360.0 361.0
373.0 366.0
334.0 372.0
340.0 374.0
362.0 374.0
371.0 378.0
303.0 370.0
357.0 388.0
376.0 389.0
406.0 392.0
370.0 396.0
