0 0 0 101.17046760090203
0 1 1 102.28804129366947
0 2 2 101.01746525352817
0 3 3 113.30863227496451
0 4 4 118.22331467354627
0 5 5 104.85693153706146
0 6 6 121.12210310948497
0 10 7 162.56404686148457
0 7 8 129.11671894914488
0 11 9 131.39882377754734
0 12 10 143.7995030294189
0 13 11 107.27902161666516
0 14 12 136.22326134279314
0 17 13 129.89777485661452
0 9 15 251.56281593484553
0 19 16 108.81928862405856
0 20 17 128.88345818973656
0 21 18 133.47397895550498
0 26 19 130.59367007545723
0 25 20 148.70727734458686
0 27 21 134.37369823902
0 28 22 125.30644488973705
0 23 23 306.4929840645613
0 29 24 104.41452349545474
0 30 25 105.71023230622392
0 45 26 340.3829659762421
0 32 27 194.78590718827022
0 31 28 230.9851022240824
0 34 30 155.66015030841226
0 33 31 204.7790896351953
0 40 32 240.41359720070864
0 35 33 158.06107709648452
0 37 34 143.2332039951108
0 48 35 217.2144332775944
0 42 36 105.47222621423518
0 43 38 121.54010344358952
0 44 39 126.99795520558122
0 46 40 122.14334086748393
0 39 41 468.415115650795
0 41 42 233.52095359726835
0 51 43 114.0388073612506
0 52 44 277.9200674937679
0 53 45 115.92710222874017
0 54 46 184.99384776846395
0 49 48 196.98652191351445
0 59 49 118.97466532468206
0 60 50 127.89706526630447
0 56 51 433.46689799933324
0 63 52 223.33826165676732
0 62 54 246.93983706331278
0 64 55 126.31369406670576
0 65 56 187.64813156786568
0 58 57 244.2685069922179
0 70 58 122.52536743443714
0 71 60 196.03421703584004
0 72 61 111.71765024255676
0 66 62 449.7162303532299
0 67 63 213.50775153474615
0 73 67 345.69706245761137
0 79 73 382.81601052530823
0 78 74 164.68261532689817
0 76 76 178.32513854644296
0 80 77 265.55610550373257
0 82 78 144.00480118546432
0 287 79 494.36858170022947
0 84 81 347.0441484242605
0 81 82 303.00227009477254
0 83 84 172.847801110036
0 86 85 211.3201767423582
0 89 86 169.09435952543726
0 95 87 286.7137561359748
0 75 88 180.59958894396405
0 85 89 127.8588374910482
0 90 91 113.89631936396476
0 97 92 373.0227348170896
0 87 94 209.94439367026493
0 92 95 122.75624276638683
0 93 96 221.57962566111817
0 88 97 239.34891428053766
0 96 99 158.21098002316222
0 103 100 278.99399489662244
0 98 101 167.04323344222814
0 100 102 181.96953207414396
0 101 103 263.71000477916164
0 105 104 123.36334275721941
0 104 106 200.34313559540115
0 106 107 133.48531012159998
0 107 108 145.70701776478916
0 109 110 334.64529541387066
0 102 111 293.16833267091573
0 113 112 150.89890137624107
0 114 113 144.0393445482879
0 116 115 134.72085110169033
0 119 116 123.84747372713424
0 120 117 179.1649166355105
0 108 120 249.30324674031695
0 118 121 371.7704917923807
0 123 124 132.0855086183169
0 124 125 129.30031296947058
0 121 126 209.13777061533105
0 122 127 196.79988757788405
0 126 129 172.85702599075978
0 125 130 221.8529261114438
0 127 132 166.98733621850664
0 136 133 272.4175467310965
0 130 136 142.47960751309748
0 128 138 176.44417969920002
0 131 139 121.09305264531538
0 134 140 125.89529371375829
0 135 142 220.14430242401644
0 132 143 256.0534681962931
0 137 144 116.02681231208646
0 138 147 161.88270529853403
0 133 148 132.2898521104127
0 140 149 185.20161348632774
0 144 150 176.8740453094086
0 147 151 124.23435464797264
0 141 152 127.64045614004922
0 145 154 134.4905501504131
0 143 155 218.11325557566525
0 148 156 183.93069200990013
0 139 157 196.65449035060945
0 146 158 153.0718721442523
0 149 159 168.76087936392946
0 152 160 137.86003421928444
0 150 161 132.20799721607918
0 151 163 121.60932212573287
0 153 164 127.24314443439191
0 154 165 155.87190146220584
0 156 166 111.60961923229111
0 155 167 174.7313970270737
0 161 170 157.70926783120166
0 171 171 260.4977761629825
0 157 172 171.2892944701438
0 158 173 194.5338060895011
0 167 174 277.1112780624824
0 160 175 125.58586018881425
0 164 177 129.93810728844494
0 166 178 131.60455634413728
0 173 179 128.15200647313216
0 159 180 230.37768848893984
0 169 181 136.95571376012103
0 176 182 467.69956773820536
0 172 184 249.58204805638456
0 165 185 160.88960824934856
0 180 186 117.11868157490034
0 181 187 137.77355318896463
0 175 188 156.1099941118715
0 168 189 319.5974004685603
0 174 190 315.8381364039099
0 179 191 122.41644931344204
0 177 192 128.72475438686274
0 183 193 119.10198106276614
0 188 194 110.50090177243746
0 191 196 143.2724921979111
0 184 197 106.15428789593484
0 192 198 193.97915060263182
0 194 199 213.63810296085583
0 193 200 338.2840145772583
0 178 201 182.30946179032173
0 189 202 177.8039664706542
0 196 203 123.63092506310056
0 197 204 110.90837263146874
0 185 205 165.39449831063578
0 195 209 256.0559106457724
0 199 210 151.07342513362266
0 190 211 242.91834171309014
0 203 212 126.13932182022029
0 198 213 108.4571364516982
0 208 214 109.22967474950644
0 200 215 192.00558854156714
0 216 216 191.95760945887918
0 211 217 112.38831985744812
0 212 218 234.6518911213578
0 206 219 223.89934975004988
0 207 220 209.37663797639217
0 213 221 129.08901125569054
0 205 222 160.5520231332802
0 209 223 226.96374991722496
0 219 224 178.54966792551946
0 215 226 118.9743278448323
0 217 227 196.53665565855331
0 210 229 146.2763143795604
0 220 233 123.31358151112428
0 221 236 257.6065622879873
0 223 237 118.59002048526635
0 227 238 170.3793041115144
0 229 239 112.23686523802043
0 222 240 212.65366158665827
0 236 242 124.50282255700587
0 231 243 169.40765538663365
0 239 245 248.52890690833175
0 230 246 189.56984909860284
0 235 248 122.97278200329662
0 245 251 362.26256042939775
0 238 252 158.64355596035182
0 234 253 157.20389251953546
0 237 254 221.67008960234404
0 224 255 183.96937574907588
0 225 256 206.48677920709707
0 240 257 153.1497021118266
0 246 258 164.49347603565727
0 250 261 147.89067003210502
0 249 262 204.10974678101223
0 247 263 332.3027400015588
0 242 264 252.90098278435318
0 243 265 355.45706004968963
0 266 266 129.22400585563528
0 284 267 425.8745473300844
0 248 270 108.35887153990913
0 255 271 135.83789372604934
0 253 272 166.16729960369753
0 261 273 128.22228966430987
0 241 274 101.50892216664455
0 263 275 282.46363981963776
0 258 276 128.77117104117409
0 264 277 129.08100615567753
0 265 278 317.24943347018797
0 260 279 132.219479145339
0 259 280 347.5890091023143
0 256 281 324.7111444435036
0 269 282 146.24381302580892
0 272 283 148.54413218832076
0 276 285 198.31843452325225
0 274 286 175.4850435365079
0 273 287 305.9048614762213
0 271 288 167.204367409152
0 270 289 214.1635919687836
0 278 290 267.85081267415984
0 279 291 237.35632289608054
0 286 292 131.97275529638387
0 295 294 137.75410736290615
0 292 295 123.80737953915497
0 285 296 147.16237800183657
0 281 297 182.79518203559542
0 291 298 119.93078602298564
0 304 299 167.18618912573322
0 282 300 260.4545655302903
0 308 301 131.05173817266845
0 297 302 118.01103635525949
0 296 304 212.5276581988168
0 294 305 142.58678521294553
0 306 306 103.41070966619735
0 300 307 318.02915074874835
0 309 308 176.3178451603072
0 310 309 126.42908924300266
0 302 310 169.23881743969588
0 303 311 350.1715457400344
0 312 312 124.0958637636237
0 301 313 144.30333017556492
0 313 314 107.83152609499618
0 320 315 170.42187938060974
0 317 316 109.39417649943141
0 325 317 123.52498074111531
0 328 318 128.8593738131046
0 314 319 112.0683508610021
0 307 320 190.618967962178
0 311 321 190.23497237336645
0 337 322 195.48647272464575
0 330 324 155.48967309590626
0 341 325 184.07591066865095
0 324 326 160.64675356883126
0 349 327 108.4379500146073
0 327 328 169.93208172476258
0 329 329 232.89743191443614
0 323 330 121.26900229430161
0 342 331 107.56012201316464
0 331 332 228.45118098426101
0 332 333 248.7783630114028
0 333 334 159.06045091545093
0 339 335 126.61260513118202
0 318 336 401.6161148037093
0 335 337 129.42177130510112
0 345 339 138.7512760950268
0 350 341 160.10592029276572
0 322 343 459.2158573457477
0 326 344 135.16702221707317
0 319 345 343.52407509273667
0 351 347 116.25918958610472
0 352 348 111.10787636555233
0 344 349 125.44586094179715
0 336 351 174.65634461688114
0 338 353 143.78557687338574
0 343 354 124.45379049527105
0 347 355 119.9767129321103
0 354 356 159.0574198710094
0 363 357 109.3871866658495
0 348 358 191.24881233360557
0 355 359 264.71310270387454
0 357 360 139.8565890303229
0 361 361 111.88425273925162
0 362 362 111.68643682647912
0 366 364 134.88366483935167
0 371 365 185.08031590222873
0 359 366 130.9755181124779
0 360 367 123.10249814801988
0 365 368 119.13845056109108
0 375 369 126.5674544094841
0 356 370 105.20003927785433
0 364 372 133.14273356916257
0 370 374 119.73147438523779
0 346 375 285.11674732153114
0 373 376 135.70316743955354
0 388 377 114.2924955070759
0 377 378 138.8011645348024
0 393 379 109.50163268050046
0 367 380 114.96907243623022
0 372 381 194.26109828301662
0 385 382 134.22211974775814
0 381 383 107.18222846086269
0 379 384 145.47430890187778
0 384 385 111.28799419189883
0 387 386 115.88537545666794
0 386 387 118.46427314062488
0 390 389 168.9425092327096
0 389 390 168.46901523461645
0 380 391 116.44128046697509
0 395 393 262.6192793442194
0 414 394 236.67573133721547
0 368 395 175.78303223660257
0 396 396 106.1299387709556
0 382 397 123.89407115757017
0 400 398 172.54212145607755
0 398 400 166.51184847011456
0 406 401 114.34269845021532
0 402 403 127.36346447241253
0 409 404 199.09729166137592
0 410 405 114.55941488799823
0 397 406 116.85688896516571
0 401 407 141.4043972096738
0 411 408 121.55691412433742
0 403 409 200.9148531730953
0 392 410 251.365939117697
0 399 411 119.28936958900411
0 420 413 178.4459965038777
0 416 414 177.1314679287108
0 417 416 143.572031634903
0 421 417 140.40958867056418
0 418 419 447.970188751439
0 424 420 118.85660525195334
0 408 421 115.60450552027316
0 428 422 115.15193861424385
0 415 423 113.59150145828161
0 423 424 113.85765634866856
0 426 425 126.3899056920604
0 422 426 285.0495823067311
0 432 427 129.35840537381375
0 427 428 182.7482114553779
0 425 429 170.15521785713273
0 419 430 116.01613320585575
0 407 431 156.13679890459028
0 431 432 149.25384712695603
0 299 434 168.88807104059362
0 438 436 148.6794840550684
0 430 437 137.06142359211987
0 437 439 119.51084740911556
0 436 440 202.04765563246804
0 442 441 114.73565899663498
0 435 442 116.18559372587866
0 429 443 122.19384397714173
0 439 444 117.1870060373197
0 443 445 124.91860701128579
0 433 446 119.08187825981291
0 445 447 191.13867144554663
0 449 449 121.97531007808297
0 453 450 121.7634947480235
0 456 451 106.9930884260312
0 454 453 207.25600388589194
0 455 454 135.20338228943112
0 444 456 124.5705186505512
0 451 457 219.4638672836918
0 452 458 122.20859267512527
0 446 459 195.37865612611398
0 460 462 104.13458705367464
0 459 463 150.40667192071697
0 463 464 129.5054194815419
0 457 465 241.42223885053588
0 465 466 108.05362358510313
0 468 467 114.8248725937357
0 469 468 110.45101908960355
0 462 469 221.23196942114305
0 464 471 115.088650115389
0 470 472 150.83861033908624
0 473 474 166.03383555192204
0 461 475 165.70963841450995
0 471 477 136.27041836924658
0 467 478 219.17751811339667
0 480 479 103.76639903316716
0 475 480 107.24751707647174
0 482 482 109.50753638694661
0 478 483 155.2454798533714
0 484 484 122.63343972099845
0 477 485 214.47201503496328
0 483 486 125.81068558929402
0 486 487 137.44297586713628
0 492 488 173.34442040042387
0 485 489 106.34680757991897
0 495 490 108.47896691230432
0 476 491 124.28607727906113
0 489 492 328.5305862208875
0 494 493 148.8346081740082
0 488 494 104.21049192408589
0 491 495 235.4660795037606
0 498 496 111.47457765187079
0 496 497 164.19325601790337
0 499 498 109.08653733930717
0 500 499 202.35685957342056
0 503 500 126.70827586899634
0 479 501 102.01405388610047
0 514 502 184.84764616184674
0 466 503 160.36487437943885
0 506 504 124.01659880596105
0 504 505 105.4577468551342
0 511 506 103.08680704323845
0 516 507 111.33285081092366
0 507 508 118.53716689715068
0 513 509 135.29535005134497
0 520 510 209.2657494865403
0 502 511 105.64638895443032
0 524 512 194.5034724283255
0 515 513 106.41741998451172
0 518 514 109.18489065088832
0 522 515 140.9294300995414
0 521 517 114.04560582710685
0 529 518 104.53802073698076
0 523 519 183.0310365454065
0 527 520 173.63654324800376
0 525 521 109.7807593194662
0 526 524 114.13188569951393
0 532 525 103.76026387434736
0 530 526 127.4958606365151
0 537 527 106.99415968766806
0 533 528 115.24054238808135
0 535 529 111.93195862794015
0 534 530 162.61768354639815
0 540 531 145.06430190486853
0 531 532 154.80726803245696
0 539 533 106.09856864584503
0 536 534 426.1447094073783
0 545 536 131.14518516075023
0 542 537 126.46755350359686
0 549 538 196.44230551941092
0 544 539 106.15357593176293
0 551 541 105.98727865798598
0 548 542 126.0110326770484
0 552 543 132.73709350727995
0 555 544 105.55861476062532
0 554 545 118.26114857961217
0 558 546 184.16888124964942
0 553 547 122.17835144295603
0 556 548 106.15150054353147
0 561 549 101.69578277376723
0 541 550 132.3558517620923
0 543 551 140.2438491237359
0 559 552 112.38804882336044
0 563 553 170.62093239777954
0 560 554 127.63382398094333
0 547 555 137.55955583028305
0 550 556 142.68363914201436
0 564 557 107.02059320935426
0 562 558 131.0442350027088
0 568 559 104.5339367981886
0 567 560 183.9593704694681
0 574 563 107.28470180902559
0 569 564 107.4344901064143
0 570 565 103.68236685188185
0 575 566 111.5592277650101
0 571 567 133.68021589351807
0 577 568 122.91327600873197
0 576 570 112.05552892106816
0 579 571 202.75218315016542
0 578 572 120.91464985688552
0 581 573 131.37865625883165
0 580 574 106.20096924781855
0 583 575 106.76181711529556
0 587 576 108.71576626586142
0 586 577 109.61034569313392
0 584 578 110.46666214103982
0 582 579 126.9308128165711
0 585 580 121.95646856355708
0 589 581 113.30095728858099
0 588 582 103.02626309941773
0 590 583 101.30394620797709
0 592 584 131.0287400425453
0 594 585 102.07984162951816
0 593 586 197.8478646514912
0 595 587 152.88367503675101
0 600 589 199.43850764809548
0 597 590 149.1129948564367
0 598 591 102.23718428879009
0 599 593 178.955061812674
0 602 594 101.99872863446879
0 601 595 116.57928255016068

0 904.0 59.0
0 689.0 82.0
0 244.0 107.0
0 729.0 114.0
0 719.0 118.0
0 473.0 123.0
0 273.0 131.0
0 888.0 140.0
0 286.0 144.0
0 299.0 155.0
0 472.0 158.0
0 283.0 161.0
0 492.0 161.0
0 311.0 167.0
0 856.0 167.0
0 662.0 168.0
0 289.0 169.0
0 473.0 170.0
0 496.0 172.0
0 327.0 179.0
0 842.0 183.0
0 475.0 184.0
0 502.0 186.0
0 643.0 188.0
0 308.0 189.0
0 487.0 189.0
0 361.0 191.0
0 342.0 193.0
0 832.0 195.0
0 838.0 196.0
0 476.0 197.0
0 819.0 199.0
0 347.0 201.0
0 840.0 201.0
0 509.0 202.0
0 648.0 205.0
0 491.0 206.0
0 358.0 207.0
0 796.0 209.0
0 323.0 210.0
0 618.0 211.0
0 564.0 212.0
0 478.0 214.0
0 347.0 217.0
0 515.0 219.0
0 769.0 221.0
0 373.0 222.0
0 572.0 222.0
0 538.0 223.0
0 349.0 228.0
0 359.0 229.0
0 480.0 231.0
0 518.0 233.0
0 618.0 234.0
0 534.0 236.0
0 743.0 236.0
0 389.0 238.0
0 592.0 238.0
0 372.0 242.0
0 499.0 243.0
0 564.0 243.0
0 752.0 243.0
0 530.0 245.0
0 539.0 245.0
0 726.0 247.0
0 581.0 248.0
0 608.0 249.0
0 483.0 250.0
0 523.0 251.0
0 734.0 251.0
0 382.0 253.0
0 406.0 253.0
0 498.0 255.0
0 523.0 256.0
0 387.0 257.0
0 575.0 257.0
0 564.0 258.0
0 499.0 260.0
0 708.0 261.0
0 622.0 262.0
0 516.0 264.0
0 539.0 265.0
0 716.0 265.0
0 502.0 268.0
0 422.0 269.0
0 485.0 269.0
0 563.0 269.0
0 692.0 271.0
0 376.0 273.0
0 401.0 273.0
0 517.0 277.0
0 597.0 277.0
0 506.0 279.0
0 697.0 279.0
0 540.0 280.0
0 408.0 281.0
0 452.0 281.0
0 550.0 281.0
0 437.0 283.0
0 531.0 289.0
0 513.0 290.0
0 542.0 290.0
0 682.0 291.0
0 463.0 294.0
0 592.0 294.0
0 449.0 296.0
0 424.0 299.0
0 556.0 299.0
0 540.0 302.0
0 509.0 304.0
0 473.0 305.0
0 566.0 306.0
0 589.0 306.0
0 665.0 306.0
0 684.0 306.0
0 541.0 311.0
0 551.0 315.0
0 440.0 316.0
0 484.0 317.0
0 586.0 319.0
0 445.0 320.0
0 509.0 320.0
0 649.0 320.0
0 455.0 321.0
0 369.0 323.0
0 546.0 324.0
0 568.0 324.0
0 585.0 324.0
0 472.0 325.0
0 381.0 326.0
0 345.0 327.0
0 597.0 327.0
0 418.0 328.0
0 642.0 328.0
0 494.0 329.0
0 659.0 329.0
0 454.0 330.0
0 395.0 331.0
0 335.0 332.0
0 357.0 332.0
0 551.0 332.0
0 637.0 332.0
0 529.0 334.0
0 567.0 335.0
0 331.0 337.0
0 410.0 337.0
0 652.0 337.0
0 463.0 338.0
0 607.0 340.0
0 647.0 340.0
0 628.0 342.0
0 756.0 342.0
0 388.0 344.0
0 488.0 344.0
0 470.0 345.0
0 509.0 346.0
0 566.0 346.0
0 426.0 347.0
0 535.0 347.0
0 621.0 349.0
0 760.0 350.0
0 543.0 351.0
0 594.0 351.0
0 401.0 353.0
0 479.0 354.0
0 439.0 356.0
0 737.0 357.0
0 611.0 358.0
0 533.0 360.0
0 415.0 361.0
0 606.0 361.0
0 561.0 362.0
0 388.0 363.0
0 489.0 363.0
0 566.0 363.0
0 544.0 364.0
0 474.0 365.0
0 505.0 365.0
0 520.0 367.0
0 728.0 368.0
0 379.0 369.0
0 406.0 369.0
0 555.0 369.0
0 570.0 369.0
0 426.0 370.0
0 458.0 370.0
0 724.0 375.0
0 740.0 375.0
0 399.0 376.0
0 418.0 377.0
0 488.0 377.0
0 589.0 377.0
0 390.0 379.0
0 507.0 381.0
0 735.0 381.0
0 553.0 382.0
0 708.0 383.0
0 369.0 384.0
0 581.0 384.0
0 750.0 384.0
0 597.0 386.0
0 439.0 387.0
0 471.0 388.0
0 679.0 388.0
0 724.0 388.0
0 480.0 390.0
0 576.0 390.0
0 698.0 390.0
0 589.0 391.0
0 594.0 391.0
0 604.0 391.0
0 548.0 392.0
0 509.0 394.0
0 382.0 395.0
0 618.0 395.0
0 432.0 396.0
0 587.0 396.0
0 636.0 396.0
0 669.0 397.0
0 676.0 397.0
0 684.0 397.0
0 720.0 398.0
0 493.0 400.0
0 458.0 402.0
0 735.0 402.0
0 498.0 403.0
0 561.0 403.0
0 658.0 403.0
0 442.0 405.0
0 639.0 405.0
0 674.0 405.0
0 711.0 405.0
0 669.0 408.0
0 368.0 409.0
0 373.0 409.0
0 378.0 409.0
0 384.0 409.0
0 533.0 409.0
0 721.0 409.0
0 650.0 411.0
0 419.0 412.0
0 660.0 413.0
0 734.0 415.0
0 301.0 416.0
0 451.0 416.0
0 456.0 416.0
0 578.0 417.0
0 708.0 417.0
0 355.0 418.0
0 370.0 419.0
0 375.0 419.0
0 380.0 419.0
0 556.0 419.0
0 692.0 419.0
0 443.0 420.0
0 259.0 421.0
0 264.0 421.0
0 517.0 422.0
0 529.0 423.0
0 522.0 424.0
0 555.0 424.0
0 600.0 424.0
0 720.0 424.0
0 685.0 425.0
0 409.0 426.0
0 438.0 426.0
0 676.0 427.0
0 694.0 427.0
0 376.0 430.0
0 707.0 430.0
0 312.0 431.0
0 471.0 431.0
0 368.0 432.0
0 576.0 432.0
0 256.0 433.0
0 385.0 433.0
0 555.0 433.0
0 527.0 434.0
0 404.0 435.0
0 488.0 435.0
0 436.0 437.0
0 555.0 438.0
0 504.0 439.0
0 685.0 439.0
0 513.0 440.0
0 706.0 440.0
0 518.0 441.0
0 425.0 443.0
0 480.0 445.0
0 375.0 446.0
0 395.0 449.0
0 427.0 450.0
0 681.0 450.0
0 384.0 452.0
0 548.0 453.0
0 699.0 453.0
0 498.0 454.0
0 530.0 454.0
0 511.0 455.0
0 713.0 455.0
0 484.0 456.0
0 562.0 457.0
0 567.0 457.0
0 397.0 459.0
0 412.0 459.0
0 457.0 460.0
0 622.0 460.0
0 384.0 462.0
0 579.0 462.0
0 670.0 462.0
0 444.0 463.0
0 411.0 464.0
0 690.0 464.0
0 429.0 466.0
0 550.0 468.0
0 529.0 471.0
0 698.0 471.0
0 667.0 472.0
0 682.0 472.0
0 377.0 473.0
0 402.0 473.0
0 416.0 473.0
0 708.0 473.0
0 430.0 474.0
0 605.0 474.0
0 648.0 474.0
0 593.0 475.0
0 973.0 475.0
0 517.0 476.0
0 512.0 477.0
0 441.0 478.0
0 688.0 478.0
0 507.0 479.0
0 636.0 479.0
0 396.0 480.0
0 676.0 480.0
0 403.0 482.0
0 497.0 482.0
0 597.0 482.0
0 708.0 482.0
0 483.0 483.0
0 655.0 483.0
0 962.0 483.0
0 415.0 484.0
0 433.0 484.0
0 542.0 485.0
0 624.0 485.0
0 668.0 485.0
0 697.0 485.0
0 513.0 486.0
0 527.0 486.0
0 559.0 486.0
0 702.0 486.0
0 425.0 488.0
0 479.0 488.0
0 387.0 491.0
0 601.0 491.0
0 687.0 492.0
0 400.0 494.0
0 417.0 494.0
0 504.0 494.0
0 652.0 494.0
0 669.0 494.0
0 441.0 495.0
0 631.0 495.0
0 696.0 496.0
0 481.0 497.0
0 527.0 497.0
0 585.0 497.0
0 705.0 497.0
0 357.0 499.0
0 409.0 499.0
0 432.0 499.0
0 493.0 499.0
0 637.0 499.0
0 404.0 502.0
0 504.0 503.0
0 678.0 503.0
0 604.0 504.0
0 685.0 504.0
0 375.0 505.0
0 418.0 505.0
0 699.0 505.0
0 527.0 507.0
0 563.0 507.0
0 643.0 507.0
0 669.0 507.0
0 589.0 508.0
0 437.0 509.0
0 605.0 510.0
0 564.0 512.0
0 369.0 513.0
0 418.0 515.0
0 423.0 515.0
0 701.0 515.0
0 407.0 516.0
0 502.0 516.0
0 485.0 517.0
0 569.0 517.0
0 607.0 517.0
0 434.0 518.0
0 657.0 518.0
0 670.0 518.0
0 593.0 520.0
0 641.0 520.0
0 679.0 520.0
0 375.0 521.0
0 454.0 521.0
0 630.0 521.0
0 608.0 522.0
0 413.0 523.0
0 339.0 524.0
0 434.0 524.0
0 693.0 525.0
0 573.0 526.0
0 355.0 527.0
0 477.0 527.0
0 609.0 527.0
0 454.0 529.0
0 562.0 530.0
0 639.0 531.0
0 377.0 532.0
0 623.0 533.0
0 348.0 534.0
0 534.0 534.0
0 598.0 534.0
0 668.0 534.0
0 688.0 534.0
0 421.0 536.0
0 483.0 536.0
0 356.0 537.0
0 366.0 537.0
0 579.0 537.0
0 612.0 537.0
0 103.0 538.0
0 454.0 538.0
0 695.0 539.0
0 440.0 540.0
0 568.0 540.0
0 639.0 541.0
0 613.0 542.0
0 676.0 544.0
0 503.0 545.0
0 321.0 547.0
0 520.0 547.0
0 600.0 547.0
0 335.0 548.0
0 423.0 548.0
0 569.0 549.0
0 636.0 549.0
0 624.0 552.0
0 664.0 552.0
0 436.0 553.0
0 585.0 553.0
0 691.0 553.0
0 441.0 554.0
0 328.0 555.0
0 446.0 555.0
0 551.0 555.0
0 616.0 555.0
0 569.0 556.0
0 428.0 557.0
0 644.0 559.0
0 505.0 561.0
0 601.0 561.0
0 451.0 563.0
0 670.0 563.0
0 634.0 564.0
0 683.0 564.0
0 429.0 565.0
0 506.0 566.0
0 472.0 567.0
0 619.0 568.0
0 303.0 569.0
0 593.0 569.0
0 314.0 570.0
0 569.0 571.0
0 453.0 573.0
0 433.0 574.0
0 644.0 574.0
0 480.0 576.0
0 568.0 576.0
0 668.0 577.0
0 508.0 578.0
0 631.0 578.0
0 434.0 579.0
0 550.0 582.0
0 509.0 583.0
0 436.0 584.0
0 458.0 584.0
0 684.0 584.0
0 541.0 585.0
0 598.0 585.0
0 646.0 585.0
0 476.0 586.0
0 568.0 586.0
0 667.0 586.0
0 625.0 587.0
0 495.0 592.0
0 568.0 593.0
0 603.0 593.0
0 84.0 594.0
0 550.0 594.0
0 291.0 595.0
0 447.0 596.0
0 463.0 596.0
0 675.0 596.0
0 653.0 597.0
0 537.0 598.0
0 511.0 600.0
0 628.0 600.0
0 326.0 602.0
0 605.0 603.0
0 486.0 604.0
0 465.0 605.0
0 545.0 606.0
0 569.0 606.0
0 527.0 608.0
0 662.0 609.0
0 568.0 611.0
0 629.0 611.0
0 447.0 612.0
0 552.0 612.0
0 609.0 612.0
0 469.0 614.0
0 674.0 615.0
0 514.0 616.0
0 643.0 618.0
0 539.0 620.0
0 568.0 621.0
0 613.0 621.0
0 458.0 624.0
0 632.0 626.0
0 667.0 626.0
0 594.0 629.0
0 507.0 633.0
0 619.0 633.0
0 477.0 634.0
0 530.0 634.0
0 569.0 634.0
0 538.0 635.0
0 657.0 636.0
0 519.0 637.0
0 604.0 638.0
0 634.0 639.0
0 554.0 640.0
0 480.0 641.0
0 502.0 641.0
0 460.0 642.0
0 689.0 642.0
0 241.0 644.0
0 281.0 646.0
0 521.0 646.0
0 624.0 647.0
0 538.0 648.0
0 239.0 649.0
0 276.0 649.0
0 569.0 650.0
0 615.0 650.0
0 660.0 653.0
0 636.0 654.0
0 501.0 656.0
0 586.0 656.0
0 616.0 658.0
0 476.0 659.0
0 570.0 659.0
0 525.0 663.0
0 637.0 663.0
0 648.0 664.0
0 596.0 666.0
0 491.0 667.0
0 591.0 667.0
0 508.0 668.0
0 643.0 668.0
0 525.0 674.0
0 544.0 674.0
0 631.0 674.0
0 611.0 675.0
0 570.0 676.0
0 640.0 676.0
0 505.0 679.0
0 589.0 680.0
0 487.0 683.0
0 571.0 684.0
0 530.0 691.0
0 606.0 692.0
0 509.0 693.0
0 533.0 696.0
0 517.0 697.0
0 551.0 699.0
0 556.0 699.0
0 576.0 701.0
0 529.0 704.0
0 539.0 706.0
0 561.0 711.0
0 534.0 714.0
1 829.0 43.0
1 659.0 76.0
1 211.0 105.0
1 688.0 107.0
1 677.0 111.0
1 454.0 120.0
1 238.0 129.0
1 250.0 140.0
1 446.0 145.0
1 637.0 145.0
1 807.0 150.0
1 262.0 152.0
1 445.0 155.0
1 245.0 157.0
1 464.0 158.0
1 454.0 159.0
1 618.0 162.0
1 273.0 163.0
1 887.0 164.0
1 252.0 165.0
1 444.0 166.0
1 466.0 167.0
1 623.0 168.0
1 608.0 171.0
1 625.0 174.0
1 773.0 174.0
1 288.0 175.0
1 443.0 180.0
1 470.0 182.0
1 266.0 183.0
1 455.0 186.0
1 763.0 186.0
1 303.0 189.0
1 755.0 190.0
1 443.0 193.0
1 772.0 193.0
1 747.0 197.0
1 475.0 198.0
1 600.0 198.0
1 437.0 201.0
1 317.0 202.0
1 442.0 202.0
1 457.0 202.0
1 731.0 202.0
1 281.0 203.0
1 413.0 204.0
1 573.0 205.0
1 444.0 208.0
1 595.0 208.0
1 409.0 209.0
1 748.0 209.0
1 306.0 212.0
1 478.0 214.0
1 706.0 215.0
1 333.0 216.0
1 291.0 217.0
1 447.0 217.0
1 453.0 217.0
1 559.0 219.0
1 307.0 223.0
1 318.0 224.0
1 459.0 226.0
1 451.0 227.0
1 480.0 229.0
1 681.0 230.0
1 303.0 232.0
1 417.0 233.0
1 436.0 233.0
1 444.0 234.0
1 544.0 234.0
1 329.0 237.0
1 466.0 238.0
1 686.0 238.0
1 402.0 244.0
1 415.0 244.0
1 316.0 248.0
1 472.0 249.0
1 530.0 250.0
1 342.0 252.0
1 418.0 256.0
1 433.0 256.0
1 675.0 257.0
1 645.0 258.0
1 364.0 260.0
1 457.0 260.0
1 357.0 268.0
1 417.0 270.0
1 442.0 272.0
1 462.0 273.0
1 483.0 273.0
1 557.0 273.0
1 453.0 274.0
1 364.0 276.0
1 395.0 276.0
1 838.0 276.0
1 507.0 277.0
1 436.0 281.0
1 420.0 282.0
1 446.0 282.0
1 643.0 285.0
1 621.0 287.0
1 407.0 288.0
1 485.0 288.0
1 425.0 290.0
1 376.0 291.0
1 552.0 291.0
1 470.0 294.0
1 451.0 295.0
1 381.0 296.0
1 418.0 299.0
1 424.0 299.0
1 489.0 299.0
1 599.0 299.0
1 549.0 303.0
1 604.0 303.0
1 358.0 304.0
1 455.0 304.0
1 491.0 304.0
1 427.0 308.0
1 469.0 308.0
1 395.0 312.0
1 482.0 314.0
1 545.0 316.0
1 339.0 318.0
1 466.0 319.0
1 330.0 320.0
1 349.0 321.0
1 370.0 321.0
1 316.0 323.0
1 501.0 323.0
1 408.0 326.0
1 328.0 327.0
1 501.0 328.0
1 566.0 328.0
1 479.0 329.0
1 461.0 330.0
1 577.0 330.0
1 304.0 333.0
1 417.0 334.0
1 383.0 337.0
1 592.0 337.0
1 352.0 338.0
1 455.0 338.0
1 435.0 339.0
1 569.0 339.0
1 423.0 341.0
1 460.0 342.0
1 708.0 342.0
1 503.0 343.0
1 563.0 344.0
1 471.0 345.0
1 366.0 349.0
1 712.0 349.0
1 431.0 350.0
1 397.0 352.0
1 553.0 355.0
1 690.0 356.0
1 348.0 358.0
1 424.0 359.0
1 343.0 360.0
1 475.0 360.0
1 549.0 360.0
1 568.0 360.0
1 792.0 360.0
1 441.0 361.0
1 408.0 362.0
1 452.0 362.0
1 530.0 362.0
1 373.0 364.0
1 364.0 365.0
1 337.0 366.0
1 521.0 366.0
1 394.0 367.0
1 682.0 367.0
1 444.0 368.0
1 359.0 372.0
1 517.0 373.0
1 349.0 374.0
1 385.0 374.0
1 533.0 375.0
1 678.0 375.0
1 693.0 375.0
1 552.0 376.0
1 448.0 377.0
1 327.0 378.0
1 425.0 379.0
1 703.0 379.0
1 394.0 381.0
1 686.0 381.0
1 405.0 382.0
1 501.0 382.0
1 663.0 383.0
1 524.0 384.0
1 579.0 384.0
1 704.0 384.0
1 545.0 386.0
1 643.0 387.0
1 674.0 388.0
1 339.0 389.0
1 575.0 389.0
1 366.0 390.0
1 794.0 390.0
1 406.0 391.0
1 456.0 391.0
1 703.0 391.0
1 439.0 392.0
1 640.0 393.0
1 645.0 393.0
1 591.0 395.0
1 388.0 396.0
1 568.0 396.0
1 608.0 396.0
1 634.0 397.0
1 668.0 397.0
1 414.0 401.0
1 507.0 401.0
1 523.0 401.0
1 625.0 403.0
1 678.0 403.0
1 688.0 403.0
1 325.0 404.0
1 339.0 405.0
1 351.0 405.0
1 485.0 406.0
1 218.0 408.0
1 223.0 408.0
1 512.0 409.0
1 668.0 409.0
1 385.0 410.0
1 615.0 410.0
1 542.0 411.0
1 283.0 412.0
1 345.0 412.0
1 401.0 412.0
1 651.0 412.0
1 316.0 413.0
1 685.0 414.0
1 369.0 415.0
1 509.0 415.0
1 422.0 416.0
1 469.0 419.0
1 204.0 420.0
1 337.0 421.0
1 363.0 421.0
1 540.0 421.0
1 391.0 422.0
1 474.0 422.0
1 642.0 422.0
1 248.0 423.0
1 672.0 423.0
1 562.0 424.0
1 572.0 424.0
1 663.0 424.0
1 322.0 425.0
1 406.0 426.0
1 414.0 427.0
1 523.0 429.0
1 324.0 430.0
1 507.0 430.0
1 364.0 431.0
1 432.0 431.0
1 536.0 431.0
1 351.0 432.0
1 374.0 432.0
1 480.0 432.0
1 391.0 434.0
1 614.0 434.0
1 546.0 435.0
1 667.0 435.0
1 451.0 436.0
1 324.0 437.0
1 412.0 437.0
1 628.0 437.0
1 346.0 438.0
1 466.0 438.0
1 532.0 439.0
1 651.0 440.0
1 672.0 442.0
1 317.0 443.0
1 352.0 443.0
1 377.0 446.0
1 477.0 446.0
1 446.0 447.0
1 670.0 447.0
1 636.0 448.0
1 451.0 449.0
1 622.0 449.0
1 551.0 450.0
1 592.0 450.0
1 343.0 452.0
1 356.0 452.0
1 462.0 452.0
1 644.0 452.0
1 654.0 452.0
1 417.0 453.0
1 486.0 453.0
1 330.0 454.0
1 522.0 454.0
1 368.0 455.0
1 96.0 456.0
1 351.0 456.0
1 380.0 456.0
1 385.0 456.0
1 339.0 457.0
1 666.0 457.0
1 530.0 458.0
1 575.0 458.0
1 324.0 461.0
1 511.0 461.0
1 532.0 463.0
1 612.0 463.0
1 349.0 464.0
1 631.0 465.0
1 501.0 466.0
1 296.0 467.0
1 330.0 467.0
1 424.0 467.0
1 641.0 467.0
1 339.0 469.0
1 472.0 469.0
1 482.0 470.0
1 664.0 471.0
1 334.0 472.0
1 385.0 472.0
1 536.0 472.0
1 609.0 472.0
1 372.0 473.0
1 454.0 474.0
1 623.0 474.0
1 449.0 475.0
1 562.0 475.0
1 441.0 476.0
1 567.0 476.0
1 307.0 477.0
1 321.0 477.0
1 429.0 478.0
1 517.0 479.0
1 651.0 479.0
1 367.0 480.0
1 618.0 480.0
1 352.0 481.0
1 599.0 481.0
1 631.0 482.0
1 415.0 483.0
1 448.0 483.0
1 665.0 483.0
1 346.0 484.0
1 301.0 485.0
1 312.0 485.0
1 983.0 485.0
1 596.0 486.0
1 609.0 486.0
1 644.0 487.0
1 659.0 488.0
1 535.0 489.0
1 360.0 490.0
1 274.0 491.0
1 433.0 493.0
1 651.0 493.0
1 419.0 494.0
1 478.0 494.0
1 594.0 494.0
1 610.0 495.0
1 628.0 495.0
1 377.0 496.0
1 517.0 496.0
1 570.0 496.0
1 287.0 497.0
1 352.0 497.0
1 316.0 499.0
1 576.0 499.0
1 642.0 500.0
1 360.0 501.0
1 432.0 501.0
1 548.0 501.0
1 662.0 501.0
1 419.0 502.0
1 534.0 502.0
1 635.0 502.0
1 496.0 505.0
1 280.0 506.0
1 476.0 506.0
1 420.0 507.0
1 442.0 507.0
1 581.0 507.0
1 656.0 507.0
1 518.0 508.0
1 608.0 509.0
1 617.0 509.0
1 497.0 511.0
1 532.0 511.0
1 634.0 511.0
1 358.0 512.0
1 626.0 512.0
1 658.0 512.0
1 368.0 513.0
1 436.0 513.0
1 286.0 514.0
1 377.0 514.0
1 252.0 516.0
1 498.0 516.0
1 392.0 518.0
1 518.0 518.0
1 532.0 518.0
1 647.0 518.0
1 582.0 519.0
1 596.0 519.0
1 276.0 521.0
1 290.0 521.0
1 576.0 521.0
1 622.0 521.0
1 564.0 522.0
1 368.0 523.0
1 634.0 524.0
1 656.0 524.0
1 257.0 526.0
1 499.0 527.0
1 411.0 528.0
1 582.0 528.0
1 268.0 529.0
1 653.0 529.0
1 531.0 530.0
1 626.0 530.0
1 465.0 532.0
1 574.0 532.0
1 416.0 533.0
1 519.0 534.0
1 375.0 535.0
1 553.0 535.0
1 230.0 538.0
1 388.0 538.0
1 500.0 538.0
1 642.0 539.0
1 241.0 540.0
1 473.0 540.0
1 438.0 542.0
1 532.0 542.0
1 578.0 543.0
1 654.0 543.0
1 457.0 544.0
1 589.0 544.0
1 510.0 545.0
1 625.0 546.0
1 519.0 547.0
1 234.0 548.0
1 377.0 548.0
1 532.0 550.0
1 550.0 550.0
1 651.0 550.0
1 576.0 551.0
1 639.0 552.0
1 395.0 553.0
1 486.0 554.0
1 560.0 554.0
1 503.0 555.0
1 651.0 555.0
1 609.0 556.0
1 396.0 558.0
1 427.0 559.0
1 442.0 560.0
1 588.0 560.0
1 217.0 561.0
1 382.0 561.0
1 516.0 561.0
1 414.0 564.0
1 621.0 565.0
1 212.0 566.0
1 384.0 566.0
1 575.0 566.0
1 643.0 566.0
1 533.0 567.0
1 399.0 569.0
1 559.0 570.0
1 506.0 571.0
1 635.0 572.0
1 420.0 574.0
1 478.0 575.0
1 391.0 576.0
1 446.0 576.0
1 16.0 577.0
1 589.0 577.0
1 535.0 578.0
1 620.0 579.0
1 487.0 581.0
1 573.0 581.0
1 405.0 582.0
1 447.0 582.0
1 635.0 582.0
1 417.0 583.0
1 535.0 583.0
1 460.0 584.0
1 506.0 585.0
1 394.0 586.0
1 571.0 586.0
1 593.0 586.0
1 644.0 586.0
1 535.0 588.0
1 588.0 590.0
1 619.0 590.0
1 431.0 591.0
1 506.0 591.0
1 600.0 592.0
1 231.0 593.0
1 513.0 593.0
1 413.0 594.0
1 450.0 595.0
1 403.0 596.0
1 475.0 596.0
1 587.0 596.0
1 440.0 597.0
1 538.0 597.0
1 637.0 597.0
1 231.0 600.0
1 451.0 600.0
1 496.0 600.0
1 429.0 601.0
1 601.0 601.0
1 570.0 602.0
1 414.0 603.0
1 550.0 604.0
1 538.0 606.0
1 466.0 607.0
1 485.0 607.0
1 508.0 607.0
1 516.0 607.0
1 404.0 610.0
1 417.0 611.0
1 538.0 611.0
1 553.0 613.0
1 616.0 613.0
1 455.0 616.0
1 539.0 617.0
1 635.0 617.0
1 480.0 619.0
1 521.0 621.0
1 509.0 622.0
1 570.0 622.0
1 592.0 622.0
1 602.0 626.0
1 629.0 627.0
1 416.0 628.0
1 144.0 630.0
1 428.0 633.0
1 180.0 634.0
1 510.0 634.0
1 526.0 634.0
1 567.0 634.0
1 140.0 635.0
1 462.0 636.0
1 480.0 636.0
1 175.0 637.0
1 612.0 638.0
1 550.0 639.0
1 448.0 640.0
1 496.0 641.0
1 541.0 641.0
1 419.0 642.0
1 624.0 645.0
1 438.0 646.0
1 465.0 646.0
1 481.0 648.0
1 657.0 649.0
1 565.0 651.0
1 585.0 651.0
1 513.0 652.0
1 533.0 657.0
1 538.0 657.0
1 543.0 657.0
1 619.0 657.0
1 433.0 658.0
1 514.0 661.0
1 594.0 661.0
1 498.0 662.0
1 539.0 662.0
1 564.0 662.0
1 471.0 663.0
1 443.0 665.0
1 607.0 665.0
1 455.0 667.0
1 545.0 667.0
1 472.0 673.0
1 601.0 673.0
1 612.0 673.0
1 490.0 675.0
1 517.0 676.0
1 454.0 677.0
1 562.0 679.0
1 585.0 679.0
1 440.0 681.0
1 538.0 682.0
1 518.0 686.0
1 498.0 687.0
1 479.0 691.0
1 466.0 694.0
1 557.0 694.0
1 482.0 697.0
1 488.0 697.0
1 505.0 701.0
1 527.0 704.0
1 487.0 707.0
1 497.0 709.0
1 483.0 713.0
1 509.0 713.0
