0 1 1 309.59639590663363
0 5 2 427.05335578238504
0 3 6 304.3807255478039
0 6 7 147.59950015466208
0 9 10 261.0491232669853
0 13 14 175.37587938994608
0 11 16 327.93677705844283
0 33 18 467.4103987793494
0 14 19 278.76552510577153
0 24 21 456.58018982654625
0 20 23 316.4713213464863
0 21 24 213.12081738155285
0 35 26 280.5517686766152
0 23 27 221.1654174613234
0 27 28 303.0615195945166
0 31 29 193.93641228614183
0 36 31 269.90321125506193
0 34 32 374.71328727555766
0 41 33 236.94368751347417
0 42 34 264.49127743369985
0 43 35 211.54985287721183
0 49 36 487.2049650300557
0 54 38 276.87882024768925
0 51 39 241.67931324027472
0 63 46 391.5064930155366
0 66 49 216.3663698228448
0 73 50 315.96075636004787
0 74 51 434.21905988008723
0 85 53 207.81602133502454
0 75 54 177.47607245652728
0 78 55 262.3132535281945
0 94 58 131.02668319324246
0 80 59 203.32164908373733
0 97 60 135.1895897378748
0 87 62 280.8122209404854
0 88 63 261.0991546173586
0 79 64 225.42882925783178
0 82 65 223.75131582404362
0 99 66 339.0355727135753
0 84 67 247.6509991822323
0 93 70 168.1024476892198
0 108 71 468.66287889025233
0 92 72 194.43616324685783
0 96 73 302.53191628248834
0 111 74 306.0853497710319
0 117 75 190.40903310523208
0 102 77 124.77447621722155
0 109 78 233.76125615553863
0 113 79 268.32969116892883
0 103 80 200.31800686089593
0 134 83 245.69739994956362
0 135 85 227.14272562346
0 128 86 201.07327184919353
0 115 90 198.473769728674
0 123 91 263.3188340071339
0 125 92 230.9725254029336
0 133 93 330.5970997015167
0 140 94 287.99328750996904
0 138 96 210.96587161376124
0 143 99 479.2738852729876
0 142 101 394.19576124595926
0 153 103 244.59881252209664
0 154 105 172.2075903595784
0 156 106 267.2211177302759
0 157 107 129.46083962264007
0 169 111 233.28166357704885
0 150 114 172.78754306115601
0 178 116 180.83863768183738
0 155 117 189.78330344711813
0 166 118 280.2821997951829
0 152 119 335.53640134092836
0 176 120 198.61775565654355
0 173 121 121.26003578848798
0 174 122 125.17828367912422
0 180 123 320.07783875358786
0 177 127 161.4530801852457
0 172 128 257.9143259517319
0 175 129 339.3768690444319
0 203 131 266.12449475740544
0 184 132 274.6598187861165
0 185 133 220.37155581930975
0 183 138 474.49041617070344
0 197 139 145.31880597066638
0 182 140 401.06687626964083
0 181 141 478.39981499564647
0 193 142 128.0522478806813
0 199 143 490.2737638313275
0 206 144 243.21340835639026
0 219 148 207.50252278608593
0 211 153 279.45345624107875
0 209 155 250.68315772141102
0 223 156 186.9985672953224
0 194 158 365.78568836406816
0 201 159 437.25547469605795
0 232 161 282.70983756736854
0 210 163 395.8034568717916
0 216 164 198.4241936969877
0 213 165 371.24826833621864
0 226 166 181.9451406187812
0 204 167 407.8416310343624
0 225 168 240.48629294514296
0 247 169 306.0738466394019
0 246 172 194.08509093550887
0 245 174 285.8342557475764
0 241 177 151.4551951342858
0 230 178 433.9756639710487
0 264 179 214.24121984011353
0 253 180 325.78174865087857
0 244 182 367.91821649790535
0 260 184 110.63313359354238
0 274 186 244.438854539628
0 271 187 229.57343090865342
0 243 188 291.0400727894393
0 263 189 181.94133251088277
0 280 190 151.70448560073777
0 268 193 153.29954823039392
0 278 194 282.9712117562846
0 283 195 240.1365713542243
0 293 196 325.2805161767148
0 284 197 221.19410980207422
0 286 198 119.94021725220978
0 292 202 147.9635279053222
0 282 204 244.07103558427545
0 276 205 264.18965351084114
0 289 209 111.30168957199456
0 296 210 170.99200790566687
0 285 211 159.1108947973484
0 287 212 349.4003135336471
0 298 213 479.2661155334413
0 294 214 119.11595050457669
0 266 216 383.4305819490328
0 295 217 202.27610435248516
0 308 218 222.14041590712515
0 297 221 209.84420172300923
0 299 222 121.52538360731543
0 312 224 190.55618132010108
0 302 225 190.9005869858611
0 303 226 140.62111876208743
0 316 228 265.12692647938667
0 307 229 124.03948451932933
0 311 230 150.061027192386
0 323 234 152.03078599638417
0 319 236 176.66609663617425
0 326 237 135.81509826411968
0 329 238 302.84800175601566
0 301 239 379.16827457604023
0 322 241 111.87448667062361
0 320 242 192.15836293307518
0 314 243 119.9212877023114
0 330 245 115.57187883136477
0 332 246 472.3458269077682
0 313 247 389.62030681304236
0 333 249 118.6647980814702
0 328 253 137.28256679500106
0 342 254 160.184355239776
0 341 256 127.30790314130883
0 325 258 244.30229781285493
0 338 259 115.72473085051789
0 310 261 189.72936913337304
0 339 262 233.29178437481053
0 334 266 232.54121291890698
0 355 267 109.3952749830696
0 352 268 290.36942833681485
0 348 270 184.8895079833616
0 343 271 167.8486318366648
0 351 272 191.21962517013736
0 362 275 221.9016943312763
0 354 276 153.6638656062528
0 365 277 198.7316495118658
0 358 278 179.10547059444593
0 369 280 121.3529292246742
0 370 281 302.57575635976673
0 372 282 175.21748379987594
0 368 283 202.56732089180875
0 373 284 130.4347853128762
0 374 285 179.51596903295777
0 366 286 298.2975460599921
0 371 287 149.53429894923582
0 375 289 172.5805474385692
0 376 290 114.41806610519767

0 624.0 12.0
0 448.0 42.0
0 615.0 45.0
0 614.0 50.0
0 488.0 54.0
0 612.0 56.0
0 216.0 62.0
0 317.0 71.0
0 597.0 78.0
0 592.0 80.0
0 242.0 82.0
0 301.0 82.0
0 526.0 85.0
0 518.0 87.0
0 341.0 90.0
0 513.0 90.0
0 245.0 92.0
0 558.0 94.0
0 577.0 94.0
0 259.0 95.0
0 499.0 95.0
0 329.0 101.0
0 489.0 101.0
0 268.0 102.0
0 353.0 104.0
0 544.0 104.0
0 440.0 105.0
0 258.0 107.0
0 277.0 109.0
0 359.0 112.0
0 528.0 114.0
0 266.0 115.0
0 286.0 117.0
0 271.0 121.0
0 367.0 121.0
0 296.0 124.0
0 370.0 126.0
0 424.0 126.0
0 435.0 130.0
0 408.0 132.0
0 472.0 132.0
0 306.0 133.0
0 447.0 135.0
0 495.0 136.0
0 316.0 142.0
0 484.0 145.0
0 408.0 148.0
0 325.0 151.0
0 432.0 154.0
0 334.0 159.0
0 426.0 162.0
0 424.0 168.0
0 345.0 169.0
0 395.0 170.0
0 350.0 172.0
0 414.0 172.0
0 520.0 176.0
0 396.0 178.0
0 443.0 178.0
0 359.0 180.0
0 386.0 182.0
0 279.0 188.0
0 290.0 188.0
0 335.0 188.0
0 274.0 189.0
0 268.0 191.0
0 410.0 191.0
0 260.0 192.0
0 377.0 193.0
0 547.0 193.0
0 306.0 195.0
0 512.0 195.0
0 258.0 197.0
0 319.0 197.0
0 389.0 197.0
0 500.0 198.0
0 396.0 199.0
0 307.0 200.0
0 371.0 201.0
0 402.0 201.0
0 328.0 203.0
0 520.0 204.0
0 509.0 206.0
0 501.0 208.0
0 463.0 210.0
0 577.0 210.0
0 368.0 211.0
0 345.0 213.0
0 301.0 214.0
0 519.0 214.0
0 310.0 215.0
0 330.0 216.0
0 399.0 216.0
0 388.0 217.0
0 451.0 217.0
0 364.0 218.0
0 424.0 218.0
0 325.0 220.0
0 507.0 220.0
0 356.0 222.0
0 340.0 224.0
0 452.0 224.0
0 463.0 224.0
0 365.0 225.0
0 458.0 225.0
0 447.0 226.0
0 385.0 228.0
0 412.0 228.0
0 501.0 229.0
0 311.0 230.0
0 325.0 230.0
0 478.0 230.0
0 512.0 230.0
0 364.0 231.0
0 399.0 231.0
0 83.0 233.0
0 569.0 234.0
0 305.0 235.0
0 418.0 237.0
0 280.0 238.0
0 382.0 239.0
0 397.0 239.0
0 410.0 239.0
0 495.0 239.0
0 323.0 240.0
0 274.0 241.0
0 334.0 241.0
0 436.0 241.0
0 312.0 242.0
0 361.0 244.0
0 431.0 245.0
0 486.0 245.0
0 379.0 248.0
0 452.0 248.0
0 276.0 251.0
0 368.0 251.0
0 496.0 251.0
0 321.0 252.0
0 326.0 252.0
0 423.0 252.0
0 311.0 253.0
0 337.0 253.0
0 413.0 253.0
0 378.0 254.0
0 448.0 254.0
0 359.0 257.0
0 396.0 257.0
0 457.0 258.0
0 491.0 258.0
0 411.0 260.0
0 250.0 261.0
0 335.0 261.0
0 385.0 261.0
0 465.0 261.0
0 245.0 262.0
0 395.0 262.0
0 480.0 262.0
0 239.0 264.0
0 312.0 264.0
0 326.0 265.0
0 357.0 266.0
0 469.0 266.0
0 500.0 267.0
0 339.0 269.0
0 416.0 270.0
0 380.0 271.0
0 416.0 275.0
0 322.0 276.0
0 391.0 276.0
0 479.0 277.0
0 353.0 278.0
0 372.0 278.0
0 455.0 278.0
0 337.0 279.0
0 391.0 281.0
0 447.0 281.0
0 370.0 283.0
0 408.0 283.0
0 322.0 285.0
0 462.0 285.0
0 490.0 285.0
0 344.0 288.0
0 373.0 289.0
0 328.0 291.0
0 433.0 292.0
0 447.0 293.0
0 475.0 293.0
0 408.0 296.0
0 328.0 297.0
0 399.0 297.0
0 460.0 297.0
0 502.0 299.0
0 346.0 300.0
0 377.0 301.0
0 486.0 301.0
0 446.0 302.0
0 473.0 305.0
0 445.0 307.0
0 409.0 308.0
0 509.0 308.0
0 210.0 309.0
0 345.0 309.0
0 458.0 309.0
0 356.0 310.0
0 424.0 310.0
0 331.0 313.0
0 471.0 313.0
0 208.0 314.0
0 337.0 314.0
0 380.0 314.0
0 444.0 314.0
0 368.0 315.0
0 353.0 316.0
0 480.0 316.0
0 408.0 317.0
0 444.0 319.0
0 206.0 320.0
0 368.0 320.0
0 456.0 320.0
0 468.0 320.0
0 516.0 321.0
0 425.0 322.0
0 390.0 323.0
0 349.0 324.0
0 443.0 324.0
0 368.0 325.0
0 409.0 325.0
0 204.0 326.0
0 479.0 327.0
0 382.0 328.0
0 402.0 329.0
0 442.0 329.0
0 336.0 330.0
0 409.0 330.0
0 458.0 331.0
0 359.0 332.0
0 409.0 335.0
0 442.0 335.0
0 476.0 335.0
0 339.0 336.0
0 351.0 336.0
0 386.0 337.0
0 428.0 337.0
0 373.0 339.0
0 363.0 340.0
0 409.0 341.0
0 463.0 341.0
0 340.0 342.0
0 440.0 343.0
0 424.0 344.0
0 475.0 344.0
0 507.0 345.0
0 360.0 348.0
0 374.0 348.0
0 461.0 348.0
0 389.0 349.0
0 423.0 349.0
0 523.0 349.0
0 348.0 350.0
0 439.0 350.0
0 507.0 350.0
0 195.0 351.0
0 471.0 351.0
0 357.0 354.0
0 410.0 354.0
0 378.0 356.0
0 350.0 361.0
0 457.0 362.0
0 470.0 362.0
0 399.0 363.0
0 409.0 363.0
0 378.0 364.0
0 437.0 364.0
0 322.0 365.0
0 390.0 367.0
0 411.0 371.0
0 362.0 375.0
0 459.0 377.0
0 382.0 379.0
0 409.0 379.0
0 434.0 380.0
0 410.0 384.0
0 447.0 384.0
0 383.0 391.0
0 410.0 391.0
0 434.0 391.0
0 359.0 392.0
0 388.0 392.0
0 421.0 393.0
0 426.0 399.0
0 407.0 401.0
1 510.0 34.0
1 388.0 46.0
1 384.0 60.0
1 138.0 61.0
1 411.0 65.0
1 503.0 68.0
1 267.0 70.0
1 458.0 73.0
1 501.0 73.0
1 161.0 81.0
1 327.0 82.0
1 167.0 88.0
1 159.0 90.0
1 277.0 90.0
1 175.0 94.0
1 374.0 94.0
1 163.0 95.0
1 280.0 97.0
1 490.0 97.0
1 513.0 99.0
1 184.0 101.0
1 283.0 104.0
1 482.0 105.0
1 172.0 106.0
1 275.0 106.0
1 363.0 106.0
1 477.0 107.0
1 204.0 108.0
1 193.0 109.0
1 472.0 111.0
1 363.0 112.0
1 287.0 114.0
1 277.0 116.0
1 463.0 116.0
1 201.0 117.0
1 365.0 117.0
1 182.0 118.0
1 449.0 118.0
1 458.0 118.0
1 318.0 119.0
1 348.0 119.0
1 195.0 121.0
1 290.0 123.0
1 210.0 125.0
1 304.0 126.0
1 434.0 126.0
1 324.0 127.0
1 271.0 130.0
1 209.0 136.0
1 282.0 137.0
1 302.0 137.0
1 318.0 137.0
1 294.0 138.0
1 328.0 140.0
1 343.0 141.0
1 295.0 143.0
1 216.0 144.0
1 325.0 145.0
1 318.0 152.0
1 211.0 153.0
1 474.0 155.0
1 285.0 157.0
1 230.0 158.0
1 305.0 158.0
1 216.0 159.0
1 433.0 159.0
1 247.0 160.0
1 300.0 163.0
1 253.0 166.0
1 334.0 166.0
1 239.0 168.0
1 545.0 169.0
1 288.0 171.0
1 320.0 172.0
1 305.0 175.0
1 262.0 176.0
1 249.0 179.0
1 331.0 180.0
1 287.0 181.0
1 208.0 182.0
1 267.0 182.0
1 456.0 182.0
1 200.0 184.0
1 189.0 185.0
1 195.0 185.0
1 279.0 185.0
1 372.0 185.0
1 222.0 187.0
1 257.0 187.0
1 320.0 187.0
1 305.0 188.0
1 328.0 188.0
1 187.0 190.0
1 231.0 190.0
1 342.0 192.0
1 365.0 192.0
1 243.0 194.0
1 265.0 194.0
1 427.0 194.0
1 287.0 195.0
1 351.0 196.0
1 307.0 198.0
1 226.0 199.0
1 248.0 199.0
1 554.0 199.0
1 356.0 200.0
1 284.0 201.0
1 449.0 203.0
1 481.0 203.0
1 274.0 204.0
1 307.0 205.0
1 285.0 206.0
1 320.0 206.0
1 295.0 207.0
1 215.0 208.0
1 229.0 208.0
1 259.0 209.0
1 409.0 211.0
1 418.0 212.0
1 213.0 213.0
1 276.0 213.0
1 528.0 213.0
1 220.0 214.0
1 237.0 214.0
1 208.0 216.0
1 313.0 216.0
1 424.0 217.0
1 445.0 217.0
1 248.0 218.0
1 337.0 218.0
1 450.0 218.0
1 332.0 219.0
1 383.0 219.0
1 271.0 220.0
1 408.0 221.0
1 556.0 221.0
1 216.0 222.0
1 287.0 223.0
1 331.0 224.0
1 359.0 224.0
1 376.0 224.0
1 388.0 224.0
1 381.0 225.0
1 279.0 227.0
1 317.0 227.0
1 415.0 227.0
1 401.0 228.0
1 495.0 228.0
1 505.0 229.0
1 208.0 230.0
1 301.0 230.0
1 551.0 230.0
1 217.0 231.0
1 237.0 232.0
1 367.0 232.0
1 209.0 235.0
1 256.0 235.0
1 314.0 235.0
1 327.0 235.0
1 414.0 235.0
1 396.0 236.0
1 390.0 237.0
1 147.0 238.0
1 292.0 238.0
1 249.0 239.0
1 313.0 240.0
1 340.0 240.0
1 406.0 240.0
1 530.0 240.0
1 382.0 241.0
1 176.0 243.0
1 208.0 243.0
1 217.0 244.0
1 298.0 245.0
1 313.0 245.0
1 228.0 246.0
1 247.0 246.0
1 351.0 246.0
1 543.0 247.0
1 399.0 248.0
1 386.0 249.0
1 267.0 250.0
1 212.0 253.0
1 222.0 253.0
1 240.0 253.0
1 363.0 253.0
1 384.0 254.0
1 281.0 256.0
1 308.0 256.0
1 394.0 256.0
1 300.0 257.0
1 403.0 257.0
1 272.0 258.0
1 319.0 258.0
1 217.0 259.0
1 258.0 259.0
1 352.0 259.0
1 328.0 260.0
1 230.0 261.0
1 242.0 263.0
1 96.0 264.0
1 234.0 266.0
1 299.0 266.0
1 376.0 266.0
1 213.0 267.0
1 400.0 267.0
1 336.0 268.0
1 389.0 268.0
1 550.0 268.0
1 291.0 269.0
1 249.0 270.0
1 359.0 270.0
1 87.0 271.0
1 273.0 272.0
1 316.0 273.0
1 243.0 274.0
1 298.0 274.0
1 306.0 274.0
1 311.0 274.0
1 377.0 274.0
1 219.0 276.0
1 339.0 277.0
1 388.0 277.0
1 368.0 278.0
1 356.0 279.0
1 270.0 280.0
1 283.0 280.0
1 398.0 280.0
1 76.0 281.0
1 202.0 281.0
1 228.0 281.0
1 278.0 281.0
1 340.0 282.0
1 298.0 286.0
1 316.0 286.0
1 363.0 286.0
1 341.0 287.0
1 378.0 287.0
1 237.0 288.0
1 584.0 289.0
1 591.0 290.0
1 283.0 291.0
1 395.0 291.0
1 231.0 292.0
1 245.0 292.0
1 272.0 292.0
1 321.0 292.0
1 342.0 292.0
1 371.0 292.0
1 333.0 293.0
1 384.0 293.0
1 257.0 294.0
1 192.0 295.0
1 392.0 296.0
1 270.0 297.0
1 344.0 297.0
1 214.0 298.0
1 321.0 298.0
1 61.0 299.0
1 362.0 299.0
1 301.0 301.0
1 377.0 301.0
1 237.0 302.0
1 272.0 302.0
1 326.0 302.0
1 201.0 303.0
1 59.0 304.0
1 248.0 304.0
1 258.0 305.0
1 392.0 305.0
1 346.0 307.0
1 284.0 308.0
1 381.0 308.0
1 182.0 309.0
1 339.0 309.0
1 57.0 310.0
1 239.0 310.0
1 359.0 310.0
1 391.0 310.0
1 375.0 311.0
1 330.0 312.0
1 348.0 312.0
1 311.0 313.0
1 316.0 313.0
1 321.0 314.0
1 251.0 315.0
1 285.0 317.0
1 242.0 318.0
1 377.0 318.0
1 265.0 319.0
1 358.0 319.0
1 385.0 319.0
1 335.0 321.0
1 350.0 321.0
1 286.0 323.0
1 257.0 324.0
1 321.0 324.0
1 310.0 325.0
1 377.0 325.0
1 272.0 326.0
1 357.0 327.0
1 246.0 329.0
1 258.0 329.0
1 288.0 329.0
1 352.0 329.0
1 365.0 330.0
1 386.0 330.0
1 268.0 331.0
1 338.0 331.0
1 377.0 331.0
1 47.0 334.0
1 280.0 334.0
1 320.0 335.0
1 252.0 337.0
1 262.0 337.0
1 368.0 337.0
1 381.0 337.0
1 190.0 338.0
1 303.0 338.0
1 289.0 339.0
1 308.0 339.0
1 354.0 339.0
1 273.0 340.0
1 342.0 341.0
1 184.0 344.0
1 252.0 345.0
1 321.0 345.0
1 373.0 345.0
1 265.0 347.0
1 380.0 347.0
1 290.0 348.0
1 356.0 348.0
1 364.0 348.0
1 304.0 350.0
1 258.0 352.0
1 357.0 353.0
1 334.0 355.0
1 349.0 357.0
1 321.0 358.0
1 374.0 358.0
1 167.0 360.0
1 306.0 360.0
1 340.0 360.0
1 270.0 361.0
1 162.0 363.0
1 260.0 363.0
1 389.0 363.0
1 135.0 365.0
1 294.0 365.0
1 157.0 366.0
1 304.0 367.0
1 321.0 367.0
1 372.0 368.0
1 359.0 370.0
1 268.0 371.0
1 348.0 371.0
1 322.0 372.0
1 367.0 375.0
1 277.0 376.0
1 334.0 376.0
1 287.0 377.0
1 322.0 377.0
1 296.0 379.0
1 363.0 380.0
1 306.0 381.0
1 356.0 381.0
1 255.0 382.0
1 345.0 382.0
1 275.0 385.0
1 322.0 385.0
1 311.0 387.0
1 285.0 391.0
1 343.0 391.0
1 300.0 393.0
1 325.0 396.0
1 316.0 401.0
1 302.0 404.0
