0 0 0 116.87762352124054
0 1 1 109.50758642107745
0 2 2 107.96962190847059
0 4 3 141.84591776559833
0 5 4 115.93058682427181
0 8 5 119.58460903100578
0 7 6 119.9594958691478
0 6 7 168.66642940872504
0 9 8 128.1592114593653
0 12 9 144.36032258097825
0 21 10 235.0037147393911
0 14 11 140.83720035334346
0 18 12 127.43167526175681
0 17 13 131.75475726950674
0 37 15 198.85232030302632
0 15 16 157.42796217536238
0 25 18 128.71635001128564
0 26 19 117.20505758776136
0 20 20 223.50233250995868
0 38 21 155.2032283187989
0 40 22 123.65404230451256
0 44 23 216.05912811985516
0 31 24 103.26116305766048
0 43 25 106.7458337243649
0 42 27 212.6534594306355
0 34 28 295.07260421480385
0 35 29 281.8675970176887
0 50 30 125.17494945539862
0 39 31 258.2466147224689
0 54 32 297.6808622608976
0 36 33 230.69581662441928
0 53 34 129.7637482484208
0 56 36 106.5251581411869
0 47 38 171.83200030480148
0 55 39 160.91485395608828
0 57 40 205.75365765433426
0 62 42 121.48238900945012
0 61 43 227.0458049574841
0 65 44 132.38501108809814
0 58 45 136.70295491158342
0 64 46 162.72752535037566
0 70 49 149.25712685375774
0 76 50 180.56469949069722
0 74 51 122.95460426708618
0 75 52 139.436872445536
0 73 53 382.4901252498254
0 69 55 195.93993666282506
0 77 56 122.57994846696303
0 78 57 306.15352077490496
0 83 58 109.27327854954795
0 85 59 121.95344559661194
0 87 60 215.04240518315126
0 72 61 115.39736813198643
0 79 63 452.0360118014987
0 80 64 206.61146959059326
0 81 66 267.2468701998488
0 88 67 148.97399555063907
0 82 69 139.28084291677575
0 91 70 116.46388083448625
0 93 71 124.62131822357372
0 102 72 226.85187413716403
0 95 74 117.44337526948907
0 96 75 265.84320824269713
0 94 76 357.6782361447571
0 97 77 141.29494301660188
0 90 78 231.0641879015071
0 92 82 227.752129540518
0 103 83 127.42772631213096
0 104 84 170.975366391814
0 98 87 225.6307867409023
0 106 88 105.29861032352437
0 105 89 109.03832709270205
0 110 90 134.19491486447305
0 108 91 253.74001186635576
0 114 92 187.23394947393373
0 101 93 230.61739496971342
0 99 94 218.65225563934274
0 113 95 115.33911407886296
0 118 96 194.38822317061104
0 100 97 250.97765135394096
0 117 102 196.079855844535
0 124 103 187.17360231303743
0 119 104 400.07859820483225
0 122 106 165.0655634495612
0 125 108 254.6332926353311
0 136 109 125.63928845808647
0 133 110 146.36234879887496
0 129 111 316.5923724242291
0 128 112 232.68831359939375
0 123 113 171.3679566986113
0 111 114 442.38399105803614
0 121 115 204.11266455512478
0 130 116 238.7377245074417
0 135 117 119.33978074256173
0 146 118 142.98461825081364
0 141 120 117.8018845952409
0 147 121 212.15869802474413
0 132 122 181.77050666589815
0 142 123 113.69771841022045
0 151 124 220.33038757792295
0 134 126 217.16120999575895
0 145 127 212.55411258153507
0 143 128 143.0315982631139
0 148 129 205.6755774031197
0 156 130 150.07898792406138
0 168 132 244.26525289616285
0 167 134 282.33921685323133
0 149 136 111.1986177799376
0 154 137 244.683981879005
0 162 139 112.57223129689163
0 140 140 194.86988998710137
0 144 141 194.08796489640946
0 139 142 162.71076504497546
0 172 144 160.45329168889046
0 166 145 226.08321498940583
0 161 147 116.46493185184978
0 174 148 267.6212878133627
0 170 149 274.07016314944826
0 160 151 186.5824304047709
0 176 153 345.8444674358551
0 173 154 111.04585220587691
0 175 155 238.28121593579033
0 165 156 315.2408248617093
0 181 157 184.11198851336835
0 152 158 174.3871348709181
0 164 159 155.6412188154517
0 171 160 166.155335659762
0 163 161 122.39514966311309
0 187 163 117.284558722267
0 183 164 109.00500187281916
0 190 165 245.5001989349845
0 182 166 129.50233057967853
0 180 167 242.64083313375053
0 179 168 125.01710887443875
0 198 169 111.30630467759768
0 186 170 189.42257286894446
0 203 172 148.20587250589875
0 191 173 228.8573118881092
0 199 174 281.0794908433801
0 184 175 145.15681527434606
0 189 176 231.3222605617238
0 201 177 160.94185217061977
0 185 178 114.87087240966163
0 197 179 149.30154349840953
0 211 180 159.71285755247317
0 210 181 116.49942382933544
0 195 182 224.66851877096906
0 212 184 112.35011694922702
0 200 185 232.60011471112665
0 205 186 137.0780198956253
0 208 187 149.40872239331577
0 224 189 109.12857173242776
0 207 191 150.72659489225168
0 223 192 149.62503701114082
0 214 193 126.07366193020447
0 225 194 242.55073285101872
0 202 195 206.06127004425772
0 215 196 147.55319634524488
0 228 197 132.45131488033508
0 213 199 235.48673591752495
0 235 200 347.70041322699427
0 216 202 253.84795146795898
0 232 203 137.72238817413594
0 222 204 132.5086735315654
0 217 205 285.02430371304064
0 221 206 219.68018135657212
0 226 207 196.0941567101395
0 248 209 302.17090347972953
0 233 211 230.28137009680424
0 239 212 109.95511212596524
0 244 213 127.34427491739466
0 229 215 359.10075496446063
0 249 218 220.23659015085033
0 243 219 245.65687329257165
0 236 221 170.9373731511655
0 242 224 213.67641348178032
0 251 225 151.9973023702649
0 247 226 119.81183136064482
0 245 228 293.5804578060301
0 264 230 319.11621714155285
0 253 231 392.8053649540273
0 261 232 478.35671174125787
0 256 234 210.19502268804112
0 257 236 201.26492845122112
0 260 237 109.47390950003621
0 255 238 246.458948190448
0 270 239 132.03664113246109
0 269 240 342.5861089522926
0 273 241 238.8903226743468
0 262 242 264.28302004638954
0 267 243 212.30300108706294
0 279 245 339.2548520938056
0 276 246 123.19415713136439
0 268 247 219.67786581190202
0 272 248 369.3825301287714
0 278 252 136.5958397140879
0 266 254 389.7693427835171
0 329 256 410.78821192329445
0 282 257 130.76097276743147
0 281 259 329.90923925702253
0 299 261 111.20625382459215
0 275 262 233.87454256731615
0 284 263 236.9531747743381
0 277 264 331.0289853313843
0 300 266 144.20243123698856
0 283 267 168.3229463450302
0 290 268 384.77015972331395
0 271 269 318.56614610371486
0 288 270 181.51854095464086
0 298 271 145.1626931230784
0 289 272 357.5425166325883
0 304 273 171.47537652654253
0 280 274 294.09495882644705
0 291 275 198.68095638478027
0 301 276 129.23891759929148
0 302 277 132.46016179875062
0 307 278 257.3956337198514
0 306 279 135.45375981274245
0 315 280 262.0633540975164
0 318 281 137.29768860512598
0 313 282 200.92078425520842
0 311 283 175.9099661248971
0 303 285 391.64129602023615
0 317 286 170.45243938307922
0 312 288 232.3862667953083
0 327 289 190.58443018976635
0 330 290 408.2481017601929
0 343 293 327.88707477661916
0 342 294 111.9801611380247
0 335 296 172.02981182783296
0 337 297 132.70778938895563
0 336 298 204.6656506913339
0 340 300 183.995604429349
0 350 301 202.89426263602778
0 331 303 269.8087610088341
0 328 304 427.21000091923963
0 344 305 257.77392640393333
0 349 306 109.88157804078634
0 356 308 141.45336167254285
0 326 309 258.5822517019285
0 351 312 285.2307071376123
0 363 317 149.00887327223606
0 361 318 232.16219344713798
0 375 319 367.0074262428916
0 368 320 444.6926678340682
0 348 324 309.4741838085494
0 367 326 157.75123372908698
0 383 327 124.40840401800529
0 369 328 226.07588813180874
0 372 330 317.1009067982558
0 378 332 299.8877289995047
0 360 333 222.03685788209447
0 370 335 190.2655427266923
0 374 338 171.45606501286645
0 377 340 227.48381891832344
0 385 341 179.75487138322578
0 395 345 171.06261787996834
0 379 347 142.4887072974647
0 387 350 166.5853890300113
0 401 351 137.61853522347693
0 394 354 187.66853400624822
0 384 355 217.1291143201712
0 392 356 143.8646590300558
0 403 358 322.060113914557
0 412 359 198.28608897455135
0 409 360 207.00602162979638
0 396 361 171.5733504212477
0 397 362 127.3611536857435
0 389 363 343.30430177649555
0 399 364 132.67083908460907
0 411 366 129.64029511892838
0 402 368 112.9094631475512
0 423 369 341.21892724770015
0 408 370 331.2816527181451
0 413 373 123.30300516797348
0 405 374 123.25514883178002
0 416 376 146.13813373109014
0 393 377 344.5421413849093
0 407 378 155.50702544018432
0 406 379 165.97027056357246
0 404 380 362.2901747789512
0 425 381 308.0190309504928
0 434 383 241.19141880243825
0 421 384 180.25741979604325
0 414 385 109.60815442288067
0 419 386 115.44282698276369
0 417 387 119.0732491553481
0 426 388 148.4316233762155
0 418 389 175.4544323190914
0 415 391 271.0769162162241
0 439 394 383.40972710546407
0 432 396 109.61671949353115
0 431 397 110.74122596490228
0 429 398 206.35999287583186
0 427 399 183.02788169200372
0 440 400 286.29980820019875
0 433 401 126.66701597733929
0 428 403 120.51855715492228
0 435 404 138.041783575288
0 430 406 375.4503774428325
0 443 407 130.84181041182313
0 436 411 211.1521696968507
0 447 412 165.53825436499525
0 448 414 239.63326313113242
0 441 415 182.43024799625076
0 438 417 187.7253567625407
0 453 418 140.8796446355247
0 445 419 117.2138274904631
0 444 420 174.7588074096697
0 479 422 442.67519129320794
0 454 424 111.55050479327883
0 446 425 119.82857813012686
0 456 426 134.83576119501345
0 473 428 218.87235419579957
0 458 429 177.09244693601923
0 460 430 248.13316106070715
0 451 432 167.85534911101942
0 466 435 121.36289272980744
0 471 436 423.62032270681243
0 468 437 121.56844388453459
0 461 438 128.24601882150634
0 455 440 388.96171603702794
0 474 442 111.64373908082126
0 467 443 135.42559429251875
0 475 444 104.41571920231824
0 464 445 137.3028011145796
0 465 446 191.55254668440932
0 488 447 237.48481943452106
0 476 448 160.37152720822738
0 480 451 306.8931162493853
0 484 452 184.17660439447164
0 477 453 224.98467054358034
0 485 454 165.24425341131374
0 486 455 233.45994398258028
0 478 456 201.54381996002934
0 489 457 192.61503023111212
0 482 458 111.90911205395102
0 470 459 226.0396720991657
0 483 460 139.42511088961166
0 502 461 217.3302622243622
0 494 462 354.35399713428313
0 487 463 186.7262776261349
0 481 464 136.02677528993593
0 495 465 241.07942183642476
0 493 468 338.0563491190337
0 491 470 168.74227622021763
0 500 471 104.94041766586668
0 499 472 287.02100767592106
0 492 474 170.5756908826398
0 490 475 169.25286872201454
0 501 476 157.49734801049155
0 504 477 153.50480902955687
0 506 478 287.90647904793883
0 512 479 298.00324234437096
0 507 480 195.22015248316325
0 509 483 139.08221180728694
0 505 484 283.8394694197235
0 511 486 123.65285752937594
0 517 488 320.16084741059865
0 519 489 113.03195818390157
0 513 491 117.69290915139152
0 503 492 182.9853018133384
0 522 494 104.59481207184524
0 514 495 159.86722148590843
0 521 496 334.3617160465151
0 515 497 275.1554566493461
0 523 498 155.0620064434426
0 525 499 131.84990413361456
0 516 500 179.80372634861777
0 535 501 105.50241095404908
0 537 502 290.67308656036744
0 531 504 126.24480310707058
0 536 505 110.281876110027
0 530 506 343.71905912702994
0 529 507 202.50580354462068
0 533 508 142.7821193505961
0 540 509 189.5827876367895
0 534 510 278.15686024517845
0 527 511 105.6607471504809
0 539 512 281.7391327711946
0 542 513 110.68088085462458
0 543 514 109.77091888663611
0 541 515 130.60108107064573
0 545 519 146.97212155998162
0 544 520 368.0498173814592
0 546 521 110.66077556394582
0 547 522 118.96467673146259
0 538 523 252.47492062574813
0 552 524 107.08204886419621
0 557 525 143.17605931169192
0 550 526 115.49304403789378
0 551 527 113.1757411053762
0 553 528 111.2386007097511
0 554 529 115.54823858182944
0 555 530 168.0791229021562
0 556 531 107.43704940433305
0 549 532 277.85249960107967
0 568 533 232.76298326797408
0 560 534 107.48501062439486
0 562 535 152.3723996350448
0 563 536 119.77310153654123
0 571 537 107.07623293085646
0 565 538 122.13210188992572
0 564 539 105.8621123513378
0 566 540 129.4469552850898
0 575 541 215.80028241342308
0 570 542 107.12934471042502
0 573 543 107.61840213137756
0 558 544 166.61748417293316
0 572 545 226.34824518284265
0 582 546 107.88691626418856
0 581 547 116.32162706464418
0 584 548 105.0905924115384
0 579 549 211.7700711787951
0 577 550 242.50608461715694
0 586 552 105.09585229715765
0 583 553 132.34606872077975
0 588 554 189.9473550196823
0 574 556 208.23948486059973
0 591 557 109.16521148543525
0 590 558 116.15768051531057
0 593 559 158.2263038011548
0 580 560 189.6898553697073
0 597 561 126.77451240197242
0 592 562 146.6921336623816
0 596 563 109.92334162656279
0 598 564 132.33288426286714
0 595 565 112.51400203537938
0 600 566 105.84692474384958
0 605 570 113.51109721267775
0 603 571 156.91017842656385
0 604 572 116.37633306135042
0 602 573 212.12035313911196
0 610 574 108.395458394079
0 608 575 113.74283480891354
0 606 576 120.259083056547
0 609 577 110.24091900724918
0 607 578 113.26281969145005
0 611 579 134.6821767930272
0 612 580 110.01794350736256
0 615 581 154.8020258255948
0 617 582 104.55467244060443
0 613 583 108.32353331230209
0 618 584 130.71422088058193
0 619 585 103.28065925417759
0 616 586 160.4965926601664
0 620 587 146.3345698824707
0 622 588 124.87614332175792
0 624 589 135.8101069362316
0 623 590 135.25167839069263
0 625 591 104.91235113324765
0 621 592 313.0373712588112
0 626 593 143.67133641738465
0 628 594 105.9802487752765
0 629 595 108.68389110658237

0 904.0 59.0
0 689.0 82.0
0 244.0 107.0
0 729.0 114.0
0 719.0 118.0
0 473.0 123.0
0 273.0 131.0
0 888.0 140.0
0 286.0 144.0
0 299.0 155.0
0 472.0 158.0
0 283.0 161.0
0 492.0 161.0
0 311.0 167.0
0 856.0 167.0
0 662.0 168.0
0 289.0 169.0
0 473.0 170.0
0 496.0 172.0
0 327.0 179.0
0 842.0 183.0
0 475.0 184.0
0 502.0 186.0
0 643.0 188.0
0 308.0 189.0
0 487.0 189.0
0 361.0 191.0
0 342.0 193.0
0 832.0 195.0
0 838.0 196.0
0 476.0 197.0
0 819.0 199.0
0 347.0 201.0
0 840.0 201.0
0 509.0 202.0
0 648.0 205.0
0 491.0 206.0
0 358.0 207.0
0 796.0 209.0
0 323.0 210.0
0 618.0 211.0
0 564.0 212.0
0 478.0 214.0
0 347.0 217.0
0 515.0 219.0
0 769.0 221.0
0 373.0 222.0
0 572.0 222.0
0 538.0 223.0
0 349.0 228.0
0 359.0 229.0
0 480.0 231.0
0 518.0 233.0
0 618.0 234.0
0 534.0 236.0
0 743.0 236.0
0 389.0 238.0
0 592.0 238.0
0 372.0 242.0
0 499.0 243.0
0 564.0 243.0
0 752.0 243.0
0 530.0 245.0
0 539.0 245.0
0 726.0 247.0
0 581.0 248.0
0 608.0 249.0
0 483.0 250.0
0 523.0 251.0
0 734.0 251.0
0 382.0 253.0
0 406.0 253.0
0 498.0 255.0
0 523.0 256.0
0 387.0 257.0
0 575.0 257.0
0 564.0 258.0
0 499.0 260.0
0 708.0 261.0
0 622.0 262.0
0 516.0 264.0
0 539.0 265.0
0 716.0 265.0
0 502.0 268.0
0 422.0 269.0
0 485.0 269.0
0 563.0 269.0
0 692.0 271.0
0 376.0 273.0
0 401.0 273.0
0 517.0 277.0
0 597.0 277.0
0 506.0 279.0
0 697.0 279.0
0 540.0 280.0
0 408.0 281.0
0 452.0 281.0
0 550.0 281.0
0 437.0 283.0
0 531.0 289.0
0 513.0 290.0
0 542.0 290.0
0 682.0 291.0
0 463.0 294.0
0 592.0 294.0
0 449.0 296.0
0 424.0 299.0
0 556.0 299.0
0 540.0 302.0
0 509.0 304.0
0 473.0 305.0
0 566.0 306.0
0 589.0 306.0
0 665.0 306.0
0 684.0 306.0
0 541.0 311.0
0 551.0 315.0
0 440.0 316.0
0 484.0 317.0
0 586.0 319.0
0 445.0 320.0
0 509.0 320.0
0 649.0 320.0
0 455.0 321.0
0 369.0 323.0
0 546.0 324.0
0 568.0 324.0
0 585.0 324.0
0 472.0 325.0
0 381.0 326.0
0 345.0 327.0
0 597.0 327.0
0 418.0 328.0
0 642.0 328.0
0 494.0 329.0
0 659.0 329.0
0 454.0 330.0
0 395.0 331.0
0 335.0 332.0
0 357.0 332.0
0 551.0 332.0
0 637.0 332.0
0 529.0 334.0
0 567.0 335.0
0 331.0 337.0
0 410.0 337.0
0 652.0 337.0
0 463.0 338.0
0 607.0 340.0
0 647.0 340.0
0 628.0 342.0
0 756.0 342.0
0 388.0 344.0
0 488.0 344.0
0 470.0 345.0
0 509.0 346.0
0 566.0 346.0
0 426.0 347.0
0 535.0 347.0
0 621.0 349.0
0 760.0 350.0
0 543.0 351.0
0 594.0 351.0
0 401.0 353.0
0 479.0 354.0
0 439.0 356.0
0 737.0 357.0
0 611.0 358.0
0 533.0 360.0
0 415.0 361.0
0 606.0 361.0
0 561.0 362.0
0 388.0 363.0
0 489.0 363.0
0 566.0 363.0
0 544.0 364.0
0 474.0 365.0
0 505.0 365.0
0 520.0 367.0
0 728.0 368.0
0 379.0 369.0
0 406.0 369.0
0 555.0 369.0
0 570.0 369.0
0 426.0 370.0
0 458.0 370.0
0 724.0 375.0
0 740.0 375.0
0 399.0 376.0
0 418.0 377.0
0 488.0 377.0
0 589.0 377.0
0 390.0 379.0
0 507.0 381.0
0 735.0 381.0
0 553.0 382.0
0 708.0 383.0
0 369.0 384.0
0 581.0 384.0
0 750.0 384.0
0 597.0 386.0
0 439.0 387.0
0 471.0 388.0
0 679.0 388.0
0 724.0 388.0
0 480.0 390.0
0 576.0 390.0
0 698.0 390.0
0 589.0 391.0
0 594.0 391.0
0 604.0 391.0
0 548.0 392.0
0 509.0 394.0
0 382.0 395.0
0 618.0 395.0
0 432.0 396.0
0 587.0 396.0
0 636.0 396.0
0 669.0 397.0
0 676.0 397.0
0 684.0 397.0
0 720.0 398.0
0 493.0 400.0
0 458.0 402.0
0 735.0 402.0
0 498.0 403.0
0 561.0 403.0
0 658.0 403.0
0 442.0 405.0
0 639.0 405.0
0 674.0 405.0
0 711.0 405.0
0 669.0 408.0
0 368.0 409.0
0 373.0 409.0
0 378.0 409.0
0 384.0 409.0
0 533.0 409.0
0 721.0 409.0
0 650.0 411.0
0 419.0 412.0
0 660.0 413.0
0 734.0 415.0
0 301.0 416.0
0 451.0 416.0
0 456.0 416.0
0 578.0 417.0
0 708.0 417.0
0 355.0 418.0
0 370.0 419.0
0 375.0 419.0
0 380.0 419.0
0 556.0 419.0
0 692.0 419.0
0 443.0 420.0
0 259.0 421.0
0 264.0 421.0
0 517.0 422.0
0 529.0 423.0
0 522.0 424.0
0 555.0 424.0
0 600.0 424.0
0 720.0 424.0
0 685.0 425.0
0 409.0 426.0
0 438.0 426.0
0 676.0 427.0
0 694.0 427.0
0 376.0 430.0
0 707.0 430.0
0 312.0 431.0
0 471.0 431.0
0 368.0 432.0
0 576.0 432.0
0 256.0 433.0
0 385.0 433.0
0 555.0 433.0
0 527.0 434.0
0 404.0 435.0
0 488.0 435.0
0 436.0 437.0
0 555.0 438.0
0 504.0 439.0
0 685.0 439.0
0 513.0 440.0
0 706.0 440.0
0 518.0 441.0
0 425.0 443.0
0 480.0 445.0
0 375.0 446.0
0 395.0 449.0
0 427.0 450.0
0 681.0 450.0
0 384.0 452.0
0 548.0 453.0
0 699.0 453.0
0 498.0 454.0
0 530.0 454.0
0 511.0 455.0
0 713.0 455.0
0 484.0 456.0
0 562.0 457.0
0 567.0 457.0
0 397.0 459.0
0 412.0 459.0
0 457.0 460.0
0 622.0 460.0
0 384.0 462.0
0 579.0 462.0
0 670.0 462.0
0 444.0 463.0
0 411.0 464.0
0 690.0 464.0
0 429.0 466.0
0 550.0 468.0
0 529.0 471.0
0 698.0 471.0
0 667.0 472.0
0 682.0 472.0
0 377.0 473.0
0 402.0 473.0
0 416.0 473.0
0 708.0 473.0
0 430.0 474.0
0 605.0 474.0
0 648.0 474.0
0 593.0 475.0
0 973.0 475.0
0 517.0 476.0
0 512.0 477.0
0 441.0 478.0
0 688.0 478.0
0 507.0 479.0
0 636.0 479.0
0 396.0 480.0
0 676.0 480.0
0 403.0 482.0
0 497.0 482.0
0 597.0 482.0
0 708.0 482.0
0 483.0 483.0
0 655.0 483.0
0 962.0 483.0
0 415.0 484.0
0 433.0 484.0
0 542.0 485.0
0 624.0 485.0
0 668.0 485.0
0 697.0 485.0
0 513.0 486.0
0 527.0 486.0
0 559.0 486.0
0 702.0 486.0
0 425.0 488.0
0 479.0 488.0
0 387.0 491.0
0 601.0 491.0
0 687.0 492.0
0 400.0 494.0
0 417.0 494.0
0 504.0 494.0
0 652.0 494.0
0 669.0 494.0
0 441.0 495.0
0 631.0 495.0
0 696.0 496.0
0 481.0 497.0
0 527.0 497.0
0 585.0 497.0
0 705.0 497.0
0 357.0 499.0
0 409.0 499.0
0 432.0 499.0
0 493.0 499.0
0 637.0 499.0
0 404.0 502.0
0 504.0 503.0
0 678.0 503.0
0 604.0 504.0
0 685.0 504.0
0 375.0 505.0
0 418.0 505.0
0 699.0 505.0
0 527.0 507.0
0 563.0 507.0
0 643.0 507.0
0 669.0 507.0
0 589.0 508.0
0 437.0 509.0
0 605.0 510.0
0 564.0 512.0
0 369.0 513.0
0 418.0 515.0
0 423.0 515.0
0 701.0 515.0
0 407.0 516.0
0 502.0 516.0
0 485.0 517.0
0 569.0 517.0
0 607.0 517.0
0 434.0 518.0
0 657.0 518.0
0 670.0 518.0
0 593.0 520.0
0 641.0 520.0
0 679.0 520.0
0 375.0 521.0
0 454.0 521.0
0 630.0 521.0
0 608.0 522.0
0 413.0 523.0
0 339.0 524.0
0 434.0 524.0
0 693.0 525.0
0 573.0 526.0
0 355.0 527.0
0 477.0 527.0
0 609.0 527.0
0 454.0 529.0
0 562.0 530.0
0 639.0 531.0
0 377.0 532.0
0 623.0 533.0
0 348.0 534.0
0 534.0 534.0
0 598.0 534.0
0 668.0 534.0
0 688.0 534.0
0 421.0 536.0
0 483.0 536.0
0 356.0 537.0
0 366.0 537.0
0 579.0 537.0
0 612.0 537.0
0 103.0 538.0
0 454.0 538.0
0 695.0 539.0
0 440.0 540.0
0 568.0 540.0
0 639.0 541.0
0 613.0 542.0
0 676.0 544.0
0 503.0 545.0
0 321.0 547.0
0 520.0 547.0
0 600.0 547.0
0 335.0 548.0
0 423.0 548.0
0 569.0 549.0
0 636.0 549.0
0 624.0 552.0
0 664.0 552.0
0 436.0 553.0
0 585.0 553.0
0 691.0 553.0
0 441.0 554.0
0 328.0 555.0
0 446.0 555.0
0 551.0 555.0
0 616.0 555.0
0 569.0 556.0
0 428.0 557.0
0 644.0 559.0
0 505.0 561.0
0 601.0 561.0
0 451.0 563.0
0 670.0 563.0
0 634.0 564.0
0 683.0 564.0
0 429.0 565.0
0 506.0 566.0
0 472.0 567.0
0 619.0 568.0
0 303.0 569.0
0 593.0 569.0
0 314.0 570.0
0 569.0 571.0
0 453.0 573.0
0 433.0 574.0
0 644.0 574.0
0 480.0 576.0
0 568.0 576.0
0 668.0 577.0
0 508.0 578.0
0 631.0 578.0
0 434.0 579.0
0 550.0 582.0
0 509.0 583.0
0 436.0 584.0
0 458.0 584.0
0 684.0 584.0
0 541.0 585.0
0 598.0 585.0
0 646.0 585.0
0 476.0 586.0
0 568.0 586.0
0 667.0 586.0
0 625.0 587.0
0 495.0 592.0
0 568.0 593.0
0 603.0 593.0
0 84.0 594.0
0 550.0 594.0
0 291.0 595.0
0 447.0 596.0
0 463.0 596.0
0 675.0 596.0
0 653.0 597.0
0 537.0 598.0
0 511.0 600.0
0 628.0 600.0
0 326.0 602.0
0 605.0 603.0
0 486.0 604.0
0 465.0 605.0
0 545.0 606.0
0 569.0 606.0
0 527.0 608.0
0 662.0 609.0
0 568.0 611.0
0 629.0 611.0
0 447.0 612.0
0 552.0 612.0
0 609.0 612.0
0 469.0 614.0
0 674.0 615.0
0 514.0 616.0
0 643.0 618.0
0 539.0 620.0
0 568.0 621.0
0 613.0 621.0
0 458.0 624.0
0 632.0 626.0
0 667.0 626.0
0 594.0 629.0
0 507.0 633.0
0 619.0 633.0
0 477.0 634.0
0 530.0 634.0
0 569.0 634.0
0 538.0 635.0
0 657.0 636.0
0 519.0 637.0
0 604.0 638.0
0 634.0 639.0
0 554.0 640.0
0 480.0 641.0
0 502.0 641.0
0 460.0 642.0
0 689.0 642.0
0 241.0 644.0
0 281.0 646.0
0 521.0 646.0
0 624.0 647.0
0 538.0 648.0
0 239.0 649.0
0 276.0 649.0
0 569.0 650.0
0 615.0 650.0
0 660.0 653.0
0 636.0 654.0
0 501.0 656.0
0 586.0 656.0
0 616.0 658.0
0 476.0 659.0
0 570.0 659.0
0 525.0 663.0
0 637.0 663.0
0 648.0 664.0
0 596.0 666.0
0 491.0 667.0
0 591.0 667.0
0 508.0 668.0
0 643.0 668.0
0 525.0 674.0
0 544.0 674.0
0 631.0 674.0
0 611.0 675.0
0 570.0 676.0
0 640.0 676.0
0 505.0 679.0
0 589.0 680.0
0 487.0 683.0
0 571.0 684.0
0 530.0 691.0
0 606.0 692.0
0 509.0 693.0
0 533.0 696.0
0 517.0 697.0
0 551.0 699.0
0 556.0 699.0
0 576.0 701.0
0 529.0 704.0
0 539.0 706.0
0 561.0 711.0
0 534.0 714.0
1 1050.0 19.0
1 767.0 61.0
1 327.0 76.0
1 338.0 81.0
1 828.0 87.0
1 818.0 91.0
1 1032.0 99.0
1 360.0 102.0
1 534.0 104.0
1 373.0 114.0
1 1019.0 119.0
1 556.0 123.0
1 388.0 127.0
1 562.0 130.0
1 373.0 132.0
1 376.0 137.0
1 386.0 138.0
1 400.0 138.0
1 568.0 140.0
1 1003.0 140.0
1 985.0 141.0
1 559.0 142.0
1 794.0 145.0
1 780.0 146.0
1 820.0 149.0
1 574.0 150.0
1 416.0 151.0
1 977.0 151.0
1 493.0 152.0
1 770.0 154.0
1 730.0 156.0
1 401.0 157.0
1 564.0 157.0
1 846.0 158.0
1 965.0 158.0
1 972.0 159.0
1 977.0 159.0
1 743.0 160.0
1 553.0 161.0
1 953.0 161.0
1 583.0 164.0
1 779.0 164.0
1 433.0 166.0
1 569.0 167.0
1 726.0 168.0
1 837.0 170.0
1 858.0 171.0
1 929.0 171.0
1 770.0 173.0
1 849.0 174.0
1 558.0 176.0
1 422.0 177.0
1 740.0 177.0
1 592.0 179.0
1 449.0 180.0
1 414.0 182.0
1 575.0 183.0
1 720.0 183.0
1 900.0 184.0
1 760.0 186.0
1 742.0 187.0
1 441.0 190.0
1 562.0 191.0
1 423.0 193.0
1 465.0 195.0
1 601.0 195.0
1 436.0 196.0
1 899.0 196.0
1 707.0 198.0
1 872.0 199.0
1 444.0 201.0
1 454.0 202.0
1 888.0 205.0
1 744.0 206.0
1 567.0 208.0
1 607.0 209.0
1 450.0 211.0
1 482.0 212.0
1 694.0 212.0
1 724.0 212.0
1 851.0 212.0
1 739.0 213.0
1 868.0 213.0
1 466.0 215.0
1 29.0 219.0
1 589.0 219.0
1 874.0 222.0
1 650.0 223.0
1 573.0 225.0
1 684.0 226.0
1 831.0 226.0
1 478.0 227.0
1 847.0 228.0
1 500.0 229.0
1 717.0 231.0
1 482.0 232.0
1 728.0 232.0
1 592.0 236.0
1 812.0 238.0
1 702.0 242.0
1 712.0 242.0
1 829.0 242.0
1 588.0 243.0
1 596.0 243.0
1 516.0 244.0
1 497.0 247.0
1 475.0 249.0
1 621.0 249.0
1 673.0 250.0
1 794.0 251.0
1 612.0 252.0
1 835.0 252.0
1 815.0 255.0
1 505.0 256.0
1 602.0 256.0
1 703.0 257.0
1 716.0 257.0
1 810.0 257.0
1 531.0 259.0
1 664.0 265.0
1 775.0 265.0
1 697.0 269.0
1 519.0 271.0
1 792.0 272.0
1 545.0 274.0
1 647.0 275.0
1 525.0 278.0
1 588.0 279.0
1 657.0 283.0
1 709.0 283.0
1 696.0 284.0
1 503.0 285.0
1 775.0 286.0
1 560.0 287.0
1 708.0 288.0
1 538.0 291.0
1 612.0 291.0
1 635.0 292.0
1 622.0 295.0
1 676.0 295.0
1 687.0 295.0
1 543.0 296.0
1 553.0 297.0
1 564.0 298.0
1 760.0 299.0
1 651.0 300.0
1 574.0 301.0
1 602.0 301.0
1 445.0 305.0
1 553.0 306.0
1 432.0 307.0
1 437.0 307.0
1 674.0 307.0
1 686.0 307.0
1 458.0 308.0
1 617.0 308.0
1 419.0 311.0
1 632.0 311.0
1 474.0 313.0
1 608.0 313.0
1 867.0 313.0
1 563.0 314.0
1 433.0 315.0
1 681.0 316.0
1 743.0 316.0
1 630.0 317.0
1 491.0 319.0
1 597.0 319.0
1 532.0 320.0
1 581.0 320.0
1 753.0 320.0
1 870.0 320.0
1 403.0 321.0
1 570.0 321.0
1 703.0 321.0
1 621.0 322.0
1 600.0 324.0
1 747.0 325.0
1 591.0 326.0
1 668.0 326.0
1 730.0 327.0
1 509.0 328.0
1 844.0 328.0
1 580.0 330.0
1 674.0 332.0
1 651.0 334.0
1 722.0 334.0
1 485.0 335.0
1 551.0 336.0
1 582.0 336.0
1 522.0 337.0
1 587.0 337.0
1 603.0 337.0
1 567.0 338.0
1 732.0 338.0
1 678.0 339.0
1 701.0 339.0
1 834.0 340.0
1 502.0 342.0
1 629.0 343.0
1 574.0 344.0
1 614.0 344.0
1 675.0 344.0
1 476.0 346.0
1 481.0 347.0
1 829.0 347.0
1 538.0 348.0
1 705.0 348.0
1 846.0 349.0
1 568.0 351.0
1 490.0 352.0
1 466.0 353.0
1 515.0 353.0
1 858.0 353.0
1 611.0 355.0
1 813.0 356.0
1 587.0 357.0
1 601.0 357.0
1 465.0 358.0
1 552.0 358.0
1 563.0 358.0
1 693.0 359.0
1 835.0 359.0
1 480.0 360.0
1 499.0 361.0
1 847.0 361.0
1 802.0 363.0
1 528.0 364.0
1 462.0 365.0
1 559.0 365.0
1 578.0 365.0
1 571.0 366.0
1 768.0 366.0
1 665.0 368.0
1 858.0 368.0
1 694.0 369.0
1 836.0 369.0
1 520.0 370.0
1 592.0 370.0
1 617.0 370.0
1 628.0 371.0
1 789.0 371.0
1 851.0 372.0
1 771.0 374.0
1 477.0 375.0
1 575.0 375.0
1 537.0 376.0
1 673.0 376.0
1 685.0 376.0
1 753.0 378.0
1 551.0 379.0
1 604.0 379.0
1 775.0 380.0
1 820.0 380.0
1 532.0 381.0
1 845.0 382.0
1 465.0 383.0
1 479.0 383.0
1 568.0 384.0
1 587.0 384.0
1 640.0 384.0
1 759.0 384.0
1 853.0 384.0
1 536.0 386.0
1 765.0 386.0
1 521.0 387.0
1 582.0 387.0
1 428.0 388.0
1 817.0 388.0
1 548.0 390.0
1 738.0 391.0
1 827.0 391.0
1 503.0 392.0
1 752.0 392.0
1 596.0 393.0
1 842.0 393.0
1 679.0 394.0
1 545.0 395.0
1 659.0 395.0
1 578.0 397.0
1 407.0 399.0
1 600.0 400.0
1 620.0 400.0
1 800.0 400.0
1 789.0 401.0
1 520.0 403.0
1 513.0 404.0
1 729.0 404.0
1 436.0 405.0
1 469.0 405.0
1 474.0 405.0
1 483.0 405.0
1 544.0 405.0
1 573.0 405.0
1 675.0 405.0
1 796.0 405.0
1 820.0 405.0
1 500.0 406.0
1 585.0 407.0
1 686.0 407.0
1 776.0 407.0
1 657.0 408.0
1 629.0 409.0
1 830.0 409.0
1 672.0 410.0
1 528.0 411.0
1 600.0 411.0
1 538.0 412.0
1 978.0 412.0
1 492.0 413.0
1 697.0 414.0
1 805.0 414.0
1 581.0 415.0
1 615.0 415.0
1 484.0 416.0
1 571.0 416.0
1 510.0 417.0
1 625.0 417.0
1 668.0 417.0
1 714.0 417.0
1 786.0 417.0
1 498.0 418.0
1 820.0 418.0
1 534.0 419.0
1 524.0 423.0
1 750.0 423.0
1 801.0 424.0
1 473.0 425.0
1 559.0 426.0
1 318.0 427.0
1 514.0 427.0
1 544.0 428.0
1 793.0 428.0
1 353.0 429.0
1 494.0 429.0
1 613.0 429.0
1 628.0 429.0
1 633.0 429.0
1 819.0 430.0
1 537.0 431.0
1 591.0 431.0
1 505.0 432.0
1 649.0 432.0
1 484.0 434.0
1 582.0 434.0
1 527.0 435.0
1 515.0 436.0
1 557.0 436.0
1 710.0 436.0
1 728.0 436.0
1 665.0 437.0
1 810.0 437.0
1 475.0 440.0
1 487.0 440.0
1 532.0 440.0
1 671.0 440.0
1 678.0 440.0
1 770.0 440.0
1 520.0 443.0
1 608.0 445.0
1 764.0 445.0
1 805.0 445.0
1 497.0 446.0
1 786.0 446.0
1 512.0 447.0
1 628.0 447.0
1 577.0 449.0
1 712.0 449.0
1 503.0 451.0
1 639.0 451.0
1 798.0 451.0
1 518.0 453.0
1 561.0 453.0
1 488.0 455.0
1 722.0 455.0
1 478.0 456.0
1 744.0 456.0
1 608.0 457.0
1 628.0 457.0
1 789.0 457.0
1 300.0 458.0
1 515.0 458.0
1 812.0 458.0
1 1010.0 458.0
1 541.0 459.0
1 770.0 459.0
1 502.0 460.0
1 652.0 461.0
1 486.0 462.0
1 564.0 462.0
1 513.0 463.0
1 551.0 463.0
1 732.0 463.0
1 799.0 463.0
1 602.0 464.0
1 662.0 464.0
1 779.0 465.0
1 792.0 465.0
1 771.0 466.0
1 755.0 467.0
1 495.0 468.0
1 677.0 468.0
1 717.0 469.0
1 519.0 471.0
1 533.0 471.0
1 764.0 471.0
1 808.0 471.0
1 741.0 472.0
1 508.0 473.0
1 638.0 473.0
1 685.0 473.0
1 601.0 474.0
1 550.0 475.0
1 622.0 478.0
1 771.0 478.0
1 527.0 479.0
1 635.0 479.0
1 726.0 479.0
1 744.0 479.0
1 794.0 479.0
1 688.0 480.0
1 693.0 480.0
1 504.0 482.0
1 805.0 482.0
1 496.0 483.0
1 543.0 484.0
1 557.0 486.0
1 750.0 486.0
1 734.0 488.0
1 707.0 489.0
1 533.0 491.0
1 615.0 491.0
1 630.0 491.0
1 782.0 491.0
1 699.0 492.0
1 772.0 492.0
1 495.0 493.0
1 538.0 493.0
1 756.0 494.0
1 800.0 494.0
1 549.0 495.0
1 515.0 496.0
1 713.0 496.0
1 573.0 497.0
1 771.0 501.0
1 695.0 502.0
1 746.0 502.0
1 550.0 503.0
1 718.0 503.0
1 513.0 504.0
1 797.0 504.0
1 723.0 505.0
1 527.0 506.0
1 574.0 507.0
1 662.0 508.0
1 767.0 509.0
1 783.0 509.0
1 796.0 509.0
1 611.0 511.0
1 731.0 511.0
1 512.0 512.0
1 698.0 513.0
1 768.0 514.0
1 667.0 515.0
1 754.0 515.0
1 500.0 516.0
1 574.0 516.0
1 482.0 517.0
1 554.0 520.0
1 605.0 520.0
1 772.0 520.0
1 791.0 520.0
1 739.0 521.0
1 526.0 522.0
1 628.0 522.0
1 648.0 522.0
1 697.0 523.0
1 728.0 523.0
1 493.0 525.0
1 719.0 525.0
1 777.0 527.0
1 759.0 529.0
1 677.0 530.0
1 696.0 531.0
1 541.0 532.0
1 789.0 533.0
1 558.0 535.0
1 629.0 535.0
1 522.0 536.0
1 571.0 537.0
1 482.0 539.0
1 629.0 540.0
1 753.0 540.0
1 784.0 542.0
1 722.0 543.0
1 561.0 544.0
1 655.0 544.0
1 476.0 545.0
1 672.0 545.0
1 739.0 545.0
1 586.0 546.0
1 694.0 546.0
1 525.0 551.0
1 759.0 552.0
1 562.0 553.0
1 750.0 554.0
1 547.0 555.0
1 593.0 556.0
1 598.0 557.0
1 630.0 557.0
1 764.0 557.0
1 676.0 558.0
1 720.0 561.0
1 664.0 562.0
1 692.0 562.0
1 747.0 562.0
1 768.0 562.0
1 525.0 563.0
1 711.0 563.0
1 567.0 564.0
1 544.0 565.0
1 768.0 567.0
1 592.0 568.0
1 617.0 569.0
1 557.0 570.0
1 691.0 570.0
1 508.0 571.0
1 494.0 573.0
1 721.0 573.0
1 756.0 573.0
1 797.0 574.0
1 534.0 576.0
1 630.0 576.0
1 658.0 576.0
1 742.0 578.0
1 211.0 579.0
1 570.0 579.0
1 611.0 579.0
1 775.0 580.0
1 725.0 581.0
1 630.0 584.0
1 666.0 584.0
1 599.0 586.0
1 572.0 588.0
1 730.0 588.0
1 689.0 589.0
1 535.0 591.0
1 672.0 591.0
1 599.0 596.0
1 802.0 596.0
1 631.0 597.0
1 752.0 598.0
1 575.0 599.0
1 657.0 600.0
1 687.0 601.0
1 735.0 604.0
1 544.0 606.0
1 768.0 606.0
1 793.0 606.0
1 478.0 608.0
1 711.0 608.0
1 806.0 608.0
1 605.0 611.0
1 733.0 612.0
1 686.0 614.0
1 647.0 615.0
1 655.0 615.0
1 463.0 616.0
1 761.0 616.0
1 784.0 617.0
1 633.0 618.0
1 581.0 619.0
1 658.0 620.0
1 713.0 620.0
1 455.0 622.0
1 753.0 622.0
1 808.0 622.0
1 412.0 624.0
1 562.0 624.0
1 782.0 625.0
1 799.0 625.0
1 614.0 626.0
1 583.0 627.0
1 741.0 628.0
1 549.0 629.0
1 805.0 629.0
1 633.0 630.0
1 788.0 630.0
1 649.0 631.0
1 654.0 631.0
1 727.0 631.0
1 685.0 632.0
1 702.0 637.0
1 759.0 637.0
1 600.0 640.0
1 683.0 641.0
1 725.0 641.0
1 609.0 642.0
1 562.0 644.0
1 619.0 644.0
1 635.0 647.0
1 589.0 648.0
1 744.0 651.0
1 694.0 653.0
1 614.0 654.0
1 592.0 656.0
1 734.0 656.0
1 681.0 658.0
1 655.0 659.0
1 717.0 659.0
1 634.0 660.0
1 737.0 661.0
1 610.0 666.0
1 680.0 668.0
1 733.0 669.0
1 707.0 670.0
1 623.0 672.0
1 587.0 673.0
1 636.0 676.0
1 713.0 676.0
1 637.0 681.0
1 644.0 684.0
1 620.0 685.0
1 664.0 685.0
1 656.0 686.0
1 680.0 686.0
1 643.0 693.0
1 655.0 695.0
1 667.0 698.0
1 640.0 702.0
