0 0 0 104.19418908595293
0 1 1 102.75705945751807
0 2 2 101.71595646780445
0 3 3 107.80602747260868
0 4 4 106.78426851267349
0 7 5 107.62825396143153
0 5 6 107.27681967489218
0 9 7 248.99008712537324
0 8 8 112.65546331002429
0 10 9 120.66709336299255
0 19 10 160.78576140953734
0 13 11 110.76044646639642
0 20 12 133.97293265744833
0 17 13 112.71118126609365
0 26 14 168.74976111609777
0 28 15 120.39128061750452
0 16 16 117.91462548444034
0 22 17 244.10269407947646
0 29 18 128.84788419399263
0 27 19 114.09989083221868
0 35 21 134.40913736433782
0 39 22 130.44647856190227
0 46 23 217.72836591495087
0 30 24 184.0904734269366
0 43 25 106.66762967449274
0 24 26 219.1645622898372
0 36 27 146.7947755487168
0 40 28 198.6044244286571
0 38 29 150.28021879342938
0 48 30 127.0577397554437
0 41 31 172.70254122799324
0 50 32 269.64465047057024
0 42 33 168.63169260035326
0 53 34 136.27380537163842
0 60 35 130.64698901386427
0 57 36 104.85643347217761
0 52 38 135.9417631914764
0 49 39 108.7403438852087
0 63 42 117.4939576514565
0 58 43 134.2929212924901
0 66 44 144.46636866753641
0 61 45 121.98165100260763
0 64 46 136.54575668587034
0 67 48 310.2046053798737
0 65 49 134.801039056204
0 68 50 135.88992417979293
0 73 51 120.22411257481305
0 76 52 131.22125392467885
0 74 53 135.6800770156687
0 70 55 139.2062219409978
0 75 56 127.72568679174898
0 59 57 304.5301199045816
0 78 58 110.5207160269444
0 82 59 121.90414186823304
0 34 60 360.6403438646467
0 77 61 112.00467426733583
0 88 62 298.8679078571659
0 72 63 188.40528996881923
0 80 64 183.57435021075165
0 69 65 218.20542299240623
0 94 66 223.5084066694892
0 90 68 433.23793674025126
0 81 69 176.0244317968404
0 84 70 120.26292777571929
0 85 71 121.07757582965615
0 97 73 285.5055593055414
0 87 74 116.90275581616298
0 89 76 332.91462735849524
0 95 77 176.178425482694
0 93 78 299.6290180815399
0 104 82 253.09714154166412
0 103 83 134.65148892034847
0 99 84 155.08108398405636
0 102 85 138.03224352862378
0 115 88 126.23944553778989
0 101 89 106.80016143632496
0 107 90 125.24504287368465
0 105 91 195.677013104721
0 110 92 123.89803286988665
0 96 94 232.3032822437464
0 108 95 106.11739252234005
0 112 96 198.36061677924533
0 98 97 290.45888519724446
0 123 98 193.10140668598538
0 109 101 272.9644382857266
0 114 102 217.04050702245138
0 119 103 259.6879203409008
0 121 104 216.77850766386854
0 140 105 258.7993619645113
0 118 106 125.63311663391153
0 120 107 334.8403516447022
0 116 108 288.4880528416232
0 132 109 192.245689968312
0 130 110 209.02561144374636
0 128 112 287.31595262884207
0 124 113 209.2235508085438
0 134 117 115.13146413811207
0 131 118 242.94683461451854
0 139 120 124.50596399414324
0 158 121 198.11106711848524
0 133 122 213.4981877320611
0 141 123 139.43149548804425
0 148 124 137.1383693373115
0 135 125 239.03764969046756
0 150 128 150.50252232233964
0 154 129 148.17125186183168
0 157 130 175.60232013553977
0 172 131 112.56697437394863
0 149 132 120.6650799236735
0 145 133 240.5096841639737
0 142 134 125.97276044009182
0 147 135 287.7815845313858
0 155 136 106.06963786381269
0 159 137 166.7217463095513
0 160 139 107.82767281223573
0 137 140 142.33096898595772
0 152 141 203.69827134307457
0 138 142 160.3096649421122
0 168 144 121.69024316773243
0 169 145 155.03715964712936
0 178 146 306.1838877297616
0 164 147 110.92487156563446
0 177 148 113.36342805187421
0 163 149 277.72534662663315
0 167 150 131.1835264949467
0 179 151 128.63339226814162
0 180 152 103.52028612374615
0 171 153 233.33462907927887
0 175 154 108.26197913023456
0 186 155 210.56027048557695
0 182 156 333.52413098620343
0 183 157 194.69230378246175
0 161 158 179.36922332319412
0 174 159 128.4120939566114
0 187 160 117.61211984406448
0 166 161 131.73414935163953
0 189 162 116.04722923774268
0 191 163 103.66175796017146
0 188 164 103.44972042667573
0 195 165 149.37766045204123
0 199 166 124.37642819397996
0 181 168 144.23839633934764
0 201 169 109.93733711437241
0 194 170 170.5574830890829
0 203 172 129.44417877494624
0 196 173 107.94017577867024
0 205 174 348.5067859486083
0 200 175 244.2193669272688
0 198 176 104.52461072139431
0 204 177 175.5763717034854
0 192 178 113.59790056828012
0 211 179 138.33818050818115
0 206 180 126.51218458702225
0 210 181 114.89223778257617
0 215 183 283.0469032390039
0 212 184 107.5933146914192
0 207 185 193.15380633704876
0 222 186 128.2534206651158
0 225 187 142.84320646133054
0 219 188 210.6708424421003
0 227 189 106.82262216394747
0 217 190 126.84090452723282
0 213 191 134.04316091068281
0 220 192 132.18675777878366
0 221 193 104.29748340257193
0 224 195 180.47845699952
0 232 196 146.20636959016383
0 226 197 105.56133785397073
0 229 199 113.59101693965081
0 241 200 208.49980252612457
0 216 202 261.3914173512776
0 244 203 109.95437709061855
0 235 204 124.26800627783486
0 230 205 198.93463379281658
0 231 206 200.10560363618106
0 239 207 178.2330687404342
0 247 208 322.9646840730141
0 218 211 439.87121537864573
0 238 212 103.92624546509354
0 236 213 113.5740690796564
0 242 215 271.845816132546
0 257 216 234.61217018357812
0 260 217 138.32372958912353
0 266 218 179.14169202525954
0 261 220 231.63286642637556
0 248 221 148.58833598793808
0 245 222 152.63921792081624
0 256 223 226.17001573140024
0 255 224 140.89005560958077
0 259 225 165.94274084779755
0 254 226 126.60204765630006
0 253 228 161.3938896215455
0 301 229 382.81967923834077
0 272 231 115.48863965605933
0 275 232 197.6216679233077
0 246 233 206.15818532506114
0 250 236 196.2222928906036
0 265 237 115.11444054566986
0 268 238 234.99094336366778
0 284 239 115.1865903306438
0 263 240 144.51555996582044
0 280 241 160.96518382386452
0 276 242 128.16013171975513
0 269 243 252.76330219997058
0 273 245 201.6117799271782
0 279 246 126.57771962049354
0 290 247 129.69291845739076
0 262 248 144.56483460219073
0 270 249 214.98478614914566
0 267 251 320.8198134327823
0 283 252 142.94166356326136
0 300 253 121.99659690813107
0 291 254 210.51890856316703
0 309 255 352.6067860747648
0 312 256 315.6189485943925
0 295 257 147.19782019829555
0 282 258 122.51484534096508
0 315 261 132.4931337740922
0 294 262 152.23202558720908
0 322 263 190.0654928458149
0 289 264 415.07987005448337
0 311 266 113.53177532596573
0 308 267 127.56877215668136
0 286 268 224.9625726472794
0 278 270 106.2581555425325
0 299 271 115.53710633994218
0 285 272 227.76081770198851
0 314 273 127.54621409592171
0 317 274 288.555210433879
0 302 275 234.88318257644787
0 307 276 138.7336756219037
0 306 277 123.97007406704613
0 297 278 232.18235456198477
0 305 279 129.62960730855252
0 304 280 133.2772702700663
0 327 281 155.51139296074606
0 316 282 190.56198193722383
0 328 283 158.44215132149745
0 321 285 214.8139707051651
0 320 286 142.3537094131271
0 324 287 275.9485413666654
0 325 288 110.15862585367404
0 323 289 117.12990808104975
0 330 290 312.9376713293972
0 343 291 282.3026119848763
0 340 292 157.99409505025386
0 336 293 146.18853398933328
0 345 294 119.29870020346007
0 351 295 189.09425839137938
0 338 296 130.38740500462958
0 335 298 118.55129734871636
0 347 299 114.43383842180054
0 334 300 141.024827178094
0 349 302 173.02756070686166
0 341 303 201.22261222735762
0 339 305 164.0938486969931
0 350 306 106.00466321001265
0 348 307 305.40116403000565
0 354 308 130.1056908040881
0 353 309 144.8494080262133
0 344 310 164.6087421157676
0 388 314 294.24195876298603
0 360 317 134.2008723704303
0 361 318 179.14509690442924
0 370 319 295.0554534258228
0 356 323 167.70046804990866
0 364 325 162.65336113312392
0 367 326 154.48400226736908
0 293 327 219.06426019855894
0 359 328 158.6709378110048
0 363 329 206.80593170499847
0 365 330 124.51166518348518
0 372 331 115.18137107936468
0 380 333 134.5027339130524
0 352 334 226.82667856780478
0 375 335 150.58385609621158
0 368 337 180.93747853167844
0 374 338 192.99822453582436
0 417 339 375.3436597560353
0 369 340 152.49807482408
0 381 341 132.181592179539
0 432 342 107.98439617566248
0 371 343 244.50623696381874
0 373 344 171.14943467958886
0 383 345 153.1032600983473
0 385 347 127.9394037003958
0 377 349 127.00322352544508
0 405 351 152.90109157415284
0 376 352 353.75297619298635
0 378 353 177.30284387901966
0 379 354 125.59441543615368
0 362 355 261.5410253392374
0 389 356 157.04221897976385
0 395 357 118.41744884794865
0 415 358 224.6012515632157
0 390 359 162.62915920634268
0 386 360 190.70433751584685
0 400 361 137.3109819217037
0 401 362 112.03213064446327
0 392 363 145.69478200209338
0 399 364 154.94559334292038
0 412 365 158.47358006354918
0 398 366 111.53571742929071
0 391 367 200.5796254516331
0 402 368 118.51071590937667
0 420 370 181.74034095075936
0 403 371 176.71976442443207
0 397 372 113.58018172188913
0 406 373 110.48615124600063
0 408 374 127.42815216747354
0 413 375 181.22707415750534
0 410 376 113.06123106373431
0 407 377 112.83083313505078
0 411 378 236.64119671736324
0 437 379 315.86947380272335
0 384 380 239.25820500899863
0 414 381 109.76144644319461
0 416 383 129.01147508346577
0 418 384 166.46207021499396
0 423 385 107.4013472079466
0 425 386 121.89565685924339
0 419 387 126.25040814319321
0 421 388 105.16237370429175
0 422 389 200.55589979936897
0 396 391 172.12483563095196
0 429 392 163.116346435331
0 428 393 137.0073846821722
0 453 394 193.83157469576796
0 446 395 190.82969183966463
0 430 396 106.00456274360059
0 431 398 207.7852001549359
0 436 399 166.22014587594174
0 434 400 114.13286399118788
0 445 401 120.72832705449055
0 439 402 156.405805986209
0 435 403 120.50620429808787
0 444 404 123.3052979143909
0 452 405 112.1173152896525
0 440 407 111.10183563669497
0 438 408 278.27679269101986
0 442 409 207.04975788250937
0 459 410 176.83811989253036
0 447 412 129.2601862256504
0 467 413 197.4938370049975
0 448 414 143.43271786668018
0 426 415 160.38261137232575
0 477 416 217.57704744083432
0 451 417 190.79683520378617
0 454 418 114.5038712893958
0 455 419 104.68967122425185
0 461 420 114.87821881002706
0 450 421 146.65407574987154
0 433 423 151.2968962937472
0 460 424 102.05093150005335
0 458 425 131.14875275835257
0 473 426 121.34998876711532
0 478 427 256.03490710288946
0 468 428 110.93990086622203
0 462 429 120.3147779024392
0 443 430 116.84396513599815
0 441 431 129.14183404137074
0 464 432 120.75722883974001
0 466 433 262.37745443973546
0 465 434 107.14941892130784
0 469 435 109.8763895071462
0 487 436 151.9250550140554
0 475 437 113.00592773358238
0 471 438 114.86638165765591
0 480 439 129.27824416251937
0 479 442 103.98032450095572
0 456 443 172.19329164017822
0 481 444 101.78577527977683
0 476 445 132.57945952814586
0 457 446 127.47889771570513
0 482 447 109.89048820564118
0 483 448 125.65761933968471
0 489 449 267.4363139311532
0 496 451 133.59571702916955
0 485 452 122.12627870798656
0 486 453 122.76666263230523
0 506 454 116.62275904471639
0 470 456 123.93975144404905
0 492 457 200.73184762331385
0 490 458 107.86438720868408
0 493 460 128.56673651905808
0 497 461 118.8754865279962
0 495 462 167.6789640317911
0 498 463 153.92458132080398
0 491 464 129.61760941139823
0 502 465 172.18558651647294
0 511 466 128.97051612218317
0 519 468 132.4778382598841
0 509 469 135.56380062447266
0 505 470 143.29442076258775
0 507 471 102.09814245480283
0 499 472 254.55752934440636
0 484 473 129.8060161222923
0 508 474 210.2031340248552
0 488 475 117.11220666656334
0 510 476 188.45534097262012
0 513 477 124.00921043139306
0 514 478 187.37156273041424
0 532 479 296.38291890400325
0 518 480 103.97903563707428
0 516 481 175.96609143406374
0 527 482 117.39920274253099
0 520 483 125.4154215550729
0 522 486 124.39825703802792
0 524 487 128.21520496438725
0 526 488 154.6126591274805
0 523 489 108.27705713756501
0 539 490 126.22542681694149
0 529 491 122.68432210051692
0 503 492 195.47314856618559
0 544 493 308.2476638969687
0 534 494 101.96702600104415
0 530 495 152.4913107339703
0 536 496 118.4395352672349
0 531 497 219.7838987605367
0 535 498 104.73141174027943
0 537 499 127.33467747597184
0 533 500 127.2086243865127
0 517 501 104.8802344656006
0 521 503 229.89067898270332
0 542 504 104.84238474891332
0 540 505 107.35014970728474
0 553 506 139.4153323480125
0 557 507 283.6641113216401
0 541 508 130.9872573844999
0 538 509 208.27205688384473
0 525 511 104.23752354664711
0 548 513 103.01712818077485
0 551 514 107.71563925298173
0 549 515 117.97823200605488
0 552 516 127.74262792067496
0 568 518 357.1475313029597
0 554 519 129.4189958751842
0 545 520 194.26184056237366
0 558 521 105.4890309671114
0 555 522 119.65134459293355
0 547 523 192.65010886881842
0 559 524 105.48479943182167
0 587 525 402.1423265169325
0 560 526 110.80798900982775
0 564 527 137.45877498336577
0 561 528 108.96270168426618
0 562 529 111.8899609714007
0 563 530 212.4868250239056
0 567 531 102.63581053564413
0 578 532 209.3437979344895
0 572 534 107.54822812777209
0 573 535 113.82215464728918
0 575 537 104.04757661014297
0 574 538 120.69350861878823
0 577 539 105.16102241247951
0 576 540 120.97087521449214
0 589 541 203.6500064121554
0 579 542 111.70231280798968
0 584 543 118.61768098313752
0 582 545 111.37012095686924
0 586 546 103.44764735935969
0 583 547 115.18148178584539
0 588 548 102.3941815806243
0 596 549 103.60314719300034
0 565 550 154.29803757900237
0 566 551 200.00314717476692
0 590 552 108.74765307864615
0 585 553 216.8656676867594
0 591 554 109.05054577545236
0 570 555 166.5612431064915
0 592 557 106.20324825704084
0 595 558 124.73195279680871
0 605 559 172.60515615385478
0 599 561 112.09817527607254
0 600 562 127.29217810751435
0 607 563 107.87688523312605
0 601 564 122.45305558298676
0 603 565 103.89121688691998
0 608 566 107.63051178268526
0 604 567 272.8499277226155
0 609 569 166.24638393749842
0 611 570 108.13243122944547
0 610 572 108.40864019372569
0 612 573 173.08211148172558
0 613 574 104.86673651441882
0 614 575 109.34322825647602
0 616 576 113.52652827124
0 617 577 106.07823562747562
0 615 578 113.25645063025387
0 619 579 121.08398979492416
0 618 580 103.2327043297615
0 625 581 270.987748691294
0 620 582 102.01390501488841
0 621 583 106.40656704691234
0 624 584 111.64661430028514
0 628 585 102.26512164223833
0 627 586 128.05963714791494
0 629 587 134.68263089262038
0 630 588 104.74998902689781
0 633 589 123.17630276150125
0 632 590 126.37079895189738
0 634 591 103.5785025977638
0 635 592 110.66579025220882
0 636 593 111.03934052601142
0 638 594 102.25224475740772
0 639 595 107.63774849647842

0 904.0 59.0
0 689.0 82.0
0 244.0 107.0
0 729.0 114.0
0 719.0 118.0
0 473.0 123.0
0 273.0 131.0
0 888.0 140.0
0 286.0 144.0
0 299.0 155.0
0 472.0 158.0
0 283.0 161.0
0 492.0 161.0
0 311.0 167.0
0 856.0 167.0
0 662.0 168.0
0 289.0 169.0
0 473.0 170.0
0 496.0 172.0
0 327.0 179.0
0 842.0 183.0
0 475.0 184.0
0 502.0 186.0
0 643.0 188.0
0 308.0 189.0
0 487.0 189.0
0 361.0 191.0
0 342.0 193.0
0 832.0 195.0
0 838.0 196.0
0 476.0 197.0
0 819.0 199.0
0 347.0 201.0
0 840.0 201.0
0 509.0 202.0
0 648.0 205.0
0 491.0 206.0
0 358.0 207.0
0 796.0 209.0
0 323.0 210.0
0 618.0 211.0
0 564.0 212.0
0 478.0 214.0
0 347.0 217.0
0 515.0 219.0
0 769.0 221.0
0 373.0 222.0
0 572.0 222.0
0 538.0 223.0
0 349.0 228.0
0 359.0 229.0
0 480.0 231.0
0 518.0 233.0
0 618.0 234.0
0 534.0 236.0
0 743.0 236.0
0 389.0 238.0
0 592.0 238.0
0 372.0 242.0
0 499.0 243.0
0 564.0 243.0
0 752.0 243.0
0 530.0 245.0
0 539.0 245.0
0 726.0 247.0
0 581.0 248.0
0 608.0 249.0
0 483.0 250.0
0 523.0 251.0
0 734.0 251.0
0 382.0 253.0
0 406.0 253.0
0 498.0 255.0
0 523.0 256.0
0 387.0 257.0
0 575.0 257.0
0 564.0 258.0
0 499.0 260.0
0 708.0 261.0
0 622.0 262.0
0 516.0 264.0
0 539.0 265.0
0 716.0 265.0
0 502.0 268.0
0 422.0 269.0
0 485.0 269.0
0 563.0 269.0
0 692.0 271.0
0 376.0 273.0
0 401.0 273.0
0 517.0 277.0
0 597.0 277.0
0 506.0 279.0
0 697.0 279.0
0 540.0 280.0
0 408.0 281.0
0 452.0 281.0
0 550.0 281.0
0 437.0 283.0
0 531.0 289.0
0 513.0 290.0
0 542.0 290.0
0 682.0 291.0
0 463.0 294.0
0 592.0 294.0
0 449.0 296.0
0 424.0 299.0
0 556.0 299.0
0 540.0 302.0
0 509.0 304.0
0 473.0 305.0
0 566.0 306.0
0 589.0 306.0
0 665.0 306.0
0 684.0 306.0
0 541.0 311.0
0 551.0 315.0
0 440.0 316.0
0 484.0 317.0
0 586.0 319.0
0 445.0 320.0
0 509.0 320.0
0 649.0 320.0
0 455.0 321.0
0 369.0 323.0
0 546.0 324.0
0 568.0 324.0
0 585.0 324.0
0 472.0 325.0
0 381.0 326.0
0 345.0 327.0
0 597.0 327.0
0 418.0 328.0
0 642.0 328.0
0 494.0 329.0
0 659.0 329.0
0 454.0 330.0
0 395.0 331.0
0 335.0 332.0
0 357.0 332.0
0 551.0 332.0
0 637.0 332.0
0 529.0 334.0
0 567.0 335.0
0 331.0 337.0
0 410.0 337.0
0 652.0 337.0
0 463.0 338.0
0 607.0 340.0
0 647.0 340.0
0 628.0 342.0
0 756.0 342.0
0 388.0 344.0
0 488.0 344.0
0 470.0 345.0
0 509.0 346.0
0 566.0 346.0
0 426.0 347.0
0 535.0 347.0
0 621.0 349.0
0 760.0 350.0
0 543.0 351.0
0 594.0 351.0
0 401.0 353.0
0 479.0 354.0
0 439.0 356.0
0 737.0 357.0
0 611.0 358.0
0 533.0 360.0
0 415.0 361.0
0 606.0 361.0
0 561.0 362.0
0 388.0 363.0
0 489.0 363.0
0 566.0 363.0
0 544.0 364.0
0 474.0 365.0
0 505.0 365.0
0 520.0 367.0
0 728.0 368.0
0 379.0 369.0
0 406.0 369.0
0 555.0 369.0
0 570.0 369.0
0 426.0 370.0
0 458.0 370.0
0 724.0 375.0
0 740.0 375.0
0 399.0 376.0
0 418.0 377.0
0 488.0 377.0
0 589.0 377.0
0 390.0 379.0
0 507.0 381.0
0 735.0 381.0
0 553.0 382.0
0 708.0 383.0
0 369.0 384.0
0 581.0 384.0
0 750.0 384.0
0 597.0 386.0
0 439.0 387.0
0 471.0 388.0
0 679.0 388.0
0 724.0 388.0
0 480.0 390.0
0 576.0 390.0
0 698.0 390.0
0 589.0 391.0
0 594.0 391.0
0 604.0 391.0
0 548.0 392.0
0 509.0 394.0
0 382.0 395.0
0 618.0 395.0
0 432.0 396.0
0 587.0 396.0
0 636.0 396.0
0 669.0 397.0
0 676.0 397.0
0 684.0 397.0
0 720.0 398.0
0 493.0 400.0
0 458.0 402.0
0 735.0 402.0
0 498.0 403.0
0 561.0 403.0
0 658.0 403.0
0 442.0 405.0
0 639.0 405.0
0 674.0 405.0
0 711.0 405.0
0 669.0 408.0
0 368.0 409.0
0 373.0 409.0
0 378.0 409.0
0 384.0 409.0
0 533.0 409.0
0 721.0 409.0
0 650.0 411.0
0 419.0 412.0
0 660.0 413.0
0 734.0 415.0
0 301.0 416.0
0 451.0 416.0
0 456.0 416.0
0 578.0 417.0
0 708.0 417.0
0 355.0 418.0
0 370.0 419.0
0 375.0 419.0
0 380.0 419.0
0 556.0 419.0
0 692.0 419.0
0 443.0 420.0
0 259.0 421.0
0 264.0 421.0
0 517.0 422.0
0 529.0 423.0
0 522.0 424.0
0 555.0 424.0
0 600.0 424.0
0 720.0 424.0
0 685.0 425.0
0 409.0 426.0
0 438.0 426.0
0 676.0 427.0
0 694.0 427.0
0 376.0 430.0
0 707.0 430.0
0 312.0 431.0
0 471.0 431.0
0 368.0 432.0
0 576.0 432.0
0 256.0 433.0
0 385.0 433.0
0 555.0 433.0
0 527.0 434.0
0 404.0 435.0
0 488.0 435.0
0 436.0 437.0
0 555.0 438.0
0 504.0 439.0
0 685.0 439.0
0 513.0 440.0
0 706.0 440.0
0 518.0 441.0
0 425.0 443.0
0 480.0 445.0
0 375.0 446.0
0 395.0 449.0
0 427.0 450.0
0 681.0 450.0
0 384.0 452.0
0 548.0 453.0
0 699.0 453.0
0 498.0 454.0
0 530.0 454.0
0 511.0 455.0
0 713.0 455.0
0 484.0 456.0
0 562.0 457.0
0 567.0 457.0
0 397.0 459.0
0 412.0 459.0
0 457.0 460.0
0 622.0 460.0
0 384.0 462.0
0 579.0 462.0
0 670.0 462.0
0 444.0 463.0
0 411.0 464.0
0 690.0 464.0
0 429.0 466.0
0 550.0 468.0
0 529.0 471.0
0 698.0 471.0
0 667.0 472.0
0 682.0 472.0
0 377.0 473.0
0 402.0 473.0
0 416.0 473.0
0 708.0 473.0
0 430.0 474.0
0 605.0 474.0
0 648.0 474.0
0 593.0 475.0
0 973.0 475.0
0 517.0 476.0
0 512.0 477.0
0 441.0 478.0
0 688.0 478.0
0 507.0 479.0
0 636.0 479.0
0 396.0 480.0
0 676.0 480.0
0 403.0 482.0
0 497.0 482.0
0 597.0 482.0
0 708.0 482.0
0 483.0 483.0
0 655.0 483.0
0 962.0 483.0
0 415.0 484.0
0 433.0 484.0
0 542.0 485.0
0 624.0 485.0
0 668.0 485.0
0 697.0 485.0
0 513.0 486.0
0 527.0 486.0
0 559.0 486.0
0 702.0 486.0
0 425.0 488.0
0 479.0 488.0
0 387.0 491.0
0 601.0 491.0
0 687.0 492.0
0 400.0 494.0
0 417.0 494.0
0 504.0 494.0
0 652.0 494.0
0 669.0 494.0
0 441.0 495.0
0 631.0 495.0
0 696.0 496.0
0 481.0 497.0
0 527.0 497.0
0 585.0 497.0
0 705.0 497.0
0 357.0 499.0
0 409.0 499.0
0 432.0 499.0
0 493.0 499.0
0 637.0 499.0
0 404.0 502.0
0 504.0 503.0
0 678.0 503.0
0 604.0 504.0
0 685.0 504.0
0 375.0 505.0
0 418.0 505.0
0 699.0 505.0
0 527.0 507.0
0 563.0 507.0
0 643.0 507.0
0 669.0 507.0
0 589.0 508.0
0 437.0 509.0
0 605.0 510.0
0 564.0 512.0
0 369.0 513.0
0 418.0 515.0
0 423.0 515.0
0 701.0 515.0
0 407.0 516.0
0 502.0 516.0
0 485.0 517.0
0 569.0 517.0
0 607.0 517.0
0 434.0 518.0
0 657.0 518.0
0 670.0 518.0
0 593.0 520.0
0 641.0 520.0
0 679.0 520.0
0 375.0 521.0
0 454.0 521.0
0 630.0 521.0
0 608.0 522.0
0 413.0 523.0
0 339.0 524.0
0 434.0 524.0
0 693.0 525.0
0 573.0 526.0
0 355.0 527.0
0 477.0 527.0
0 609.0 527.0
0 454.0 529.0
0 562.0 530.0
0 639.0 531.0
0 377.0 532.0
0 623.0 533.0
0 348.0 534.0
0 534.0 534.0
0 598.0 534.0
0 668.0 534.0
0 688.0 534.0
0 421.0 536.0
0 483.0 536.0
0 356.0 537.0
0 366.0 537.0
0 579.0 537.0
0 612.0 537.0
0 103.0 538.0
0 454.0 538.0
0 695.0 539.0
0 440.0 540.0
0 568.0 540.0
0 639.0 541.0
0 613.0 542.0
0 676.0 544.0
0 503.0 545.0
0 321.0 547.0
0 520.0 547.0
0 600.0 547.0
0 335.0 548.0
0 423.0 548.0
0 569.0 549.0
0 636.0 549.0
0 624.0 552.0
0 664.0 552.0
0 436.0 553.0
0 585.0 553.0
0 691.0 553.0
0 441.0 554.0
0 328.0 555.0
0 446.0 555.0
0 551.0 555.0
0 616.0 555.0
0 569.0 556.0
0 428.0 557.0
0 644.0 559.0
0 505.0 561.0
0 601.0 561.0
0 451.0 563.0
0 670.0 563.0
0 634.0 564.0
0 683.0 564.0
0 429.0 565.0
0 506.0 566.0
0 472.0 567.0
0 619.0 568.0
0 303.0 569.0
0 593.0 569.0
0 314.0 570.0
0 569.0 571.0
0 453.0 573.0
0 433.0 574.0
0 644.0 574.0
0 480.0 576.0
0 568.0 576.0
0 668.0 577.0
0 508.0 578.0
0 631.0 578.0
0 434.0 579.0
0 550.0 582.0
0 509.0 583.0
0 436.0 584.0
0 458.0 584.0
0 684.0 584.0
0 541.0 585.0
0 598.0 585.0
0 646.0 585.0
0 476.0 586.0
0 568.0 586.0
0 667.0 586.0
0 625.0 587.0
0 495.0 592.0
0 568.0 593.0
0 603.0 593.0
0 84.0 594.0
0 550.0 594.0
0 291.0 595.0
0 447.0 596.0
0 463.0 596.0
0 675.0 596.0
0 653.0 597.0
0 537.0 598.0
0 511.0 600.0
0 628.0 600.0
0 326.0 602.0
0 605.0 603.0
0 486.0 604.0
0 465.0 605.0
0 545.0 606.0
0 569.0 606.0
0 527.0 608.0
0 662.0 609.0
0 568.0 611.0
0 629.0 611.0
0 447.0 612.0
0 552.0 612.0
0 609.0 612.0
0 469.0 614.0
0 674.0 615.0
0 514.0 616.0
0 643.0 618.0
0 539.0 620.0
0 568.0 621.0
0 613.0 621.0
0 458.0 624.0
0 632.0 626.0
0 667.0 626.0
0 594.0 629.0
0 507.0 633.0
0 619.0 633.0
0 477.0 634.0
0 530.0 634.0
0 569.0 634.0
0 538.0 635.0
0 657.0 636.0
0 519.0 637.0
0 604.0 638.0
0 634.0 639.0
0 554.0 640.0
0 480.0 641.0
0 502.0 641.0
0 460.0 642.0
0 689.0 642.0
0 241.0 644.0
0 281.0 646.0
0 521.0 646.0
0 624.0 647.0
0 538.0 648.0
0 239.0 649.0
0 276.0 649.0
0 569.0 650.0
0 615.0 650.0
0 660.0 653.0
0 636.0 654.0
0 501.0 656.0
0 586.0 656.0
0 616.0 658.0
0 476.0 659.0
0 570.0 659.0
0 525.0 663.0
0 637.0 663.0
0 648.0 664.0
0 596.0 666.0
0 491.0 667.0
0 591.0 667.0
0 508.0 668.0
0 643.0 668.0
0 525.0 674.0
0 544.0 674.0
0 631.0 674.0
0 611.0 675.0
0 570.0 676.0
0 640.0 676.0
0 505.0 679.0
0 589.0 680.0
0 487.0 683.0
0 571.0 684.0
0 530.0 691.0
0 606.0 692.0
0 509.0 693.0
0 533.0 696.0
0 517.0 697.0
0 551.0 699.0
0 556.0 699.0
0 576.0 701.0
0 529.0 704.0
0 539.0 706.0
0 561.0 711.0
0 534.0 714.0
1 1014.0 14.0
1 750.0 46.0
1 296.0 51.0
1 803.0 72.0
1 792.0 75.0
1 327.0 77.0
1 992.0 83.0
1 520.0 87.0
1 340.0 90.0
1 984.0 96.0
1 354.0 103.0
1 979.0 103.0
1 536.0 105.0
1 337.0 107.0
1 351.0 113.0
1 541.0 113.0
1 343.0 114.0
1 366.0 115.0
1 688.0 117.0
1 524.0 120.0
1 546.0 122.0
1 715.0 122.0
1 535.0 124.0
1 722.0 124.0
1 435.0 126.0
1 669.0 127.0
1 942.0 127.0
1 381.0 128.0
1 727.0 128.0
1 550.0 133.0
1 365.0 134.0
1 658.0 134.0
1 359.0 136.0
1 684.0 137.0
1 708.0 139.0
1 528.0 142.0
1 397.0 143.0
1 732.0 145.0
1 933.0 145.0
1 557.0 146.0
1 920.0 146.0
1 912.0 147.0
1 938.0 147.0
1 542.0 148.0
1 648.0 151.0
1 384.0 154.0
1 702.0 154.0
1 925.0 155.0
1 531.0 157.0
1 376.0 158.0
1 413.0 158.0
1 644.0 158.0
1 887.0 158.0
1 564.0 162.0
1 652.0 162.0
1 674.0 162.0
1 639.0 163.0
1 547.0 166.0
1 403.0 167.0
1 687.0 167.0
1 709.0 169.0
1 858.0 171.0
1 387.0 172.0
1 533.0 173.0
1 429.0 174.0
1 404.0 178.0
1 571.0 178.0
1 628.0 178.0
1 415.0 180.0
1 665.0 187.0
1 829.0 187.0
1 410.0 189.0
1 643.0 189.0
1 536.0 190.0
1 687.0 190.0
1 445.0 191.0
1 576.0 192.0
1 842.0 192.0
1 428.0 193.0
1 617.0 193.0
1 809.0 199.0
1 821.0 200.0
1 556.0 201.0
1 603.0 204.0
1 438.0 205.0
1 462.0 208.0
1 640.0 209.0
1 442.0 210.0
1 607.0 210.0
1 651.0 212.0
1 598.0 213.0
1 804.0 213.0
1 823.0 214.0
1 799.0 215.0
1 665.0 217.0
1 557.0 219.0
1 627.0 220.0
1 604.0 222.0
1 638.0 222.0
1 478.0 225.0
1 553.0 226.0
1 458.0 227.0
1 543.0 227.0
1 561.0 227.0
1 783.0 228.0
1 654.0 233.0
1 585.0 234.0
1 575.0 235.0
1 466.0 236.0
1 631.0 238.0
1 565.0 239.0
1 789.0 239.0
1 493.0 240.0
1 529.0 244.0
1 762.0 245.0
1 448.0 247.0
1 629.0 249.0
1 592.0 251.0
1 479.0 252.0
1 507.0 255.0
1 638.0 255.0
1 651.0 255.0
1 592.0 256.0
1 484.0 258.0
1 744.0 259.0
1 591.0 261.0
1 460.0 264.0
1 631.0 266.0
1 649.0 266.0
1 808.0 266.0
1 521.0 269.0
1 550.0 270.0
1 572.0 271.0
1 728.0 272.0
1 498.0 273.0
1 624.0 273.0
1 573.0 276.0
1 633.0 276.0
1 611.0 277.0
1 502.0 278.0
1 507.0 278.0
1 512.0 279.0
1 553.0 279.0
1 589.0 280.0
1 524.0 281.0
1 718.0 282.0
1 536.0 284.0
1 736.0 284.0
1 414.0 285.0
1 476.0 286.0
1 528.0 286.0
1 401.0 287.0
1 712.0 287.0
1 407.0 288.0
1 427.0 288.0
1 512.0 288.0
1 611.0 289.0
1 388.0 290.0
1 577.0 292.0
1 442.0 293.0
1 402.0 294.0
1 615.0 294.0
1 585.0 296.0
1 721.0 296.0
1 521.0 297.0
1 566.0 299.0
1 622.0 299.0
1 701.0 299.0
1 373.0 300.0
1 458.0 300.0
1 489.0 300.0
1 552.0 301.0
1 652.0 301.0
1 540.0 303.0
1 695.0 303.0
1 528.0 304.0
1 545.0 304.0
1 668.0 304.0
1 712.0 305.0
1 830.0 306.0
1 436.0 307.0
1 609.0 309.0
1 636.0 309.0
1 475.0 310.0
1 551.0 310.0
1 559.0 312.0
1 581.0 312.0
1 833.0 312.0
1 537.0 313.0
1 656.0 313.0
1 618.0 315.0
1 449.0 316.0
1 593.0 317.0
1 632.0 317.0
1 677.0 319.0
1 488.0 320.0
1 543.0 320.0
1 695.0 320.0
1 531.0 321.0
1 808.0 321.0
1 604.0 322.0
1 465.0 323.0
1 561.0 323.0
1 436.0 324.0
1 571.0 324.0
1 576.0 325.0
1 430.0 329.0
1 517.0 329.0
1 557.0 329.0
1 512.0 331.0
1 454.0 332.0
1 797.0 332.0
1 477.0 334.0
1 657.0 336.0
1 508.0 337.0
1 626.0 337.0
1 528.0 338.0
1 542.0 338.0
1 589.0 338.0
1 432.0 340.0
1 440.0 340.0
1 570.0 340.0
1 793.0 340.0
1 552.0 341.0
1 618.0 341.0
1 808.0 342.0
1 420.0 344.0
1 465.0 344.0
1 499.0 346.0
1 821.0 348.0
1 541.0 349.0
1 643.0 349.0
1 776.0 349.0
1 530.0 351.0
1 485.0 352.0
1 796.0 353.0
1 433.0 355.0
1 512.0 355.0
1 570.0 355.0
1 764.0 355.0
1 580.0 356.0
1 651.0 356.0
1 490.0 358.0
1 532.0 358.0
1 737.0 358.0
1 553.0 360.0
1 420.0 361.0
1 646.0 361.0
1 793.0 361.0
1 817.0 362.0
1 434.0 363.0
1 751.0 363.0
1 487.0 364.0
1 504.0 364.0
1 626.0 364.0
1 809.0 365.0
1 516.0 367.0
1 644.0 368.0
1 545.0 369.0
1 563.0 369.0
1 684.0 369.0
1 741.0 369.0
1 410.0 370.0
1 484.0 370.0
1 583.0 370.0
1 596.0 370.0
1 724.0 370.0
1 443.0 371.0
1 786.0 372.0
1 304.0 374.0
1 427.0 374.0
1 465.0 375.0
1 771.0 375.0
1 513.0 376.0
1 478.0 377.0
1 728.0 377.0
1 810.0 377.0
1 558.0 379.0
1 372.0 380.0
1 638.0 381.0
1 721.0 381.0
1 426.0 382.0
1 589.0 382.0
1 616.0 382.0
1 706.0 382.0
1 421.0 383.0
1 433.0 383.0
1 457.0 383.0
1 462.0 383.0
1 478.0 383.0
1 779.0 383.0
1 503.0 384.0
1 561.0 385.0
1 1014.0 385.0
1 796.0 386.0
1 577.0 387.0
1 524.0 388.0
1 463.0 389.0
1 468.0 390.0
1 532.0 390.0
1 749.0 390.0
1 697.0 392.0
1 436.0 395.0
1 453.0 395.0
1 502.0 395.0
1 549.0 395.0
1 584.0 396.0
1 613.0 396.0
1 758.0 396.0
1 240.0 397.0
1 647.0 397.0
1 735.0 397.0
1 245.0 398.0
1 465.0 398.0
1 630.0 398.0
1 655.0 398.0
1 566.0 400.0
1 279.0 401.0
1 640.0 401.0
1 458.0 402.0
1 578.0 403.0
1 780.0 403.0
1 744.0 404.0
1 426.0 405.0
1 486.0 406.0
1 540.0 406.0
1 471.0 407.0
1 614.0 408.0
1 756.0 408.0
1 446.0 410.0
1 451.0 411.0
1 463.0 412.0
1 770.0 412.0
1 527.0 413.0
1 544.0 413.0
1 565.0 413.0
1 437.0 414.0
1 481.0 414.0
1 552.0 414.0
1 515.0 417.0
1 749.0 417.0
1 457.0 418.0
1 979.0 418.0
1 482.0 419.0
1 497.0 419.0
1 604.0 420.0
1 427.0 421.0
1 778.0 424.0
1 446.0 425.0
1 623.0 425.0
1 687.0 425.0
1 764.0 427.0
1 470.0 428.0
1 741.0 428.0
1 637.0 430.0
1 509.0 431.0
1 488.0 433.0
1 428.0 435.0
1 439.0 435.0
1 582.0 436.0
1 738.0 436.0
1 756.0 436.0
1 462.0 437.0
1 574.0 438.0
1 725.0 438.0
1 499.0 439.0
1 538.0 439.0
1 661.0 439.0
1 563.0 440.0
1 549.0 441.0
1 433.0 442.0
1 474.0 442.0
1 760.0 443.0
1 489.0 444.0
1 667.0 444.0
1 747.0 444.0
1 772.0 445.0
1 579.0 446.0
1 482.0 448.0
1 543.0 448.0
1 702.0 448.0
1 724.0 448.0
1 438.0 449.0
1 602.0 449.0
1 451.0 450.0
1 739.0 450.0
1 574.0 451.0
1 564.0 452.0
1 611.0 452.0
1 673.0 452.0
1 475.0 453.0
1 592.0 453.0
1 501.0 455.0
1 574.0 456.0
1 728.0 457.0
1 758.0 457.0
1 445.0 458.0
1 492.0 458.0
1 544.0 458.0
1 702.0 458.0
1 721.0 458.0
1 740.0 458.0
1 658.0 459.0
1 467.0 460.0
1 506.0 460.0
1 626.0 460.0
1 558.0 462.0
1 749.0 462.0
1 710.0 463.0
1 715.0 463.0
1 571.0 464.0
1 680.0 464.0
1 763.0 464.0
1 462.0 466.0
1 473.0 466.0
1 450.0 467.0
1 584.0 467.0
1 768.0 467.0
1 633.0 468.0
1 664.0 468.0
1 413.0 469.0
1 498.0 469.0
1 682.0 469.0
1 715.0 470.0
1 730.0 470.0
1 742.0 471.0
1 431.0 472.0
1 456.0 474.0
1 481.0 475.0
1 465.0 476.0
1 569.0 476.0
1 639.0 476.0
1 999.0 476.0
1 425.0 477.0
1 492.0 478.0
1 670.0 478.0
1 685.0 478.0
1 761.0 478.0
1 723.0 479.0
1 743.0 479.0
1 513.0 480.0
1 441.0 483.0
1 686.0 483.0
1 430.0 484.0
1 714.0 484.0
1 727.0 484.0
1 463.0 485.0
1 493.0 486.0
1 649.0 486.0
1 737.0 486.0
1 448.0 487.0
1 691.0 487.0
1 748.0 487.0
1 761.0 489.0
1 515.0 491.0
1 634.0 491.0
1 395.0 492.0
1 411.0 492.0
1 677.0 492.0
1 464.0 493.0
1 600.0 495.0
1 713.0 495.0
1 549.0 496.0
1 496.0 497.0
1 657.0 497.0
1 156.0 498.0
1 696.0 499.0
1 753.0 499.0
1 470.0 500.0
1 515.0 500.0
1 404.0 501.0
1 638.0 502.0
1 670.0 502.0
1 736.0 502.0
1 608.0 503.0
1 498.0 504.0
1 682.0 504.0
1 546.0 505.0
1 755.0 507.0
1 567.0 508.0
1 708.0 508.0
1 588.0 509.0
1 471.0 512.0
1 637.0 512.0
1 377.0 514.0
1 487.0 514.0
1 668.0 514.0
1 754.0 514.0
1 389.0 515.0
1 704.0 517.0
1 617.0 519.0
1 685.0 519.0
1 502.0 520.0
1 636.0 520.0
1 513.0 521.0
1 714.0 521.0
1 731.0 521.0
1 476.0 522.0
1 569.0 523.0
1 704.0 523.0
1 547.0 525.0
1 425.0 528.0
1 505.0 528.0
1 678.0 528.0
1 706.0 528.0
1 569.0 529.0
1 748.0 530.0
1 529.0 531.0
1 666.0 534.0
1 477.0 535.0
1 635.0 535.0
1 732.0 535.0
1 494.0 537.0
1 506.0 537.0
1 480.0 540.0
1 710.0 540.0
1 634.0 541.0
1 130.0 542.0
1 539.0 542.0
1 739.0 542.0
1 570.0 544.0
1 416.0 546.0
1 616.0 548.0
1 512.0 549.0
1 570.0 549.0
1 401.0 550.0
1 480.0 550.0
1 731.0 550.0
1 495.0 551.0
1 605.0 551.0
1 633.0 552.0
1 714.0 552.0
1 663.0 553.0
1 689.0 553.0
1 535.0 554.0
1 556.0 556.0
1 728.0 560.0
1 632.0 561.0
1 571.0 563.0
1 739.0 563.0
1 516.0 564.0
1 598.0 564.0
1 491.0 565.0
1 553.0 565.0
1 662.0 566.0
1 718.0 567.0
1 571.0 571.0
1 696.0 571.0
1 543.0 573.0
1 608.0 573.0
1 671.0 573.0
1 518.0 574.0
1 632.0 575.0
1 728.0 578.0
1 631.0 580.0
1 612.0 581.0
1 503.0 582.0
1 674.0 582.0
1 491.0 584.0
1 521.0 585.0
1 573.0 585.0
1 598.0 590.0
1 630.0 591.0
1 707.0 591.0
1 689.0 592.0
1 310.0 593.0
1 353.0 595.0
1 502.0 596.0
1 682.0 597.0
1 711.0 597.0
1 308.0 598.0
1 725.0 599.0
1 654.0 602.0
1 562.0 604.0
1 589.0 605.0
1 528.0 606.0
1 597.0 606.0
1 629.0 606.0
1 680.0 606.0
1 576.0 607.0
1 513.0 610.0
1 707.0 610.0
1 613.0 612.0
1 556.0 613.0
1 659.0 613.0
1 715.0 613.0
1 530.0 614.0
1 726.0 614.0
1 503.0 616.0
1 704.0 617.0
1 577.0 619.0
1 596.0 621.0
1 628.0 623.0
1 692.0 623.0
1 724.0 623.0
1 675.0 625.0
1 739.0 626.0
1 660.0 627.0
1 716.0 627.0
1 554.0 629.0
1 646.0 630.0
1 516.0 631.0
1 566.0 633.0
1 628.0 634.0
1 699.0 634.0
1 714.0 634.0
1 537.0 635.0
1 673.0 635.0
1 579.0 636.0
1 652.0 642.0
1 561.0 643.0
1 540.0 644.0
1 698.0 647.0
1 579.0 650.0
1 599.0 650.0
1 626.0 651.0
1 686.0 653.0
1 666.0 654.0
1 556.0 655.0
1 692.0 656.0
1 533.0 659.0
1 626.0 661.0
1 569.0 662.0
1 601.0 663.0
1 582.0 666.0
1 656.0 666.0
1 553.0 670.0
1 558.0 671.0
1 659.0 672.0
1 583.0 674.0
1 567.0 675.0
1 590.0 675.0
1 610.0 677.0
1 603.0 678.0
1 629.0 679.0
1 579.0 683.0
1 590.0 684.0
1 600.0 686.0
1 613.0 690.0
1 586.0 692.0
