0 3 0 264.3670792927149
0 0 1 102.40624413073039
0 1 2 102.08197825110517
0 2 3 103.89413771391006
0 4 4 105.39063288656747
0 7 5 107.69966630031149
0 5 6 117.12834621679684
0 9 7 144.57076426772363
0 8 8 128.54227792801126
0 13 9 134.9228455848541
0 18 10 155.09883274770263
0 16 11 122.35226028979692
0 22 12 272.0952017666093
0 25 13 125.7110804382455
0 19 14 301.78599534582446
0 23 15 104.40820100084211
0 24 16 139.76384820560256
0 29 17 258.7693844145778
0 36 19 120.61882404451414
0 27 20 168.09067502009557
0 37 21 290.97970201196944
0 38 22 333.6505860039587
0 39 23 103.56679524743362
0 41 24 186.05613861464096
0 57 25 125.56022962924322
0 30 26 114.02391093513083
0 47 27 146.23127027029383
0 40 28 297.84484679304745
0 48 30 257.771094624988
0 46 31 188.6722109664859
0 64 32 193.2963428553916
0 44 33 189.97507946760103
0 52 34 319.5743888530414
0 54 35 120.34134986582367
0 70 36 129.4526285250445
0 60 38 135.32973786926124
0 66 39 135.91071889744669
0 69 40 157.2088420003544
0 65 42 220.32030406620794
0 72 43 117.8083449955797
0 67 45 140.1467775719593
0 76 46 195.3338434434013
0 68 47 354.1139866364163
0 56 48 370.66329582524764
0 78 49 117.4827023880816
0 80 50 113.0284552900301
0 87 51 179.00319645211846
0 74 53 146.2397083506793
0 43 54 194.42771344387114
0 88 56 190.97468687418518
0 77 57 234.0255879281902
0 89 58 115.12415641093381
0 92 59 227.730628418223
0 95 60 235.2158302127248
0 84 61 111.63059073959087
0 61 62 339.35500522466884
0 79 63 161.69083822180724
0 83 66 146.43899973771025
0 98 67 156.37731999736036
0 71 68 269.53602549931884
0 101 69 252.5925672767283
0 96 70 128.50881143786464
0 97 71 160.79519228852405
0 105 72 354.39101116949956
0 81 73 360.59030992377876
0 100 74 125.64977065860616
0 103 76 194.95353746581793
0 144 79 376.0575656318698
0 109 84 137.66073306247907
0 115 85 133.4784283592779
0 116 86 160.4057811499389
0 108 87 143.7704337000345
0 114 88 107.29355258275667
0 112 89 109.71555805046916
0 122 91 161.2379749416905
0 113 92 376.4056360729127
0 110 93 192.19765688445847
0 94 94 181.48763423848814
0 120 95 107.31596048658913
0 125 96 134.41150638051866
0 118 97 172.89379282485055
0 123 98 139.23794659496355
0 102 99 216.15237999039908
0 121 100 147.07054017857223
0 104 101 187.67040235246637
0 130 103 202.56741872339012
0 135 104 210.26890373256023
0 129 105 220.98283871766537
0 134 106 170.18321366122402
0 133 107 150.60209091574174
0 131 109 132.7703295964972
0 136 111 217.5641813852683
0 132 113 161.92470274937406
0 119 114 442.8540290533262
0 124 115 201.5861139631161
0 127 116 122.62227169506279
0 149 117 113.6619390448699
0 145 118 172.44867490055574
0 146 119 249.74169104520772
0 151 120 111.39311776405545
0 150 121 119.63583312695461
0 152 123 107.18150948873475
0 161 124 113.61306287583011
0 138 125 140.08237174929712
0 157 127 180.8452652986474
0 160 128 176.36527588295561
0 165 129 132.2801414008174
0 163 130 163.03867446803693
0 464 131 346.9615764182495
0 176 132 111.6166435124601
0 159 134 106.36567919098965
0 162 136 110.70205259695148
0 171 137 146.8300665807186
0 168 138 165.06052912153845
0 172 139 107.56617683877482
0 148 140 109.3997618758378
0 158 141 173.92698374456234
0 147 142 122.39683728951802
0 156 143 152.77516887735692
0 181 144 115.40166236234623
0 182 145 142.24981245006018
0 173 147 119.93267215017205
0 174 148 152.47779821149672
0 170 149 227.63258779657014
0 177 150 179.5647710806081
0 180 151 189.07531337277302
0 186 152 105.94251090432265
0 187 153 160.40585783139466
0 183 154 120.14789093287189
0 178 155 108.67357758760848
0 175 156 173.06857768282757
0 189 157 142.35594399476844
0 164 158 157.25945948884632
0 185 160 208.4087506697857
0 169 161 110.06726960911696
0 179 162 168.2743242383922
0 193 163 107.80942197363821
0 153 164 288.67230858306
0 199 165 179.83631750729086
0 198 166 131.48080257663634
0 190 167 155.39568611864883
0 184 168 116.07190927841728
0 205 169 115.53297705442837
0 196 170 157.221217066037
0 197 171 295.1467829247725
0 202 172 116.71973147502497
0 192 173 119.67947684969893
0 217 174 266.2789797061113
0 188 175 114.33582555918338
0 194 176 108.93979188137904
0 200 177 104.72162551437118
0 191 178 104.41656401172024
0 209 179 161.4747264074718
0 207 180 123.19175092163161
0 211 181 123.22359105365794
0 195 182 189.26384565600677
0 210 183 252.21754501695233
0 494 184 287.87340528045377
0 204 185 211.29046284005008
0 220 186 142.07756096862843
0 219 188 143.8283005220942
0 230 189 335.97349253936983
0 206 190 106.60178509466101
0 215 191 122.06567058714309
0 221 192 129.02408536505646
0 216 193 107.10130541002411
0 223 194 168.7912880389214
0 224 195 174.31721355386424
0 232 196 161.51962235490595
0 225 197 112.713172753337
0 228 198 197.59764775024598
0 234 199 158.48106493521462
0 229 200 210.49521633603524
0 222 201 387.62584479431797
0 213 202 145.73557165186455
0 241 203 118.28957326477135
0 233 204 123.82438463903631
0 226 205 150.653088038746
0 237 207 169.41451513406415
0 259 210 161.40513109127684
0 240 211 119.49295526268988
0 235 212 111.83331484688959
0 236 213 121.59343106776892
0 265 214 109.16968662905566
0 238 215 156.3503305708722
0 262 216 289.2764096461242
0 270 217 150.931210277836
0 271 218 256.567878014303
0 253 220 214.0446544703908
0 242 221 155.80367967577055
0 239 222 236.7630893113997
0 231 223 143.17461753318184
0 255 224 143.01393142511884
0 248 225 353.7373129973016
0 250 226 109.8363154236824
0 269 229 240.85318093803045
0 244 233 158.2278109737218
0 246 234 259.2050601268585
0 247 236 180.5419848601509
0 260 237 113.4364821012085
0 285 239 142.37169676585262
0 257 240 128.51181375042617
0 311 241 253.96453639883165
0 277 242 146.68345092397058
0 243 243 116.03749338448867
0 264 244 223.8435172906117
0 275 245 232.95730682215097
0 284 246 116.61113512531418
0 256 248 116.18753286495571
0 266 251 399.86557711035596
0 283 252 153.22779319290845
0 287 253 137.02822065465762
0 299 256 402.43332662499824
0 291 257 193.208526170856
0 308 261 111.53886145531975
0 286 262 159.1665196962356
0 293 263 127.30462838218517
0 272 264 187.54981291093415
0 267 265 187.59980892506033
0 298 266 113.49897191293468
0 325 267 285.1448773796786
0 276 270 103.66867579168309
0 292 271 160.8027901900922
0 279 272 169.14072837550472
0 295 273 156.32572468484378
0 263 274 114.98480790409799
0 282 275 118.33707271411613
0 300 277 127.64623435142137
0 288 278 201.50240284648356
0 297 279 126.8699387754747
0 296 280 233.6151708521309
0 304 281 188.8542848726142
0 315 283 127.43204306854415
0 268 284 375.5826722888052
0 309 285 179.4661568325963
0 312 286 137.0813575594162
0 289 287 248.75049595261154
0 303 288 207.60634769550578
0 302 289 120.9399617988328
0 301 290 169.7606170355222
0 307 291 434.4914486414127
0 324 292 140.37705777926303
0 337 294 119.7793865877943
0 330 295 233.51060165124125
0 326 296 188.04412529672584
0 335 297 139.2351617329571
0 329 298 209.44684622827
0 340 299 107.38419576148637
0 322 300 182.69497812523412
0 342 302 124.34174098578453
0 310 304 206.40291059173342
0 321 305 118.78754013550399
0 343 306 110.00309803866286
0 320 307 253.69778627072156
0 348 308 107.64827385132165
0 328 310 142.46805294610917
0 317 311 491.4763838707185
0 345 312 197.99103699966662
0 333 313 204.0248946811199
0 354 314 105.1239248934723
0 357 315 115.02385392755092
0 362 316 107.844279929986
0 352 317 143.4683490765664
0 339 319 160.49491912937626
0 316 320 310.7984826515843
0 334 321 329.9433663839493
0 372 322 223.03964409834626
0 355 324 118.14063942014445
0 327 325 433.5568192580787
0 351 328 160.18213764449456
0 353 329 176.5098939796982
0 347 330 113.75222024836677
0 374 331 108.03116398490712
0 356 332 130.39163073242284
0 319 333 451.7298158976315
0 332 334 185.74668052801553
0 367 335 134.8133224736227
0 361 337 109.02969628631192
0 366 338 210.4067016248902
0 384 339 278.72923897198297
0 363 340 113.21968006286286
0 375 341 140.12366002263397
0 441 342 113.8087507132034
0 346 343 131.2291982262815
0 376 344 187.3337778875516
0 378 345 107.72509387700171
0 377 347 123.09369197155814
0 382 348 117.09841717112377
0 368 349 109.97991451870885
0 394 351 112.837070936122
0 399 352 203.1947810727655
0 371 354 112.5138963972075
0 349 355 146.35187940278874
0 379 356 128.14619217006828
0 396 357 109.4246997267581
0 350 358 136.36655951689292
0 365 359 210.16154371355813
0 381 360 105.02627219314218
0 393 361 117.94588535008921
0 395 362 109.81039182896059
0 398 363 223.8666803481958
0 392 364 121.32753188323116
0 404 365 113.85743999623217
0 391 366 115.90549440376485
0 385 367 153.02786408432925
0 389 368 108.9482598861464
0 364 370 113.01229148618243
0 370 371 208.72560581214387
0 386 372 134.2929212924901
0 388 373 115.65208891440366
0 380 375 127.26577883423711
0 401 376 106.27492894772831
0 410 377 104.19503678546084
0 412 378 176.04582064187008
0 414 379 152.12041449264456
0 369 380 129.3420600516575
0 390 381 205.43828310321572
0 435 382 151.99694433633172
0 407 383 121.67544282198104
0 408 384 147.05035355789434
0 413 385 158.73495067377516
0 419 386 108.64860797260825
0 405 387 120.70115844137868
0 409 388 103.68123273340677
0 418 390 171.22143288766532
0 383 391 118.83093734990943
0 428 392 124.98504288674259
0 421 393 148.1035756529225
0 453 394 127.23775004508664
0 397 395 151.11967818237173
0 423 396 150.03712648931864
0 422 397 210.0243032683352
0 426 398 142.30666662142858
0 431 399 189.02295196037386
0 430 400 124.75800701184959
0 440 401 109.27171279201818
0 434 402 106.94514244422568
0 427 403 128.33472066961758
0 438 404 113.90501094803365
0 446 405 103.92475837820245
0 400 406 111.86328278536455
0 437 407 108.6685517765269
0 439 408 111.67339735894517
0 436 410 193.62188165685663
0 402 411 108.99829536838897
0 444 412 106.94147494853145
0 466 413 110.92244408115026
0 445 414 108.1185082686362
0 406 415 111.14274295327182
0 472 416 211.38628787551391
0 451 417 173.67206039987434
0 452 418 116.84909200572224
0 450 419 102.73334411865453
0 456 420 119.8030961457276
0 424 421 130.47360523474177
0 461 422 123.46450314290642
0 420 423 104.75578392526114
0 454 424 101.91229022584606
0 447 425 173.09061136092018
0 462 426 142.17868809836398
0 448 427 209.07355326502963
0 457 429 109.55699241097246
0 432 430 104.3832628816042
0 417 431 111.89881174823017
0 460 432 107.12081510631141
0 465 433 165.61587443799223
0 341 434 120.10447243624603
0 463 435 113.3471606486317
0 487 436 110.96079755295472
0 471 437 109.94630676059833
0 467 438 104.22405454245347
0 475 439 116.78870489488527
0 480 441 107.5782333505158
0 473 442 102.63722956826908
0 442 443 115.05928868392714
0 478 444 101.80849290477911
0 468 445 148.45031265567528
0 443 446 103.14384566480814
0 458 447 206.67945343554126
0 479 448 106.8137061032962
0 486 449 115.02461887315994
0 489 450 126.38978191282074
0 497 451 107.78263893756224
0 484 452 127.10930774845394
0 485 453 138.7099323862894
0 504 454 126.24185828753171
0 455 456 105.2818397534013
0 492 457 169.49014601806834
0 488 458 103.8361443784719
0 491 459 154.46417539730487
0 490 460 106.57911245269767
0 470 461 186.15490058644087
0 502 462 103.84966115128096
0 493 463 126.94782229440497
0 482 464 138.1225065079833
0 500 465 196.0198333017484
0 512 466 107.68015253839359
0 506 467 106.88029624642658
0 520 468 104.23027057337839
0 483 469 160.5904583483852
0 501 470 125.78800933384946
0 505 471 102.46016658097386
0 511 472 126.36875248373127
0 481 473 160.33794679279973
0 509 474 133.20978814541047
0 476 475 113.0735754628176
0 507 476 191.82484742934918
0 521 477 179.11887502367475
0 499 478 280.77739711641624
0 525 479 106.14841783508354
0 518 480 107.41010721409924
0 514 481 185.35224593496946
0 534 482 108.86625981045822
0 519 483 141.81886759214748
0 530 484 106.26200514968549
0 510 485 237.17970566882167
0 527 486 118.84572724048974
0 529 487 137.0405103588533
0 541 488 179.8387078620672
0 531 489 112.15950632001355
0 550 490 114.8683006050415
0 532 491 123.83329567772965
0 536 492 127.46935745087056
0 540 493 107.56494237139913
0 537 494 102.39926250531155
0 533 495 130.64934935483709
0 545 496 110.0804422634956
0 539 497 166.68494080510465
0 538 498 110.3975200523521
0 543 499 121.00347131316323
0 546 500 110.60343460215249
0 508 501 108.23539673178082
0 542 502 123.36704381234773
0 554 504 137.14065617570913
0 547 505 104.15683929502552
0 562 506 112.06359749374064
0 559 507 107.97260979251404
0 549 508 125.21918673286324
0 548 509 177.45761940976558
0 555 510 123.33551938567248
0 515 511 144.9530431452876
0 558 512 112.13111063910502
0 557 513 102.32311402241638
0 560 514 103.54427675127333
0 561 516 135.65839848658376
0 563 517 121.14774693509607
0 571 518 148.3944689387053
0 566 519 149.78379968493758
0 565 520 118.82759603472097
0 575 521 142.75428582806077
0 567 523 116.65568173719261
0 574 524 102.91176366851147
0 582 525 115.69941627613358
0 572 526 110.66320620761343
0 581 527 102.53230196507835
0 576 528 124.73831462319878
0 578 529 110.4401639182931
0 580 530 116.47842698315733
0 583 531 126.10413736056623
0 579 532 182.02801136008554
0 594 533 105.44818894422939
0 584 534 103.99108131604886
0 612 535 166.39183985331286
0 591 536 121.07411571641151
0 589 537 106.41554350989932
0 586 538 123.04234319710451
0 588 539 103.24127397242655
0 592 540 115.19093215913377
0 599 541 104.65313393956556
0 590 542 116.41668545972446
0 597 543 103.44873172266898
0 585 544 191.26841349470948
0 596 545 118.47104900572315
0 601 546 108.13294696352517
0 600 547 114.97855890277724
0 604 548 132.1666496244757
0 616 549 118.85689154230434
0 568 551 141.9707026405771
0 603 552 113.2241575953083
0 605 554 106.70079623577513
0 570 555 198.77447876130864
0 573 556 155.64077121574314
0 606 557 102.80675306113783
0 607 558 107.9917083621595
0 620 559 171.71200612452415
0 602 560 191.84844979483216
0 617 561 234.46936145271025
0 609 562 122.12714992736305
0 615 563 104.08658512609006
0 610 564 104.633077035384
0 613 565 104.15753119346591
0 618 566 107.86238307799417
0 608 567 209.1189235294213
0 624 568 119.78264481272574
0 622 569 163.3194034523352
0 625 570 108.68891833665404
0 623 571 169.13290184853219
0 621 572 117.36668014252274
0 629 573 141.75517978097133
0 626 574 110.25605335858997
0 627 575 104.16249761280534
0 633 576 112.40707708579376
0 631 577 110.10054674845647
0 628 578 113.66427229752732
0 639 579 237.97871198109584
0 632 580 115.99445208381832
0 634 582 102.03852429269577
0 635 583 107.54786962830083
0 638 584 109.87712350017888
0 640 585 105.22843816966467
0 641 586 107.15024011256857
0 643 587 121.14884045003502
0 645 588 104.99187147963853
0 646 589 120.47109861807922
0 647 590 116.78085200130026
0 648 591 103.22645427939732
0 649 592 104.15330881620304
0 650 593 105.7780541829868
0 652 594 101.86341407378832
0 653 595 102.55587441312473

0 904.0 59.0
0 689.0 82.0
0 244.0 107.0
0 729.0 114.0
0 719.0 118.0
0 473.0 123.0
0 273.0 131.0
0 888.0 140.0
0 286.0 144.0
0 299.0 155.0
0 472.0 158.0
0 283.0 161.0
0 492.0 161.0
0 311.0 167.0
0 856.0 167.0
0 662.0 168.0
0 289.0 169.0
0 473.0 170.0
0 496.0 172.0
0 327.0 179.0
0 842.0 183.0
0 475.0 184.0
0 502.0 186.0
0 643.0 188.0
0 308.0 189.0
0 487.0 189.0
0 361.0 191.0
0 342.0 193.0
0 832.0 195.0
0 838.0 196.0
0 476.0 197.0
0 819.0 199.0
0 347.0 201.0
0 840.0 201.0
0 509.0 202.0
0 648.0 205.0
0 491.0 206.0
0 358.0 207.0
0 796.0 209.0
0 323.0 210.0
0 618.0 211.0
0 564.0 212.0
0 478.0 214.0
0 347.0 217.0
0 515.0 219.0
0 769.0 221.0
0 373.0 222.0
0 572.0 222.0
0 538.0 223.0
0 349.0 228.0
0 359.0 229.0
0 480.0 231.0
0 518.0 233.0
0 618.0 234.0
0 534.0 236.0
0 743.0 236.0
0 389.0 238.0
0 592.0 238.0
0 372.0 242.0
0 499.0 243.0
0 564.0 243.0
0 752.0 243.0
0 530.0 245.0
0 539.0 245.0
0 726.0 247.0
0 581.0 248.0
0 608.0 249.0
0 483.0 250.0
0 523.0 251.0
0 734.0 251.0
0 382.0 253.0
0 406.0 253.0
0 498.0 255.0
0 523.0 256.0
0 387.0 257.0
0 575.0 257.0
0 564.0 258.0
0 499.0 260.0
0 708.0 261.0
0 622.0 262.0
0 516.0 264.0
0 539.0 265.0
0 716.0 265.0
0 502.0 268.0
0 422.0 269.0
0 485.0 269.0
0 563.0 269.0
0 692.0 271.0
0 376.0 273.0
0 401.0 273.0
0 517.0 277.0
0 597.0 277.0
0 506.0 279.0
0 697.0 279.0
0 540.0 280.0
0 408.0 281.0
0 452.0 281.0
0 550.0 281.0
0 437.0 283.0
0 531.0 289.0
0 513.0 290.0
0 542.0 290.0
0 682.0 291.0
0 463.0 294.0
0 592.0 294.0
0 449.0 296.0
0 424.0 299.0
0 556.0 299.0
0 540.0 302.0
0 509.0 304.0
0 473.0 305.0
0 566.0 306.0
0 589.0 306.0
0 665.0 306.0
0 684.0 306.0
0 541.0 311.0
0 551.0 315.0
0 440.0 316.0
0 484.0 317.0
0 586.0 319.0
0 445.0 320.0
0 509.0 320.0
0 649.0 320.0
0 455.0 321.0
0 369.0 323.0
0 546.0 324.0
0 568.0 324.0
0 585.0 324.0
0 472.0 325.0
0 381.0 326.0
0 345.0 327.0
0 597.0 327.0
0 418.0 328.0
0 642.0 328.0
0 494.0 329.0
0 659.0 329.0
0 454.0 330.0
0 395.0 331.0
0 335.0 332.0
0 357.0 332.0
0 551.0 332.0
0 637.0 332.0
0 529.0 334.0
0 567.0 335.0
0 331.0 337.0
0 410.0 337.0
0 652.0 337.0
0 463.0 338.0
0 607.0 340.0
0 647.0 340.0
0 628.0 342.0
0 756.0 342.0
0 388.0 344.0
0 488.0 344.0
0 470.0 345.0
0 509.0 346.0
0 566.0 346.0
0 426.0 347.0
0 535.0 347.0
0 621.0 349.0
0 760.0 350.0
0 543.0 351.0
0 594.0 351.0
0 401.0 353.0
0 479.0 354.0
0 439.0 356.0
0 737.0 357.0
0 611.0 358.0
0 533.0 360.0
0 415.0 361.0
0 606.0 361.0
0 561.0 362.0
0 388.0 363.0
0 489.0 363.0
0 566.0 363.0
0 544.0 364.0
0 474.0 365.0
0 505.0 365.0
0 520.0 367.0
0 728.0 368.0
0 379.0 369.0
0 406.0 369.0
0 555.0 369.0
0 570.0 369.0
0 426.0 370.0
0 458.0 370.0
0 724.0 375.0
0 740.0 375.0
0 399.0 376.0
0 418.0 377.0
0 488.0 377.0
0 589.0 377.0
0 390.0 379.0
0 507.0 381.0
0 735.0 381.0
0 553.0 382.0
0 708.0 383.0
0 369.0 384.0
0 581.0 384.0
0 750.0 384.0
0 597.0 386.0
0 439.0 387.0
0 471.0 388.0
0 679.0 388.0
0 724.0 388.0
0 480.0 390.0
0 576.0 390.0
0 698.0 390.0
0 589.0 391.0
0 594.0 391.0
0 604.0 391.0
0 548.0 392.0
0 509.0 394.0
0 382.0 395.0
0 618.0 395.0
0 432.0 396.0
0 587.0 396.0
0 636.0 396.0
0 669.0 397.0
0 676.0 397.0
0 684.0 397.0
0 720.0 398.0
0 493.0 400.0
0 458.0 402.0
0 735.0 402.0
0 498.0 403.0
0 561.0 403.0
0 658.0 403.0
0 442.0 405.0
0 639.0 405.0
0 674.0 405.0
0 711.0 405.0
0 669.0 408.0
0 368.0 409.0
0 373.0 409.0
0 378.0 409.0
0 384.0 409.0
0 533.0 409.0
0 721.0 409.0
0 650.0 411.0
0 419.0 412.0
0 660.0 413.0
0 734.0 415.0
0 301.0 416.0
0 451.0 416.0
0 456.0 416.0
0 578.0 417.0
0 708.0 417.0
0 355.0 418.0
0 370.0 419.0
0 375.0 419.0
0 380.0 419.0
0 556.0 419.0
0 692.0 419.0
0 443.0 420.0
0 259.0 421.0
0 264.0 421.0
0 517.0 422.0
0 529.0 423.0
0 522.0 424.0
0 555.0 424.0
0 600.0 424.0
0 720.0 424.0
0 685.0 425.0
0 409.0 426.0
0 438.0 426.0
0 676.0 427.0
0 694.0 427.0
0 376.0 430.0
0 707.0 430.0
0 312.0 431.0
0 471.0 431.0
0 368.0 432.0
0 576.0 432.0
0 256.0 433.0
0 385.0 433.0
0 555.0 433.0
0 527.0 434.0
0 404.0 435.0
0 488.0 435.0
0 436.0 437.0
0 555.0 438.0
0 504.0 439.0
0 685.0 439.0
0 513.0 440.0
0 706.0 440.0
0 518.0 441.0
0 425.0 443.0
0 480.0 445.0
0 375.0 446.0
0 395.0 449.0
0 427.0 450.0
0 681.0 450.0
0 384.0 452.0
0 548.0 453.0
0 699.0 453.0
0 498.0 454.0
0 530.0 454.0
0 511.0 455.0
0 713.0 455.0
0 484.0 456.0
0 562.0 457.0
0 567.0 457.0
0 397.0 459.0
0 412.0 459.0
0 457.0 460.0
0 622.0 460.0
0 384.0 462.0
0 579.0 462.0
0 670.0 462.0
0 444.0 463.0
0 411.0 464.0
0 690.0 464.0
0 429.0 466.0
0 550.0 468.0
0 529.0 471.0
0 698.0 471.0
0 667.0 472.0
0 682.0 472.0
0 377.0 473.0
0 402.0 473.0
0 416.0 473.0
0 708.0 473.0
0 430.0 474.0
0 605.0 474.0
0 648.0 474.0
0 593.0 475.0
0 973.0 475.0
0 517.0 476.0
0 512.0 477.0
0 441.0 478.0
0 688.0 478.0
0 507.0 479.0
0 636.0 479.0
0 396.0 480.0
0 676.0 480.0
0 403.0 482.0
0 497.0 482.0
0 597.0 482.0
0 708.0 482.0
0 483.0 483.0
0 655.0 483.0
0 962.0 483.0
0 415.0 484.0
0 433.0 484.0
0 542.0 485.0
0 624.0 485.0
0 668.0 485.0
0 697.0 485.0
0 513.0 486.0
0 527.0 486.0
0 559.0 486.0
0 702.0 486.0
0 425.0 488.0
0 479.0 488.0
0 387.0 491.0
0 601.0 491.0
0 687.0 492.0
0 400.0 494.0
0 417.0 494.0
0 504.0 494.0
0 652.0 494.0
0 669.0 494.0
0 441.0 495.0
0 631.0 495.0
0 696.0 496.0
0 481.0 497.0
0 527.0 497.0
0 585.0 497.0
0 705.0 497.0
0 357.0 499.0
0 409.0 499.0
0 432.0 499.0
0 493.0 499.0
0 637.0 499.0
0 404.0 502.0
0 504.0 503.0
0 678.0 503.0
0 604.0 504.0
0 685.0 504.0
0 375.0 505.0
0 418.0 505.0
0 699.0 505.0
0 527.0 507.0
0 563.0 507.0
0 643.0 507.0
0 669.0 507.0
0 589.0 508.0
0 437.0 509.0
0 605.0 510.0
0 564.0 512.0
0 369.0 513.0
0 418.0 515.0
0 423.0 515.0
0 701.0 515.0
0 407.0 516.0
0 502.0 516.0
0 485.0 517.0
0 569.0 517.0
0 607.0 517.0
0 434.0 518.0
0 657.0 518.0
0 670.0 518.0
0 593.0 520.0
0 641.0 520.0
0 679.0 520.0
0 375.0 521.0
0 454.0 521.0
0 630.0 521.0
0 608.0 522.0
0 413.0 523.0
0 339.0 524.0
0 434.0 524.0
0 693.0 525.0
0 573.0 526.0
0 355.0 527.0
0 477.0 527.0
0 609.0 527.0
0 454.0 529.0
0 562.0 530.0
0 639.0 531.0
0 377.0 532.0
0 623.0 533.0
0 348.0 534.0
0 534.0 534.0
0 598.0 534.0
0 668.0 534.0
0 688.0 534.0
0 421.0 536.0
0 483.0 536.0
0 356.0 537.0
0 366.0 537.0
0 579.0 537.0
0 612.0 537.0
0 103.0 538.0
0 454.0 538.0
0 695.0 539.0
0 440.0 540.0
0 568.0 540.0
0 639.0 541.0
0 613.0 542.0
0 676.0 544.0
0 503.0 545.0
0 321.0 547.0
0 520.0 547.0
0 600.0 547.0
0 335.0 548.0
0 423.0 548.0
0 569.0 549.0
0 636.0 549.0
0 624.0 552.0
0 664.0 552.0
0 436.0 553.0
0 585.0 553.0
0 691.0 553.0
0 441.0 554.0
0 328.0 555.0
0 446.0 555.0
0 551.0 555.0
0 616.0 555.0
0 569.0 556.0
0 428.0 557.0
0 644.0 559.0
0 505.0 561.0
0 601.0 561.0
0 451.0 563.0
0 670.0 563.0
0 634.0 564.0
0 683.0 564.0
0 429.0 565.0
0 506.0 566.0
0 472.0 567.0
0 619.0 568.0
0 303.0 569.0
0 593.0 569.0
0 314.0 570.0
0 569.0 571.0
0 453.0 573.0
0 433.0 574.0
0 644.0 574.0
0 480.0 576.0
0 568.0 576.0
0 668.0 577.0
0 508.0 578.0
0 631.0 578.0
0 434.0 579.0
0 550.0 582.0
0 509.0 583.0
0 436.0 584.0
0 458.0 584.0
0 684.0 584.0
0 541.0 585.0
0 598.0 585.0
0 646.0 585.0
0 476.0 586.0
0 568.0 586.0
0 667.0 586.0
0 625.0 587.0
0 495.0 592.0
0 568.0 593.0
0 603.0 593.0
0 84.0 594.0
0 550.0 594.0
0 291.0 595.0
0 447.0 596.0
0 463.0 596.0
0 675.0 596.0
0 653.0 597.0
0 537.0 598.0
0 511.0 600.0
0 628.0 600.0
0 326.0 602.0
0 605.0 603.0
0 486.0 604.0
0 465.0 605.0
0 545.0 606.0
0 569.0 606.0
0 527.0 608.0
0 662.0 609.0
0 568.0 611.0
0 629.0 611.0
0 447.0 612.0
0 552.0 612.0
0 609.0 612.0
0 469.0 614.0
0 674.0 615.0
0 514.0 616.0
0 643.0 618.0
0 539.0 620.0
0 568.0 621.0
0 613.0 621.0
0 458.0 624.0
0 632.0 626.0
0 667.0 626.0
0 594.0 629.0
0 507.0 633.0
0 619.0 633.0
0 477.0 634.0
0 530.0 634.0
0 569.0 634.0
0 538.0 635.0
0 657.0 636.0
0 519.0 637.0
0 604.0 638.0
0 634.0 639.0
0 554.0 640.0
0 480.0 641.0
0 502.0 641.0
0 460.0 642.0
0 689.0 642.0
0 241.0 644.0
0 281.0 646.0
0 521.0 646.0
0 624.0 647.0
0 538.0 648.0
0 239.0 649.0
0 276.0 649.0
0 569.0 650.0
0 615.0 650.0
0 660.0 653.0
0 636.0 654.0
0 501.0 656.0
0 586.0 656.0
0 616.0 658.0
0 476.0 659.0
0 570.0 659.0
0 525.0 663.0
0 637.0 663.0
0 648.0 664.0
0 596.0 666.0
0 491.0 667.0
0 591.0 667.0
0 508.0 668.0
0 643.0 668.0
0 525.0 674.0
0 544.0 674.0
0 631.0 674.0
0 611.0 675.0
0 570.0 676.0
0 640.0 676.0
0 505.0 679.0
0 589.0 680.0
0 487.0 683.0
0 571.0 684.0
0 530.0 691.0
0 606.0 692.0
0 509.0 693.0
0 533.0 696.0
0 517.0 697.0
0 551.0 699.0
0 556.0 699.0
0 576.0 701.0
0 529.0 704.0
0 539.0 706.0
0 561.0 711.0
0 534.0 714.0
1 689.0 27.0
1 229.0 38.0
1 730.0 52.0
1 893.0 54.0
1 718.0 55.0
1 259.0 63.0
1 871.0 66.0
1 468.0 74.0
1 271.0 75.0
1 880.0 76.0
1 536.0 83.0
1 544.0 85.0
1 551.0 85.0
1 284.0 87.0
1 479.0 90.0
1 550.0 90.0
1 267.0 91.0
1 521.0 94.0
1 465.0 95.0
1 860.0 95.0
1 556.0 96.0
1 282.0 97.0
1 482.0 97.0
1 665.0 98.0
1 273.0 99.0
1 296.0 99.0
1 516.0 101.0
1 844.0 101.0
1 531.0 103.0
1 465.0 104.0
1 341.0 105.0
1 859.0 105.0
1 486.0 106.0
1 548.0 107.0
1 476.0 108.0
1 283.0 112.0
1 312.0 112.0
1 465.0 113.0
1 488.0 116.0
1 647.0 117.0
1 825.0 117.0
1 290.0 119.0
1 295.0 119.0
1 514.0 120.0
1 844.0 120.0
1 477.0 121.0
1 820.0 121.0
1 328.0 127.0
1 466.0 127.0
1 535.0 128.0
1 810.0 128.0
1 830.0 129.0
1 495.0 130.0
1 545.0 130.0
1 654.0 130.0
1 507.0 131.0
1 513.0 131.0
1 479.0 132.0
1 520.0 132.0
1 530.0 132.0
1 795.0 133.0
1 511.0 136.0
1 304.0 138.0
1 313.0 138.0
1 342.0 141.0
1 467.0 141.0
1 308.0 144.0
1 768.0 146.0
1 547.0 147.0
1 613.0 147.0
1 482.0 149.0
1 504.0 149.0
1 332.0 151.0
1 504.0 155.0
1 626.0 155.0
1 469.0 156.0
1 359.0 157.0
1 599.0 160.0
1 332.0 161.0
1 520.0 161.0
1 343.0 163.0
1 497.0 164.0
1 547.0 164.0
1 619.0 167.0
1 750.0 168.0
1 526.0 169.0
1 338.0 171.0
1 470.0 172.0
1 374.0 173.0
1 356.0 176.0
1 584.0 176.0
1 548.0 179.0
1 489.0 180.0
1 497.0 182.0
1 523.0 182.0
1 534.0 186.0
1 366.0 187.0
1 392.0 190.0
1 472.0 190.0
1 570.0 191.0
1 370.0 192.0
1 709.0 193.0
1 513.0 194.0
1 549.0 194.0
1 524.0 195.0
1 488.0 198.0
1 494.0 198.0
1 389.0 200.0
1 687.0 203.0
1 408.0 207.0
1 694.0 207.0
1 285.0 208.0
1 385.0 208.0
1 492.0 208.0
1 360.0 209.0
1 474.0 209.0
1 550.0 211.0
1 522.0 212.0
1 540.0 214.0
1 703.0 216.0
1 393.0 217.0
1 490.0 218.0
1 590.0 221.0
1 423.0 222.0
1 524.0 224.0
1 449.0 225.0
1 375.0 228.0
1 535.0 231.0
1 405.0 232.0
1 439.0 237.0
1 458.0 237.0
1 491.0 237.0
1 658.0 237.0
1 545.0 238.0
1 412.0 239.0
1 584.0 239.0
1 554.0 240.0
1 433.0 242.0
1 531.0 242.0
1 554.0 245.0
1 438.0 248.0
1 523.0 248.0
1 450.0 249.0
1 480.0 250.0
1 605.0 250.0
1 469.0 251.0
1 581.0 251.0
1 512.0 253.0
1 535.0 253.0
1 425.0 254.0
1 491.0 256.0
1 430.0 259.0
1 440.0 260.0
1 452.0 263.0
1 463.0 265.0
1 515.0 265.0
1 555.0 265.0
1 578.0 265.0
1 630.0 265.0
1 481.0 266.0
1 458.0 267.0
1 354.0 269.0
1 440.0 270.0
1 340.0 271.0
1 520.0 271.0
1 366.0 272.0
1 493.0 272.0
1 602.0 273.0
1 329.0 274.0
1 529.0 276.0
1 640.0 276.0
1 381.0 277.0
1 343.0 278.0
1 449.0 278.0
1 601.0 278.0
1 552.0 279.0
1 415.0 280.0
1 616.0 280.0
1 492.0 281.0
1 598.0 283.0
1 755.0 283.0
1 315.0 284.0
1 396.0 284.0
1 456.0 285.0
1 517.0 286.0
1 755.0 288.0
1 374.0 290.0
1 480.0 291.0
1 529.0 293.0
1 412.0 294.0
1 602.0 294.0
1 504.0 295.0
1 467.0 298.0
1 386.0 299.0
1 449.0 300.0
1 516.0 300.0
1 595.0 300.0
1 547.0 301.0
1 734.0 302.0
1 425.0 303.0
1 490.0 303.0
1 612.0 304.0
1 371.0 305.0
1 435.0 305.0
1 440.0 305.0
1 400.0 306.0
1 472.0 307.0
1 361.0 312.0
1 422.0 313.0
1 724.0 313.0
1 561.0 314.0
1 391.0 315.0
1 442.0 316.0
1 454.0 316.0
1 506.0 316.0
1 578.0 316.0
1 491.0 319.0
1 553.0 320.0
1 774.0 320.0
1 381.0 321.0
1 720.0 321.0
1 373.0 322.0
1 415.0 322.0
1 734.0 322.0
1 540.0 323.0
1 351.0 324.0
1 454.0 326.0
1 746.0 327.0
1 566.0 328.0
1 585.0 328.0
1 408.0 329.0
1 438.0 329.0
1 703.0 330.0
1 719.0 332.0
1 747.0 332.0
1 494.0 334.0
1 364.0 336.0
1 692.0 336.0
1 399.0 337.0
1 467.0 338.0
1 538.0 339.0
1 673.0 340.0
1 715.0 341.0
1 274.0 342.0
1 350.0 342.0
1 742.0 342.0
1 357.0 343.0
1 362.0 343.0
1 481.0 343.0
1 599.0 343.0
1 549.0 344.0
1 434.0 345.0
1 474.0 345.0
1 675.0 345.0
1 576.0 346.0
1 733.0 346.0
1 324.0 347.0
1 392.0 347.0
1 559.0 349.0
1 596.0 349.0
1 522.0 351.0
1 539.0 351.0
1 575.0 351.0
1 241.0 352.0
1 426.0 352.0
1 610.0 352.0
1 376.0 353.0
1 415.0 353.0
1 483.0 353.0
1 589.0 353.0
1 628.0 353.0
1 661.0 353.0
1 386.0 354.0
1 494.0 354.0
1 307.0 355.0
1 435.0 357.0
1 284.0 358.0
1 728.0 358.0
1 446.0 359.0
1 349.0 362.0
1 381.0 362.0
1 405.0 363.0
1 363.0 364.0
1 544.0 364.0
1 567.0 365.0
1 643.0 366.0
1 714.0 366.0
1 680.0 367.0
1 375.0 368.0
1 401.0 368.0
1 445.0 368.0
1 505.0 368.0
1 453.0 369.0
1 675.0 372.0
1 413.0 374.0
1 568.0 374.0
1 429.0 376.0
1 472.0 376.0
1 665.0 376.0
1 144.0 377.0
1 511.0 377.0
1 366.0 378.0
1 349.0 379.0
1 450.0 379.0
1 542.0 379.0
1 557.0 380.0
1 177.0 381.0
1 403.0 381.0
1 596.0 381.0
1 701.0 382.0
1 386.0 383.0
1 650.0 383.0
1 503.0 384.0
1 566.0 384.0
1 416.0 385.0
1 675.0 386.0
1 382.0 388.0
1 394.0 388.0
1 408.0 390.0
1 604.0 390.0
1 355.0 391.0
1 436.0 391.0
1 468.0 391.0
1 473.0 391.0
1 673.0 391.0
1 687.0 391.0
1 478.0 392.0
1 641.0 392.0
1 421.0 395.0
1 506.0 395.0
1 693.0 395.0
1 511.0 396.0
1 374.0 397.0
1 411.0 397.0
1 400.0 398.0
1 517.0 398.0
1 693.0 400.0
1 531.0 401.0
1 686.0 401.0
1 344.0 403.0
1 706.0 405.0
1 123.0 406.0
1 555.0 406.0
1 612.0 407.0
1 462.0 408.0
1 680.0 409.0
1 390.0 410.0
1 413.0 412.0
1 567.0 412.0
1 358.0 413.0
1 369.0 415.0
1 501.0 415.0
1 658.0 415.0
1 496.0 416.0
1 535.0 416.0
1 597.0 416.0
1 488.0 417.0
1 515.0 417.0
1 526.0 417.0
1 580.0 417.0
1 397.0 418.0
1 477.0 418.0
1 691.0 418.0
1 465.0 420.0
1 327.0 421.0
1 390.0 421.0
1 583.0 422.0
1 667.0 423.0
1 495.0 424.0
1 345.0 425.0
1 382.0 425.0
1 460.0 425.0
1 700.0 425.0
1 400.0 426.0
1 679.0 426.0
1 645.0 427.0
1 410.0 428.0
1 659.0 428.0
1 528.0 430.0
1 587.0 430.0
1 373.0 431.0
1 485.0 431.0
1 689.0 432.0
1 338.0 434.0
1 703.0 434.0
1 513.0 435.0
1 409.0 436.0
1 414.0 436.0
1 471.0 436.0
1 570.0 437.0
1 385.0 438.0
1 462.0 438.0
1 620.0 438.0
1 642.0 438.0
1 542.0 439.0
1 659.0 439.0
1 677.0 439.0
1 376.0 440.0
1 426.0 440.0
1 694.0 440.0
1 345.0 443.0
1 481.0 443.0
1 307.0 444.0
1 396.0 444.0
1 689.0 444.0
1 574.0 445.0
1 322.0 447.0
1 511.0 447.0
1 546.0 447.0
1 416.0 448.0
1 668.0 448.0
1 384.0 449.0
1 591.0 449.0
1 631.0 449.0
1 678.0 449.0
1 348.0 450.0
1 699.0 451.0
1 330.0 452.0
1 547.0 452.0
1 659.0 452.0
1 316.0 453.0
1 401.0 454.0
1 479.0 454.0
1 484.0 454.0
1 346.0 455.0
1 385.0 455.0
1 552.0 455.0
1 577.0 455.0
1 392.0 456.0
1 677.0 456.0
1 414.0 458.0
1 593.0 458.0
1 324.0 459.0
1 636.0 459.0
1 660.0 459.0
1 690.0 459.0
1 386.0 460.0
1 431.0 460.0
1 628.0 462.0
1 615.0 464.0
1 645.0 464.0
1 967.0 464.0
1 286.0 466.0
1 301.0 466.0
1 413.0 466.0
1 558.0 466.0
1 669.0 466.0
1 581.0 468.0
1 685.0 468.0
1 393.0 469.0
1 546.0 469.0
1 595.0 469.0
1 434.0 471.0
1 693.0 471.0
1 513.0 473.0
1 292.0 474.0
1 628.0 474.0
1 462.0 475.0
1 395.0 477.0
1 417.0 477.0
1 564.0 477.0
1 608.0 477.0
1 667.0 478.0
1 433.0 479.0
1 573.0 479.0
1 598.0 479.0
1 684.0 480.0
1 552.0 481.0
1 584.0 481.0
1 522.0 482.0
1 402.0 484.0
1 420.0 484.0
1 464.0 485.0
1 483.0 487.0
1 569.0 487.0
1 627.0 487.0
1 277.0 488.0
1 441.0 488.0
1 503.0 488.0
1 552.0 491.0
1 669.0 492.0
1 270.0 493.0
1 584.0 494.0
1 402.0 496.0
1 414.0 496.0
1 573.0 496.0
1 624.0 496.0
1 687.0 497.0
1 534.0 498.0
1 611.0 498.0
1 552.0 499.0
1 602.0 499.0
1 424.0 500.0
1 486.0 501.0
1 434.0 502.0
1 466.0 504.0
1 576.0 505.0
1 653.0 505.0
1 684.0 505.0
1 408.0 506.0
1 428.0 508.0
1 487.0 508.0
1 632.0 508.0
1 516.0 510.0
1 683.0 510.0
1 451.0 511.0
1 621.0 512.0
1 551.0 513.0
1 36.0 514.0
1 579.0 515.0
1 408.0 516.0
1 606.0 516.0
1 660.0 516.0
1 431.0 518.0
1 552.0 518.0
1 290.0 522.0
1 295.0 522.0
1 454.0 522.0
1 459.0 522.0
1 489.0 522.0
1 673.0 522.0
1 433.0 523.0
1 650.0 523.0
1 583.0 525.0
1 415.0 526.0
1 631.0 526.0
1 294.0 527.0
1 533.0 527.0
1 289.0 528.0
1 489.0 528.0
1 617.0 528.0
1 438.0 530.0
1 522.0 530.0
1 552.0 531.0
1 657.0 531.0
1 425.0 532.0
1 586.0 532.0
1 456.0 533.0
1 474.0 535.0
1 614.0 536.0
1 635.0 536.0
1 416.0 537.0
1 534.0 540.0
1 551.0 540.0
1 611.0 542.0
1 656.0 542.0
1 590.0 543.0
1 441.0 544.0
1 492.0 544.0
1 517.0 544.0
1 675.0 544.0
1 582.0 545.0
1 476.0 546.0
1 629.0 546.0
1 427.0 550.0
1 613.0 550.0
1 492.0 551.0
1 466.0 553.0
1 593.0 553.0
1 640.0 553.0
1 444.0 555.0
1 552.0 555.0
1 665.0 555.0
1 507.0 556.0
1 579.0 556.0
1 614.0 559.0
1 552.0 561.0
1 598.0 561.0
1 240.0 563.0
1 467.0 563.0
1 194.0 564.0
1 651.0 564.0
1 495.0 565.0
1 234.0 566.0
1 449.0 566.0
1 427.0 568.0
1 520.0 570.0
1 651.0 570.0
1 552.0 571.0
1 616.0 571.0
1 604.0 573.0
1 631.0 574.0
1 664.0 576.0
1 438.0 580.0
1 580.0 581.0
1 619.0 582.0
1 512.0 584.0
1 611.0 585.0
1 552.0 586.0
1 457.0 587.0
1 499.0 587.0
1 606.0 587.0
1 520.0 588.0
1 631.0 588.0
1 656.0 588.0
1 447.0 592.0
1 536.0 592.0
1 588.0 592.0
1 583.0 593.0
1 646.0 593.0
1 482.0 594.0
1 460.0 595.0
1 617.0 595.0
1 502.0 599.0
1 440.0 600.0
1 520.0 601.0
1 552.0 603.0
1 602.0 605.0
1 621.0 605.0
1 570.0 611.0
1 453.0 613.0
1 648.0 613.0
1 494.0 614.0
1 553.0 614.0
1 532.0 615.0
1 601.0 616.0
1 698.0 616.0
1 468.0 617.0
1 506.0 617.0
1 628.0 618.0
1 647.0 618.0
1 488.0 623.0
1 579.0 623.0
1 574.0 624.0
1 637.0 624.0
1 471.0 625.0
1 506.0 629.0
1 526.0 630.0
1 553.0 631.0
1 631.0 632.0
1 642.0 632.0
1 597.0 634.0
1 486.0 636.0
1 618.0 636.0
1 466.0 641.0
1 553.0 641.0
1 501.0 644.0
1 530.0 644.0
1 511.0 646.0
1 618.0 649.0
1 591.0 651.0
1 490.0 652.0
1 508.0 653.0
1 513.0 655.0
1 520.0 656.0
1 498.0 657.0
1 533.0 659.0
1 538.0 659.0
1 558.0 659.0
1 510.0 664.0
1 519.0 665.0
1 529.0 668.0
1 542.0 672.0
1 515.0 675.0
