0 0 1 262.9657474164775
0 1 2 163.6763077082773
0 2 3 293.37657188197414
0 6 5 211.54733211318276
0 4 6 288.27094129895
0 7 8 262.9070672230001
0 9 9 203.65504942276732
0 11 10 179.66539851964558
0 10 11 188.49802701496876
0 12 12 442.9287677171206
0 15 13 193.1744449746045
0 8 15 201.71669191048568
0 14 16 141.73841358089462
0 22 19 320.0270103363178
0 16 20 299.5737240603868
0 21 21 349.5431017743402
0 18 23 329.62478623880895
0 26 24 119.28209272287644
0 29 27 278.18298789587135
0 23 28 325.87090729124094
0 31 31 254.82045998016991
0 41 37 210.00877914769978
0 32 38 138.65941044103408
0 37 39 241.98928002877813
0 42 40 125.78206807288564
0 44 43 112.47699554261088
0 49 46 148.2263645515872
0 35 47 460.1366788827903
0 39 48 357.4271160698564
0 52 49 110.75415831059074
0 53 50 110.06102381084521
0 48 51 197.81900778366563
0 60 57 416.5921834908881
0 61 58 108.35282511645178
0 56 60 475.2303766223769
0 55 61 116.28242048961775
0 54 63 203.22879728427705
0 69 70 119.44801020560001
0 68 71 126.10209951993579
0 63 73 432.8004163622094
0 65 76 376.3025947991869
0 62 81 192.6490027898551
0 81 84 178.65962388144828
0 72 86 357.87462284143714
0 80 87 147.636309493534
0 82 88 126.77929276548952
0 83 89 113.5850569295708
0 90 91 189.21187058286702
0 78 92 324.2595055400948
0 67 94 133.96897440831864
0 88 95 110.85771858981441
0 71 97 117.83823253214855
0 93 98 185.08294978510597
0 73 99 180.59863635091466
0 94 100 271.3639067359315
0 77 101 126.32019924859385
0 103 104 199.529351320912
0 104 106 141.37116552397956
0 87 107 122.53594503343604
0 85 108 171.94493692375949
0 97 109 162.87580387159258
0 105 110 167.76509708941254
0 99 111 227.6781833314357
0 106 113 154.33827843602703
0 98 115 140.38629036786057
0 100 116 119.07040968437272
0 114 117 115.83636827108938
0 113 118 147.34149378832348
0 118 120 111.85715218170643
0 107 121 157.05045132818583
0 120 123 105.05091337766115
0 127 124 167.08545548649604
0 111 125 116.29772749943142
0 108 126 240.10588165252318
0 125 127 193.7607911371719
0 124 128 151.24878938068127
0 132 129 190.9484737122867
0 135 130 192.23496247988962
0 123 132 127.13119130478402
0 119 134 132.92083535989377
0 133 136 107.03850280474016
0 137 137 192.07562303563503
0 140 139 115.32189427090516
0 116 140 111.69970244200222
0 126 141 191.25236597231375
0 115 142 116.28297659794507
0 122 143 221.066523867551
0 147 144 136.2656812757754
0 146 145 176.20068450306732
0 144 147 114.24307565610614
0 139 148 212.66056207603827
0 143 149 225.230574096307
0 150 151 205.12788661025613
0 128 153 203.57116769500513
0 149 154 111.57912658551119
0 141 155 162.66042598507812
0 145 156 158.42129550634908
0 153 157 200.75826943023532
0 136 158 117.08361771647664
0 148 159 135.31515556203297
0 155 160 300.94419419897486
0 142 161 105.53259969925138
0 160 163 108.88983128621528
0 156 164 164.03001210973102
0 165 166 122.16786217586193
0 151 168 109.98321658187551
0 168 169 116.0177939144724
0 161 170 189.46231767578115
0 157 175 106.28268473560962
0 162 176 111.26438403750352
0 163 177 225.81084154001897
0 159 178 104.91309902938654
0 174 179 162.07008076254746
0 169 180 164.3105797237851
0 175 181 148.84142147449674
0 173 183 254.07913137162197
0 177 184 248.60795710075018
0 167 185 144.33815351920484
0 183 186 146.38293446671256
0 184 187 225.93179336657604
0 182 188 184.32956299612712
0 176 189 247.9024313984623
0 172 190 111.96275652935273
0 178 191 222.60814922156817
0 181 192 146.15215012159734
0 180 193 106.27411438639191
0 193 196 155.00123615058644
0 188 197 116.46337958673215
0 196 199 308.7709172717348
0 186 200 453.09189988140145
0 185 201 189.8481166725396
0 179 202 127.81969769358392
0 203 203 141.65747668195297
0 195 204 128.26320613520957
0 187 205 114.9324570711186
0 192 206 175.2616878098536
0 199 207 152.5525559384753
0 194 208 299.16661673785086
0 212 210 155.434586339665
0 191 211 170.82819092149
0 198 212 104.050357814632
0 197 213 121.49102772395786
0 190 215 267.1771797285249
0 216 216 296.33274186477564
0 220 217 170.19920060056404
0 221 218 311.8605101605698
0 204 221 170.48981885956715
0 201 222 153.92993374317786
0 200 223 158.4925481026295
0 217 224 179.66068480070044
0 210 225 156.814364261329
0 208 226 108.29755682643767
0 215 228 422.31441151085835
0 219 229 234.87219985145157
0 222 231 301.3342088682394
0 207 233 198.2660540907077
0 211 236 272.35351183294785
0 225 237 107.17221165156532
0 213 238 258.92143949021977
0 240 239 135.6659676311007
0 214 240 191.6737851743487
0 232 241 273.3819190912698
0 234 242 295.8877041520833
0 230 245 296.6386746290296
0 239 246 148.84915981644332
0 236 252 131.13011727775913
0 241 253 146.56292226822706
0 223 254 390.41572794073073
0 245 259 185.76305146623258
0 263 261 103.67925289112583
0 252 262 264.4061599522414
0 249 263 210.2381147509142
0 235 264 268.1382301346603
0 226 265 331.18829965117794
0 271 266 311.76060245562434
0 242 268 270.73678363774894
0 257 269 207.2828907393419
0 233 270 168.05004755864297
0 248 271 121.23997770490772
0 268 273 193.9747099637341
0 228 274 165.8742270935951
0 262 276 137.4342614443248
0 261 277 116.86391363062047
0 258 278 415.4047900678506
0 256 279 114.00167429521957
0 250 280 267.35764109997524
0 274 285 166.25519769962926
0 269 286 160.84848520873553
0 247 287 273.75213863555314
0 265 288 272.7049021313767
0 267 289 302.93336183811033
0 279 292 157.57201898090528
0 292 294 107.19787020375256
0 291 295 118.0939541910883
0 281 296 136.9118352829098
0 288 297 105.805091204555
0 300 299 203.67174999817905
0 284 300 131.34639081957152
0 296 302 125.71323753763781
0 272 304 174.30573145439777
0 297 306 104.37728833697584
0 306 308 166.1905083133312
0 298 309 125.81878084168434
0 301 310 206.1487366656126
0 280 311 271.76014790870323
0 303 312 111.69544133744664
0 289 313 333.9399389572737
0 311 314 104.8077442661494
0 317 315 126.42968947167057
0 322 316 173.86362870908874
0 309 317 119.6053168038637
0 318 318 126.74054292934062
0 285 319 246.07811724575882
0 290 320 203.87804417158978
0 295 321 146.3494282483995
0 323 322 233.88569302817848
0 331 324 161.45231886600476
0 315 328 174.69198919936974
0 314 329 247.1372653288646
0 305 330 112.91436453862924
0 332 331 108.53189297057224
0 316 332 227.1047067545014
0 327 335 123.63929802789127
0 304 336 223.53729322033988
0 320 337 114.06094217326775
0 344 339 277.47184838989176
0 324 340 122.33218714768061
0 338 341 131.15276141136286
0 395 342 104.42413541389692
0 333 343 248.51881979595709
0 336 344 219.02749623280036
0 334 345 121.32545247512452
0 339 347 111.63335386272915
0 345 348 119.86429510313828
0 328 349 107.42695739679857
0 337 350 115.54564431518205
0 319 353 199.47322245870498
0 312 355 129.82501048909435
0 340 356 148.7096103977144
0 356 357 110.25653158197454
0 321 358 185.7061974729804
0 342 360 108.38538159277236
0 352 361 119.12533013416675
0 355 362 105.09139551395745
0 357 363 240.87339277729393
0 353 364 120.1073356452463
0 359 365 132.40243761926482
0 351 366 121.34327452511864
0 354 367 118.84034790724468
0 348 368 112.20737973559609
0 379 369 205.93299598333337
0 326 370 103.96554959310377
0 325 371 245.67174770274173
0 350 372 155.0361997519194
0 341 373 150.92861691001275
0 329 375 198.06770482542535
0 358 376 113.99189137202495
0 372 377 108.4707891027085
0 369 379 253.43588363912443
0 335 380 107.88131086611945
0 362 381 161.24435947543253
0 387 382 138.65272967239304
0 367 383 152.1217937936159
0 368 384 144.1689369737992
0 374 385 145.6784624151888
0 378 386 107.78176647910085
0 366 387 112.97575533929327
0 371 388 112.49882235493207
0 373 389 188.66366066662403
0 377 390 197.02203102355367
0 349 391 107.10487447626092
0 383 392 172.49415293784287
0 405 394 137.75239946942568
0 347 395 158.05896257300134
0 381 396 138.07154790803764
0 380 397 266.32317234960703
0 382 399 224.11436591726175
0 388 400 134.84900473681475
0 398 401 107.27686769134993
0 389 402 111.3769228818509
0 384 403 120.79506711466657
0 397 404 116.52631181225566
0 403 405 106.20785363319305
0 363 406 118.62650420105085
0 392 407 122.45217970759144
0 393 409 175.7817614285487
0 391 410 175.26694252285665
0 365 411 105.07511204913622
0 396 412 223.91611388490924
0 421 413 178.11709394613516
0 404 414 116.79054226674457
0 370 415 109.53714313807306
0 400 416 106.80570943873518
0 411 417 124.00660729327151
0 408 419 110.3250037942843
0 414 420 108.35778677306695
0 386 421 153.37333342231315
0 418 422 110.49821625757758
0 412 424 104.11423089852396
0 409 425 129.0831016876608
0 424 426 104.85113199579501
0 436 427 127.57291416370367
0 410 428 183.88692519086916
0 416 429 109.73931214869252
0 390 430 110.25994447838885
0 376 431 166.02639248304084
0 420 432 122.64349806303694
0 426 433 181.25775510563474
0 419 435 109.97377955224592
0 440 436 197.9984908075926
0 428 437 131.9224774151422
0 430 439 108.28897998089977
0 437 440 226.74220768680922
0 445 441 168.9157704406141
0 431 442 103.74933020178511
0 406 443 107.23452701502536
0 432 444 103.59238093003482
0 425 445 121.78799637479034
0 407 446 108.4349012791043
0 427 447 240.7241230459352
0 434 448 142.76442904579244
0 439 449 106.5696074405298
0 449 450 111.85886003174438
0 456 451 103.73394739840873
0 442 452 126.0304378706937
0 448 453 119.25354511197548
0 458 454 173.2910466068104
0 415 456 108.36331581147493
0 443 457 189.63233028537508
0 444 458 104.62494028903227
0 452 459 124.31298638672881
0 447 460 128.19643380558406
0 462 462 104.4631276431829
0 451 463 133.47041115151336
0 438 464 123.55083336641088
0 460 465 194.29369643949255
0 469 466 107.62409760854597
0 466 467 104.97234789779577
0 474 468 113.2058600164169
0 441 469 196.4530706623593
0 461 470 128.76821589739322
0 463 471 104.28321457183922
0 465 472 253.80062180881256
0 457 474 164.48594465747178
0 433 475 134.0021881603878
0 464 476 176.56630991477
0 478 477 165.2024198391599
0 481 479 104.90034033241417
0 476 480 104.40058643289004
0 473 481 162.95154805862683
0 491 482 104.75203613558438
0 479 483 124.85983311552418
0 484 484 105.68341682427847
0 467 485 245.87567442007017
0 483 486 107.33873485620109
0 486 487 124.36818557922864
0 496 488 206.33225374223744
0 488 489 111.11010593570134
0 503 490 167.86967549449474
0 477 491 123.17359882749817
0 487 492 210.5691103848883
0 499 493 114.5181742446297
0 492 494 103.66264185385987
0 489 495 130.08875262023457
0 504 496 104.72212229940779
0 490 497 168.42194872035802
0 497 498 104.24796441957211
0 501 499 117.00894206852158
0 502 500 189.47224578470053
0 500 502 107.55637774118745
0 512 504 160.77802644902002
0 507 505 103.88318867562126
0 516 506 105.50749318693993
0 517 507 106.9152099441782
0 508 508 106.79409736756607
0 513 509 169.93783072092438
0 506 510 151.71149559909398
0 485 511 196.2088223482211
0 511 512 164.7956538591272
0 515 513 103.82520113437023
0 518 514 104.02763501918102
0 519 516 113.78628921691939
0 520 517 105.9121005905169
0 525 518 117.68533043920608
0 524 520 202.07135832251498
0 531 521 130.47335156737873
0 521 523 163.40711476540613
0 528 524 103.80059850541932
0 539 525 110.88870498372778
0 529 526 104.25571870395723
0 538 527 104.03820162637825
0 533 528 104.5376234019695
0 534 529 116.33544394467839
0 532 530 153.08836772416456
0 541 531 118.97120624698223
0 545 533 118.01677255822136
0 543 534 105.36415132802841
0 540 536 119.875326121424
0 546 537 104.82983974806173
0 544 539 107.90894112828451
0 548 540 115.70674934014484
0 552 541 170.46153158379758
0 547 542 111.39003371800698
0 553 543 194.4301243794413
0 536 544 179.1931233107738
0 551 545 104.59974854486833
0 555 546 104.76827195212681
0 554 547 107.38844358530812
0 561 548 107.87488063798453
0 565 549 103.51327312196503
0 526 550 201.5158597257716
0 527 551 147.08569022909285
0 557 552 108.64104475374505
0 563 553 214.87020480093034
0 559 554 108.01297632661849
0 530 556 135.16406024483578
0 562 557 103.68425069672485
0 560 558 194.5206340291595
0 574 559 150.12107421488773
0 550 560 216.2115601009043
0 572 561 457.95216239854983
0 566 562 113.11698513572819
0 571 563 108.12119084256173
0 568 564 109.33133576122191
0 569 565 103.76551336920126
0 573 566 105.22913777821041
0 575 567 136.21046531386742
0 577 568 121.68745403777447
0 578 570 108.45145061401593
0 579 571 153.8330828469931
0 576 572 108.16719156016642
0 585 573 122.60279973923215
0 581 574 105.24956252704602
0 582 575 103.55287263709978
0 588 576 106.7506696725551
0 586 577 127.3230233140731
0 583 578 104.7214751724602
0 587 580 105.5256565502052
0 589 581 112.9670300369116
0 591 582 104.06668022197793
0 593 583 104.80909304162667
0 595 584 106.85782487350883
0 597 585 103.53149101446843
0 596 586 107.34385132137064
0 600 587 130.52599345363427
0 599 588 106.62257682548059
0 602 589 124.00950374958164
0 601 590 121.20899667378534
0 603 591 103.55558271408793
0 604 592 116.22704585231978
0 605 593 109.53897397704276
0 607 594 103.69137019796224
0 608 595 106.60310593112806

0 904.0 59.0
0 689.0 82.0
0 244.0 107.0
0 729.0 114.0
0 719.0 118.0
0 473.0 123.0
0 273.0 131.0
0 888.0 140.0
0 286.0 144.0
0 299.0 155.0
0 472.0 158.0
0 283.0 161.0
0 492.0 161.0
0 311.0 167.0
0 856.0 167.0
0 662.0 168.0
0 289.0 169.0
0 473.0 170.0
0 496.0 172.0
0 327.0 179.0
0 842.0 183.0
0 475.0 184.0
0 502.0 186.0
0 643.0 188.0
0 308.0 189.0
0 487.0 189.0
0 361.0 191.0
0 342.0 193.0
0 832.0 195.0
0 838.0 196.0
0 476.0 197.0
0 819.0 199.0
0 347.0 201.0
0 840.0 201.0
0 509.0 202.0
0 648.0 205.0
0 491.0 206.0
0 358.0 207.0
0 796.0 209.0
0 323.0 210.0
0 618.0 211.0
0 564.0 212.0
0 478.0 214.0
0 347.0 217.0
0 515.0 219.0
0 769.0 221.0
0 373.0 222.0
0 572.0 222.0
0 538.0 223.0
0 349.0 228.0
0 359.0 229.0
0 480.0 231.0
0 518.0 233.0
0 618.0 234.0
0 534.0 236.0
0 743.0 236.0
0 389.0 238.0
0 592.0 238.0
0 372.0 242.0
0 499.0 243.0
0 564.0 243.0
0 752.0 243.0
0 530.0 245.0
0 539.0 245.0
0 726.0 247.0
0 581.0 248.0
0 608.0 249.0
0 483.0 250.0
0 523.0 251.0
0 734.0 251.0
0 382.0 253.0
0 406.0 253.0
0 498.0 255.0
0 523.0 256.0
0 387.0 257.0
0 575.0 257.0
0 564.0 258.0
0 499.0 260.0
0 708.0 261.0
0 622.0 262.0
0 516.0 264.0
0 539.0 265.0
0 716.0 265.0
0 502.0 268.0
0 422.0 269.0
0 485.0 269.0
0 563.0 269.0
0 692.0 271.0
0 376.0 273.0
0 401.0 273.0
0 517.0 277.0
0 597.0 277.0
0 506.0 279.0
0 697.0 279.0
0 540.0 280.0
0 408.0 281.0
0 452.0 281.0
0 550.0 281.0
0 437.0 283.0
0 531.0 289.0
0 513.0 290.0
0 542.0 290.0
0 682.0 291.0
0 463.0 294.0
0 592.0 294.0
0 449.0 296.0
0 424.0 299.0
0 556.0 299.0
0 540.0 302.0
0 509.0 304.0
0 473.0 305.0
0 566.0 306.0
0 589.0 306.0
0 665.0 306.0
0 684.0 306.0
0 541.0 311.0
0 551.0 315.0
0 440.0 316.0
0 484.0 317.0
0 586.0 319.0
0 445.0 320.0
0 509.0 320.0
0 649.0 320.0
0 455.0 321.0
0 369.0 323.0
0 546.0 324.0
0 568.0 324.0
0 585.0 324.0
0 472.0 325.0
0 381.0 326.0
0 345.0 327.0
0 597.0 327.0
0 418.0 328.0
0 642.0 328.0
0 494.0 329.0
0 659.0 329.0
0 454.0 330.0
0 395.0 331.0
0 335.0 332.0
0 357.0 332.0
0 551.0 332.0
0 637.0 332.0
0 529.0 334.0
0 567.0 335.0
0 331.0 337.0
0 410.0 337.0
0 652.0 337.0
0 463.0 338.0
0 607.0 340.0
0 647.0 340.0
0 628.0 342.0
0 756.0 342.0
0 388.0 344.0
0 488.0 344.0
0 470.0 345.0
0 509.0 346.0
0 566.0 346.0
0 426.0 347.0
0 535.0 347.0
0 621.0 349.0
0 760.0 350.0
0 543.0 351.0
0 594.0 351.0
0 401.0 353.0
0 479.0 354.0
0 439.0 356.0
0 737.0 357.0
0 611.0 358.0
0 533.0 360.0
0 415.0 361.0
0 606.0 361.0
0 561.0 362.0
0 388.0 363.0
0 489.0 363.0
0 566.0 363.0
0 544.0 364.0
0 474.0 365.0
0 505.0 365.0
0 520.0 367.0
0 728.0 368.0
0 379.0 369.0
0 406.0 369.0
0 555.0 369.0
0 570.0 369.0
0 426.0 370.0
0 458.0 370.0
0 724.0 375.0
0 740.0 375.0
0 399.0 376.0
0 418.0 377.0
0 488.0 377.0
0 589.0 377.0
0 390.0 379.0
0 507.0 381.0
0 735.0 381.0
0 553.0 382.0
0 708.0 383.0
0 369.0 384.0
0 581.0 384.0
0 750.0 384.0
0 597.0 386.0
0 439.0 387.0
0 471.0 388.0
0 679.0 388.0
0 724.0 388.0
0 480.0 390.0
0 576.0 390.0
0 698.0 390.0
0 589.0 391.0
0 594.0 391.0
0 604.0 391.0
0 548.0 392.0
0 509.0 394.0
0 382.0 395.0
0 618.0 395.0
0 432.0 396.0
0 587.0 396.0
0 636.0 396.0
0 669.0 397.0
0 676.0 397.0
0 684.0 397.0
0 720.0 398.0
0 493.0 400.0
0 458.0 402.0
0 735.0 402.0
0 498.0 403.0
0 561.0 403.0
0 658.0 403.0
0 442.0 405.0
0 639.0 405.0
0 674.0 405.0
0 711.0 405.0
0 669.0 408.0
0 368.0 409.0
0 373.0 409.0
0 378.0 409.0
0 384.0 409.0
0 533.0 409.0
0 721.0 409.0
0 650.0 411.0
0 419.0 412.0
0 660.0 413.0
0 734.0 415.0
0 301.0 416.0
0 451.0 416.0
0 456.0 416.0
0 578.0 417.0
0 708.0 417.0
0 355.0 418.0
0 370.0 419.0
0 375.0 419.0
0 380.0 419.0
0 556.0 419.0
0 692.0 419.0
0 443.0 420.0
0 259.0 421.0
0 264.0 421.0
0 517.0 422.0
0 529.0 423.0
0 522.0 424.0
0 555.0 424.0
0 600.0 424.0
0 720.0 424.0
0 685.0 425.0
0 409.0 426.0
0 438.0 426.0
0 676.0 427.0
0 694.0 427.0
0 376.0 430.0
0 707.0 430.0
0 312.0 431.0
0 471.0 431.0
0 368.0 432.0
0 576.0 432.0
0 256.0 433.0
0 385.0 433.0
0 555.0 433.0
0 527.0 434.0
0 404.0 435.0
0 488.0 435.0
0 436.0 437.0
0 555.0 438.0
0 504.0 439.0
0 685.0 439.0
0 513.0 440.0
0 706.0 440.0
0 518.0 441.0
0 425.0 443.0
0 480.0 445.0
0 375.0 446.0
0 395.0 449.0
0 427.0 450.0
0 681.0 450.0
0 384.0 452.0
0 548.0 453.0
0 699.0 453.0
0 498.0 454.0
0 530.0 454.0
0 511.0 455.0
0 713.0 455.0
0 484.0 456.0
0 562.0 457.0
0 567.0 457.0
0 397.0 459.0
0 412.0 459.0
0 457.0 460.0
0 622.0 460.0
0 384.0 462.0
0 579.0 462.0
0 670.0 462.0
0 444.0 463.0
0 411.0 464.0
0 690.0 464.0
0 429.0 466.0
0 550.0 468.0
0 529.0 471.0
0 698.0 471.0
0 667.0 472.0
0 682.0 472.0
0 377.0 473.0
0 402.0 473.0
0 416.0 473.0
0 708.0 473.0
0 430.0 474.0
0 605.0 474.0
0 648.0 474.0
0 593.0 475.0
0 973.0 475.0
0 517.0 476.0
0 512.0 477.0
0 441.0 478.0
0 688.0 478.0
0 507.0 479.0
0 636.0 479.0
0 396.0 480.0
0 676.0 480.0
0 403.0 482.0
0 497.0 482.0
0 597.0 482.0
0 708.0 482.0
0 483.0 483.0
0 655.0 483.0
0 962.0 483.0
0 415.0 484.0
0 433.0 484.0
0 542.0 485.0
0 624.0 485.0
0 668.0 485.0
0 697.0 485.0
0 513.0 486.0
0 527.0 486.0
0 559.0 486.0
0 702.0 486.0
0 425.0 488.0
0 479.0 488.0
0 387.0 491.0
0 601.0 491.0
0 687.0 492.0
0 400.0 494.0
0 417.0 494.0
0 504.0 494.0
0 652.0 494.0
0 669.0 494.0
0 441.0 495.0
0 631.0 495.0
0 696.0 496.0
0 481.0 497.0
0 527.0 497.0
0 585.0 497.0
0 705.0 497.0
0 357.0 499.0
0 409.0 499.0
0 432.0 499.0
0 493.0 499.0
0 637.0 499.0
0 404.0 502.0
0 504.0 503.0
0 678.0 503.0
0 604.0 504.0
0 685.0 504.0
0 375.0 505.0
0 418.0 505.0
0 699.0 505.0
0 527.0 507.0
0 563.0 507.0
0 643.0 507.0
0 669.0 507.0
0 589.0 508.0
0 437.0 509.0
0 605.0 510.0
0 564.0 512.0
0 369.0 513.0
0 418.0 515.0
0 423.0 515.0
0 701.0 515.0
0 407.0 516.0
0 502.0 516.0
0 485.0 517.0
0 569.0 517.0
0 607.0 517.0
0 434.0 518.0
0 657.0 518.0
0 670.0 518.0
0 593.0 520.0
0 641.0 520.0
0 679.0 520.0
0 375.0 521.0
0 454.0 521.0
0 630.0 521.0
0 608.0 522.0
0 413.0 523.0
0 339.0 524.0
0 434.0 524.0
0 693.0 525.0
0 573.0 526.0
0 355.0 527.0
0 477.0 527.0
0 609.0 527.0
0 454.0 529.0
0 562.0 530.0
0 639.0 531.0
0 377.0 532.0
0 623.0 533.0
0 348.0 534.0
0 534.0 534.0
0 598.0 534.0
0 668.0 534.0
0 688.0 534.0
0 421.0 536.0
0 483.0 536.0
0 356.0 537.0
0 366.0 537.0
0 579.0 537.0
0 612.0 537.0
0 103.0 538.0
0 454.0 538.0
0 695.0 539.0
0 440.0 540.0
0 568.0 540.0
0 639.0 541.0
0 613.0 542.0
0 676.0 544.0
0 503.0 545.0
0 321.0 547.0
0 520.0 547.0
0 600.0 547.0
0 335.0 548.0
0 423.0 548.0
0 569.0 549.0
0 636.0 549.0
0 624.0 552.0
0 664.0 552.0
0 436.0 553.0
0 585.0 553.0
0 691.0 553.0
0 441.0 554.0
0 328.0 555.0
0 446.0 555.0
0 551.0 555.0
0 616.0 555.0
0 569.0 556.0
0 428.0 557.0
0 644.0 559.0
0 505.0 561.0
0 601.0 561.0
0 451.0 563.0
0 670.0 563.0
0 634.0 564.0
0 683.0 564.0
0 429.0 565.0
0 506.0 566.0
0 472.0 567.0
0 619.0 568.0
0 303.0 569.0
0 593.0 569.0
0 314.0 570.0
0 569.0 571.0
0 453.0 573.0
0 433.0 574.0
0 644.0 574.0
0 480.0 576.0
0 568.0 576.0
0 668.0 577.0
0 508.0 578.0
0 631.0 578.0
0 434.0 579.0
0 550.0 582.0
0 509.0 583.0
0 436.0 584.0
0 458.0 584.0
0 684.0 584.0
0 541.0 585.0
0 598.0 585.0
0 646.0 585.0
0 476.0 586.0
0 568.0 586.0
0 667.0 586.0
0 625.0 587.0
0 495.0 592.0
0 568.0 593.0
0 603.0 593.0
0 84.0 594.0
0 550.0 594.0
0 291.0 595.0
0 447.0 596.0
0 463.0 596.0
0 675.0 596.0
0 653.0 597.0
0 537.0 598.0
0 511.0 600.0
0 628.0 600.0
0 326.0 602.0
0 605.0 603.0
0 486.0 604.0
0 465.0 605.0
0 545.0 606.0
0 569.0 606.0
0 527.0 608.0
0 662.0 609.0
0 568.0 611.0
0 629.0 611.0
0 447.0 612.0
0 552.0 612.0
0 609.0 612.0
0 469.0 614.0
0 674.0 615.0
0 514.0 616.0
0 643.0 618.0
0 539.0 620.0
0 568.0 621.0
0 613.0 621.0
0 458.0 624.0
0 632.0 626.0
0 667.0 626.0
0 594.0 629.0
0 507.0 633.0
0 619.0 633.0
0 477.0 634.0
0 530.0 634.0
0 569.0 634.0
0 538.0 635.0
0 657.0 636.0
0 519.0 637.0
0 604.0 638.0
0 634.0 639.0
0 554.0 640.0
0 480.0 641.0
0 502.0 641.0
0 460.0 642.0
0 689.0 642.0
0 241.0 644.0
0 281.0 646.0
0 521.0 646.0
0 624.0 647.0
0 538.0 648.0
0 239.0 649.0
0 276.0 649.0
0 569.0 650.0
0 615.0 650.0
0 660.0 653.0
0 636.0 654.0
0 501.0 656.0
0 586.0 656.0
0 616.0 658.0
0 476.0 659.0
0 570.0 659.0
0 525.0 663.0
0 637.0 663.0
0 648.0 664.0
0 596.0 666.0
0 491.0 667.0
0 591.0 667.0
0 508.0 668.0
0 643.0 668.0
0 525.0 674.0
0 544.0 674.0
0 631.0 674.0
0 611.0 675.0
0 570.0 676.0
0 640.0 676.0
0 505.0 679.0
0 589.0 680.0
0 487.0 683.0
0 571.0 684.0
0 530.0 691.0
0 606.0 692.0
0 509.0 693.0
0 533.0 696.0
0 517.0 697.0
0 551.0 699.0
0 556.0 699.0
0 576.0 701.0
0 529.0 704.0
0 539.0 706.0
0 561.0 711.0
0 534.0 714.0
1 654.0 30.0
1 202.0 48.0
1 687.0 55.0
1 828.0 59.0
1 228.0 71.0
1 820.0 75.0
1 444.0 77.0
1 241.0 83.0
1 634.0 93.0
1 254.0 95.0
1 236.0 99.0
1 437.0 101.0
1 454.0 102.0
1 459.0 106.0
1 242.0 107.0
1 266.0 107.0
1 781.0 107.0
1 258.0 110.0
1 615.0 111.0
1 293.0 116.0
1 464.0 116.0
1 432.0 118.0
1 280.0 119.0
1 772.0 120.0
1 622.0 123.0
1 763.0 123.0
1 259.0 126.0
1 782.0 126.0
1 468.0 131.0
1 296.0 134.0
1 434.0 134.0
1 748.0 134.0
1 738.0 138.0
1 469.0 140.0
1 455.0 142.0
1 472.0 145.0
1 612.0 145.0
1 272.0 146.0
1 280.0 146.0
1 436.0 146.0
1 463.0 146.0
1 310.0 147.0
1 571.0 151.0
1 594.0 153.0
1 298.0 156.0
1 476.0 159.0
1 283.0 160.0
1 464.0 160.0
1 432.0 161.0
1 326.0 162.0
1 557.0 165.0
1 318.0 166.0
1 300.0 167.0
1 310.0 169.0
1 448.0 173.0
1 693.0 173.0
1 481.0 174.0
1 431.0 176.0
1 305.0 177.0
1 471.0 178.0
1 543.0 179.0
1 321.0 180.0
1 456.0 180.0
1 432.0 182.0
1 694.0 183.0
1 485.0 188.0
1 429.0 191.0
1 454.0 192.0
1 359.0 193.0
1 333.0 194.0
1 528.0 195.0
1 466.0 196.0
1 474.0 196.0
1 447.0 203.0
1 488.0 203.0
1 355.0 204.0
1 561.0 204.0
1 458.0 206.0
1 430.0 207.0
1 517.0 207.0
1 634.0 209.0
1 373.0 210.0
1 325.0 211.0
1 351.0 213.0
1 433.0 215.0
1 460.0 220.0
1 493.0 220.0
1 478.0 221.0
1 359.0 222.0
1 650.0 222.0
1 554.0 223.0
1 619.0 223.0
1 797.0 223.0
1 385.0 224.0
1 432.0 226.0
1 496.0 229.0
1 340.0 232.0
1 434.0 232.0
1 463.0 232.0
1 497.0 234.0
1 476.0 237.0
1 371.0 238.0
1 623.0 239.0
1 548.0 241.0
1 376.0 242.0
1 417.0 242.0
1 607.0 242.0
1 434.0 245.0
1 489.0 245.0
1 351.0 248.0
1 404.0 248.0
1 472.0 248.0
1 545.0 253.0
1 428.0 255.0
1 389.0 257.0
1 455.0 258.0
1 479.0 259.0
1 504.0 259.0
1 394.0 262.0
1 436.0 262.0
1 404.0 263.0
1 472.0 264.0
1 504.0 264.0
1 364.0 266.0
1 418.0 266.0
1 541.0 266.0
1 581.0 269.0
1 327.0 271.0
1 424.0 271.0
1 460.0 271.0
1 314.0 272.0
1 320.0 273.0
1 339.0 273.0
1 403.0 273.0
1 563.0 274.0
1 304.0 275.0
1 465.0 276.0
1 352.0 278.0
1 482.0 278.0
1 562.0 279.0
1 319.0 280.0
1 440.0 280.0
1 475.0 280.0
1 592.0 280.0
1 412.0 281.0
1 505.0 283.0
1 367.0 285.0
1 291.0 286.0
1 565.0 286.0
1 419.0 288.0
1 708.0 288.0
1 466.0 291.0
1 430.0 292.0
1 383.0 294.0
1 441.0 295.0
1 712.0 295.0
1 428.0 297.0
1 478.0 297.0
1 576.0 297.0
1 454.0 299.0
1 356.0 300.0
1 552.0 300.0
1 421.0 301.0
1 443.0 301.0
1 502.0 303.0
1 690.0 303.0
1 467.0 304.0
1 398.0 305.0
1 368.0 306.0
1 339.0 307.0
1 445.0 307.0
1 543.0 310.0
1 426.0 311.0
1 527.0 311.0
1 680.0 314.0
1 356.0 316.0
1 363.0 316.0
1 378.0 316.0
1 534.0 318.0
1 407.0 319.0
1 447.0 320.0
1 341.0 322.0
1 350.0 322.0
1 677.0 322.0
1 690.0 322.0
1 371.0 323.0
1 549.0 323.0
1 419.0 324.0
1 319.0 326.0
1 700.0 326.0
1 364.0 328.0
1 498.0 330.0
1 522.0 330.0
1 661.0 330.0
1 538.0 332.0
1 673.0 333.0
1 702.0 335.0
1 331.0 336.0
1 455.0 336.0
1 650.0 337.0
1 395.0 338.0
1 435.0 338.0
1 353.0 340.0
1 637.0 341.0
1 669.0 341.0
1 570.0 342.0
1 698.0 342.0
1 317.0 345.0
1 507.0 345.0
1 539.0 345.0
1 444.0 346.0
1 332.0 347.0
1 567.0 347.0
1 678.0 347.0
1 347.0 348.0
1 404.0 348.0
1 521.0 348.0
1 690.0 348.0
1 498.0 352.0
1 560.0 352.0
1 598.0 352.0
1 626.0 352.0
1 657.0 352.0
1 373.0 353.0
1 378.0 353.0
1 483.0 353.0
1 367.0 354.0
1 454.0 355.0
1 199.0 356.0
1 265.0 357.0
1 405.0 358.0
1 410.0 360.0
1 614.0 360.0
1 244.0 361.0
1 681.0 361.0
1 334.0 363.0
1 506.0 363.0
1 389.0 364.0
1 527.0 364.0
1 536.0 364.0
1 607.0 364.0
1 643.0 364.0
1 316.0 365.0
1 676.0 365.0
1 665.0 367.0
1 467.0 368.0
1 128.0 370.0
1 349.0 370.0
1 411.0 370.0
1 635.0 371.0
1 359.0 373.0
1 534.0 374.0
1 667.0 374.0
1 163.0 375.0
1 168.0 375.0
1 389.0 375.0
1 430.0 376.0
1 657.0 376.0
1 320.0 377.0
1 383.0 377.0
1 396.0 377.0
1 472.0 377.0
1 504.0 377.0
1 556.0 379.0
1 373.0 380.0
1 409.0 380.0
1 519.0 380.0
1 316.0 382.0
1 531.0 383.0
1 462.0 384.0
1 573.0 384.0
1 608.0 384.0
1 332.0 386.0
1 363.0 386.0
1 647.0 387.0
1 662.0 387.0
1 639.0 389.0
1 377.0 390.0
1 341.0 391.0
1 624.0 391.0
1 327.0 392.0
1 438.0 392.0
1 665.0 392.0
1 387.0 393.0
1 418.0 393.0
1 303.0 394.0
1 352.0 394.0
1 653.0 397.0
1 475.0 398.0
1 369.0 399.0
1 320.0 400.0
1 640.0 400.0
1 494.0 401.0
1 652.0 402.0
1 329.0 403.0
1 340.0 405.0
1 518.0 405.0
1 572.0 406.0
1 614.0 406.0
1 87.0 407.0
1 663.0 407.0
1 400.0 408.0
1 658.0 408.0
1 632.0 409.0
1 322.0 412.0
1 376.0 412.0
1 532.0 412.0
1 667.0 412.0
1 640.0 413.0
1 611.0 414.0
1 360.0 415.0
1 497.0 415.0
1 304.0 416.0
1 446.0 416.0
1 451.0 416.0
1 456.0 416.0
1 441.0 417.0
1 478.0 417.0
1 624.0 417.0
1 351.0 418.0
1 430.0 419.0
1 312.0 420.0
1 646.0 420.0
1 659.0 420.0
1 417.0 421.0
1 341.0 422.0
1 275.0 423.0
1 619.0 423.0
1 449.0 424.0
1 332.0 426.0
1 391.0 426.0
1 559.0 426.0
1 631.0 426.0
1 362.0 427.0
1 477.0 427.0
1 290.0 428.0
1 379.0 428.0
1 465.0 428.0
1 598.0 428.0
1 611.0 428.0
1 537.0 430.0
1 425.0 432.0
1 436.0 432.0
1 593.0 432.0
1 662.0 432.0
1 643.0 433.0
1 316.0 434.0
1 341.0 435.0
1 521.0 435.0
1 283.0 436.0
1 372.0 437.0
1 417.0 437.0
1 594.0 437.0
1 573.0 438.0
1 475.0 439.0
1 611.0 439.0
1 629.0 439.0
1 384.0 440.0
1 433.0 442.0
1 648.0 442.0
1 659.0 442.0
1 352.0 444.0
1 357.0 444.0
1 290.0 445.0
1 447.0 445.0
1 254.0 446.0
1 522.0 446.0
1 475.0 447.0
1 497.0 447.0
1 634.0 447.0
1 267.0 448.0
1 375.0 448.0
1 619.0 448.0
1 538.0 449.0
1 582.0 449.0
1 296.0 450.0
1 278.0 452.0
1 499.0 452.0
1 610.0 452.0
1 658.0 452.0
1 431.0 453.0
1 436.0 454.0
1 538.0 454.0
1 357.0 455.0
1 523.0 455.0
1 637.0 455.0
1 291.0 456.0
1 651.0 456.0
1 373.0 457.0
1 611.0 458.0
1 271.0 459.0
1 351.0 459.0
1 389.0 459.0
1 537.0 459.0
1 586.0 459.0
1 950.0 459.0
1 362.0 460.0
1 579.0 462.0
1 597.0 462.0
1 400.0 464.0
1 413.0 464.0
1 439.0 464.0
1 378.0 465.0
1 622.0 465.0
1 505.0 466.0
1 654.0 466.0
1 232.0 467.0
1 246.0 467.0
1 495.0 468.0
1 525.0 468.0
1 360.0 469.0
1 538.0 469.0
1 464.0 472.0
1 631.0 472.0
1 579.0 473.0
1 238.0 474.0
1 416.0 474.0
1 377.0 476.0
1 558.0 476.0
1 391.0 478.0
1 506.0 478.0
1 646.0 478.0
1 1020.0 479.0
1 474.0 480.0
1 616.0 480.0
1 526.0 481.0
1 540.0 482.0
1 368.0 483.0
1 380.0 483.0
1 419.0 483.0
1 579.0 484.0
1 438.0 485.0
1 456.0 487.0
1 220.0 489.0
1 505.0 489.0
1 628.0 489.0
1 639.0 489.0
1 552.0 492.0
1 524.0 494.0
1 578.0 494.0
1 650.0 494.0
1 368.0 495.0
1 377.0 495.0
1 385.0 496.0
1 487.0 496.0
1 623.0 496.0
1 390.0 497.0
1 504.0 497.0
1 514.0 497.0
1 561.0 497.0
1 467.0 498.0
1 441.0 499.0
1 541.0 499.0
1 647.0 499.0
1 636.0 501.0
1 425.0 503.0
1 608.0 503.0
1 517.0 504.0
1 647.0 504.0
1 375.0 505.0
1 391.0 506.0
1 442.0 506.0
1 586.0 506.0
1 410.0 509.0
1 505.0 511.0
1 543.0 511.0
1 575.0 511.0
1 375.0 513.0
1 560.0 513.0
1 618.0 513.0
1 519.0 514.0
1 392.0 515.0
1 544.0 516.0
1 505.0 517.0
1 637.0 517.0
1 244.0 519.0
1 416.0 519.0
1 476.0 519.0
1 395.0 520.0
1 445.0 520.0
1 238.0 521.0
1 587.0 523.0
1 383.0 524.0
1 487.0 524.0
1 572.0 524.0
1 234.0 526.0
1 446.0 526.0
1 523.0 526.0
1 400.0 527.0
1 506.0 528.0
1 547.0 528.0
1 617.0 528.0
1 415.0 530.0
1 595.0 530.0
1 570.0 532.0
1 629.0 533.0
1 385.0 535.0
1 430.0 535.0
1 439.0 536.0
1 587.0 536.0
1 488.0 537.0
1 506.0 537.0
1 526.0 538.0
1 639.0 538.0
1 616.0 539.0
1 449.0 540.0
1 547.0 540.0
1 404.0 541.0
1 473.0 541.0
1 436.0 543.0
1 587.0 543.0
1 528.0 545.0
1 396.0 547.0
1 450.0 547.0
1 569.0 548.0
1 426.0 549.0
1 630.0 549.0
1 597.0 550.0
1 408.0 551.0
1 508.0 551.0
1 464.0 552.0
1 532.0 555.0
1 571.0 556.0
1 430.0 558.0
1 550.0 558.0
1 612.0 559.0
1 141.0 560.0
1 182.0 561.0
1 412.0 561.0
1 453.0 561.0
1 177.0 564.0
1 396.0 564.0
1 536.0 564.0
1 478.0 565.0
1 508.0 567.0
1 611.0 567.0
1 550.0 569.0
1 568.0 569.0
1 590.0 570.0
1 629.0 570.0
1 540.0 575.0
1 407.0 576.0
1 599.0 576.0
1 530.0 579.0
1 509.0 581.0
1 622.0 581.0
1 421.0 582.0
1 459.0 582.0
1 478.0 582.0
1 564.0 582.0
1 553.0 586.0
1 494.0 587.0
1 608.0 587.0
1 544.0 588.0
1 443.0 589.0
1 424.0 590.0
1 593.0 593.0
1 462.0 594.0
1 606.0 594.0
1 475.0 595.0
1 553.0 595.0
1 410.0 596.0
1 511.0 598.0
1 562.0 599.0
1 581.0 600.0
1 648.0 604.0
1 529.0 606.0
1 614.0 606.0
1 423.0 608.0
1 511.0 608.0
1 494.0 609.0
1 561.0 610.0
1 434.0 611.0
1 467.0 611.0
1 612.0 611.0
1 586.0 614.0
1 450.0 617.0
1 602.0 617.0
1 436.0 618.0
1 536.0 618.0
1 608.0 619.0
1 468.0 623.0
1 486.0 624.0
1 513.0 625.0
1 605.0 625.0
1 595.0 626.0
1 557.0 627.0
1 449.0 628.0
1 580.0 630.0
1 535.0 632.0
1 558.0 632.0
1 432.0 633.0
1 615.0 633.0
1 514.0 635.0
1 495.0 637.0
1 474.0 640.0
1 454.0 644.0
1 552.0 644.0
1 483.0 648.0
1 462.0 649.0
1 476.0 651.0
1 502.0 651.0
1 495.0 652.0
1 521.0 652.0
1 474.0 656.0
1 483.0 657.0
1 493.0 661.0
1 505.0 664.0
1 478.0 665.0
