0 0 0 339.4613303447146
0 2 1 150.98073218367955
0 1 2 178.08404541620732
0 4 4 329.06177022047956
0 3 5 137.51271978330695
0 5 6 252.25829310827396
0 7 8 113.58939421688004
0 9 9 278.23112820133946
0 10 10 149.48605419189514
0 12 11 104.93636786112577
0 11 12 177.4204809146687
0 8 13 217.93246622606608
0 15 14 199.4947118588846
0 14 16 192.87144720814214
0 16 20 150.7323501581425
0 19 21 172.80987903155201
0 18 24 287.8399440420412
0 23 26 257.9802590825312
0 20 27 365.8320691716148
0 21 28 159.5714178237752
0 22 29 151.98802157392228
0 26 31 115.33344492790636
0 24 32 424.0382380157884
0 25 34 131.65609018698817
0 30 35 202.63764948667279
0 35 36 270.8026393595924
0 32 37 233.82926697203777
0 28 38 372.1475634707831
0 31 39 304.71385926204147
0 38 41 162.76430911917578
0 40 43 149.80786052091784
0 42 44 162.54714697921202
0 41 45 407.41266842330816
0 48 46 300.63697052435543
0 52 47 205.29236838474603
0 57 50 215.5868700972512
0 59 51 115.65257523059387
0 67 54 119.37524085354225
0 70 55 373.8178055481718
0 73 57 225.04625078873156
0 72 58 163.5725333497648
0 78 60 362.81678615332333
0 80 64 133.49409389533966
0 75 65 355.3401039891745
0 81 66 290.27500421297333
0 84 68 306.0449251091606
0 86 69 250.49173131871515
0 87 70 141.0599242622973
0 88 71 110.21048177067081
0 90 72 171.55159605758504
0 91 73 240.18831139640713
0 92 74 107.94645404935541
0 93 75 231.08170796342188
0 95 76 112.1712121040921
0 96 77 200.99486203989488
0 101 80 171.30365333496155
0 107 81 190.97479556728356
0 98 82 303.6203963247511
0 106 84 167.15239235960902
0 108 85 261.2621992552947
0 103 86 111.71717413857624
0 104 88 158.5177210741953
0 113 89 144.50928630541276
0 119 90 111.04702086130791
0 112 91 272.48274023448937
0 100 92 178.77476342778107
0 115 93 124.14883994070651
0 126 95 250.82833057334025
0 114 96 248.48423899737892
0 120 97 277.3931235101906
0 124 98 131.1447546017521
0 127 100 124.75728339437764
0 125 101 146.57465120277556
0 129 104 169.18613310744547
0 132 105 144.1632508141033
0 142 106 223.38096322596465
0 118 107 106.93728967528247
0 137 108 139.33703764484986
0 139 109 174.47329543646464
0 134 110 256.37084894531273
0 122 111 398.69293517942793
0 141 112 185.63678617146016
0 133 113 222.57377379209976
0 128 114 134.1544178471296
0 130 115 172.70056791681245
0 146 116 145.06747535173028
0 152 117 388.11464236576387
0 138 119 184.15940005444472
0 159 121 189.81235439977834
0 154 122 187.80001777568032
0 148 124 215.78092312583652
0 147 125 245.04196601837344
0 140 127 341.65133766068476
0 157 128 218.1043238167258
0 143 129 125.16915001042628
0 145 130 228.78049375832202
0 160 131 392.93913140420824
0 158 132 114.2339123892937
0 156 133 184.68677187707024
0 135 134 126.05730262634908
0 150 136 183.46014924411827
0 161 138 180.7473429879348
0 155 141 176.4847348507999
0 184 142 226.39499257482024
0 175 143 259.10632249433843
0 173 144 297.0262262973618
0 167 145 119.16515714476374
0 182 146 148.45965249190348
0 164 148 128.55410711943202
0 151 149 109.25832739682573
0 201 150 168.81535448302787
0 168 151 202.7646679651963
0 162 152 298.8753084110485
0 172 154 126.94206871974174
0 179 156 115.98427606128358
0 180 157 113.48014789228067
0 176 158 184.32269778948546
0 193 160 268.76031196427743
0 169 161 213.34308584077962
0 170 162 277.931324330597
0 203 163 122.18102965304224
0 181 164 116.71594756761657
0 192 165 225.06985970106084
0 189 166 349.5874579378377
0 202 167 243.12853721599743
0 186 169 166.8217099895058
0 199 170 331.5398490867901
0 208 171 216.45798808651318
0 195 172 222.94511125352022
0 191 174 199.24961402341987
0 212 175 127.7909961254927
0 190 177 181.93517673576036
0 166 178 116.7382647964385
0 245 179 164.2318469222661
0 209 180 162.98580476714469
0 215 181 186.28836672608602
0 206 182 168.11046550077376
0 210 183 141.9311044478336
0 211 186 132.8944080112347
0 196 187 196.37778540165277
0 223 189 240.59389228926364
0 219 190 223.7996535331964
0 207 193 115.22784696411466
0 216 194 154.62313250986693
0 218 195 311.76103695027786
0 234 196 264.05036109134164
0 258 197 177.99966473642556
0 240 198 212.66430901372857
0 237 199 119.84709316500333
0 238 200 192.83475858955322
0 220 201 186.1840909368345
0 225 204 214.1476549302022
0 246 205 318.155801034671
0 247 206 131.85713714231056
0 250 208 361.12632855141817
0 241 209 114.32388178584456
0 230 210 230.0379454202684
0 221 211 259.8995038240458
0 261 215 377.97597899744943
0 244 216 121.9105905564507
0 236 217 160.8556254736345
0 255 220 122.76338377687075
0 242 222 162.54845411405452
0 263 223 230.20965796461027
0 262 224 184.20584499349627
0 228 225 208.72620306831155
0 239 226 182.5620800470605
0 260 227 230.81100884312443
0 248 228 127.93891588320945
0 243 229 137.63198107024735
0 269 231 251.45775273374537
0 256 234 160.33656770627815
0 252 235 155.67632731452002
0 257 237 133.32691223551316
0 253 238 126.19442762910072
0 274 239 197.36505689421253
0 251 240 201.56352992943204
0 229 241 131.44119572734257
0 270 243 127.16332716587388
0 268 245 126.47731624575951
0 277 247 356.5060561369219
0 272 249 152.8086064284078
0 310 251 219.69347151351428
0 265 252 154.49724672083192
0 264 253 164.93700828351223
0 287 254 272.185232182273
0 273 255 131.4054001386643
0 314 258 214.4198667027756
0 266 259 224.14450233800935
0 267 260 143.39715337622573
0 294 261 259.9897211085551
0 276 262 108.34878754508071
0 289 263 206.62112611928598
0 278 265 255.6487832915702
0 288 266 191.43438843964327
0 275 267 117.20282233225375
0 300 269 173.9028258819466
0 290 270 118.50624577866226
0 281 272 174.17139107965772
0 279 274 364.5050875690635
0 301 275 201.9100150266197
0 292 276 123.20296864147728
0 293 277 254.89957485631982
0 286 279 335.16287113635974
0 304 280 111.33730595193332
0 302 281 106.57108317881243
0 283 282 290.200819252813
0 307 283 106.96916462410708
0 317 284 129.03190477926424
0 297 286 321.3621580578843
0 305 287 303.16672057593166
0 309 289 369.8682406826458
0 308 290 198.11927862224027
0 318 291 111.54460865911969
0 298 292 279.15551925303026
0 313 294 115.09221081284842
0 306 295 141.9391496078767
0 350 296 104.40296424183839
0 315 297 107.99088117351884
0 326 299 143.17946837807324
0 321 300 125.41404341122404
0 312 301 270.05305217830386
0 323 305 142.47770783775263
0 341 306 201.961348439692
0 320 307 125.43958618105266
0 319 308 159.69456915051333
0 333 309 259.33573838358336
0 316 311 132.50601529442662
0 348 313 192.87530531203274
0 334 314 165.55333147490757
0 328 315 144.84745713837015
0 324 317 141.85985455007278
0 331 320 128.08186873598254
0 339 322 123.81588607402496
0 342 323 111.36507919649839
0 335 324 128.21349025152128
0 325 325 339.47283544085576
0 338 328 121.53992734792094
0 332 330 237.1936214865785
0 340 331 124.96388257344971
0 343 332 195.20638763577705
0 336 334 173.56095591885722
0 346 335 136.75264058719168
0 374 339 227.00737314568605
0 352 340 194.38581327407329
0 347 341 121.22049555907492
0 344 342 205.1021701772301
0 375 343 215.82292122603386
0 355 344 105.27490974221816
0 345 347 228.48308631366208
0 358 348 103.87521315597897
0 361 349 204.17672760897
0 359 350 125.79029168171513
0 354 351 301.375726462072
0 360 352 122.1240029282596
0 353 353 118.20070922330585
0 364 354 137.43990204921838
0 366 355 144.26294125623656
0 356 357 160.17465944825472
0 365 358 118.53303812437466
0 362 359 168.73794852216145
0 370 361 168.11823137929426
0 369 362 170.48145122283327
0 367 363 224.65735741699189
0 376 365 133.15378663557007
0 373 368 186.81630782815614
0 371 369 139.17056341162822
0 380 370 115.32860875013706
0 385 371 191.55272164746236
0 379 372 127.05640225916204
0 383 373 132.96984325263017
0 382 374 147.46181638941792
0 381 375 118.43625773069535
0 384 376 113.1322558181578
0 387 378 133.92841049052194
0 386 379 117.90073752894423

494.0 23.0
493.0 38.0
389.0 41.0
407.0 58.0
138.0 60.0
487.0 60.0
272.0 67.0
482.0 72.0
152.0 73.0
338.0 79.0
160.0 80.0
376.0 82.0
158.0 88.0
278.0 88.0
173.0 92.0
161.0 93.0
470.0 95.0
367.0 98.0
465.0 98.0
181.0 99.0
282.0 101.0
169.0 103.0
455.0 103.0
274.0 104.0
192.0 107.0
351.0 108.0
277.0 111.0
445.0 111.0
436.0 112.0
179.0 116.0
262.0 119.0
287.0 120.0
351.0 120.0
412.0 127.0
288.0 128.0
280.0 131.0
204.0 132.0
211.0 141.0
264.0 141.0
231.0 144.0
292.0 146.0
263.0 151.0
224.0 154.0
295.0 154.0
263.0 156.0
330.0 162.0
264.0 163.0
299.0 164.0
233.0 165.0
256.0 168.0
264.0 168.0
281.0 171.0
301.0 171.0
243.0 176.0
265.0 176.0
208.0 179.0
200.0 181.0
304.0 181.0
195.0 182.0
228.0 183.0
250.0 184.0
284.0 184.0
338.0 185.0
189.0 187.0
233.0 187.0
356.0 187.0
258.0 191.0
238.0 192.0
269.0 193.0
289.0 193.0
225.0 196.0
271.0 200.0
319.0 201.0
260.0 202.0
291.0 202.0
250.0 203.0
497.0 203.0
228.0 204.0
272.0 205.0
311.0 205.0
337.0 206.0
210.0 207.0
475.0 207.0
403.0 209.0
412.0 209.0
216.0 211.0
238.0 211.0
315.0 211.0
260.0 214.0
303.0 214.0
316.0 216.0
328.0 216.0
462.0 217.0
211.0 218.0
400.0 218.0
417.0 218.0
229.0 219.0
278.0 220.0
383.0 220.0
576.0 220.0
376.0 222.0
250.0 223.0
408.0 224.0
204.0 227.0
211.0 228.0
221.0 228.0
295.0 228.0
241.0 230.0
365.0 230.0
514.0 230.0
141.0 231.0
387.0 231.0
406.0 231.0
307.0 233.0
258.0 234.0
285.0 235.0
323.0 235.0
213.0 237.0
381.0 237.0
400.0 237.0
163.0 238.0
339.0 238.0
202.0 239.0
319.0 240.0
228.0 241.0
306.0 242.0
238.0 244.0
221.0 245.0
319.0 245.0
375.0 247.0
205.0 248.0
356.0 250.0
563.0 250.0
95.0 251.0
273.0 252.0
268.0 253.0
292.0 253.0
302.0 253.0
314.0 255.0
396.0 255.0
227.0 256.0
243.0 256.0
344.0 257.0
320.0 259.0
378.0 260.0
217.0 262.0
75.0 263.0
193.0 263.0
249.0 263.0
291.0 263.0
365.0 264.0
337.0 265.0
210.0 266.0
238.0 266.0
227.0 268.0
259.0 269.0
324.0 269.0
378.0 269.0
202.0 272.0
301.0 272.0
366.0 272.0
257.0 276.0
324.0 276.0
180.0 277.0
233.0 277.0
356.0 277.0
377.0 277.0
266.0 278.0
315.0 278.0
344.0 278.0
203.0 281.0
289.0 284.0
349.0 284.0
315.0 285.0
365.0 285.0
223.0 287.0
324.0 287.0
560.0 287.0
268.0 288.0
304.0 289.0
169.0 290.0
243.0 291.0
47.0 292.0
324.0 292.0
373.0 292.0
190.0 293.0
300.0 294.0
45.0 297.0
324.0 297.0
348.0 297.0
178.0 298.0
286.0 298.0
258.0 299.0
334.0 300.0
240.0 301.0
307.0 301.0
157.0 303.0
270.0 305.0
388.0 306.0
348.0 308.0
234.0 309.0
296.0 311.0
307.0 311.0
365.0 311.0
244.0 312.0
272.0 314.0
317.0 314.0
254.0 316.0
237.0 317.0
346.0 317.0
371.0 317.0
337.0 319.0
306.0 321.0
248.0 322.0
312.0 322.0
260.0 323.0
291.0 323.0
34.0 324.0
275.0 326.0
242.0 328.0
257.0 328.0
344.0 328.0
268.0 331.0
163.0 332.0
307.0 332.0
316.0 332.0
247.0 334.0
290.0 335.0
159.0 337.0
263.0 337.0
276.0 337.0
343.0 338.0
297.0 342.0
248.0 343.0
256.0 343.0
309.0 344.0
330.0 344.0
279.0 346.0
320.0 347.0
293.0 348.0
343.0 348.0
356.0 349.0
254.0 351.0
134.0 356.0
293.0 356.0
310.0 356.0
341.0 356.0
108.0 357.0
263.0 357.0
365.0 359.0
274.0 360.0
299.0 360.0
256.0 361.0
310.0 361.0
284.0 362.0
351.0 365.0
311.0 367.0
264.0 369.0
368.0 370.0
302.0 371.0
339.0 371.0
276.0 374.0
312.0 375.0
287.0 377.0
298.0 379.0
337.0 382.0
360.0 382.0
269.0 383.0
253.0 385.0
313.0 385.0
280.0 389.0
292.0 391.0
336.0 391.0
318.0 395.0
293.0 401.0
308.0 401.0

534.0 25.0
533.0 41.0
383.0 38.0
416.0 56.0
133.0 55.0
527.0 58.0
255.0 62.0
524.0 64.0
152.0 69.0
315.0 77.0
161.0 77.0
376.0 64.0
161.0 86.0
274.0 84.0
177.0 90.0
165.0 91.0
509.0 90.0
371.0 98.0
504.0 94.0
186.0 97.0
283.0 98.0
175.0 102.0
497.0 99.0
275.0 100.0
197.0 105.0
359.0 111.0
288.0 108.0
489.0 103.0
471.0 107.0
186.0 114.0
272.0 115.0
294.0 117.0
385.0 116.0
441.0 123.0
297.0 126.0
288.0 131.0
217.0 133.0
225.0 140.0
292.0 145.0
246.0 149.0
305.0 147.0
296.0 153.0
240.0 155.0
360.0 151.0
255.0 156.0
356.0 162.0
264.0 164.0
321.0 164.0
251.0 165.0
272.0 171.0
290.0 171.0
302.0 173.0
314.0 173.0
261.0 175.0
243.0 176.0
200.0 182.0
193.0 185.0
343.0 179.0
187.0 185.0
224.0 185.0
270.0 183.0
306.0 183.0
353.0 188.0
184.0 191.0
235.0 188.0
388.0 181.0
279.0 190.0
253.0 199.0
294.0 189.0
320.0 191.0
231.0 198.0
300.0 200.0
342.0 198.0
290.0 201.0
324.0 202.0
277.0 211.0
462.0 190.0
235.0 207.0
302.0 209.0
312.0 205.0
375.0 193.0
221.0 211.0
438.0 204.0
422.0 200.0
431.0 201.0
229.0 214.0
253.0 216.0
339.0 208.0
296.0 220.0
327.0 216.0
342.0 215.0
352.0 214.0
390.0 210.0
228.0 219.0
424.0 211.0
437.0 212.0
271.0 221.0
307.0 219.0
387.0 218.0
527.0 205.0
382.0 215.0
260.0 222.0
434.0 217.0
224.0 237.0
225.0 232.0
231.0 231.0
318.0 226.0
286.0 236.0
375.0 224.0
479.0 215.0
168.0 246.0
420.0 226.0
434.0 222.0
330.0 230.0
299.0 234.0
309.0 234.0
341.0 232.0
231.0 243.0
402.0 228.0
429.0 228.0
202.0 247.0
353.0 235.0
224.0 243.0
360.0 240.0
281.0 246.0
330.0 238.0
257.0 244.0
239.0 252.0
329.0 243.0
409.0 241.0
227.0 253.0
386.0 240.0
517.0 225.0
128.0 272.0
313.0 252.0
297.0 254.0
323.0 251.0
329.0 252.0
334.0 252.0
416.0 243.0
274.0 260.0
289.0 257.0
368.0 251.0
342.0 254.0
405.0 256.0
243.0 265.0
120.0 280.0
230.0 268.0
285.0 266.0
320.0 266.0
399.0 258.0
360.0 261.0
251.0 273.0
281.0 273.0
265.0 276.0
303.0 269.0
365.0 264.0
415.0 258.0
267.0 281.0
341.0 271.0
401.0 265.0
299.0 278.0
370.0 269.0
246.0 283.0
272.0 281.0
393.0 263.0
413.0 267.0
319.0 280.0
362.0 274.0
384.0 270.0
261.0 288.0
349.0 279.0
392.0 276.0
367.0 279.0
405.0 276.0
272.0 293.0
375.0 276.0
520.0 263.0
315.0 288.0
357.0 287.0
240.0 298.0
285.0 292.0
93.0 319.0
381.0 284.0
407.0 283.0
258.0 304.0
358.0 292.0
91.0 324.0
372.0 285.0
393.0 286.0
250.0 308.0
336.0 296.0
302.0 304.0
352.0 298.0
275.0 304.0
364.0 293.0
232.0 313.0
315.0 304.0
404.0 299.0
390.0 298.0
258.0 313.0
341.0 307.0
353.0 307.0
392.0 303.0
278.0 314.0
316.0 313.0
382.0 301.0
292.0 317.0
260.0 325.0
352.0 312.0
398.0 314.0
341.0 318.0
352.0 317.0
283.0 325.0
367.0 312.0
299.0 323.0
330.0 315.0
81.0 353.0
317.0 324.0
265.0 333.0
295.0 328.0
366.0 322.0
310.0 332.0
243.0 346.0
351.0 327.0
389.0 326.0
276.0 337.0
335.0 324.0
240.0 352.0
301.0 338.0
318.0 335.0
368.0 332.0
336.0 336.0
268.0 344.0
289.0 346.0
350.0 338.0
405.0 332.0
319.0 343.0
394.0 336.0
333.0 345.0
361.0 347.0
385.0 339.0
273.0 350.0
220.0 374.0
334.0 355.0
349.0 351.0
375.0 347.0
195.0 375.0
292.0 358.0
390.0 347.0
311.0 359.0
331.0 360.0
275.0 360.0
358.0 357.0
321.0 360.0
379.0 355.0
348.0 364.0
283.0 368.0
389.0 358.0
336.0 367.0
371.0 361.0
298.0 372.0
348.0 370.0
322.0 369.0
332.0 375.0
367.0 373.0
378.0 372.0
296.0 383.0
258.0 394.0
347.0 378.0
309.0 388.0
324.0 387.0
359.0 383.0
348.0 389.0
324.0 397.0
340.0 395.0
