0 0 0 340.6687617143355
0 1 1 107.12954308947357
0 2 2 109.59576751651232
0 3 3 108.12810343866401
0 4 4 138.58992984517232
0 5 5 209.30237722372337
0 8 6 241.46343060613563
0 6 7 103.508291785359
0 9 10 175.90830615808497
0 18 12 250.24151642288555
0 11 13 172.95827941665246
0 13 15 132.09873743672696
0 16 16 177.944254326444
0 14 17 125.02366752434118
0 15 19 299.1758726511889
0 19 21 121.47311827334161
0 20 24 127.11803329863147
0 21 25 164.80758468591137
0 22 26 233.67588734618948
0 23 27 104.80195016446268
0 24 28 125.24623030646522
0 26 29 305.18950083049697
0 25 30 256.8357075570374
0 29 31 279.74183780701367
0 28 32 166.13282770929575
0 33 33 258.83787195026275
0 36 34 113.01875493023404
0 32 35 198.4709287662145
0 37 37 243.9585129002836
0 44 38 258.7149555967303
0 35 39 145.02460165426362
0 30 40 279.82642878807627
0 42 41 154.74719677083644
0 41 43 202.6726301125346
0 45 45 247.26090265500292
0 50 49 283.4352101164304
0 48 51 120.74104700146562
0 47 52 204.68341640369388
0 51 53 148.1841689021635
0 52 55 458.32569444245246
0 54 57 403.81886368466667
0 56 59 112.3546162573704
0 55 60 208.52147969172728
0 59 63 111.85592166706047
0 66 65 328.93173945538064
0 63 66 157.89149943514778
0 62 68 108.40233606384987
0 60 69 101.88814020191168
0 64 71 112.47141575468476
0 61 72 194.3353993293737
0 65 73 102.58150239091862
0 69 75 117.987615855216
0 68 76 262.30550231748157
0 70 77 109.12092735138685
0 75 79 155.9069837288991
0 73 81 146.08400301063088
0 74 82 195.672243356828
0 78 83 232.81282198339758
0 76 84 110.50880624031775
0 77 85 212.1544457398944
0 79 86 204.8645453358779
0 83 87 182.38911554213126
0 84 88 196.55238181820738
0 81 89 102.27487183801311
0 93 90 133.50701143504622
0 89 91 161.48126958814672
0 88 92 109.24269746354707
0 90 93 105.49959802259185
0 94 94 105.98363639280997
0 92 95 112.09347180354652
0 95 96 143.59647317154796
0 96 97 120.10206503882989
0 97 99 110.43368673150115
0 99 100 134.66246965879392
0 98 101 116.86798392749806
0 101 102 108.85130682496109
0 91 103 277.01523844889647
0 102 104 106.10261471244931
0 103 105 112.43007471474344
0 106 106 141.52237719441425
0 104 107 102.02285666888382
0 100 108 344.0993525120909
0 114 109 116.45510153821208
0 109 110 118.93848151606932
0 105 111 117.65979455911983
0 111 112 118.66016525497993
0 110 113 150.09695295567397
0 107 114 102.52301009108706
0 116 115 114.44283862880731
0 112 117 148.30158551685756
0 115 118 119.37728792553092
0 108 119 102.24790748575833
0 119 120 178.86386606225238
0 122 121 135.9346368371074
0 123 122 171.59095093116323
0 118 123 113.864270948547
0 113 124 201.57199380814177
0 117 125 123.85531829823788
0 124 126 149.7530093478165
0 120 127 179.22627846236793
0 125 128 127.09221646138525
0 131 129 189.71825556439973
0 129 130 168.18840949465832
0 136 132 128.47817618322344
0 132 133 137.84445984885042
0 130 134 146.41658381004436
0 128 135 286.6940848425505
0 126 136 172.8109470313507
0 133 137 166.5970675837977
0 143 138 124.16020508334655
0 137 139 115.10681118650632
0 134 140 108.68752418423378
0 139 141 228.15005218200614
0 142 142 162.38640381514574
0 135 143 107.73232947984006
0 144 145 151.66158919809504
0 148 146 267.8047223179966
0 149 149 176.75094914048228
0 153 150 226.56248554631114
0 162 153 106.36567244752459
0 150 154 113.78096459543036
0 154 156 104.37693767843221
0 147 157 152.55356855456515
0 146 158 165.92137344773985
0 145 160 226.73420989611742
0 164 161 318.2523038470815
0 171 162 171.49329000381886
0 157 164 160.32503027855506
0 158 165 122.06566170603502
0 163 166 108.77265414047824
0 170 167 105.87518626680772
0 161 168 155.63729157677926
0 167 169 131.11955132478514
0 166 170 110.0834831102078
0 172 171 304.45548727358147
0 165 172 158.0646212838522
0 184 173 318.80074544866346
0 180 174 216.25930106362966
0 173 175 105.06728804010604
0 174 176 123.67779727938888
0 177 177 109.04367774495091
0 168 178 102.04815684010373
0 175 179 308.35204796827895
0 169 180 146.7379498793628
0 182 181 159.2766765536491
0 179 183 133.64312670387415
0 183 184 156.46226922298928
0 191 185 176.9154699340369
0 178 186 102.81773470019857
0 187 187 106.19549061406497
0 185 188 107.7420983937213
0 190 189 113.92983256733704
0 188 190 277.5888024134048
0 194 191 170.76498716505475
0 192 192 118.64935673315291
0 193 193 112.44433148995903
0 200 194 173.1312115840079
0 198 195 240.78152454348327
0 199 196 150.19646952869158
0 195 197 122.55815319360069
0 196 198 111.09182315908579
0 197 199 137.19416080646263
0 201 200 186.72386692503684
0 189 201 127.49975567357868
0 204 203 144.7258805309578
0 228 206 200.95930270163825
0 202 208 110.65259391152773
0 203 209 105.37877046786829
0 205 210 181.55403578917796
0 210 211 123.88202288756808
0 213 212 138.5366124340975
0 209 213 110.16613419621257
0 211 214 157.4902810119125
0 215 215 121.0356134609319
0 225 216 199.51936158431818
0 214 217 135.70381505046504
0 207 218 115.7995341711902
0 220 219 145.17550546852135
0 258 220 199.7797295190904
0 230 221 137.47417219932245
0 208 223 105.72369511813872
0 219 224 132.52718996051328
0 229 225 115.4564199776605
0 221 226 127.94409669176072
0 231 229 193.7379687579751
0 226 230 127.20832538465294
0 217 231 196.51678857492786
0 223 232 130.7884139343489
0 222 233 117.06530948851763
0 238 234 177.57249239899605
0 224 235 120.86046181256229
0 232 238 157.6486569074913
0 227 240 161.86958556246472
0 233 241 114.55907852450188
0 249 242 117.95162351355766
0 235 243 110.95334193287268
0 245 244 129.60475269503652
0 236 245 135.20932070783428
0 242 246 176.6242308649107
0 237 247 137.83827638399902
0 243 248 180.6067434333226
0 244 249 117.20986408525576
0 241 250 109.87061864868804
0 246 251 108.4157717488692
0 266 253 191.7296414872141
0 252 254 107.71846094214335
0 254 255 147.40101539076272
0 253 256 167.1635509437241
0 251 257 110.52140768877065
0 247 258 119.48469195538023
0 256 259 118.64885327858268
0 250 260 106.74665553297116
0 275 261 185.11940307071146
0 257 262 105.08824242005142
0 259 263 113.40268357435627
0 240 264 140.79435628091508
0 265 265 108.7168018529765
0 255 266 131.24201993551335
0 263 267 107.44068216558229
0 260 268 103.2646078885217
0 262 269 153.78299744932684
0 268 270 161.20245083758473
0 270 271 275.5141416564892
0 273 272 103.40045493888745
0 264 273 104.72087380913295
0 271 274 119.0513312757736
0 272 275 102.61520758959877
0 269 276 138.64703491138133
0 276 277 122.2138361297969
0 274 278 218.3644805987147
0 277 280 131.40840551812641
0 286 281 153.43916234289082
0 281 282 164.1274955945781
0 282 283 146.91235399037873
0 284 284 179.66343604333883
0 280 285 167.2047006868091
0 279 286 124.22499027804064
0 285 287 107.02681957923188
0 294 288 166.03107513064253
0 292 289 209.92226207125051
0 289 291 103.64104841853221
0 287 292 133.95696201945444
0 288 294 103.6780163289692
0 291 295 103.12919339219435
0 290 297 144.19933270527167
0 293 298 160.5519463120132
0 295 299 170.20950910756764
0 296 300 160.1249296235323
0 299 301 106.25713934661916
0 310 302 134.29745771469607
0 301 303 176.60967269997207
0 297 304 102.33365551215515
0 303 305 108.80055947553319
0 307 306 108.83128176975276
0 300 307 128.88339878439254
0 305 308 124.93617926297614
0 313 309 167.0899318084262
0 306 310 113.16462620640996
0 304 311 127.7395252767889
0 298 312 147.28185215452132
0 311 313 113.00625503830186
0 308 314 164.600651114393
0 317 315 134.38785226994557
0 314 316 238.89568024017697
0 319 317 153.66635677943202
0 321 318 151.78863462737579
0 309 319 192.98994364747793
0 324 320 161.30326979833458
0 322 321 107.43407732784658
0 312 322 159.1312382825164
0 315 324 129.63164056128534
0 318 326 146.18622841859593
0 320 327 125.93744194225059
0 316 328 150.19976391984375
0 325 331 143.27016757620177
0 328 332 104.25944402100573
0 323 333 217.36374097654752
0 327 334 126.78781017818608
0 330 335 142.10392756409712
0 329 336 147.02924474546134
0 331 337 191.64052780025506
0 333 338 115.1024125229154
0 326 339 147.8372917212447
0 332 341 137.96072384330586
0 340 342 178.9159774379161
0 334 343 140.98769783255528
0 347 345 106.73163405510226
0 338 346 109.53923859554968
0 337 347 117.85487086919674
0 336 348 267.68279622089796
0 349 349 117.13270482163448
0 343 350 106.65486106153436
0 341 351 103.265643925046
0 339 352 130.7576096722443
0 345 353 132.3044260650795
0 335 354 220.14817328378783
0 342 355 214.9330214963563
0 348 356 102.13665400319147
0 351 359 120.21402507086138
0 352 360 113.92444808773448
0 353 361 134.31937015378276
0 354 362 142.36931671414794
0 350 363 179.9228541229118
0 355 364 145.64596064458425
0 360 365 119.8796688571321
0 359 366 216.32973865081325
0 361 367 148.18296478701566
0 362 368 108.39463201184294
0 357 370 141.63065375672224
0 364 371 107.1454363222504
0 363 372 167.95423919070663
0 365 373 139.7543131314301
0 368 374 113.22221677837574
0 367 375 116.85727965439052
0 369 377 155.32360952349123
0 371 379 135.2631607377629
0 372 381 116.68901258802076
0 373 382 114.70792826214632
0 374 383 106.32110334243971
0 376 384 103.57444852424824
0 375 385 105.14437471049946

0 469.0 25.0
0 372.0 42.0
0 368.0 53.0
0 119.0 60.0
0 388.0 60.0
0 463.0 60.0
0 461.0 66.0
0 256.0 68.0
0 141.0 80.0
0 456.0 84.0
0 148.0 86.0
0 261.0 88.0
0 139.0 89.0
0 154.0 92.0
0 354.0 92.0
0 514.0 95.0
0 162.0 99.0
0 264.0 101.0
0 441.0 102.0
0 150.0 103.0
0 257.0 104.0
0 436.0 105.0
0 334.0 106.0
0 431.0 106.0
0 171.0 107.0
0 422.0 113.0
0 159.0 114.0
0 249.0 114.0
0 413.0 115.0
0 233.0 116.0
0 344.0 116.0
0 336.0 117.0
0 270.0 121.0
0 164.0 122.0
0 395.0 127.0
0 235.0 131.0
0 184.0 132.0
0 251.0 132.0
0 263.0 134.0
0 227.0 137.0
0 373.0 138.0
0 192.0 142.0
0 237.0 144.0
0 185.0 147.0
0 236.0 152.0
0 261.0 154.0
0 205.0 155.0
0 474.0 155.0
0 192.0 158.0
0 246.0 158.0
0 431.0 159.0
0 312.0 164.0
0 238.0 165.0
0 214.0 166.0
0 233.0 169.0
0 277.0 170.0
0 257.0 172.0
0 241.0 174.0
0 223.0 176.0
0 280.0 176.0
0 191.0 180.0
0 179.0 182.0
0 184.0 182.0
0 453.0 182.0
0 209.0 184.0
0 283.0 184.0
0 230.0 185.0
0 260.0 185.0
0 319.0 185.0
0 172.0 187.0
0 336.0 189.0
0 216.0 190.0
0 238.0 192.0
0 246.0 192.0
0 400.0 193.0
0 267.0 194.0
0 284.0 194.0
0 206.0 197.0
0 224.0 198.0
0 248.0 198.0
0 554.0 200.0
0 390.0 201.0
0 196.0 202.0
0 239.0 202.0
0 322.0 202.0
0 249.0 203.0
0 268.0 203.0
0 447.0 203.0
0 230.0 204.0
0 300.0 204.0
0 209.0 206.0
0 481.0 206.0
0 189.0 208.0
0 197.0 211.0
0 217.0 211.0
0 392.0 211.0
0 253.0 212.0
0 384.0 212.0
0 185.0 213.0
0 240.0 214.0
0 283.0 216.0
0 295.0 217.0
0 309.0 217.0
0 191.0 219.0
0 363.0 219.0
0 448.0 219.0
0 206.0 220.0
0 397.0 220.0
0 229.0 221.0
0 247.0 221.0
0 258.0 221.0
0 379.0 222.0
0 324.0 224.0
0 358.0 224.0
0 559.0 225.0
0 287.0 226.0
0 495.0 226.0
0 183.0 228.0
0 199.0 228.0
0 124.0 230.0
0 274.0 230.0
0 347.0 231.0
0 495.0 231.0
0 368.0 232.0
0 387.0 233.0
0 208.0 234.0
0 185.0 235.0
0 287.0 235.0
0 305.0 236.0
0 265.0 237.0
0 140.0 238.0
0 361.0 238.0
0 380.0 238.0
0 318.0 239.0
0 183.0 242.0
0 295.0 242.0
0 205.0 243.0
0 356.0 243.0
0 272.0 244.0
0 286.0 244.0
0 327.0 244.0
0 534.0 244.0
0 221.0 245.0
0 346.0 245.0
0 183.0 247.0
0 368.0 249.0
0 199.0 250.0
0 379.0 251.0
0 546.0 252.0
0 254.0 253.0
0 335.0 253.0
0 273.0 255.0
0 311.0 255.0
0 186.0 256.0
0 235.0 256.0
0 295.0 256.0
0 56.0 257.0
0 207.0 257.0
0 216.0 257.0
0 226.0 257.0
0 324.0 258.0
0 301.0 261.0
0 196.0 262.0
0 357.0 262.0
0 167.0 264.0
0 47.0 265.0
0 272.0 266.0
0 344.0 266.0
0 375.0 266.0
0 217.0 267.0
0 240.0 268.0
0 256.0 268.0
0 319.0 268.0
0 208.0 270.0
0 235.0 271.0
0 292.0 271.0
0 356.0 271.0
0 177.0 272.0
0 37.0 273.0
0 196.0 273.0
0 555.0 274.0
0 344.0 275.0
0 155.0 277.0
0 302.0 277.0
0 237.0 279.0
0 245.0 279.0
0 270.0 279.0
0 335.0 279.0
0 355.0 279.0
0 199.0 280.0
0 322.0 280.0
0 301.0 282.0
0 373.0 282.0
0 269.0 285.0
0 292.0 286.0
0 328.0 286.0
0 236.0 287.0
0 301.0 287.0
0 371.0 287.0
0 343.0 288.0
0 203.0 289.0
0 213.0 290.0
0 246.0 290.0
0 281.0 290.0
0 22.0 291.0
0 142.0 291.0
0 236.0 292.0
0 370.0 292.0
0 222.0 293.0
0 300.0 293.0
0 163.0 294.0
0 351.0 294.0
0 20.0 296.0
0 279.0 296.0
0 326.0 298.0
0 599.0 298.0
0 151.0 299.0
0 300.0 299.0
0 234.0 300.0
0 262.0 300.0
0 211.0 301.0
0 220.0 302.0
0 313.0 302.0
0 131.0 303.0
0 282.0 303.0
0 247.0 306.0
0 353.0 308.0
0 368.0 308.0
0 213.0 309.0
0 300.0 309.0
0 326.0 310.0
0 248.0 311.0
0 317.0 312.0
0 274.0 313.0
0 279.0 313.0
0 284.0 313.0
0 344.0 313.0
0 223.0 314.0
0 250.0 316.0
0 292.0 316.0
0 232.0 318.0
0 216.0 319.0
0 350.0 319.0
0 363.0 319.0
0 324.0 320.0
0 316.0 321.0
0 226.0 323.0
0 285.0 323.0
0 238.0 324.0
0 9.0 325.0
0 221.0 325.0
0 271.0 325.0
0 253.0 328.0
0 235.0 329.0
0 323.0 330.0
0 335.0 330.0
0 223.0 331.0
0 364.0 331.0
0 302.0 332.0
0 349.0 332.0
0 244.0 333.0
0 286.0 334.0
0 134.0 335.0
0 227.0 336.0
0 255.0 338.0
0 303.0 338.0
0 359.0 338.0
0 129.0 339.0
0 242.0 339.0
0 287.0 339.0
0 339.0 340.0
0 263.0 343.0
0 274.0 343.0
0 359.0 343.0
0 229.0 345.0
0 236.0 345.0
0 287.0 345.0
0 348.0 347.0
0 257.0 348.0
0 359.0 348.0
0 304.0 349.0
0 271.0 350.0
0 287.0 350.0
0 335.0 351.0
0 111.0 353.0
0 234.0 354.0
0 79.0 358.0
0 288.0 358.0
0 297.0 358.0
0 320.0 358.0
0 99.0 359.0
0 242.0 359.0
0 271.0 359.0
0 345.0 361.0
0 237.0 362.0
0 306.0 362.0
0 319.0 363.0
0 262.0 364.0
0 290.0 369.0
0 350.0 370.0
0 304.0 371.0
0 244.0 372.0
0 281.0 373.0
0 319.0 373.0
0 257.0 376.0
0 308.0 376.0
0 291.0 378.0
0 266.0 379.0
0 346.0 379.0
0 277.0 381.0
0 341.0 382.0
0 330.0 383.0
0 248.0 384.0
0 317.0 384.0
0 292.0 386.0
0 259.0 391.0
0 314.0 393.0
0 271.0 394.0
0 297.0 398.0
0 273.0 403.0
0 287.0 403.0
1 510.0 34.0
1 388.0 46.0
1 384.0 60.0
1 138.0 61.0
1 411.0 65.0
1 503.0 68.0
1 501.0 73.0
1 267.0 70.0
1 161.0 81.0
1 490.0 97.0
1 167.0 88.0
1 277.0 90.0
1 163.0 95.0
1 175.0 94.0
1 374.0 94.0
1 513.0 99.0
1 184.0 101.0
1 283.0 104.0
1 482.0 105.0
1 172.0 106.0
1 275.0 106.0
1 477.0 107.0
1 363.0 106.0
1 472.0 111.0
1 193.0 109.0
1 463.0 116.0
1 182.0 118.0
1 277.0 116.0
1 449.0 118.0
1 304.0 126.0
1 365.0 117.0
1 363.0 112.0
1 290.0 123.0
1 195.0 121.0
1 434.0 126.0
1 302.0 137.0
1 209.0 136.0
1 271.0 130.0
1 318.0 137.0
1 294.0 138.0
1 343.0 141.0
1 216.0 144.0
1 295.0 143.0
1 211.0 153.0
1 247.0 160.0
1 305.0 158.0
1 230.0 158.0
1 474.0 155.0
1 216.0 159.0
1 285.0 157.0
1 433.0 159.0
1 334.0 166.0
1 253.0 166.0
1 239.0 168.0
1 262.0 176.0
1 320.0 172.0
1 305.0 175.0
1 287.0 181.0
1 249.0 179.0
1 331.0 180.0
1 208.0 182.0
1 189.0 185.0
1 195.0 185.0
1 456.0 182.0
1 231.0 190.0
1 320.0 187.0
1 257.0 187.0
1 305.0 188.0
1 342.0 192.0
1 187.0 190.0
1 365.0 192.0
1 243.0 194.0
1 265.0 194.0
1 287.0 195.0
1 427.0 194.0
1 307.0 198.0
1 328.0 188.0
1 226.0 199.0
1 248.0 199.0
1 284.0 201.0
1 554.0 199.0
1 351.0 196.0
1 215.0 208.0
1 274.0 204.0
1 356.0 200.0
1 285.0 206.0
1 307.0 205.0
1 449.0 203.0
1 259.0 209.0
1 320.0 206.0
1 229.0 208.0
1 481.0 203.0
1 213.0 213.0
1 220.0 214.0
1 237.0 214.0
1 418.0 212.0
1 295.0 207.0
1 409.0 211.0
1 208.0 216.0
1 276.0 213.0
1 313.0 216.0
1 332.0 219.0
1 337.0 218.0
1 216.0 222.0
1 383.0 219.0
1 450.0 218.0
1 248.0 218.0
1 424.0 217.0
1 271.0 220.0
1 279.0 227.0
1 287.0 223.0
1 408.0 221.0
1 359.0 224.0
1 381.0 225.0
1 556.0 221.0
1 317.0 227.0
1 505.0 229.0
1 208.0 230.0
1 237.0 232.0
1 147.0 238.0
1 301.0 230.0
1 367.0 232.0
1 495.0 228.0
1 401.0 228.0
1 415.0 227.0
1 249.0 239.0
1 208.0 243.0
1 314.0 235.0
1 327.0 235.0
1 292.0 238.0
1 176.0 243.0
1 390.0 237.0
1 406.0 240.0
1 340.0 240.0
1 217.0 244.0
1 313.0 240.0
1 240.0 253.0
1 386.0 249.0
1 298.0 245.0
1 313.0 245.0
1 351.0 246.0
1 530.0 240.0
1 228.0 246.0
1 382.0 241.0
1 212.0 253.0
1 399.0 248.0
1 222.0 253.0
1 403.0 257.0
1 543.0 247.0
1 281.0 256.0
1 363.0 253.0
1 300.0 257.0
1 308.0 256.0
1 217.0 259.0
1 272.0 258.0
1 319.0 258.0
1 96.0 264.0
1 230.0 261.0
1 242.0 263.0
1 258.0 259.0
1 352.0 259.0
1 328.0 260.0
1 234.0 266.0
1 394.0 256.0
1 213.0 267.0
1 76.0 281.0
1 299.0 266.0
1 376.0 266.0
1 400.0 267.0
1 249.0 270.0
1 273.0 272.0
1 291.0 269.0
1 359.0 270.0
1 243.0 274.0
1 270.0 280.0
1 316.0 273.0
1 389.0 268.0
1 219.0 276.0
1 61.0 299.0
1 228.0 281.0
1 550.0 268.0
1 377.0 274.0
1 202.0 281.0
1 339.0 277.0
1 278.0 281.0
1 283.0 280.0
1 306.0 274.0
1 368.0 278.0
1 388.0 277.0
1 237.0 288.0
1 356.0 279.0
1 340.0 282.0
1 398.0 280.0
1 298.0 286.0
1 333.0 293.0
1 363.0 286.0
1 272.0 292.0
1 341.0 287.0
1 395.0 291.0
1 378.0 287.0
1 231.0 292.0
1 245.0 292.0
1 283.0 291.0
1 321.0 292.0
1 59.0 304.0
1 192.0 295.0
1 270.0 297.0
1 392.0 296.0
1 257.0 294.0
1 342.0 292.0
1 214.0 298.0
1 384.0 293.0
1 57.0 310.0
1 321.0 298.0
1 362.0 299.0
1 591.0 290.0
1 201.0 303.0
1 344.0 297.0
1 272.0 302.0
1 301.0 301.0
1 237.0 302.0
1 258.0 305.0
1 346.0 307.0
1 182.0 309.0
1 326.0 302.0
1 284.0 308.0
1 381.0 308.0
1 392.0 305.0
1 239.0 310.0
1 339.0 309.0
1 359.0 310.0
1 285.0 317.0
1 348.0 312.0
1 311.0 313.0
1 321.0 314.0
1 330.0 312.0
1 375.0 311.0
1 251.0 315.0
1 286.0 323.0
1 335.0 321.0
1 265.0 319.0
1 242.0 318.0
1 377.0 318.0
1 385.0 319.0
1 358.0 319.0
1 350.0 321.0
1 257.0 324.0
1 321.0 324.0
1 272.0 326.0
1 47.0 334.0
1 246.0 329.0
1 310.0 325.0
1 288.0 329.0
1 268.0 331.0
1 357.0 327.0
1 365.0 330.0
1 252.0 337.0
1 386.0 330.0
1 352.0 329.0
1 377.0 325.0
1 280.0 334.0
1 338.0 331.0
1 190.0 338.0
1 262.0 337.0
1 289.0 339.0
1 354.0 339.0
1 377.0 331.0
1 184.0 344.0
1 273.0 340.0
1 320.0 335.0
1 368.0 337.0
1 303.0 338.0
1 308.0 339.0
1 381.0 337.0
1 252.0 345.0
1 265.0 347.0
1 342.0 341.0
1 373.0 345.0
1 290.0 348.0
1 380.0 347.0
1 356.0 348.0
1 304.0 350.0
1 321.0 345.0
1 364.0 348.0
1 167.0 360.0
1 258.0 352.0
1 135.0 365.0
1 321.0 358.0
1 349.0 357.0
1 334.0 355.0
1 157.0 366.0
1 270.0 361.0
1 306.0 360.0
1 374.0 358.0
1 260.0 363.0
1 357.0 353.0
1 340.0 360.0
1 294.0 365.0
1 321.0 367.0
1 372.0 368.0
1 359.0 370.0
1 268.0 371.0
1 304.0 367.0
1 348.0 371.0
1 287.0 377.0
1 334.0 376.0
1 322.0 377.0
1 296.0 379.0
1 367.0 375.0
1 306.0 381.0
1 363.0 380.0
1 356.0 381.0
1 275.0 385.0
1 345.0 382.0
1 322.0 385.0
1 285.0 391.0
1 343.0 391.0
1 300.0 393.0
1 325.0 396.0
1 302.0 404.0
1 316.0 401.0
