0 1 1 214.66476575362492
0 3 2 259.61388019647586
0 4 3 420.65250067759354
0 5 4 494.5737028256695
0 7 7 319.9044779853275
0 10 9 298.0299756349376
0 12 10 347.87683199571364
0 14 13 369.78358009683194
0 22 16 360.9596709085032
0 20 17 251.97219735790796
0 25 24 273.390650606619
0 19 26 418.94460754351536
0 30 27 225.09637279783527
0 35 32 292.87421609761
0 46 36 341.390287279372
0 45 38 477.69657375924385
0 51 43 216.2200031149611
0 67 49 239.2450693861661
0 66 51 220.8683184557084
0 72 58 375.727934106361
0 74 60 289.8391747576254
0 81 66 374.57131761026267
0 86 68 221.06767447034602
0 85 70 381.9641130928882
0 83 71 355.15648742329955
0 88 72 244.72504487978114
0 93 74 362.554601560821
0 96 77 202.25499907716392
0 97 79 317.52049156089015
0 100 81 444.7168617872009
0 99 82 192.22104276023893
0 103 84 153.83505760190033
0 110 86 288.0431277952803
0 114 88 234.57974385178142
0 111 90 411.4233557914657
0 105 91 470.7918156462813
0 107 92 146.36010158273976
0 106 93 138.7738970793504
0 101 94 176.10979654158697
0 122 95 194.81313936571647
0 115 97 372.49091125663165
0 117 99 202.96219123275594
0 120 100 215.58583124473998
0 102 101 431.41023069620286
0 129 104 137.5617890624494
0 131 112 332.0947850487417
0 134 115 323.1906794680146
0 132 117 421.75074077865764
0 149 121 203.34345815659535
0 124 123 447.5939633085457
0 121 125 238.12479809968156
0 146 128 426.0877819180929
0 143 130 369.6309466369679
0 142 133 394.54065483687043
0 136 140 301.78271115096777
0 166 147 216.34923839330037
0 167 148 337.17025612611695
0 182 150 436.3731890791323
0 185 151 441.40166442355496
0 164 156 433.12888606800675
0 178 159 291.8232701231662
0 196 162 255.11358772186057
0 173 163 158.8855031464171
0 175 164 129.42838090165608
0 183 166 269.1845859352744
0 165 169 430.8395427129971
0 174 170 234.43346940788808
0 217 171 259.4178628013073
0 184 172 207.2945438757094
0 202 173 328.516819601806
0 186 176 119.6660065399266
0 181 177 375.99857016153476
0 203 179 189.0904648215904
0 225 181 308.2789858584325
0 222 184 342.092134500405
0 190 188 317.15596596491673
0 205 189 227.51125862470764
0 189 190 360.8289000075705
0 216 193 203.22869881281665
0 226 196 188.67921302988802
0 204 198 155.52919710905007
0 245 203 155.7493968118991
0 234 208 266.03722617939417
0 213 209 231.02826496729438
0 239 211 444.28274364961516
0 241 216 272.61869168111775
0 224 224 428.1762750725985
0 249 228 437.41396434641064
0 256 229 273.5814575570992
0 257 230 200.53887929291503
0 229 232 489.60210091080955
0 254 234 322.00269007069113
0 238 235 482.1236848149447
0 252 242 441.15925809837745
0 243 243 398.1666580240513
0 273 249 339.9699812215458
0 268 250 203.03574282236377
0 262 257 242.71038782601084
0 264 258 366.2804910064637
0 263 262 184.88555525397385
0 274 266 425.42797726650895
0 282 267 219.73633027633483
0 279 268 157.37821051355834
0 280 269 341.3217712249941
0 278 273 390.754490928706
0 290 274 187.8186450005754
0 299 277 309.75484411511684
0 291 283 285.8563418714004
0 292 284 456.88360483794213
0 296 287 247.3190398124427
0 307 288 247.35016080059805
0 298 290 494.6553249540993
0 300 291 255.62893706081246
0 294 293 438.2168952417955
0 293 294 338.3350086518631
0 284 295 435.53625863412844
0 317 301 233.15221431995045
0 319 303 361.6491307070907
0 315 304 136.5839854509847
0 316 305 141.65396030312223
0 321 306 433.12597880157415
0 306 307 295.052365976646
0 309 308 242.49081998984929
0 301 310 431.87620857882456
0 314 311 472.36095435280146
0 308 312 242.96977449735073
0 324 313 208.72839736488302
0 347 315 350.77720602663317
0 327 316 373.7954847904827
0 330 317 222.9914562688442
0 312 319 322.0352627623809
0 336 321 269.12234233679305
0 318 323 277.2085293605194
0 322 324 249.9449299911432
0 329 327 276.1865315816887
0 363 330 484.0272906288682
0 339 331 278.5632815085891
0 335 332 262.7650698768793
0 346 335 194.17606613174127
0 323 336 327.18860999676366
0 342 338 237.63285764173423
0 340 339 322.09452239979504
0 343 340 476.7908752432929
0 354 343 473.24608091523714
0 334 344 209.91756052834933
0 384 345 187.22653192451935
0 362 350 389.5166417722373
0 351 351 257.6816186995471
0 341 352 338.85876535569713
0 368 353 356.7502695208589
0 360 356 249.56742030535133
0 361 358 278.54933731447164
0 357 360 272.53485995507793
0 380 362 370.60070028206115
0 364 363 242.50759190618746
0 381 368 440.8858625002784
0 372 371 237.11388754074926
0 370 372 349.4317875318795
0 387 374 486.129317223402
0 378 377 352.338055369726
0 375 378 433.463174254629
0 388 379 246.81034795368285
0 383 381 237.59784126793502
0 386 382 184.98995176893192
0 389 383 171.242177230973
0 393 384 222.52441460100542
0 391 385 224.59835003932463

372.0 42.0
368.0 53.0
119.0 60.0
388.0 60.0
256.0 68.0
134.0 73.0
141.0 80.0
148.0 86.0
139.0 89.0
154.0 92.0
162.0 99.0
441.0 102.0
150.0 103.0
171.0 107.0
258.0 114.0
233.0 116.0
164.0 122.0
235.0 131.0
184.0 132.0
204.0 139.0
237.0 144.0
261.0 154.0
205.0 155.0
285.0 157.0
192.0 158.0
246.0 158.0
238.0 160.0
214.0 166.0
233.0 169.0
277.0 170.0
257.0 172.0
223.0 176.0
191.0 180.0
184.0 182.0
209.0 184.0
283.0 184.0
230.0 185.0
260.0 185.0
319.0 185.0
172.0 187.0
216.0 190.0
238.0 192.0
246.0 192.0
400.0 193.0
206.0 197.0
249.0 203.0
230.0 204.0
300.0 204.0
197.0 211.0
392.0 211.0
384.0 212.0
283.0 216.0
309.0 217.0
363.0 219.0
379.0 222.0
234.0 227.0
295.0 227.0
199.0 228.0
191.0 229.0
347.0 231.0
226.0 233.0
185.0 235.0
239.0 235.0
287.0 235.0
265.0 237.0
380.0 238.0
318.0 239.0
183.0 242.0
295.0 242.0
205.0 243.0
286.0 244.0
327.0 244.0
221.0 245.0
183.0 247.0
199.0 250.0
335.0 253.0
273.0 255.0
311.0 255.0
295.0 256.0
216.0 257.0
324.0 258.0
167.0 264.0
272.0 266.0
344.0 266.0
217.0 267.0
235.0 271.0
344.0 275.0
213.0 279.0
237.0 279.0
245.0 279.0
335.0 279.0
199.0 280.0
322.0 280.0
292.0 286.0
328.0 286.0
213.0 290.0
246.0 290.0
222.0 293.0
300.0 293.0
279.0 296.0
300.0 299.0
234.0 300.0
262.0 300.0
211.0 301.0
282.0 303.0
247.0 306.0
213.0 309.0
274.0 313.0
279.0 313.0
223.0 314.0
250.0 316.0
331.0 316.0
232.0 318.0
301.0 319.0
350.0 319.0
363.0 319.0
238.0 324.0
221.0 325.0
271.0 325.0
253.0 328.0
235.0 329.0
323.0 330.0
335.0 330.0
364.0 331.0
302.0 332.0
349.0 332.0
244.0 333.0
134.0 335.0
227.0 336.0
255.0 338.0
359.0 338.0
242.0 339.0
323.0 340.0
339.0 340.0
274.0 343.0
124.0 345.0
229.0 345.0
236.0 345.0
257.0 348.0
359.0 348.0
271.0 350.0
287.0 350.0
322.0 351.0
234.0 354.0
355.0 355.0
79.0 358.0
242.0 359.0
271.0 359.0
345.0 361.0
237.0 362.0
262.0 364.0
330.0 368.0
350.0 370.0
244.0 372.0
281.0 373.0
266.0 379.0
277.0 381.0
341.0 382.0
248.0 384.0
292.0 386.0
331.0 388.0
259.0 391.0
314.0 393.0
271.0 394.0
297.0 398.0
273.0 403.0
287.0 403.0

389.0 38.0
387.0 50.0
142.0 54.0
432.0 56.0
252.0 62.0
165.0 71.0
174.0 78.0
184.0 85.0
180.0 93.0
192.0 92.0
203.0 100.0
540.0 90.0
192.0 105.0
214.0 109.0
376.0 117.0
249.0 117.0
207.0 121.0
356.0 140.0
239.0 138.0
257.0 144.0
353.0 146.0
318.0 156.0
264.0 161.0
393.0 160.0
248.0 159.0
316.0 163.0
348.0 168.0
275.0 171.0
294.0 176.0
342.0 179.0
325.0 177.0
286.0 181.0
212.0 191.0
202.0 194.0
275.0 191.0
342.0 184.0
296.0 189.0
332.0 187.0
376.0 180.0
192.0 201.0
280.0 194.0
304.0 196.0
323.0 198.0
463.0 180.0
247.0 206.0
342.0 206.0
321.0 209.0
377.0 207.0
252.0 221.0
454.0 201.0
444.0 199.0
359.0 218.0
384.0 215.0
424.0 214.0
447.0 210.0
280.0 228.0
367.0 228.0
267.0 241.0
258.0 243.0
408.0 226.0
283.0 239.0
255.0 252.0
288.0 235.0
357.0 236.0
338.0 242.0
452.0 227.0
383.0 235.0
251.0 259.0
364.0 242.0
269.0 254.0
357.0 243.0
382.0 240.0
280.0 254.0
256.0 266.0
269.0 263.0
409.0 245.0
347.0 255.0
379.0 245.0
361.0 258.0
283.0 266.0
395.0 254.0
193.0 279.0
361.0 271.0
429.0 257.0
282.0 275.0
345.0 277.0
436.0 265.0
273.0 281.0
360.0 287.0
368.0 287.0
426.0 267.0
266.0 286.0
420.0 274.0
415.0 283.0
431.0 277.0
292.0 299.0
359.0 295.0
284.0 290.0
330.0 291.0
310.0 291.0
327.0 299.0
348.0 307.0
382.0 303.0
270.0 304.0
309.0 303.0
360.0 312.0
275.0 320.0
386.0 312.0
396.0 312.0
288.0 315.0
359.0 323.0
407.0 316.0
296.0 320.0
321.0 314.0
420.0 312.0
429.0 307.0
339.0 333.0
280.0 334.0
377.0 331.0
358.0 332.0
327.0 337.0
394.0 322.0
404.0 326.0
425.0 321.0
315.0 331.0
415.0 323.0
352.0 338.0
148.0 355.0
286.0 341.0
359.0 344.0
423.0 329.0
338.0 348.0
392.0 333.0
405.0 337.0
377.0 343.0
144.0 367.0
286.0 350.0
326.0 347.0
359.0 353.0
420.0 337.0
375.0 351.0
388.0 350.0
399.0 351.0
302.0 361.0
418.0 346.0
137.0 387.0
315.0 366.0
338.0 360.0
408.0 350.0
297.0 371.0
358.0 364.0
403.0 365.0
414.0 362.0
314.0 385.0
347.0 369.0
330.0 385.0
338.0 376.0
405.0 375.0
305.0 396.0
380.0 384.0
399.0 378.0
330.0 397.0
394.0 386.0
358.0 395.0
379.0 397.0
360.0 407.0
374.0 402.0
