0 1 1 310.75847281504986
0 9 9 450.6349554675683
0 13 10 442.77949089327507
0 15 13 411.19193822225196
0 18 16 343.44805576245585
0 20 17 314.84437294944223
0 25 24 397.88427045726576
0 31 27 345.5922416292496
0 34 32 480.50061694287746
0 43 34 332.88401085048616
0 51 43 287.73163732148737
0 57 51 203.25825684391617
0 68 58 459.57902232444087
0 63 59 298.53959130835153
0 79 68 238.37690957842415
0 82 71 487.7249025096927
0 81 72 394.1889538056295
0 86 77 228.71733650864218
0 88 79 487.49939161428733
0 93 80 424.9495114580954
0 89 82 283.9442405477885
0 92 84 205.02802860945565
0 98 86 421.52633431580176
0 101 88 341.0391773290433
0 100 90 422.58976028345916
0 96 92 187.68131927630245
0 95 93 229.0148386791623
0 103 94 384.2981952510682
0 110 95 156.4269803930344
0 104 97 406.7464689554034
0 105 99 278.0812491665916
0 107 100 335.66270823719526
0 91 101 493.5126295336311
0 114 104 284.3759568876887
0 122 105 413.4919577194697
0 127 109 422.7264243510667
0 147 121 359.4221341156239
0 108 125 444.64814723158275
0 158 137 455.49618974482956
0 145 138 322.9893368879607
0 139 142 439.2026154955217
0 157 147 285.6353423259836
0 160 148 476.62403279762947
0 183 151 455.87820434612604
0 154 156 458.4041500383342
0 163 163 389.48435948035836
0 167 164 219.04388191366712
0 168 170 417.0936588446763
0 180 172 355.08402580564325
0 179 176 248.86554550797317
0 174 179 333.5704170570648
0 186 190 446.7355467187714
0 211 192 441.40715167989146
0 196 193 288.4933111923543
0 190 195 360.32819791185443
0 202 196 467.7441622644581
0 194 197 381.4150482065403
0 209 198 391.3579060417213
0 207 199 290.423965580261
0 208 200 320.26881082573675
0 242 203 358.90321257773024
0 213 208 305.170737527987
0 220 209 374.504678346321
0 222 217 353.7565192510377
0 215 221 309.8104994990597
0 232 226 449.56053725503773
0 246 228 274.08231920614026
0 244 231 425.94355616019
0 243 234 222.88249904697938
0 248 235 334.83924899339456
0 258 236 237.663793710993
0 238 238 402.14770042647194
0 251 242 372.478671890966
0 259 243 382.2465541692578
0 239 244 425.17084415232256
0 255 249 142.65282370218807
0 256 250 321.22900631670126
0 262 251 223.58322927480648
0 261 257 176.0274421748851
0 263 258 286.7805067661004
0 280 260 382.53756837882156
0 267 262 203.98956975862254
0 278 263 389.9786742964546
0 279 266 217.87698063300257
0 275 267 144.9589796512251
0 277 268 399.43465142055555
0 272 269 235.60669733994098
0 268 270 232.04853745052242
0 276 273 169.3936810114824
0 285 276 407.1971046345592
0 286 277 225.70179952390274
0 292 278 228.19542073983627
0 289 280 303.7439393888646
0 288 282 355.57944375857704
0 295 283 198.0374980951368
0 293 285 222.0731840651537
0 294 287 290.2412334289172
0 299 290 278.3590450302218
0 300 292 322.341873768382
0 305 293 233.96242202166476
0 307 294 292.1039369626335
0 303 295 367.380363414362
0 302 297 316.84456563420457
0 306 298 294.26484723050476
0 304 299 303.96084305698383
0 309 300 167.6901427511804
0 301 304 262.3296392087463
0 316 305 408.5082427718353
0 310 306 320.5222743587201
0 314 307 433.17473658418476
0 311 308 417.3268379901831
0 319 309 268.1198039172443
0 318 311 254.1789838183231
0 321 312 176.49914244844933
0 320 314 184.20444948425174
0 323 316 245.01661146549648
0 327 318 459.52687719667284
0 322 321 305.6032120256421
0 341 323 404.3802028828681
0 325 324 348.29064300388455
0 332 329 482.2073470645355
0 336 331 193.03641906117187
0 335 332 224.46987119138154
0 331 333 486.36769657911253
0 338 334 373.8200960752292
0 334 336 222.99625781289305
0 339 339 396.1275062232797
0 344 340 320.3774282809787
0 337 341 231.1687748012883
0 347 343 259.9792059602453
0 385 345 428.2416048451913
0 349 346 402.81174681601664
0 356 347 408.4723878399894
0 357 348 291.5901390722975
0 354 350 183.67117797647043
0 362 352 283.9994674549552
0 363 353 281.57259719810594
0 358 356 466.49502473348304
0 361 361 381.54706850224744
0 371 362 482.0423022086473
0 368 363 293.4115380936033
0 369 364 470.2515751872542
0 374 365 420.04037738553455
0 370 367 455.49142866140943
0 377 368 393.2390106264812
0 380 369 361.07654823270184
0 375 370 417.24087634626346
0 376 373 215.38351527894451
0 383 374 324.42300215908585
0 382 377 435.55700707624993
0 388 379 329.1221915877671
0 389 380 453.3964230058226
0 386 381 319.44870531355343
0 387 383 391.02292653247633
0 393 384 317.82997120585054
0 390 385 246.5773050389629

372.0 42.0
134.0 73.0
141.0 80.0
148.0 86.0
139.0 89.0
154.0 92.0
162.0 99.0
150.0 103.0
171.0 107.0
159.0 114.0
164.0 122.0
184.0 132.0
204.0 139.0
192.0 142.0
205.0 155.0
192.0 158.0
246.0 158.0
214.0 166.0
233.0 169.0
201.0 170.0
257.0 172.0
223.0 176.0
191.0 180.0
184.0 182.0
209.0 184.0
230.0 185.0
260.0 185.0
319.0 185.0
172.0 187.0
216.0 190.0
238.0 192.0
246.0 192.0
400.0 193.0
206.0 197.0
224.0 198.0
196.0 202.0
197.0 211.0
384.0 212.0
229.0 221.0
247.0 221.0
358.0 224.0
234.0 227.0
295.0 227.0
191.0 229.0
347.0 231.0
239.0 235.0
287.0 235.0
318.0 239.0
295.0 242.0
286.0 244.0
221.0 245.0
311.0 255.0
235.0 256.0
295.0 256.0
207.0 257.0
216.0 257.0
226.0 257.0
324.0 258.0
301.0 261.0
196.0 262.0
167.0 264.0
272.0 266.0
344.0 266.0
292.0 271.0
196.0 273.0
302.0 277.0
213.0 279.0
270.0 279.0
199.0 280.0
322.0 280.0
179.0 281.0
301.0 282.0
292.0 286.0
328.0 286.0
236.0 287.0
213.0 290.0
246.0 290.0
281.0 290.0
222.0 293.0
300.0 293.0
351.0 294.0
279.0 296.0
326.0 298.0
300.0 299.0
234.0 300.0
262.0 300.0
211.0 301.0
220.0 302.0
282.0 303.0
368.0 308.0
213.0 309.0
300.0 309.0
326.0 310.0
317.0 312.0
274.0 313.0
284.0 313.0
223.0 314.0
331.0 316.0
216.0 319.0
301.0 319.0
350.0 319.0
363.0 319.0
324.0 320.0
316.0 321.0
226.0 323.0
285.0 323.0
271.0 325.0
253.0 328.0
235.0 329.0
323.0 330.0
335.0 330.0
223.0 331.0
302.0 332.0
349.0 332.0
286.0 334.0
227.0 336.0
303.0 338.0
242.0 339.0
323.0 340.0
339.0 340.0
303.0 344.0
229.0 345.0
236.0 345.0
287.0 345.0
348.0 347.0
359.0 348.0
287.0 350.0
322.0 351.0
335.0 351.0
234.0 354.0
79.0 358.0
288.0 358.0
297.0 358.0
320.0 358.0
242.0 359.0
345.0 361.0
237.0 362.0
262.0 364.0
304.0 371.0
244.0 372.0
281.0 373.0
319.0 373.0
257.0 376.0
291.0 378.0
266.0 379.0
317.0 379.0
346.0 379.0
330.0 383.0
248.0 384.0
292.0 386.0
259.0 391.0
264.0 392.0
314.0 393.0
297.0 398.0
273.0 403.0
287.0 403.0

395.0 28.0
172.0 57.0
183.0 65.0
193.0 73.0
185.0 77.0
202.0 81.0
212.0 88.0
202.0 96.0
225.0 98.0
213.0 106.0
221.0 115.0
238.0 122.0
268.0 135.0
250.0 128.0
276.0 152.0
267.0 160.0
334.0 153.0
287.0 162.0
306.0 168.0
280.0 174.0
340.0 168.0
299.0 173.0
219.0 183.0
214.0 184.0
288.0 183.0
308.0 181.0
344.0 177.0
387.0 186.0
196.0 193.0
293.0 187.0
317.0 188.0
336.0 191.0
475.0 172.0
255.0 198.0
312.0 201.0
252.0 203.0
263.0 215.0
455.0 191.0
317.0 221.0
331.0 214.0
430.0 210.0
287.0 220.0
378.0 223.0
274.0 237.0
417.0 219.0
297.0 226.0
370.0 229.0
391.0 229.0
376.0 235.0
370.0 235.0
303.0 232.0
388.0 239.0
311.0 255.0
371.0 246.0
283.0 243.0
291.0 248.0
302.0 246.0
400.0 254.0
375.0 251.0
277.0 252.0
217.0 275.0
339.0 256.0
441.0 258.0
359.0 260.0
265.0 257.0
359.0 268.0
288.0 276.0
338.0 275.0
273.0 275.0
407.0 278.0
224.0 283.0
358.0 273.0
358.0 280.0
415.0 283.0
300.0 274.0
284.0 282.0
321.0 282.0
338.0 285.0
300.0 285.0
358.0 285.0
428.0 297.0
337.0 290.0
404.0 296.0
356.0 297.0
308.0 294.0
327.0 296.0
279.0 293.0
290.0 291.0
338.0 295.0
439.0 304.0
280.0 305.0
360.0 307.0
414.0 305.0
404.0 305.0
329.0 309.0
337.0 308.0
300.0 309.0
389.0 315.0
284.0 316.0
359.0 317.0
421.0 318.0
430.0 316.0
411.0 316.0
378.0 317.0
289.0 317.0
335.0 321.0
318.0 316.0
317.0 327.0
299.0 322.0
376.0 326.0
395.0 325.0
288.0 329.0
359.0 328.0
419.0 330.0
332.0 329.0
294.0 336.0
359.0 338.0
314.0 335.0
375.0 347.0
406.0 337.0
344.0 340.0
294.0 345.0
308.0 344.0
333.0 340.0
413.0 346.0
428.0 342.0
331.0 347.0
374.0 352.0
392.0 345.0
300.0 353.0
165.0 388.0
350.0 354.0
358.0 358.0
374.0 360.0
311.0 357.0
398.0 364.0
306.0 365.0
326.0 361.0
358.0 363.0
314.0 372.0
349.0 368.0
373.0 368.0
332.0 374.0
355.0 371.0
343.0 379.0
372.0 380.0
407.0 375.0
394.0 378.0
328.0 383.0
352.0 382.0
345.0 393.0
355.0 395.0
371.0 390.0
392.0 391.0
372.0 399.0
387.0 396.0
