0 2 0 245.18022896881754
0 4 4 493.3933649783888
0 13 10 425.15848049043245
0 21 15 339.98617133120797
0 20 16 335.18958885811145
0 45 36 282.416234457165
0 51 39 303.8689589457077
0 53 40 274.158010995103
0 60 45 380.98280580902167
0 75 49 470.71077969780436
0 89 60 456.39127601231183
0 91 63 437.81273380091557
0 95 66 499.71137475078234
0 103 74 289.1119069422152
0 109 80 430.360535495309
0 111 82 205.41369598417538
0 123 84 319.74602083134613
0 116 88 348.7451613453071
0 121 89 340.82977176867996
0 117 90 190.7098870157646
0 124 91 165.17925858831
0 134 98 230.59637954463125
0 133 99 497.79548010965186
0 128 100 272.6718826932783
0 143 102 449.6572302267239
0 129 104 419.0371336500694
0 147 110 396.947539457348
0 150 116 291.7957101521668
0 211 150 468.67227248512665
0 201 156 444.7620151566273
0 217 170 402.7504643471584
0 219 173 447.9485996479896
0 225 176 386.2306416670897
0 226 183 411.6853380057639
0 220 191 417.2004635224724
0 241 193 403.77306474599555
0 237 198 295.4361192551978
0 240 202 406.7369778173377
0 245 207 383.9232575275633
0 252 208 426.57551318487714
0 238 212 435.99068883277124
0 270 214 205.13248891452722
0 261 215 411.15407406608676
0 254 217 315.2758355561807
0 280 220 388.4688499552886
0 265 221 271.4086618966525
0 249 226 434.3108113058111
0 281 227 352.9698410015151
0 251 228 230.97748600826148
0 271 229 191.64683245916606
0 273 230 202.36698902194027
0 262 234 433.4869177234233
0 279 237 292.9538154486316
0 294 239 341.41713862665875
0 268 240 139.47369952446374
0 291 241 267.3600483303997
0 309 242 234.64898665656492
0 285 244 244.63217757527386
0 296 245 376.9329528779214
0 289 248 165.14995850386322
0 297 251 363.5865902271298
0 306 252 356.204615122652
0 312 253 350.38534686752496
0 287 254 132.88116670332462
0 305 256 336.66531449768297
0 299 257 174.96551731330177
0 300 261 480.312535517677
0 311 263 315.60149320455355
0 313 264 401.71973196202373
0 301 265 239.7581898939873
0 295 269 439.78586109412527
0 308 270 156.45406924082846
0 323 273 368.1307375005129
0 320 277 336.4748411732647
0 314 279 259.9897211085551
0 315 280 377.9851333469187
0 329 281 400.0989920446859
0 324 282 321.7327512417676
0 319 285 379.6473445846471
0 325 287 163.47951489781323
0 321 289 391.5903341429021
0 326 291 320.8033115913825
0 338 292 349.10567921477724
0 333 293 133.8634717084707
0 349 296 345.42453244394744
0 336 297 496.1953204536267
0 341 299 414.4112068666339
0 337 300 270.9002801247543
0 342 301 486.55116747431225
0 334 303 177.87824111781205
0 343 304 226.57988036541866
0 354 306 297.3632108290783
0 348 307 345.37066810052903
0 346 310 344.3228658983654
0 361 311 454.2249695029235
0 358 312 353.1063466349674
0 351 313 366.83441521526566
0 317 315 362.2027698429327
0 357 320 289.72698198671543
0 359 321 332.79160099322445
0 368 324 352.02282527150174
0 363 326 219.40787185081763
0 369 327 292.1903185185269
0 374 328 254.79058448757334
0 328 331 402.19158871363334
0 366 334 257.02803763373936
0 375 338 195.08957818541236
0 372 339 253.54249173583318
0 371 342 259.3443974903725
0 373 344 407.3930308083826
0 355 348 422.98228801805965
0 380 350 399.9654799690846
0 383 353 177.03014623027298
0 391 354 385.7741602702339
0 390 358 242.86689554179887
0 386 359 193.32438531541763
0 394 360 343.40025325365866
0 393 361 286.67958419777955
0 364 362 311.7653819634239
0 396 363 158.27300964370872
0 392 364 259.5991374865102
0 403 367 333.90461460903936
0 402 369 367.67427156965766
0 382 371 416.1526000552027
0 404 373 427.2122581882622
0 407 375 182.1680839154613
0 399 376 177.29860930650895
0 388 378 282.6029524275714
0 406 383 354.68042863414064
0 411 384 323.646554810672
0 400 385 435.0993331540866
0 410 388 327.05680348149116
0 415 392 451.76430038963736

369.0 17.0
388.0 31.0
135.0 47.0
137.0 60.0
149.0 60.0
154.0 83.0
168.0 88.0
159.0 89.0
181.0 101.0
210.0 107.0
211.0 118.0
197.0 120.0
202.0 124.0
211.0 135.0
226.0 139.0
221.0 146.0
246.0 147.0
185.0 153.0
180.0 154.0
228.0 154.0
318.0 154.0
164.0 161.0
212.0 161.0
236.0 161.0
193.0 163.0
249.0 166.0
240.0 170.0
191.0 173.0
255.0 199.0
230.0 203.0
203.0 210.0
284.0 214.0
179.0 215.0
236.0 221.0
278.0 226.0
187.0 228.0
226.0 230.0
212.0 232.0
281.0 235.0
197.0 236.0
236.0 237.0
190.0 238.0
155.0 239.0
315.0 240.0
178.0 242.0
214.0 242.0
268.0 245.0
193.0 246.0
235.0 246.0
211.0 247.0
279.0 247.0
244.0 249.0
303.0 250.0
143.0 252.0
267.0 252.0
328.0 253.0
165.0 255.0
244.0 255.0
304.0 255.0
282.0 256.0
328.0 258.0
152.0 259.0
198.0 259.0
219.0 259.0
304.0 260.0
282.0 261.0
352.0 263.0
304.0 265.0
262.0 266.0
234.0 267.0
220.0 270.0
286.0 270.0
208.0 273.0
305.0 276.0
296.0 278.0
326.0 279.0
209.0 280.0
274.0 280.0
317.0 280.0
219.0 281.0
292.0 283.0
249.0 284.0
211.0 285.0
230.0 287.0
212.0 290.0
316.0 290.0
294.0 291.0
307.0 291.0
270.0 292.0
236.0 293.0
224.0 294.0
295.0 296.0
252.0 297.0
335.0 299.0
322.0 300.0
217.0 302.0
244.0 302.0
360.0 303.0
254.0 305.0
267.0 305.0
223.0 308.0
240.0 309.0
309.0 310.0
322.0 310.0
356.0 311.0
300.0 314.0
233.0 317.0
256.0 317.0
224.0 318.0
270.0 319.0
355.0 322.0
230.0 325.0
258.0 327.0
287.0 328.0
239.0 330.0
277.0 330.0
311.0 331.0
250.0 332.0
343.0 332.0
261.0 335.0
231.0 336.0
239.0 344.0
279.0 344.0
345.0 346.0
289.0 348.0
264.0 351.0
274.0 352.0
342.0 353.0
290.0 358.0
280.0 359.0
328.0 363.0
312.0 366.0
285.0 376.0

397.0 31.0
451.0 52.0
189.0 76.0
197.0 94.0
209.0 92.0
223.0 121.0
243.0 130.0
233.0 131.0
249.0 138.0
279.0 149.0
288.0 163.0
275.0 166.0
289.0 168.0
301.0 179.0
317.0 183.0
313.0 189.0
342.0 200.0
227.0 197.0
214.0 200.0
321.0 197.0
398.0 202.0
197.0 209.0
313.0 208.0
331.0 204.0
261.0 215.0
349.0 206.0
347.0 217.0
259.0 220.0
350.0 260.0
321.0 254.0
286.0 264.0
368.0 264.0
273.0 271.0
325.0 271.0
360.0 266.0
276.0 282.0
312.0 278.0
302.0 281.0
370.0 283.0
286.0 289.0
329.0 278.0
282.0 298.0
265.0 292.0
416.0 289.0
270.0 304.0
315.0 296.0
344.0 285.0
296.0 304.0
328.0 288.0
304.0 299.0
373.0 300.0
340.0 292.0
395.0 302.0
249.0 313.0
354.0 297.0
429.0 309.0
260.0 321.0
348.0 307.0
397.0 313.0
375.0 309.0
421.0 313.0
255.0 320.0
287.0 324.0
318.0 308.0
396.0 318.0
374.0 315.0
446.0 316.0
396.0 323.0
366.0 324.0
327.0 317.0
309.0 313.0
375.0 320.0
300.0 330.0
396.0 328.0
386.0 324.0
436.0 324.0
293.0 335.0
367.0 330.0
426.0 326.0
314.0 331.0
378.0 329.0
350.0 332.0
310.0 341.0
326.0 337.0
296.0 348.0
400.0 339.0
378.0 342.0
395.0 340.0
369.0 344.0
334.0 338.0
315.0 345.0
379.0 350.0
351.0 347.0
429.0 345.0
414.0 355.0
301.0 354.0
334.0 349.0
454.0 325.0
352.0 353.0
366.0 355.0
313.0 360.0
330.0 357.0
395.0 361.0
412.0 364.0
449.0 332.0
380.0 359.0
319.0 365.0
352.0 363.0
301.0 363.0
372.0 364.0
443.0 350.0
307.0 371.0
354.0 373.0
380.0 379.0
323.0 379.0
367.0 375.0
392.0 382.0
346.0 382.0
438.0 357.0
355.0 385.0
312.0 382.0
328.0 395.0
378.0 394.0
431.0 372.0
389.0 396.0
356.0 398.0
366.0 389.0
430.0 377.0
407.0 396.0
368.0 403.0
418.0 390.0
412.0 401.0
356.0 412.0
