0 6 8 211.01728213944142
0 9 10 386.37024372539304
0 12 12 419.11224141973224
0 13 14 262.419848364042
0 18 15 467.5972085277072
0 21 16 275.00589688845906
0 29 23 398.04271887411613
0 38 32 289.29558888103264
0 37 33 270.6838644516814
0 35 37 341.5316081632271
0 48 39 175.10940152224336
0 45 40 230.93520050236052
0 58 43 389.79293286654195
0 66 45 177.20495706978156
0 52 46 397.69931408003856
0 64 49 248.52559353293685
0 63 51 149.09317114612844
0 75 52 176.78315076056765
0 56 54 345.4146471671968
0 73 55 290.9351719048023
0 69 57 328.1309236677591
0 79 59 263.93216101054657
0 81 60 258.3223429320833
0 87 62 331.21500862229794
0 84 63 223.83219885521117
0 80 64 242.7132670525503
0 89 66 228.57004283265985
0 85 67 247.83953464616033
0 94 69 282.02625616015695
0 98 72 337.66386987760876
0 100 74 153.98264461626627
0 91 75 357.5299065430519
0 101 77 349.75234446441226
0 102 80 258.9161250337202
0 106 82 126.98269108257234
0 103 83 201.88576712234482
0 111 84 274.28483239282275
0 105 85 310.7347596165956
0 110 86 229.83488869789124
0 115 88 247.5483007703379
0 122 89 229.1678869126974
0 118 90 133.72956160830506
0 113 91 134.41695543466705
0 114 95 243.7954940046582
0 128 96 393.86261163444425
0 125 97 366.6735074206882
0 139 99 446.54660785184757
0 127 100 136.65726795199032
0 133 104 286.8617325271489
0 123 107 376.2921713979017
0 138 108 131.98262858149806
0 144 110 201.45581381721493
0 161 113 418.35389698171036
0 146 114 272.015153660966
0 130 116 137.3669701905149
0 140 117 306.78102220746376
0 158 118 158.94923751392457
0 172 119 458.32350333090926
0 136 120 323.10948382590834
0 170 121 255.38245035065734
0 171 122 418.02328138195816
0 109 124 448.79485073590297
0 168 125 287.8311293499221
0 135 126 202.65513829008833
0 165 130 290.9827300495681
0 164 131 457.65959247488775
0 186 133 399.6055681581081
0 159 134 360.7345972965142
0 184 135 208.99271219394552
0 169 143 455.9801748884457
0 194 146 311.7328262777523
0 205 149 300.81204939622756
0 193 150 156.562270145153
0 187 151 123.480223620196
0 188 156 261.56061765052306
0 183 158 350.0738918286227
0 209 159 320.5031703176278
0 189 161 142.62038482100678
0 137 162 116.02177339040966
0 223 163 405.13425045785897
0 177 164 236.1407024085563
0 206 165 115.45691259514304
0 185 168 285.7174776394935
0 218 170 201.4925049584329
0 214 172 270.95855705322595
0 204 173 134.67004698019332
0 196 174 118.71189382763414
0 155 175 151.02206152136677
0 240 176 313.65549490169155
0 202 177 112.6093836365107
0 199 178 148.0272492979009
0 203 180 264.14583332513314
0 244 181 270.42273862158225
0 212 182 286.2218788961125
0 239 183 193.6677677240319
0 228 184 196.5781754049503
0 233 185 235.57263935615939
0 243 187 411.95632783856587
0 208 189 233.77506688706666
0 166 192 112.18040746967333
0 257 193 384.9259726241934
0 229 196 150.88666018831586
0 221 197 170.74658254254948
0 255 198 201.01939014758864
0 227 200 282.9609746739105
0 241 203 275.0628421231424
0 234 204 182.19439501803515
0 175 205 106.51464162255702
0 253 206 246.19560272756033
0 261 212 145.70332277807682
0 252 215 184.98607633011403
0 250 217 231.34784273017002
0 264 220 219.68886867974607
0 268 221 227.47080318246225
0 249 222 123.16232316520086
0 278 223 208.64629200566176
0 259 224 163.11066912040857
0 260 226 210.57271791130918
0 271 227 365.95332099399207
0 273 228 147.80923665005164
0 295 229 330.04173222367405
0 256 231 150.3141890753803
0 248 232 181.77976316819075
0 269 237 260.8640947749954
0 266 241 130.6454324563556
0 287 244 162.9195364393397
0 270 245 181.06634041976372
0 262 246 140.44152331176218
0 286 248 176.97882874372598
0 339 249 494.7805628384532
0 274 251 132.93826631462028
0 290 253 462.2720709030315
0 296 254 120.71042462153017
0 284 256 209.70997035761422
0 292 257 149.030117517933
0 267 261 199.98121438063004
0 283 263 220.8799207175444
0 298 264 107.84391945409322
0 301 265 143.13612789722794
0 285 266 172.2931671650442
0 305 269 109.30881907600347
0 289 270 179.59198878252286
0 236 271 177.8953858812664
0 310 273 274.28326293644926
0 306 274 125.45632965284481
0 307 275 114.3029530891786
0 300 277 271.6235779894642
0 297 278 352.5232498035376
0 321 281 236.3855137856194
0 311 282 162.39567758353851
0 312 284 171.92451527789476
0 322 287 121.69086985692785
0 308 289 207.09427951541522
0 318 291 108.69934040687382
0 330 292 183.11168195360852
0 328 293 108.6057753680586
0 314 297 228.61046971236428
0 323 298 109.75349056679684
0 320 299 312.28548448671984
0 319 301 199.43525968093147
0 313 302 417.28643446054605
0 333 303 111.50046308948207
0 336 304 122.3866318781959
0 326 305 183.12461340159768
0 329 306 216.20948427929724
0 331 307 107.08669659762045
0 341 309 132.45769374520668
0 327 310 259.11646700473744
0 347 312 235.73287539049736
0 342 313 132.68121583366258
0 335 314 116.21645866264197
0 352 320 155.79016689492752
0 351 321 195.03043235354772
0 354 324 213.6069449819279
0 355 326 134.01419795727833
0 343 328 214.64716123924163
0 332 329 184.7476416265644
0 359 333 225.44439938391596
0 338 336 280.83334972357676
0 384 337 131.27258040058396
0 365 338 109.3940695054509
0 360 339 108.3693564059275
0 397 341 360.482499301691
0 370 342 237.65495641679246
0 353 343 160.39187234665383
0 361 344 110.58729356029946
0 367 349 291.946439994181
0 362 351 207.38816224030225
0 363 352 166.26414421199718
0 371 353 160.60859890641666
0 368 354 108.87680070772578
0 364 355 345.51430811789595
0 349 356 227.34263767996148
0 378 358 132.32165397019793
0 379 361 107.8021205972586
0 356 362 200.4219594270517
0 380 363 115.8040022651101
0 381 364 198.15915269243524
0 382 366 140.86849003802988
0 387 367 163.86224301931608
0 388 368 140.37210134338648
0 377 370 116.51070183929258
0 390 372 262.0547171389498
0 393 375 213.2344750854287
0 392 376 235.09763355565286
0 372 378 193.32823928374174
0 389 379 138.08141159409675
0 400 381 143.83359035637213
0 386 382 199.6387818537978
0 394 383 130.239009609399
0 403 386 136.7050378869423
0 401 387 110.12223430325463
0 396 388 203.67982313092904
0 398 389 168.72876774875155
0 402 390 122.7286745854184
0 405 391 129.6355970733037
0 404 392 136.80435915684524

0 250.0 43.0
0 135.0 47.0
0 143.0 55.0
0 257.0 58.0
0 137.0 60.0
0 149.0 60.0
0 145.0 71.0
0 257.0 80.0
0 266.0 81.0
0 322.0 85.0
0 168.0 88.0
0 159.0 89.0
0 271.0 98.0
0 181.0 101.0
0 306.0 101.0
0 210.0 107.0
0 256.0 108.0
0 188.0 109.0
0 367.0 110.0
0 210.0 113.0
0 275.0 114.0
0 243.0 117.0
0 211.0 118.0
0 184.0 120.0
0 197.0 120.0
0 258.0 120.0
0 202.0 124.0
0 269.0 125.0
0 244.0 127.0
0 280.0 131.0
0 211.0 135.0
0 340.0 135.0
0 310.0 136.0
0 226.0 139.0
0 221.0 146.0
0 263.0 146.0
0 246.0 147.0
0 284.0 148.0
0 236.0 150.0
0 185.0 153.0
0 180.0 154.0
0 228.0 154.0
0 318.0 154.0
0 269.0 157.0
0 207.0 160.0
0 285.0 160.0
0 212.0 161.0
0 236.0 161.0
0 249.0 166.0
0 308.0 168.0
0 201.0 169.0
0 240.0 170.0
0 225.0 172.0
0 251.0 172.0
0 191.0 173.0
0 298.0 175.0
0 204.0 178.0
0 252.0 180.0
0 391.0 181.0
0 193.0 182.0
0 209.0 182.0
0 483.0 182.0
0 236.0 183.0
0 382.0 183.0
0 281.0 186.0
0 295.0 186.0
0 187.0 189.0
0 306.0 189.0
0 223.0 190.0
0 305.0 194.0
0 195.0 197.0
0 213.0 199.0
0 255.0 199.0
0 273.0 199.0
0 230.0 203.0
0 384.0 204.0
0 183.0 205.0
0 286.0 205.0
0 545.0 205.0
0 178.0 206.0
0 342.0 206.0
0 264.0 208.0
0 358.0 209.0
0 203.0 210.0
0 216.0 212.0
0 284.0 214.0
0 314.0 214.0
0 486.0 214.0
0 179.0 215.0
0 300.0 215.0
0 323.0 217.0
0 366.0 219.0
0 193.0 220.0
0 352.0 220.0
0 236.0 221.0
0 247.0 221.0
0 219.0 222.0
0 210.0 224.0
0 334.0 224.0
0 524.0 227.0
0 187.0 228.0
0 292.0 229.0
0 322.0 229.0
0 226.0 230.0
0 357.0 231.0
0 300.0 233.0
0 344.0 233.0
0 535.0 233.0
0 254.0 235.0
0 236.0 237.0
0 155.0 239.0
0 315.0 240.0
0 178.0 242.0
0 214.0 242.0
0 345.0 242.0
0 245.0 244.0
0 303.0 244.0
0 268.0 245.0
0 193.0 246.0
0 235.0 246.0
0 211.0 247.0
0 323.0 247.0
0 335.0 247.0
0 303.0 250.0
0 328.0 253.0
0 244.0 255.0
0 304.0 255.0
0 344.0 255.0
0 282.0 256.0
0 14.0 257.0
0 328.0 258.0
0 198.0 259.0
0 219.0 259.0
0 304.0 260.0
0 282.0 261.0
0 352.0 263.0
0 304.0 265.0
0 262.0 266.0
0 234.0 267.0
0 327.0 267.0
0 220.0 270.0
0 286.0 270.0
0 532.0 271.0
0 208.0 273.0
0 236.0 273.0
0 247.0 274.0
0 305.0 276.0
0 353.0 277.0
0 209.0 280.0
0 274.0 280.0
0 285.0 280.0
0 219.0 281.0
0 292.0 283.0
0 249.0 284.0
0 211.0 285.0
0 230.0 287.0
0 316.0 290.0
0 285.0 291.0
0 294.0 291.0
0 270.0 292.0
0 359.0 292.0
0 236.0 293.0
0 224.0 294.0
0 275.0 296.0
0 295.0 296.0
0 252.0 297.0
0 234.0 299.0
0 335.0 299.0
0 217.0 302.0
0 244.0 302.0
0 285.0 303.0
0 254.0 305.0
0 267.0 305.0
0 223.0 308.0
0 240.0 309.0
0 322.0 310.0
0 337.0 310.0
0 223.0 313.0
0 345.0 315.0
0 79.0 317.0
0 233.0 317.0
0 256.0 317.0
0 100.0 318.0
0 224.0 318.0
0 286.0 318.0
0 270.0 319.0
0 269.0 324.0
0 304.0 325.0
0 299.0 326.0
0 258.0 327.0
0 287.0 328.0
0 318.0 328.0
0 351.0 328.0
0 239.0 330.0
0 250.0 332.0
0 343.0 332.0
0 261.0 335.0
0 231.0 336.0
0 289.0 340.0
0 239.0 344.0
0 263.0 344.0
0 317.0 344.0
0 251.0 348.0
0 264.0 351.0
0 274.0 352.0
0 342.0 353.0
0 315.0 355.0
0 244.0 357.0
0 337.0 357.0
0 290.0 358.0
0 255.0 364.0
0 268.0 366.0
0 312.0 366.0
0 281.0 368.0
0 295.0 369.0
0 270.0 376.0
0 285.0 376.0
1 252.0 69.0
1 156.0 77.0
1 175.0 92.0
1 276.0 92.0
1 170.0 98.0
1 183.0 99.0
1 181.0 111.0
1 284.0 118.0
1 294.0 116.0
1 319.0 115.0
1 209.0 128.0
1 195.0 125.0
1 304.0 133.0
1 226.0 142.0
1 338.0 129.0
1 235.0 140.0
1 295.0 139.0
1 235.0 150.0
1 359.0 132.0
1 245.0 148.0
1 338.0 145.0
1 290.0 154.0
1 255.0 157.0
1 234.0 163.0
1 246.0 161.0
1 302.0 154.0
1 251.0 164.0
1 306.0 161.0
1 296.0 167.0
1 356.0 174.0
1 262.0 175.0
1 404.0 165.0
1 349.0 175.0
1 282.0 180.0
1 273.0 185.0
1 314.0 181.0
1 299.0 189.0
1 347.0 184.0
1 292.0 188.0
1 203.0 193.0
1 196.0 196.0
1 282.0 193.0
1 373.0 190.0
1 316.0 192.0
1 236.0 200.0
1 326.0 197.0
1 260.0 208.0
1 290.0 199.0
1 311.0 205.0
1 345.0 196.0
1 238.0 208.0
1 304.0 211.0
1 291.0 222.0
1 326.0 212.0
1 186.0 202.0
1 336.0 208.0
1 243.0 221.0
1 321.0 227.0
1 442.0 206.0
1 239.0 226.0
1 258.0 226.0
1 452.0 187.0
1 309.0 225.0
1 433.0 206.0
1 340.0 224.0
1 362.0 223.0
1 239.0 235.0
1 367.0 221.0
1 315.0 234.0
1 357.0 225.0
1 291.0 243.0
1 310.0 248.0
1 322.0 242.0
1 333.0 235.0
1 278.0 239.0
1 445.0 233.0
1 236.0 252.0
1 343.0 239.0
1 515.0 206.0
1 236.0 259.0
1 383.0 231.0
1 328.0 248.0
1 415.0 234.0
1 307.0 257.0
1 268.0 255.0
1 343.0 247.0
1 360.0 243.0
1 466.0 217.0
1 240.0 266.0
1 351.0 246.0
1 374.0 244.0
1 426.0 246.0
1 304.0 269.0
1 415.0 252.0
1 314.0 265.0
1 325.0 261.0
1 267.0 263.0
1 258.0 269.0
1 395.0 250.0
1 492.0 224.0
1 259.0 278.0
1 347.0 261.0
1 372.0 258.0
1 310.0 277.0
1 424.0 260.0
1 373.0 266.0
1 414.0 263.0
1 507.0 230.0
1 340.0 275.0
1 323.0 280.0
1 170.0 274.0
1 385.0 272.0
1 175.0 283.0
1 306.0 286.0
1 419.0 271.0
1 343.0 290.0
1 392.0 278.0
1 350.0 279.0
1 254.0 288.0
1 319.0 288.0
1 297.0 302.0
1 403.0 277.0
1 410.0 271.0
1 390.0 287.0
1 413.0 283.0
1 336.0 298.0
1 401.0 287.0
1 423.0 280.0
1 381.0 294.0
1 118.0 340.0
1 413.0 288.0
1 259.0 301.0
1 308.0 304.0
1 406.0 293.0
1 382.0 301.0
1 427.0 285.0
1 396.0 293.0
1 358.0 307.0
1 327.0 310.0
1 414.0 293.0
1 306.0 314.0
1 388.0 300.0
1 499.0 264.0
1 293.0 316.0
1 322.0 315.0
1 337.0 315.0
1 397.0 307.0
1 417.0 304.0
1 291.0 326.0
1 364.0 316.0
1 374.0 316.0
1 296.0 326.0
1 404.0 315.0
1 337.0 324.0
1 289.0 333.0
1 311.0 329.0
1 397.0 319.0
1 373.0 326.0
1 412.0 325.0
1 353.0 325.0
1 425.0 317.0
1 319.0 335.0
1 300.0 338.0
1 362.0 328.0
1 385.0 330.0
1 337.0 334.0
1 314.0 340.0
1 399.0 328.0
1 287.0 344.0
1 330.0 341.0
1 371.0 337.0
1 338.0 347.0
1 356.0 346.0
1 303.0 349.0
1 318.0 350.0
1 387.0 341.0
1 408.0 334.0
1 278.0 355.0
1 408.0 339.0
1 105.0 379.0
1 305.0 358.0
1 338.0 355.0
1 261.0 393.0
1 282.0 364.0
1 370.0 348.0
1 354.0 355.0
1 339.0 361.0
1 392.0 355.0
1 380.0 356.0
1 339.0 366.0
1 368.0 361.0
1 403.0 356.0
1 407.0 345.0
1 309.0 371.0
1 328.0 371.0
1 406.0 350.0
1 339.0 372.0
1 288.0 374.0
1 366.0 374.0
1 295.0 381.0
1 340.0 381.0
1 388.0 370.0
1 313.0 385.0
1 340.0 388.0
1 350.0 386.0
1 402.0 367.0
1 383.0 382.0
1 313.0 397.0
1 392.0 380.0
1 364.0 388.0
1 325.0 401.0
1 341.0 398.0
1 374.0 392.0
1 350.0 394.0
1 364.0 399.0
1 343.0 409.0
1 358.0 405.0
