0 7 8 196.23707360333626
0 10 10 379.1359283219276
0 13 12 379.2670183343188
0 12 14 182.44609905639706
0 16 15 194.14348496550082
0 17 16 205.99692966984313
0 19 20 326.0376807023138
0 20 21 413.7706383236894
0 18 22 398.07534932874734
0 22 23 182.373195083542
0 23 24 359.73610543346336
0 27 27 345.81923185296904
0 33 28 476.08137603538455
0 34 32 230.1008085586469
0 29 33 178.453323042732
0 32 37 311.1925102564036
0 28 38 378.4607468486166
0 40 39 120.2584537873578
0 36 40 177.868925107513
0 41 41 137.256319378916
0 52 43 263.57662130448404
0 51 44 158.50027435111804
0 56 45 119.06137667299946
0 58 51 135.60840850219907
0 65 52 118.86640727101347
0 64 53 204.9552175500098
0 72 54 325.0358775744309
0 63 55 339.2280311126554
0 69 57 370.85194716317494
0 70 60 159.72412456322056
0 73 62 150.6511535480687
0 71 63 133.6356006327955
0 78 64 165.80906359160716
0 76 66 123.67001164297959
0 81 67 310.20136481666236
0 88 71 382.4985403138969
0 82 72 204.16639133704084
0 86 74 106.60116871551088
0 87 75 348.7915630824985
0 75 76 104.83033756033822
0 89 77 189.15017791861044
0 94 79 284.6837949861885
0 92 80 158.87337622553082
0 99 82 110.38409710464734
0 96 83 134.2488629963061
0 105 84 133.74882601580077
0 101 85 387.10531577103325
0 103 86 115.83222556428561
0 106 88 209.47949628926904
0 109 89 177.52955728018952
0 113 90 112.59923363439499
0 98 92 133.60069585819286
0 121 95 180.89933750527533
0 119 96 167.0041413547378
0 117 97 340.288347915966
0 118 98 214.4223056651134
0 114 99 292.5430129641774
0 125 100 108.8799167391193
0 122 101 308.33351711443095
0 123 102 129.86135735067975
0 102 103 108.18220131986132
0 136 104 206.58307775517258
0 127 105 338.11211243790973
0 138 106 156.60855413156273
0 133 107 197.8651314753647
0 130 108 110.503434572725
0 131 109 230.3528580851343
0 135 110 133.87579850056568
0 132 112 111.30694713064375
0 141 113 111.21733385048915
0 137 114 122.8862043132451
0 139 117 166.47698569896065
0 140 118 141.76004272096014
0 147 119 143.5801164509869
0 146 120 162.0158346059513
0 150 121 213.98638154988453
0 149 122 212.964884412471
0 145 123 149.19401410410848
0 126 124 104.90229493403534
0 161 125 170.43155697183278
0 142 126 140.56628624246028
0 129 129 104.69955602018753
0 148 130 330.4527372694264
0 134 132 104.6048354906413
0 153 133 210.60145039101735
0 152 134 217.88030529342848
0 159 136 111.06248029770214
0 155 139 200.07324516008933
0 167 142 114.52231729788969
0 156 143 178.60442933707918
0 166 144 122.14479924085842
0 171 145 150.60022532742357
0 172 146 209.67207307546926
0 160 147 205.1285763157245
0 179 149 213.31724839168595
0 169 151 109.57036521918133
0 162 152 127.63620293385272
0 163 153 186.61856344154148
0 178 154 189.77055217916046
0 151 155 197.0347341327835
0 182 156 155.7259192277683
0 191 157 173.6200657796017
0 170 158 233.8356220993491
0 181 159 306.67677393421735
0 189 160 272.8225961263658
0 177 161 130.91182733375985
0 157 162 111.13485060447717
0 192 163 201.17290796868642
0 173 164 127.89762101442845
0 183 165 190.93673880789044
0 180 168 286.01506294781973
0 184 169 181.0351772599351
0 199 170 158.08656006396876
0 193 172 173.59347842417185
0 197 173 104.4412579802191
0 186 174 112.94295306508903
0 168 175 106.05319734863468
0 204 176 164.36864423135896
0 190 177 106.1893135443273
0 196 178 105.79106064750586
0 188 179 204.8544894937264
0 202 180 172.68664935396447
0 218 181 351.10064145096015
0 200 182 171.8160042954984
0 209 184 180.20988590542032
0 205 185 275.86945361878117
0 208 188 112.33896804289785
0 203 189 107.83692531233709
0 215 190 407.81635106903656
0 185 192 104.42781427686675
0 207 195 167.55410508763896
0 210 196 157.60791522180511
0 214 197 106.10464121667955
0 213 198 204.35311476142655
0 235 201 253.35951111319847
0 228 202 137.0049009019897
0 221 203 153.9433658668358
0 225 204 207.944178421914
0 194 205 104.11581386960924
0 224 206 184.279472912793
0 230 212 105.77461967619652
0 245 215 146.8199798618473
0 227 217 237.5391728583876
0 247 220 299.5098951514637
0 232 222 120.41952857046985
0 238 223 115.41178404013914
0 236 224 121.96676195901529
0 226 225 340.6673090603809
0 234 226 161.09127008321965
0 248 227 232.14415583193627
0 243 228 111.11524238169676
0 250 230 143.53028277163443
0 239 231 110.89002424981653
0 231 232 122.29031348106336
0 237 233 133.61973159799558
0 246 234 126.55302863439447
0 240 235 241.2270689318647
0 274 236 369.67146551795366
0 211 238 105.04179735677744
0 266 239 111.60019798685865
0 249 240 136.72518030263495
0 251 241 118.1208681198226
0 260 242 202.942538195787
0 256 244 121.80547704486018
0 254 245 182.23741915945934
0 252 246 107.52437933461488
0 255 248 113.01045688589035
0 286 249 325.25898051805797
0 262 250 191.84790134682882
0 258 251 131.289407052491
0 279 252 138.2985417963774
0 259 253 358.59532983527316
0 261 254 126.39996118470431
0 222 255 105.16589381772667
0 257 256 138.45868426907762
0 264 257 107.22813253653487
0 268 259 296.82049491088645
0 263 261 123.51614129852612
0 289 262 109.13159571079387
0 267 263 120.43026436676081
0 271 264 104.17402308228691
0 276 265 117.40810031982572
0 265 266 108.87258975594607
0 277 269 117.41191280627865
0 272 270 107.81985620691069
0 244 271 104.5608497732903
0 273 272 116.07080110098762
0 293 273 274.6000963551263
0 284 275 113.23512369682913
0 287 276 108.85556557060292
0 288 277 134.40168627603975
0 269 278 329.41172774688187
0 291 279 121.90976671623555
0 282 280 126.1652462950481
0 298 281 168.0342598384961
0 296 282 132.99400230693308
0 297 284 168.29309444454364
0 292 285 177.28440810203722
0 285 286 184.64431087243506
0 299 287 105.64648874306666
0 301 288 218.9315333948827
0 306 289 208.16332936934344
0 283 290 115.72826715344064
0 300 291 104.32031127680771
0 304 293 105.1730072755063
0 302 295 175.17054032164685
0 310 296 192.99003244680074
0 307 298 106.9459605073165
0 305 299 246.39571417672076
0 303 302 159.6062721784173
0 308 303 105.68004171463896
0 311 304 104.85783593013085
0 309 305 180.66012836966053
0 313 306 163.54655850396549
0 312 307 105.29233229774508
0 330 308 184.79969642879763
0 316 309 110.33594518221474
0 314 311 257.78289741511327
0 319 313 108.31449781572556
0 318 314 112.71090867255506
0 315 315 219.98059443952022
0 321 316 118.61751325406557
0 317 317 195.72310221497787
0 327 320 114.32274441376329
0 324 322 172.03662096412071
0 344 323 204.31218968286043
0 320 324 155.86707924722103
0 334 325 153.2116453232147
0 329 326 109.1495513716481
0 333 327 202.58306076278538
0 331 330 207.05891877809043
0 326 331 230.44482063150298
0 355 332 203.25612680247107
0 342 334 152.03811552011237
0 360 337 175.223998600482
0 338 338 105.29755291938838
0 339 339 105.69102659017685
0 361 341 168.08762685808728
0 335 342 178.56202004824314
0 341 343 122.60596250324286
0 340 344 110.74433997896433
0 336 348 205.34073645473265
0 343 350 128.58107320473758
0 345 352 156.95821019237587
0 349 353 106.71783866495839
0 348 354 106.05835289964747
0 346 355 291.44600401265103
0 347 356 287.11037828962145
0 351 357 159.17047605467226
0 350 358 105.51644468058558
0 358 360 156.89424284002135
0 354 361 103.97377740354227
0 356 363 107.62568554600584
0 353 364 108.07907934327264
0 357 365 105.48228587487965
0 364 366 150.56016688926886
0 363 367 108.18529167125843
0 365 368 104.57481662399664
0 362 370 104.7257698917881
0 366 371 301.2947047019471
0 370 372 147.36460803908076
0 369 374 106.61545564223118
0 371 375 106.67918034157626
0 372 376 111.75531250551624
0 367 378 233.05851572933722
0 373 379 105.15205203370739
0 376 381 104.34458982412966
0 375 383 109.24320961624787
0 374 385 193.48567034304313
0 378 386 104.21372203178424
0 380 387 104.71523309590405
0 379 388 104.4059074176651
0 381 390 104.06772595996388
0 383 391 104.57690904007961
0 382 392 105.09640530695874

250.0 43.0
135.0 47.0
143.0 55.0
257.0 58.0
137.0 60.0
149.0 60.0
444.0 66.0
156.0 67.0
351.0 68.0
145.0 71.0
437.0 71.0
431.0 74.0
167.0 77.0
257.0 80.0
266.0 81.0
322.0 85.0
335.0 87.0
168.0 88.0
159.0 89.0
245.0 91.0
271.0 98.0
243.0 99.0
181.0 101.0
256.0 108.0
188.0 109.0
298.0 110.0
367.0 110.0
210.0 113.0
275.0 114.0
211.0 118.0
184.0 120.0
197.0 120.0
258.0 120.0
202.0 124.0
269.0 125.0
261.0 131.0
280.0 131.0
211.0 135.0
340.0 135.0
465.0 135.0
310.0 136.0
245.0 138.0
226.0 139.0
221.0 146.0
263.0 146.0
246.0 147.0
284.0 148.0
236.0 150.0
185.0 153.0
180.0 154.0
228.0 154.0
475.0 154.0
269.0 157.0
207.0 160.0
285.0 160.0
164.0 161.0
212.0 161.0
236.0 161.0
400.0 162.0
193.0 163.0
445.0 165.0
249.0 166.0
270.0 167.0
261.0 168.0
308.0 168.0
201.0 169.0
324.0 169.0
240.0 170.0
389.0 171.0
225.0 172.0
251.0 172.0
298.0 175.0
204.0 178.0
252.0 180.0
391.0 181.0
193.0 182.0
209.0 182.0
310.0 182.0
483.0 182.0
236.0 183.0
382.0 183.0
545.0 185.0
281.0 186.0
473.0 186.0
187.0 189.0
306.0 189.0
256.0 190.0
360.0 193.0
287.0 194.0
305.0 194.0
250.0 195.0
184.0 196.0
195.0 197.0
371.0 198.0
213.0 199.0
273.0 199.0
336.0 199.0
353.0 199.0
287.0 200.0
436.0 200.0
230.0 203.0
137.0 204.0
384.0 204.0
183.0 205.0
188.0 205.0
286.0 205.0
545.0 205.0
178.0 206.0
342.0 206.0
264.0 208.0
358.0 209.0
377.0 209.0
203.0 210.0
216.0 212.0
284.0 214.0
314.0 214.0
486.0 214.0
179.0 215.0
300.0 215.0
323.0 217.0
343.0 217.0
366.0 219.0
193.0 220.0
352.0 220.0
247.0 221.0
219.0 222.0
268.0 224.0
334.0 224.0
204.0 225.0
524.0 227.0
375.0 228.0
292.0 229.0
322.0 229.0
226.0 230.0
181.0 232.0
212.0 232.0
300.0 233.0
344.0 233.0
535.0 233.0
254.0 235.0
236.0 237.0
155.0 239.0
315.0 240.0
178.0 242.0
345.0 242.0
245.0 244.0
303.0 244.0
365.0 244.0
268.0 245.0
193.0 246.0
235.0 246.0
279.0 247.0
323.0 247.0
335.0 247.0
355.0 248.0
244.0 249.0
371.0 249.0
19.0 250.0
545.0 250.0
143.0 252.0
267.0 252.0
328.0 253.0
165.0 255.0
244.0 255.0
304.0 255.0
344.0 255.0
282.0 256.0
14.0 257.0
231.0 257.0
328.0 258.0
152.0 259.0
198.0 259.0
219.0 259.0
536.0 259.0
304.0 260.0
282.0 261.0
229.0 262.0
352.0 263.0
131.0 264.0
304.0 265.0
262.0 266.0
234.0 267.0
327.0 267.0
220.0 270.0
286.0 270.0
532.0 271.0
346.0 272.0
208.0 273.0
247.0 274.0
257.0 275.0
305.0 276.0
353.0 277.0
296.0 278.0
326.0 279.0
209.0 280.0
274.0 280.0
285.0 280.0
317.0 280.0
366.0 280.0
219.0 281.0
305.0 281.0
292.0 283.0
343.0 283.0
249.0 284.0
230.0 287.0
349.0 289.0
212.0 290.0
285.0 291.0
294.0 291.0
359.0 292.0
236.0 293.0
224.0 294.0
275.0 296.0
295.0 296.0
252.0 297.0
132.0 298.0
234.0 299.0
322.0 300.0
244.0 302.0
285.0 303.0
360.0 303.0
234.0 304.0
297.0 304.0
254.0 305.0
309.0 305.0
119.0 308.0
223.0 308.0
286.0 308.0
240.0 309.0
309.0 310.0
262.0 311.0
356.0 311.0
111.0 313.0
300.0 314.0
79.0 317.0
233.0 317.0
256.0 317.0
100.0 318.0
224.0 318.0
286.0 318.0
270.0 319.0
355.0 322.0
230.0 325.0
299.0 326.0
258.0 327.0
287.0 328.0
318.0 328.0
351.0 328.0
270.0 329.0
239.0 330.0
311.0 331.0
250.0 332.0
261.0 335.0
231.0 336.0
328.0 339.0
289.0 340.0
239.0 344.0
263.0 344.0
317.0 344.0
345.0 346.0
251.0 348.0
302.0 349.0
264.0 351.0
274.0 352.0
342.0 353.0
315.0 355.0
244.0 357.0
290.0 358.0
328.0 363.0
255.0 364.0
268.0 366.0
312.0 366.0
295.0 369.0
270.0 376.0
285.0 376.0

279.0 66.0
179.0 77.0
187.0 84.0
289.0 82.0
181.0 90.0
194.0 91.0
515.0 97.0
203.0 98.0
389.0 97.0
191.0 103.0
510.0 103.0
500.0 108.0
221.0 114.0
294.0 114.0
303.0 110.0
351.0 112.0
377.0 109.0
214.0 118.0
202.0 116.0
287.0 118.0
310.0 129.0
289.0 129.0
229.0 133.0
300.0 134.0
237.0 141.0
337.0 140.0
416.0 150.0
248.0 140.0
331.0 147.0
257.0 149.0
232.0 151.0
247.0 150.0
305.0 156.0
250.0 155.0
337.0 160.0
320.0 167.0
320.0 162.0
260.0 166.0
393.0 166.0
482.0 153.0
351.0 167.0
291.0 173.0
282.0 171.0
269.0 176.0
310.0 175.0
299.0 180.0
319.0 178.0
288.0 179.0
216.0 181.0
210.0 183.0
277.0 184.0
487.0 175.0
317.0 190.0
248.0 188.0
348.0 187.0
201.0 188.0
259.0 185.0
286.0 192.0
449.0 190.0
235.0 191.0
461.0 178.0
300.0 202.0
336.0 194.0
322.0 204.0
366.0 200.0
243.0 197.0
380.0 197.0
295.0 201.0
437.0 198.0
281.0 208.0
309.0 203.0
342.0 204.0
246.0 206.0
302.0 210.0
439.0 209.0
239.0 212.0
252.0 211.0
356.0 209.0
500.0 193.0
293.0 221.0
429.0 208.0
557.0 195.0
338.0 210.0
485.0 200.0
228.0 215.0
360.0 214.0
310.0 220.0
400.0 216.0
340.0 224.0
353.0 219.0
303.0 224.0
231.0 229.0
237.0 229.0
429.0 220.0
282.0 234.0
323.0 228.0
373.0 221.0
393.0 221.0
347.0 233.0
445.0 213.0
299.0 236.0
201.0 241.0
438.0 228.0
230.0 235.0
236.0 240.0
335.0 233.0
555.0 219.0
231.0 241.0
384.0 229.0
314.0 236.0
412.0 234.0
431.0 236.0
276.0 244.0
247.0 241.0
334.0 243.0
354.0 237.0
500.0 226.0
232.0 249.0
343.0 240.0
371.0 242.0
401.0 239.0
421.0 247.0
264.0 261.0
410.0 246.0
301.0 254.0
253.0 251.0
319.0 253.0
386.0 248.0
256.0 257.0
533.0 236.0
421.0 252.0
339.0 255.0
373.0 256.0
287.0 256.0
253.0 273.0
276.0 268.0
359.0 264.0
406.0 265.0
545.0 241.0
318.0 265.0
300.0 269.0
235.0 280.0
383.0 266.0
254.0 281.0
401.0 270.0
312.0 274.0
366.0 273.0
419.0 265.0
333.0 272.0
260.0 281.0
296.0 278.0
344.0 282.0
382.0 276.0
394.0 270.0
411.0 273.0
306.0 280.0
416.0 276.0
92.0 299.0
554.0 255.0
227.0 294.0
319.0 282.0
390.0 282.0
252.0 291.0
310.0 288.0
370.0 283.0
403.0 282.0
348.0 287.0
88.0 305.0
301.0 291.0
397.0 289.0
236.0 302.0
269.0 290.0
282.0 291.0
547.0 264.0
373.0 289.0
349.0 292.0
282.0 296.0
411.0 291.0
218.0 306.0
374.0 294.0
328.0 298.0
299.0 299.0
389.0 293.0
282.0 301.0
356.0 298.0
544.0 279.0
399.0 298.0
268.0 308.0
310.0 304.0
321.0 305.0
373.0 305.0
411.0 296.0
362.0 307.0
387.0 302.0
262.0 311.0
337.0 310.0
348.0 310.0
380.0 307.0
409.0 304.0
277.0 313.0
382.0 315.0
368.0 317.0
399.0 303.0
312.0 314.0
290.0 317.0
397.0 315.0
264.0 324.0
347.0 321.0
361.0 317.0
404.0 315.0
296.0 322.0
281.0 325.0
335.0 322.0
363.0 326.0
312.0 325.0
225.0 339.0
292.0 328.0
387.0 326.0
305.0 332.0
346.0 331.0
403.0 326.0
294.0 333.0
374.0 330.0
314.0 336.0
389.0 334.0
216.0 352.0
270.0 333.0
346.0 341.0
297.0 338.0
390.0 340.0
332.0 339.0
399.0 335.0
204.0 360.0
382.0 347.0
175.0 364.0
287.0 344.0
314.0 345.0
198.0 364.0
271.0 342.0
345.0 346.0
329.0 346.0
398.0 343.0
276.0 349.0
358.0 352.0
317.0 356.0
345.0 354.0
373.0 352.0
393.0 352.0
329.0 357.0
291.0 357.0
388.0 361.0
307.0 359.0
317.0 361.0
278.0 359.0
378.0 361.0
345.0 368.0
287.0 368.0
318.0 369.0
369.0 367.0
394.0 369.0
308.0 374.0
355.0 373.0
319.0 377.0
330.0 377.0
385.0 370.0
365.0 378.0
295.0 382.0
344.0 381.0
377.0 379.0
308.0 388.0
321.0 389.0
360.0 388.0
346.0 392.0
323.0 399.0
337.0 398.0
