0 0 0 137.3396673962103
0 1 1 106.28754614503384
0 2 2 116.94507186414612
0 3 3 210.92503966187053
0 5 4 151.01328003246155
0 9 5 227.26232279774644
0 7 6 166.54575040318105
0 8 7 135.72556299859914
0 23 8 109.29553139015586
0 13 9 120.52925000405901
0 16 10 121.21003875246805
0 18 11 185.7825522785615
0 22 12 309.36587266486123
0 32 13 359.9785478978045
0 24 14 115.04371426573061
0 25 15 117.04890149028395
0 27 16 123.18065281748345
0 21 17 113.16387053361909
0 39 18 137.50735495463923
0 38 20 309.4042408324245
0 26 21 141.28718488592705
0 36 22 174.22239575815414
0 40 23 230.47043070298622
0 46 25 197.21942644528346
0 41 26 137.39422758405226
0 51 27 170.08090625385228
0 52 28 424.99410406483884
0 47 29 145.06672274307724
0 43 30 140.83008347707576
0 50 31 139.19965006801834
0 60 32 112.722252706774
0 59 34 220.30800834971967
0 53 35 235.93474632665425
0 54 36 490.7015132303367
0 62 37 146.711016074168
0 63 38 116.90159098947488
0 56 39 200.50427185003232
0 64 41 147.61047349560803
0 69 42 153.37267443688808
0 74 43 241.8510876996224
0 72 44 110.76329830726519
0 68 45 119.91591341663607
0 66 46 201.3988498793597
0 73 48 240.46793824796345
0 76 49 135.37368934829263
0 77 50 177.9722667256187
0 78 52 110.4993224701105
0 80 53 120.59197339463508
0 79 54 111.79321619751367
0 84 55 105.40445809191677
0 82 56 147.45647664154072
0 87 57 241.6217091221426
0 86 58 112.25817079683138
0 90 60 157.91997493945712
0 89 61 105.26963852388731
0 85 62 116.76665281427535
0 93 63 313.61196155242
0 91 65 137.13019787623801
0 98 66 303.31248512451026
0 94 67 109.98615832479675
0 97 68 115.24482495438384
0 96 69 173.81207755128386
0 95 71 151.06960259760373
0 102 73 108.4627247176883
0 103 74 121.79961422753924
0 107 75 108.14387610714388
0 104 77 114.79213462658073
0 105 78 214.07180200150796
0 99 79 149.08662623894395
0 108 80 111.3125670648421
0 109 81 124.6589310320359
0 114 82 104.24532809609362
0 112 83 104.18410834312266
0 113 84 183.21274376361765
0 117 85 103.94497610293823
0 116 86 146.4669973342599
0 118 87 103.47976690367753
0 120 88 103.09359133211402
0 119 89 120.0950239553453
0 122 90 107.6413948430831
0 123 93 118.51749708849273
0 121 94 183.06498805242725
0 126 96 107.96900350661458
0 124 98 103.43063221152275
0 136 99 267.38224802033784
0 127 100 102.97754538991295
0 128 101 105.3496354724742
0 135 103 117.65407650312771
0 134 104 105.96418397323247
0 130 105 118.41180734801549
0 132 106 120.66836047563308
0 131 107 171.5716309239745
0 133 108 105.58086854234074
0 140 110 200.65270790660398
0 138 111 104.3899785666371
0 146 112 126.60481822590877
0 145 113 133.89010427045437
0 149 114 106.81187002849255
0 147 115 104.7369561186708
0 148 116 109.20035478430621
0 139 117 158.20992074800634
0 151 118 106.76318947819901
0 159 119 197.94590555044877
0 152 120 104.12997229422429
0 141 121 169.16428053019519
0 156 122 128.6912421816494
0 157 125 120.81718809590474
0 158 126 106.60971060446363
0 161 127 132.68039738599967
0 154 128 177.31781640100513
0 155 129 120.45748412450823
0 163 130 212.468593786162
0 165 132 137.07305850118175
0 162 133 104.06271048206335
0 167 134 151.01385093413694
0 168 135 133.82250197556544
0 164 136 135.0908689185333
0 171 137 153.12150930212374
0 174 139 170.7803013052203
0 172 140 122.88327008702136
0 166 141 222.585969357244
0 169 142 132.32656959793417
0 170 143 117.72821503461945
0 173 144 111.07651734150448
0 175 145 108.25393179257739
0 182 146 138.23762277525532
0 181 147 105.48148341886632
0 177 148 125.85598710684765
0 183 149 112.68237693687342
0 185 150 199.94622722999682
0 184 151 105.16107514516737
0 189 153 129.772410417426
0 187 154 150.48501349297797
0 192 156 123.08834565656042
0 188 157 105.97990065293948
0 201 158 127.1106463588235
0 191 159 106.92795919492448
0 193 160 107.65181729802616
0 196 161 164.8897389621761
0 194 162 132.25340520346637
0 197 164 102.91416883570652
0 198 165 110.47819909354651
0 195 166 106.13363809749379
0 203 167 138.37169042551488
0 205 168 111.77371008523393
0 202 169 156.82931605743448
0 200 170 156.32610340237142
0 206 172 111.41909856953454
0 210 173 104.24960328245629
0 209 174 133.60228107608614
0 211 176 151.17538542829337
0 222 177 171.41323421456875
0 215 178 109.31752262329486
0 212 179 164.24228131422285
0 216 180 106.43391285790378
0 221 181 147.18701142450226
0 219 182 167.95111190973984
0 220 183 126.74519625497207
0 223 184 111.08393068510235
0 230 185 153.4690866726479
0 229 186 134.00877080386095
0 226 187 136.40642917494077
0 225 188 104.61601546628447
0 227 189 180.91884497254387
0 238 190 156.05381382815997
0 224 191 102.83386803967961
0 228 192 105.50995486216843
0 232 193 144.090324412479
0 233 195 113.58359586126934
0 234 196 231.52619781731718
0 236 197 111.84771147141947
0 235 198 102.78229694677346
0 237 199 138.38409674834966
0 231 200 238.03614550139181
0 239 201 132.90765195834055
0 241 203 149.21478033549369
0 242 204 120.52028866166302
0 249 205 106.30493504660103
0 245 206 148.11495097755756
0 244 207 111.70364406724929
0 250 208 105.38822311662828
0 254 209 125.3307079737975
0 248 210 165.39717238260644
0 247 211 140.78482185121476
0 259 212 106.08091852234224
0 257 214 170.83128710762233
0 251 215 202.52994391476395
0 258 216 105.25965239979757
0 255 217 123.50436643451157
0 261 218 105.72364181969363
0 269 219 103.50986915674507
0 270 220 104.49112350707979
0 271 221 109.8523962141647
0 264 224 280.59444380983376
0 260 225 102.80371667079564
0 267 226 262.9199836830922
0 273 227 120.5168343550949
0 263 228 123.51744167212944
0 274 229 107.20839876282193
0 275 230 153.98859469249626
0 278 231 142.6501674036873
0 276 233 121.25021184365956
0 277 234 157.51620137065592
0 280 235 151.46458873564674
0 283 236 117.60427124353576
0 284 238 172.98656316820444
0 285 240 111.26666416860958
0 287 241 133.5298038155111
0 279 242 114.81611078486276
0 286 243 176.1933752269864
0 291 245 104.49516505096854
0 299 246 105.89220656774432
0 289 247 173.41981919999472
0 292 248 154.28993516908128
0 293 249 138.4899776216549
0 295 251 132.65787305286534
0 306 254 136.89773665921112
0 297 256 116.60424616919639
0 309 257 259.7515663156858
0 314 259 219.8876853275648
0 296 260 178.93210149032086
0 300 261 104.65028777990801
0 304 262 102.92138501187749
0 308 263 103.32213619168881
0 307 264 164.5820496729836
0 303 265 109.45631827924383
0 305 266 103.37629522169453
0 302 267 188.19409912475223
0 313 268 115.03915477308635
0 312 269 103.05918501548447
0 319 270 106.68258565448323
0 311 271 118.11168757020205
0 310 272 148.12624958117374
0 317 273 165.95808872792395
0 330 274 197.24020107260984
0 325 276 118.23081286319461
0 318 277 166.3837541253258
0 324 279 145.49102436780683
0 316 280 180.43973296941124
0 323 281 195.0749017748832
0 328 283 108.67534447477163
0 322 284 222.92576702079168
0 339 285 126.21711773076025
0 336 287 165.7651911017735
0 335 288 136.1630513895481
0 333 289 195.9302115778468
0 332 290 158.96741584201663
0 338 291 130.38181165670042
0 337 292 102.83489545110544
0 346 295 155.9390379808957
0 342 296 102.85465978272117
0 343 297 103.75235213083822
0 341 299 171.96026956118973
0 340 300 188.2805428137731
0 344 301 210.58125489473989
0 345 303 137.04488727943794
0 350 304 194.06481845740063
0 347 305 104.53174189434597
0 348 306 188.21215006699578
0 352 309 110.91069685092907
0 360 310 122.62092736683773
0 354 311 104.24920813688863
0 349 312 128.42244431373834
0 353 314 180.816555629609
0 351 315 142.85342313759705
0 356 316 184.12576889105847
0 357 317 109.35313470604937
0 365 319 136.7856320271725
0 361 320 127.21469153431515
0 362 322 120.03078964390228
0 372 323 105.72576047427447
0 371 324 158.9114182308652
0 370 325 134.11246580783677
0 364 326 106.42138239830632
0 367 327 141.5428895924837
0 368 328 115.40496461267232
0 380 329 129.533826292102
0 355 331 180.04076807963457
0 374 332 107.42710872851148
0 373 333 104.36683452940694
0 378 334 128.70524132823448
0 369 335 116.3981975682893
0 376 336 108.97273040758601
0 375 338 131.38823505825584
0 377 339 122.52606539230587
0 379 340 109.29902034106954
0 388 341 109.5901191575524
0 381 342 106.47838063554025
0 384 344 117.79582189349378
0 382 345 109.73261546614113
0 397 347 119.25940274391903
0 389 348 103.62172313721551
0 383 349 113.1647865019358
0 386 350 108.35416870779389
0 391 351 105.81003581109914
0 393 352 133.82601390426169
0 392 353 114.11447336103777
0 385 354 116.51808955296856
0 395 355 110.6626806539891
0 396 356 106.0806636414961
0 398 357 111.86387201502932
0 401 358 107.46799766324011
0 404 359 115.93190862220465
0 399 360 219.8087490669188
0 411 361 160.35661276369444
0 403 362 113.74305072602209
0 400 363 108.66306192594297
0 402 365 104.14367557698063
0 405 366 107.28797436683676
0 407 367 116.6859529503702
0 408 368 146.00851097604001
0 414 369 113.71425616265111
0 406 370 106.91806480348123
0 409 371 104.12103478480294
0 410 372 102.97302628776617
0 412 373 129.18543843134537
0 413 374 105.51815685166099
0 415 375 162.38205022483675
0 417 376 108.4884788490605
0 418 377 201.30437604905924
0 419 378 107.23197050286335
0 416 379 196.18730085672536
0 422 380 144.0862036123029
0 423 381 146.02710340251738
0 428 383 124.47088129620765
0 427 384 110.09991814635521
0 429 385 124.00501246686306
0 424 386 156.5397299474833
0 435 387 115.33388892520881
0 430 388 110.06773897519508
0 434 389 107.90472142841708
0 432 390 106.32120440975412
0 436 391 112.62023097019835
0 437 392 106.29109485070403
0 431 393 166.54727143748588
0 433 394 106.33879978842799
0 441 395 103.01531277703775
0 421 396 286.75423408702846
0 438 397 106.24716012413096
0 440 398 104.5481440279363
0 452 399 130.18058842078867
0 444 402 121.10517643794394
0 446 403 112.45248630271682
0 445 404 103.71465798681913
0 453 405 125.96958238283598
0 442 406 104.40307468914862
0 443 407 103.92867253380875
0 450 408 103.13233779564335
0 447 409 104.51579415967504
0 449 410 184.78058455422934
0 451 411 123.39322967709812
0 454 412 104.73415770337687
0 456 414 105.21463930255828
0 455 415 108.11650165101574
0 457 416 118.6089093889652
0 459 417 107.53550975258305
0 461 418 104.45635701860229
0 463 419 105.33104990293245
0 460 420 110.83847896180359
0 466 421 124.0173138566737
0 469 423 103.57237684895486
0 462 424 143.87535548169453
0 468 425 106.12604502160954
0 465 426 109.6418710098326
0 470 427 115.20328720317184
0 471 428 105.62457303246782
0 472 429 111.32982181419287
0 475 430 107.0446288112425
0 473 431 102.97012542283524
0 478 432 105.02857338890546
0 476 433 157.0673744546784
0 479 434 113.60753905009962
0 480 435 117.64319475451477
0 482 438 108.86080647449047
0 486 439 112.11661849351742
0 487 440 155.23453418257074
0 483 441 113.68449013057591
0 484 442 108.37370353077847
0 492 443 137.9178997487801
0 488 444 105.28826850127089
0 494 446 141.96312238693315
0 490 447 113.44146003777323
0 485 448 122.70211488564394
0 489 449 110.19314520369115
0 503 450 121.91454160083062
0 493 451 109.44812811339612
0 491 452 114.54979410729908
0 498 453 190.795555022321
0 495 455 102.8069042553863
0 497 456 106.17792918554281
0 496 457 115.22993629295843
0 504 458 144.798302109219
0 499 459 121.10448583228577
0 500 460 111.6558724728925
0 501 461 109.1384606217345
0 502 462 104.07452376918742
0 505 463 103.0241500310014
0 507 464 118.10329826158012
0 506 466 105.48907739649745
0 510 467 120.37865152963658
0 512 469 116.71989387997547
0 509 470 107.31861711280368
0 513 471 117.45273178221463
0 511 472 204.22832522878159
0 514 473 116.48465407169273
0 520 474 107.71687718174108
0 526 475 235.1256722619886
0 518 476 120.16140971146952
0 532 477 130.36098268397663
0 521 478 118.60309032820051
0 519 479 115.61084664818652
0 515 480 216.57249427901374
0 525 481 121.7342859980962
0 524 482 136.9344304161759
0 527 483 105.29348871992832
0 530 484 110.02282073580494
0 528 485 165.0239339165212
0 529 486 112.94429885362037
0 523 487 153.41546415650242
0 531 488 106.60956156691226
0 533 489 106.19220370512785
0 534 491 109.8496702031515
0 537 492 104.7537366700916
0 539 494 158.75267442816607
0 541 496 110.10689819991288
0 538 497 124.0287282824072
0 540 499 156.83671971768445
0 542 500 103.06744094339928
0 543 501 107.21335893077635
0 536 502 186.48762958344668
0 550 503 109.61917611112864
0 545 504 108.82489309650283
0 548 505 110.07766158873804
0 544 506 148.69791950562413
0 547 507 103.10981136500466
0 549 508 103.18038986519255
0 552 509 125.59890975830402
0 553 510 125.94903292552257
0 546 511 174.6356919656333
0 554 512 103.81990062700174
0 556 513 109.80955810616067
0 557 515 106.31572683832049
0 562 516 105.34325875869226
0 559 517 112.05301427877778
0 560 518 103.8020820411346
0 561 519 104.22291501720615
0 563 520 102.80871862105604
0 558 521 128.2332955295714
0 569 523 103.28297360515914
0 565 524 132.3998463338728
0 571 525 107.17277303632393
0 570 526 103.48662216538081
0 568 527 146.5305621942916
0 574 528 103.12972589864687
0 572 529 102.89243172340672
0 573 530 139.42657083696085
0 575 531 102.80567581498967
0 567 532 131.48626391023217
0 576 533 102.8041576292148
0 578 534 105.15440487992389
0 577 535 106.93346595793325
0 579 536 106.81187002849255
0 581 538 105.34175068615357
0 582 539 106.03393383484287
0 580 540 133.90536427863992
0 583 541 102.91726226062706
0 593 542 174.1185007632181
0 584 543 105.2054090824265
0 588 544 102.88242463102435
0 594 545 117.19683750742294
0 589 546 103.04817705902065
0 590 547 102.76386965149489
0 592 548 105.21710052822984
0 585 549 119.3401202988693
0 587 550 134.32461815814554
0 596 551 102.76480124543677
0 599 552 124.18027602646886
0 591 553 140.9300338473009
0 600 554 102.7577454712941
0 601 555 103.15033305010446
0 603 557 103.03127407519767
0 605 559 102.97003062608556
0 602 560 237.55424087692734
0 604 561 102.82430716449488
0 606 562 103.50073767308636
0 607 563 118.70272196263582
0 608 564 104.45560911678959
0 609 566 102.77710238708492
0 611 567 139.62902285493857
0 610 568 104.88988641816309
0 613 569 102.92889267679897
0 614 570 102.75157167704121
0 615 571 106.37592350162434
0 617 572 105.55348111553184
0 618 573 102.86947382607403
0 620 574 163.10142450640996
0 619 575 103.92951591844304
0 621 576 102.76195616015909
0 624 577 127.63558148453554
0 625 578 103.79604540735478
0 623 579 145.02342326767442
0 626 581 102.81337452597192
0 627 582 102.75019982350734
0 628 583 102.88232368666827
0 630 584 126.49626446117486
0 629 585 118.64947420650076
0 631 586 123.96954276687265
0 632 587 102.7625478242116
0 633 588 104.41661600043766
0 634 591 102.76411513744867
0 635 593 102.96914586483885
0 637 594 102.84043626292095
0 638 595 103.18024391601408
0 641 596 104.1369721527033
0 640 597 103.66007347987829
0 644 598 106.45381507680571
0 645 599 104.10847445847473
0 643 600 119.3223725821386
0 647 601 116.5918480991159
0 646 602 117.13387425861083
0 648 603 102.75147098929769
0 649 604 112.17619211495166
0 650 605 109.22040213709097
0 651 606 104.68078107566556
0 652 607 102.82552974813923
0 653 608 108.27571545789705

0 654.0 30.0
0 202.0 48.0
0 687.0 55.0
0 828.0 59.0
0 228.0 71.0
0 820.0 75.0
0 444.0 77.0
0 241.0 83.0
0 634.0 93.0
0 254.0 95.0
0 236.0 99.0
0 437.0 101.0
0 454.0 102.0
0 459.0 106.0
0 242.0 107.0
0 266.0 107.0
0 781.0 107.0
0 258.0 110.0
0 615.0 111.0
0 293.0 116.0
0 464.0 116.0
0 432.0 118.0
0 280.0 119.0
0 772.0 120.0
0 622.0 123.0
0 763.0 123.0
0 259.0 126.0
0 782.0 126.0
0 468.0 131.0
0 296.0 134.0
0 434.0 134.0
0 748.0 134.0
0 738.0 138.0
0 469.0 140.0
0 455.0 142.0
0 472.0 145.0
0 612.0 145.0
0 272.0 146.0
0 280.0 146.0
0 436.0 146.0
0 463.0 146.0
0 310.0 147.0
0 571.0 151.0
0 594.0 153.0
0 298.0 156.0
0 476.0 159.0
0 283.0 160.0
0 464.0 160.0
0 432.0 161.0
0 326.0 162.0
0 557.0 165.0
0 318.0 166.0
0 300.0 167.0
0 310.0 169.0
0 448.0 173.0
0 693.0 173.0
0 481.0 174.0
0 431.0 176.0
0 305.0 177.0
0 471.0 178.0
0 543.0 179.0
0 321.0 180.0
0 456.0 180.0
0 432.0 182.0
0 694.0 183.0
0 485.0 188.0
0 429.0 191.0
0 454.0 192.0
0 359.0 193.0
0 333.0 194.0
0 528.0 195.0
0 466.0 196.0
0 474.0 196.0
0 447.0 203.0
0 488.0 203.0
0 355.0 204.0
0 561.0 204.0
0 458.0 206.0
0 430.0 207.0
0 517.0 207.0
0 634.0 209.0
0 373.0 210.0
0 325.0 211.0
0 351.0 213.0
0 433.0 215.0
0 460.0 220.0
0 493.0 220.0
0 478.0 221.0
0 359.0 222.0
0 650.0 222.0
0 554.0 223.0
0 619.0 223.0
0 797.0 223.0
0 385.0 224.0
0 432.0 226.0
0 496.0 229.0
0 340.0 232.0
0 434.0 232.0
0 463.0 232.0
0 497.0 234.0
0 476.0 237.0
0 371.0 238.0
0 623.0 239.0
0 548.0 241.0
0 376.0 242.0
0 417.0 242.0
0 607.0 242.0
0 434.0 245.0
0 489.0 245.0
0 351.0 248.0
0 404.0 248.0
0 472.0 248.0
0 545.0 253.0
0 428.0 255.0
0 389.0 257.0
0 455.0 258.0
0 479.0 259.0
0 504.0 259.0
0 394.0 262.0
0 436.0 262.0
0 404.0 263.0
0 472.0 264.0
0 504.0 264.0
0 364.0 266.0
0 418.0 266.0
0 541.0 266.0
0 581.0 269.0
0 327.0 271.0
0 424.0 271.0
0 460.0 271.0
0 314.0 272.0
0 320.0 273.0
0 339.0 273.0
0 403.0 273.0
0 563.0 274.0
0 304.0 275.0
0 465.0 276.0
0 352.0 278.0
0 482.0 278.0
0 562.0 279.0
0 319.0 280.0
0 440.0 280.0
0 475.0 280.0
0 592.0 280.0
0 412.0 281.0
0 505.0 283.0
0 367.0 285.0
0 291.0 286.0
0 565.0 286.0
0 419.0 288.0
0 708.0 288.0
0 466.0 291.0
0 430.0 292.0
0 383.0 294.0
0 441.0 295.0
0 712.0 295.0
0 428.0 297.0
0 478.0 297.0
0 576.0 297.0
0 454.0 299.0
0 356.0 300.0
0 552.0 300.0
0 421.0 301.0
0 443.0 301.0
0 502.0 303.0
0 690.0 303.0
0 467.0 304.0
0 398.0 305.0
0 368.0 306.0
0 339.0 307.0
0 445.0 307.0
0 543.0 310.0
0 426.0 311.0
0 527.0 311.0
0 680.0 314.0
0 356.0 316.0
0 363.0 316.0
0 378.0 316.0
0 534.0 318.0
0 407.0 319.0
0 447.0 320.0
0 341.0 322.0
0 350.0 322.0
0 677.0 322.0
0 690.0 322.0
0 371.0 323.0
0 549.0 323.0
0 419.0 324.0
0 319.0 326.0
0 700.0 326.0
0 364.0 328.0
0 498.0 330.0
0 522.0 330.0
0 661.0 330.0
0 538.0 332.0
0 673.0 333.0
0 702.0 335.0
0 331.0 336.0
0 455.0 336.0
0 650.0 337.0
0 395.0 338.0
0 435.0 338.0
0 353.0 340.0
0 637.0 341.0
0 669.0 341.0
0 570.0 342.0
0 698.0 342.0
0 317.0 345.0
0 507.0 345.0
0 539.0 345.0
0 444.0 346.0
0 332.0 347.0
0 567.0 347.0
0 678.0 347.0
0 347.0 348.0
0 404.0 348.0
0 521.0 348.0
0 690.0 348.0
0 498.0 352.0
0 560.0 352.0
0 598.0 352.0
0 626.0 352.0
0 657.0 352.0
0 373.0 353.0
0 378.0 353.0
0 483.0 353.0
0 367.0 354.0
0 454.0 355.0
0 199.0 356.0
0 265.0 357.0
0 405.0 358.0
0 410.0 360.0
0 614.0 360.0
0 244.0 361.0
0 681.0 361.0
0 334.0 363.0
0 506.0 363.0
0 389.0 364.0
0 527.0 364.0
0 536.0 364.0
0 607.0 364.0
0 643.0 364.0
0 316.0 365.0
0 676.0 365.0
0 665.0 367.0
0 467.0 368.0
0 128.0 370.0
0 349.0 370.0
0 411.0 370.0
0 635.0 371.0
0 359.0 373.0
0 534.0 374.0
0 667.0 374.0
0 163.0 375.0
0 168.0 375.0
0 389.0 375.0
0 430.0 376.0
0 657.0 376.0
0 320.0 377.0
0 383.0 377.0
0 396.0 377.0
0 472.0 377.0
0 504.0 377.0
0 556.0 379.0
0 373.0 380.0
0 409.0 380.0
0 519.0 380.0
0 316.0 382.0
0 531.0 383.0
0 462.0 384.0
0 573.0 384.0
0 608.0 384.0
0 332.0 386.0
0 363.0 386.0
0 647.0 387.0
0 662.0 387.0
0 639.0 389.0
0 377.0 390.0
0 341.0 391.0
0 624.0 391.0
0 327.0 392.0
0 438.0 392.0
0 665.0 392.0
0 387.0 393.0
0 418.0 393.0
0 303.0 394.0
0 352.0 394.0
0 653.0 397.0
0 475.0 398.0
0 369.0 399.0
0 320.0 400.0
0 640.0 400.0
0 494.0 401.0
0 652.0 402.0
0 329.0 403.0
0 340.0 405.0
0 518.0 405.0
0 572.0 406.0
0 614.0 406.0
0 87.0 407.0
0 663.0 407.0
0 400.0 408.0
0 658.0 408.0
0 632.0 409.0
0 322.0 412.0
0 376.0 412.0
0 532.0 412.0
0 667.0 412.0
0 640.0 413.0
0 611.0 414.0
0 360.0 415.0
0 497.0 415.0
0 304.0 416.0
0 446.0 416.0
0 451.0 416.0
0 456.0 416.0
0 441.0 417.0
0 478.0 417.0
0 624.0 417.0
0 351.0 418.0
0 430.0 419.0
0 312.0 420.0
0 646.0 420.0
0 659.0 420.0
0 417.0 421.0
0 341.0 422.0
0 275.0 423.0
0 619.0 423.0
0 449.0 424.0
0 332.0 426.0
0 391.0 426.0
0 559.0 426.0
0 631.0 426.0
0 362.0 427.0
0 477.0 427.0
0 290.0 428.0
0 379.0 428.0
0 465.0 428.0
0 598.0 428.0
0 611.0 428.0
0 537.0 430.0
0 425.0 432.0
0 436.0 432.0
0 593.0 432.0
0 662.0 432.0
0 643.0 433.0
0 316.0 434.0
0 341.0 435.0
0 521.0 435.0
0 283.0 436.0
0 372.0 437.0
0 417.0 437.0
0 594.0 437.0
0 573.0 438.0
0 475.0 439.0
0 611.0 439.0
0 629.0 439.0
0 384.0 440.0
0 433.0 442.0
0 648.0 442.0
0 659.0 442.0
0 352.0 444.0
0 357.0 444.0
0 290.0 445.0
0 447.0 445.0
0 254.0 446.0
0 522.0 446.0
0 475.0 447.0
0 497.0 447.0
0 634.0 447.0
0 267.0 448.0
0 375.0 448.0
0 619.0 448.0
0 538.0 449.0
0 582.0 449.0
0 296.0 450.0
0 278.0 452.0
0 499.0 452.0
0 610.0 452.0
0 658.0 452.0
0 431.0 453.0
0 436.0 454.0
0 538.0 454.0
0 357.0 455.0
0 523.0 455.0
0 637.0 455.0
0 291.0 456.0
0 651.0 456.0
0 373.0 457.0
0 611.0 458.0
0 271.0 459.0
0 351.0 459.0
0 389.0 459.0
0 537.0 459.0
0 586.0 459.0
0 950.0 459.0
0 362.0 460.0
0 579.0 462.0
0 597.0 462.0
0 400.0 464.0
0 413.0 464.0
0 439.0 464.0
0 378.0 465.0
0 622.0 465.0
0 505.0 466.0
0 654.0 466.0
0 232.0 467.0
0 246.0 467.0
0 495.0 468.0
0 525.0 468.0
0 360.0 469.0
0 538.0 469.0
0 464.0 472.0
0 631.0 472.0
0 579.0 473.0
0 238.0 474.0
0 416.0 474.0
0 377.0 476.0
0 558.0 476.0
0 391.0 478.0
0 506.0 478.0
0 646.0 478.0
0 1020.0 479.0
0 474.0 480.0
0 616.0 480.0
0 526.0 481.0
0 540.0 482.0
0 368.0 483.0
0 380.0 483.0
0 419.0 483.0
0 579.0 484.0
0 438.0 485.0
0 456.0 487.0
0 220.0 489.0
0 505.0 489.0
0 628.0 489.0
0 639.0 489.0
0 552.0 492.0
0 524.0 494.0
0 578.0 494.0
0 650.0 494.0
0 368.0 495.0
0 377.0 495.0
0 385.0 496.0
0 487.0 496.0
0 623.0 496.0
0 390.0 497.0
0 504.0 497.0
0 514.0 497.0
0 561.0 497.0
0 467.0 498.0
0 441.0 499.0
0 541.0 499.0
0 647.0 499.0
0 636.0 501.0
0 425.0 503.0
0 608.0 503.0
0 517.0 504.0
0 647.0 504.0
0 375.0 505.0
0 391.0 506.0
0 442.0 506.0
0 586.0 506.0
0 410.0 509.0
0 505.0 511.0
0 543.0 511.0
0 575.0 511.0
0 375.0 513.0
0 560.0 513.0
0 618.0 513.0
0 519.0 514.0
0 392.0 515.0
0 544.0 516.0
0 505.0 517.0
0 637.0 517.0
0 244.0 519.0
0 416.0 519.0
0 476.0 519.0
0 395.0 520.0
0 445.0 520.0
0 238.0 521.0
0 587.0 523.0
0 383.0 524.0
0 487.0 524.0
0 572.0 524.0
0 234.0 526.0
0 446.0 526.0
0 523.0 526.0
0 400.0 527.0
0 506.0 528.0
0 547.0 528.0
0 617.0 528.0
0 415.0 530.0
0 595.0 530.0
0 570.0 532.0
0 629.0 533.0
0 385.0 535.0
0 430.0 535.0
0 439.0 536.0
0 587.0 536.0
0 488.0 537.0
0 506.0 537.0
0 526.0 538.0
0 639.0 538.0
0 616.0 539.0
0 449.0 540.0
0 547.0 540.0
0 404.0 541.0
0 473.0 541.0
0 436.0 543.0
0 587.0 543.0
0 528.0 545.0
0 396.0 547.0
0 450.0 547.0
0 569.0 548.0
0 426.0 549.0
0 630.0 549.0
0 597.0 550.0
0 408.0 551.0
0 508.0 551.0
0 464.0 552.0
0 532.0 555.0
0 571.0 556.0
0 430.0 558.0
0 550.0 558.0
0 612.0 559.0
0 141.0 560.0
0 182.0 561.0
0 412.0 561.0
0 453.0 561.0
0 177.0 564.0
0 396.0 564.0
0 536.0 564.0
0 478.0 565.0
0 508.0 567.0
0 611.0 567.0
0 550.0 569.0
0 568.0 569.0
0 590.0 570.0
0 629.0 570.0
0 540.0 575.0
0 407.0 576.0
0 599.0 576.0
0 530.0 579.0
0 509.0 581.0
0 622.0 581.0
0 421.0 582.0
0 459.0 582.0
0 478.0 582.0
0 564.0 582.0
0 553.0 586.0
0 494.0 587.0
0 608.0 587.0
0 544.0 588.0
0 443.0 589.0
0 424.0 590.0
0 593.0 593.0
0 462.0 594.0
0 606.0 594.0
0 475.0 595.0
0 553.0 595.0
0 410.0 596.0
0 511.0 598.0
0 562.0 599.0
0 581.0 600.0
0 648.0 604.0
0 529.0 606.0
0 614.0 606.0
0 423.0 608.0
0 511.0 608.0
0 494.0 609.0
0 561.0 610.0
0 434.0 611.0
0 467.0 611.0
0 612.0 611.0
0 586.0 614.0
0 450.0 617.0
0 602.0 617.0
0 436.0 618.0
0 536.0 618.0
0 608.0 619.0
0 468.0 623.0
0 486.0 624.0
0 513.0 625.0
0 605.0 625.0
0 595.0 626.0
0 557.0 627.0
0 449.0 628.0
0 580.0 630.0
0 535.0 632.0
0 558.0 632.0
0 432.0 633.0
0 615.0 633.0
0 514.0 635.0
0 495.0 637.0
0 474.0 640.0
0 454.0 644.0
0 552.0 644.0
0 483.0 648.0
0 462.0 649.0
0 476.0 651.0
0 502.0 651.0
0 495.0 652.0
0 521.0 652.0
0 474.0 656.0
0 483.0 657.0
0 493.0 661.0
0 505.0 664.0
0 478.0 665.0
1 689.0 27.0
1 229.0 38.0
1 730.0 52.0
1 893.0 54.0
1 718.0 55.0
1 259.0 63.0
1 871.0 66.0
1 468.0 74.0
1 271.0 75.0
1 880.0 76.0
1 536.0 83.0
1 544.0 85.0
1 551.0 85.0
1 284.0 87.0
1 479.0 90.0
1 550.0 90.0
1 267.0 91.0
1 521.0 94.0
1 465.0 95.0
1 860.0 95.0
1 556.0 96.0
1 282.0 97.0
1 482.0 97.0
1 665.0 98.0
1 273.0 99.0
1 296.0 99.0
1 516.0 101.0
1 844.0 101.0
1 531.0 103.0
1 465.0 104.0
1 341.0 105.0
1 859.0 105.0
1 486.0 106.0
1 548.0 107.0
1 476.0 108.0
1 283.0 112.0
1 312.0 112.0
1 465.0 113.0
1 488.0 116.0
1 647.0 117.0
1 825.0 117.0
1 290.0 119.0
1 295.0 119.0
1 514.0 120.0
1 844.0 120.0
1 477.0 121.0
1 820.0 121.0
1 328.0 127.0
1 466.0 127.0
1 535.0 128.0
1 810.0 128.0
1 830.0 129.0
1 495.0 130.0
1 545.0 130.0
1 654.0 130.0
1 507.0 131.0
1 513.0 131.0
1 479.0 132.0
1 520.0 132.0
1 530.0 132.0
1 795.0 133.0
1 511.0 136.0
1 304.0 138.0
1 313.0 138.0
1 342.0 141.0
1 467.0 141.0
1 308.0 144.0
1 768.0 146.0
1 547.0 147.0
1 613.0 147.0
1 482.0 149.0
1 504.0 149.0
1 332.0 151.0
1 504.0 155.0
1 626.0 155.0
1 469.0 156.0
1 359.0 157.0
1 599.0 160.0
1 332.0 161.0
1 520.0 161.0
1 343.0 163.0
1 497.0 164.0
1 547.0 164.0
1 619.0 167.0
1 750.0 168.0
1 526.0 169.0
1 338.0 171.0
1 470.0 172.0
1 374.0 173.0
1 356.0 176.0
1 584.0 176.0
1 548.0 179.0
1 489.0 180.0
1 497.0 182.0
1 523.0 182.0
1 534.0 186.0
1 366.0 187.0
1 392.0 190.0
1 472.0 190.0
1 570.0 191.0
1 370.0 192.0
1 709.0 193.0
1 513.0 194.0
1 549.0 194.0
1 524.0 195.0
1 488.0 198.0
1 494.0 198.0
1 389.0 200.0
1 687.0 203.0
1 408.0 207.0
1 694.0 207.0
1 285.0 208.0
1 385.0 208.0
1 492.0 208.0
1 360.0 209.0
1 474.0 209.0
1 550.0 211.0
1 522.0 212.0
1 540.0 214.0
1 703.0 216.0
1 393.0 217.0
1 490.0 218.0
1 590.0 221.0
1 423.0 222.0
1 524.0 224.0
1 449.0 225.0
1 375.0 228.0
1 535.0 231.0
1 405.0 232.0
1 439.0 237.0
1 458.0 237.0
1 491.0 237.0
1 658.0 237.0
1 545.0 238.0
1 412.0 239.0
1 584.0 239.0
1 554.0 240.0
1 433.0 242.0
1 531.0 242.0
1 554.0 245.0
1 438.0 248.0
1 523.0 248.0
1 450.0 249.0
1 480.0 250.0
1 605.0 250.0
1 469.0 251.0
1 581.0 251.0
1 512.0 253.0
1 535.0 253.0
1 425.0 254.0
1 491.0 256.0
1 430.0 259.0
1 440.0 260.0
1 452.0 263.0
1 463.0 265.0
1 515.0 265.0
1 555.0 265.0
1 578.0 265.0
1 630.0 265.0
1 481.0 266.0
1 458.0 267.0
1 354.0 269.0
1 440.0 270.0
1 340.0 271.0
1 520.0 271.0
1 366.0 272.0
1 493.0 272.0
1 602.0 273.0
1 329.0 274.0
1 529.0 276.0
1 640.0 276.0
1 381.0 277.0
1 343.0 278.0
1 449.0 278.0
1 601.0 278.0
1 552.0 279.0
1 415.0 280.0
1 616.0 280.0
1 492.0 281.0
1 598.0 283.0
1 755.0 283.0
1 315.0 284.0
1 396.0 284.0
1 456.0 285.0
1 517.0 286.0
1 755.0 288.0
1 374.0 290.0
1 480.0 291.0
1 529.0 293.0
1 412.0 294.0
1 602.0 294.0
1 504.0 295.0
1 467.0 298.0
1 386.0 299.0
1 449.0 300.0
1 516.0 300.0
1 595.0 300.0
1 547.0 301.0
1 734.0 302.0
1 425.0 303.0
1 490.0 303.0
1 612.0 304.0
1 371.0 305.0
1 435.0 305.0
1 440.0 305.0
1 400.0 306.0
1 472.0 307.0
1 361.0 312.0
1 422.0 313.0
1 724.0 313.0
1 561.0 314.0
1 391.0 315.0
1 442.0 316.0
1 454.0 316.0
1 506.0 316.0
1 578.0 316.0
1 491.0 319.0
1 553.0 320.0
1 774.0 320.0
1 381.0 321.0
1 720.0 321.0
1 373.0 322.0
1 415.0 322.0
1 734.0 322.0
1 540.0 323.0
1 351.0 324.0
1 454.0 326.0
1 746.0 327.0
1 566.0 328.0
1 585.0 328.0
1 408.0 329.0
1 438.0 329.0
1 703.0 330.0
1 719.0 332.0
1 747.0 332.0
1 494.0 334.0
1 364.0 336.0
1 692.0 336.0
1 399.0 337.0
1 467.0 338.0
1 538.0 339.0
1 673.0 340.0
1 715.0 341.0
1 274.0 342.0
1 350.0 342.0
1 742.0 342.0
1 357.0 343.0
1 362.0 343.0
1 481.0 343.0
1 599.0 343.0
1 549.0 344.0
1 434.0 345.0
1 474.0 345.0
1 675.0 345.0
1 576.0 346.0
1 733.0 346.0
1 324.0 347.0
1 392.0 347.0
1 559.0 349.0
1 596.0 349.0
1 522.0 351.0
1 539.0 351.0
1 575.0 351.0
1 241.0 352.0
1 426.0 352.0
1 610.0 352.0
1 376.0 353.0
1 415.0 353.0
1 483.0 353.0
1 589.0 353.0
1 628.0 353.0
1 661.0 353.0
1 386.0 354.0
1 494.0 354.0
1 307.0 355.0
1 435.0 357.0
1 284.0 358.0
1 728.0 358.0
1 446.0 359.0
1 349.0 362.0
1 381.0 362.0
1 405.0 363.0
1 363.0 364.0
1 544.0 364.0
1 567.0 365.0
1 643.0 366.0
1 714.0 366.0
1 680.0 367.0
1 375.0 368.0
1 401.0 368.0
1 445.0 368.0
1 505.0 368.0
1 453.0 369.0
1 675.0 372.0
1 413.0 374.0
1 568.0 374.0
1 429.0 376.0
1 472.0 376.0
1 665.0 376.0
1 144.0 377.0
1 511.0 377.0
1 366.0 378.0
1 349.0 379.0
1 450.0 379.0
1 542.0 379.0
1 557.0 380.0
1 177.0 381.0
1 403.0 381.0
1 596.0 381.0
1 701.0 382.0
1 386.0 383.0
1 650.0 383.0
1 503.0 384.0
1 566.0 384.0
1 416.0 385.0
1 675.0 386.0
1 382.0 388.0
1 394.0 388.0
1 408.0 390.0
1 604.0 390.0
1 355.0 391.0
1 436.0 391.0
1 468.0 391.0
1 473.0 391.0
1 673.0 391.0
1 687.0 391.0
1 478.0 392.0
1 641.0 392.0
1 421.0 395.0
1 506.0 395.0
1 693.0 395.0
1 511.0 396.0
1 374.0 397.0
1 411.0 397.0
1 400.0 398.0
1 517.0 398.0
1 693.0 400.0
1 531.0 401.0
1 686.0 401.0
1 344.0 403.0
1 706.0 405.0
1 123.0 406.0
1 555.0 406.0
1 612.0 407.0
1 462.0 408.0
1 680.0 409.0
1 390.0 410.0
1 413.0 412.0
1 567.0 412.0
1 358.0 413.0
1 369.0 415.0
1 501.0 415.0
1 658.0 415.0
1 496.0 416.0
1 535.0 416.0
1 597.0 416.0
1 488.0 417.0
1 515.0 417.0
1 526.0 417.0
1 580.0 417.0
1 397.0 418.0
1 477.0 418.0
1 691.0 418.0
1 465.0 420.0
1 327.0 421.0
1 390.0 421.0
1 583.0 422.0
1 667.0 423.0
1 495.0 424.0
1 345.0 425.0
1 382.0 425.0
1 460.0 425.0
1 700.0 425.0
1 400.0 426.0
1 679.0 426.0
1 645.0 427.0
1 410.0 428.0
1 659.0 428.0
1 528.0 430.0
1 587.0 430.0
1 373.0 431.0
1 485.0 431.0
1 689.0 432.0
1 338.0 434.0
1 703.0 434.0
1 513.0 435.0
1 409.0 436.0
1 414.0 436.0
1 471.0 436.0
1 570.0 437.0
1 385.0 438.0
1 462.0 438.0
1 620.0 438.0
1 642.0 438.0
1 542.0 439.0
1 659.0 439.0
1 677.0 439.0
1 376.0 440.0
1 426.0 440.0
1 694.0 440.0
1 345.0 443.0
1 481.0 443.0
1 307.0 444.0
1 396.0 444.0
1 689.0 444.0
1 574.0 445.0
1 322.0 447.0
1 511.0 447.0
1 546.0 447.0
1 416.0 448.0
1 668.0 448.0
1 384.0 449.0
1 591.0 449.0
1 631.0 449.0
1 678.0 449.0
1 348.0 450.0
1 699.0 451.0
1 330.0 452.0
1 547.0 452.0
1 659.0 452.0
1 316.0 453.0
1 401.0 454.0
1 479.0 454.0
1 484.0 454.0
1 346.0 455.0
1 385.0 455.0
1 552.0 455.0
1 577.0 455.0
1 392.0 456.0
1 677.0 456.0
1 414.0 458.0
1 593.0 458.0
1 324.0 459.0
1 636.0 459.0
1 660.0 459.0
1 690.0 459.0
1 386.0 460.0
1 431.0 460.0
1 628.0 462.0
1 615.0 464.0
1 645.0 464.0
1 967.0 464.0
1 286.0 466.0
1 301.0 466.0
1 413.0 466.0
1 558.0 466.0
1 669.0 466.0
1 581.0 468.0
1 685.0 468.0
1 393.0 469.0
1 546.0 469.0
1 595.0 469.0
1 434.0 471.0
1 693.0 471.0
1 513.0 473.0
1 292.0 474.0
1 628.0 474.0
1 462.0 475.0
1 395.0 477.0
1 417.0 477.0
1 564.0 477.0
1 608.0 477.0
1 667.0 478.0
1 433.0 479.0
1 573.0 479.0
1 598.0 479.0
1 684.0 480.0
1 552.0 481.0
1 584.0 481.0
1 522.0 482.0
1 402.0 484.0
1 420.0 484.0
1 464.0 485.0
1 483.0 487.0
1 569.0 487.0
1 627.0 487.0
1 277.0 488.0
1 441.0 488.0
1 503.0 488.0
1 552.0 491.0
1 669.0 492.0
1 270.0 493.0
1 584.0 494.0
1 402.0 496.0
1 414.0 496.0
1 573.0 496.0
1 624.0 496.0
1 687.0 497.0
1 534.0 498.0
1 611.0 498.0
1 552.0 499.0
1 602.0 499.0
1 424.0 500.0
1 486.0 501.0
1 434.0 502.0
1 466.0 504.0
1 576.0 505.0
1 653.0 505.0
1 684.0 505.0
1 408.0 506.0
1 428.0 508.0
1 487.0 508.0
1 632.0 508.0
1 516.0 510.0
1 683.0 510.0
1 451.0 511.0
1 621.0 512.0
1 551.0 513.0
1 36.0 514.0
1 579.0 515.0
1 408.0 516.0
1 606.0 516.0
1 660.0 516.0
1 431.0 518.0
1 552.0 518.0
1 290.0 522.0
1 295.0 522.0
1 454.0 522.0
1 459.0 522.0
1 489.0 522.0
1 673.0 522.0
1 433.0 523.0
1 650.0 523.0
1 583.0 525.0
1 415.0 526.0
1 631.0 526.0
1 294.0 527.0
1 533.0 527.0
1 289.0 528.0
1 489.0 528.0
1 617.0 528.0
1 438.0 530.0
1 522.0 530.0
1 552.0 531.0
1 657.0 531.0
1 425.0 532.0
1 586.0 532.0
1 456.0 533.0
1 474.0 535.0
1 614.0 536.0
1 635.0 536.0
1 416.0 537.0
1 534.0 540.0
1 551.0 540.0
1 611.0 542.0
1 656.0 542.0
1 590.0 543.0
1 441.0 544.0
1 492.0 544.0
1 517.0 544.0
1 675.0 544.0
1 582.0 545.0
1 476.0 546.0
1 629.0 546.0
1 427.0 550.0
1 613.0 550.0
1 492.0 551.0
1 466.0 553.0
1 593.0 553.0
1 640.0 553.0
1 444.0 555.0
1 552.0 555.0
1 665.0 555.0
1 507.0 556.0
1 579.0 556.0
1 614.0 559.0
1 552.0 561.0
1 598.0 561.0
1 240.0 563.0
1 467.0 563.0
1 194.0 564.0
1 651.0 564.0
1 495.0 565.0
1 234.0 566.0
1 449.0 566.0
1 427.0 568.0
1 520.0 570.0
1 651.0 570.0
1 552.0 571.0
1 616.0 571.0
1 604.0 573.0
1 631.0 574.0
1 664.0 576.0
1 438.0 580.0
1 580.0 581.0
1 619.0 582.0
1 512.0 584.0
1 611.0 585.0
1 552.0 586.0
1 457.0 587.0
1 499.0 587.0
1 606.0 587.0
1 520.0 588.0
1 631.0 588.0
1 656.0 588.0
1 447.0 592.0
1 536.0 592.0
1 588.0 592.0
1 583.0 593.0
1 646.0 593.0
1 482.0 594.0
1 460.0 595.0
1 617.0 595.0
1 502.0 599.0
1 440.0 600.0
1 520.0 601.0
1 552.0 603.0
1 602.0 605.0
1 621.0 605.0
1 570.0 611.0
1 453.0 613.0
1 648.0 613.0
1 494.0 614.0
1 553.0 614.0
1 532.0 615.0
1 601.0 616.0
1 698.0 616.0
1 468.0 617.0
1 506.0 617.0
1 628.0 618.0
1 647.0 618.0
1 488.0 623.0
1 579.0 623.0
1 574.0 624.0
1 637.0 624.0
1 471.0 625.0
1 506.0 629.0
1 526.0 630.0
1 553.0 631.0
1 631.0 632.0
1 642.0 632.0
1 597.0 634.0
1 486.0 636.0
1 618.0 636.0
1 466.0 641.0
1 553.0 641.0
1 501.0 644.0
1 530.0 644.0
1 511.0 646.0
1 618.0 649.0
1 591.0 651.0
1 490.0 652.0
1 508.0 653.0
1 513.0 655.0
1 520.0 656.0
1 498.0 657.0
1 533.0 659.0
1 538.0 659.0
1 558.0 659.0
1 510.0 664.0
1 519.0 665.0
1 529.0 668.0
1 542.0 672.0
1 515.0 675.0
