0 9 6 255.6881732597689
0 6 7 185.13167992946615
0 10 8 287.143375240745
0 12 11 280.6906570966165
0 13 13 348.8282944611824
0 18 14 267.5697287911018
0 21 16 189.2142179171163
0 17 20 347.34178368278583
0 24 23 301.34094725667325
0 29 27 174.18035995080612
0 33 31 338.676057503737
0 28 35 219.33560222548837
0 43 41 330.5844947089822
0 45 42 149.36249999888716
0 48 46 133.4258615229646
0 38 47 222.36224738710825
0 30 51 379.3603235634855
0 55 52 322.82613255154627
0 64 60 261.7209322024843
0 66 62 137.31045373576282
0 63 66 427.90216757700233
0 75 71 147.2435781317359
0 73 72 353.1002898617829
0 81 79 248.67351131311324
0 84 80 167.01943680221976
0 86 81 184.2026899592546
0 87 82 211.16123211754095
0 89 83 190.5894314369113
0 85 84 368.8789112352711
0 91 86 343.6498867846228
0 96 89 242.06797871583703
0 100 90 119.05610452901985
0 97 91 221.70592964214518
0 101 94 264.23009661275773
0 102 96 213.1086353550766
0 103 97 147.94017322454016
0 106 98 115.58305758961758
0 120 99 232.38769919332296
0 111 101 223.31419718002405
0 108 102 202.52462642763268
0 110 103 185.82109282041154
0 105 105 242.63249907461125
0 115 106 240.36935340946292
0 122 108 201.9352409711062
0 118 109 127.29491135715934
0 107 112 213.71952924475318
0 128 114 280.88572708863273
0 113 115 126.92506078358893
0 125 118 355.2531990798305
0 129 121 300.8863901729048
0 139 122 225.20931968250687
0 127 123 154.57040952201163
0 133 126 225.23219177286813
0 114 128 299.4389318072621
0 138 129 125.36877838265671
0 144 130 189.58585115854706
0 146 134 183.84861860532396
0 130 136 156.90411782667636
0 161 137 279.63541358490255
0 143 142 244.2101598095252
0 158 143 127.74165528881866
0 148 145 286.4825503090401
0 136 146 225.7085707612888
0 170 147 141.3600401535873
0 135 149 163.1491017919817
0 184 151 217.1857518815802
0 159 152 357.6531883155055
0 164 154 337.1620572669727
0 182 155 258.3540072651408
0 186 157 332.6500648458026
0 188 166 441.3471476693241
0 165 167 184.29317715391593
0 169 168 305.247276312183
0 153 170 395.8731282717896
0 191 171 238.201696183803
0 187 173 112.12003512519028
0 205 174 208.660732985856
0 174 176 458.69735946883986
0 193 177 157.2373370371776
0 215 185 313.3668175951979
0 218 186 312.2688317672165
0 189 187 122.92440704226084
0 177 188 280.9419816310819
0 206 191 138.38217915844558
0 185 193 209.77447439992264
0 137 195 115.98349829849968
0 214 199 267.8478834550224
0 235 201 300.0845581143192
0 204 202 127.8204962254317
0 155 203 142.465343036284
0 202 205 124.17523930089433
0 196 206 144.55650150370602
0 197 207 434.3307122898321
0 190 208 195.5415651888513
0 203 210 181.18671722017342
0 228 212 223.12995413572767
0 244 213 298.49476208661827
0 239 214 231.21640354315937
0 208 215 125.11497311707073
0 233 217 226.16300336611465
0 210 220 328.23838991722243
0 166 221 117.36920903182109
0 226 225 165.67628867771148
0 229 226 153.87446456007714
0 227 227 260.63656363729433
0 255 228 194.52498692709668
0 230 229 207.19621205197808
0 241 231 289.2631677314255
0 272 232 224.74180209339264
0 234 234 168.88572491580484
0 175 235 111.19745330158135
0 253 237 214.67807404628348
0 268 238 319.6211765306546
0 252 239 114.30415236832812
0 261 241 134.98854498913877
0 288 242 480.9904772880995
0 231 243 273.76245730012533
0 248 246 135.28727674096768
0 282 247 480.1169756740192
0 259 248 178.91948822667976
0 249 249 137.47417219932245
0 280 250 388.75419521016136
0 260 252 114.64913797286096
0 279 254 223.2241240741331
0 273 255 158.96901248038023
0 256 256 117.18891326267071
0 251 259 367.12977992081767
0 278 261 126.7369717815384
0 276 266 170.27534377374914
0 295 267 213.60581633879482
0 269 268 122.70972527696371
0 266 269 119.4329170023457
0 287 272 177.7425011841755
0 270 273 139.33611188071512
0 262 274 162.26493672696773
0 286 278 167.28914604861384
0 290 281 291.9393531948259
0 296 285 237.82975382449547
0 284 287 203.5490381015308
0 274 288 153.78657792374753
0 267 290 260.45181606411404
0 292 291 143.8765893154506
0 283 293 259.7093466142477
0 303 295 320.09188428608905
0 298 296 106.6073666985038
0 301 297 121.20211415030371
0 285 298 129.52450596498338
0 289 299 142.40496541056189
0 305 300 107.54222357687229
0 300 302 266.80580613612057
0 310 305 114.76175460029536
0 299 306 128.2322566049042
0 309 307 363.1211961179842
0 306 308 111.20598846182297
0 237 309 220.0050420724557
0 307 310 108.36325981838455
0 321 314 161.2973303073368
0 302 315 169.9280197943287
0 297 317 380.03204985543135
0 325 318 253.0310091338539
0 311 319 107.44709513918468
0 312 320 106.15600739596091
0 308 321 234.27636840696007
0 322 324 150.36780799056987
0 330 326 183.38204293513297
0 318 327 106.78371119060046
0 328 328 116.9465228706032
0 384 330 446.7174068837049
0 316 332 123.68588480382508
0 337 333 273.71205510127805
0 314 334 293.08336871560056
0 323 336 104.4784151818005
0 326 337 115.5107126424183
0 333 339 113.62308868372087
0 336 341 140.8920078385234
0 331 342 118.44055535388611
0 334 343 130.40860733919652
0 329 345 121.25784476189045
0 341 347 110.60211485503015
0 327 348 183.3992627175645
0 347 349 174.6677456636326
0 342 350 128.79640894717028
0 335 353 116.01054972264176
0 332 354 398.38638612729943
0 354 357 133.4040486816332
0 350 358 118.98947413811936
0 358 359 214.2410146544484
0 352 360 125.93684637839209
0 355 364 105.13741007473764
0 343 366 125.10458928163435
0 351 369 128.9097009044539
0 353 371 147.49565242007296
0 399 373 400.83877126830316
0 397 374 311.15095625248284
0 360 375 107.98671761807938
0 338 376 359.62976852440835
0 365 377 104.53174189434597
0 370 378 180.76422730940916
0 361 379 112.2965517162905
0 349 382 330.31347579727435
0 376 383 306.6643294406578
0 363 384 109.66110598700621
0 369 385 141.1058139523148
0 364 386 359.035165069626
0 367 387 185.96477810155207
0 368 388 116.92227622586135
0 378 392 110.68172786090473
0 356 395 241.0727534753537
0 362 396 304.2095223589398
0 380 397 131.8918521176243
0 381 398 154.96119277480227
0 382 404 154.43663388255806
0 387 405 121.31637235092512
0 388 406 139.7318602029763
0 377 408 107.94840574025646
0 390 409 143.02845229554856
0 372 410 197.32958650709722
0 385 413 197.05398859763073
0 393 415 172.51735331329414
0 392 416 156.97998977682968
0 389 419 118.66106325648813
0 386 420 175.26051607012838
0 400 421 199.6951465550918
0 394 422 121.59975878954097
0 403 425 198.82378232222524
0 401 428 132.52819495715264
0 396 429 162.82571031158636
0 395 430 172.2454430542973
0 398 431 151.9844830524128
0 402 432 116.8658103536885
0 405 433 117.9107388474161
0 404 434 128.3738818791852

145.0 35.0
264.0 41.0
153.0 42.0
160.0 49.0
271.0 52.0
153.0 54.0
167.0 56.0
274.0 60.0
176.0 63.0
163.0 67.0
184.0 71.0
271.0 74.0
193.0 80.0
174.0 81.0
186.0 84.0
272.0 84.0
359.0 87.0
202.0 88.0
211.0 97.0
200.0 98.0
275.0 102.0
208.0 107.0
221.0 108.0
229.0 117.0
218.0 118.0
311.0 119.0
207.0 122.0
222.0 123.0
277.0 123.0
333.0 125.0
247.0 133.0
232.0 134.0
277.0 134.0
313.0 138.0
254.0 140.0
295.0 141.0
241.0 144.0
223.0 145.0
271.0 149.0
313.0 149.0
261.0 150.0
326.0 151.0
200.0 152.0
195.0 153.0
248.0 153.0
299.0 155.0
213.0 156.0
339.0 157.0
311.0 159.0
268.0 160.0
228.0 161.0
257.0 161.0
274.0 165.0
298.0 166.0
218.0 168.0
263.0 168.0
276.0 170.0
209.0 172.0
246.0 172.0
317.0 177.0
221.0 178.0
310.0 179.0
414.0 181.0
211.0 182.0
407.0 182.0
257.0 184.0
331.0 184.0
319.0 185.0
230.0 186.0
205.0 187.0
269.0 194.0
310.0 194.0
325.0 194.0
414.0 194.0
221.0 196.0
294.0 198.0
240.0 199.0
373.0 199.0
279.0 200.0
203.0 205.0
228.0 205.0
307.0 205.0
363.0 206.0
286.0 208.0
382.0 209.0
556.0 209.0
243.0 212.0
206.0 213.0
306.0 214.0
497.0 214.0
319.0 215.0
331.0 215.0
397.0 215.0
367.0 216.0
381.0 219.0
266.0 220.0
231.0 221.0
246.0 221.0
362.0 221.0
236.0 223.0
301.0 226.0
533.0 227.0
346.0 229.0
313.0 230.0
384.0 230.0
243.0 231.0
318.0 231.0
323.0 232.0
203.0 233.0
371.0 234.0
543.0 234.0
291.0 235.0
224.0 236.0
185.0 238.0
262.0 238.0
197.0 239.0
384.0 239.0
363.0 242.0
210.0 243.0
332.0 243.0
371.0 243.0
228.0 244.0
289.0 245.0
266.0 246.0
261.0 247.0
350.0 247.0
383.0 248.0
272.0 250.0
307.0 251.0
224.0 252.0
324.0 252.0
356.0 253.0
267.0 255.0
334.0 255.0
372.0 255.0
311.0 257.0
218.0 259.0
244.0 260.0
334.0 260.0
365.0 262.0
378.0 263.0
313.0 264.0
336.0 265.0
222.0 266.0
289.0 266.0
260.0 267.0
355.0 267.0
318.0 269.0
245.0 270.0
338.0 271.0
237.0 272.0
311.0 272.0
226.0 273.0
261.0 274.0
543.0 274.0
273.0 275.0
235.0 280.0
324.0 280.0
374.0 280.0
228.0 281.0
300.0 281.0
312.0 281.0
340.0 282.0
239.0 285.0
231.0 286.0
275.0 286.0
254.0 288.0
20.0 290.0
327.0 290.0
231.0 291.0
342.0 291.0
312.0 292.0
299.0 293.0
260.0 295.0
245.0 296.0
276.0 298.0
294.0 298.0
331.0 300.0
256.0 301.0
358.0 302.0
234.0 303.0
268.0 303.0
311.0 305.0
370.0 306.0
250.0 308.0
268.0 308.0
241.0 310.0
278.0 310.0
262.0 312.0
335.0 312.0
299.0 314.0
312.0 317.0
110.0 318.0
133.0 319.0
279.0 319.0
367.0 319.0
253.0 320.0
241.0 321.0
294.0 322.0
375.0 325.0
247.0 328.0
326.0 328.0
273.0 329.0
350.0 329.0
281.0 330.0
311.0 331.0
259.0 335.0
364.0 336.0
340.0 337.0
283.0 338.0
249.0 339.0
312.0 346.0
256.0 347.0
285.0 347.0
339.0 348.0
265.0 349.0
364.0 350.0
276.0 352.0
286.0 355.0
296.0 356.0
337.0 359.0
348.0 359.0
263.0 361.0
312.0 362.0
275.0 368.0
289.0 370.0
329.0 371.0
334.0 371.0
302.0 372.0
317.0 373.0
290.0 380.0
306.0 380.0

156.0 77.0
252.0 69.0
166.0 85.0
175.0 92.0
276.0 92.0
170.0 98.0
183.0 99.0
280.0 97.0
193.0 105.0
181.0 111.0
204.0 114.0
280.0 108.0
214.0 122.0
195.0 125.0
209.0 128.0
284.0 118.0
376.0 111.0
224.0 130.0
235.0 140.0
226.0 142.0
295.0 139.0
235.0 150.0
245.0 148.0
255.0 157.0
246.0 161.0
366.0 161.0
234.0 163.0
251.0 164.0
306.0 161.0
404.0 165.0
274.0 173.0
262.0 175.0
301.0 174.0
349.0 175.0
282.0 180.0
314.0 181.0
273.0 185.0
263.0 195.0
299.0 189.0
328.0 187.0
292.0 188.0
347.0 184.0
203.0 193.0
196.0 196.0
282.0 193.0
319.0 185.0
236.0 200.0
373.0 190.0
326.0 197.0
308.0 200.0
260.0 208.0
290.0 199.0
311.0 205.0
316.0 192.0
238.0 208.0
304.0 211.0
326.0 212.0
186.0 202.0
291.0 222.0
345.0 210.0
243.0 221.0
331.0 214.0
442.0 206.0
239.0 226.0
433.0 206.0
315.0 234.0
367.0 221.0
362.0 223.0
294.0 233.0
239.0 235.0
278.0 239.0
340.0 224.0
357.0 225.0
440.0 217.0
258.0 242.0
333.0 235.0
310.0 248.0
399.0 230.0
322.0 242.0
245.0 256.0
307.0 257.0
343.0 239.0
383.0 231.0
328.0 248.0
415.0 234.0
515.0 206.0
268.0 255.0
258.0 264.0
343.0 247.0
466.0 217.0
351.0 246.0
360.0 243.0
440.0 243.0
407.0 241.0
426.0 246.0
325.0 261.0
304.0 269.0
314.0 265.0
395.0 250.0
267.0 263.0
343.0 252.0
492.0 224.0
381.0 260.0
347.0 261.0
424.0 260.0
310.0 277.0
354.0 262.0
373.0 266.0
295.0 288.0
414.0 263.0
507.0 230.0
340.0 275.0
306.0 286.0
170.0 274.0
323.0 280.0
284.0 299.0
429.0 262.0
410.0 271.0
297.0 293.0
392.0 278.0
419.0 271.0
266.0 292.0
350.0 279.0
334.0 291.0
319.0 288.0
403.0 277.0
429.0 273.0
343.0 290.0
369.0 289.0
297.0 302.0
390.0 287.0
413.0 283.0
336.0 298.0
401.0 287.0
423.0 280.0
381.0 294.0
259.0 301.0
308.0 304.0
406.0 293.0
413.0 288.0
427.0 285.0
382.0 301.0
396.0 293.0
261.0 312.0
358.0 307.0
327.0 310.0
414.0 293.0
388.0 300.0
306.0 314.0
397.0 307.0
293.0 316.0
375.0 307.0
283.0 316.0
322.0 315.0
505.0 264.0
337.0 315.0
291.0 326.0
389.0 310.0
417.0 304.0
278.0 328.0
364.0 316.0
374.0 316.0
404.0 315.0
296.0 326.0
289.0 333.0
337.0 324.0
311.0 329.0
105.0 379.0
387.0 321.0
288.0 339.0
397.0 319.0
373.0 326.0
362.0 328.0
319.0 335.0
300.0 338.0
337.0 334.0
357.0 335.0
385.0 330.0
314.0 340.0
399.0 328.0
287.0 344.0
330.0 341.0
371.0 337.0
408.0 334.0
303.0 349.0
329.0 346.0
286.0 354.0
338.0 347.0
318.0 350.0
387.0 341.0
356.0 346.0
370.0 348.0
235.0 396.0
261.0 393.0
338.0 355.0
408.0 339.0
305.0 358.0
282.0 364.0
354.0 355.0
407.0 345.0
296.0 370.0
380.0 356.0
321.0 363.0
403.0 356.0
339.0 361.0
368.0 361.0
309.0 371.0
406.0 350.0
392.0 355.0
339.0 372.0
288.0 374.0
366.0 374.0
295.0 381.0
340.0 381.0
388.0 370.0
313.0 385.0
402.0 367.0
330.0 380.0
340.0 388.0
350.0 386.0
383.0 382.0
392.0 380.0
313.0 397.0
364.0 388.0
325.0 401.0
341.0 398.0
374.0 392.0
379.0 390.0
350.0 394.0
364.0 399.0
343.0 409.0
358.0 405.0
