0 1 0 287.03893136732074
0 2 1 195.10139804394092
0 3 3 171.55633242499735
0 7 6 181.4321895513188
0 8 7 168.69376779220235
0 10 8 236.27745209517676
0 11 11 203.23926042067816
0 15 13 260.31772877141066
0 13 14 142.03251611295272
0 14 16 161.6727328093034
0 20 20 274.89209964509604
0 21 23 187.61243797306477
0 26 27 115.90024182819518
0 32 31 188.3315423152302
0 29 32 306.49152829557045
0 27 34 455.861234333623
0 31 35 133.38961326732922
0 39 41 167.87071689789076
0 41 42 124.0270136924001
0 37 43 379.3001158549454
0 42 45 220.30284455803698
0 45 46 133.71866853404399
0 40 47 134.21148984995176
0 48 48 371.7283172259414
0 47 49 257.2964543940737
0 38 50 477.6309899007556
0 49 52 160.31579234035397
0 52 59 270.48517098692525
0 51 60 157.7808754022058
0 56 62 111.43014704246332
0 50 63 407.8134515086649
0 64 65 470.7815112391431
0 57 66 183.22052698730337
0 59 68 305.81296907723305
0 62 71 116.32700662716347
0 63 72 160.6161176778178
0 67 76 210.32596029796022
0 69 79 158.67221336045017
0 70 80 130.23292351799952
0 74 83 133.68034371270244
0 75 84 150.21243186382156
0 77 86 258.02886296432234
0 80 87 302.00179593081356
0 81 88 129.35340859229575
0 85 89 143.48093768635627
0 87 90 109.20796053748867
0 88 91 163.24137919626963
0 83 92 357.40206533000685
0 84 93 463.292693686341
0 92 94 333.09851087405616
0 78 95 114.5887486867576
0 91 96 130.40331624491785
0 95 97 201.8220530308676
0 94 98 109.86638083570458
0 90 99 164.63125898851354
0 97 101 334.45976731253563
0 96 102 342.2938411058456
0 99 103 128.3993573456505
0 102 106 199.2081882214703
0 103 109 110.02066344681506
0 106 110 200.6912796712471
0 110 112 164.79753159520033
0 107 114 217.13470649174198
0 117 116 197.17786714282406
0 109 117 145.6054106853746
0 101 118 327.49658272442144
0 113 119 168.20186530529543
0 112 120 183.10758504428543
0 115 121 156.53263178656601
0 119 122 160.902044936331
0 114 123 111.10205635822122
0 116 125 202.39226824923952
0 122 126 191.23549281402876
0 123 127 210.28022295909108
0 120 129 112.57706568237317
0 124 130 110.77184739735398
0 127 134 200.23741260836155
0 135 137 160.81475101927748
0 134 141 281.2297444944082
0 126 142 405.6644801156359
0 132 143 119.06927731407811
0 128 144 317.8508655058385
0 130 146 200.5344808008367
0 139 147 121.18853528020325
0 129 149 140.54764539021468
0 140 155 316.71710345672534
0 150 156 193.23102367818356
0 142 157 148.70556384936907
0 148 159 112.36328483675754
0 131 161 104.53587776918063
0 158 162 154.43045012256152
0 159 163 140.29975609882555
0 144 164 353.89132003960526
0 168 165 330.9153764397479
0 155 166 138.94486576054834
0 152 168 130.26552410486795
0 146 170 361.68051111047873
0 162 171 201.23863864059572
0 178 172 424.9328824531915
0 160 173 106.64616279625601
0 177 174 129.34607868322036
0 154 176 190.7516270016327
0 156 178 179.50886228668685
0 181 180 157.20053412075322
0 182 184 184.29985795131546
0 183 185 240.92598711679338
0 172 186 487.68538317270185
0 173 187 112.62672525212803
0 169 188 200.6452448903064
0 171 189 295.4140105294361
0 187 190 227.84108312819592
0 179 191 141.22018154097458
0 185 192 137.59983281880665
0 175 193 217.4489485318043
0 164 194 149.27257139135511
0 151 195 104.83263672837906
0 199 196 187.36622673713015
0 210 197 202.7923017518336
0 194 198 291.772899712596
0 212 200 172.60259907752368
0 200 201 120.12985055529177
0 192 202 116.90827887683368
0 174 203 149.74394712715247
0 214 204 133.55501731965848
0 202 205 170.7611634042276
0 196 206 112.44503236548206
0 193 207 337.4520715412513
0 191 208 177.62780313117247
0 216 209 224.3473441083839
0 208 210 113.3842439628246
0 209 211 251.48112184588393
0 217 212 110.21888780673675
0 223 213 190.5130124492184
0 222 214 113.43469505952524
0 206 215 115.48499874205092
0 207 216 250.70754445604547
0 213 218 137.4848632974554
0 221 220 149.7897907657216
0 197 221 104.20045332855514
0 227 222 249.9998658896212
0 229 223 458.41727033476366
0 224 225 155.03982449314913
0 225 226 158.12318294278373
0 219 227 342.6834791903199
0 234 228 108.96561739655219
0 228 229 180.14889339300063
0 246 230 338.0669757732198
0 233 231 215.06538149546262
0 240 232 196.33770586844057
0 230 234 112.18838150700283
0 204 235 103.8917572918665
0 236 237 194.367639623842
0 250 239 335.7856155433294
0 238 241 155.74403277442767
0 257 242 192.86040590172604
0 235 243 195.36857716749836
0 242 246 153.29575228120095
0 245 248 117.42282577398193
0 243 249 147.36517757464125
0 258 250 246.66409375967135
0 268 251 406.8698447350872
0 248 252 108.5944293334911
0 260 254 339.4558356485952
0 255 255 137.46584803832442
0 249 256 107.11366140962879
0 253 258 210.46781976925612
0 239 259 261.5351543336848
0 259 261 152.8046677458883
0 252 262 272.57659223208145
0 287 263 256.0258815225996
0 265 264 266.65649452866126
0 262 266 114.43536047356544
0 263 268 138.61008189679137
0 261 269 108.50633577133675
0 273 271 161.91806107717312
0 269 272 185.54990002642145
0 256 273 211.98697163066575
0 264 274 122.74190037893156
0 294 276 204.00223223744595
0 274 278 135.3745850540378
0 291 280 233.8498979524633
0 286 281 421.2177057036203
0 279 282 198.91005757967147
0 280 285 152.22839282023307
0 283 286 125.83533311957278
0 271 287 128.3498304514219
0 272 288 113.82063341991831
0 295 289 151.79377086266646
0 276 290 182.40511810625546
0 305 292 223.84853479964667
0 285 293 175.41510120872488
0 288 296 103.71490162480465
0 289 297 120.53228937061431
0 281 298 115.95159496183433
0 284 299 194.8741679884998
0 296 300 105.57714121020416
0 290 302 226.40556342978488
0 314 304 208.28198562168896
0 297 305 105.40802754383043
0 292 306 129.21094846330905
0 302 307 156.96376098928653
0 298 308 111.30386046999783
0 267 309 129.62768429076715
0 300 310 104.49759923951991
0 293 311 298.714734840004
0 303 312 104.3298085398231
0 275 313 119.26810124456797
0 309 314 111.66684160491747
0 301 315 147.01290826291813
0 311 318 184.34582686834676
0 308 319 104.44111494388252
0 310 320 107.3896258873196
0 306 321 175.88363167923566
0 307 323 220.41592476342413
0 315 324 121.77562942244822
0 312 327 105.77341265007753
0 319 328 113.82888869032244
0 313 329 247.6289212450687
0 339 330 177.02203952467076
0 318 332 225.4574266281722
0 327 333 161.17185038311084
0 322 334 284.11948817490844
0 316 335 182.73688558140995
0 320 336 103.76233665543357
0 321 337 111.64096801461237
0 323 339 108.5815888200135
0 326 341 117.22451528038951
0 324 342 112.93735736179254
0 328 343 119.02249714029023
0 341 344 260.24970744195684
0 329 345 229.70110557550942
0 332 347 105.04375065663238
0 330 348 231.8210304441332
0 333 350 115.96663864480934
0 335 353 120.71312571595374
0 338 354 263.69918655420236
0 342 357 106.26783393193335
0 340 358 115.54685389740573
0 337 359 213.3773826829002
0 345 360 115.25658187879617
0 343 362 284.3648226412299
0 355 363 211.782180848697
0 347 364 105.15069441685017
0 344 366 241.47644602256983
0 346 369 111.29250480468042
0 348 371 166.9777632911424
0 370 373 285.4516635507913
0 368 374 215.36985673409816
0 350 375 105.99086090927072
0 352 377 104.3338960089829
0 349 378 146.31615429200446
0 353 379 105.3894809498261
0 354 380 125.81068558929402
0 351 381 148.01686684167552
0 356 382 190.08226784248697
0 358 383 133.67997090743125
0 359 384 110.33352163731077
0 360 385 133.36226773189767
0 365 387 103.9914809530126
0 363 388 125.5586133843594
0 361 389 213.16219252476992
0 362 390 104.68492222079679
0 367 391 108.3040095788134
0 371 392 103.67326897314733
0 369 394 152.85889466137823
0 366 395 145.10338385694826
0 376 397 128.3131176045671
0 375 398 105.75515723888105
0 378 399 105.37254906147912
0 377 401 133.5862923134926
0 382 404 162.12110465503932
0 384 405 105.63812710929588
0 386 406 124.5072113734467
0 383 408 105.81986634082867
0 385 409 129.73961470065387
0 381 410 179.78058628269392
0 389 412 154.06079542537984
0 390 413 109.20405090586382
0 388 414 109.77521398268404
0 391 415 120.97485281233888
0 392 416 125.16390202262768
0 393 417 125.52382722361808
0 394 419 110.72200482585184
0 395 420 145.78416175446898
0 400 421 115.38542375623034
0 398 422 113.33424349032279
0 397 424 128.27090417246262
0 403 425 194.3830430929968
0 404 427 163.48504268028216
0 402 428 120.10985503814156
0 401 430 127.68525825432289
0 405 432 116.6779353508103
0 407 433 109.10614557474176
0 406 434 113.55197678877764

389.0 16.0
130.0 22.0
384.0 28.0
145.0 35.0
264.0 41.0
153.0 42.0
160.0 49.0
271.0 52.0
153.0 54.0
167.0 56.0
274.0 60.0
176.0 63.0
163.0 67.0
184.0 71.0
279.0 72.0
369.0 73.0
271.0 74.0
193.0 80.0
174.0 81.0
283.0 81.0
347.0 82.0
186.0 84.0
272.0 84.0
284.0 86.0
264.0 87.0
354.0 87.0
202.0 88.0
349.0 94.0
211.0 97.0
200.0 98.0
265.0 98.0
309.0 101.0
275.0 102.0
295.0 102.0
208.0 107.0
221.0 108.0
277.0 112.0
229.0 117.0
218.0 118.0
222.0 123.0
277.0 123.0
333.0 125.0
295.0 126.0
210.0 127.0
247.0 133.0
232.0 134.0
277.0 134.0
330.0 134.0
381.0 136.0
313.0 138.0
476.0 138.0
254.0 140.0
295.0 141.0
241.0 144.0
223.0 145.0
271.0 149.0
313.0 149.0
261.0 150.0
200.0 152.0
248.0 153.0
187.0 154.0
299.0 155.0
213.0 156.0
278.0 158.0
348.0 158.0
311.0 159.0
178.0 160.0
223.0 160.0
268.0 160.0
228.0 161.0
257.0 161.0
334.0 164.0
274.0 165.0
285.0 166.0
218.0 168.0
263.0 168.0
276.0 170.0
246.0 172.0
204.0 176.0
317.0 177.0
221.0 178.0
277.0 179.0
414.0 181.0
211.0 182.0
407.0 182.0
230.0 186.0
247.0 186.0
205.0 187.0
279.0 188.0
482.0 189.0
197.0 193.0
204.0 193.0
381.0 193.0
140.0 194.0
269.0 194.0
325.0 194.0
414.0 194.0
221.0 196.0
124.0 197.0
294.0 198.0
240.0 199.0
373.0 199.0
353.0 200.0
159.0 202.0
197.0 204.0
203.0 205.0
228.0 205.0
307.0 205.0
363.0 206.0
403.0 206.0
212.0 207.0
286.0 208.0
320.0 208.0
382.0 209.0
496.0 209.0
556.0 209.0
233.0 211.0
88.0 212.0
238.0 212.0
81.0 213.0
206.0 213.0
306.0 214.0
497.0 214.0
100.0 215.0
319.0 215.0
331.0 215.0
397.0 215.0
367.0 216.0
217.0 217.0
381.0 219.0
200.0 220.0
266.0 220.0
231.0 221.0
246.0 221.0
362.0 221.0
391.0 222.0
289.0 223.0
301.0 226.0
533.0 227.0
194.0 228.0
219.0 228.0
346.0 229.0
313.0 230.0
384.0 230.0
243.0 231.0
318.0 231.0
233.0 232.0
323.0 232.0
203.0 233.0
371.0 234.0
543.0 234.0
291.0 235.0
185.0 238.0
262.0 238.0
197.0 239.0
384.0 239.0
363.0 242.0
332.0 243.0
371.0 243.0
228.0 244.0
191.0 245.0
289.0 245.0
266.0 246.0
261.0 247.0
350.0 247.0
333.0 248.0
383.0 248.0
272.0 250.0
372.0 250.0
37.0 251.0
173.0 251.0
307.0 251.0
324.0 252.0
356.0 253.0
262.0 255.0
267.0 255.0
334.0 255.0
372.0 255.0
35.0 256.0
311.0 257.0
183.0 259.0
218.0 259.0
233.0 259.0
244.0 260.0
260.0 260.0
334.0 260.0
365.0 262.0
161.0 263.0
378.0 263.0
30.0 265.0
336.0 265.0
289.0 266.0
260.0 267.0
355.0 267.0
318.0 269.0
245.0 270.0
338.0 271.0
27.0 272.0
237.0 272.0
311.0 272.0
226.0 273.0
261.0 274.0
543.0 274.0
273.0 275.0
376.0 275.0
285.0 276.0
584.0 279.0
235.0 280.0
324.0 280.0
228.0 281.0
300.0 281.0
312.0 281.0
340.0 282.0
369.0 284.0
239.0 285.0
275.0 286.0
254.0 288.0
351.0 289.0
20.0 290.0
327.0 290.0
231.0 291.0
342.0 291.0
371.0 291.0
312.0 292.0
299.0 293.0
260.0 295.0
245.0 296.0
276.0 298.0
294.0 298.0
163.0 300.0
331.0 300.0
256.0 301.0
358.0 302.0
268.0 303.0
311.0 305.0
370.0 306.0
250.0 308.0
268.0 308.0
241.0 310.0
278.0 310.0
346.0 311.0
147.0 312.0
262.0 312.0
335.0 312.0
299.0 314.0
312.0 317.0
110.0 318.0
133.0 319.0
279.0 319.0
253.0 320.0
241.0 321.0
294.0 322.0
311.0 322.0
355.0 324.0
375.0 325.0
247.0 328.0
326.0 328.0
273.0 329.0
281.0 330.0
311.0 331.0
345.0 331.0
293.0 332.0
332.0 334.0
259.0 335.0
312.0 336.0
364.0 336.0
283.0 338.0
249.0 339.0
293.0 340.0
350.0 342.0
312.0 346.0
256.0 347.0
285.0 347.0
339.0 348.0
265.0 349.0
364.0 350.0
271.0 352.0
276.0 352.0
325.0 352.0
286.0 355.0
296.0 356.0
312.0 356.0
337.0 359.0
348.0 359.0
263.0 361.0
312.0 362.0
289.0 365.0
275.0 368.0
280.0 370.0
289.0 370.0
334.0 371.0
317.0 373.0
290.0 380.0
306.0 380.0

433.0 34.0
185.0 43.0
429.0 48.0
202.0 57.0
303.0 59.0
211.0 65.0
219.0 72.0
320.0 79.0
213.0 78.0
226.0 79.0
324.0 85.0
235.0 86.0
224.0 90.0
244.0 94.0
329.0 92.0
420.0 90.0
320.0 93.0
253.0 102.0
235.0 104.0
334.0 101.0
407.0 104.0
248.0 108.0
325.0 103.0
339.0 110.0
318.0 109.0
418.0 101.0
263.0 111.0
409.0 119.0
271.0 119.0
262.0 121.0
343.0 118.0
412.0 129.0
333.0 123.0
367.0 125.0
270.0 129.0
282.0 129.0
336.0 137.0
290.0 139.0
280.0 140.0
285.0 144.0
340.0 144.0
404.0 146.0
376.0 150.0
276.0 151.0
307.0 154.0
296.0 156.0
332.0 157.0
400.0 151.0
447.0 153.0
358.0 163.0
501.0 147.0
316.0 162.0
388.0 166.0
305.0 165.0
283.0 161.0
339.0 168.0
399.0 167.0
324.0 171.0
250.0 173.0
313.0 173.0
238.0 175.0
384.0 177.0
268.0 176.0
350.0 182.0
420.0 176.0
358.0 172.0
228.0 181.0
277.0 180.0
338.0 181.0
287.0 185.0
321.0 181.0
397.0 181.0
341.0 189.0
368.0 189.0
273.0 188.0
330.0 190.0
355.0 194.0
317.0 200.0
263.0 200.0
382.0 193.0
276.0 199.0
344.0 196.0
478.0 197.0
271.0 203.0
468.0 196.0
282.0 204.0
335.0 210.0
261.0 206.0
349.0 209.0
505.0 197.0
263.0 216.0
270.0 216.0
434.0 207.0
228.0 221.0
342.0 214.0
386.0 212.0
471.0 208.0
294.0 218.0
211.0 226.0
361.0 217.0
326.0 225.0
425.0 213.0
403.0 214.0
245.0 228.0
267.0 228.0
272.0 228.0
308.0 223.0
372.0 223.0
426.0 221.0
475.0 222.0
282.0 229.0
351.0 226.0
381.0 228.0
447.0 224.0
516.0 218.0
575.0 211.0
322.0 234.0
187.0 240.0
299.0 232.0
179.0 241.0
276.0 236.0
371.0 231.0
516.0 223.0
199.0 242.0
376.0 236.0
393.0 232.0
469.0 231.0
438.0 230.0
305.0 242.0
453.0 238.0
266.0 239.0
346.0 242.0
315.0 246.0
333.0 244.0
425.0 237.0
462.0 237.0
357.0 241.0
366.0 243.0
553.0 233.0
268.0 248.0
293.0 251.0
411.0 246.0
376.0 247.0
462.0 242.0
326.0 254.0
383.0 249.0
318.0 261.0
402.0 253.0
305.0 258.0
444.0 251.0
564.0 236.0
361.0 255.0
279.0 265.0
343.0 257.0
299.0 268.0
452.0 254.0
437.0 259.0
413.0 260.0
446.0 259.0
310.0 268.0
301.0 276.0
374.0 262.0
351.0 270.0
339.0 267.0
427.0 263.0
413.0 266.0
459.0 257.0
359.0 269.0
456.0 265.0
136.0 287.0
282.0 274.0
389.0 271.0
410.0 271.0
436.0 270.0
350.0 278.0
355.0 276.0
418.0 267.0
448.0 271.0
133.0 292.0
401.0 278.0
289.0 289.0
298.0 286.0
311.0 281.0
324.0 281.0
348.0 283.0
426.0 277.0
441.0 277.0
272.0 292.0
451.0 279.0
131.0 297.0
422.0 285.0
375.0 287.0
344.0 288.0
436.0 281.0
407.0 285.0
324.0 292.0
434.0 288.0
128.0 306.0
313.0 293.0
394.0 289.0
297.0 295.0
342.0 293.0
560.0 274.0
355.0 294.0
447.0 291.0
366.0 295.0
601.0 278.0
306.0 300.0
417.0 294.0
295.0 303.0
382.0 299.0
393.0 300.0
428.0 297.0
438.0 297.0
316.0 306.0
355.0 305.0
331.0 308.0
425.0 305.0
119.0 326.0
417.0 307.0
296.0 317.0
422.0 312.0
443.0 306.0
392.0 310.0
380.0 312.0
337.0 314.0
319.0 316.0
356.0 315.0
374.0 317.0
281.0 327.0
406.0 317.0
333.0 320.0
422.0 317.0
347.0 321.0
390.0 322.0
428.0 325.0
322.0 327.0
347.0 326.0
301.0 325.0
356.0 329.0
437.0 327.0
271.0 340.0
337.0 331.0
408.0 328.0
375.0 330.0
389.0 333.0
232.0 353.0
258.0 351.0
356.0 337.0
325.0 339.0
302.0 334.0
371.0 339.0
388.0 339.0
425.0 338.0
433.0 341.0
307.0 343.0
401.0 343.0
341.0 344.0
357.0 348.0
387.0 347.0
414.0 345.0
370.0 347.0
402.0 350.0
329.0 353.0
387.0 352.0
429.0 349.0
358.0 355.0
310.0 355.0
368.0 356.0
418.0 355.0
386.0 361.0
318.0 364.0
358.0 365.0
409.0 361.0
333.0 365.0
428.0 360.0
334.0 370.0
348.0 370.0
394.0 368.0
358.0 372.0
369.0 372.0
384.0 372.0
405.0 372.0
416.0 373.0
331.0 379.0
384.0 377.0
359.0 377.0
336.0 384.0
343.0 386.0
359.0 383.0
402.0 382.0
385.0 388.0
360.0 396.0
376.0 395.0
