0 0 0 144.8230879748577
0 2 1 189.27603778387092
0 4 4 315.98771398630214
0 6 6 151.955423843027
0 8 7 145.1584102845274
0 9 8 170.1035482005726
0 10 11 138.61265857589618
0 12 13 153.55392632435237
0 14 14 114.59573812072377
0 24 15 301.46570245123485
0 15 16 116.0670430916093
0 25 18 335.26310131062064
0 18 20 169.99544543309673
0 28 21 416.7536952041277
0 26 22 402.7449051246931
0 22 23 129.68382582844652
0 27 27 106.29302081294077
0 37 28 300.16471543625977
0 35 29 461.15650333414715
0 32 31 125.44573900474066
0 33 32 194.16487495350495
0 34 34 297.2821194381144
0 36 35 119.09221623807176
0 45 36 328.53940003607096
0 39 38 369.7236441143363
0 41 39 178.98184675694125
0 40 41 120.70460595421386
0 42 42 104.96213572705066
0 43 43 300.8044717217495
0 48 45 470.4475889310662
0 47 46 104.43299502342134
0 46 47 116.68500344027501
0 54 48 345.30495147176697
0 50 52 136.90348970882863
0 56 54 257.9005685207025
0 52 56 232.75733213614984
0 59 57 266.09720662593656
0 60 59 147.3004728532771
0 62 60 141.12511362120344
0 61 62 106.13879475784731
0 58 63 145.94858486413392
0 66 66 238.065311810531
0 67 67 251.33824243319012
0 71 68 246.61010645975813
0 72 70 234.75764946490023
0 69 71 106.54861982669195
0 70 72 113.35678726258269
0 75 75 239.9832870678538
0 76 76 262.9070672230001
0 80 79 109.28115071954494
0 81 80 113.48922901171346
0 83 81 139.6610451676169
0 79 82 162.354016809429
0 82 83 114.07078348764227
0 84 84 132.78317049394434
0 87 86 270.7845444169625
0 89 87 202.12675522845802
0 91 89 121.65571462693718
0 90 90 103.87927794522165
0 92 91 135.29237154224464
0 93 92 203.9076922721657
0 95 93 308.36735035222756
0 98 94 146.08482981210182
0 96 95 103.99886834422321
0 99 96 109.5635746587423
0 105 97 174.31878929122666
0 102 98 104.67054719026181
0 112 99 348.1948301090738
0 97 100 115.91902838483765
0 103 101 121.9162868746239
0 107 103 111.40825943121493
0 111 106 132.68305213118566
0 110 108 163.79530819422902
0 114 109 105.75026441953138
0 113 110 144.25401035516708
0 119 112 103.86699450664155
0 118 113 178.6159333113309
0 116 114 112.10907416951848
0 128 115 136.65395090751488
0 117 116 166.22839687819223
0 124 117 109.07717554541625
0 120 119 124.05167350777045
0 121 120 135.83523221153783
0 126 121 110.07734380628212
0 130 122 169.6756493041537
0 125 123 105.37133795821528
0 138 125 326.306898023843
0 131 126 131.44563421525686
0 136 127 106.23342241409605
0 135 128 112.0375172934029
0 134 129 107.58074431425099
0 137 130 103.82143611224082
0 133 131 168.84683634396205
0 129 132 256.5047432203017
0 132 133 224.50916100533368
0 143 134 109.7135634613873
0 141 135 106.09446921481933
0 147 137 110.53115011922611
0 144 138 109.38906242124946
0 146 139 135.35735026048917
0 142 140 111.63442349550647
0 148 141 128.83085640892816
0 145 142 142.3667434482823
0 149 143 110.09261388273808
0 155 144 188.13621168948114
0 158 146 130.0427220148402
0 154 147 109.6601096730776
0 156 148 129.15760180893759
0 157 149 113.07201321396303
0 159 150 161.10608944753815
0 163 151 148.1974547324305
0 153 152 182.47139900696465
0 165 154 180.00696328396626
0 168 155 151.4855952389874
0 169 156 148.61418634669806
0 164 158 337.89743775653653
0 166 159 104.29141494469214
0 162 161 103.68503885620504
0 172 162 117.8189594578642
0 175 163 116.11763602569548
0 170 164 128.0166623249761
0 178 165 203.32389138278705
0 171 166 178.34094774285262
0 176 167 104.40705744535892
0 173 168 110.64210039620797
0 177 170 331.4323711441628
0 179 171 105.8436326666959
0 184 173 103.59005269212429
0 188 174 105.05893231140828
0 186 176 113.98004257365078
0 180 177 112.18463814417154
0 185 178 111.52051885986644
0 191 180 125.0801339041751
0 190 181 230.33067340548308
0 194 182 131.89443392529273
0 196 184 157.81789120309924
0 197 185 143.3989305690412
0 199 186 306.48598530175934
0 193 187 114.61885706993237
0 198 188 106.6853263430767
0 202 189 176.96523870274982
0 204 190 138.79216221953416
0 201 191 113.96254493284161
0 205 193 106.39717375404439
0 192 194 173.00734495768506
0 200 195 103.78267740519304
0 207 196 160.60392501481383
0 206 197 151.93395662552842
0 214 200 157.44162760471653
0 220 201 151.43216044796696
0 215 202 105.03147303914923
0 212 203 224.5582926186965
0 217 204 124.27102541719736
0 209 205 123.10836059887554
0 210 206 111.89369215685136
0 219 207 138.67566240808839
0 211 208 129.61273277091024
0 226 210 105.90088922904553
0 218 211 297.3976577554876
0 227 212 113.00630832064496
0 232 213 225.69609135240088
0 228 214 171.89296729424157
0 223 215 107.82211514485007
0 224 216 127.06155995385038
0 229 218 121.63332964071178
0 231 220 136.68692814973076
0 230 221 103.51909167470285
0 233 222 184.47068633932824
0 235 224 166.75530283881918
0 237 225 120.68821248793637
0 236 226 139.51261106418804
0 238 228 117.00235689380978
0 239 229 151.70810712369672
0 245 230 144.07061352836303
0 242 232 119.51631315763134
0 246 233 177.08882055846277
0 241 234 104.72726691632263
0 240 235 103.51322841553008
0 243 236 128.07301037090235
0 249 239 131.11092355543053
0 253 240 183.54388405890964
0 248 241 104.37310656265531
0 252 242 128.15334755730353
0 247 243 134.6995212475984
0 250 244 121.56270075121984
0 251 246 120.65828506201053
0 258 247 159.8656981530161
0 257 248 121.70933801912243
0 254 249 114.10158249383117
0 262 251 209.21057102702213
0 255 252 119.3244687615308
0 264 254 139.90146567350718
0 259 255 121.03590161279327
0 261 256 104.85088954306924
0 267 260 245.49561871979128
0 265 261 128.0721011378705
0 272 263 159.5992727610347
0 269 264 104.45715045658088
0 268 265 134.2781854101991
0 266 266 106.64408166020647
0 263 268 191.9976123343803
0 271 269 108.19813630996804
0 274 270 158.04328410413257
0 270 273 183.58021565391553
0 273 274 111.38998194890719
0 282 276 168.7294125763695
0 275 277 197.3220669376238
0 277 278 109.76401008949672
0 283 280 124.4724788934801
0 278 282 123.67833519913674
0 280 285 155.62245071454893
0 285 286 115.33811499922042
0 281 287 156.32936627553923
0 284 288 104.58673343374826
0 290 289 111.0837247455294
0 286 291 110.05819357843603
0 289 292 141.85472088918945
0 287 293 138.6330234368351
0 288 294 208.02133428028918
0 292 295 190.81484635718596
0 295 296 103.50029710378101
0 297 297 113.8017411571108
0 296 298 104.11700920620319
0 298 299 106.51646749289671
0 303 300 103.75650356031063
0 304 301 197.4805864851898
0 302 302 132.99253691353482
0 300 303 156.05626696858675
0 314 304 152.05957083807428
0 305 305 106.12862292024863
0 306 306 104.18912258946598
0 301 307 156.9125705113103
0 307 308 108.22398832483525
0 299 309 103.82340853858413
0 308 310 103.55370993347945
0 312 312 103.49797938789973
0 310 313 114.66521700678496
0 317 314 113.53286628258039
0 316 315 120.97761809479397
0 315 318 165.91710719133656
0 319 319 104.05998025137322
0 320 320 104.00025440278296
0 321 321 217.92892766306284
0 318 322 124.10746708701548
0 322 323 112.12462842528912
0 325 324 124.27066642647881
0 326 325 103.61515072762504
0 323 326 157.44569075744602
0 327 327 103.48914364931072
0 331 328 113.01966855086494
0 324 329 282.43225635502273
0 335 330 135.40739571355599
0 332 332 123.37180652620145
0 330 333 125.11270587922965
0 328 334 306.98063176045827
0 333 335 107.98413901602659
0 334 336 103.46649300159359
0 336 337 119.3574741987138
0 340 338 233.3976025198325
0 337 339 105.51030653943543
0 339 340 109.25780087203233
0 342 341 113.39030553417588
0 341 342 107.8582155567899
0 344 343 155.26672920320698
0 349 344 198.0017856162884
0 348 345 176.18440137560052
0 345 346 175.54697764773846
0 346 347 107.33142156164983
0 343 349 118.91090720121475
0 350 350 109.04024051067378
0 357 351 217.29347283523336
0 351 353 104.87153480518725
0 356 355 116.84340364903025
0 354 356 128.16318629578325
0 353 357 105.37149017184997
0 358 358 105.86509161058504
0 355 359 112.8236779668893
0 360 360 114.02597233126792
0 359 362 181.0180860386433
0 372 363 326.80970957320784
0 363 364 107.36924169697409
0 361 365 107.23687801717685
0 362 366 203.27319301278445
0 365 369 106.8561982612032
0 366 370 185.06398341869237
0 368 371 109.38034747909808
0 376 372 126.80903683212021
0 377 373 132.27540651279858
0 378 374 129.71592138250944
0 369 375 107.50648590191409
0 370 377 103.51267916819498
0 367 378 118.78590011039434
0 373 379 104.19706873204042
0 374 380 109.61348236968531
0 375 381 161.3471859766606
0 380 382 232.0747460016313
0 379 383 113.71874977547327
0 382 384 105.49224795697465
0 381 385 104.43692805379929
0 385 387 104.68287773438145
0 386 388 114.90237259352416
0 384 390 104.24547707396401
0 390 391 105.59124134541536
0 389 392 119.07114489154318
0 388 395 128.70290134351916
0 387 396 201.1192139561056
0 392 397 119.97351277522328
0 391 398 104.42228958031208
0 393 399 104.33782806725446
0 394 400 149.46951344945484
0 396 401 128.40033019207988
0 395 403 257.5208370539732
0 401 404 139.13666549345652
0 399 405 106.39585801570888
0 404 406 139.31079699995317
0 400 407 111.45767044709052
0 403 408 103.6870637761481
0 402 409 131.022170630732
0 405 410 137.96822306338143
0 406 411 121.8920435606055
0 407 412 196.5778990092142
0 408 413 114.56198070245796
0 410 414 197.6014179724403
0 412 415 126.43403415385657
0 411 416 111.69709219801496
0 413 417 113.44930750290112
0 416 418 129.3415714509506
0 414 419 103.52521750999419
0 415 420 104.81888907402886
0 417 421 105.56435998789144
0 418 422 108.53944802090308
0 419 423 120.68533019892647
0 420 425 119.37881690476779
0 421 428 114.34896425449826
0 424 429 122.67888569783109
0 422 430 122.89978818611054
0 425 432 104.03789840321835
0 427 433 104.12311554295997
0 426 434 105.34868288526968

389.0 16.0
130.0 22.0
412.0 29.0
145.0 35.0
264.0 41.0
153.0 42.0
160.0 49.0
271.0 52.0
153.0 54.0
376.0 55.0
167.0 56.0
291.0 57.0
274.0 60.0
309.0 61.0
480.0 62.0
176.0 63.0
163.0 67.0
290.0 67.0
470.0 67.0
184.0 71.0
279.0 72.0
369.0 73.0
271.0 74.0
290.0 74.0
461.0 74.0
449.0 75.0
193.0 80.0
174.0 81.0
283.0 81.0
347.0 82.0
186.0 84.0
272.0 84.0
284.0 86.0
202.0 88.0
338.0 90.0
223.0 91.0
309.0 92.0
349.0 94.0
211.0 97.0
200.0 98.0
265.0 98.0
275.0 102.0
280.0 102.0
295.0 102.0
236.0 105.0
208.0 107.0
221.0 108.0
289.0 110.0
277.0 112.0
229.0 117.0
218.0 118.0
311.0 119.0
207.0 122.0
222.0 123.0
277.0 123.0
333.0 125.0
295.0 126.0
247.0 133.0
232.0 134.0
277.0 134.0
330.0 134.0
381.0 136.0
313.0 138.0
476.0 138.0
254.0 140.0
295.0 141.0
241.0 144.0
223.0 145.0
436.0 146.0
271.0 149.0
261.0 150.0
200.0 152.0
195.0 153.0
248.0 153.0
187.0 154.0
299.0 155.0
362.0 155.0
213.0 156.0
339.0 157.0
278.0 158.0
348.0 158.0
178.0 160.0
223.0 160.0
268.0 160.0
228.0 161.0
257.0 161.0
334.0 164.0
274.0 165.0
285.0 166.0
298.0 166.0
218.0 168.0
263.0 168.0
349.0 168.0
456.0 168.0
309.0 169.0
276.0 170.0
414.0 170.0
246.0 172.0
291.0 173.0
344.0 173.0
508.0 175.0
204.0 176.0
317.0 177.0
221.0 178.0
277.0 179.0
414.0 181.0
211.0 182.0
305.0 182.0
407.0 182.0
198.0 183.0
257.0 184.0
331.0 184.0
319.0 185.0
230.0 186.0
247.0 186.0
422.0 187.0
279.0 188.0
482.0 189.0
197.0 193.0
204.0 193.0
381.0 193.0
140.0 194.0
269.0 194.0
310.0 194.0
325.0 194.0
414.0 194.0
221.0 196.0
294.0 198.0
240.0 199.0
373.0 199.0
279.0 200.0
353.0 200.0
159.0 202.0
411.0 202.0
320.0 203.0
197.0 204.0
203.0 205.0
228.0 205.0
307.0 205.0
363.0 206.0
403.0 206.0
212.0 207.0
286.0 208.0
382.0 209.0
496.0 209.0
556.0 209.0
233.0 211.0
88.0 212.0
81.0 213.0
206.0 213.0
306.0 214.0
497.0 214.0
100.0 215.0
319.0 215.0
331.0 215.0
397.0 215.0
367.0 216.0
381.0 219.0
200.0 220.0
266.0 220.0
231.0 221.0
246.0 221.0
362.0 221.0
391.0 222.0
289.0 223.0
301.0 226.0
533.0 227.0
194.0 228.0
398.0 228.0
346.0 229.0
313.0 230.0
243.0 231.0
318.0 231.0
233.0 232.0
203.0 233.0
337.0 234.0
371.0 234.0
543.0 234.0
279.0 235.0
185.0 238.0
219.0 238.0
262.0 238.0
197.0 239.0
384.0 239.0
395.0 239.0
363.0 242.0
210.0 243.0
332.0 243.0
371.0 243.0
191.0 245.0
289.0 245.0
266.0 246.0
261.0 247.0
350.0 247.0
391.0 249.0
272.0 250.0
37.0 251.0
173.0 251.0
288.0 251.0
307.0 251.0
324.0 252.0
356.0 253.0
196.0 255.0
334.0 255.0
372.0 255.0
35.0 256.0
272.0 256.0
311.0 257.0
183.0 259.0
233.0 259.0
244.0 260.0
260.0 260.0
334.0 260.0
365.0 262.0
161.0 263.0
313.0 264.0
30.0 265.0
336.0 265.0
391.0 265.0
222.0 266.0
289.0 266.0
260.0 267.0
355.0 267.0
318.0 269.0
245.0 270.0
376.0 270.0
338.0 271.0
386.0 271.0
27.0 272.0
237.0 272.0
311.0 272.0
226.0 273.0
261.0 274.0
543.0 274.0
273.0 275.0
285.0 276.0
584.0 279.0
235.0 280.0
324.0 280.0
228.0 281.0
300.0 281.0
312.0 281.0
340.0 282.0
387.0 282.0
369.0 284.0
239.0 285.0
264.0 285.0
231.0 286.0
275.0 286.0
254.0 288.0
351.0 289.0
20.0 290.0
327.0 290.0
231.0 291.0
342.0 291.0
371.0 291.0
312.0 292.0
299.0 293.0
167.0 295.0
260.0 295.0
380.0 295.0
245.0 296.0
276.0 298.0
294.0 298.0
163.0 300.0
331.0 300.0
347.0 300.0
256.0 301.0
234.0 303.0
268.0 303.0
158.0 304.0
311.0 305.0
293.0 307.0
381.0 307.0
250.0 308.0
268.0 308.0
241.0 310.0
278.0 310.0
346.0 311.0
147.0 312.0
262.0 312.0
312.0 312.0
335.0 312.0
299.0 314.0
376.0 314.0
312.0 317.0
337.0 317.0
110.0 318.0
133.0 319.0
279.0 319.0
253.0 320.0
241.0 321.0
294.0 322.0
311.0 322.0
355.0 324.0
375.0 325.0
247.0 328.0
326.0 328.0
273.0 329.0
281.0 330.0
311.0 331.0
293.0 332.0
332.0 334.0
259.0 335.0
364.0 336.0
340.0 337.0
283.0 338.0
249.0 339.0
293.0 340.0
312.0 341.0
350.0 342.0
366.0 345.0
312.0 346.0
256.0 347.0
285.0 347.0
302.0 347.0
339.0 348.0
265.0 349.0
364.0 350.0
312.0 351.0
271.0 352.0
276.0 352.0
325.0 352.0
286.0 355.0
296.0 356.0
312.0 356.0
360.0 358.0
337.0 359.0
348.0 359.0
263.0 361.0
312.0 362.0
301.0 363.0
275.0 368.0
289.0 370.0
329.0 371.0
334.0 371.0
317.0 373.0
290.0 380.0
306.0 380.0

424.0 26.0
168.0 29.0
452.0 41.0
185.0 44.0
294.0 49.0
192.0 51.0
199.0 58.0
303.0 59.0
192.0 63.0
410.0 72.0
206.0 65.0
372.0 75.0
308.0 69.0
386.0 77.0
535.0 75.0
215.0 72.0
203.0 77.0
366.0 84.0
524.0 82.0
224.0 81.0
314.0 82.0
413.0 82.0
306.0 83.0
361.0 92.0
515.0 87.0
501.0 89.0
233.0 89.0
213.0 90.0
318.0 91.0
401.0 95.0
226.0 94.0
309.0 93.0
322.0 101.0
242.0 98.0
375.0 105.0
271.0 100.0
363.0 107.0
389.0 107.0
251.0 108.0
240.0 108.0
303.0 107.0
314.0 114.0
341.0 116.0
361.0 118.0
285.0 119.0
249.0 117.0
260.0 117.0
354.0 124.0
341.0 125.0
270.0 127.0
257.0 128.0
369.0 133.0
244.0 127.0
262.0 132.0
319.0 135.0
368.0 138.0
355.0 140.0
286.0 144.0
272.0 144.0
334.0 144.0
367.0 144.0
419.0 146.0
366.0 151.0
499.0 147.0
294.0 152.0
345.0 157.0
281.0 155.0
269.0 162.0
456.0 150.0
311.0 155.0
303.0 159.0
233.0 162.0
225.0 162.0
289.0 163.0
220.0 163.0
351.0 168.0
407.0 167.0
248.0 166.0
377.0 172.0
330.0 167.0
393.0 169.0
210.0 169.0
259.0 169.0
312.0 171.0
268.0 175.0
298.0 171.0
383.0 180.0
317.0 176.0
335.0 179.0
349.0 178.0
254.0 178.0
306.0 180.0
396.0 177.0
468.0 173.0
358.0 176.0
323.0 182.0
457.0 181.0
288.0 186.0
341.0 184.0
386.0 185.0
535.0 181.0
241.0 187.0
363.0 184.0
257.0 188.0
310.0 192.0
456.0 193.0
248.0 192.0
350.0 192.0
448.0 192.0
237.0 194.0
305.0 197.0
376.0 191.0
368.0 199.0
276.0 201.0
300.0 201.0
464.0 197.0
322.0 200.0
504.0 195.0
237.0 204.0
245.0 205.0
416.0 202.0
191.0 207.0
312.0 203.0
353.0 205.0
366.0 204.0
460.0 205.0
274.0 208.0
336.0 209.0
290.0 212.0
409.0 209.0
318.0 208.0
385.0 209.0
210.0 214.0
456.0 213.0
360.0 215.0
239.0 216.0
244.0 216.0
269.0 217.0
348.0 215.0
399.0 216.0
449.0 218.0
261.0 220.0
326.0 218.0
423.0 220.0
514.0 214.0
574.0 217.0
283.0 223.0
147.0 223.0
137.0 225.0
253.0 231.0
346.0 225.0
516.0 224.0
158.0 226.0
356.0 224.0
368.0 224.0
440.0 227.0
415.0 224.0
425.0 233.0
239.0 227.0
311.0 234.0
272.0 237.0
290.0 235.0
401.0 232.0
436.0 232.0
330.0 235.0
341.0 236.0
553.0 235.0
241.0 238.0
439.0 239.0
387.0 240.0
351.0 240.0
287.0 243.0
360.0 243.0
282.0 248.0
261.0 246.0
374.0 248.0
416.0 245.0
564.0 243.0
329.0 247.0
244.0 250.0
270.0 254.0
310.0 249.0
254.0 254.0
424.0 248.0
436.0 251.0
409.0 253.0
265.0 256.0
380.0 255.0
417.0 254.0
259.0 259.0
338.0 255.0
315.0 260.0
306.0 258.0
397.0 258.0
433.0 263.0
325.0 262.0
91.0 266.0
233.0 265.0
330.0 264.0
356.0 263.0
371.0 259.0
404.0 265.0
257.0 268.0
385.0 265.0
419.0 266.0
88.0 272.0
321.0 268.0
361.0 269.0
243.0 273.0
277.0 270.0
290.0 271.0
309.0 274.0
388.0 271.0
412.0 273.0
223.0 277.0
366.0 274.0
86.0 277.0
390.0 276.0
429.0 276.0
262.0 277.0
338.0 279.0
309.0 280.0
403.0 279.0
371.0 280.0
291.0 283.0
415.0 283.0
393.0 282.0
425.0 281.0
80.0 290.0
281.0 284.0
360.0 284.0
265.0 282.0
308.0 285.0
564.0 280.0
320.0 286.0
332.0 288.0
608.0 286.0
276.0 291.0
377.0 290.0
267.0 290.0
348.0 293.0
360.0 293.0
387.0 293.0
425.0 291.0
413.0 294.0
285.0 297.0
310.0 297.0
268.0 295.0
321.0 297.0
298.0 300.0
397.0 295.0
73.0 305.0
375.0 302.0
270.0 300.0
383.0 298.0
412.0 302.0
358.0 304.0
347.0 305.0
234.0 308.0
303.0 306.0
417.0 306.0
289.0 309.0
322.0 308.0
341.0 311.0
228.0 314.0
389.0 312.0
403.0 311.0
301.0 312.0
271.0 310.0
314.0 314.0
224.0 320.0
357.0 316.0
338.0 319.0
417.0 318.0
291.0 318.0
313.0 320.0
277.0 319.0
323.0 321.0
405.0 320.0
204.0 333.0
305.0 323.0
357.0 322.0
393.0 322.0
343.0 325.0
411.0 326.0
356.0 329.0
399.0 334.0
175.0 335.0
199.0 336.0
323.0 330.0
295.0 331.0
277.0 329.0
338.0 333.0
355.0 334.0
389.0 334.0
409.0 337.0
283.0 337.0
369.0 340.0
316.0 340.0
325.0 342.0
355.0 342.0
337.0 341.0
372.0 346.0
299.0 346.0
397.0 344.0
384.0 342.0
326.0 349.0
284.0 348.0
337.0 350.0
355.0 351.0
390.0 352.0
409.0 351.0
354.0 357.0
292.0 357.0
327.0 359.0
345.0 357.0
380.0 358.0
303.0 358.0
402.0 360.0
354.0 362.0
304.0 363.0
316.0 363.0
363.0 364.0
327.0 367.0
337.0 366.0
353.0 368.0
393.0 371.0
376.0 369.0
387.0 369.0
301.0 372.0
353.0 373.0
340.0 375.0
314.0 379.0
329.0 379.0
368.0 382.0
374.0 380.0
355.0 384.0
330.0 391.0
345.0 390.0
