0 2 0 268.0318643399515
0 3 2 195.77947045818365
0 11 6 210.13710276808263
0 13 9 199.54323420724302
0 16 10 195.4105152029683
0 17 12 312.90198164351904
0 18 14 240.84318865558058
0 20 15 140.557701180202
0 25 18 284.9563836533241
0 27 22 168.57403295998407
0 35 27 232.5371357107756
0 37 32 203.29984468852822
0 34 33 296.1697118689053
0 38 36 225.1141926250658
0 42 40 234.42107110480669
0 45 42 145.8551485848138
0 52 46 436.42730695991406
0 51 47 188.66535793497027
0 40 48 453.7628333347082
0 49 50 293.5440645925101
0 46 56 287.8570811509914
0 60 61 153.35182818308348
0 62 62 295.01099001579047
0 77 66 293.89478537478414
0 75 70 303.7267005407703
0 63 71 494.200276376849
0 69 74 491.91128324021605
0 82 80 423.8850075442829
0 91 81 238.97200486911476
0 88 82 292.86051495272216
0 85 84 139.99970460000378
0 103 90 245.19321815718848
0 100 91 357.74889984087343
0 105 94 372.1163626620627
0 109 99 241.69209080487028
0 111 102 176.94946716504805
0 115 106 337.9838196132042
0 123 107 283.8565416949217
0 113 109 395.58162447156155
0 121 110 322.95221920198316
0 119 111 311.97130057184086
0 117 114 175.03402410215753
0 118 116 413.81623276067955
0 134 120 431.0540693291327
0 126 121 489.1736266296315
0 133 122 261.62810208619874
0 128 125 292.9405671977139
0 129 126 292.5605871364456
0 135 127 353.02736479207067
0 124 128 151.65297992867872
0 132 130 377.02299491552486
0 143 134 206.8183598641207
0 144 137 328.8210153455345
0 141 139 258.6085184953115
0 145 145 486.5300734469126
0 156 147 439.61916845389857
0 150 148 426.8218880462408
0 159 149 238.27700264541303
0 166 154 481.3986521039974
0 168 160 464.5819591554171
0 155 165 483.5885108781514
0 183 169 412.2756397122954
0 178 171 404.8335690227281
0 164 173 499.40952437935164
0 173 176 368.2285028500743
0 186 183 491.4072498697687
0 167 185 452.8156487532346
0 206 188 458.7815878281838
0 203 199 396.43812831722016
0 196 201 387.5543009669098
0 215 204 353.0633963390215
0 211 208 332.07749734323613
0 197 210 359.50612204665356
0 225 220 293.68323965010535
0 218 221 411.8767856888591
0 207 226 455.4449360398165
0 226 228 324.3840176271451
0 220 231 274.2479549158317
0 227 234 300.4436397856611
0 237 238 245.8127213075363
0 229 239 392.32165986615354
0 223 241 464.4180544657898
0 248 242 384.0135063344132
0 246 243 415.4216074519392
0 253 245 242.89261590328954
0 238 248 471.83999832381824
0 241 249 270.1809546539226
0 233 251 431.33699957778265
0 230 254 355.8267281668956
0 254 256 328.64890447041574
0 242 257 349.67933794175184
0 264 258 236.27452388698066
0 251 259 259.0314537673329
0 255 263 280.1030242289252
0 262 264 391.35270251955865
0 268 268 325.10267236885704
0 272 269 496.6898550471493
0 270 274 200.4008443077373
0 290 275 487.1698798330252
0 281 278 137.1396696870465
0 263 279 413.6008256132394
0 287 280 107.95031582637293
0 280 283 332.289280664467
0 285 285 171.32270309576762
0 289 286 310.8487254152756
0 294 290 250.8297555880366
0 306 291 459.81840599754224
0 292 292 185.63041887628046
0 291 293 418.7277225406115
0 295 294 192.19719450925908
0 307 297 198.2925103671715
0 301 303 220.1967872708812
0 302 306 366.09678036679907
0 309 311 218.89208655996146
0 308 312 450.5511506738106
0 312 315 213.30097604568198
0 323 317 262.0775797133914
0 319 319 272.0908992790908
0 315 320 277.00926962758035
0 325 325 179.1170009600044
0 327 326 326.42920870488734
0 326 327 142.30945499581864
0 329 330 201.46926447433015
0 333 331 144.1909425498839
0 321 332 479.576759020998
0 330 334 252.88072230980814
0 334 337 153.4283295814278
0 340 341 175.52697694690985
0 343 342 193.477927689752
0 349 343 165.16263983933052
0 341 344 423.64294659483403
0 351 346 188.6438685291612
0 345 347 432.0311000704871
0 348 350 311.08538699056066
0 346 351 324.49742181926456
0 353 353 154.8675146100854
0 358 355 151.79311164725027
0 342 356 459.1523279198145
0 365 358 198.36448653380583
0 357 360 206.73504965452696
0 352 361 208.48857052584685
0 363 363 162.56784312448718
0 361 364 372.5886482847974
0 360 365 364.3392930861988
0 371 367 157.86780244957765
0 367 368 278.76005958280405
0 372 369 148.57529576305055
0 375 370 144.64959029697144
0 373 373 238.70073463875548
0 380 379 189.2001561216689
0 377 381 149.26915817887388
0 374 382 218.7391182698854
0 381 383 203.36267126648028
0 386 384 312.16938836836516
0 383 385 198.13004116781494
0 376 386 398.68341351494894
0 382 387 495.45934938611396
0 390 389 173.796232885404
0 392 391 199.73142499042845
0 389 394 266.8082246548172
0 396 397 209.43875393472825
0 398 399 276.41949021468326
0 397 401 439.9471136725632
0 395 403 486.651194991476
0 403 407 319.6714801911793
0 399 411 319.2759948153763
0 407 412 254.29789666956196
0 388 416 463.3505597343274
0 406 418 435.8674236551742
0 411 419 384.5387038941119
0 413 421 402.3352988803547
0 408 423 184.21375327862663
0 410 424 476.9318697225504
0 415 427 410.239346403263

0 424.0 26.0
0 168.0 29.0
0 185.0 44.0
0 192.0 51.0
0 199.0 58.0
0 303.0 59.0
0 192.0 63.0
0 206.0 65.0
0 308.0 69.0
0 215.0 72.0
0 203.0 77.0
0 224.0 81.0
0 314.0 82.0
0 306.0 83.0
0 233.0 89.0
0 213.0 90.0
0 309.0 93.0
0 226.0 94.0
0 401.0 95.0
0 242.0 98.0
0 375.0 105.0
0 240.0 108.0
0 251.0 108.0
0 314.0 114.0
0 260.0 117.0
0 361.0 118.0
0 375.0 123.0
0 270.0 127.0
0 257.0 128.0
0 262.0 132.0
0 319.0 135.0
0 272.0 144.0
0 286.0 144.0
0 382.0 146.0
0 294.0 152.0
0 281.0 155.0
0 332.0 158.0
0 303.0 159.0
0 404.0 161.0
0 225.0 162.0
0 233.0 162.0
0 289.0 163.0
0 248.0 166.0
0 210.0 169.0
0 259.0 169.0
0 276.0 169.0
0 298.0 171.0
0 312.0 171.0
0 245.0 172.0
0 377.0 172.0
0 268.0 175.0
0 254.0 178.0
0 306.0 180.0
0 275.0 181.0
0 363.0 184.0
0 288.0 186.0
0 241.0 187.0
0 257.0 188.0
0 248.0 192.0
0 263.0 194.0
0 368.0 199.0
0 300.0 201.0
0 312.0 203.0
0 366.0 204.0
0 353.0 205.0
0 308.0 209.0
0 385.0 209.0
0 290.0 212.0
0 269.0 217.0
0 326.0 218.0
0 261.0 220.0
0 331.0 224.0
0 368.0 224.0
0 253.0 231.0
0 304.0 231.0
0 425.0 233.0
0 290.0 235.0
0 341.0 236.0
0 253.0 239.0
0 287.0 243.0
0 360.0 243.0
0 416.0 245.0
0 261.0 246.0
0 329.0 247.0
0 282.0 248.0
0 310.0 249.0
0 244.0 250.0
0 409.0 253.0
0 417.0 254.0
0 343.0 255.0
0 380.0 255.0
0 265.0 256.0
0 306.0 258.0
0 371.0 259.0
0 315.0 260.0
0 330.0 264.0
0 233.0 265.0
0 257.0 268.0
0 321.0 268.0
0 277.0 270.0
0 377.0 270.0
0 290.0 271.0
0 243.0 273.0
0 309.0 274.0
0 366.0 274.0
0 223.0 277.0
0 232.0 277.0
0 262.0 277.0
0 357.0 277.0
0 279.0 278.0
0 309.0 280.0
0 291.0 283.0
0 360.0 284.0
0 246.0 287.0
0 332.0 288.0
0 267.0 290.0
0 276.0 291.0
0 348.0 293.0
0 360.0 293.0
0 285.0 297.0
0 310.0 297.0
0 321.0 297.0
0 270.0 300.0
0 298.0 300.0
0 375.0 302.0
0 358.0 304.0
0 303.0 306.0
0 322.0 308.0
0 289.0 309.0
0 271.0 310.0
0 341.0 311.0
0 301.0 312.0
0 374.0 312.0
0 314.0 314.0
0 357.0 316.0
0 291.0 318.0
0 277.0 319.0
0 338.0 319.0
0 313.0 320.0
0 323.0 321.0
0 357.0 322.0
0 305.0 323.0
0 377.0 324.0
0 343.0 325.0
0 277.0 329.0
0 356.0 329.0
0 323.0 330.0
0 295.0 331.0
0 338.0 333.0
0 283.0 337.0
0 316.0 340.0
0 369.0 340.0
0 298.0 341.0
0 337.0 341.0
0 325.0 342.0
0 355.0 342.0
0 384.0 342.0
0 299.0 346.0
0 284.0 348.0
0 355.0 351.0
0 326.0 354.0
0 292.0 357.0
0 354.0 357.0
0 380.0 358.0
0 304.0 363.0
0 337.0 366.0
0 327.0 367.0
0 393.0 371.0
0 353.0 373.0
0 340.0 375.0
0 329.0 379.0
0 270.0 381.0
0 368.0 382.0
0 330.0 391.0
1 397.0 31.0
1 150.0 47.0
1 177.0 67.0
1 189.0 76.0
1 199.0 84.0
1 295.0 88.0
1 194.0 89.0
1 209.0 92.0
1 303.0 97.0
1 220.0 100.0
1 211.0 109.0
1 233.0 110.0
1 314.0 108.0
1 307.0 112.0
1 244.0 119.0
1 223.0 121.0
1 333.0 130.0
1 243.0 130.0
1 416.0 115.0
1 255.0 128.0
1 397.0 125.0
1 249.0 138.0
1 267.0 139.0
1 334.0 152.0
1 279.0 149.0
1 389.0 140.0
1 394.0 145.0
1 289.0 158.0
1 275.0 166.0
1 283.0 163.0
1 340.0 160.0
1 301.0 179.0
1 308.0 176.0
1 397.0 180.0
1 317.0 183.0
1 313.0 189.0
1 368.0 192.0
1 342.0 200.0
1 437.0 190.0
1 214.0 200.0
1 219.0 199.0
1 321.0 197.0
1 237.0 198.0
1 197.0 209.0
1 262.0 203.0
1 313.0 208.0
1 331.0 204.0
1 349.0 206.0
1 261.0 209.0
1 398.0 202.0
1 275.0 208.0
1 261.0 215.0
1 338.0 215.0
1 285.0 213.0
1 404.0 215.0
1 304.0 224.0
1 259.0 220.0
1 282.0 226.0
1 263.0 231.0
1 290.0 232.0
1 414.0 223.0
1 389.0 242.0
1 341.0 236.0
1 407.0 228.0
1 400.0 234.0
1 336.0 244.0
1 426.0 231.0
1 391.0 258.0
1 311.0 257.0
1 348.0 251.0
1 300.0 262.0
1 350.0 260.0
1 400.0 251.0
1 273.0 271.0
1 331.0 264.0
1 455.0 258.0
1 325.0 271.0
1 360.0 266.0
1 285.0 272.0
1 312.0 278.0
1 425.0 272.0
1 456.0 268.0
1 294.0 285.0
1 402.0 283.0
1 311.0 289.0
1 329.0 278.0
1 276.0 282.0
1 457.0 273.0
1 466.0 272.0
1 416.0 289.0
1 453.0 282.0
1 293.0 296.0
1 328.0 288.0
1 447.0 289.0
1 340.0 292.0
1 354.0 297.0
1 259.0 300.0
1 282.0 298.0
1 410.0 309.0
1 296.0 304.0
1 458.0 294.0
1 318.0 308.0
1 270.0 304.0
1 348.0 307.0
1 375.0 309.0
1 249.0 313.0
1 255.0 320.0
1 286.0 310.0
1 429.0 309.0
1 309.0 313.0
1 348.0 320.0
1 327.0 317.0
1 428.0 317.0
1 260.0 321.0
1 375.0 320.0
1 287.0 324.0
1 300.0 330.0
1 426.0 326.0
1 436.0 324.0
1 314.0 331.0
1 358.0 332.0
1 350.0 332.0
1 293.0 335.0
1 326.0 337.0
1 378.0 329.0
1 429.0 335.0
1 334.0 338.0
1 351.0 342.0
1 315.0 345.0
1 296.0 348.0
1 378.0 342.0
1 334.0 349.0
1 415.0 345.0
1 351.0 347.0
1 429.0 345.0
1 315.0 350.0
1 301.0 354.0
1 369.0 344.0
1 342.0 358.0
1 352.0 353.0
1 401.0 349.0
1 330.0 357.0
1 414.0 355.0
1 371.0 355.0
1 301.0 363.0
1 403.0 359.0
1 352.0 363.0
1 319.0 365.0
1 372.0 364.0
1 307.0 371.0
1 343.0 369.0
1 412.0 364.0
1 331.0 372.0
1 367.0 375.0
1 354.0 373.0
1 403.0 367.0
1 431.0 372.0
1 323.0 379.0
1 312.0 382.0
1 404.0 378.0
1 355.0 385.0
1 316.0 387.0
1 406.0 386.0
1 415.0 382.0
1 328.0 395.0
1 366.0 389.0
1 356.0 398.0
1 430.0 377.0
1 407.0 396.0
1 368.0 403.0
1 386.0 408.0
1 285.0 401.0
1 412.0 401.0
1 356.0 412.0
