0 1 0 208.8786410426243
0 10 6 285.0816712704178
0 7 8 152.95527540301697
0 12 9 239.91887165649644
0 13 12 183.1603192758661
0 16 14 287.5558003099194
0 20 15 180.44153778048903
0 21 18 231.8092111921634
0 25 22 158.63341582126932
0 30 27 134.21846888594825
0 50 28 478.63415427386667
0 48 30 268.2864604313349
0 35 32 133.6352812991632
0 27 33 149.108515509059
0 29 34 354.30737569466226
0 28 36 192.64192418523515
0 44 40 143.1488170515631
0 51 42 169.06614152740832
0 36 43 138.61246389012933
0 40 46 161.4069012996566
0 55 47 152.64714788158292
0 39 48 309.3505565822855
0 56 50 175.22866539871137
0 45 52 335.92768066917967
0 49 54 149.0099320320245
0 57 56 282.91793453511343
0 62 58 181.52148687088663
0 66 61 189.23272121766988
0 63 62 186.43161569245726
0 58 63 145.6985398201653
0 65 64 191.9952393758547
0 68 66 329.7629813633343
0 67 67 125.93905850111855
0 71 68 330.87654531231556
0 72 70 154.2880906062321
0 69 71 315.49330100150013
0 74 76 123.90808010310155
0 83 79 237.01972407625732
0 79 80 146.75530361782987
0 80 81 164.49096012383382
0 86 82 164.66297719824502
0 81 84 126.12278429094303
0 87 85 155.09742760865072
0 96 90 111.84035240223345
0 94 91 143.66565253397448
0 93 92 148.74677776354292
0 98 98 343.889239451297
0 97 99 133.73033975295
0 103 102 108.88344280379725
0 99 104 122.31078305450644
0 100 106 238.76765766706208
0 104 107 126.52534150731168
0 112 111 246.15357528806618
0 111 112 196.8118001566544
0 107 114 112.03719557621383
0 106 115 175.7552812331143
0 119 121 294.8149816869835
0 115 122 171.9016502018079
0 117 125 129.31708631551945
0 120 126 143.62886580286707
0 101 128 281.54601796739547
0 123 130 189.09442889247228
0 128 131 172.20520412884812
0 118 132 187.95250801395335
0 129 134 113.68296487751846
0 134 137 152.6213750502151
0 130 139 164.26820421632289
0 140 143 256.52835383912975
0 126 145 301.8926755395495
0 141 147 218.7529793414938
0 149 149 155.41739412934263
0 156 150 168.35473472403905
0 132 151 213.40585418005577
0 152 152 229.54922896696925
0 155 154 187.11552698713862
0 146 156 187.58435009629548
0 121 157 156.10663871292445
0 124 158 308.5417630828106
0 158 160 230.8498659286868
0 161 163 361.43985945024235
0 143 165 226.5884181139286
0 142 167 241.19473021386221
0 151 171 449.3093601206856
0 153 173 275.07188429192854
0 138 174 236.28297595823153
0 182 175 490.23984683745016
0 167 176 230.14754041127935
0 180 179 245.14504861815266
0 154 181 227.59795542965801
0 173 183 246.35493875676278
0 185 187 484.543612984689
0 183 188 148.69620622605166
0 165 189 376.5321825725545
0 175 193 111.24242872307907
0 174 194 222.17623167370962
0 196 196 323.3656579183476
0 169 198 183.45988844487678
0 199 199 188.27147865777192
0 168 202 394.5034063897113
0 207 207 133.49077992955324
0 184 209 117.28136119286128
0 181 210 161.19098979236156
0 170 211 188.94212355058863
0 186 215 109.55249976557882
0 217 218 423.9064547498572
0 176 219 486.03897314906084
0 222 220 266.54907751645294
0 198 221 204.19423457205963
0 189 222 116.52214388816687
0 190 223 107.37605847449368
0 187 226 134.98493919922788
0 236 228 454.7062863412077
0 205 229 172.38940330010948
0 231 232 184.70200080432463
0 247 234 225.33618000659735
0 216 236 135.0454485633344
0 204 237 109.65169548475072
0 233 238 317.77326335226684
0 220 239 208.96880261869651
0 160 240 383.85939720413387
0 213 241 161.95596499394446
0 234 243 122.78509934875042
0 206 244 179.15492969778552
0 239 245 312.72018697731136
0 228 246 183.81522168091087
0 201 247 342.7153298329578
0 241 248 192.06893831789523
0 263 249 289.2044042210854
0 229 251 123.61353587999334
0 270 252 183.95797869220138
0 224 254 120.4352612274447
0 237 257 174.92055068455016
0 264 258 285.62812095821494
0 255 259 158.1485219567406
0 238 261 175.8230997369552
0 274 262 159.29483911115062
0 242 263 107.5799234093644
0 256 264 177.2429041684666
0 253 266 126.93372264116798
0 257 268 183.53478834861733
0 243 271 131.2190678709122
0 326 272 422.2086915184507
0 244 273 328.08225319226847
0 268 275 120.84028328279719
0 259 277 156.83940280078644
0 273 278 151.92853573638797
0 252 279 136.19174563797506
0 251 281 194.68469017311594
0 260 286 136.3493261006895
0 258 287 250.7348025274018
0 280 292 297.86758529738705
0 267 293 119.71640343359094
0 279 295 106.57804948608532
0 282 297 137.94933475679886
0 269 298 112.12901976224303
0 210 299 376.5573245988062
0 286 301 331.1543720666978
0 297 305 308.17535883451444
0 276 306 144.69476326751186
0 289 307 130.38689834102934
0 290 308 124.83089415105928
0 287 312 115.31551346566391
0 277 313 175.13279889132355
0 281 316 129.82835592151525
0 300 317 271.67059639648016
0 291 319 106.27274783632876
0 292 320 112.19881773113063
0 284 321 194.77652244620467
0 303 323 250.97201975498496
0 293 324 355.7956761955356
0 310 325 172.5006441572521
0 307 327 109.94745238708134
0 295 328 162.00116026755677
0 298 332 108.89528046258707
0 306 334 108.28139686044142
0 384 335 193.06505266038423
0 317 337 114.59885350709165
0 305 338 134.7383245488589
0 316 341 106.91439916468029
0 321 342 109.05262974525097
0 319 343 208.67703176695937
0 315 344 115.69058431991783
0 301 345 161.50228595422777
0 309 347 104.63890468919956
0 308 348 116.0622816899148
0 324 350 113.37824433511412
0 318 351 119.67799138161209
0 335 353 106.23890496245876
0 327 355 468.96084246946623
0 330 360 111.87432254958412
0 312 362 161.25849402826452
0 336 363 113.26288086237734
0 322 364 105.21649345918928
0 329 365 128.63320488068442
0 339 367 359.4887898237934
0 331 368 149.75786169557065
0 346 369 106.66640218164538
0 350 370 106.26174939790323
0 342 373 115.58675246950945
0 340 374 123.92556141390176
0 323 376 234.15004502344402
0 362 379 209.98394007130253
0 364 381 130.7131006311187
0 343 382 114.11778773915826
0 351 383 283.06555185345906
0 352 384 110.4185253798093
0 360 385 126.63833261348354
0 348 386 111.04696941055118
0 341 387 108.68539077780346
0 334 388 269.8984350693246
0 369 389 149.4826844844905
0 368 391 132.27850396727905
0 365 392 143.01768632977542
0 366 393 107.91634722179609
0 373 398 191.87113635152417
0 380 399 217.90233550059614
0 367 401 123.47974195075462
0 361 403 107.60680593220981
0 374 404 170.98230141436426
0 357 405 145.40564550062552
0 381 407 117.61935104707358
0 377 408 110.82510963300696
0 382 412 142.34203033610086
0 375 414 133.589291909428
0 370 416 185.17777864360485
0 378 418 167.89144687300325
0 385 419 171.823957934448
0 388 420 128.20884605958696
0 386 421 109.07935982026356
0 383 422 156.81294252328658
0 389 425 135.5133220876844
0 391 426 228.12067465035693
0 392 427 152.87966282891438

0 424.0 26.0
0 185.0 44.0
0 294.0 49.0
0 192.0 51.0
0 303.0 59.0
0 192.0 63.0
0 206.0 65.0
0 308.0 69.0
0 215.0 72.0
0 203.0 77.0
0 386.0 77.0
0 400.0 78.0
0 224.0 81.0
0 314.0 82.0
0 413.0 82.0
0 306.0 83.0
0 233.0 89.0
0 213.0 90.0
0 318.0 91.0
0 309.0 93.0
0 226.0 94.0
0 401.0 95.0
0 242.0 98.0
0 271.0 100.0
0 322.0 101.0
0 375.0 105.0
0 303.0 107.0
0 240.0 108.0
0 251.0 108.0
0 325.0 108.0
0 349.0 109.0
0 314.0 114.0
0 341.0 116.0
0 381.0 116.0
0 260.0 117.0
0 361.0 118.0
0 341.0 125.0
0 244.0 127.0
0 270.0 127.0
0 257.0 128.0
0 262.0 132.0
0 319.0 135.0
0 278.0 136.0
0 272.0 144.0
0 286.0 144.0
0 334.0 144.0
0 366.0 151.0
0 294.0 152.0
0 281.0 155.0
0 323.0 155.0
0 332.0 158.0
0 303.0 159.0
0 233.0 162.0
0 269.0 162.0
0 289.0 163.0
0 325.0 165.0
0 259.0 169.0
0 276.0 169.0
0 298.0 171.0
0 312.0 171.0
0 377.0 172.0
0 268.0 175.0
0 317.0 176.0
0 358.0 176.0
0 254.0 178.0
0 306.0 180.0
0 275.0 181.0
0 323.0 182.0
0 363.0 184.0
0 288.0 186.0
0 257.0 188.0
0 269.0 188.0
0 371.0 189.0
0 297.0 190.0
0 248.0 192.0
0 350.0 192.0
0 448.0 192.0
0 456.0 193.0
0 263.0 194.0
0 305.0 197.0
0 368.0 199.0
0 431.0 200.0
0 312.0 203.0
0 366.0 204.0
0 448.0 204.0
0 245.0 205.0
0 353.0 205.0
0 274.0 208.0
0 420.0 208.0
0 308.0 209.0
0 240.0 210.0
0 290.0 212.0
0 435.0 212.0
0 348.0 215.0
0 360.0 215.0
0 239.0 216.0
0 399.0 216.0
0 269.0 217.0
0 449.0 218.0
0 283.0 223.0
0 356.0 224.0
0 368.0 224.0
0 415.0 224.0
0 346.0 225.0
0 239.0 227.0
0 440.0 227.0
0 253.0 231.0
0 304.0 231.0
0 377.0 232.0
0 401.0 232.0
0 425.0 233.0
0 290.0 235.0
0 330.0 235.0
0 272.0 237.0
0 253.0 239.0
0 351.0 240.0
0 387.0 240.0
0 287.0 243.0
0 360.0 243.0
0 564.0 243.0
0 416.0 245.0
0 329.0 247.0
0 399.0 247.0
0 282.0 248.0
0 374.0 248.0
0 424.0 248.0
0 310.0 249.0
0 244.0 250.0
0 409.0 253.0
0 254.0 254.0
0 417.0 254.0
0 380.0 255.0
0 265.0 256.0
0 306.0 258.0
0 397.0 258.0
0 259.0 259.0
0 371.0 259.0
0 315.0 260.0
0 356.0 263.0
0 330.0 264.0
0 404.0 265.0
0 91.0 266.0
0 419.0 266.0
0 321.0 268.0
0 361.0 269.0
0 277.0 270.0
0 377.0 270.0
0 388.0 271.0
0 366.0 274.0
0 390.0 276.0
0 262.0 277.0
0 357.0 277.0
0 338.0 279.0
0 309.0 280.0
0 371.0 280.0
0 564.0 280.0
0 265.0 282.0
0 281.0 284.0
0 360.0 284.0
0 308.0 285.0
0 320.0 286.0
0 332.0 288.0
0 388.0 288.0
0 377.0 290.0
0 276.0 291.0
0 348.0 293.0
0 360.0 293.0
0 387.0 293.0
0 268.0 295.0
0 397.0 295.0
0 285.0 297.0
0 321.0 297.0
0 383.0 298.0
0 375.0 302.0
0 358.0 304.0
0 73.0 305.0
0 303.0 306.0
0 342.0 306.0
0 322.0 308.0
0 289.0 309.0
0 271.0 310.0
0 341.0 311.0
0 403.0 311.0
0 374.0 312.0
0 389.0 312.0
0 314.0 314.0
0 357.0 316.0
0 291.0 318.0
0 277.0 319.0
0 323.0 321.0
0 393.0 322.0
0 305.0 323.0
0 377.0 324.0
0 343.0 325.0
0 277.0 329.0
0 356.0 329.0
0 323.0 330.0
0 295.0 331.0
0 338.0 333.0
0 355.0 334.0
0 399.0 334.0
0 283.0 337.0
0 316.0 340.0
0 369.0 340.0
0 298.0 341.0
0 337.0 341.0
0 325.0 342.0
0 355.0 342.0
0 384.0 342.0
0 397.0 344.0
0 299.0 346.0
0 284.0 348.0
0 326.0 349.0
0 337.0 350.0
0 313.0 355.0
0 292.0 357.0
0 354.0 357.0
0 380.0 358.0
0 327.0 359.0
0 402.0 360.0
0 304.0 363.0
0 316.0 363.0
0 327.0 367.0
0 376.0 369.0
0 393.0 371.0
0 353.0 373.0
0 340.0 375.0
0 314.0 379.0
0 329.0 379.0
0 374.0 380.0
0 355.0 384.0
0 345.0 390.0
0 330.0 391.0
1 389.0 38.0
1 165.0 71.0
1 252.0 62.0
1 174.0 78.0
1 275.0 81.0
1 176.0 87.0
1 192.0 92.0
1 286.0 92.0
1 203.0 100.0
1 192.0 105.0
1 476.0 120.0
1 481.0 118.0
1 214.0 109.0
1 293.0 101.0
1 401.0 103.0
1 286.0 102.0
1 224.0 117.0
1 207.0 121.0
1 301.0 110.0
1 292.0 113.0
1 220.0 125.0
1 382.0 111.0
1 235.0 125.0
1 249.0 117.0
1 308.0 119.0
1 368.0 127.0
1 298.0 132.0
1 239.0 138.0
1 246.0 135.0
1 314.0 128.0
1 365.0 136.0
1 303.0 141.0
1 356.0 140.0
1 440.0 142.0
1 257.0 144.0
1 376.0 141.0
1 353.0 146.0
1 248.0 159.0
1 268.0 154.0
1 259.0 156.0
1 264.0 161.0
1 318.0 156.0
1 277.0 161.0
1 275.0 171.0
1 286.0 169.0
1 348.0 168.0
1 403.0 176.0
1 294.0 176.0
1 286.0 181.0
1 325.0 177.0
1 342.0 179.0
1 303.0 184.0
1 207.0 192.0
1 275.0 191.0
1 296.0 189.0
1 332.0 187.0
1 244.0 197.0
1 280.0 194.0
1 304.0 196.0
1 323.0 198.0
1 376.0 180.0
1 260.0 201.0
1 331.0 205.0
1 366.0 196.0
1 247.0 206.0
1 321.0 209.0
1 270.0 206.0
1 344.0 213.0
1 359.0 202.0
1 307.0 214.0
1 252.0 221.0
1 272.0 222.0
1 377.0 207.0
1 332.0 221.0
1 243.0 222.0
1 359.0 218.0
1 444.0 199.0
1 454.0 201.0
1 267.0 223.0
1 341.0 224.0
1 384.0 215.0
1 424.0 214.0
1 318.0 221.0
1 375.0 221.0
1 454.0 211.0
1 267.0 241.0
1 367.0 228.0
1 316.0 240.0
1 400.0 221.0
1 288.0 235.0
1 258.0 243.0
1 338.0 242.0
1 452.0 227.0
1 357.0 236.0
1 383.0 235.0
1 255.0 252.0
1 397.0 233.0
1 316.0 252.0
1 460.0 228.0
1 336.0 256.0
1 364.0 242.0
1 382.0 240.0
1 421.0 233.0
1 357.0 243.0
1 251.0 259.0
1 458.0 236.0
1 269.0 263.0
1 303.0 252.0
1 379.0 245.0
1 409.0 245.0
1 428.0 244.0
1 343.0 272.0
1 347.0 255.0
1 333.0 268.0
1 311.0 279.0
1 361.0 258.0
1 395.0 254.0
1 291.0 271.0
1 389.0 262.0
1 495.0 223.0
1 429.0 257.0
1 361.0 271.0
1 413.0 255.0
1 282.0 275.0
1 405.0 267.0
1 442.0 252.0
1 345.0 277.0
1 310.0 291.0
1 426.0 267.0
1 318.0 297.0
1 436.0 265.0
1 415.0 273.0
1 330.0 291.0
1 341.0 286.0
1 420.0 274.0
1 327.0 299.0
1 407.0 277.0
1 360.0 287.0
1 390.0 284.0
1 368.0 287.0
1 431.0 277.0
1 151.0 341.0
1 444.0 278.0
1 359.0 295.0
1 396.0 289.0
1 292.0 299.0
1 415.0 283.0
1 425.0 282.0
1 405.0 289.0
1 421.0 288.0
1 270.0 304.0
1 397.0 294.0
1 382.0 303.0
1 348.0 307.0
1 413.0 295.0
1 499.0 256.0
1 272.0 311.0
1 328.0 316.0
1 397.0 302.0
1 344.0 312.0
1 360.0 312.0
1 370.0 311.0
1 423.0 302.0
1 410.0 305.0
1 296.0 320.0
1 386.0 312.0
1 396.0 312.0
1 429.0 307.0
1 280.0 322.0
1 420.0 312.0
1 328.0 327.0
1 359.0 323.0
1 415.0 314.0
1 407.0 316.0
1 394.0 322.0
1 137.0 387.0
1 339.0 333.0
1 372.0 322.0
1 358.0 332.0
1 327.0 337.0
1 280.0 334.0
1 377.0 331.0
1 425.0 321.0
1 404.0 326.0
1 415.0 323.0
1 352.0 338.0
1 392.0 333.0
1 326.0 347.0
1 286.0 341.0
1 359.0 344.0
1 423.0 329.0
1 338.0 348.0
1 405.0 337.0
1 377.0 343.0
1 286.0 350.0
1 390.0 344.0
1 359.0 353.0
1 325.0 358.0
1 375.0 351.0
1 388.0 350.0
1 420.0 337.0
1 315.0 366.0
1 347.0 369.0
1 399.0 351.0
1 338.0 360.0
1 367.0 360.0
1 358.0 364.0
1 387.0 357.0
1 408.0 350.0
1 418.0 346.0
1 326.0 371.0
1 297.0 371.0
1 358.0 369.0
1 368.0 369.0
1 348.0 377.0
1 314.0 385.0
1 384.0 370.0
1 403.0 365.0
1 358.0 378.0
1 414.0 362.0
1 330.0 385.0
1 345.0 384.0
1 358.0 385.0
1 399.0 378.0
1 405.0 375.0
1 380.0 384.0
1 358.0 390.0
1 330.0 397.0
1 358.0 395.0
1 394.0 386.0
1 379.0 397.0
1 374.0 402.0
1 352.0 406.0
