0 1 1 228.84104829320086
0 5 2 332.84524462679684
0 9 3 485.5701182427751
0 4 4 330.1517208373588
0 3 6 265.4072442731614
0 7 7 109.95390148474851
0 18 9 433.44497642267436
0 11 10 214.4435872804648
0 14 14 138.7723130260089
0 41 15 474.77625498413846
0 13 16 196.14688625357374
0 24 18 459.210578266826
0 16 19 158.31987752802976
0 21 23 210.3840371521112
0 22 24 122.40956295525874
0 23 26 120.52924134511403
0 26 27 165.79230149401874
0 30 28 125.17112045399743
0 32 29 113.88653905184789
0 38 31 172.09889840479497
0 37 32 116.49087373765568
0 45 33 195.99308700149274
0 42 34 125.7493257653356
0 46 35 130.30678359356426
0 52 36 127.89359438729907
0 53 37 148.1077333275893
0 62 38 274.3447317847508
0 65 39 108.21573723077836
0 68 40 451.5925991124921
0 56 41 183.49620686057202
0 66 44 140.95751576520243
0 76 45 422.58153770396626
0 83 46 321.3786866628796
0 73 47 122.19040876269547
0 82 48 250.78193269259228
0 81 49 117.98126022925916
0 89 51 203.6992358857655
0 86 52 168.9962505415476
0 93 53 133.89125826714206
0 90 54 168.4869151916259
0 97 55 141.82772730608053
0 110 57 249.9597137531049
0 113 58 136.14636653664886
0 104 60 115.69334466001442
0 99 61 177.16248009495288
0 108 62 152.3774093794322
0 103 63 165.12751081233185
0 101 64 227.79752554270937
0 107 65 231.1867248688783
0 120 66 147.3601166288002
0 106 67 191.11152068567338
0 114 68 216.30971253174192
0 112 70 155.53283052108716
0 130 71 286.5512733493496
0 119 72 190.98179566337913
0 127 74 183.509493762267
0 128 75 163.6980910201186
0 134 76 205.41182232234684
0 124 77 126.07491249753238
0 129 78 125.6323922369961
0 126 80 141.86939119137466
0 143 83 200.70380008019916
0 140 84 149.64651071769015
0 135 85 115.45152581296212
0 142 86 184.81909729420923
0 146 88 263.61356323580105
0 155 89 342.46327681309333
0 144 90 223.86933895545891
0 136 91 177.30402434900236
0 154 92 222.6659084859809
0 159 93 198.64456460080322
0 150 94 153.7475681996902
0 149 96 210.75322549595052
0 152 97 141.41868841987448
0 168 98 173.02268922495145
0 160 99 324.4842421576329
0 161 100 143.58901325825525
0 156 101 263.2348410683428
0 171 103 198.46543490424642
0 165 104 197.25142490186934
0 164 105 129.05036553158882
0 182 106 140.9284830546538
0 172 107 118.9377395144621
0 173 109 200.62036418160062
0 174 110 130.89341230059236
0 169 111 183.13168949552383
0 170 112 370.933981256324
0 167 114 132.82332745662794
0 166 116 135.1957121503819
0 175 117 305.00796006532397
0 176 118 139.35325208360624
0 202 120 133.10787454206823
0 188 121 113.40798818089968
0 186 122 145.0758423772174
0 191 123 209.82289159911323
0 197 124 355.8538983709453
0 183 125 180.84657138631658
0 198 126 297.08684396970347
0 177 127 196.85600011170322
0 193 128 204.16278879590655
0 200 129 177.8327075473468
0 189 130 181.04465207004634
0 207 133 138.98978089902207
0 203 134 135.60026490892665
0 218 136 381.6493559508337
0 208 137 203.01299250693617
0 214 138 224.43295190344838
0 216 139 107.65530571415995
0 212 140 182.36225261928368
0 199 141 216.40122698444833
0 211 142 122.0416341598698
0 223 143 216.0106967500961
0 225 144 190.3462118959348
0 222 145 254.66827254725183
0 224 146 194.6751344676492
0 226 147 276.1250527386794
0 236 148 142.21001021149152
0 238 149 125.26074311507817
0 235 151 191.17186376550737
0 237 152 202.75751259362698
0 242 153 256.96432198101826
0 241 155 183.2262697896458
0 243 156 157.8860165533033
0 201 157 289.3703348430634
0 240 158 208.62222814673922
0 234 159 127.71448594153907
0 246 160 364.5134030332852
0 251 161 141.86344113643523
0 239 162 329.0184689806962
0 244 164 172.89897777900072
0 247 165 225.47268253601024
0 260 166 117.2026503930538
0 249 167 198.7436793938615
0 255 168 155.56584178980475
0 265 169 118.60105295341239
0 261 171 257.5659068618853
0 268 172 151.1957940047138
0 254 173 335.1640093985355
0 259 174 254.19411865683844
0 256 175 292.17846219488035
0 271 176 256.4250208723795
0 270 177 109.11962855186258
0 263 178 326.3700894233194
0 275 179 121.9150731510088
0 279 180 361.4500213502032
0 274 182 210.51478779273376
0 276 184 108.69938266257773
0 278 185 116.03179549785554
0 283 186 223.12579966401893
0 290 187 163.66725432765884
0 277 188 331.94658334572404
0 280 189 150.935324546804
0 282 190 203.41367324330483
0 285 192 440.93548500701985
0 284 193 127.52316966664412
0 286 194 415.69542853652786
0 293 195 151.25570278136698
0 296 196 158.5729918804339
0 297 197 165.55088105346513
0 302 198 190.34267025647316
0 298 202 117.34021545084339
0 301 203 422.4479456759634
0 306 204 110.42942717767686
0 303 207 439.3148902185156
0 307 209 109.16927461637194
0 308 210 154.57144910365008
0 304 211 160.01152121529748
0 305 213 184.38328722253567
0 312 218 112.77192677265984
0 311 219 217.4497940397075
0 325 220 397.85747366958265
0 316 221 105.34210124302331
0 313 222 108.90733278295062
0 320 224 139.94730501680064
0 318 225 136.4686861798297
0 315 226 148.0837187856038
0 319 228 174.0994746159136
0 321 229 135.5565605032035
0 323 230 119.63645589709499
0 324 234 108.82935449980916
0 328 236 174.57116573475494
0 335 237 126.90163551765927
0 332 238 247.20962249998544
0 326 240 401.85400889542944
0 334 241 160.77211016882723
0 331 242 107.79913521494815
0 330 243 110.94296737305685
0 333 244 138.13733623727865
0 338 245 119.51073673712891
0 343 248 409.00332047326947
0 340 249 116.31707861739412
0 345 250 158.22154371199352
0 357 251 226.05485461607378
0 342 253 110.64890125149635
0 344 254 182.55574314693018
0 352 256 120.86737524856488
0 363 257 175.03484585196648
0 339 258 211.61441290401189
0 347 259 129.7786643590388
0 350 261 181.53065910242753
0 353 262 168.57967349400363
0 346 263 219.16320237508873
0 351 264 114.36674448485968
0 359 266 138.84451600601682
0 362 267 107.12342104013031
0 356 268 126.52358582094365
0 358 269 108.58118123439493
0 360 270 118.15376849117531
0 355 271 116.39587185365932
0 364 272 107.32824247771578
0 375 273 371.14913944039876
0 372 274 493.83893307791527
0 367 275 111.54891017978245
0 366 276 105.46372640156136
0 371 277 129.1695445278882
0 370 278 117.3863804445218
0 377 279 123.97066033459159
0 379 280 105.4747989705259
0 381 282 146.56571348200254
0 380 283 138.65722164489299
0 382 284 129.9539694512569
0 384 285 135.01904985862495
0 383 287 118.90076077931333
0 386 289 134.4478381639744
0 387 290 108.67766756125776

448.0 42.0
615.0 45.0
614.0 50.0
488.0 54.0
216.0 62.0
317.0 71.0
592.0 80.0
242.0 82.0
341.0 90.0
513.0 90.0
245.0 92.0
577.0 94.0
259.0 95.0
268.0 102.0
353.0 104.0
440.0 105.0
258.0 107.0
277.0 109.0
359.0 112.0
266.0 115.0
286.0 117.0
271.0 121.0
367.0 121.0
296.0 124.0
370.0 126.0
424.0 126.0
435.0 130.0
408.0 132.0
472.0 132.0
306.0 133.0
316.0 142.0
484.0 145.0
408.0 148.0
325.0 151.0
432.0 154.0
334.0 159.0
424.0 168.0
345.0 169.0
395.0 170.0
350.0 172.0
414.0 172.0
396.0 178.0
443.0 178.0
386.0 182.0
279.0 188.0
290.0 188.0
335.0 188.0
274.0 189.0
268.0 191.0
410.0 191.0
260.0 192.0
377.0 193.0
306.0 195.0
512.0 195.0
258.0 197.0
389.0 197.0
500.0 198.0
396.0 199.0
307.0 200.0
371.0 201.0
328.0 203.0
501.0 208.0
463.0 210.0
577.0 210.0
368.0 211.0
301.0 214.0
519.0 214.0
310.0 215.0
330.0 216.0
399.0 216.0
388.0 217.0
451.0 217.0
424.0 218.0
325.0 220.0
507.0 220.0
356.0 222.0
340.0 224.0
452.0 224.0
365.0 225.0
458.0 225.0
447.0 226.0
385.0 228.0
412.0 228.0
311.0 230.0
325.0 230.0
478.0 230.0
512.0 230.0
399.0 231.0
569.0 234.0
305.0 235.0
418.0 237.0
382.0 239.0
397.0 239.0
410.0 239.0
495.0 239.0
323.0 240.0
274.0 241.0
334.0 241.0
436.0 241.0
312.0 242.0
361.0 244.0
431.0 245.0
452.0 248.0
276.0 251.0
496.0 251.0
321.0 252.0
326.0 252.0
423.0 252.0
311.0 253.0
337.0 253.0
413.0 253.0
378.0 254.0
448.0 254.0
359.0 257.0
396.0 257.0
457.0 258.0
491.0 258.0
411.0 260.0
335.0 261.0
385.0 261.0
465.0 261.0
395.0 262.0
480.0 262.0
239.0 264.0
312.0 264.0
326.0 265.0
357.0 266.0
469.0 266.0
500.0 267.0
416.0 270.0
380.0 271.0
416.0 275.0
322.0 276.0
391.0 276.0
479.0 277.0
372.0 278.0
455.0 278.0
337.0 279.0
391.0 281.0
447.0 281.0
370.0 283.0
408.0 283.0
322.0 285.0
462.0 285.0
490.0 285.0
373.0 289.0
433.0 292.0
447.0 293.0
475.0 293.0
408.0 296.0
328.0 297.0
399.0 297.0
460.0 297.0
346.0 300.0
377.0 301.0
486.0 301.0
446.0 302.0
473.0 305.0
445.0 307.0
409.0 308.0
458.0 309.0
356.0 310.0
424.0 310.0
208.0 314.0
380.0 314.0
444.0 314.0
368.0 315.0
480.0 316.0
456.0 320.0
468.0 320.0
516.0 321.0
425.0 322.0
390.0 323.0
443.0 324.0
368.0 325.0
409.0 325.0
479.0 327.0
382.0 328.0
402.0 329.0
458.0 331.0
409.0 335.0
442.0 335.0
476.0 335.0
351.0 336.0
386.0 337.0
428.0 337.0
373.0 339.0
363.0 340.0
409.0 341.0
440.0 343.0
424.0 344.0
475.0 344.0
507.0 345.0
374.0 348.0
461.0 348.0
423.0 349.0
523.0 349.0
348.0 350.0
439.0 350.0
195.0 351.0
471.0 351.0
357.0 354.0
410.0 354.0
350.0 361.0
457.0 362.0
470.0 362.0
399.0 363.0
409.0 363.0
378.0 364.0
437.0 364.0
322.0 365.0
390.0 367.0
411.0 371.0
362.0 375.0
459.0 377.0
382.0 379.0
409.0 379.0
434.0 380.0
447.0 384.0
383.0 391.0
410.0 391.0
434.0 391.0
388.0 392.0
426.0 399.0
407.0 401.0

383.0 38.0
527.0 58.0
524.0 64.0
416.0 56.0
133.0 55.0
255.0 62.0
509.0 90.0
161.0 77.0
274.0 84.0
385.0 116.0
169.0 83.0
497.0 99.0
177.0 90.0
186.0 97.0
283.0 98.0
371.0 98.0
175.0 102.0
197.0 105.0
288.0 108.0
186.0 114.0
206.0 113.0
191.0 120.0
294.0 117.0
216.0 121.0
297.0 126.0
346.0 126.0
352.0 136.0
321.0 138.0
367.0 142.0
227.0 131.0
236.0 139.0
400.0 151.0
333.0 159.0
246.0 149.0
348.0 156.0
255.0 156.0
346.0 169.0
264.0 164.0
314.0 173.0
272.0 171.0
325.0 176.0
318.0 186.0
353.0 188.0
306.0 183.0
207.0 181.0
224.0 185.0
270.0 183.0
200.0 182.0
193.0 185.0
320.0 191.0
187.0 185.0
294.0 189.0
235.0 188.0
431.0 201.0
184.0 191.0
300.0 200.0
422.0 200.0
312.0 205.0
231.0 198.0
290.0 201.0
253.0 199.0
424.0 211.0
390.0 210.0
527.0 205.0
277.0 211.0
229.0 214.0
434.0 217.0
240.0 212.0
248.0 206.0
327.0 216.0
296.0 220.0
382.0 215.0
347.0 215.0
253.0 216.0
420.0 226.0
271.0 221.0
260.0 222.0
387.0 218.0
269.0 230.0
386.0 224.0
375.0 224.0
286.0 236.0
330.0 230.0
231.0 231.0
252.0 231.0
402.0 228.0
429.0 228.0
318.0 226.0
517.0 225.0
225.0 232.0
341.0 232.0
281.0 246.0
315.0 240.0
330.0 238.0
409.0 241.0
247.0 244.0
197.0 237.0
252.0 244.0
367.0 233.0
231.0 243.0
265.0 244.0
360.0 240.0
368.0 251.0
202.0 247.0
405.0 256.0
239.0 252.0
245.0 254.0
342.0 254.0
227.0 253.0
257.0 244.0
334.0 252.0
274.0 260.0
360.0 261.0
258.0 260.0
307.0 261.0
376.0 261.0
401.0 265.0
320.0 266.0
253.0 265.0
285.0 266.0
370.0 269.0
303.0 269.0
384.0 270.0
168.0 246.0
230.0 268.0
243.0 265.0
251.0 273.0
375.0 276.0
413.0 267.0
341.0 271.0
281.0 273.0
319.0 280.0
240.0 276.0
299.0 278.0
381.0 284.0
267.0 281.0
357.0 287.0
250.0 278.0
311.0 280.0
349.0 279.0
266.0 289.0
315.0 288.0
246.0 283.0
364.0 293.0
390.0 298.0
272.0 293.0
336.0 296.0
352.0 298.0
382.0 301.0
315.0 304.0
240.0 298.0
304.0 299.0
372.0 301.0
250.0 303.0
286.0 302.0
392.0 303.0
353.0 307.0
377.0 311.0
352.0 312.0
316.0 313.0
367.0 312.0
258.0 313.0
330.0 315.0
95.0 314.0
292.0 317.0
352.0 317.0
278.0 314.0
398.0 314.0
366.0 322.0
381.0 320.0
405.0 332.0
335.0 324.0
299.0 323.0
351.0 327.0
283.0 325.0
317.0 324.0
389.0 326.0
295.0 328.0
310.0 332.0
368.0 332.0
318.0 335.0
350.0 338.0
394.0 336.0
265.0 333.0
301.0 338.0
336.0 336.0
286.0 336.0
276.0 337.0
319.0 343.0
361.0 347.0
333.0 345.0
390.0 347.0
399.0 358.0
289.0 346.0
375.0 347.0
334.0 355.0
410.0 361.0
268.0 344.0
349.0 351.0
81.0 353.0
379.0 355.0
273.0 350.0
321.0 355.0
275.0 360.0
371.0 361.0
389.0 358.0
311.0 359.0
321.0 360.0
292.0 358.0
348.0 364.0
195.0 375.0
312.0 373.0
322.0 369.0
283.0 368.0
378.0 372.0
298.0 372.0
322.0 376.0
347.0 378.0
359.0 383.0
296.0 383.0
324.0 387.0
348.0 389.0
309.0 388.0
340.0 395.0
324.0 397.0
