0 2 1 314.63216715704044
0 7 7 125.38384435354726
0 19 9 476.05462853029286
0 10 10 273.9126126015812
0 15 14 168.9536358803477
0 13 16 183.05564014585343
0 17 19 314.2152034600123
0 24 21 416.8198831232418
0 20 23 271.11699831759984
0 21 24 143.47854494428722
0 45 26 381.5878553955992
0 22 27 251.9494746965386
0 26 28 203.20127822459332
0 29 29 146.4236375694635
0 33 32 161.50528651777927
0 40 33 212.9079138491027
0 43 34 141.83868658915026
0 47 35 163.83505614918457
0 52 36 151.14316254234714
0 64 37 381.9313750297224
0 67 38 357.8005519530824
0 66 39 190.17138214286848
0 53 41 147.1225920462396
0 63 44 175.9148355416161
0 74 46 144.5745639939948
0 70 47 198.14138990078888
0 83 48 395.8589772024784
0 80 49 179.99425596447924
0 89 50 335.61275144001866
0 93 51 310.56159612944197
0 92 52 213.15466365269998
0 105 53 181.6864338499658
0 101 55 286.53103711816027
0 98 56 419.15564347570165
0 117 58 191.0763472121287
0 103 59 182.57340413017357
0 121 60 368.42346126937014
0 112 61 257.1343203381556
0 114 63 197.72612579401155
0 104 64 218.17348606624498
0 106 65 225.3276909688704
0 128 66 151.32481696850965
0 109 67 176.19161739028885
0 119 70 147.5907616076128
0 118 72 158.08370008147656
0 137 74 221.51856766990213
0 142 75 203.4514141552679
0 130 77 120.5881682801784
0 135 78 172.45493224829738
0 138 79 211.7419943701107
0 160 83 215.32601732275958
0 157 85 116.83443686380213
0 141 86 193.82409543180844
0 140 88 170.8246078349418
0 149 90 166.06701708200538
0 154 91 216.29879455940178
0 161 93 192.06126465969407
0 163 94 188.2498254080246
0 156 96 244.84563664263263
0 166 100 485.26619119753735
0 164 102 414.6501831109151
0 175 103 168.34446383926797
0 174 104 239.93489506147637
0 173 105 137.86167681257587
0 179 106 138.55153122369728
0 177 107 127.64015510471881
0 158 109 434.03008705325385
0 188 111 220.88338127723773
0 184 112 380.3823023046989
0 169 114 147.15394927451064
0 194 116 112.070596686582
0 181 117 267.0596076310222
0 190 118 154.8240254780385
0 171 119 262.8477749173412
0 199 120 130.50322006735178
0 195 121 112.38370492761067
0 197 122 112.77962880740624
0 200 123 359.7064111369691
0 196 127 149.84737236364865
0 189 128 224.56098270700582
0 198 129 337.92449115343925
0 206 131 154.7114075071091
0 208 132 495.56259786714696
0 214 133 187.22369042748767
0 191 134 286.8854003596067
0 207 136 406.93621204797773
0 216 139 116.81666196212423
0 204 140 231.97318675025264
0 201 141 416.5625749527379
0 210 142 111.87379288951409
0 218 143 214.68903505578427
0 221 144 170.74235994513356
0 217 146 202.2308876371583
0 227 147 189.19680635121114
0 232 148 175.72904829653322
0 224 149 188.06708046795447
0 219 152 329.83909320483593
0 236 153 192.92838098983623
0 230 155 242.33500646382063
0 231 156 196.2523386328698
0 215 158 393.10365834513857
0 235 160 379.36324009164565
0 254 161 188.11640350107064
0 240 162 402.19966365925785
0 228 163 346.9011705205001
0 238 164 146.93153763358933
0 249 166 112.83395194937529
0 229 167 280.20669257310675
0 246 168 206.19897902277788
0 257 169 150.85020624411288
0 255 172 153.0691627953571
0 262 174 313.3456015356856
0 264 175 200.77979633385624
0 247 176 251.74906476884198
0 256 177 125.19787232772362
0 245 178 420.4674303585506
0 272 179 112.7226389590816
0 263 180 262.3746847423508
0 259 182 339.22350420424885
0 271 184 107.45016427936787
0 278 185 110.97550626093692
0 288 186 148.82239596980978
0 284 187 153.85839175893818
0 276 189 134.17918100488092
0 291 190 123.26389661865116
0 277 193 144.94155976604728
0 294 194 386.6174073992139
0 297 195 167.31754150796868
0 306 196 224.24029503585535
0 300 198 153.73290239437952
0 305 202 121.61621571192849
0 296 204 197.61538301165643
0 290 205 404.2591114052396
0 301 206 328.94915264871537
0 274 207 423.85186369764494
0 304 209 110.94666501343254
0 307 210 137.1664892935563
0 299 211 198.69335663097527
0 314 213 204.23737489754484
0 286 216 494.176985513543
0 313 218 113.29599167494186
0 317 219 129.82365428182334
0 309 221 142.59222649918792
0 308 222 112.96908382289676
0 318 224 142.44026916339047
0 311 225 120.31960123569658
0 312 226 158.1539634511339
0 295 227 498.72584573957477
0 332 228 209.16439171995447
0 316 229 169.48812557860805
0 319 230 147.4076980673735
0 310 232 414.76409653196714
0 328 234 108.186589252916
0 320 235 435.03809872880635
0 327 236 151.8498800838553
0 334 237 138.7038315727094
0 336 238 356.96808063030005
0 329 241 155.2619874648173
0 331 242 108.33722230347786
0 323 243 114.13819830509986
0 339 245 111.18324568192153
0 342 246 201.23641796111164
0 341 248 122.70696101622904
0 340 249 117.85436585550721
0 347 250 191.81094317818307
0 338 253 117.40373762726301
0 346 254 152.4565710644116
0 351 256 128.35956189533607
0 335 258 477.5514906498019
0 348 259 108.94638506820604
0 322 261 185.5733381323468
0 357 262 214.5798183609124
0 349 264 113.07600656030546
0 343 266 233.60938068064016
0 362 267 104.6063355819322
0 366 268 257.6914738427783
0 354 269 109.91354762519498
0 356 270 123.6256868424894
0 350 271 122.04389799277943
0 364 272 104.12157758326113
0 360 273 479.4224486950002
0 370 274 243.36398178209708
0 365 275 118.7634153078458
0 363 276 120.57702301699995
0 374 277 111.1370149990312
0 368 278 138.44891513711482
0 371 279 127.93921832942678
0 375 280 105.34818013785696
0 379 282 182.35093489382655
0 376 283 243.71842973962833
0 380 284 121.30219779226626
0 381 285 167.80172666423826
0 378 287 136.5720665406815
0 382 289 155.13174609133506
0 383 290 113.27946061926748

0 448.0 42.0
0 317.0 71.0
0 592.0 80.0
0 242.0 82.0
0 341.0 90.0
0 245.0 92.0
0 259.0 95.0
0 329.0 101.0
0 268.0 102.0
0 353.0 104.0
0 440.0 105.0
0 258.0 107.0
0 277.0 109.0
0 359.0 112.0
0 286.0 117.0
0 271.0 121.0
0 367.0 121.0
0 296.0 124.0
0 370.0 126.0
0 424.0 126.0
0 435.0 130.0
0 408.0 132.0
0 306.0 133.0
0 316.0 142.0
0 408.0 148.0
0 325.0 151.0
0 432.0 154.0
0 334.0 159.0
0 426.0 162.0
0 424.0 168.0
0 345.0 169.0
0 395.0 170.0
0 414.0 172.0
0 520.0 176.0
0 443.0 178.0
0 359.0 180.0
0 386.0 182.0
0 279.0 188.0
0 335.0 188.0
0 274.0 189.0
0 268.0 191.0
0 410.0 191.0
0 260.0 192.0
0 306.0 195.0
0 258.0 197.0
0 389.0 197.0
0 500.0 198.0
0 307.0 200.0
0 371.0 201.0
0 402.0 201.0
0 501.0 208.0
0 577.0 210.0
0 368.0 211.0
0 301.0 214.0
0 310.0 215.0
0 330.0 216.0
0 388.0 217.0
0 451.0 217.0
0 424.0 218.0
0 340.0 224.0
0 463.0 224.0
0 365.0 225.0
0 458.0 225.0
0 447.0 226.0
0 385.0 228.0
0 412.0 228.0
0 311.0 230.0
0 478.0 230.0
0 512.0 230.0
0 399.0 231.0
0 569.0 234.0
0 305.0 235.0
0 418.0 237.0
0 280.0 238.0
0 382.0 239.0
0 397.0 239.0
0 410.0 239.0
0 495.0 239.0
0 436.0 241.0
0 312.0 242.0
0 361.0 244.0
0 486.0 245.0
0 379.0 248.0
0 452.0 248.0
0 276.0 251.0
0 496.0 251.0
0 423.0 252.0
0 311.0 253.0
0 337.0 253.0
0 413.0 253.0
0 378.0 254.0
0 448.0 254.0
0 396.0 257.0
0 457.0 258.0
0 491.0 258.0
0 411.0 260.0
0 385.0 261.0
0 465.0 261.0
0 395.0 262.0
0 480.0 262.0
0 312.0 264.0
0 357.0 266.0
0 469.0 266.0
0 500.0 267.0
0 339.0 269.0
0 416.0 270.0
0 416.0 275.0
0 322.0 276.0
0 391.0 276.0
0 479.0 277.0
0 455.0 278.0
0 391.0 281.0
0 447.0 281.0
0 370.0 283.0
0 408.0 283.0
0 322.0 285.0
0 462.0 285.0
0 490.0 285.0
0 373.0 289.0
0 433.0 292.0
0 447.0 293.0
0 475.0 293.0
0 408.0 296.0
0 399.0 297.0
0 460.0 297.0
0 377.0 301.0
0 486.0 301.0
0 446.0 302.0
0 473.0 305.0
0 409.0 308.0
0 458.0 309.0
0 424.0 310.0
0 331.0 313.0
0 471.0 313.0
0 208.0 314.0
0 380.0 314.0
0 444.0 314.0
0 368.0 315.0
0 480.0 316.0
0 206.0 320.0
0 456.0 320.0
0 468.0 320.0
0 425.0 322.0
0 390.0 323.0
0 443.0 324.0
0 368.0 325.0
0 409.0 325.0
0 204.0 326.0
0 479.0 327.0
0 382.0 328.0
0 402.0 329.0
0 336.0 330.0
0 458.0 331.0
0 359.0 332.0
0 409.0 335.0
0 442.0 335.0
0 476.0 335.0
0 386.0 337.0
0 428.0 337.0
0 373.0 339.0
0 409.0 341.0
0 463.0 341.0
0 440.0 343.0
0 424.0 344.0
0 475.0 344.0
0 374.0 348.0
0 461.0 348.0
0 423.0 349.0
0 348.0 350.0
0 439.0 350.0
0 195.0 351.0
0 471.0 351.0
0 410.0 354.0
0 350.0 361.0
0 457.0 362.0
0 470.0 362.0
0 399.0 363.0
0 409.0 363.0
0 378.0 364.0
0 437.0 364.0
0 322.0 365.0
0 390.0 367.0
0 411.0 371.0
0 362.0 375.0
0 459.0 377.0
0 382.0 379.0
0 409.0 379.0
0 434.0 380.0
0 447.0 384.0
0 383.0 391.0
0 410.0 391.0
0 434.0 391.0
0 388.0 392.0
0 426.0 399.0
0 407.0 401.0
1 403.0 45.0
1 279.0 66.0
1 515.0 97.0
1 179.0 77.0
1 293.0 89.0
1 187.0 84.0
1 194.0 91.0
1 291.0 104.0
1 203.0 98.0
1 299.0 102.0
1 378.0 122.0
1 191.0 103.0
1 212.0 106.0
1 303.0 110.0
1 221.0 114.0
1 214.0 118.0
1 308.0 121.0
1 230.0 123.0
1 310.0 129.0
1 337.0 140.0
1 357.0 145.0
1 325.0 141.0
1 239.0 131.0
1 248.0 140.0
1 327.0 153.0
1 257.0 149.0
1 352.0 162.0
1 265.0 157.0
1 351.0 167.0
1 339.0 172.0
1 282.0 171.0
1 299.0 180.0
1 319.0 178.0
1 487.0 175.0
1 348.0 187.0
1 288.0 179.0
1 317.0 190.0
1 239.0 184.0
1 259.0 185.0
1 223.0 180.0
1 216.0 181.0
1 316.0 195.0
1 210.0 183.0
1 248.0 188.0
1 201.0 188.0
1 309.0 203.0
1 429.0 208.0
1 243.0 197.0
1 295.0 201.0
1 322.0 204.0
1 429.0 220.0
1 555.0 219.0
1 281.0 208.0
1 246.0 206.0
1 252.0 211.0
1 265.0 215.0
1 293.0 221.0
1 393.0 221.0
1 353.0 219.0
1 303.0 224.0
1 400.0 222.0
1 265.0 230.0
1 393.0 229.0
1 384.0 229.0
1 282.0 234.0
1 335.0 233.0
1 235.0 220.0
1 401.0 239.0
1 431.0 236.0
1 323.0 228.0
1 545.0 241.0
1 230.0 235.0
1 343.0 240.0
1 231.0 229.0
1 276.0 244.0
1 320.0 242.0
1 334.0 243.0
1 410.0 246.0
1 371.0 242.0
1 236.0 240.0
1 258.0 244.0
1 408.0 251.0
1 319.0 253.0
1 373.0 256.0
1 201.0 241.0
1 421.0 252.0
1 348.0 257.0
1 232.0 249.0
1 288.0 247.0
1 339.0 255.0
1 264.0 261.0
1 359.0 264.0
1 319.0 258.0
1 383.0 266.0
1 401.0 270.0
1 318.0 265.0
1 310.0 262.0
1 366.0 273.0
1 300.0 269.0
1 394.0 270.0
1 256.0 257.0
1 253.0 273.0
1 370.0 283.0
1 416.0 276.0
1 276.0 268.0
1 312.0 274.0
1 319.0 282.0
1 243.0 269.0
1 306.0 280.0
1 373.0 289.0
1 348.0 287.0
1 301.0 291.0
1 349.0 292.0
1 254.0 281.0
1 310.0 288.0
1 235.0 280.0
1 356.0 298.0
1 411.0 291.0
1 269.0 290.0
1 328.0 298.0
1 347.0 301.0
1 373.0 305.0
1 310.0 304.0
1 299.0 299.0
1 362.0 307.0
1 282.0 301.0
1 407.0 309.0
1 348.0 310.0
1 368.0 317.0
1 312.0 314.0
1 361.0 317.0
1 337.0 310.0
1 260.0 306.0
1 382.0 315.0
1 92.0 299.0
1 290.0 317.0
1 347.0 321.0
1 277.0 313.0
1 387.0 326.0
1 88.0 305.0
1 363.0 326.0
1 374.0 330.0
1 335.0 322.0
1 296.0 322.0
1 346.0 331.0
1 281.0 325.0
1 312.0 325.0
1 88.0 310.0
1 377.0 339.0
1 292.0 328.0
1 305.0 332.0
1 264.0 324.0
1 365.0 337.0
1 270.0 333.0
1 314.0 336.0
1 346.0 341.0
1 398.0 343.0
1 297.0 338.0
1 332.0 339.0
1 284.0 334.0
1 314.0 345.0
1 382.0 347.0
1 345.0 346.0
1 329.0 346.0
1 393.0 352.0
1 287.0 344.0
1 373.0 352.0
1 329.0 357.0
1 271.0 342.0
1 345.0 354.0
1 76.0 334.0
1 378.0 361.0
1 317.0 356.0
1 276.0 349.0
1 369.0 367.0
1 394.0 369.0
1 307.0 359.0
1 317.0 361.0
1 291.0 357.0
1 345.0 368.0
1 175.0 364.0
1 308.0 374.0
1 318.0 369.0
1 287.0 368.0
1 377.0 379.0
1 297.0 372.0
1 319.0 377.0
1 344.0 381.0
1 360.0 388.0
1 295.0 382.0
1 321.0 389.0
1 346.0 392.0
1 308.0 388.0
1 337.0 398.0
1 323.0 399.0
