0 1 1 309.59639590663363
0 5 2 427.05335578238504
0 3 6 304.3807255478039
0 6 7 147.59950015466208
0 9 10 261.0491232669853
0 13 14 175.37587938994608
0 11 16 327.93677705844283
0 33 18 467.4103987793494
0 14 19 278.76552510577153
0 24 21 456.58018982654625
0 20 23 316.4713213464863
0 21 24 213.12081738155285
0 35 26 280.5517686766152
0 23 27 221.1654174613234
0 27 28 303.0615195945166
0 31 29 193.93641228614183
0 36 31 269.90321125506193
0 34 32 374.71328727555766
0 41 33 236.94368751347417
0 42 34 264.49127743369985
0 43 35 211.54985287721183
0 49 36 487.2049650300557
0 54 38 276.87882024768925
0 51 39 241.67931324027472
0 63 46 391.5064930155366
0 66 49 216.3663698228448
0 73 50 315.96075636004787
0 74 51 434.21905988008723
0 85 53 207.81602133502454
0 75 54 177.47607245652728
0 78 55 262.3132535281945
0 94 58 131.02668319324246
0 80 59 203.32164908373733
0 97 60 135.1895897378748
0 87 62 280.8122209404854
0 88 63 261.0991546173586
0 79 64 225.42882925783178
0 82 65 223.75131582404362
0 99 66 339.0355727135753
0 84 67 247.6509991822323
0 93 70 168.1024476892198
0 108 71 468.66287889025233
0 92 72 194.43616324685783
0 96 73 302.53191628248834
0 111 74 306.0853497710319
0 117 75 190.40903310523208
0 102 77 124.77447621722155
0 109 78 233.76125615553863
0 113 79 268.32969116892883
0 103 80 200.31800686089593
0 134 83 245.69739994956362
0 135 85 227.14272562346
0 128 86 201.07327184919353
0 115 90 198.473769728674
0 123 91 263.3188340071339
0 125 92 230.9725254029336
0 133 93 330.5970997015167
0 140 94 287.99328750996904
0 138 96 210.96587161376124
0 143 99 479.2738852729876
0 142 101 394.19576124595926
0 153 103 244.59881252209664
0 154 105 172.2075903595784
0 156 106 267.2211177302759
0 157 107 129.46083962264007
0 169 111 233.28166357704885
0 150 114 172.78754306115601
0 178 116 180.83863768183738
0 155 117 189.78330344711813
0 166 118 280.2821997951829
0 152 119 335.53640134092836
0 176 120 198.61775565654355
0 173 121 121.26003578848798
0 174 122 125.17828367912422
0 180 123 320.07783875358786
0 177 127 161.4530801852457
0 172 128 257.9143259517319
0 175 129 339.3768690444319
0 203 131 266.12449475740544
0 184 132 274.6598187861165
0 185 133 220.37155581930975
0 183 138 474.49041617070344
0 197 139 145.31880597066638
0 182 140 401.06687626964083
0 181 141 478.39981499564647
0 193 142 128.0522478806813
0 199 143 490.2737638313275
0 206 144 243.21340835639026
0 219 148 207.50252278608593
0 211 153 279.45345624107875
0 209 155 250.68315772141102
0 223 156 186.9985672953224
0 194 158 365.78568836406816
0 201 159 437.25547469605795
0 232 161 282.70983756736854
0 210 163 395.8034568717916
0 216 164 198.4241936969877
0 213 165 371.24826833621864
0 226 166 181.9451406187812
0 204 167 407.8416310343624
0 225 168 240.48629294514296
0 247 169 306.0738466394019
0 246 172 194.08509093550887
0 245 174 285.8342557475764
0 241 177 151.4551951342858
0 230 178 433.9756639710487
0 264 179 214.24121984011353
0 253 180 325.78174865087857
0 244 182 367.91821649790535
0 260 184 110.63313359354238
0 274 186 244.438854539628
0 271 187 229.57343090865342
0 243 188 291.0400727894393
0 263 189 181.94133251088277
0 280 190 151.70448560073777
0 268 193 153.29954823039392
0 278 194 282.9712117562846
0 283 195 240.1365713542243
0 293 196 325.2805161767148
0 284 197 221.19410980207422
0 286 198 119.94021725220978
0 292 202 147.9635279053222
0 282 204 244.07103558427545
0 276 205 264.18965351084114
0 289 209 111.30168957199456
0 296 210 170.99200790566687
0 285 211 159.1108947973484
0 287 212 349.4003135336471
0 298 213 479.2661155334413
0 294 214 119.11595050457669
0 266 216 383.4305819490328
0 295 217 202.27610435248516
0 308 218 222.14041590712515
0 297 221 209.84420172300923
0 299 222 121.52538360731543
0 312 224 190.55618132010108
0 302 225 190.9005869858611
0 303 226 140.62111876208743
0 316 228 265.12692647938667
0 307 229 124.03948451932933
0 311 230 150.061027192386
0 323 234 152.03078599638417
0 319 236 176.66609663617425
0 326 237 135.81509826411968
0 329 238 302.84800175601566
0 301 239 379.16827457604023
0 322 241 111.87448667062361
0 320 242 192.15836293307518
0 314 243 119.9212877023114
0 330 245 115.57187883136477
0 332 246 472.3458269077682
0 313 247 389.62030681304236
0 333 249 118.6647980814702
0 328 253 137.28256679500106
0 342 254 160.184355239776
0 341 256 127.30790314130883
0 325 258 244.30229781285493
0 338 259 115.72473085051789
0 310 261 189.72936913337304
0 339 262 233.29178437481053
0 334 266 232.54121291890698
0 355 267 109.3952749830696
0 352 268 290.36942833681485
0 348 270 184.8895079833616
0 343 271 167.8486318366648
0 351 272 191.21962517013736
0 362 275 221.9016943312763
0 354 276 153.6638656062528
0 365 277 198.7316495118658
0 358 278 179.10547059444593
0 369 280 121.3529292246742
0 370 281 302.57575635976673
0 372 282 175.21748379987594
0 368 283 202.56732089180875
0 373 284 130.4347853128762
0 374 285 179.51596903295777
0 366 286 298.2975460599921
0 371 287 149.53429894923582
0 375 289 172.5805474385692
0 376 290 114.41806610519767

448.0 42.0
615.0 45.0
216.0 62.0
317.0 71.0
242.0 82.0
341.0 90.0
245.0 92.0
577.0 94.0
259.0 95.0
329.0 101.0
268.0 102.0
353.0 104.0
440.0 105.0
258.0 107.0
277.0 109.0
359.0 112.0
266.0 115.0
286.0 117.0
271.0 121.0
367.0 121.0
296.0 124.0
370.0 126.0
435.0 130.0
408.0 132.0
408.0 148.0
334.0 159.0
426.0 162.0
424.0 168.0
395.0 170.0
350.0 172.0
414.0 172.0
443.0 178.0
359.0 180.0
386.0 182.0
290.0 188.0
335.0 188.0
274.0 189.0
268.0 191.0
410.0 191.0
260.0 192.0
306.0 195.0
512.0 195.0
258.0 197.0
319.0 197.0
389.0 197.0
500.0 198.0
307.0 200.0
371.0 201.0
402.0 201.0
328.0 203.0
501.0 208.0
577.0 210.0
368.0 211.0
310.0 215.0
330.0 216.0
399.0 216.0
388.0 217.0
451.0 217.0
424.0 218.0
356.0 222.0
452.0 224.0
365.0 225.0
447.0 226.0
385.0 228.0
412.0 228.0
478.0 230.0
399.0 231.0
569.0 234.0
305.0 235.0
418.0 237.0
280.0 238.0
382.0 239.0
397.0 239.0
410.0 239.0
495.0 239.0
436.0 241.0
312.0 242.0
361.0 244.0
486.0 245.0
379.0 248.0
452.0 248.0
326.0 252.0
423.0 252.0
311.0 253.0
337.0 253.0
413.0 253.0
378.0 254.0
448.0 254.0
491.0 258.0
465.0 261.0
395.0 262.0
480.0 262.0
312.0 264.0
326.0 265.0
469.0 266.0
339.0 269.0
416.0 270.0
380.0 271.0
416.0 275.0
322.0 276.0
391.0 276.0
479.0 277.0
455.0 278.0
391.0 281.0
408.0 283.0
322.0 285.0
462.0 285.0
490.0 285.0
373.0 289.0
433.0 292.0
475.0 293.0
408.0 296.0
328.0 297.0
399.0 297.0
460.0 297.0
377.0 301.0
486.0 301.0
446.0 302.0
473.0 305.0
445.0 307.0
409.0 308.0
458.0 309.0
424.0 310.0
331.0 313.0
380.0 314.0
444.0 314.0
368.0 315.0
353.0 316.0
480.0 316.0
408.0 317.0
206.0 320.0
368.0 320.0
456.0 320.0
425.0 322.0
390.0 323.0
443.0 324.0
368.0 325.0
409.0 325.0
479.0 327.0
382.0 328.0
402.0 329.0
458.0 331.0
409.0 335.0
442.0 335.0
476.0 335.0
339.0 336.0
386.0 337.0
428.0 337.0
373.0 339.0
409.0 341.0
463.0 341.0
340.0 342.0
424.0 344.0
374.0 348.0
461.0 348.0
423.0 349.0
348.0 350.0
439.0 350.0
195.0 351.0
471.0 351.0
350.0 361.0
457.0 362.0
470.0 362.0
409.0 363.0
378.0 364.0
437.0 364.0
411.0 371.0
362.0 375.0
459.0 377.0
382.0 379.0
434.0 380.0
410.0 384.0
447.0 384.0
383.0 391.0
410.0 391.0
434.0 391.0
359.0 392.0
388.0 392.0
426.0 399.0
407.0 401.0

388.0 46.0
503.0 68.0
138.0 61.0
267.0 70.0
161.0 81.0
277.0 90.0
167.0 88.0
463.0 116.0
175.0 94.0
275.0 106.0
184.0 101.0
283.0 104.0
365.0 117.0
172.0 106.0
204.0 108.0
287.0 114.0
182.0 118.0
201.0 117.0
195.0 121.0
290.0 123.0
210.0 125.0
282.0 137.0
343.0 141.0
318.0 137.0
305.0 158.0
247.0 160.0
320.0 172.0
305.0 175.0
279.0 185.0
262.0 176.0
287.0 181.0
342.0 192.0
267.0 182.0
265.0 194.0
222.0 187.0
257.0 187.0
208.0 182.0
200.0 184.0
287.0 195.0
195.0 185.0
231.0 190.0
481.0 203.0
187.0 190.0
243.0 194.0
285.0 206.0
409.0 211.0
226.0 199.0
274.0 204.0
295.0 207.0
248.0 199.0
408.0 221.0
556.0 221.0
248.0 218.0
229.0 208.0
237.0 214.0
313.0 216.0
271.0 220.0
376.0 224.0
331.0 224.0
279.0 227.0
381.0 225.0
237.0 232.0
367.0 232.0
256.0 235.0
314.0 235.0
382.0 241.0
301.0 230.0
543.0 247.0
209.0 235.0
340.0 240.0
217.0 231.0
247.0 246.0
298.0 245.0
313.0 245.0
386.0 249.0
351.0 246.0
217.0 244.0
228.0 246.0
376.0 266.0
240.0 253.0
363.0 253.0
222.0 253.0
328.0 260.0
212.0 253.0
267.0 250.0
319.0 258.0
242.0 263.0
336.0 268.0
377.0 274.0
359.0 270.0
291.0 269.0
368.0 278.0
217.0 259.0
234.0 266.0
340.0 282.0
249.0 270.0
298.0 274.0
273.0 272.0
283.0 280.0
213.0 267.0
270.0 280.0
342.0 292.0
321.0 292.0
272.0 292.0
283.0 291.0
228.0 281.0
326.0 302.0
392.0 296.0
245.0 292.0
301.0 301.0
339.0 309.0
284.0 308.0
231.0 292.0
272.0 302.0
330.0 312.0
258.0 305.0
391.0 310.0
316.0 313.0
350.0 321.0
321.0 314.0
285.0 317.0
335.0 321.0
311.0 313.0
239.0 310.0
265.0 319.0
321.0 324.0
251.0 315.0
242.0 318.0
377.0 325.0
286.0 323.0
59.0 304.0
257.0 324.0
338.0 331.0
310.0 325.0
272.0 326.0
320.0 335.0
258.0 329.0
288.0 329.0
381.0 337.0
268.0 331.0
280.0 334.0
342.0 341.0
289.0 339.0
321.0 345.0
380.0 347.0
246.0 329.0
273.0 340.0
308.0 339.0
262.0 337.0
290.0 348.0
364.0 348.0
252.0 337.0
304.0 350.0
265.0 347.0
340.0 360.0
306.0 360.0
252.0 345.0
321.0 358.0
47.0 334.0
374.0 358.0
258.0 352.0
348.0 371.0
372.0 368.0
294.0 365.0
270.0 361.0
321.0 367.0
296.0 379.0
268.0 371.0
356.0 381.0
277.0 376.0
322.0 385.0
311.0 387.0
343.0 391.0
275.0 385.0
300.0 393.0
325.0 396.0
255.0 382.0
285.0 391.0
316.0 401.0
302.0 404.0
