0 2 1 328.18487268548967
0 3 2 359.9909064682626
0 4 3 307.76476449749754
0 5 4 249.16371874253028
0 10 5 323.88385350607433
0 16 6 416.8499166441343
0 17 7 240.58264503281458
0 30 9 210.87103687084831
0 20 10 339.16298555811375
0 28 11 211.55146673122704
0 47 12 149.8317952783007
0 12 13 292.88832757192034
0 32 14 282.12442658742555
0 21 16 267.0810133983731
0 49 17 309.95800000314074
0 18 18 215.95633817320567
0 25 19 443.60706840436313
0 41 20 324.0148353121217
0 45 23 262.4107158916993
0 60 26 208.9516644989627
0 50 28 143.97603182209505
0 55 29 129.77989915712612
0 66 30 257.83956981903515
0 65 31 185.17918893950213
0 74 32 132.38602437585374
0 75 33 134.0597091396429
0 64 34 135.905015954073
0 59 35 129.75167533497032
0 70 36 149.9185542665206
0 83 37 136.58697662346881
0 78 38 444.21751524173095
0 71 39 210.9706069680895
0 87 40 214.26818465575002
0 85 41 206.19102171761904
0 86 42 153.69186428387036
0 82 44 130.35694125652776
0 72 46 138.69663055105926
0 84 48 187.70181293204874
0 95 49 126.6473855921261
0 89 52 201.12055203925786
0 97 53 126.01169519487547
0 133 54 228.17366516486345
0 102 55 128.695605481747
0 96 56 120.33698224813874
0 99 57 136.79730939129934
0 106 58 225.7296765515806
0 114 59 136.7987482875915
0 112 61 109.54659836301866
0 118 65 213.39701878904953
0 124 66 384.6083891323911
0 149 67 111.46341669208451
0 120 68 122.46789374358953
0 110 69 434.6910159939335
0 132 70 126.04745309588003
0 101 71 140.3533006066812
0 128 72 114.42707163566268
0 123 73 141.007474804389
0 121 75 223.30930762693887
0 107 76 311.646603951157
0 171 77 111.80334805966012
0 127 78 210.54671477248493
0 129 79 402.2689045608511
0 126 80 258.172480294347
0 144 81 193.1901937980033
0 169 82 165.9700407010638
0 170 83 175.30164618633708
0 163 84 170.0450673933127
0 125 85 275.63685472118766
0 130 86 157.70363453459274
0 178 87 278.44589788849714
0 181 89 123.60616813139968
0 180 90 289.37891962857105
0 153 91 148.52365737962387
0 147 94 108.87258975594607
0 185 95 274.29137946171437
0 189 96 184.6696753666241
0 195 97 157.01787979830993
0 137 98 133.7506066811781
0 198 99 171.99193041515676
0 136 100 138.87273082752
0 138 101 160.73922420586388
0 148 102 139.93897047882083
0 209 103 316.93916686329095
0 204 104 210.23991941888465
0 208 105 254.65756496799744
0 210 106 248.27423731793283
0 139 107 179.78933295126225
0 142 108 204.58720882412283
0 151 109 131.16714741904576
0 199 110 142.23734246380698
0 211 111 233.20469964595793
0 158 112 245.20606537024477
0 229 114 158.12832461535356
0 190 115 318.19266918335995
0 162 117 212.11792603505089
0 217 119 219.3291219424542
0 164 122 182.13039117526273
0 165 123 193.32436303859075
0 218 124 143.19113863355918
0 159 125 206.4901211373832
0 160 127 178.0469466089959
0 231 128 176.70915482143198
0 232 129 114.53155816823681
0 152 130 135.35974189923482
0 150 132 147.8152270895295
0 207 134 227.09279484730553
0 213 135 171.04305046260652
0 228 136 174.4778678968808
0 154 137 186.1997331286202
0 168 138 221.89523761973237
0 177 140 142.33395151698195
0 238 141 144.13464100094492
0 239 142 155.37027184585602
0 174 143 139.08009034908346
0 172 144 110.39799223927307
0 243 145 162.1955525134815
0 183 146 248.51753135517782
0 248 147 215.46815945722807
0 173 148 211.26819287302342
0 226 149 285.50883888383936
0 251 150 233.1290984570421
0 253 151 202.11520104914956
0 191 152 174.090026327444
0 157 153 218.21894686293328
0 192 154 235.29660250638074
0 196 155 252.07361951391601
0 246 157 175.36660367542848
0 254 158 150.66940467088003
0 203 159 175.0975407132808
0 184 160 287.93036901190374
0 188 161 277.40715858996236
0 257 162 250.1305799892447
0 258 163 146.13883385029015
0 259 164 146.1925720978377
0 193 165 192.16824544529783
0 186 166 189.3650387675821
0 206 168 199.11532078730303
0 263 169 116.88703668597714
0 262 172 144.66634130021262
0 269 173 154.08275470005128
0 271 174 205.18354194064173
0 250 176 268.75226116546185
0 242 177 254.13934524628684
0 235 178 131.39381218844593
0 216 179 143.19482951866604
0 234 180 176.17078507083912
0 212 181 139.55767350196828
0 220 183 236.31802190121647
0 221 184 290.75791833736514
0 237 185 106.08192464290522
0 225 186 246.6908060886277
0 244 187 122.80963631481845
0 233 188 154.28044323537657
0 252 190 163.66687113787447
0 230 192 121.852992869836
0 289 194 189.97688646193467
0 255 195 290.05805408595893
0 240 196 113.97291899182038
0 290 197 136.56138353939238
0 267 198 122.31591935374982
0 286 201 154.73266787245367
0 276 203 197.96281575323368
0 264 204 204.89609506802387
0 219 205 326.18353746031755
0 283 206 144.83157686554043
0 296 207 148.89395500277956
0 265 210 215.35107215265506
0 245 212 222.83426070170438
0 281 213 212.16121996505333
0 247 214 132.71982025583577
0 261 215 153.50018833883863
0 268 216 212.36548138920958
0 274 218 203.60311096014308
0 278 219 170.83128710762233
0 270 220 418.77964260911307
0 302 224 164.82660959064935
0 297 225 240.25454022894272
0 277 226 260.739125370358
0 272 228 109.459031943658
0 301 229 333.50026353476903
0 300 232 385.4073608251567
0 305 234 462.55807145791937
0 315 236 260.5047332620838
0 299 237 291.7620412680503
0 324 239 290.7407112164128
0 313 240 115.16039604177872
0 284 242 209.5439371208919
0 287 243 393.2382732615714
0 307 246 169.03050761393192
0 288 247 316.98240115659206
0 285 248 343.88659615889947
0 330 249 301.71275578243115
0 337 251 442.8343913213812
0 294 253 188.35659777374508
0 344 254 208.2293534200024
0 335 255 219.62654803992342
0 327 256 257.89489945886885
0 320 257 219.6307313594793
0 326 258 365.8099341291129
0 336 259 263.6911459965222
0 321 260 238.15898955567673
0 295 261 143.89621011578103
0 342 262 148.85164259492353
0 325 267 118.34163860817861
0 316 268 249.333683369916
0 322 269 259.8655476034035
0 332 270 240.67144417073925
0 366 276 405.4788607561055
0 359 277 190.23958857887743
0 345 279 298.90038783327
0 338 280 140.80987168816333
0 343 281 235.80112707186825
0 328 283 264.51020913963475
0 352 284 139.99116524185192
0 348 287 191.5172981488802
0 323 291 276.7447046884835
0 372 293 128.88401264225496
0 360 295 111.16065950544247
0 370 296 196.7020327920824
0 367 298 227.58060460891926
0 333 299 262.79690659583235
0 394 302 289.8224767332658
0 384 307 200.0693442366562
0 393 308 166.084443106045
0 373 309 124.50703581484824
0 437 313 430.37797843469053
0 382 315 159.34620364005983
0 452 316 362.19448127378035
0 339 319 119.10828889163557
0 462 320 249.35699288582973
0 361 322 142.17312170259123
0 416 324 233.11087789979769
0 353 327 284.59597670912933
0 387 328 206.75259044338907
0 404 331 200.38651872470678
0 473 333 422.4745403001326
0 402 334 201.17714152510385
0 365 335 200.77215567665579
0 440 336 449.2459856537416
0 375 341 228.85578220008642
0 460 342 475.7693400568409
0 426 343 224.02943471452775
0 388 344 125.56681719721587
0 420 345 202.50300485629197
0 454 348 339.95930348246605
0 471 350 366.72227795494575
0 444 352 178.58193907024906
0 489 354 378.67267647850457
0 453 355 146.25615393373167
0 432 356 240.7260745582632
0 493 357 341.56727828824
0 479 358 329.1898369023394
0 483 361 215.1525624523665
0 409 363 122.52723762149043
0 503 364 491.9830838822264
0 451 366 206.61697840876064
0 412 367 183.3758293722828
0 484 369 354.50341054852237
0 436 370 115.9278231623531
0 414 371 239.3687719728273
0 464 372 111.02282221846644
0 494 373 219.20909092572023
0 506 374 457.6266674231398
0 510 375 397.6050628879544
0 445 376 234.32607190716297
0 422 377 166.60112072244195
0 433 378 260.7053140186701
0 459 380 153.0006509534398
0 490 383 301.275145856721
0 470 389 224.4892440368178
0 410 390 161.8274449910001
0 502 394 291.79654753316214
0 472 395 150.4337928572082
0 447 396 140.79765287115842
0 475 399 210.60434521997558
0 476 400 224.4706220145755
0 456 401 117.20343640494318
0 513 402 195.93515408862947
0 446 403 129.41676962715383
0 512 405 267.1016359028248
0 522 407 380.69384911765576
0 467 408 228.32582384624783
0 524 411 131.3698812056338
0 465 417 139.39074144002566
0 498 423 398.4777902616341
0 482 424 179.8583535877297
0 530 425 199.2258825728343
0 486 426 105.62658796704709
0 529 427 277.258784286205
0 478 429 212.49250358339796
0 511 431 182.3350210997061
0 492 432 193.6114468971733
0 534 433 301.7749216523102
0 536 434 296.6605998524938
0 491 436 147.38189022549219
0 528 437 260.95654578054786
0 485 441 273.1133857696035
0 496 443 126.55242723404552
0 497 444 109.04773892161188
0 538 445 131.60255363870453
0 540 450 113.30241874622023
0 501 451 398.1340125990695
0 531 454 231.17065409209297
0 526 455 222.962014284429
0 541 456 330.053354364775
0 549 458 154.346826110028
0 544 459 145.40564550062552
0 499 460 141.13266400561932
0 523 462 315.7182851356506
0 553 463 122.85954040710163
0 546 464 345.63442579215024
0 545 472 225.93859362476755
0 552 473 323.1480069890908
0 563 475 364.6062452114399
0 548 476 424.8976644731927
0 559 478 469.6133731022096
0 550 479 321.7623381236187
0 570 480 124.36718068190469
0 571 481 113.62298095266668
0 566 482 339.559440605439
0 565 483 330.35568750097224
0 520 484 161.0785257544224
0 575 486 136.09937259783885
0 562 487 401.6835199827616
0 579 489 410.48628860225244
0 573 490 454.1485524691895
0 535 495 276.52653389322495
0 587 496 116.77239059315392
0 583 497 454.142497995202
0 597 501 116.73130395891936
0 557 502 115.71089105687781
0 590 503 110.087528202307
0 600 504 315.43869894351866
0 610 507 495.34122620397227
0 602 509 163.73633762921384
0 594 512 382.9471232999907
0 604 515 117.64902725345266
0 593 517 412.83159655280093
0 612 518 216.1733100846186
0 596 520 481.78721601820644
0 617 523 323.29103998962523
0 619 524 137.6982212888706
0 620 525 116.84686216900143
0 618 526 157.7185191703043
0 616 528 223.01773391536707
0 622 529 207.11532021940832
0 626 531 132.8617200275239
0 606 535 471.4815175203207
0 637 536 286.1911681897759
0 633 537 206.51297114819403
0 564 541 421.36919868989696
0 630 542 264.43656169435815
0 632 543 212.80704698476072
0 636 548 193.78648393349732
0 642 549 231.6082443300921
0 638 550 448.92391564074455
0 644 552 162.07726726774015
0 649 553 234.7665025523899
0 589 555 201.3861821713045
0 628 557 202.4784799235764
0 648 558 189.28504943777074
0 646 561 482.5399619383062
0 653 564 287.1192717323789
0 687 566 154.0503556463361
0 639 567 290.11254966602553
0 656 568 262.99948802213197
0 651 569 259.31052603717274
0 675 570 158.48870023273741
0 652 572 262.4277500046926
0 658 573 289.62215041462287
0 659 575 399.3006081776673
0 678 578 211.62611770975732
0 664 580 313.68496372345635
0 660 582 286.3617960697405
0 608 585 313.0767724266086
0 603 586 246.55674064326863
0 669 587 434.491223594872
0 671 588 371.22666407340176
0 665 589 183.79891034514793
0 672 590 343.40482203592
0 670 591 327.9527388206833
0 676 592 459.4848109661457
0 614 596 464.4295928113304
0 677 599 227.34025020385084
0 674 600 230.00755942870788
0 624 601 206.0255148084842
0 682 602 328.1564036226811
0 685 603 251.98780855511401
0 708 611 114.99785971154601
0 706 612 127.70797246165309
0 698 613 126.53185896491227
0 688 614 320.78432737208993
0 703 615 466.99890885608033
0 691 616 418.531707790447
0 712 617 317.9460686873679
0 715 618 471.6996439102939
0 718 619 114.39330430388613
0 640 627 162.94228982201184
0 721 628 127.04816621202934
0 747 630 132.20150695327476
0 739 631 197.79806441694356
0 751 633 134.45830079177665
0 730 635 105.19733479271306
0 741 636 141.44323694712483
0 759 637 139.6125815304677
0 744 638 144.0179168102721
0 723 640 105.58056290448849
0 684 641 144.86653057199655
0 760 642 120.59639421639301
0 696 643 297.3185497662348
0 753 644 110.69001606327188
0 728 645 120.97467835080835
0 724 652 122.26343528647693
0 770 659 492.4365137986554
0 727 660 113.36613207940486
0 722 662 111.20556093558088
0 769 663 347.284156733116
0 748 664 126.99922417697394
0 808 665 191.07125509660094
0 771 668 122.062757652997
0 811 670 148.7504572752019
0 766 671 113.73697451475809
0 755 672 255.1469147953802
0 752 674 111.13972429197447
0 782 677 121.56206657344879
0 793 679 239.0017584787051
0 788 681 117.2694580776696
0 792 682 114.79104289710061
0 803 688 115.95060127045723
0 791 692 164.93141430627162
0 812 693 178.1556597647679

0 871.0 75.0
0 809.0 306.0
0 855.0 309.0
0 870.0 310.0
0 799.0 312.0
0 782.0 313.0
0 836.0 317.0
0 845.0 317.0
0 863.0 317.0
0 748.0 318.0
0 772.0 318.0
0 800.0 320.0
0 828.0 322.0
0 870.0 324.0
0 847.0 326.0
0 858.0 328.0
0 874.0 331.0
0 730.0 333.0
0 885.0 334.0
0 687.0 336.0
0 629.0 339.0
0 664.0 339.0
0 669.0 339.0
0 674.0 339.0
0 828.0 344.0
0 717.0 345.0
0 693.0 346.0
0 665.0 348.0
0 593.0 349.0
0 629.0 350.0
0 656.0 350.0
0 639.0 351.0
0 848.0 352.0
0 859.0 352.0
0 613.0 354.0
0 604.0 356.0
0 669.0 356.0
0 638.0 358.0
0 1037.0 358.0
0 1024.0 360.0
0 650.0 361.0
0 952.0 361.0
0 972.0 362.0
0 838.0 363.0
0 612.0 364.0
0 698.0 364.0
0 591.0 365.0
0 867.0 365.0
0 664.0 366.0
0 678.0 366.0
0 1043.0 366.0
0 838.0 369.0
0 592.0 370.0
0 669.0 370.0
0 693.0 370.0
0 1033.0 370.0
0 603.0 371.0
0 613.0 371.0
0 847.0 371.0
0 976.0 371.0
0 556.0 374.0
0 637.0 374.0
0 838.0 374.0
0 592.0 375.0
0 853.0 376.0
0 571.0 378.0
0 689.0 379.0
0 826.0 379.0
0 592.0 380.0
0 1049.0 380.0
0 648.0 381.0
0 948.0 381.0
0 612.0 382.0
0 678.0 383.0
0 848.0 384.0
0 554.0 385.0
0 915.0 386.0
0 822.0 387.0
0 570.0 388.0
0 934.0 388.0
0 973.0 388.0
0 1038.0 388.0
0 700.0 390.0
0 705.0 390.0
0 846.0 390.0
0 923.0 390.0
0 944.0 390.0
0 715.0 391.0
0 720.0 391.0
0 695.0 392.0
0 725.0 392.0
0 857.0 392.0
0 988.0 393.0
0 1054.0 393.0
0 648.0 394.0
0 735.0 394.0
0 742.0 394.0
0 755.0 395.0
0 950.0 395.0
0 763.0 396.0
0 899.0 396.0
0 1044.0 396.0
0 678.0 398.0
0 776.0 398.0
0 782.0 398.0
0 787.0 399.0
0 794.0 399.0
0 915.0 399.0
0 922.0 399.0
0 963.0 399.0
0 696.0 400.0
0 799.0 400.0
0 972.0 400.0
0 804.0 401.0
0 809.0 401.0
0 854.0 401.0
0 977.0 401.0
0 1029.0 401.0
0 1056.0 401.0
0 724.0 402.0
0 886.0 402.0
0 983.0 402.0
0 999.0 402.0
0 1015.0 402.0
0 750.0 403.0
0 607.0 404.0
0 612.0 404.0
0 618.0 404.0
0 769.0 404.0
0 819.0 404.0
0 901.0 404.0
0 922.0 404.0
0 934.0 404.0
0 623.0 405.0
0 677.0 405.0
0 699.0 405.0
0 714.0 405.0
0 947.0 405.0
0 972.0 406.0
0 1069.0 406.0
0 601.0 407.0
0 731.0 407.0
0 780.0 407.0
0 959.0 408.0
0 581.0 409.0
0 742.0 409.0
0 1030.0 409.0
0 753.0 410.0
0 626.0 411.0
0 676.0 411.0
0 763.0 411.0
0 768.0 411.0
0 875.0 411.0
0 921.0 411.0
0 981.0 411.0
0 1015.0 411.0
0 1061.0 411.0
0 687.0 412.0
0 783.0 412.0
0 998.0 412.0
0 644.0 413.0
0 649.0 413.0
0 791.0 413.0
0 799.0 413.0
0 811.0 413.0
0 555.0 414.0
0 570.0 414.0
0 896.0 414.0
0 654.0 415.0
0 819.0 415.0
0 922.0 416.0
0 1072.0 417.0
0 693.0 418.0
0 809.0 418.0
0 837.0 418.0
0 1039.0 418.0
0 668.0 419.0
0 683.0 422.0
0 879.0 422.0
0 598.0 423.0
0 1049.0 423.0
0 565.0 424.0
0 572.0 424.0
0 607.0 424.0
0 612.0 424.0
0 646.0 424.0
0 664.0 424.0
0 894.0 424.0
0 969.0 424.0
0 852.0 425.0
0 1008.0 425.0
0 550.0 426.0
0 623.0 426.0
0 695.0 426.0
0 824.0 427.0
0 930.0 427.0
0 580.0 429.0
0 836.0 429.0
0 878.0 429.0
0 946.0 430.0
0 963.0 430.0
0 696.0 431.0
0 819.0 431.0
0 844.0 431.0
0 1005.0 431.0
0 1065.0 431.0
0 675.0 432.0
0 757.0 432.0
0 971.0 432.0
0 976.0 432.0
0 981.0 432.0
0 686.0 433.0
0 550.0 434.0
0 923.0 434.0
0 565.0 435.0
0 631.0 435.0
0 990.0 435.0
0 864.0 436.0
0 883.0 436.0
0 1007.0 437.0
0 1050.0 437.0
0 940.0 438.0
0 697.0 439.0
0 702.0 439.0
0 842.0 439.0
0 872.0 440.0
0 967.0 440.0
0 1069.0 440.0
0 579.0 441.0
0 659.0 441.0
0 548.0 442.0
0 727.0 443.0
0 952.0 443.0
0 703.0 444.0
0 708.0 444.0
0 696.0 445.0
0 771.0 445.0
0 967.0 445.0
0 978.0 445.0
0 739.0 446.0
0 823.0 446.0
0 547.0 447.0
0 552.0 447.0
0 641.0 447.0
0 687.0 447.0
0 839.0 447.0
0 864.0 447.0
0 646.0 448.0
0 651.0 448.0
0 749.0 448.0
0 844.0 448.0
0 679.0 449.0
0 780.0 449.0
0 558.0 452.0
0 767.0 452.0
0 789.0 452.0
0 917.0 452.0
0 922.0 452.0
0 885.0 453.0
0 912.0 453.0
0 932.0 453.0
0 567.0 454.0
0 820.0 454.0
0 870.0 454.0
0 955.0 454.0
0 1070.0 454.0
0 665.0 455.0
0 852.0 455.0
0 907.0 455.0
0 937.0 455.0
0 942.0 456.0
0 680.0 458.0
0 689.0 458.0
0 698.0 458.0
0 969.0 458.0
0 1062.0 458.0
0 707.0 459.0
0 784.0 459.0
0 715.0 460.0
0 807.0 462.0
0 885.0 462.0
0 950.0 462.0
0 724.0 463.0
0 962.0 463.0
0 897.0 465.0
0 687.0 466.0
0 732.0 466.0
0 892.0 466.0
0 955.0 467.0
0 1068.0 467.0
0 710.0 468.0
0 621.0 469.0
0 715.0 469.0
0 818.0 469.0
0 741.0 470.0
0 842.0 470.0
0 887.0 471.0
0 804.0 472.0
0 960.0 472.0
0 974.0 472.0
0 724.0 473.0
0 853.0 473.0
0 575.0 474.0
0 706.0 474.0
0 750.0 474.0
0 1060.0 474.0
0 1065.0 474.0
0 831.0 475.0
0 810.0 476.0
0 873.0 476.0
0 621.0 477.0
0 826.0 477.0
0 631.0 479.0
0 737.0 479.0
0 759.0 479.0
0 892.0 479.0
0 721.0 480.0
0 961.0 480.0
0 1060.0 480.0
0 559.0 481.0
0 693.0 481.0
0 726.0 482.0
0 999.0 483.0
0 767.0 484.0
0 809.0 484.0
0 839.0 484.0
0 972.0 484.0
0 1049.0 484.0
0 962.0 485.0
0 621.0 486.0
0 750.0 486.0
0 891.0 486.0
0 609.0 487.0
0 668.0 487.0
0 963.0 490.0
0 1030.0 490.0
0 775.0 491.0
0 1020.0 491.0
0 757.0 492.0
0 743.0 493.0
0 817.0 493.0
0 1036.0 494.0
0 612.0 495.0
0 893.0 495.0
0 1015.0 495.0
0 963.0 496.0
0 672.0 497.0
0 750.0 497.0
0 783.0 497.0
0 1052.0 497.0
0 767.0 498.0
0 1039.0 499.0
0 847.0 500.0
0 1027.0 500.0
0 640.0 501.0
0 824.0 501.0
0 962.0 503.0
0 635.0 504.0
0 758.0 504.0
0 897.0 504.0
0 1039.0 504.0
0 774.0 505.0
0 601.0 506.0
0 1012.0 507.0
0 665.0 508.0
0 851.0 508.0
0 960.0 508.0
0 1027.0 508.0
0 647.0 509.0
0 769.0 509.0
0 891.0 509.0
0 1039.0 509.0
0 840.0 510.0
0 783.0 511.0
0 656.0 512.0
0 694.0 512.0
0 904.0 513.0
0 1027.0 513.0
0 1039.0 514.0
0 1051.0 514.0
0 952.0 516.0
0 835.0 517.0
0 668.0 518.0
0 773.0 518.0
0 1213.0 518.0
0 642.0 519.0
0 678.0 519.0
0 688.0 519.0
0 751.0 519.0
0 912.0 519.0
0 562.0 520.0
0 1059.0 520.0
0 655.0 521.0
0 694.0 521.0
0 790.0 521.0
0 944.0 521.0
0 1032.0 521.0
0 720.0 522.0
0 859.0 523.0
0 927.0 523.0
0 935.0 523.0
0 1005.0 523.0
0 645.0 524.0
0 978.0 524.0
0 1051.0 524.0
0 779.0 526.0
0 1060.0 526.0
0 720.0 527.0
0 1001.0 528.0
0 798.0 529.0
0 1060.0 531.0
0 623.0 532.0
0 675.0 532.0
0 682.0 532.0
0 687.0 532.0
0 693.0 532.0
0 702.0 533.0
0 1034.0 535.0
0 663.0 536.0
0 772.0 536.0
0 999.0 536.0
0 1060.0 536.0
0 728.0 537.0
0 864.0 537.0
0 563.0 538.0
0 630.0 538.0
0 901.0 538.0
0 715.0 539.0
0 854.0 541.0
0 999.0 541.0
0 1058.0 542.0
0 586.0 543.0
0 936.0 543.0
0 735.0 544.0
0 744.0 544.0
0 807.0 544.0
0 931.0 545.0
0 650.0 546.0
0 704.0 546.0
0 848.0 546.0
0 602.0 547.0
0 1056.0 547.0
0 867.0 548.0
0 950.0 548.0
0 967.0 548.0
0 609.0 549.0
0 709.0 550.0
0 957.0 550.0
0 751.0 551.0
0 999.0 551.0
0 618.0 552.0
0 1055.0 552.0
0 696.0 553.0
0 828.0 553.0
0 812.0 554.0
0 870.0 556.0
0 583.0 557.0
0 684.0 557.0
0 605.0 560.0
0 641.0 560.0
0 1008.0 560.0
0 854.0 562.0
0 564.0 563.0
0 615.0 563.0
0 759.0 563.0
0 1032.0 564.0
0 804.0 565.0
0 1016.0 565.0
0 1024.0 565.0
0 718.0 566.0
0 647.0 567.0
0 604.0 568.0
0 659.0 568.0
0 693.0 568.0
0 826.0 568.0
0 760.0 572.0
0 580.0 573.0
0 659.0 573.0
0 693.0 573.0
0 594.0 576.0
0 602.0 576.0
0 612.0 577.0
0 774.0 578.0
0 660.0 580.0
0 565.0 581.0
0 693.0 582.0
0 766.0 583.0
0 755.0 586.0
0 651.0 587.0
0 579.0 590.0
0 696.0 590.0
0 661.0 593.0
0 1025.0 594.0
0 700.0 596.0
0 613.0 597.0
0 569.0 599.0
0 605.0 600.0
0 580.0 604.0
0 665.0 606.0
0 708.0 606.0
0 581.0 609.0
0 774.0 609.0
0 567.0 611.0
0 642.0 611.0
0 667.0 611.0
0 720.0 613.0
0 581.0 614.0
0 690.0 614.0
0 745.0 615.0
0 607.0 616.0
0 669.0 616.0
0 731.0 616.0
0 705.0 617.0
0 583.0 619.0
0 724.0 619.0
0 617.0 620.0
0 752.0 620.0
0 763.0 622.0
0 609.0 624.0
0 724.0 624.0
0 741.0 624.0
0 865.0 625.0
0 603.0 627.0
0 721.0 630.0
0 780.0 630.0
0 622.0 631.0
0 330.0 633.0
0 568.0 633.0
0 587.0 633.0
0 710.0 634.0
0 760.0 634.0
0 614.0 635.0
0 733.0 637.0
0 609.0 638.0
0 695.0 639.0
0 858.0 639.0
0 790.0 640.0
0 674.0 641.0
0 725.0 643.0
0 853.0 643.0
0 684.0 644.0
0 1050.0 644.0
0 710.0 645.0
0 772.0 646.0
0 666.0 648.0
0 851.0 648.0
0 751.0 649.0
0 1049.0 650.0
0 635.0 651.0
0 778.0 652.0
0 743.0 653.0
0 847.0 653.0
0 599.0 656.0
0 687.0 656.0
0 719.0 656.0
0 883.0 656.0
0 834.0 657.0
0 568.0 658.0
0 628.0 658.0
0 774.0 660.0
0 621.0 661.0
0 720.0 662.0
0 633.0 663.0
0 1022.0 663.0
0 638.0 664.0
0 715.0 664.0
0 237.0 665.0
0 764.0 665.0
0 649.0 666.0
0 709.0 666.0
0 312.0 668.0
0 650.0 671.0
0 760.0 671.0
0 769.0 671.0
0 875.0 671.0
0 642.0 672.0
0 1048.0 672.0
0 570.0 674.0
0 611.0 674.0
0 543.0 675.0
0 656.0 675.0
0 651.0 676.0
0 756.0 676.0
0 766.0 676.0
0 783.0 676.0
0 990.0 678.0
0 1033.0 678.0
0 661.0 680.0
0 651.0 681.0
0 749.0 682.0
0 667.0 683.0
0 760.0 684.0
0 656.0 686.0
0 677.0 686.0
0 569.0 687.0
0 798.0 687.0
0 1039.0 688.0
0 662.0 689.0
0 689.0 690.0
0 754.0 690.0
0 732.0 691.0
0 1048.0 691.0
0 703.0 692.0
0 668.0 693.0
0 719.0 693.0
0 724.0 693.0
0 986.0 693.0
0 792.0 694.0
0 1032.0 694.0
0 685.0 696.0
0 78.0 698.0
0 324.0 700.0
0 359.0 700.0
0 401.0 700.0
0 734.0 700.0
0 678.0 701.0
0 727.0 702.0
0 393.0 703.0
0 195.0 704.0
0 259.0 704.0
0 689.0 704.0
0 718.0 706.0
0 762.0 706.0
0 702.0 707.0
0 1201.0 707.0
0 743.0 710.0
0 655.0 711.0
0 1043.0 712.0
0 343.0 714.0
0 1166.0 716.0
0 119.0 726.0
0 234.0 728.0
0 1043.0 728.0
0 65.0 729.0
0 630.0 729.0
0 394.0 731.0
0 260.0 733.0
0 20.0 734.0
0 251.0 735.0
0 1443.0 736.0
0 573.0 739.0
0 1105.0 745.0
0 122.0 746.0
0 1039.0 750.0
0 321.0 757.0
0 704.0 760.0
0 599.0 764.0
0 594.0 766.0
0 984.0 776.0
0 615.0 778.0
0 620.0 779.0
0 701.0 782.0
0 1030.0 789.0
0 725.0 792.0
0 774.0 792.0
0 494.0 793.0
0 1450.0 793.0
0 730.0 795.0
0 591.0 804.0
0 694.0 807.0
0 1169.0 807.0
0 591.0 809.0
0 1327.0 812.0
0 694.0 817.0
0 1011.0 824.0
0 92.0 826.0
0 719.0 831.0
0 697.0 832.0
0 796.0 833.0
0 707.0 841.0
0 292.0 843.0
0 946.0 843.0
0 1141.0 846.0
0 666.0 851.0
0 1202.0 851.0
0 752.0 856.0
0 865.0 856.0
0 910.0 856.0
0 882.0 857.0
0 734.0 858.0
0 515.0 864.0
0 914.0 864.0
0 815.0 866.0
0 55.0 868.0
0 775.0 871.0
0 88.0 875.0
0 191.0 888.0
0 844.0 891.0
0 807.0 893.0
0 787.0 895.0
0 775.0 903.0
0 727.0 906.0
0 1353.0 920.0
0 789.0 922.0
0 1223.0 954.0
0 743.0 988.0
1 879.0 338.0
1 884.0 338.0
1 891.0 340.0
1 942.0 343.0
1 956.0 345.0
1 886.0 350.0
1 904.0 351.0
1 937.0 352.0
1 925.0 354.0
1 865.0 358.0
1 876.0 359.0
1 925.0 359.0
1 955.0 359.0
1 904.0 361.0
1 918.0 361.0
1 887.0 363.0
1 934.0 364.0
1 944.0 364.0
1 969.0 366.0
1 822.0 367.0
1 864.0 367.0
1 959.0 367.0
1 757.0 368.0
1 859.0 368.0
1 902.0 368.0
1 775.0 369.0
1 925.0 369.0
1 831.0 370.0
1 913.0 370.0
1 789.0 371.0
1 852.0 372.0
1 933.0 372.0
1 947.0 374.0
1 732.0 375.0
1 684.0 376.0
1 689.0 376.0
1 696.0 376.0
1 844.0 376.0
1 679.0 377.0
1 701.0 377.0
1 759.0 377.0
1 710.0 378.0
1 787.0 379.0
1 977.0 379.0
1 754.0 380.0
1 764.0 380.0
1 799.0 380.0
1 940.0 380.0
1 830.0 381.0
1 842.0 383.0
1 663.0 385.0
1 781.0 385.0
1 720.0 388.0
1 960.0 389.0
1 746.0 390.0
1 709.0 391.0
1 767.0 391.0
1 787.0 392.0
1 822.0 392.0
1 677.0 393.0
1 779.0 393.0
1 794.0 393.0
1 799.0 394.0
1 1060.0 394.0
1 695.0 395.0
1 724.0 396.0
1 737.0 396.0
1 809.0 396.0
1 789.0 397.0
1 814.0 397.0
1 754.0 398.0
1 1118.0 398.0
1 661.0 399.0
1 1054.0 399.0
1 956.0 401.0
1 964.0 401.0
1 646.0 402.0
1 789.0 402.0
1 1136.0 402.0
1 710.0 403.0
1 742.0 403.0
1 635.0 404.0
1 695.0 404.0
1 724.0 404.0
1 747.0 404.0
1 1051.0 404.0
1 1069.0 404.0
1 735.0 405.0
1 823.0 405.0
1 661.0 406.0
1 779.0 407.0
1 789.0 409.0
1 798.0 409.0
1 806.0 409.0
1 1123.0 409.0
1 766.0 411.0
1 677.0 413.0
1 754.0 413.0
1 1059.0 413.0
1 694.0 414.0
1 819.0 415.0
1 1047.0 415.0
1 1133.0 415.0
1 627.0 416.0
1 781.0 416.0
1 859.0 416.0
1 962.0 417.0
1 997.0 417.0
1 1008.0 417.0
1 797.0 418.0
1 1142.0 418.0
1 1027.0 419.0
1 723.0 420.0
1 1035.0 420.0
1 1081.0 420.0
1 1123.0 420.0
1 778.0 422.0
1 1056.0 422.0
1 648.0 423.0
1 739.0 423.0
1 664.0 424.0
1 625.0 425.0
1 1138.0 426.0
1 772.0 427.0
1 784.0 427.0
1 1021.0 427.0
1 1080.0 427.0
1 648.0 428.0
1 697.0 428.0
1 1032.0 428.0
1 1039.0 428.0
1 1146.0 428.0
1 739.0 429.0
1 810.0 430.0
1 764.0 432.0
1 647.0 433.0
1 993.0 435.0
1 1045.0 435.0
1 1142.0 436.0
1 1010.0 437.0
1 1152.0 437.0
1 772.0 438.0
1 1020.0 438.0
1 1071.0 438.0
1 1132.0 438.0
1 809.0 439.0
1 1076.0 439.0
1 739.0 441.0
1 768.0 443.0
1 952.0 443.0
1 1033.0 443.0
1 1058.0 443.0
1 1002.0 446.0
1 974.0 447.0
1 1044.0 447.0
1 365.0 448.0
1 796.0 448.0
1 1018.0 448.0
1 1076.0 448.0
1 692.0 449.0
1 704.0 449.0
1 1123.0 449.0
1 1132.0 449.0
1 967.0 450.0
1 1094.0 450.0
1 1109.0 451.0
1 1157.0 451.0
1 1043.0 452.0
1 1067.0 452.0
1 818.0 453.0
1 823.0 453.0
1 949.0 453.0
1 662.0 454.0
1 712.0 454.0
1 1056.0 454.0
1 1123.0 454.0
1 672.0 455.0
1 682.0 455.0
1 832.0 455.0
1 837.0 455.0
1 842.0 455.0
1 812.0 456.0
1 847.0 456.0
1 1134.0 456.0
1 733.0 457.0
1 857.0 457.0
1 648.0 458.0
1 738.0 458.0
1 743.0 458.0
1 863.0 458.0
1 974.0 458.0
1 986.0 458.0
1 1077.0 458.0
1 628.0 459.0
1 869.0 459.0
1 878.0 459.0
1 1124.0 459.0
1 727.0 460.0
1 886.0 460.0
1 811.0 461.0
1 852.0 461.0
1 1070.0 461.0
1 1092.0 461.0
1 1109.0 461.0
1 906.0 462.0
1 1154.0 462.0
1 751.0 463.0
1 794.0 463.0
1 913.0 463.0
1 893.0 464.0
1 919.0 464.0
1 927.0 465.0
1 644.0 466.0
1 815.0 466.0
1 898.0 466.0
1 969.0 466.0
1 682.0 467.0
1 840.0 467.0
1 873.0 467.0
1 1155.0 467.0
1 690.0 468.0
1 695.0 468.0
1 701.0 468.0
1 721.0 468.0
1 749.0 468.0
1 760.0 468.0
1 784.0 468.0
1 821.0 468.0
1 833.0 468.0
1 935.0 468.0
1 711.0 469.0
1 893.0 469.0
1 946.0 469.0
1 1069.0 469.0
1 1145.0 469.0
1 987.0 470.0
1 1160.0 470.0
1 736.0 471.0
1 852.0 471.0
1 903.0 471.0
1 659.0 472.0
1 793.0 472.0
1 798.0 472.0
1 863.0 472.0
1 1009.0 472.0
1 624.0 473.0
1 803.0 473.0
1 647.0 474.0
1 873.0 474.0
1 1112.0 474.0
1 774.0 475.0
1 884.0 475.0
1 1117.0 475.0
1 892.0 476.0
1 908.0 476.0
1 1049.0 476.0
1 762.0 477.0
1 914.0 477.0
1 926.0 477.0
1 939.0 477.0
1 919.0 478.0
1 720.0 479.0
1 808.0 479.0
1 947.0 479.0
1 1112.0 479.0
1 1088.0 480.0
1 732.0 481.0
1 996.0 481.0
1 1096.0 481.0
1 939.0 482.0
1 1158.0 482.0
1 966.0 483.0
1 657.0 484.0
1 755.0 484.0
1 1011.0 484.0
1 1106.0 484.0
1 979.0 485.0
1 1062.0 485.0
1 1117.0 485.0
1 771.0 486.0
1 647.0 487.0
1 1042.0 487.0
1 694.0 489.0
1 785.0 489.0
1 625.0 490.0
1 746.0 491.0
1 810.0 491.0
1 735.0 492.0
1 740.0 492.0
1 951.0 492.0
1 965.0 492.0
1 1003.0 492.0
1 1061.0 492.0
1 981.0 493.0
1 630.0 494.0
1 644.0 494.0
1 873.0 496.0
1 991.0 496.0
1 1158.0 496.0
1 1094.0 497.0
1 1073.0 498.0
1 770.0 499.0
1 969.0 501.0
1 1038.0 501.0
1 1058.0 501.0
1 837.0 504.0
1 863.0 504.0
1 987.0 505.0
1 831.0 506.0
1 849.0 506.0
1 883.0 506.0
1 911.0 506.0
1 934.0 506.0
1 949.0 506.0
1 808.0 507.0
1 895.0 507.0
1 1026.0 507.0
1 844.0 509.0
1 1103.0 509.0
1 802.0 510.0
1 1047.0 512.0
1 1052.0 512.0
1 1059.0 512.0
1 707.0 513.0
1 870.0 513.0
1 978.0 513.0
1 1021.0 513.0
1 1040.0 513.0
1 1082.0 513.0
1 770.0 514.0
1 878.0 514.0
1 886.0 514.0
1 1066.0 514.0
1 1089.0 514.0
1 841.0 515.0
1 916.0 515.0
1 1032.0 515.0
1 812.0 516.0
1 1005.0 516.0
1 632.0 517.0
1 735.0 517.0
1 740.0 517.0
1 950.0 517.0
1 1071.0 517.0
1 900.0 518.0
1 935.0 518.0
1 766.0 519.0
1 1076.0 519.0
1 1017.0 520.0
1 729.0 522.0
1 737.0 523.0
1 797.0 523.0
1 1024.0 523.0
1 1152.0 524.0
1 747.0 525.0
1 752.0 525.0
1 865.0 525.0
1 1015.0 525.0
1 757.0 526.0
1 918.0 526.0
1 964.0 526.0
1 1102.0 526.0
1 765.0 527.0
1 791.0 527.0
1 874.0 527.0
1 1130.0 527.0
1 847.0 528.0
1 1085.0 528.0
1 858.0 530.0
1 884.0 530.0
1 1009.0 530.0
1 717.0 531.0
1 949.0 531.0
1 995.0 531.0
1 783.0 532.0
1 1138.0 532.0
1 878.0 533.0
1 772.0 535.0
1 1009.0 535.0
1 866.0 536.0
1 871.0 536.0
1 925.0 536.0
1 1016.0 536.0
1 777.0 537.0
1 961.0 537.0
1 767.0 538.0
1 885.0 538.0
1 1089.0 538.0
1 1120.0 538.0
1 815.0 539.0
1 824.0 539.0
1 829.0 539.0
1 834.0 539.0
1 942.0 539.0
1 653.0 540.0
1 843.0 540.0
1 806.0 541.0
1 853.0 541.0
1 862.0 541.0
1 891.0 542.0
1 798.0 543.0
1 933.0 543.0
1 1090.0 543.0
1 873.0 544.0
1 1018.0 544.0
1 723.0 545.0
1 737.0 545.0
1 764.0 545.0
1 789.0 546.0
1 1117.0 546.0
1 634.0 547.0
1 882.0 547.0
1 1130.0 547.0
1 887.0 548.0
1 1150.0 548.0
1 781.0 549.0
1 943.0 549.0
1 837.0 550.0
1 802.0 551.0
1 892.0 551.0
1 1090.0 551.0
1 774.0 552.0
1 1136.0 552.0
1 758.0 553.0
1 853.0 553.0
1 864.0 553.0
1 1020.0 553.0
1 793.0 554.0
1 820.0 555.0
1 902.0 555.0
1 1157.0 555.0
1 835.0 556.0
1 1089.0 556.0
1 1149.0 556.0
1 766.0 557.0
1 847.0 557.0
1 1010.0 557.0
1 878.0 558.0
1 797.0 559.0
1 815.0 559.0
1 910.0 559.0
1 749.0 560.0
1 792.0 560.0
1 862.0 560.0
1 979.0 560.0
1 1024.0 560.0
1 1098.0 560.0
1 1139.0 560.0
1 760.0 562.0
1 771.0 562.0
1 889.0 562.0
1 1086.0 562.0
1 876.0 563.0
1 958.0 563.0
1 919.0 564.0
1 748.0 565.0
1 1116.0 565.0
1 1160.0 565.0
1 890.0 567.0
1 1080.0 567.0
1 764.0 568.0
1 1032.0 568.0
1 848.0 569.0
1 906.0 569.0
1 972.0 569.0
1 1135.0 569.0
1 710.0 570.0
1 1111.0 571.0
1 732.0 572.0
1 741.0 572.0
1 1039.0 572.0
1 914.0 573.0
1 1069.0 573.0
1 824.0 574.0
1 1047.0 574.0
1 1052.0 575.0
1 1058.0 575.0
1 1063.0 575.0
1 1110.0 576.0
1 904.0 577.0
1 959.0 578.0
1 789.0 579.0
1 637.0 580.0
1 923.0 580.0
1 911.0 581.0
1 1152.0 582.0
1 1018.0 583.0
1 945.0 584.0
1 1054.0 584.0
1 802.0 587.0
1 921.0 588.0
1 1049.0 589.0
1 1054.0 589.0
1 788.0 590.0
1 930.0 590.0
1 862.0 592.0
1 1067.0 592.0
1 1086.0 592.0
1 995.0 593.0
1 1113.0 593.0
1 778.0 594.0
1 1143.0 594.0
1 942.0 595.0
1 823.0 597.0
1 833.0 597.0
1 803.0 598.0
1 811.0 598.0
1 842.0 599.0
1 822.0 602.0
1 834.0 602.0
1 852.0 602.0
1 734.0 603.0
1 937.0 604.0
1 795.0 605.0
1 869.0 605.0
1 783.0 608.0
1 698.0 610.0
1 823.0 610.0
1 828.0 610.0
1 833.0 610.0
1 639.0 611.0
1 847.0 611.0
1 880.0 612.0
1 660.0 613.0
1 773.0 614.0
1 859.0 614.0
1 997.0 614.0
1 268.0 616.0
1 806.0 616.0
1 869.0 616.0
1 785.0 622.0
1 961.0 622.0
1 660.0 623.0
1 979.0 624.0
1 897.0 625.0
1 641.0 626.0
1 906.0 627.0
1 857.0 628.0
1 755.0 630.0
1 998.0 631.0
1 764.0 632.0
1 719.0 633.0
1 661.0 636.0
1 864.0 636.0
1 783.0 637.0
1 798.0 637.0
1 916.0 637.0
1 138.0 639.0
1 724.0 639.0
1 751.0 639.0
1 731.0 640.0
1 815.0 640.0
1 823.0 640.0
1 760.0 641.0
1 997.0 641.0
1 861.0 642.0
1 918.0 642.0
1 642.0 643.0
1 923.0 644.0
1 824.0 645.0
1 717.0 646.0
1 996.0 646.0
1 906.0 648.0
1 918.0 648.0
1 1134.0 649.0
1 798.0 650.0
1 927.0 650.0
1 662.0 652.0
1 875.0 652.0
1 896.0 652.0
1 747.0 654.0
1 757.0 654.0
1 718.0 656.0
1 833.0 657.0
1 864.0 658.0
1 929.0 659.0
1 899.0 660.0
1 912.0 661.0
1 838.0 662.0
1 719.0 664.0
1 843.0 665.0
1 848.0 667.0
1 820.0 668.0
1 720.0 669.0
1 854.0 669.0
1 868.0 670.0
1 890.0 671.0
1 751.0 673.0
1 880.0 677.0
1 993.0 678.0
1 783.0 679.0
1 849.0 679.0
1 874.0 679.0
1 912.0 679.0
1 854.0 680.0
1 869.0 680.0
1 897.0 681.0
1 935.0 682.0
1 424.0 684.0
1 725.0 687.0
1 816.0 687.0
1 878.0 687.0
1 751.0 688.0
1 1125.0 691.0
1 761.0 692.0
1 856.0 692.0
1 983.0 692.0
1 988.0 692.0
1 1090.0 693.0
1 296.0 694.0
1 847.0 694.0
1 727.0 695.0
1 752.0 695.0
1 932.0 696.0
1 1125.0 696.0
1 888.0 697.0
1 729.0 700.0
1 877.0 700.0
1 423.0 701.0
1 940.0 701.0
1 765.0 702.0
1 910.0 702.0
1 867.0 703.0
1 896.0 703.0
1 1123.0 704.0
1 18.0 705.0
1 758.0 705.0
1 886.0 709.0
1 645.0 710.0
1 876.0 710.0
1 864.0 711.0
1 938.0 711.0
1 928.0 712.0
1 827.0 713.0
1 900.0 713.0
1 624.0 714.0
1 779.0 716.0
1 950.0 716.0
1 895.0 717.0
1 927.0 717.0
1 1122.0 717.0
1 972.0 718.0
1 936.0 719.0
1 419.0 720.0
1 741.0 721.0
1 778.0 721.0
1 887.0 722.0
1 383.0 726.0
1 774.0 726.0
1 853.0 726.0
1 932.0 726.0
1 868.0 727.0
1 918.0 729.0
1 783.0 730.0
1 968.0 730.0
1 456.0 731.0
1 795.0 733.0
1 751.0 734.0
1 926.0 735.0
1 790.0 736.0
1 909.0 737.0
1 802.0 738.0
1 1164.0 738.0
1 922.0 740.0
1 808.0 742.0
1 902.0 742.0
1 1117.0 742.0
1 793.0 744.0
1 798.0 744.0
1 814.0 746.0
1 916.0 747.0
1 803.0 748.0
1 824.0 748.0
1 277.0 749.0
1 885.0 750.0
1 425.0 751.0
1 810.0 752.0
1 910.0 753.0
1 771.0 754.0
1 845.0 754.0
1 854.0 754.0
1 859.0 754.0
1 864.0 754.0
1 871.0 754.0
1 1207.0 754.0
1 817.0 755.0
1 1412.0 755.0
1 334.0 759.0
1 887.0 759.0
1 899.0 759.0
1 845.0 761.0
1 879.0 761.0
1 866.0 763.0
1 871.0 763.0
1 254.0 767.0
1 502.0 768.0
1 1113.0 768.0
1 1023.0 778.0
1 537.0 781.0
1 516.0 783.0
1 871.0 783.0
1 880.0 783.0
1 1470.0 783.0
1 856.0 784.0
1 861.0 784.0
1 866.0 784.0
1 491.0 787.0
1 555.0 790.0
1 458.0 791.0
1 981.0 791.0
1 1413.0 792.0
1 51.0 794.0
1 547.0 796.0
1 478.0 798.0
1 372.0 800.0
1 354.0 802.0
1 415.0 802.0
1 559.0 802.0
1 391.0 803.0
1 445.0 803.0
1 858.0 806.0
1 487.0 807.0
1 1413.0 807.0
1 728.0 808.0
1 1160.0 813.0
1 464.0 816.0
1 207.0 818.0
1 1284.0 818.0
1 863.0 819.0
1 415.0 821.0
1 548.0 822.0
1 495.0 828.0
1 517.0 830.0
1 974.0 830.0
1 342.0 831.0
1 441.0 833.0
1 1198.0 834.0
1 431.0 836.0
1 1241.0 839.0
1 374.0 841.0
1 315.0 842.0
1 412.0 842.0
1 304.0 843.0
1 1278.0 843.0
1 404.0 847.0
1 364.0 849.0
1 212.0 850.0
1 258.0 854.0
1 1159.0 856.0
1 1175.0 860.0
1 1476.0 861.0
1 203.0 863.0
1 1329.0 864.0
1 491.0 866.0
1 142.0 868.0
1 1263.0 868.0
1 232.0 870.0
1 292.0 872.0
1 147.0 874.0
1 156.0 875.0
1 274.0 879.0
1 43.0 880.0
1 57.0 880.0
1 221.0 881.0
1 11.0 883.0
1 145.0 883.0
1 1113.0 884.0
1 354.0 885.0
1 1310.0 885.0
1 887.0 886.0
1 903.0 890.0
1 979.0 893.0
1 1117.0 893.0
1 30.0 894.0
1 1335.0 895.0
1 43.0 896.0
1 1319.0 896.0
1 102.0 897.0
1 1126.0 897.0
1 40.0 902.0
1 63.0 902.0
1 20.0 903.0
1 1089.0 904.0
1 184.0 905.0
1 8.0 906.0
1 1284.0 907.0
1 989.0 909.0
1 1451.0 909.0
1 1095.0 912.0
1 1378.0 924.0
1 759.0 925.0
1 1468.0 925.0
1 1011.0 928.0
1 913.0 931.0
1 1208.0 931.0
1 1141.0 937.0
1 1432.0 939.0
1 796.0 941.0
1 1088.0 941.0
1 856.0 944.0
1 653.0 952.0
1 55.0 956.0
1 792.0 956.0
1 1018.0 958.0
1 329.0 965.0
1 465.0 969.0
1 1019.0 970.0
1 318.0 971.0
1 302.0 973.0
1 930.0 975.0
1 1057.0 975.0
1 516.0 976.0
1 1011.0 982.0
1 1068.0 987.0
1 297.0 988.0
1 443.0 989.0
1 1055.0 989.0
