0 2 1 152.81020701112658
0 3 2 127.53453087706778
0 6 3 153.37595539913528
0 4 4 135.13061639209846
0 10 5 139.33731537648913
0 13 6 222.84753563512288
0 20 7 150.62572570238655
0 5 8 263.8482328395685
0 19 9 295.3370979512122
0 16 10 121.99962201473997
0 17 11 149.66321081750368
0 48 12 137.13640764945976
0 14 13 128.42501004491564
0 41 14 125.94915584297614
0 34 15 106.7734765294211
0 31 16 123.22165429826659
0 53 17 270.4807884452972
0 35 18 109.59989140101702
0 15 19 169.39836738707922
0 26 20 322.148422161268
0 30 21 215.4859404201954
0 38 23 172.40633894709453
0 59 25 345.7308650620142
0 56 26 113.20040626662147
0 47 27 150.09394505721602
0 36 28 114.49207990061694
0 50 29 148.1721678897904
0 66 30 288.17829756959077
0 55 31 132.2801414008174
0 81 32 112.26908579999377
0 76 33 122.1633164965611
0 51 34 134.5853073915478
0 49 35 107.49003774243971
0 58 36 116.74611196334762
0 68 37 123.57234604790497
0 108 39 209.95890980455565
0 69 40 140.36032240376903
0 92 41 230.31739310480307
0 96 42 118.12667322549821
0 105 43 203.86161939159933
0 63 44 125.84404510374931
0 86 45 357.91863722585373
0 54 46 138.44488220164882
0 97 47 105.27380657390285
0 75 49 149.6589253045034
0 101 50 271.3538119770508
0 67 52 199.22786983535084
0 78 53 157.28344602027943
0 102 54 181.42706876048206
0 115 55 105.80241557104948
0 71 56 113.57140894021647
0 77 57 135.87605723323563
0 113 58 112.38590318297138
0 120 59 113.1325228248012
0 73 60 192.52630692316924
0 88 61 107.07832413379175
0 122 62 136.09774965020807
0 124 64 107.39648650231679
0 85 65 112.10806284278651
0 112 66 284.8114296578979
0 138 67 107.54668383938449
0 91 68 120.72089963651078
0 125 69 196.3601566647597
0 100 70 105.39741923195125
0 117 71 114.02673956164465
0 95 72 119.30376479349059
0 104 73 107.84247757462002
0 144 74 138.011055713812
0 89 75 157.11516411051505
0 109 76 160.43003148029487
0 169 77 107.68693282076632
0 99 78 110.62653892346341
0 129 79 160.24119250691763
0 162 80 135.6203680949856
0 141 81 161.67781188758462
0 140 82 171.69120051200713
0 143 83 187.38024744774904
0 166 84 144.18420138948568
0 131 85 162.73614357455614
0 135 86 114.03788494087841
0 148 87 197.1644272803799
0 142 89 131.45704590351676
0 150 90 193.61062020840944
0 154 91 124.00536992438778
0 178 92 137.08880628784766
0 156 93 282.7510750705647
0 116 94 105.79434278388709
0 157 95 168.1596165725448
0 165 96 147.84377950702043
0 172 97 145.03345270178275
0 161 98 113.72222621016495
0 176 99 138.18779707996478
0 137 100 139.81317426987368
0 155 101 192.05649366846762
0 119 102 167.67383606253293
0 188 104 201.34997678630398
0 191 105 209.28361793913112
0 197 106 187.4985862629913
0 146 107 139.66145207914076
0 151 108 158.55151723919593
0 192 109 162.25117438860906
0 164 110 122.0587969960696
0 201 111 174.18477239574952
0 194 112 251.71004822067502
0 206 113 218.242777362127
0 216 114 178.86708876211645
0 198 115 129.69247733019836
0 184 116 263.868857120636
0 202 117 198.57440632911226
0 185 118 239.49355979460663
0 208 121 174.8309053544128
0 212 122 122.7635005550153
0 213 123 163.09310049339476
0 195 124 114.59814900791602
0 121 125 129.93909352830013
0 128 126 186.46103795789725
0 126 127 197.39357244352024
0 205 128 116.45077704922653
0 219 129 107.39684399325733
0 173 130 134.38042506823862
0 189 131 198.37945100550613
0 181 132 108.16316781128262
0 130 134 247.52209626695984
0 183 135 116.66336366945049
0 190 136 123.55702067994004
0 207 137 111.07159036885264
0 220 138 223.96694457593674
0 204 139 364.9782858445635
0 132 140 119.78829795422186
0 200 141 138.00249613746868
0 222 143 132.8027518636632
0 127 144 104.33021727232696
0 215 145 145.82566057035118
0 232 146 122.58479390902363
0 221 147 199.10440367889217
0 139 148 125.05902528117234
0 160 149 193.08916122789176
0 225 150 176.535320341138
0 226 151 172.03113480435132
0 211 152 107.32527641804184
0 235 154 121.07440405162839
0 243 155 126.51870068920394
0 236 156 261.6292240618751
0 199 157 122.8549700994756
0 231 158 181.0108208055865
0 242 159 109.97661265381417
0 149 160 123.46702905371325
0 234 162 207.90463648509
0 239 163 133.2179856337325
0 245 164 154.3783982340892
0 134 165 137.13908676859856
0 136 166 117.94054571105663
0 224 167 112.15142393106905
0 153 168 143.88092023943767
0 252 169 107.36601914683223
0 246 170 127.7986765233723
0 237 171 301.15492693043757
0 223 172 141.59649106519666
0 255 173 155.26917202995656
0 262 174 116.39747884794274
0 256 175 128.45220719885074
0 187 176 177.44307368018036
0 229 177 115.70504166658908
0 240 178 109.03328166065877
0 163 179 120.5384465059604
0 266 180 166.14883602736185
0 152 181 130.19151882666026
0 159 182 126.93141781862047
0 168 183 156.81248815883274
0 171 184 147.86401515478678
0 182 185 114.03146716854276
0 210 186 114.44306501826756
0 253 187 120.90115274381623
0 258 188 123.1989155521483
0 268 189 106.47904290046777
0 270 190 139.04911751318366
0 180 192 108.91745737978498
0 271 194 112.09667731205022
0 265 195 130.99113344246388
0 179 196 105.88069203946104
0 273 197 108.88417065720684
0 264 198 107.44171424483831
0 277 199 134.68962657567053
0 251 201 156.07457360523344
0 275 202 113.51910793547688
0 276 203 132.72342154154802
0 267 205 122.81841987575713
0 250 206 108.56558986846372
0 269 207 140.82443304772903
0 279 210 188.74626818320246
0 174 212 219.75194428586482
0 278 213 120.08998651948741
0 186 214 114.79087796135887
0 214 215 107.03350417515884
0 290 216 157.6353702269452
0 285 217 108.73075250018536
0 282 218 111.85576505804764
0 291 219 112.07252068208047
0 295 220 124.8065549341138
0 300 221 125.97258072424329
0 261 222 243.02457331101039
0 297 224 142.61113486468818
0 293 225 115.10703231312003
0 288 226 127.53647954740906
0 217 228 104.34822414384183
0 233 229 109.81861473884689
0 311 231 224.14599963927614
0 313 232 153.75072431998692
0 302 234 281.301394123296
0 304 235 401.978406966929
0 306 236 182.89744989053767
0 321 237 208.86370184950368
0 303 238 183.80479014730486
0 307 239 196.04468550698405
0 312 240 110.1965035113394
0 228 241 162.67547238014123
0 249 243 208.5617492457961
0 298 244 325.6661808362566
0 329 245 198.92998696069083
0 318 246 113.66741425442974
0 254 247 174.86159096880746
0 257 248 132.143591614531
0 316 249 219.1542273609949
0 320 250 118.8762193300008
0 310 251 307.933126676775
0 317 252 184.1888980657066
0 244 253 122.63490085720522
0 330 254 156.28182045809535
0 326 255 166.97984065608688
0 327 256 352.7623319356819
0 344 257 187.87149831105955
0 343 259 244.61737527929537
0 346 260 206.3240831596976
0 247 261 111.48696323044219
0 322 262 113.03945205981547
0 331 263 110.84281406970105
0 332 264 221.95440395287278
0 296 265 286.2969501243585
0 280 266 402.4594400255717
0 334 267 105.90760773847212
0 350 268 220.5341940589166
0 355 270 221.97366807260087
0 339 271 439.6768310760013
0 357 272 303.09691614556084
0 361 273 325.88429479163887
0 359 274 125.18975401802301
0 342 277 167.80652677668385
0 347 278 269.1948654833231
0 340 279 215.40786441073158
0 345 280 140.8185230419599
0 373 281 183.0222112162797
0 362 282 310.93545758371954
0 375 283 170.83608815749588
0 364 284 133.32265303657366
0 407 285 313.9104587417567
0 389 286 386.0174086386993
0 349 287 205.245291083793
0 390 288 242.33281876007706
0 301 291 175.43192117177855
0 400 292 381.7050577487268
0 366 293 124.66422939111779
0 401 294 320.2669767039651
0 363 295 110.81126779615163
0 369 296 174.21076333901775
0 380 297 157.87848378381025
0 403 298 260.7173667900514
0 392 299 138.0393530096462
0 416 300 231.53393014505497
0 374 301 114.50906058254651
0 283 302 104.03666617409513
0 415 303 423.20501846027446
0 386 307 178.828976807
0 383 308 174.50175019559296
0 384 309 105.34732680125943
0 396 311 140.55924382328953
0 314 312 340.0963049844337
0 428 313 156.45615563163102
0 409 314 344.71487318582444
0 391 315 238.52436682633248
0 421 316 262.95496956081115
0 405 318 207.6601047520776
0 424 320 135.04107885944921
0 433 321 198.59257595059125
0 404 322 139.84198234481235
0 420 323 255.89880954514524
0 418 324 134.1118868988594
0 410 325 238.1148112474411
0 411 326 255.63855791052262
0 408 327 115.98769994519745
0 426 328 238.4343152260883
0 360 329 399.45162714264694
0 434 330 271.2860209941987
0 417 331 235.16301267175496
0 432 333 198.47785522222384
0 441 334 258.32777225690603
0 412 335 212.49016215005815
0 444 336 221.04459188173232
0 414 337 142.77913015890093
0 453 338 205.7938875083541
0 452 339 227.06691573282646
0 435 340 113.20925932798683
0 419 341 210.68781395715646
0 423 343 243.19868911839401
0 427 344 113.6095469524667
0 447 345 248.38827664474798
0 455 346 247.64345057043832
0 461 347 301.13914281901344
0 431 349 107.61553045877352
0 464 350 209.6307843035458
0 429 351 210.48498304894431
0 439 352 132.1575816096235
0 437 353 119.08528460711376
0 451 354 223.23808413706723
0 448 355 112.85041394992619
0 457 356 239.83434674679626
0 466 357 297.341366072541
0 474 358 183.52864473656862
0 440 359 222.2227432121906
0 438 360 188.59134298531183
0 482 361 160.2538812136384
0 450 362 192.77867748428733
0 445 363 112.12094925932425
0 472 364 199.731044545271
0 456 365 129.07116501747944
0 467 366 194.29722912579533
0 471 368 289.47510903272524
0 449 371 121.59447976721303
0 458 372 105.30523940957517
0 503 373 182.80547936488637
0 476 374 238.21588439472475
0 495 375 210.87878962135758
0 463 376 131.0887957519557
0 462 377 126.26087854374623
0 465 378 118.81796029645963
0 459 379 113.03875137077178
0 480 380 206.03091651999264
0 483 381 111.56428712023279
0 497 382 197.7387567216404
0 498 383 232.453866253667
0 501 386 233.73941963794053
0 489 387 354.8035911320335
0 507 388 148.4658140117288
0 477 389 120.35145011694965
0 371 390 198.57534646081314
0 475 391 237.9404889807685
0 493 392 221.8185488927626
0 512 394 200.38565710080434
0 487 395 222.80397254488008
0 478 396 116.02669997466768
0 502 397 294.01180132789915
0 470 398 170.12609266859982
0 491 399 123.6397080498532
0 499 400 156.05186878938625
0 484 401 122.63525045937374
0 504 402 142.0545959493328
0 468 403 105.5193116030628
0 481 404 111.77232503029613
0 528 405 185.91964655664114
0 526 407 316.14779893620664
0 506 408 174.5457753589316
0 529 409 215.5681584347103
0 515 411 113.35688683037901
0 516 413 238.93053579664408
0 517 414 377.5200579560197
0 473 416 272.82091026564694
0 513 417 105.43999782800297
0 520 418 131.0685492108528
0 547 419 185.7860908394473
0 509 421 276.1600730052683
0 545 422 236.47075778691197
0 510 423 152.6903952452439
0 521 425 108.83822897952938
0 511 426 104.94837378404983
0 525 428 108.8143057870279
0 518 429 199.56350431713926
0 519 430 204.0643023552539
0 492 431 163.0533630623043
0 557 433 225.38991335020052
0 563 434 261.84439273624884
0 530 436 186.5266706246234
0 535 437 119.61575439766006
0 522 438 252.20599990604592
0 543 439 118.07920121859938
0 534 440 121.9963662609966
0 532 441 285.25068735910435
0 539 443 118.36257778621864
0 542 444 108.93589435334682
0 541 445 130.67957332504156
0 570 448 229.3542762975995
0 536 449 157.1229626582799
0 544 450 118.84941476431183
0 540 451 156.15355475821502
0 546 452 224.05688516995426
0 568 453 165.8743910915219
0 550 454 203.28113605757082
0 551 455 152.34334407904427
0 533 457 275.6425154663904
0 555 458 173.37849224968744
0 556 459 116.62515058471708
0 548 460 138.90048562799606
0 564 461 116.29661500590349
0 485 462 207.44356332931687
0 558 463 126.92555050232048
0 562 465 162.6811352140441
0 577 466 129.76603663490067
0 553 467 173.37327849639962
0 561 468 203.54534618793542
0 573 469 328.014196495316
0 566 470 127.44954538237789
0 559 472 142.2797300341121
0 583 475 287.9475416003495
0 552 476 289.3299382873068
0 579 477 234.4603014013564
0 565 478 345.3779201422913
0 572 479 121.82040634355424
0 576 480 136.86320618306672
0 578 481 113.65906688848541
0 597 482 199.87738501747847
0 500 484 149.8083688376174
0 569 485 282.549456886206
0 596 486 245.42471006041114
0 592 487 336.69166418403995
0 582 488 119.0909059289074
0 524 489 256.1507918937876
0 580 490 220.27018954388495
0 589 491 160.6367094917197
0 581 492 106.84330281595378
0 586 493 221.42901639638518
0 588 494 108.79827346489863
0 591 496 110.34889190801873
0 593 498 228.54510240771626
0 584 500 303.9453140993519
0 623 501 112.44197269351321
0 600 503 104.45780082456906
0 595 505 230.88212708826114
0 598 507 166.67230611915033
0 606 509 204.01525601505588
0 612 510 163.7967154382836
0 611 511 278.93719596328526
0 615 512 228.4126140355069
0 607 514 279.6400978102697
0 610 516 416.4182128313461
0 629 517 223.16825674939938
0 614 518 207.98574652123926
0 609 520 307.2900732773996
0 618 521 169.4398034899282
0 634 523 214.85186495920306
0 650 524 130.1453347140233
0 626 525 166.37675812956732
0 602 526 178.09746753905736
0 621 528 226.0192999702408
0 639 529 134.48112811677464
0 645 530 233.38903094023743
0 627 531 148.08260779497445
0 635 532 305.17392934706044
0 628 533 132.59154048885873
0 624 535 291.0696110982198
0 633 536 493.1976667702906
0 632 537 144.86853201029203
0 649 538 183.04561417902804
0 638 540 152.22317188466863
0 605 541 235.98661657894002
0 648 542 173.36303107050836
0 642 544 116.94212105197343
0 630 545 330.8230776936188
0 636 547 217.6977407581187
0 644 548 119.62955460116495
0 659 549 267.31123050409354
0 663 550 224.603717165751
0 646 552 207.35118909314903
0 655 553 459.634484744856
0 631 555 107.25078736611324
0 664 556 216.41228091956944
0 653 558 197.10012667957938
0 671 559 267.16775568598024
0 656 560 188.41597516000328
0 668 561 213.12417445139366
0 658 564 204.28705047792897
0 661 567 260.44225403449775
0 662 568 226.0507732576364
0 660 569 167.64081342268332
0 681 572 225.35185841364114
0 651 574 107.4983369592811
0 673 575 225.43999166889225
0 641 576 221.8115691548522
0 669 578 154.92667787901397
0 647 579 104.58424293502857
0 674 580 278.5586332887643
0 672 581 355.39825243415646
0 693 582 207.97087032153692
0 690 583 277.1737921899025
0 665 585 104.16970234932346
0 666 586 121.49079018686835
0 680 587 293.0644774599426
0 679 588 253.67503900447326
0 698 589 151.52475180995103
0 677 590 267.07756953785287
0 704 591 239.7538556866712
0 688 592 230.61409817914526
0 692 593 134.94253132424882
0 675 596 156.53286546062867
0 703 598 216.07014713238414
0 708 599 160.7808614875905
0 705 600 139.92735747705973
0 701 603 140.42807537668884
0 706 605 213.58809956461155
0 683 606 104.09978608845918
0 684 608 119.52845537838708
0 678 610 129.2418844313411
0 685 611 106.53267314447929
0 686 612 108.21883647897323
0 687 613 109.08232433319841
0 710 614 146.07216169650135
0 722 615 401.0854292956776
0 713 616 187.71997959577112
0 695 617 109.11904658615015
0 691 618 109.39391971422975
0 694 619 106.10514449959707
0 709 620 250.55280104180358
0 712 621 283.9774269880872
0 730 623 335.4123017180438
0 719 625 110.48599117308837
0 718 630 113.91272158614547
0 720 633 122.21505580939096
0 714 635 205.62556455299662
0 725 636 134.1343929843267
0 724 637 109.1824960917504
0 729 638 132.11706664041736
0 723 640 336.6839615414216
0 734 642 106.37226796488575
0 738 645 109.72915619254083
0 741 650 188.87969226640104
0 744 652 248.4342344097938
0 746 654 103.78169516621188
0 745 655 113.24019862575942
0 743 656 174.6331834375304
0 747 659 244.8089804647809
0 749 660 112.52301973906155
0 755 662 105.60115755053032
0 775 664 317.4899071888104
0 751 665 108.0525379621671
0 762 666 199.21703500425158
0 776 668 155.86826667186932
0 786 670 144.29989220437116
0 774 672 254.8199761890604
0 802 674 139.95611922869878
0 782 676 110.89711217775672
0 804 677 138.1342995227154
0 811 681 132.83770366417363
0 814 682 151.3615553094996
0 806 683 131.9866572230985
0 816 684 193.36761202775548
0 807 685 131.99307448484853

0 871.0 75.0
0 809.0 306.0
0 855.0 309.0
0 870.0 310.0
0 799.0 312.0
0 782.0 313.0
0 836.0 317.0
0 845.0 317.0
0 863.0 317.0
0 748.0 318.0
0 772.0 318.0
0 800.0 320.0
0 828.0 322.0
0 870.0 324.0
0 847.0 326.0
0 858.0 328.0
0 874.0 331.0
0 730.0 333.0
0 885.0 334.0
0 687.0 336.0
0 629.0 339.0
0 664.0 339.0
0 669.0 339.0
0 674.0 339.0
0 828.0 344.0
0 717.0 345.0
0 693.0 346.0
0 665.0 348.0
0 593.0 349.0
0 629.0 350.0
0 656.0 350.0
0 639.0 351.0
0 848.0 352.0
0 859.0 352.0
0 613.0 354.0
0 604.0 356.0
0 669.0 356.0
0 638.0 358.0
0 1037.0 358.0
0 1024.0 360.0
0 650.0 361.0
0 952.0 361.0
0 972.0 362.0
0 838.0 363.0
0 612.0 364.0
0 698.0 364.0
0 591.0 365.0
0 867.0 365.0
0 664.0 366.0
0 678.0 366.0
0 1043.0 366.0
0 838.0 369.0
0 592.0 370.0
0 669.0 370.0
0 693.0 370.0
0 1033.0 370.0
0 603.0 371.0
0 613.0 371.0
0 847.0 371.0
0 976.0 371.0
0 556.0 374.0
0 637.0 374.0
0 838.0 374.0
0 592.0 375.0
0 853.0 376.0
0 571.0 378.0
0 689.0 379.0
0 826.0 379.0
0 592.0 380.0
0 1049.0 380.0
0 648.0 381.0
0 948.0 381.0
0 612.0 382.0
0 678.0 383.0
0 848.0 384.0
0 554.0 385.0
0 915.0 386.0
0 822.0 387.0
0 570.0 388.0
0 934.0 388.0
0 973.0 388.0
0 1038.0 388.0
0 700.0 390.0
0 705.0 390.0
0 846.0 390.0
0 923.0 390.0
0 944.0 390.0
0 715.0 391.0
0 720.0 391.0
0 695.0 392.0
0 725.0 392.0
0 857.0 392.0
0 988.0 393.0
0 1054.0 393.0
0 648.0 394.0
0 735.0 394.0
0 742.0 394.0
0 755.0 395.0
0 950.0 395.0
0 763.0 396.0
0 899.0 396.0
0 1044.0 396.0
0 678.0 398.0
0 776.0 398.0
0 782.0 398.0
0 787.0 399.0
0 794.0 399.0
0 915.0 399.0
0 922.0 399.0
0 963.0 399.0
0 696.0 400.0
0 799.0 400.0
0 972.0 400.0
0 804.0 401.0
0 809.0 401.0
0 854.0 401.0
0 977.0 401.0
0 1029.0 401.0
0 1056.0 401.0
0 724.0 402.0
0 886.0 402.0
0 983.0 402.0
0 999.0 402.0
0 1015.0 402.0
0 750.0 403.0
0 607.0 404.0
0 612.0 404.0
0 618.0 404.0
0 769.0 404.0
0 819.0 404.0
0 901.0 404.0
0 922.0 404.0
0 934.0 404.0
0 623.0 405.0
0 677.0 405.0
0 699.0 405.0
0 714.0 405.0
0 947.0 405.0
0 972.0 406.0
0 1069.0 406.0
0 601.0 407.0
0 731.0 407.0
0 780.0 407.0
0 959.0 408.0
0 581.0 409.0
0 742.0 409.0
0 1030.0 409.0
0 753.0 410.0
0 626.0 411.0
0 676.0 411.0
0 763.0 411.0
0 768.0 411.0
0 875.0 411.0
0 921.0 411.0
0 981.0 411.0
0 1015.0 411.0
0 1061.0 411.0
0 687.0 412.0
0 783.0 412.0
0 998.0 412.0
0 644.0 413.0
0 649.0 413.0
0 791.0 413.0
0 799.0 413.0
0 811.0 413.0
0 555.0 414.0
0 570.0 414.0
0 896.0 414.0
0 654.0 415.0
0 819.0 415.0
0 922.0 416.0
0 1072.0 417.0
0 693.0 418.0
0 809.0 418.0
0 837.0 418.0
0 1039.0 418.0
0 668.0 419.0
0 683.0 422.0
0 879.0 422.0
0 598.0 423.0
0 1049.0 423.0
0 565.0 424.0
0 572.0 424.0
0 607.0 424.0
0 612.0 424.0
0 646.0 424.0
0 664.0 424.0
0 894.0 424.0
0 969.0 424.0
0 852.0 425.0
0 1008.0 425.0
0 550.0 426.0
0 623.0 426.0
0 695.0 426.0
0 824.0 427.0
0 930.0 427.0
0 580.0 429.0
0 836.0 429.0
0 878.0 429.0
0 946.0 430.0
0 963.0 430.0
0 696.0 431.0
0 819.0 431.0
0 844.0 431.0
0 1005.0 431.0
0 1065.0 431.0
0 675.0 432.0
0 757.0 432.0
0 971.0 432.0
0 976.0 432.0
0 981.0 432.0
0 686.0 433.0
0 550.0 434.0
0 923.0 434.0
0 565.0 435.0
0 631.0 435.0
0 990.0 435.0
0 864.0 436.0
0 883.0 436.0
0 1007.0 437.0
0 1050.0 437.0
0 940.0 438.0
0 697.0 439.0
0 702.0 439.0
0 842.0 439.0
0 872.0 440.0
0 967.0 440.0
0 1069.0 440.0
0 579.0 441.0
0 659.0 441.0
0 548.0 442.0
0 727.0 443.0
0 952.0 443.0
0 703.0 444.0
0 708.0 444.0
0 696.0 445.0
0 771.0 445.0
0 967.0 445.0
0 978.0 445.0
0 739.0 446.0
0 823.0 446.0
0 547.0 447.0
0 552.0 447.0
0 641.0 447.0
0 687.0 447.0
0 839.0 447.0
0 864.0 447.0
0 646.0 448.0
0 651.0 448.0
0 749.0 448.0
0 844.0 448.0
0 679.0 449.0
0 780.0 449.0
0 558.0 452.0
0 767.0 452.0
0 789.0 452.0
0 917.0 452.0
0 922.0 452.0
0 885.0 453.0
0 912.0 453.0
0 932.0 453.0
0 567.0 454.0
0 820.0 454.0
0 870.0 454.0
0 955.0 454.0
0 1070.0 454.0
0 665.0 455.0
0 852.0 455.0
0 907.0 455.0
0 937.0 455.0
0 942.0 456.0
0 680.0 458.0
0 689.0 458.0
0 698.0 458.0
0 969.0 458.0
0 1062.0 458.0
0 707.0 459.0
0 784.0 459.0
0 715.0 460.0
0 807.0 462.0
0 885.0 462.0
0 950.0 462.0
0 724.0 463.0
0 962.0 463.0
0 897.0 465.0
0 687.0 466.0
0 732.0 466.0
0 892.0 466.0
0 955.0 467.0
0 1068.0 467.0
0 710.0 468.0
0 621.0 469.0
0 715.0 469.0
0 818.0 469.0
0 741.0 470.0
0 842.0 470.0
0 887.0 471.0
0 804.0 472.0
0 960.0 472.0
0 974.0 472.0
0 724.0 473.0
0 853.0 473.0
0 575.0 474.0
0 706.0 474.0
0 750.0 474.0
0 1060.0 474.0
0 1065.0 474.0
0 831.0 475.0
0 810.0 476.0
0 873.0 476.0
0 621.0 477.0
0 826.0 477.0
0 631.0 479.0
0 737.0 479.0
0 759.0 479.0
0 892.0 479.0
0 721.0 480.0
0 961.0 480.0
0 1060.0 480.0
0 559.0 481.0
0 693.0 481.0
0 726.0 482.0
0 999.0 483.0
0 767.0 484.0
0 809.0 484.0
0 839.0 484.0
0 972.0 484.0
0 1049.0 484.0
0 962.0 485.0
0 621.0 486.0
0 750.0 486.0
0 891.0 486.0
0 609.0 487.0
0 668.0 487.0
0 963.0 490.0
0 1030.0 490.0
0 775.0 491.0
0 1020.0 491.0
0 757.0 492.0
0 743.0 493.0
0 817.0 493.0
0 1036.0 494.0
0 612.0 495.0
0 893.0 495.0
0 1015.0 495.0
0 963.0 496.0
0 672.0 497.0
0 750.0 497.0
0 783.0 497.0
0 1052.0 497.0
0 767.0 498.0
0 1039.0 499.0
0 847.0 500.0
0 1027.0 500.0
0 640.0 501.0
0 824.0 501.0
0 962.0 503.0
0 635.0 504.0
0 758.0 504.0
0 897.0 504.0
0 1039.0 504.0
0 774.0 505.0
0 601.0 506.0
0 1012.0 507.0
0 665.0 508.0
0 851.0 508.0
0 960.0 508.0
0 1027.0 508.0
0 647.0 509.0
0 769.0 509.0
0 891.0 509.0
0 1039.0 509.0
0 840.0 510.0
0 783.0 511.0
0 656.0 512.0
0 694.0 512.0
0 904.0 513.0
0 1027.0 513.0
0 1039.0 514.0
0 1051.0 514.0
0 952.0 516.0
0 835.0 517.0
0 668.0 518.0
0 773.0 518.0
0 1213.0 518.0
0 642.0 519.0
0 678.0 519.0
0 688.0 519.0
0 751.0 519.0
0 912.0 519.0
0 562.0 520.0
0 1059.0 520.0
0 655.0 521.0
0 694.0 521.0
0 790.0 521.0
0 944.0 521.0
0 1032.0 521.0
0 720.0 522.0
0 859.0 523.0
0 927.0 523.0
0 935.0 523.0
0 1005.0 523.0
0 645.0 524.0
0 978.0 524.0
0 1051.0 524.0
0 779.0 526.0
0 1060.0 526.0
0 720.0 527.0
0 1001.0 528.0
0 798.0 529.0
0 1060.0 531.0
0 623.0 532.0
0 675.0 532.0
0 682.0 532.0
0 687.0 532.0
0 693.0 532.0
0 702.0 533.0
0 1034.0 535.0
0 663.0 536.0
0 772.0 536.0
0 999.0 536.0
0 1060.0 536.0
0 728.0 537.0
0 864.0 537.0
0 563.0 538.0
0 630.0 538.0
0 901.0 538.0
0 715.0 539.0
0 854.0 541.0
0 999.0 541.0
0 1058.0 542.0
0 586.0 543.0
0 936.0 543.0
0 735.0 544.0
0 744.0 544.0
0 807.0 544.0
0 931.0 545.0
0 650.0 546.0
0 704.0 546.0
0 848.0 546.0
0 602.0 547.0
0 1056.0 547.0
0 867.0 548.0
0 950.0 548.0
0 967.0 548.0
0 609.0 549.0
0 709.0 550.0
0 957.0 550.0
0 751.0 551.0
0 999.0 551.0
0 618.0 552.0
0 1055.0 552.0
0 696.0 553.0
0 828.0 553.0
0 812.0 554.0
0 870.0 556.0
0 583.0 557.0
0 684.0 557.0
0 605.0 560.0
0 641.0 560.0
0 1008.0 560.0
0 854.0 562.0
0 564.0 563.0
0 615.0 563.0
0 759.0 563.0
0 1032.0 564.0
0 804.0 565.0
0 1016.0 565.0
0 1024.0 565.0
0 718.0 566.0
0 647.0 567.0
0 604.0 568.0
0 659.0 568.0
0 693.0 568.0
0 826.0 568.0
0 760.0 572.0
0 580.0 573.0
0 659.0 573.0
0 693.0 573.0
0 594.0 576.0
0 602.0 576.0
0 612.0 577.0
0 774.0 578.0
0 660.0 580.0
0 565.0 581.0
0 693.0 582.0
0 766.0 583.0
0 755.0 586.0
0 651.0 587.0
0 579.0 590.0
0 696.0 590.0
0 661.0 593.0
0 1025.0 594.0
0 700.0 596.0
0 613.0 597.0
0 569.0 599.0
0 605.0 600.0
0 580.0 604.0
0 665.0 606.0
0 708.0 606.0
0 581.0 609.0
0 774.0 609.0
0 567.0 611.0
0 642.0 611.0
0 667.0 611.0
0 720.0 613.0
0 581.0 614.0
0 690.0 614.0
0 745.0 615.0
0 607.0 616.0
0 669.0 616.0
0 731.0 616.0
0 705.0 617.0
0 583.0 619.0
0 724.0 619.0
0 617.0 620.0
0 752.0 620.0
0 763.0 622.0
0 609.0 624.0
0 724.0 624.0
0 741.0 624.0
0 865.0 625.0
0 603.0 627.0
0 721.0 630.0
0 780.0 630.0
0 622.0 631.0
0 330.0 633.0
0 568.0 633.0
0 587.0 633.0
0 710.0 634.0
0 760.0 634.0
0 614.0 635.0
0 733.0 637.0
0 609.0 638.0
0 695.0 639.0
0 858.0 639.0
0 790.0 640.0
0 674.0 641.0
0 725.0 643.0
0 853.0 643.0
0 684.0 644.0
0 1050.0 644.0
0 710.0 645.0
0 772.0 646.0
0 666.0 648.0
0 851.0 648.0
0 751.0 649.0
0 1049.0 650.0
0 635.0 651.0
0 778.0 652.0
0 743.0 653.0
0 847.0 653.0
0 599.0 656.0
0 687.0 656.0
0 719.0 656.0
0 883.0 656.0
0 834.0 657.0
0 568.0 658.0
0 628.0 658.0
0 774.0 660.0
0 621.0 661.0
0 720.0 662.0
0 633.0 663.0
0 1022.0 663.0
0 638.0 664.0
0 715.0 664.0
0 237.0 665.0
0 764.0 665.0
0 649.0 666.0
0 709.0 666.0
0 312.0 668.0
0 650.0 671.0
0 760.0 671.0
0 769.0 671.0
0 875.0 671.0
0 642.0 672.0
0 1048.0 672.0
0 570.0 674.0
0 611.0 674.0
0 543.0 675.0
0 656.0 675.0
0 651.0 676.0
0 756.0 676.0
0 766.0 676.0
0 783.0 676.0
0 990.0 678.0
0 1033.0 678.0
0 661.0 680.0
0 651.0 681.0
0 749.0 682.0
0 667.0 683.0
0 760.0 684.0
0 656.0 686.0
0 677.0 686.0
0 569.0 687.0
0 798.0 687.0
0 1039.0 688.0
0 662.0 689.0
0 689.0 690.0
0 754.0 690.0
0 732.0 691.0
0 1048.0 691.0
0 703.0 692.0
0 668.0 693.0
0 719.0 693.0
0 724.0 693.0
0 986.0 693.0
0 792.0 694.0
0 1032.0 694.0
0 685.0 696.0
0 78.0 698.0
0 324.0 700.0
0 359.0 700.0
0 401.0 700.0
0 734.0 700.0
0 678.0 701.0
0 727.0 702.0
0 393.0 703.0
0 195.0 704.0
0 259.0 704.0
0 689.0 704.0
0 718.0 706.0
0 762.0 706.0
0 702.0 707.0
0 1201.0 707.0
0 743.0 710.0
0 655.0 711.0
0 1043.0 712.0
0 343.0 714.0
0 1166.0 716.0
0 119.0 726.0
0 234.0 728.0
0 1043.0 728.0
0 65.0 729.0
0 630.0 729.0
0 394.0 731.0
0 260.0 733.0
0 20.0 734.0
0 251.0 735.0
0 1443.0 736.0
0 573.0 739.0
0 1105.0 745.0
0 122.0 746.0
0 1039.0 750.0
0 321.0 757.0
0 704.0 760.0
0 599.0 764.0
0 594.0 766.0
0 984.0 776.0
0 615.0 778.0
0 620.0 779.0
0 701.0 782.0
0 1030.0 789.0
0 725.0 792.0
0 774.0 792.0
0 494.0 793.0
0 1450.0 793.0
0 730.0 795.0
0 591.0 804.0
0 694.0 807.0
0 1169.0 807.0
0 591.0 809.0
0 1327.0 812.0
0 694.0 817.0
0 1011.0 824.0
0 92.0 826.0
0 719.0 831.0
0 697.0 832.0
0 796.0 833.0
0 707.0 841.0
0 292.0 843.0
0 946.0 843.0
0 1141.0 846.0
0 666.0 851.0
0 1202.0 851.0
0 752.0 856.0
0 865.0 856.0
0 910.0 856.0
0 882.0 857.0
0 734.0 858.0
0 515.0 864.0
0 914.0 864.0
0 815.0 866.0
0 55.0 868.0
0 775.0 871.0
0 88.0 875.0
0 191.0 888.0
0 844.0 891.0
0 807.0 893.0
0 787.0 895.0
0 775.0 903.0
0 727.0 906.0
0 1353.0 920.0
0 789.0 922.0
0 1223.0 954.0
0 743.0 988.0
1 820.0 310.0
1 827.0 310.0
1 832.0 313.0
1 884.0 319.0
1 822.0 320.0
1 893.0 320.0
1 898.0 321.0
1 845.0 325.0
1 792.0 327.0
1 868.0 329.0
1 802.0 330.0
1 725.0 335.0
1 852.0 335.0
1 860.0 336.0
1 898.0 336.0
1 700.0 337.0
1 792.0 337.0
1 818.0 338.0
1 759.0 339.0
1 764.0 339.0
1 871.0 339.0
1 623.0 340.0
1 628.0 340.0
1 662.0 340.0
1 724.0 340.0
1 615.0 341.0
1 642.0 341.0
1 831.0 341.0
1 747.0 343.0
1 841.0 343.0
1 676.0 344.0
1 903.0 345.0
1 700.0 346.0
1 756.0 346.0
1 884.0 347.0
1 914.0 347.0
1 600.0 348.0
1 635.0 348.0
1 692.0 348.0
1 730.0 349.0
1 860.0 349.0
1 873.0 349.0
1 645.0 351.0
1 709.0 351.0
1 721.0 351.0
1 685.0 352.0
1 773.0 352.0
1 675.0 355.0
1 851.0 355.0
1 612.0 356.0
1 637.0 356.0
1 625.0 357.0
1 899.0 357.0
1 744.0 358.0
1 598.0 360.0
1 649.0 360.0
1 706.0 360.0
1 660.0 361.0
1 684.0 361.0
1 739.0 361.0
1 586.0 364.0
1 725.0 364.0
1 716.0 365.0
1 621.0 366.0
1 636.0 366.0
1 736.0 366.0
1 669.0 368.0
1 599.0 369.0
1 648.0 369.0
1 658.0 370.0
1 684.0 373.0
1 612.0 375.0
1 727.0 377.0
1 559.0 378.0
1 685.0 378.0
1 690.0 379.0
1 885.0 379.0
1 621.0 380.0
1 680.0 380.0
1 932.0 380.0
1 567.0 381.0
1 873.0 382.0
1 668.0 383.0
1 704.0 383.0
1 995.0 383.0
1 577.0 384.0
1 719.0 384.0
1 989.0 384.0
1 647.0 385.0
1 560.0 386.0
1 884.0 386.0
1 600.0 387.0
1 987.0 389.0
1 1066.0 389.0
1 865.0 391.0
1 621.0 392.0
1 1006.0 392.0
1 893.0 393.0
1 1059.0 393.0
1 576.0 394.0
1 658.0 395.0
1 1081.0 395.0
1 708.0 396.0
1 981.0 396.0
1 690.0 397.0
1 862.0 400.0
1 990.0 400.0
1 559.0 401.0
1 1064.0 401.0
1 943.0 403.0
1 953.0 405.0
1 705.0 406.0
1 691.0 407.0
1 871.0 407.0
1 891.0 407.0
1 1074.0 407.0
1 658.0 408.0
1 980.0 408.0
1 971.0 410.0
1 686.0 411.0
1 1012.0 411.0
1 615.0 413.0
1 861.0 413.0
1 934.0 413.0
1 878.0 414.0
1 1090.0 414.0
1 629.0 415.0
1 589.0 416.0
1 624.0 416.0
1 966.0 416.0
1 697.0 417.0
1 955.0 417.0
1 608.0 418.0
1 1011.0 418.0
1 562.0 419.0
1 972.0 420.0
1 577.0 421.0
1 927.0 421.0
1 850.0 422.0
1 635.0 423.0
1 714.0 423.0
1 1079.0 423.0
1 708.0 424.0
1 719.0 424.0
1 872.0 424.0
1 863.0 425.0
1 943.0 425.0
1 985.0 425.0
1 728.0 426.0
1 650.0 427.0
1 739.0 428.0
1 952.0 428.0
1 571.0 429.0
1 665.0 429.0
1 882.0 429.0
1 1086.0 429.0
1 1095.0 429.0
1 750.0 430.0
1 1000.0 430.0
1 578.0 431.0
1 689.0 431.0
1 980.0 431.0
1 1009.0 431.0
1 607.0 432.0
1 706.0 432.0
1 759.0 432.0
1 869.0 432.0
1 875.0 432.0
1 615.0 433.0
1 843.0 433.0
1 1074.0 433.0
1 621.0 434.0
1 771.0 434.0
1 929.0 434.0
1 556.0 435.0
1 643.0 435.0
1 779.0 435.0
1 1016.0 435.0
1 1021.0 435.0
1 588.0 436.0
1 633.0 437.0
1 962.0 437.0
1 656.0 438.0
1 713.0 439.0
1 1011.0 439.0
1 1095.0 439.0
1 572.0 440.0
1 687.0 440.0
1 799.0 440.0
1 952.0 440.0
1 728.0 441.0
1 805.0 441.0
1 996.0 441.0
1 1001.0 441.0
1 1006.0 441.0
1 766.0 442.0
1 1072.0 442.0
1 814.0 443.0
1 879.0 443.0
1 699.0 444.0
1 747.0 444.0
1 821.0 444.0
1 1066.0 444.0
1 1080.0 444.0
1 1111.0 444.0
1 787.0 445.0
1 826.0 445.0
1 978.0 445.0
1 1017.0 445.0
1 1059.0 445.0
1 677.0 446.0
1 901.0 446.0
1 1035.0 446.0
1 1051.0 446.0
1 641.0 447.0
1 757.0 447.0
1 831.0 447.0
1 586.0 448.0
1 766.0 449.0
1 839.0 449.0
1 1006.0 449.0
1 771.0 450.0
1 992.0 450.0
1 706.0 451.0
1 922.0 451.0
1 780.0 452.0
1 785.0 452.0
1 830.0 452.0
1 554.0 453.0
1 695.0 453.0
1 619.0 454.0
1 800.0 454.0
1 1068.0 454.0
1 671.0 456.0
1 807.0 456.0
1 1015.0 456.0
1 1095.0 456.0
1 1111.0 456.0
1 812.0 457.0
1 819.0 457.0
1 904.0 457.0
1 1001.0 457.0
1 1034.0 457.0
1 1052.0 457.0
1 566.0 458.0
1 832.0 458.0
1 960.0 458.0
1 575.0 459.0
1 648.0 459.0
1 653.0 461.0
1 686.0 461.0
1 708.0 462.0
1 840.0 462.0
1 925.0 462.0
1 658.0 463.0
1 829.0 463.0
1 1076.0 463.0
1 665.0 464.0
1 999.0 465.0
1 1031.0 465.0
1 1090.0 465.0
1 709.0 467.0
1 860.0 467.0
1 867.0 467.0
1 903.0 467.0
1 961.0 470.0
1 1088.0 470.0
1 1102.0 470.0
1 876.0 471.0
1 767.0 473.0
1 1042.0 474.0
1 845.0 475.0
1 1088.0 475.0
1 858.0 477.0
1 779.0 478.0
1 839.0 478.0
1 867.0 479.0
1 975.0 479.0
1 952.0 480.0
1 1020.0 480.0
1 675.0 481.0
1 738.0 481.0
1 908.0 481.0
1 584.0 482.0
1 751.0 482.0
1 887.0 482.0
1 760.0 483.0
1 919.0 483.0
1 1000.0 483.0
1 925.0 484.0
1 1029.0 484.0
1 1042.0 485.0
1 774.0 486.0
1 894.0 486.0
1 1063.0 486.0
1 1089.0 486.0
1 1105.0 486.0
1 865.0 487.0
1 697.0 488.0
1 941.0 488.0
1 968.0 488.0
1 631.0 489.0
1 723.0 489.0
1 1015.0 489.0
1 706.0 490.0
1 734.0 490.0
1 788.0 490.0
1 755.0 491.0
1 780.0 491.0
1 663.0 492.0
1 687.0 492.0
1 743.0 492.0
1 844.0 492.0
1 984.0 492.0
1 650.0 494.0
1 677.0 494.0
1 771.0 494.0
1 799.0 494.0
1 888.0 494.0
1 682.0 495.0
1 866.0 496.0
1 999.0 496.0
1 840.0 497.0
1 1004.0 497.0
1 634.0 498.0
1 671.0 498.0
1 807.0 498.0
1 938.0 498.0
1 642.0 499.0
1 853.0 499.0
1 786.0 500.0
1 895.0 501.0
1 980.0 501.0
1 825.0 502.0
1 875.0 502.0
1 968.0 502.0
1 1000.0 502.0
1 815.0 503.0
1 848.0 503.0
1 687.0 505.0
1 820.0 505.0
1 661.0 506.0
1 802.0 508.0
1 936.0 508.0
1 954.0 508.0
1 910.0 509.0
1 959.0 509.0
1 729.0 510.0
1 793.0 510.0
1 918.0 510.0
1 931.0 510.0
1 1012.0 510.0
1 652.0 511.0
1 682.0 512.0
1 687.0 512.0
1 968.0 512.0
1 692.0 513.0
1 700.0 513.0
1 674.0 514.0
1 1000.0 514.0
1 634.0 515.0
1 709.0 515.0
1 738.0 515.0
1 863.0 515.0
1 924.0 515.0
1 666.0 516.0
1 842.0 516.0
1 714.0 517.0
1 719.0 517.0
1 911.0 517.0
1 748.0 518.0
1 571.0 519.0
1 727.0 519.0
1 976.0 519.0
1 876.0 520.0
1 992.0 521.0
1 682.0 522.0
1 737.0 522.0
1 809.0 522.0
1 757.0 523.0
1 823.0 523.0
1 916.0 523.0
1 656.0 524.0
1 833.0 524.0
1 897.0 524.0
1 697.0 525.0
1 851.0 525.0
1 1012.0 525.0
1 651.0 526.0
1 745.0 526.0
1 984.0 527.0
1 917.0 528.0
1 1005.0 528.0
1 673.0 529.0
1 711.0 530.0
1 818.0 530.0
1 845.0 530.0
1 856.0 530.0
1 648.0 531.0
1 688.0 531.0
1 724.0 531.0
1 755.0 531.0
1 1025.0 531.0
1 988.0 532.0
1 1030.0 532.0
1 1095.0 532.0
1 916.0 533.0
1 701.0 534.0
1 1086.0 534.0
1 765.0 535.0
1 860.0 535.0
1 1011.0 535.0
1 1058.0 535.0
1 998.0 536.0
1 1053.0 536.0
1 717.0 537.0
1 736.0 538.0
1 916.0 538.0
1 827.0 539.0
1 1067.0 540.0
1 778.0 541.0
1 730.0 543.0
1 763.0 543.0
1 916.0 543.0
1 704.0 544.0
1 858.0 544.0
1 991.0 544.0
1 1047.0 544.0
1 751.0 545.0
1 1072.0 545.0
1 1012.0 546.0
1 1086.0 546.0
1 676.0 548.0
1 742.0 548.0
1 764.0 548.0
1 836.0 548.0
1 574.0 549.0
1 1059.0 549.0
1 1073.0 550.0
1 871.0 551.0
1 919.0 551.0
1 992.0 551.0
1 776.0 552.0
1 764.0 553.0
1 791.0 555.0
1 1044.0 555.0
1 920.0 556.0
1 992.0 556.0
1 842.0 557.0
1 1072.0 559.0
1 606.0 560.0
1 651.0 560.0
1 759.0 560.0
1 772.0 560.0
1 673.0 562.0
1 678.0 562.0
1 875.0 562.0
1 990.0 562.0
1 862.0 564.0
1 1083.0 564.0
1 602.0 565.0
1 767.0 565.0
1 1060.0 565.0
1 929.0 566.0
1 781.0 568.0
1 1072.0 568.0
1 626.0 569.0
1 986.0 569.0
1 1008.0 569.0
1 831.0 571.0
1 882.0 571.0
1 657.0 572.0
1 675.0 572.0
1 708.0 572.0
1 776.0 572.0
1 1092.0 572.0
1 665.0 573.0
1 938.0 573.0
1 1064.0 573.0
1 810.0 574.0
1 982.0 574.0
1 1085.0 574.0
1 790.0 575.0
1 855.0 575.0
1 1036.0 575.0
1 575.0 576.0
1 614.0 576.0
1 977.0 576.0
1 643.0 577.0
1 694.0 577.0
1 1092.0 577.0
1 950.0 578.0
1 595.0 579.0
1 665.0 579.0
1 670.0 579.0
1 704.0 579.0
1 967.0 579.0
1 677.0 580.0
1 784.0 580.0
1 962.0 580.0
1 577.0 581.0
1 689.0 581.0
1 726.0 581.0
1 800.0 581.0
1 654.0 582.0
1 607.0 583.0
1 1030.0 583.0
1 761.0 584.0
1 766.0 584.0
1 1091.0 584.0
1 883.0 585.0
1 924.0 585.0
1 803.0 586.0
1 1069.0 586.0
1 720.0 587.0
1 632.0 588.0
1 685.0 590.0
1 698.0 590.0
1 1028.0 591.0
1 1088.0 591.0
1 672.0 592.0
1 638.0 593.0
1 713.0 593.0
1 944.0 593.0
1 591.0 594.0
1 874.0 594.0
1 731.0 595.0
1 746.0 595.0
1 792.0 595.0
1 811.0 595.0
1 960.0 595.0
1 828.0 596.0
1 1089.0 596.0
1 696.0 598.0
1 610.0 599.0
1 660.0 599.0
1 1029.0 599.0
1 797.0 600.0
1 781.0 601.0
1 976.0 601.0
1 1086.0 602.0
1 616.0 603.0
1 995.0 603.0
1 868.0 604.0
1 625.0 606.0
1 740.0 606.0
1 710.0 607.0
1 787.0 608.0
1 1034.0 608.0
1 1077.0 608.0
1 821.0 609.0
1 894.0 609.0
1 588.0 610.0
1 1039.0 612.0
1 337.0 613.0
1 613.0 613.0
1 650.0 613.0
1 750.0 613.0
1 622.0 615.0
1 671.0 615.0
1 1048.0 615.0
1 1056.0 615.0
1 1061.0 615.0
1 757.0 616.0
1 874.0 617.0
1 710.0 618.0
1 658.0 620.0
1 809.0 620.0
1 847.0 622.0
1 710.0 623.0
1 764.0 623.0
1 404.0 625.0
1 602.0 625.0
1 748.0 625.0
1 304.0 627.0
1 464.0 628.0
1 610.0 628.0
1 815.0 628.0
1 620.0 629.0
1 670.0 629.0
1 712.0 631.0
1 1053.0 640.0
1 661.0 641.0
1 779.0 644.0
1 586.0 645.0
1 603.0 646.0
1 721.0 646.0
1 335.0 647.0
1 622.0 647.0
1 673.0 647.0
1 686.0 649.0
1 614.0 650.0
1 774.0 654.0
1 676.0 655.0
1 711.0 655.0
1 736.0 655.0
1 779.0 655.0
1 784.0 655.0
1 703.0 656.0
1 614.0 659.0
1 653.0 660.0
1 1056.0 661.0
1 326.0 662.0
1 721.0 663.0
1 777.0 663.0
1 1078.0 664.0
1 617.0 666.0
1 735.0 668.0
1 741.0 669.0
1 755.0 669.0
1 760.0 669.0
1 746.0 670.0
1 679.0 671.0
1 1449.0 672.0
1 617.0 673.0
1 721.0 673.0
1 186.0 674.0
1 593.0 675.0
1 883.0 677.0
1 733.0 678.0
1 522.0 680.0
1 595.0 680.0
1 769.0 680.0
1 789.0 680.0
1 878.0 681.0
1 628.0 682.0
1 633.0 682.0
1 623.0 684.0
1 618.0 687.0
1 778.0 688.0
1 875.0 688.0
1 905.0 688.0
1 685.0 690.0
1 795.0 690.0
1 735.0 691.0
1 740.0 691.0
1 1072.0 691.0
1 767.0 693.0
1 690.0 694.0
1 724.0 694.0
1 758.0 695.0
1 1072.0 696.0
1 676.0 697.0
1 623.0 698.0
1 645.0 699.0
1 774.0 699.0
1 606.0 701.0
1 553.0 702.0
1 724.0 702.0
1 738.0 702.0
1 795.0 702.0
1 895.0 703.0
1 782.0 704.0
1 643.0 705.0
1 383.0 707.0
1 715.0 709.0
1 634.0 711.0
1 614.0 712.0
1 647.0 713.0
1 793.0 714.0
1 719.0 718.0
1 784.0 718.0
1 661.0 719.0
1 747.0 719.0
1 856.0 719.0
1 1013.0 719.0
1 1058.0 719.0
1 654.0 720.0
1 737.0 720.0
1 620.0 721.0
1 742.0 721.0
1 792.0 721.0
1 662.0 724.0
1 654.0 725.0
1 667.0 726.0
1 1059.0 727.0
1 789.0 729.0
1 678.0 730.0
1 92.0 731.0
1 659.0 731.0
1 673.0 731.0
1 777.0 731.0
1 629.0 732.0
1 1009.0 732.0
1 1054.0 734.0
1 331.0 735.0
1 362.0 736.0
1 408.0 736.0
1 667.0 736.0
1 677.0 736.0
1 784.0 737.0
1 204.0 738.0
1 689.0 738.0
1 770.0 739.0
1 264.0 740.0
1 399.0 740.0
1 285.0 741.0
1 779.0 742.0
1 762.0 743.0
1 314.0 744.0
1 643.0 744.0
1 680.0 745.0
1 421.0 748.0
1 708.0 748.0
1 773.0 748.0
1 746.0 750.0
1 736.0 751.0
1 411.0 752.0
1 767.0 752.0
1 707.0 754.0
1 747.0 759.0
1 326.0 760.0
1 728.0 760.0
1 739.0 760.0
1 407.0 764.0
1 1088.0 765.0
1 1251.0 765.0
1 167.0 766.0
1 124.0 769.0
1 756.0 770.0
1 71.0 772.0
1 295.0 774.0
1 688.0 774.0
1 599.0 776.0
1 26.0 777.0
1 265.0 778.0
1 1343.0 780.0
1 368.0 781.0
1 93.0 782.0
1 257.0 782.0
1 718.0 782.0
1 1151.0 782.0
1 723.0 783.0
1 953.0 789.0
1 128.0 796.0
1 1190.0 801.0
1 492.0 806.0
1 37.0 809.0
1 717.0 819.0
1 1442.0 822.0
1 1083.0 828.0
1 634.0 843.0
1 1160.0 845.0
1 1468.0 851.0
1 1049.0 860.0
1 503.0 861.0
1 787.0 862.0
1 716.0 871.0
1 1334.0 878.0
1 1191.0 885.0
1 135.0 886.0
1 108.0 889.0
1 124.0 889.0
1 257.0 892.0
1 408.0 895.0
1 1356.0 895.0
1 236.0 899.0
1 389.0 899.0
1 434.0 899.0
1 540.0 899.0
1 556.0 899.0
1 325.0 900.0
1 726.0 901.0
1 758.0 901.0
1 1199.0 902.0
1 207.0 903.0
1 84.0 905.0
1 413.0 905.0
1 547.0 907.0
1 245.0 910.0
1 258.0 910.0
1 289.0 912.0
1 473.0 912.0
1 560.0 913.0
1 1175.0 913.0
1 1035.0 914.0
1 808.0 916.0
1 505.0 917.0
1 819.0 917.0
1 27.0 919.0
1 1237.0 919.0
1 215.0 920.0
1 875.0 921.0
1 423.0 923.0
1 441.0 923.0
1 812.0 924.0
1 301.0 925.0
1 489.0 925.0
1 263.0 927.0
1 984.0 927.0
1 360.0 930.0
1 810.0 935.0
1 208.0 938.0
1 368.0 938.0
1 318.0 940.0
1 169.0 941.0
1 963.0 942.0
1 446.0 943.0
1 245.0 944.0
1 633.0 944.0
1 714.0 945.0
1 358.0 946.0
1 1224.0 947.0
1 969.0 948.0
1 924.0 949.0
1 805.0 952.0
1 62.0 956.0
1 90.0 957.0
1 690.0 957.0
1 609.0 958.0
1 618.0 958.0
1 927.0 958.0
1 156.0 959.0
1 213.0 959.0
1 826.0 961.0
1 968.0 962.0
1 786.0 966.0
1 953.0 966.0
1 347.0 967.0
1 1207.0 967.0
1 925.0 968.0
1 368.0 976.0
1 543.0 976.0
1 581.0 976.0
1 290.0 982.0
1 1199.0 982.0
1 748.0 983.0
1 1151.0 987.0
1 907.0 989.0
