0 1 1 472.1971972781955
0 19 4 257.9698066812044
0 4 5 468.0375309545707
0 20 8 461.8032431646836
0 21 9 237.1437500627235
0 60 11 220.06756329566377
0 29 12 463.62393141372326
0 27 19 387.2434057869489
0 5 22 474.671446611007
0 35 25 164.99741497215476
0 31 27 216.0487223065985
0 75 29 279.8769838300848
0 10 30 292.1581356730295
0 23 31 348.3939240649325
0 17 33 419.0902820429795
0 44 36 364.9595089849212
0 13 42 239.62652051689076
0 36 47 242.9921380157877
0 56 51 321.2660672853884
0 7 53 181.40215562714093
0 16 55 177.86875539167994
0 68 56 188.35084605791928
0 37 57 194.26193053601452
0 26 59 134.20240745316514
0 25 60 157.6327338944349
0 40 62 281.65678605826093
0 6 63 310.17134264081886
0 18 64 293.14023636475144
0 65 65 333.62417939789333
0 57 66 172.18756574848848
0 14 67 138.26550029676798
0 49 69 179.23952863933448
0 53 70 221.395661495314
0 78 71 138.3212206606058
0 61 72 130.09445199319086
0 12 74 136.5453010489282
0 72 75 129.80674927604093
0 45 77 249.59095920199164
0 70 79 146.4854381274413
0 73 81 262.6835067741864
0 166 83 204.27205199939488
0 125 84 168.66748072116408
0 94 85 158.15455980205343
0 33 86 258.5463676914435
0 127 87 219.9953921806328
0 102 88 353.6836584210759
0 212 92 208.1053748596017
0 24 93 223.18295205905142
0 8 95 279.2339465016816
0 182 97 202.89667954915603
0 196 100 144.0223180641768
0 149 101 328.8730963531664
0 214 104 157.34174004012974
0 160 106 300.3839303738458
0 47 109 173.53381228200593
0 192 116 164.66250852647747
0 76 118 279.4875566585133
0 176 119 497.16828568272604
0 241 121 205.0646916564423
0 185 122 174.274806131253
0 58 123 199.24667981897133
0 228 124 224.30359756840224
0 42 129 299.19342578303645
0 253 131 226.63855594044873
0 215 134 247.95300998472055
0 89 135 136.25697163865965
0 83 136 178.3617845261742
0 87 142 180.18350622042334
0 110 147 165.50574093422088
0 90 148 233.03163137612387
0 64 149 199.71066906914743
0 62 151 280.8328326297538
0 71 153 499.9115325605767
0 177 155 336.49711157141445
0 100 156 234.09323005290298
0 135 158 162.19029973932138
0 96 159 135.1449847695005
0 39 164 437.2035722957433
0 136 165 144.00267522059755
0 97 167 156.59593914258176
0 67 168 150.10039070153604
0 74 169 346.28686577887896
0 107 170 293.2260789054106
0 99 172 164.75682992574795
0 55 174 124.7879238798258
0 120 175 272.74209735598663
0 172 176 136.5967405442761
0 141 179 141.9850484737671
0 91 180 181.9998134138113
0 128 182 276.1376871902451
0 206 184 314.8062681986528
0 59 187 348.07480410281903
0 145 188 161.72292997652121
0 84 190 174.42263337670366
0 130 192 155.92400909788196
0 291 196 136.370849153446
0 105 197 241.08344035162062
0 77 198 154.82513991252497
0 86 200 485.5462284950786
0 201 202 225.34176405394516
0 147 203 155.98074852130722
0 80 204 259.26093735754125
0 319 205 377.00952399143614
0 106 206 274.0415570168812
0 111 209 215.05460255403696
0 150 211 187.50313348716804
0 142 213 153.33859718696712
0 310 214 219.8083314892835
0 151 215 243.6458016260465
0 153 217 233.88835038552673
0 115 218 203.89038307735254
0 132 219 355.28438214147724
0 81 220 164.57985394694725
0 114 222 152.38154751065053
0 98 224 206.8483338055387
0 158 226 152.99109376600094
0 129 228 120.1825588032358
0 137 229 476.7669947470201
0 229 231 367.8738461332685
0 162 235 187.16905017699224
0 152 236 187.88368003139232
0 109 237 367.31750453257
0 101 238 238.00220876597794
0 167 239 122.15289206736503
0 163 241 140.3400456507066
0 164 243 214.85370843265937
0 92 244 168.6457619112766
0 223 249 482.91678327218756
0 178 250 133.4762089298627
0 207 253 128.3185054210945
0 173 254 135.22910103749538
0 169 256 158.49489883881805
0 112 257 237.48799623126956
0 143 258 365.2443466717899
0 187 265 132.19621520418917
0 117 266 259.6142417553578
0 121 268 307.2136037273867
0 231 273 268.8756807746187
0 174 274 202.9245456859495
0 122 275 215.0455749882798
0 123 276 291.0121810021465
0 198 279 272.30517393457734
0 170 280 367.80295643826105
0 234 282 295.12341961614044
0 154 283 487.81679643229864
0 236 286 458.3488589030668
0 188 287 436.0068915073567
0 171 289 464.9256726381518
0 189 291 136.85779143718653
0 226 292 325.44917936049876
0 239 295 378.2563030538669
0 202 297 137.11645766966973
0 218 298 231.74997294305206
0 194 300 184.9101504964306
0 197 303 149.36969418112952
0 146 306 213.11260112857912
0 203 307 232.26261604328832
0 155 308 461.73013229882747
0 159 312 276.68044471475747
0 266 314 305.1474531465005
0 217 325 320.8276355305769
0 224 328 222.6852372021182
0 254 330 300.05665000908994
0 240 331 137.2092631457736
0 246 338 179.0423762673779
0 255 341 271.10521338777454
0 245 344 172.58985034141529
0 312 345 471.07093271868683
0 250 356 144.09266334986694
0 227 357 451.872440667592
0 204 360 197.09394435859474
0 205 361 124.36788134254499
0 210 364 256.3142720539993
0 263 367 145.96709853300473
0 262 370 167.54572195677542
0 267 378 115.88769682505506
0 221 379 383.0623197176376
0 180 380 123.58171241078249
0 258 383 191.33446343559604
0 293 386 190.8544394443963
0 279 388 193.567150795603
0 238 393 389.3438085280211
0 219 400 173.32978902222987
0 385 402 396.0623266644696
0 280 409 175.77389756129298
0 311 414 260.43604818804306
0 295 417 141.05280857689579
0 220 420 255.75268057050852
0 275 424 241.23223699435718
0 297 430 222.60943407617347
0 301 431 226.98810069742774
0 307 433 268.8151735615661
0 284 437 241.91209751107854
0 259 438 273.79285944621347
0 237 439 274.68259522511624
0 287 440 274.9793034723127
0 256 441 286.1733013998721
0 296 446 193.08336128979911
0 257 447 248.4572104717361
0 324 451 326.3196866733374
0 393 453 398.7881768446033
0 325 463 334.9216336986275
0 269 464 258.53158661490244
0 315 468 252.7817347395935
0 357 471 387.92721851186957
0 274 473 361.9602125046075
0 281 476 205.43210747277985
0 431 480 249.80384612864862
0 368 482 350.1012498894014
0 305 486 197.24697232088167
0 318 487 464.00437088315334
0 348 489 451.71041688374174
0 358 490 445.96228508005294
0 364 491 478.6248008727366
0 340 492 126.4139520266095
0 331 493 253.01906508871988
0 288 499 215.04845545745886
0 350 501 386.261230745464
0 352 503 294.7914895845166
0 326 507 306.33184165018656
0 456 508 438.09090967843474
0 402 509 349.84792227166133
0 322 512 114.50631738856065
0 355 514 172.20594650465537
0 343 516 198.9662238518497
0 391 518 469.69465621072686
0 411 519 391.26517628511596
0 392 520 396.4848315841465
0 388 522 175.1036445344716
0 422 525 276.1850766828849
0 359 527 218.34416125270698
0 317 528 239.662856399628
0 349 529 389.22272686251824
0 440 530 288.18161408827
0 337 532 125.22760796926084
0 372 534 121.75953581452903
0 327 535 141.33138907246206
0 526 536 131.6470507736607
0 365 538 159.352651130656
0 484 539 478.9467133322295
0 458 540 272.5829472860905
0 328 542 269.0585741330061
0 344 543 118.29193356982015
0 398 544 291.6806793984331
0 376 545 217.25327771175432
0 433 546 335.1494469216369
0 335 547 158.25458672521737
0 450 550 178.70681924384672
0 416 551 205.8117486486609
0 381 556 190.61725701924212
0 334 559 287.9467261649361
0 419 562 376.5036219240463
0 389 564 177.93151575506707
0 353 566 123.45496376459133
0 363 567 117.89145033427211
0 383 568 194.4365237881222
0 351 569 163.909757687891
0 360 573 203.75685296206026
0 410 574 492.12595411058624
0 446 577 262.4240967194829
0 394 578 283.15558209055985
0 366 579 249.92489836364388
0 403 580 129.96114694328764
0 480 582 176.09201463380637
0 371 583 124.5476492370005
0 481 584 130.73566208184724
0 367 585 203.6327162205808
0 426 586 180.46451831642335
0 380 587 241.01401855498176
0 377 588 174.84517173207774
0 469 589 498.04621718551994
0 423 590 249.44200391962502
0 473 593 308.7891881555094
0 448 594 359.10882567553307
0 409 595 184.89621170977367
0 401 598 187.3885562320385
0 378 599 163.7169085469821
0 384 600 419.8847678043603
0 428 601 114.7018034211285
0 379 602 152.3858519591916
0 396 608 160.62039246705132
0 439 611 134.6669013695039
0 488 612 326.0431297599775
0 464 613 384.32913929661595
0 435 614 244.24020103809121
0 455 615 245.05096752039276
0 420 616 213.11116639484555
0 436 618 181.23459169323883
0 404 619 115.04656215989888
0 496 620 251.77341374811908
0 429 626 194.43095808135493
0 443 627 136.2557986341135
0 493 628 301.5561386967827
0 461 629 169.3109766736942
0 487 632 400.38336267101454
0 503 633 197.26768316751122
0 490 634 394.5728064120489
0 444 636 113.44043219998039
0 449 637 147.5591011579067
0 454 638 274.1842889538673
0 441 642 260.8576254549732
0 453 643 253.61142202645115
0 518 644 262.38806189569766
0 451 646 308.87753265683824
0 460 649 146.68863222764676
0 510 652 350.79946622796217
0 466 653 301.8214203378101
0 552 654 269.1574007465785
0 467 655 169.1376590629126
0 611 656 118.18819415385613
0 525 657 218.292115510524
0 531 661 185.99182630935084
0 468 662 224.72989594471372
0 465 665 183.75361626447736
0 612 666 119.25558801232701
0 630 667 173.98993387285387
0 508 673 306.1779088465881
0 505 674 277.14178765962663
0 540 675 396.57180298976823
0 538 683 468.45105025976403
0 613 684 415.89590862058793
0 562 685 233.44402661202594
0 521 689 484.0796974144109
0 519 690 468.29783520759145
0 636 694 133.3040831427926
0 578 695 146.72556603007115
0 638 697 130.06443754425192
0 553 698 151.01328003246155
0 575 702 158.71247123213857
0 555 703 228.68745423447322
0 565 706 346.938724445341
0 569 708 278.1426569800151
0 524 710 380.1317177848918
0 580 714 315.66152646921506
0 541 716 357.6965000156172
0 588 717 240.78910987610865
0 635 720 115.36347001588882
0 587 721 291.61502445505613
0 574 722 284.9342186101921
0 547 723 335.724301798194
0 590 727 281.473110327583
0 551 730 441.7720553215146
0 536 732 193.82169950225304
0 603 733 232.34504061484986
0 593 734 220.4948776047076
0 598 737 144.1391856107696
0 596 740 380.01281113898636
0 615 741 208.02739572818382
0 559 742 405.9545607507583
0 582 745 465.2481545745393
0 626 746 114.2714459854881
0 576 747 191.47683955549914
0 620 748 140.42706453459996
0 605 749 344.8881327591507
0 583 750 326.60892049228016
0 589 751 208.24474481099986
0 600 752 211.57818559507442
0 599 754 147.1463087512029
0 585 755 138.15768680713603
0 614 756 239.19796359994788
0 607 758 426.706899409728
0 586 760 113.34208378531878
0 625 762 207.7498346269702
0 608 764 197.2277960533083
0 601 765 115.19081352559064
0 622 770 470.7619935505006
0 665 773 112.92426740676869
0 645 777 116.99622934870892
0 683 780 145.16697621436361
0 653 781 192.44124119733456
0 670 785 238.56418544575288
0 685 787 125.67636979823797
0 663 814 303.77143761417653
0 680 830 493.91406029548205
0 652 836 196.70371633571852
0 669 839 330.7905945242115
0 668 844 159.69373312253055
0 679 868 495.09068442816425
0 675 873 265.27400529260444
0 664 879 236.98142353418277
0 682 896 145.5818596075111
0 684 898 130.89166605227877
0 676 900 136.10306025539217
0 671 906 171.22616851654954
0 660 918 114.83198517969842
0 677 919 121.16374046435512
0 681 928 127.3816152816489
0 689 933 137.86115570977532
0 688 938 172.9139820442628
0 672 941 188.69315504907118
0 691 942 474.94721775725435
0 656 946 347.2253631647621
0 690 950 291.64062383207056
0 687 953 300.14508823547305

0 832.0 275.0
0 840.0 277.0
0 644.0 282.0
0 671.0 282.0
0 732.0 282.0
0 831.0 282.0
0 676.0 283.0
0 805.0 283.0
0 682.0 284.0
0 709.0 286.0
0 760.0 289.0
0 629.0 290.0
0 683.0 290.0
0 832.0 290.0
0 853.0 291.0
0 901.0 292.0
0 738.0 293.0
0 783.0 294.0
0 722.0 295.0
0 687.0 296.0
0 869.0 297.0
0 712.0 298.0
0 794.0 298.0
0 837.0 298.0
0 784.0 299.0
0 638.0 300.0
0 757.0 300.0
0 649.0 301.0
0 770.0 302.0
0 622.0 303.0
0 783.0 304.0
0 697.0 305.0
0 736.0 305.0
0 752.0 305.0
0 813.0 305.0
0 853.0 305.0
0 638.0 307.0
0 830.0 307.0
0 707.0 308.0
0 713.0 308.0
0 792.0 308.0
0 724.0 309.0
0 900.0 309.0
0 736.0 310.0
0 813.0 310.0
0 674.0 311.0
0 843.0 311.0
0 692.0 313.0
0 592.0 314.0
0 781.0 314.0
0 819.0 314.0
0 631.0 316.0
0 829.0 317.0
0 853.0 317.0
0 593.0 319.0
0 906.0 319.0
0 618.0 320.0
0 654.0 320.0
0 682.0 320.0
0 704.0 320.0
0 727.0 320.0
0 911.0 320.0
0 668.0 322.0
0 842.0 322.0
0 916.0 322.0
0 596.0 324.0
0 633.0 327.0
0 855.0 329.0
0 841.0 330.0
0 689.0 332.0
0 675.0 335.0
0 599.0 336.0
0 655.0 336.0
0 890.0 336.0
0 813.0 337.0
0 633.0 338.0
0 661.0 340.0
0 704.0 341.0
0 928.0 345.0
0 662.0 347.0
0 931.0 350.0
0 691.0 352.0
0 590.0 358.0
0 601.0 359.0
0 628.0 359.0
0 662.0 360.0
0 859.0 360.0
0 638.0 362.0
0 679.0 366.0
0 838.0 366.0
0 867.0 367.0
0 1174.0 367.0
0 587.0 370.0
0 805.0 370.0
0 940.0 370.0
0 856.0 371.0
0 869.0 372.0
0 602.0 373.0
0 828.0 373.0
0 850.0 374.0
0 609.0 375.0
0 673.0 375.0
0 999.0 375.0
0 1004.0 375.0
0 593.0 376.0
0 1009.0 376.0
0 654.0 377.0
0 979.0 378.0
0 1027.0 378.0
0 868.0 379.0
0 844.0 380.0
0 1032.0 380.0
0 821.0 381.0
0 970.0 381.0
0 1037.0 381.0
0 602.0 383.0
0 644.0 383.0
0 856.0 383.0
0 946.0 383.0
0 667.0 385.0
0 963.0 386.0
0 583.0 388.0
0 657.0 388.0
0 837.0 388.0
0 612.0 389.0
0 849.0 389.0
0 951.0 390.0
0 863.0 391.0
0 957.0 391.0
0 982.0 391.0
0 814.0 392.0
0 601.0 393.0
0 968.0 393.0
0 1055.0 393.0
0 650.0 394.0
0 676.0 394.0
0 684.0 395.0
0 842.0 395.0
0 923.0 395.0
0 661.0 396.0
0 826.0 396.0
0 934.0 396.0
0 691.0 398.0
0 1042.0 398.0
0 923.0 400.0
0 964.0 401.0
0 969.0 401.0
0 674.0 402.0
0 700.0 402.0
0 836.0 402.0
0 974.0 402.0
0 818.0 403.0
0 809.0 404.0
0 952.0 404.0
0 1063.0 405.0
0 658.0 407.0
0 913.0 407.0
0 1054.0 407.0
0 681.0 408.0
0 714.0 408.0
0 851.0 408.0
0 934.0 408.0
0 943.0 409.0
0 808.0 410.0
0 1039.0 410.0
0 691.0 412.0
0 951.0 412.0
0 725.0 413.0
0 793.0 413.0
0 824.0 414.0
0 926.0 414.0
0 843.0 415.0
0 731.0 416.0
0 810.0 416.0
0 1051.0 416.0
0 888.0 417.0
0 674.0 418.0
0 791.0 418.0
0 972.0 418.0
0 705.0 419.0
0 837.0 419.0
0 1058.0 419.0
0 741.0 421.0
0 944.0 421.0
0 663.0 422.0
0 828.0 422.0
0 932.0 422.0
0 979.0 422.0
0 713.0 423.0
0 746.0 423.0
0 817.0 423.0
0 924.0 423.0
0 903.0 424.0
0 970.0 424.0
0 1035.0 424.0
0 1073.0 424.0
0 645.0 425.0
0 751.0 425.0
0 785.0 425.0
0 999.0 425.0
0 944.0 426.0
0 956.0 426.0
0 678.0 427.0
0 721.0 427.0
0 977.0 427.0
0 604.0 429.0
0 759.0 429.0
0 1074.0 429.0
0 659.0 430.0
0 764.0 430.0
0 854.0 430.0
0 731.0 431.0
0 1067.0 431.0
0 746.0 432.0
0 643.0 433.0
0 736.0 433.0
0 741.0 433.0
0 924.0 433.0
0 828.0 434.0
0 932.0 434.0
0 1054.0 434.0
0 1078.0 434.0
0 774.0 435.0
0 955.0 435.0
0 949.0 436.0
0 866.0 437.0
0 750.0 438.0
0 861.0 438.0
0 781.0 440.0
0 941.0 440.0
0 972.0 440.0
0 659.0 441.0
0 1034.0 441.0
0 1053.0 441.0
0 690.0 442.0
0 756.0 442.0
0 855.0 442.0
0 952.0 442.0
0 1064.0 442.0
0 883.0 443.0
0 701.0 444.0
0 763.0 444.0
0 982.0 444.0
0 781.0 445.0
0 987.0 445.0
0 1025.0 446.0
0 1077.0 446.0
0 1061.0 447.0
0 648.0 448.0
0 668.0 448.0
0 867.0 448.0
0 932.0 448.0
0 1056.0 449.0
0 727.0 450.0
0 771.0 450.0
0 1100.0 451.0
0 780.0 452.0
0 967.0 453.0
0 956.0 455.0
0 1043.0 455.0
0 693.0 456.0
0 720.0 456.0
0 946.0 456.0
0 951.0 456.0
0 1100.0 456.0
0 889.0 457.0
0 1038.0 457.0
0 656.0 458.0
0 988.0 458.0
0 1033.0 458.0
0 1075.0 458.0
0 702.0 459.0
0 711.0 459.0
0 683.0 460.0
0 798.0 460.0
0 1008.0 460.0
0 1026.0 460.0
0 806.0 461.0
0 812.0 461.0
0 877.0 461.0
0 930.0 461.0
0 646.0 462.0
0 660.0 463.0
0 976.0 463.0
0 988.0 463.0
0 693.0 464.0
0 723.0 464.0
0 961.0 464.0
0 996.0 465.0
0 1100.0 465.0
0 806.0 466.0
0 816.0 466.0
0 968.0 466.0
0 669.0 467.0
0 659.0 468.0
0 703.0 468.0
0 716.0 468.0
0 782.0 468.0
0 871.0 468.0
0 676.0 469.0
0 790.0 469.0
0 827.0 469.0
0 1043.0 469.0
0 796.0 470.0
0 986.0 470.0
0 734.0 471.0
0 1036.0 471.0
0 805.0 472.0
0 1026.0 472.0
0 684.0 473.0
0 721.0 473.0
0 726.0 473.0
0 1006.0 473.0
0 663.0 474.0
0 611.0 475.0
0 911.0 475.0
0 691.0 476.0
0 985.0 476.0
0 1054.0 476.0
0 716.0 477.0
0 742.0 477.0
0 651.0 478.0
0 737.0 478.0
0 659.0 479.0
0 668.0 479.0
0 829.0 479.0
0 854.0 479.0
0 702.0 480.0
0 805.0 480.0
0 1042.0 480.0
0 726.0 481.0
0 788.0 481.0
0 896.0 481.0
0 711.0 482.0
0 1003.0 482.0
0 649.0 483.0
0 675.0 483.0
0 737.0 483.0
0 834.0 483.0
0 668.0 484.0
0 732.0 484.0
0 751.0 484.0
0 663.0 485.0
0 693.0 485.0
0 799.0 485.0
0 593.0 486.0
0 610.0 487.0
0 654.0 487.0
0 744.0 487.0
0 874.0 487.0
0 919.0 487.0
0 645.0 488.0
0 682.0 488.0
0 718.0 488.0
0 943.0 488.0
0 677.0 489.0
0 806.0 489.0
0 1098.0 489.0
0 666.0 490.0
0 671.0 490.0
0 992.0 490.0
0 1083.0 490.0
0 635.0 491.0
0 701.0 491.0
0 967.0 491.0
0 640.0 492.0
0 729.0 492.0
0 833.0 492.0
0 689.0 493.0
0 760.0 493.0
0 794.0 493.0
0 678.0 494.0
0 734.0 494.0
0 954.0 494.0
0 648.0 495.0
0 653.0 495.0
0 667.0 495.0
0 673.0 495.0
0 817.0 495.0
0 907.0 495.0
0 1040.0 495.0
0 1176.0 495.0
0 742.0 496.0
0 856.0 496.0
0 583.0 497.0
0 617.0 497.0
0 780.0 497.0
0 697.0 498.0
0 767.0 498.0
0 897.0 498.0
0 660.0 499.0
0 725.0 499.0
0 902.0 499.0
0 960.0 499.0
0 655.0 500.0
0 685.0 500.0
0 678.0 501.0
0 734.0 501.0
0 640.0 502.0
0 781.0 502.0
0 989.0 502.0
0 1041.0 502.0
0 624.0 503.0
0 669.0 503.0
0 773.0 503.0
0 873.0 503.0
0 664.0 504.0
0 910.0 504.0
0 599.0 505.0
0 855.0 505.0
0 650.0 506.0
0 694.0 506.0
0 563.0 507.0
0 682.0 507.0
0 780.0 507.0
0 889.0 507.0
0 745.0 508.0
0 809.0 508.0
0 670.0 509.0
0 720.0 509.0
0 1040.0 509.0
0 633.0 510.0
0 676.0 510.0
0 715.0 510.0
0 1072.0 510.0
0 687.0 511.0
0 738.0 511.0
0 578.0 512.0
0 624.0 512.0
0 658.0 512.0
0 757.0 512.0
0 820.0 512.0
0 1095.0 512.0
0 794.0 513.0
0 559.0 514.0
0 645.0 514.0
0 768.0 514.0
0 865.0 514.0
0 871.0 514.0
0 931.0 514.0
0 860.0 515.0
0 879.0 515.0
0 912.0 515.0
0 676.0 516.0
0 788.0 516.0
0 936.0 516.0
0 855.0 517.0
0 884.0 517.0
0 814.0 518.0
0 636.0 519.0
0 683.0 519.0
0 751.0 519.0
0 723.0 520.0
0 654.0 521.0
0 625.0 522.0
0 670.0 522.0
0 1092.0 522.0
0 778.0 523.0
0 684.0 524.0
0 620.0 525.0
0 645.0 526.0
0 912.0 526.0
0 760.0 527.0
0 796.0 527.0
0 897.0 527.0
0 676.0 528.0
0 784.0 528.0
0 789.0 528.0
0 853.0 528.0
0 938.0 528.0
0 567.0 529.0
0 572.0 529.0
0 755.0 529.0
0 921.0 529.0
0 699.0 530.0
0 691.0 531.0
0 902.0 531.0
0 666.0 532.0
0 773.0 533.0
0 799.0 533.0
0 553.0 534.0
0 655.0 534.0
0 590.0 535.0
0 852.0 535.0
0 787.0 536.0
0 809.0 536.0
0 1066.0 536.0
0 1076.0 536.0
0 919.0 537.0
0 706.0 538.0
0 698.0 539.0
0 598.0 540.0
0 766.0 540.0
0 850.0 540.0
0 393.0 541.0
0 675.0 542.0
0 545.0 543.0
0 780.0 543.0
0 790.0 543.0
0 909.0 543.0
0 972.0 543.0
0 693.0 544.0
0 935.0 545.0
0 806.0 546.0
0 705.0 547.0
0 717.0 547.0
0 722.0 547.0
0 949.0 547.0
0 543.0 548.0
0 588.0 548.0
0 608.0 548.0
0 668.0 548.0
0 984.0 548.0
0 682.0 549.0
0 771.0 549.0
0 799.0 549.0
0 853.0 549.0
0 1052.0 549.0
0 1087.0 549.0
0 574.0 550.0
0 599.0 550.0
0 614.0 552.0
0 700.0 552.0
0 542.0 553.0
0 1065.0 553.0
0 674.0 554.0
0 818.0 554.0
0 855.0 554.0
0 915.0 554.0
0 1073.0 554.0
0 558.0 555.0
0 760.0 555.0
0 1008.0 555.0
0 727.0 556.0
0 795.0 556.0
0 1039.0 557.0
0 374.0 558.0
0 689.0 558.0
0 813.0 558.0
0 540.0 559.0
0 564.0 560.0
0 895.0 560.0
0 915.0 560.0
0 1000.0 560.0
0 808.0 561.0
0 858.0 561.0
0 682.0 563.0
0 1022.0 563.0
0 1050.0 563.0
0 540.0 564.0
0 572.0 564.0
0 628.0 564.0
0 937.0 564.0
0 944.0 564.0
0 747.0 565.0
0 766.0 565.0
0 784.0 565.0
0 735.0 566.0
0 720.0 567.0
0 917.0 567.0
0 669.0 568.0
0 697.0 568.0
0 711.0 568.0
0 779.0 569.0
0 864.0 569.0
0 944.0 569.0
0 1010.0 569.0
0 994.0 570.0
0 688.0 572.0
0 1028.0 572.0
0 598.0 573.0
0 917.0 573.0
0 944.0 574.0
0 1018.0 574.0
0 1082.0 575.0
0 815.0 576.0
0 1171.0 576.0
0 641.0 578.0
0 709.0 578.0
0 915.0 578.0
0 950.0 579.0
0 602.0 581.0
0 563.0 582.0
0 1025.0 582.0
0 571.0 583.0
0 1016.0 583.0
0 870.0 584.0
0 912.0 584.0
0 1002.0 584.0
0 670.0 585.0
0 827.0 585.0
0 1033.0 586.0
0 989.0 587.0
0 619.0 588.0
0 692.0 588.0
0 716.0 588.0
0 635.0 589.0
0 851.0 589.0
0 984.0 589.0
0 1016.0 589.0
0 1301.0 589.0
0 804.0 591.0
0 1038.0 591.0
0 640.0 592.0
0 735.0 592.0
0 1004.0 593.0
0 696.0 594.0
0 832.0 594.0
0 1014.0 594.0
0 624.0 595.0
0 896.0 595.0
0 795.0 598.0
0 601.0 599.0
0 699.0 599.0
0 723.0 599.0
0 831.0 599.0
0 973.0 599.0
0 687.0 600.0
0 899.0 600.0
0 1036.0 600.0
0 569.0 601.0
0 1078.0 601.0
0 831.0 604.0
0 702.0 605.0
0 725.0 605.0
0 1045.0 605.0
0 971.0 606.0
0 919.0 607.0
0 651.0 608.0
0 802.0 611.0
0 854.0 611.0
0 606.0 614.0
0 707.0 614.0
0 594.0 615.0
0 625.0 615.0
0 892.0 615.0
0 930.0 615.0
0 973.0 615.0
0 730.0 616.0
0 741.0 616.0
0 796.0 616.0
0 1055.0 616.0
0 1040.0 617.0
0 754.0 619.0
0 572.0 621.0
0 988.0 621.0
0 1038.0 622.0
0 610.0 623.0
0 890.0 623.0
0 976.0 623.0
0 713.0 624.0
0 1033.0 624.0
0 613.0 629.0
0 746.0 629.0
0 555.0 631.0
0 992.0 631.0
0 350.0 632.0
0 584.0 632.0
0 701.0 632.0
0 1016.0 632.0
0 1021.0 632.0
0 579.0 633.0
0 998.0 634.0
0 1003.0 634.0
0 718.0 635.0
0 1008.0 635.0
0 380.0 637.0
0 186.0 638.0
0 721.0 641.0
0 851.0 641.0
0 226.0 643.0
0 832.0 643.0
0 651.0 644.0
0 682.0 644.0
0 667.0 645.0
0 641.0 647.0
0 1070.0 647.0
0 673.0 648.0
0 832.0 648.0
0 1022.0 650.0
0 595.0 651.0
0 831.0 653.0
0 337.0 654.0
0 687.0 655.0
0 419.0 656.0
0 594.0 656.0
0 663.0 656.0
0 677.0 656.0
0 812.0 657.0
0 829.0 658.0
0 654.0 659.0
0 804.0 659.0
0 761.0 661.0
0 690.0 663.0
0 287.0 664.0
0 573.0 664.0
0 668.0 664.0
0 279.0 666.0
0 641.0 667.0
0 824.0 667.0
0 691.0 668.0
0 803.0 668.0
0 602.0 669.0
0 879.0 671.0
0 646.0 672.0
0 822.0 672.0
0 656.0 673.0
0 1067.0 673.0
0 651.0 674.0
0 666.0 674.0
0 694.0 675.0
0 817.0 676.0
0 862.0 676.0
0 877.0 676.0
0 614.0 677.0
0 1013.0 677.0
0 1066.0 678.0
0 603.0 681.0
0 682.0 681.0
0 1053.0 681.0
0 391.0 682.0
0 618.0 682.0
0 873.0 683.0
0 1064.0 684.0
0 765.0 685.0
0 588.0 686.0
0 1418.0 686.0
0 622.0 687.0
0 732.0 687.0
0 612.0 688.0
0 796.0 689.0
0 1062.0 689.0
0 697.0 690.0
0 616.0 693.0
0 629.0 694.0
0 391.0 699.0
0 622.0 699.0
0 637.0 699.0
0 843.0 700.0
0 698.0 702.0
0 1046.0 704.0
0 626.0 707.0
0 698.0 707.0
0 967.0 708.0
0 379.0 710.0
0 690.0 710.0
0 612.0 712.0
0 1058.0 712.0
0 633.0 713.0
0 661.0 715.0
0 694.0 715.0
0 682.0 716.0
0 670.0 717.0
0 933.0 718.0
0 684.0 724.0
0 970.0 724.0
0 669.0 725.0
0 747.0 725.0
0 745.0 730.0
0 692.0 733.0
0 1014.0 733.0
0 639.0 734.0
0 679.0 735.0
0 731.0 736.0
0 1013.0 739.0
0 1054.0 739.0
0 644.0 740.0
0 631.0 743.0
0 1012.0 745.0
0 658.0 746.0
0 688.0 747.0
0 667.0 749.0
0 672.0 749.0
0 127.0 754.0
0 1172.0 755.0
0 1487.0 773.0
0 111.0 774.0
0 639.0 774.0
0 236.0 785.0
0 257.0 792.0
0 90.0 794.0
0 642.0 801.0
0 191.0 802.0
0 373.0 803.0
0 853.0 804.0
0 262.0 805.0
0 179.0 806.0
0 107.0 808.0
0 160.0 813.0
0 303.0 818.0
0 1090.0 819.0
0 1206.0 820.0
0 1103.0 821.0
0 269.0 822.0
0 187.0 823.0
0 447.0 826.0
0 369.0 827.0
0 1458.0 827.0
0 492.0 828.0
0 516.0 828.0
0 307.0 829.0
0 830.0 829.0
0 459.0 831.0
0 421.0 833.0
0 828.0 834.0
0 334.0 835.0
0 406.0 838.0
0 467.0 839.0
0 1005.0 841.0
0 423.0 845.0
0 1244.0 845.0
0 346.0 846.0
0 556.0 846.0
0 366.0 847.0
0 601.0 848.0
0 408.0 851.0
0 1125.0 851.0
0 236.0 854.0
0 991.0 857.0
0 611.0 858.0
0 428.0 859.0
0 642.0 859.0
0 1315.0 859.0
0 273.0 860.0
0 625.0 862.0
0 669.0 862.0
0 338.0 863.0
0 639.0 864.0
0 439.0 868.0
0 446.0 870.0
0 422.0 871.0
0 517.0 872.0
0 231.0 874.0
0 509.0 876.0
0 468.0 878.0
0 1306.0 882.0
0 938.0 884.0
0 756.0 886.0
0 461.0 887.0
0 596.0 888.0
0 645.0 888.0
0 470.0 889.0
0 421.0 890.0
0 604.0 890.0
0 678.0 890.0
0 524.0 891.0
0 496.0 892.0
0 566.0 892.0
0 687.0 893.0
0 1122.0 895.0
0 598.0 897.0
0 628.0 897.0
0 781.0 897.0
0 19.0 898.0
0 583.0 899.0
0 1400.0 899.0
0 607.0 900.0
0 815.0 900.0
0 196.0 902.0
0 462.0 903.0
0 239.0 905.0
0 575.0 905.0
0 524.0 906.0
0 558.0 907.0
0 641.0 907.0
0 736.0 908.0
0 497.0 909.0
0 592.0 909.0
0 606.0 909.0
0 189.0 910.0
0 669.0 910.0
0 503.0 911.0
0 802.0 911.0
0 625.0 913.0
0 1402.0 913.0
0 768.0 915.0
0 204.0 916.0
0 279.0 916.0
0 779.0 916.0
0 891.0 916.0
0 938.0 918.0
0 830.0 920.0
0 849.0 920.0
0 463.0 922.0
0 957.0 923.0
0 576.0 924.0
0 695.0 924.0
0 133.0 925.0
0 659.0 925.0
0 584.0 926.0
0 702.0 926.0
0 526.0 927.0
0 771.0 927.0
0 866.0 928.0
0 479.0 930.0
0 453.0 933.0
0 684.0 933.0
0 501.0 934.0
0 636.0 934.0
0 1407.0 934.0
0 727.0 936.0
0 435.0 938.0
0 528.0 938.0
0 672.0 938.0
0 893.0 938.0
0 464.0 939.0
0 813.0 939.0
0 512.0 940.0
0 838.0 940.0
0 902.0 940.0
0 12.0 941.0
0 484.0 941.0
0 568.0 941.0
0 444.0 942.0
0 144.0 943.0
0 595.0 943.0
0 455.0 944.0
0 702.0 944.0
0 1072.0 945.0
0 769.0 946.0
0 428.0 948.0
0 563.0 948.0
0 689.0 949.0
0 896.0 949.0
0 128.0 950.0
0 658.0 951.0
0 906.0 951.0
0 812.0 957.0
0 767.0 958.0
0 825.0 960.0
0 746.0 962.0
0 415.0 964.0
0 714.0 965.0
0 632.0 967.0
0 761.0 967.0
0 449.0 968.0
0 1030.0 968.0
0 549.0 969.0
0 652.0 969.0
0 846.0 969.0
0 219.0 970.0
0 1040.0 970.0
0 606.0 971.0
0 965.0 972.0
0 1238.0 972.0
0 739.0 973.0
0 1420.0 976.0
0 447.0 977.0
0 575.0 978.0
0 412.0 979.0
0 626.0 979.0
0 639.0 980.0
0 186.0 981.0
0 689.0 981.0
0 147.0 983.0
0 541.0 984.0
0 598.0 984.0
0 734.0 984.0
0 434.0 985.0
0 1054.0 985.0
0 465.0 986.0
0 556.0 986.0
0 709.0 986.0
0 473.0 988.0
0 608.0 988.0
0 958.0 988.0
0 1065.0 988.0
0 225.0 989.0
0 525.0 990.0
0 570.0 990.0
0 992.0 990.0
0 686.0 991.0
1 871.0 75.0
1 809.0 306.0
1 855.0 309.0
1 870.0 310.0
1 799.0 312.0
1 782.0 313.0
1 836.0 317.0
1 845.0 317.0
1 863.0 317.0
1 748.0 318.0
1 772.0 318.0
1 800.0 320.0
1 828.0 322.0
1 870.0 324.0
1 847.0 326.0
1 858.0 328.0
1 874.0 331.0
1 730.0 333.0
1 885.0 334.0
1 687.0 336.0
1 629.0 339.0
1 664.0 339.0
1 669.0 339.0
1 674.0 339.0
1 828.0 344.0
1 717.0 345.0
1 693.0 346.0
1 665.0 348.0
1 593.0 349.0
1 629.0 350.0
1 656.0 350.0
1 639.0 351.0
1 848.0 352.0
1 859.0 352.0
1 613.0 354.0
1 604.0 356.0
1 669.0 356.0
1 638.0 358.0
1 1037.0 358.0
1 1024.0 360.0
1 650.0 361.0
1 952.0 361.0
1 972.0 362.0
1 838.0 363.0
1 612.0 364.0
1 698.0 364.0
1 591.0 365.0
1 867.0 365.0
1 664.0 366.0
1 678.0 366.0
1 1043.0 366.0
1 838.0 369.0
1 592.0 370.0
1 669.0 370.0
1 693.0 370.0
1 1033.0 370.0
1 603.0 371.0
1 613.0 371.0
1 847.0 371.0
1 976.0 371.0
1 556.0 374.0
1 637.0 374.0
1 838.0 374.0
1 592.0 375.0
1 853.0 376.0
1 571.0 378.0
1 689.0 379.0
1 826.0 379.0
1 592.0 380.0
1 1049.0 380.0
1 648.0 381.0
1 948.0 381.0
1 612.0 382.0
1 678.0 383.0
1 848.0 384.0
1 554.0 385.0
1 915.0 386.0
1 822.0 387.0
1 570.0 388.0
1 934.0 388.0
1 973.0 388.0
1 1038.0 388.0
1 700.0 390.0
1 705.0 390.0
1 846.0 390.0
1 923.0 390.0
1 944.0 390.0
1 715.0 391.0
1 720.0 391.0
1 695.0 392.0
1 725.0 392.0
1 857.0 392.0
1 988.0 393.0
1 1054.0 393.0
1 648.0 394.0
1 735.0 394.0
1 742.0 394.0
1 755.0 395.0
1 950.0 395.0
1 763.0 396.0
1 899.0 396.0
1 1044.0 396.0
1 678.0 398.0
1 776.0 398.0
1 782.0 398.0
1 787.0 399.0
1 794.0 399.0
1 915.0 399.0
1 922.0 399.0
1 963.0 399.0
1 696.0 400.0
1 799.0 400.0
1 972.0 400.0
1 804.0 401.0
1 809.0 401.0
1 854.0 401.0
1 977.0 401.0
1 1029.0 401.0
1 1056.0 401.0
1 724.0 402.0
1 886.0 402.0
1 983.0 402.0
1 999.0 402.0
1 1015.0 402.0
1 750.0 403.0
1 607.0 404.0
1 612.0 404.0
1 618.0 404.0
1 769.0 404.0
1 819.0 404.0
1 901.0 404.0
1 922.0 404.0
1 934.0 404.0
1 623.0 405.0
1 677.0 405.0
1 699.0 405.0
1 714.0 405.0
1 947.0 405.0
1 972.0 406.0
1 1069.0 406.0
1 601.0 407.0
1 731.0 407.0
1 780.0 407.0
1 959.0 408.0
1 581.0 409.0
1 742.0 409.0
1 1030.0 409.0
1 753.0 410.0
1 626.0 411.0
1 676.0 411.0
1 763.0 411.0
1 768.0 411.0
1 875.0 411.0
1 921.0 411.0
1 981.0 411.0
1 1015.0 411.0
1 1061.0 411.0
1 687.0 412.0
1 783.0 412.0
1 998.0 412.0
1 644.0 413.0
1 649.0 413.0
1 791.0 413.0
1 799.0 413.0
1 811.0 413.0
1 555.0 414.0
1 570.0 414.0
1 896.0 414.0
1 654.0 415.0
1 819.0 415.0
1 922.0 416.0
1 1072.0 417.0
1 693.0 418.0
1 809.0 418.0
1 837.0 418.0
1 1039.0 418.0
1 668.0 419.0
1 683.0 422.0
1 879.0 422.0
1 598.0 423.0
1 1049.0 423.0
1 565.0 424.0
1 572.0 424.0
1 607.0 424.0
1 612.0 424.0
1 646.0 424.0
1 664.0 424.0
1 894.0 424.0
1 969.0 424.0
1 852.0 425.0
1 1008.0 425.0
1 550.0 426.0
1 623.0 426.0
1 695.0 426.0
1 824.0 427.0
1 930.0 427.0
1 580.0 429.0
1 836.0 429.0
1 878.0 429.0
1 946.0 430.0
1 963.0 430.0
1 696.0 431.0
1 819.0 431.0
1 844.0 431.0
1 1005.0 431.0
1 1065.0 431.0
1 675.0 432.0
1 757.0 432.0
1 971.0 432.0
1 976.0 432.0
1 981.0 432.0
1 686.0 433.0
1 550.0 434.0
1 923.0 434.0
1 565.0 435.0
1 631.0 435.0
1 990.0 435.0
1 864.0 436.0
1 883.0 436.0
1 1007.0 437.0
1 1050.0 437.0
1 940.0 438.0
1 697.0 439.0
1 702.0 439.0
1 842.0 439.0
1 872.0 440.0
1 967.0 440.0
1 1069.0 440.0
1 579.0 441.0
1 659.0 441.0
1 548.0 442.0
1 727.0 443.0
1 952.0 443.0
1 703.0 444.0
1 708.0 444.0
1 696.0 445.0
1 771.0 445.0
1 967.0 445.0
1 978.0 445.0
1 739.0 446.0
1 823.0 446.0
1 547.0 447.0
1 552.0 447.0
1 641.0 447.0
1 687.0 447.0
1 839.0 447.0
1 864.0 447.0
1 646.0 448.0
1 651.0 448.0
1 749.0 448.0
1 844.0 448.0
1 679.0 449.0
1 780.0 449.0
1 558.0 452.0
1 767.0 452.0
1 789.0 452.0
1 917.0 452.0
1 922.0 452.0
1 885.0 453.0
1 912.0 453.0
1 932.0 453.0
1 567.0 454.0
1 820.0 454.0
1 870.0 454.0
1 955.0 454.0
1 1070.0 454.0
1 665.0 455.0
1 852.0 455.0
1 907.0 455.0
1 937.0 455.0
1 942.0 456.0
1 680.0 458.0
1 689.0 458.0
1 698.0 458.0
1 969.0 458.0
1 1062.0 458.0
1 707.0 459.0
1 784.0 459.0
1 715.0 460.0
1 807.0 462.0
1 885.0 462.0
1 950.0 462.0
1 724.0 463.0
1 962.0 463.0
1 897.0 465.0
1 687.0 466.0
1 732.0 466.0
1 892.0 466.0
1 955.0 467.0
1 1068.0 467.0
1 710.0 468.0
1 621.0 469.0
1 715.0 469.0
1 818.0 469.0
1 741.0 470.0
1 842.0 470.0
1 887.0 471.0
1 804.0 472.0
1 960.0 472.0
1 974.0 472.0
1 724.0 473.0
1 853.0 473.0
1 575.0 474.0
1 706.0 474.0
1 750.0 474.0
1 1060.0 474.0
1 1065.0 474.0
1 831.0 475.0
1 810.0 476.0
1 873.0 476.0
1 621.0 477.0
1 826.0 477.0
1 631.0 479.0
1 737.0 479.0
1 759.0 479.0
1 892.0 479.0
1 721.0 480.0
1 961.0 480.0
1 1060.0 480.0
1 559.0 481.0
1 693.0 481.0
1 726.0 482.0
1 999.0 483.0
1 767.0 484.0
1 809.0 484.0
1 839.0 484.0
1 972.0 484.0
1 1049.0 484.0
1 962.0 485.0
1 621.0 486.0
1 750.0 486.0
1 891.0 486.0
1 609.0 487.0
1 668.0 487.0
1 963.0 490.0
1 1030.0 490.0
1 775.0 491.0
1 1020.0 491.0
1 757.0 492.0
1 743.0 493.0
1 817.0 493.0
1 1036.0 494.0
1 612.0 495.0
1 893.0 495.0
1 1015.0 495.0
1 963.0 496.0
1 672.0 497.0
1 750.0 497.0
1 783.0 497.0
1 1052.0 497.0
1 767.0 498.0
1 1039.0 499.0
1 847.0 500.0
1 1027.0 500.0
1 640.0 501.0
1 824.0 501.0
1 962.0 503.0
1 635.0 504.0
1 758.0 504.0
1 897.0 504.0
1 1039.0 504.0
1 774.0 505.0
1 601.0 506.0
1 1012.0 507.0
1 665.0 508.0
1 851.0 508.0
1 960.0 508.0
1 1027.0 508.0
1 647.0 509.0
1 769.0 509.0
1 891.0 509.0
1 1039.0 509.0
1 840.0 510.0
1 783.0 511.0
1 656.0 512.0
1 694.0 512.0
1 904.0 513.0
1 1027.0 513.0
1 1039.0 514.0
1 1051.0 514.0
1 952.0 516.0
1 835.0 517.0
1 668.0 518.0
1 773.0 518.0
1 1213.0 518.0
1 642.0 519.0
1 678.0 519.0
1 688.0 519.0
1 751.0 519.0
1 912.0 519.0
1 562.0 520.0
1 1059.0 520.0
1 655.0 521.0
1 694.0 521.0
1 790.0 521.0
1 944.0 521.0
1 1032.0 521.0
1 720.0 522.0
1 859.0 523.0
1 927.0 523.0
1 935.0 523.0
1 1005.0 523.0
1 645.0 524.0
1 978.0 524.0
1 1051.0 524.0
1 779.0 526.0
1 1060.0 526.0
1 720.0 527.0
1 1001.0 528.0
1 798.0 529.0
1 1060.0 531.0
1 623.0 532.0
1 675.0 532.0
1 682.0 532.0
1 687.0 532.0
1 693.0 532.0
1 702.0 533.0
1 1034.0 535.0
1 663.0 536.0
1 772.0 536.0
1 999.0 536.0
1 1060.0 536.0
1 728.0 537.0
1 864.0 537.0
1 563.0 538.0
1 630.0 538.0
1 901.0 538.0
1 715.0 539.0
1 854.0 541.0
1 999.0 541.0
1 1058.0 542.0
1 586.0 543.0
1 936.0 543.0
1 735.0 544.0
1 744.0 544.0
1 807.0 544.0
1 931.0 545.0
1 650.0 546.0
1 704.0 546.0
1 848.0 546.0
1 602.0 547.0
1 1056.0 547.0
1 867.0 548.0
1 950.0 548.0
1 967.0 548.0
1 609.0 549.0
1 709.0 550.0
1 957.0 550.0
1 751.0 551.0
1 999.0 551.0
1 618.0 552.0
1 1055.0 552.0
1 696.0 553.0
1 828.0 553.0
1 812.0 554.0
1 870.0 556.0
1 583.0 557.0
1 684.0 557.0
1 605.0 560.0
1 641.0 560.0
1 1008.0 560.0
1 854.0 562.0
1 564.0 563.0
1 615.0 563.0
1 759.0 563.0
1 1032.0 564.0
1 804.0 565.0
1 1016.0 565.0
1 1024.0 565.0
1 718.0 566.0
1 647.0 567.0
1 604.0 568.0
1 659.0 568.0
1 693.0 568.0
1 826.0 568.0
1 760.0 572.0
1 580.0 573.0
1 659.0 573.0
1 693.0 573.0
1 594.0 576.0
1 602.0 576.0
1 612.0 577.0
1 774.0 578.0
1 660.0 580.0
1 565.0 581.0
1 693.0 582.0
1 766.0 583.0
1 755.0 586.0
1 651.0 587.0
1 579.0 590.0
1 696.0 590.0
1 661.0 593.0
1 1025.0 594.0
1 700.0 596.0
1 613.0 597.0
1 569.0 599.0
1 605.0 600.0
1 580.0 604.0
1 665.0 606.0
1 708.0 606.0
1 581.0 609.0
1 774.0 609.0
1 567.0 611.0
1 642.0 611.0
1 667.0 611.0
1 720.0 613.0
1 581.0 614.0
1 690.0 614.0
1 745.0 615.0
1 607.0 616.0
1 669.0 616.0
1 731.0 616.0
1 705.0 617.0
1 583.0 619.0
1 724.0 619.0
1 617.0 620.0
1 752.0 620.0
1 763.0 622.0
1 609.0 624.0
1 724.0 624.0
1 741.0 624.0
1 865.0 625.0
1 603.0 627.0
1 721.0 630.0
1 780.0 630.0
1 622.0 631.0
1 330.0 633.0
1 568.0 633.0
1 587.0 633.0
1 710.0 634.0
1 760.0 634.0
1 614.0 635.0
1 733.0 637.0
1 609.0 638.0
1 695.0 639.0
1 858.0 639.0
1 790.0 640.0
1 674.0 641.0
1 725.0 643.0
1 853.0 643.0
1 684.0 644.0
1 1050.0 644.0
1 710.0 645.0
1 772.0 646.0
1 666.0 648.0
1 851.0 648.0
1 751.0 649.0
1 1049.0 650.0
1 635.0 651.0
1 778.0 652.0
1 743.0 653.0
1 847.0 653.0
1 599.0 656.0
1 687.0 656.0
1 719.0 656.0
1 883.0 656.0
1 834.0 657.0
1 568.0 658.0
1 628.0 658.0
1 774.0 660.0
1 621.0 661.0
1 720.0 662.0
1 633.0 663.0
1 1022.0 663.0
1 638.0 664.0
1 715.0 664.0
1 237.0 665.0
1 764.0 665.0
1 649.0 666.0
1 709.0 666.0
1 312.0 668.0
1 650.0 671.0
1 760.0 671.0
1 769.0 671.0
1 875.0 671.0
1 642.0 672.0
1 1048.0 672.0
1 570.0 674.0
1 611.0 674.0
1 543.0 675.0
1 656.0 675.0
1 651.0 676.0
1 756.0 676.0
1 766.0 676.0
1 783.0 676.0
1 990.0 678.0
1 1033.0 678.0
1 661.0 680.0
1 651.0 681.0
1 749.0 682.0
1 667.0 683.0
1 760.0 684.0
1 656.0 686.0
1 677.0 686.0
1 569.0 687.0
1 798.0 687.0
1 1039.0 688.0
1 662.0 689.0
1 689.0 690.0
1 754.0 690.0
1 732.0 691.0
1 1048.0 691.0
1 703.0 692.0
1 668.0 693.0
1 719.0 693.0
1 724.0 693.0
1 986.0 693.0
1 792.0 694.0
1 1032.0 694.0
1 685.0 696.0
1 78.0 698.0
1 324.0 700.0
1 359.0 700.0
1 401.0 700.0
1 734.0 700.0
1 678.0 701.0
1 727.0 702.0
1 393.0 703.0
1 195.0 704.0
1 259.0 704.0
1 689.0 704.0
1 718.0 706.0
1 762.0 706.0
1 702.0 707.0
1 1201.0 707.0
1 743.0 710.0
1 655.0 711.0
1 1043.0 712.0
1 343.0 714.0
1 1166.0 716.0
1 119.0 726.0
1 234.0 728.0
1 1043.0 728.0
1 65.0 729.0
1 630.0 729.0
1 394.0 731.0
1 260.0 733.0
1 20.0 734.0
1 251.0 735.0
1 1443.0 736.0
1 573.0 739.0
1 1105.0 745.0
1 122.0 746.0
1 1039.0 750.0
1 321.0 757.0
1 704.0 760.0
1 599.0 764.0
1 594.0 766.0
1 984.0 776.0
1 615.0 778.0
1 620.0 779.0
1 701.0 782.0
1 1030.0 789.0
1 725.0 792.0
1 774.0 792.0
1 494.0 793.0
1 1450.0 793.0
1 730.0 795.0
1 591.0 804.0
1 694.0 807.0
1 1169.0 807.0
1 591.0 809.0
1 1327.0 812.0
1 694.0 817.0
1 1011.0 824.0
1 92.0 826.0
1 719.0 831.0
1 697.0 832.0
1 796.0 833.0
1 707.0 841.0
1 292.0 843.0
1 946.0 843.0
1 1141.0 846.0
1 666.0 851.0
1 1202.0 851.0
1 752.0 856.0
1 865.0 856.0
1 910.0 856.0
1 882.0 857.0
1 734.0 858.0
1 515.0 864.0
1 914.0 864.0
1 815.0 866.0
1 55.0 868.0
1 775.0 871.0
1 88.0 875.0
1 191.0 888.0
1 844.0 891.0
1 807.0 893.0
1 787.0 895.0
1 775.0 903.0
1 727.0 906.0
1 1353.0 920.0
1 789.0 922.0
1 1223.0 954.0
1 743.0 988.0
