0 3 0 331.827552764243
0 7 1 239.61488441019392
0 12 2 193.3289744512199
0 10 3 248.99398567868909
0 6 4 286.10617443009085
0 9 5 377.2426049978774
0 11 6 441.0732583095179
0 14 7 156.48920973360242
0 15 8 152.02816848059965
0 13 9 151.8444514496356
0 16 10 217.86296158528228
0 18 11 167.62203770303316
0 32 13 216.28053068425217
0 33 16 171.07430465823512
0 20 19 306.89704593673963
0 43 23 239.171263779399
0 41 24 404.38653837033985
0 42 25 182.7294817267425
0 39 26 149.66191579237145
0 45 29 168.65137333949346
0 55 31 160.7579375186009
0 47 32 167.5723299964792
0 58 34 155.70788214948172
0 51 35 259.30445416164616
0 28 38 415.34611988920204
0 67 39 112.17292205797253
0 59 42 196.9689687174758
0 54 44 168.71001899559653
0 64 45 136.64795169581126
0 71 48 132.15638443314407
0 77 50 113.01859504814227
0 74 51 161.41260039211105
0 84 53 145.47353945215528
0 80 54 134.12684365074225
0 81 55 243.57912241504494
0 66 56 291.749661597704
0 91 60 123.2730804140576
0 89 61 150.40796638263413
0 83 62 217.11958862081272
0 87 63 269.52340338918464
0 92 64 160.86842710348316
0 95 65 323.1373950881129
0 86 66 227.47547572194603
0 93 67 413.4988621965067
0 60 68 180.9456746106515
0 97 69 302.84207044412625
0 101 72 271.19003077095164
0 104 73 420.6791597933992
0 85 75 409.9610680060625
0 94 76 297.0604899938807
0 129 77 182.406169178375
0 98 78 275.1503348313584
0 117 79 307.9210886431311
0 115 81 138.55987295965016
0 123 82 210.04192020688183
0 110 83 137.68286423940245
0 112 84 414.9972951439485
0 116 85 455.36959116468967
0 121 87 325.9106932278098
0 122 88 394.4904197928793
0 128 91 208.65266239831936
0 146 93 351.0544313590917
0 78 94 393.6463661912876
0 135 95 151.02227903250488
0 136 96 179.63585047277337
0 137 98 287.3229643566211
0 134 99 290.9699622517424
0 141 100 199.04830106981893
0 120 102 170.37978858838756
0 143 103 200.3325379400905
0 145 106 224.39431901942402
0 108 107 276.362664785727
0 150 108 218.8993835811658
0 163 111 264.7821403060556
0 154 112 242.61700801853564
0 158 114 205.88369163101606
0 169 115 128.29415098766185
0 174 116 117.9317662066752
0 138 117 266.1802069315435
0 149 118 370.3513060416242
0 173 120 234.0954511668832
0 152 121 247.29414136959426
0 156 124 285.49564814905415
0 159 125 424.1136752590481
0 167 126 162.28367734702056
0 157 128 312.84917701232416
0 172 130 272.9390596600141
0 189 132 114.17799233070237
0 180 133 225.54300456329855
0 194 134 169.62847222292433
0 197 135 112.84653519455637
0 188 136 140.62573918297136
0 190 137 139.05528331579382
0 195 139 168.12040460610106
0 203 140 121.63339136890359
0 215 141 489.91853095832346
0 202 142 159.5571980986908
0 199 143 316.45215993218727
0 211 144 424.50901358401234
0 213 145 403.9610158680933
0 210 146 383.71427525890147
0 201 148 236.3312042622179
0 207 149 137.54557158069775
0 191 150 285.29638081109374
0 198 153 296.2106552011649
0 216 154 276.78442570239514
0 223 155 403.8431644220124
0 187 156 346.25649170967125
0 219 157 249.27411382499645
0 220 160 431.07854646152776
0 224 163 119.88264128562956
0 217 164 148.62050552113152
0 236 170 371.98097216663876
0 221 171 468.8658250414081
0 226 172 330.7520860997099
0 247 174 419.74064080113214
0 205 177 186.43694001990693
0 245 178 132.35251053946936
0 240 179 111.85261059845344
0 257 181 298.8118831807872
0 250 184 138.4544565222953
0 259 185 303.9421203969947
0 254 186 268.395862242402
0 246 187 202.0021883188323
0 255 190 192.2175631452974
0 267 193 130.12311782672293
0 239 194 380.89816979616523
0 262 201 131.94116240735846
0 277 204 307.91405276353294
0 268 205 203.12485225451215
0 274 206 287.9769497819946
0 270 209 224.69710411389826
0 263 213 164.7466212500668
0 264 214 341.15235295403494
0 278 216 347.0717529597535
0 281 219 188.97706904248082
0 293 225 384.719735155162
0 300 228 247.8248907849605
0 279 229 293.42608628735604
0 284 230 203.8131037127717
0 297 234 476.44110432270236
0 320 236 232.48955736647886
0 275 237 227.1065359193121
0 329 238 484.1812613124543
0 295 239 257.1288031357754
0 299 240 375.95500967550123
0 307 243 387.88282330300274
0 288 246 262.0639681209855
0 283 247 325.52176526490575
0 311 250 344.6668590246055
0 321 253 425.6477569772117
0 309 255 239.3248265249005
0 313 256 373.41053842359884
0 324 262 315.94281691305224
0 315 263 198.72463471478164
0 342 265 420.92560667847323
0 325 271 299.52459986165667
0 338 272 360.5174348129823
0 317 274 243.81710624487542
0 305 275 294.87135728186837
0 339 276 386.5615542445304
0 331 277 224.4544654083759
0 340 280 125.07339216933006
0 346 281 251.3348913788688
0 322 284 151.92707739062243
0 373 286 306.8306196812382
0 327 287 326.98353146437796
0 369 290 472.27602048464183
0 364 295 358.3869356324886
0 355 297 137.89810712893706
0 334 299 210.46008400607374
0 335 300 169.1976672664869
0 362 301 431.2824736586124
0 375 302 315.30199498252114
0 352 304 275.45488382264784
0 337 305 213.92985889124887
0 343 307 204.31802445512903
0 374 308 384.5025709568506
0 326 311 268.6557537180488
0 382 314 281.98442407813775
0 397 320 327.9103698438141
0 372 326 165.72440298693226
0 402 327 208.89895345175646
0 356 328 277.42791568198277
0 407 332 434.73640930150844
0 351 333 164.89539493987888
0 370 334 402.8284546606228
0 366 335 254.25168986845748
0 394 337 425.9031699003531
0 353 339 214.76069378190866
0 381 340 131.1206068186996
0 376 344 173.44472165514813
0 365 345 292.7680912890006
0 349 346 387.350872295915
0 377 348 187.03434043178436
0 363 350 221.47315439874055
0 371 351 160.2472993658388
0 425 352 143.86383249618927
0 413 353 442.32850252690446
0 398 354 189.96131302032902
0 380 355 166.35438809204672
0 378 356 234.39881641089136
0 403 357 217.38156860738042
0 389 360 162.25233554476702
0 395 361 180.940834931388
0 416 362 325.422792511357
0 399 363 166.12776097080658
0 400 364 188.70809672951043
0 379 365 223.16889499032388
0 401 369 133.30841530221375
0 396 370 181.06546106128226
0 414 372 369.94323251515937
0 409 374 135.36277798248722
0 433 376 341.1348030387182
0 408 378 152.34247258356595
0 445 379 128.07246287419702
0 404 380 127.77510287297977
0 437 381 224.2509803586098
0 450 382 110.5899834067723
0 448 385 417.35048170560987
0 428 387 128.61167868238087
0 457 388 252.9047188425232
0 435 389 152.5077507337131
0 423 390 150.8258908002965
0 453 391 207.4174425351854
0 420 392 167.4626555200678
0 469 393 280.52366976818263
0 439 394 114.96397528892233
0 426 395 107.79347660294232
0 410 396 355.8079001400881
0 417 397 110.32868937754299
0 458 398 138.88942376904964
0 452 399 339.61889772546124
0 464 400 420.4273119868418
0 463 402 119.69140461694533
0 436 403 212.30551302624409
0 429 404 179.79522876309397
0 476 405 245.26910251406
0 454 407 178.44406057596368
0 473 410 426.60843351321205
0 442 412 295.612978047887
0 444 413 110.0845376948567
0 472 414 392.00243091183376
0 443 416 160.50379384678644
0 449 417 132.6357967682408
0 466 418 274.24022199163477
0 455 419 146.37099356331876
0 474 421 423.3797925498532
0 430 422 298.4638834353165
0 461 423 120.01390904454865
0 441 425 339.5541145385862
0 480 427 148.8014616537619
0 481 430 117.74886330330965
0 451 434 328.46436906413334
0 460 440 129.7226011795427
0 482 442 336.6039829988788
0 491 443 352.23693397201396
0 467 444 194.13775630465153
0 468 450 220.3923700846924
0 465 451 222.2092777304721
0 487 454 478.5658896762512
0 496 455 124.0551591367552
0 493 456 267.3938393424717
0 505 467 366.14971264590446
0 501 468 358.26697283146854
0 503 469 161.3461929058982
0 510 471 241.48590002177764
0 531 482 132.23512153344421
0 537 487 208.4153136885247
0 542 491 323.5792960133835
0 554 495 379.2427562051122
0 521 496 339.7452014671004
0 549 498 300.9304293212274
0 548 500 148.25752593655895
0 553 501 179.1171921891945
0 535 502 372.9471526439461
0 558 509 256.5304327230576
0 556 511 188.5550989746992
0 551 512 297.20499458104325
0 569 513 233.94369583053756
0 575 515 354.9467380472003
0 565 516 303.4341312973708
0 561 519 270.9852756925121
0 584 522 337.17106925784833
0 589 527 304.5433315634941
0 593 530 455.28969968146146
0 599 534 385.51230460525824
0 600 536 351.91291583690514
0 604 537 367.96998200200994
0 623 538 315.22862329988095
0 555 541 205.34161608515134
0 541 546 365.3655672049371
0 614 550 357.87599693429837
0 616 551 462.9228079188939
0 574 554 179.0846317433537
0 563 555 124.78774752871078
0 621 560 393.9926117649324
0 625 562 154.33445926646587
0 576 565 307.77605631438655
0 585 566 154.36072875138342
0 626 568 240.75144709818025
0 586 569 179.01139012926598
0 634 576 380.5742884399298
0 606 577 166.73104135844545
0 601 580 367.42996592934145
0 608 581 272.9330653980819
0 654 597 107.22275984520037
0 641 600 453.1705628222463
0 663 601 320.8634379987727
0 666 602 194.0713060875858
0 684 610 187.99892695085737
0 682 612 149.00474425281794
0 671 615 133.50083917370435
0 678 617 118.37302509846947
0 677 619 126.84441440399317
0 660 620 120.52615018125026
0 681 623 142.74188512153026
0 672 630 143.56237528195263
0 693 632 336.4785189600406

0 828.0 286.0
0 782.0 289.0
0 739.0 290.0
0 728.0 291.0
0 776.0 291.0
0 679.0 292.0
0 771.0 296.0
0 783.0 299.0
0 802.0 302.0
0 830.0 302.0
0 836.0 309.0
0 846.0 313.0
0 818.0 314.0
0 766.0 321.0
0 755.0 322.0
0 635.0 324.0
0 784.0 324.0
0 968.0 324.0
0 746.0 326.0
0 606.0 327.0
0 784.0 330.0
0 794.0 330.0
0 823.0 330.0
0 738.0 331.0
0 881.0 331.0
0 892.0 331.0
0 952.0 333.0
0 975.0 333.0
0 871.0 335.0
0 620.0 336.0
0 783.0 336.0
0 965.0 336.0
0 794.0 338.0
0 864.0 338.0
0 749.0 339.0
0 731.0 340.0
0 740.0 341.0
0 772.0 341.0
0 590.0 342.0
0 713.0 342.0
0 914.0 343.0
0 945.0 343.0
0 887.0 344.0
0 893.0 344.0
0 612.0 346.0
0 760.0 347.0
0 730.0 348.0
0 983.0 350.0
0 867.0 351.0
0 968.0 351.0
0 708.0 352.0
0 747.0 352.0
0 592.0 354.0
0 737.0 356.0
0 888.0 358.0
0 971.0 358.0
0 608.0 359.0
0 934.0 359.0
0 874.0 360.0
0 589.0 361.0
0 760.0 361.0
0 616.0 362.0
0 623.0 362.0
0 629.0 362.0
0 906.0 362.0
0 647.0 363.0
0 863.0 363.0
0 991.0 363.0
0 559.0 364.0
0 659.0 364.0
0 676.0 365.0
0 963.0 365.0
0 970.0 365.0
0 681.0 366.0
0 686.0 366.0
0 853.0 366.0
0 590.0 367.0
0 702.0 368.0
0 875.0 368.0
0 953.0 368.0
0 726.0 369.0
0 750.0 369.0
0 936.0 369.0
0 613.0 370.0
0 884.0 370.0
0 890.0 370.0
0 895.0 370.0
0 900.0 370.0
0 910.0 370.0
0 917.0 370.0
0 982.0 373.0
0 673.0 375.0
0 883.0 375.0
0 954.0 375.0
0 560.0 376.0
0 617.0 376.0
0 627.0 376.0
0 777.0 376.0
0 863.0 377.0
0 602.0 378.0
0 638.0 378.0
0 752.0 378.0
0 809.0 378.0
0 874.0 378.0
0 936.0 378.0
0 990.0 378.0
0 647.0 379.0
0 852.0 379.0
0 663.0 380.0
0 910.0 380.0
0 916.0 380.0
0 686.0 381.0
0 897.0 381.0
0 1014.0 381.0
0 680.0 382.0
0 702.0 382.0
0 719.0 383.0
0 880.0 383.0
0 603.0 384.0
0 609.0 384.0
0 691.0 384.0
0 780.0 384.0
0 786.0 384.0
0 792.0 384.0
0 990.0 384.0
0 930.0 386.0
0 807.0 387.0
0 1015.0 388.0
0 609.0 389.0
0 914.0 389.0
0 614.0 390.0
0 626.0 391.0
0 735.0 391.0
0 951.0 393.0
0 706.0 395.0
0 717.0 395.0
0 877.0 395.0
0 905.0 395.0
0 1018.0 395.0
0 825.0 397.0
0 726.0 398.0
0 562.0 399.0
0 704.0 400.0
0 834.0 400.0
0 604.0 401.0
0 813.0 401.0
0 875.0 401.0
0 950.0 401.0
0 617.0 403.0
0 661.0 403.0
0 553.0 404.0
0 638.0 404.0
0 820.0 404.0
0 773.0 405.0
0 884.0 405.0
0 633.0 406.0
0 796.0 407.0
0 905.0 407.0
0 920.0 407.0
0 925.0 407.0
0 952.0 407.0
0 993.0 407.0
0 614.0 408.0
0 726.0 408.0
0 751.0 408.0
0 559.0 409.0
0 603.0 409.0
0 840.0 410.0
0 584.0 411.0
0 620.0 411.0
0 677.0 411.0
0 827.0 411.0
0 879.0 412.0
0 562.0 414.0
0 570.0 414.0
0 999.0 414.0
0 849.0 415.0
0 987.0 415.0
0 722.0 416.0
0 710.0 417.0
0 789.0 417.0
0 794.0 417.0
0 818.0 417.0
0 554.0 418.0
0 727.0 418.0
0 784.0 418.0
0 651.0 420.0
0 745.0 420.0
0 753.0 420.0
0 902.0 420.0
0 676.0 421.0
0 878.0 421.0
0 1018.0 422.0
0 736.0 423.0
0 641.0 424.0
0 855.0 424.0
0 832.0 425.0
0 850.0 425.0
0 860.0 425.0
0 543.0 426.0
0 587.0 426.0
0 714.0 426.0
0 837.0 426.0
0 988.0 426.0
0 665.0 427.0
0 776.0 427.0
0 843.0 427.0
0 1018.0 427.0
0 530.0 428.0
0 816.0 428.0
0 525.0 429.0
0 648.0 429.0
0 520.0 430.0
0 748.0 430.0
0 829.0 430.0
0 1007.0 430.0
0 615.0 432.0
0 667.0 432.0
0 653.0 433.0
0 819.0 433.0
0 514.0 434.0
0 602.0 434.0
0 638.0 434.0
0 998.0 434.0
0 1019.0 435.0
0 704.0 436.0
0 667.0 437.0
0 572.0 438.0
0 583.0 438.0
0 693.0 438.0
0 771.0 438.0
0 547.0 439.0
0 608.0 439.0
0 660.0 440.0
0 679.0 440.0
0 759.0 440.0
0 541.0 441.0
0 992.0 441.0
0 506.0 442.0
0 731.0 442.0
0 845.0 442.0
0 583.0 443.0
0 689.0 443.0
0 710.0 443.0
0 749.0 443.0
0 671.0 444.0
0 827.0 444.0
0 839.0 444.0
0 592.0 445.0
0 616.0 445.0
0 700.0 446.0
0 652.0 447.0
0 769.0 447.0
0 583.0 448.0
0 712.0 448.0
0 760.0 449.0
0 597.0 450.0
0 668.0 450.0
0 751.0 450.0
0 620.0 451.0
0 588.0 452.0
0 633.0 452.0
0 680.0 452.0
0 769.0 452.0
0 645.0 453.0
0 497.0 454.0
0 655.0 455.0
0 699.0 455.0
0 752.0 455.0
0 850.0 455.0
0 738.0 456.0
0 723.0 457.0
0 605.0 458.0
0 633.0 458.0
0 829.0 458.0
0 986.0 458.0
0 595.0 459.0
0 769.0 460.0
0 1018.0 461.0
0 489.0 462.0
0 684.0 462.0
0 542.0 463.0
0 619.0 463.0
0 712.0 463.0
0 902.0 463.0
0 970.0 463.0
0 609.0 465.0
0 952.0 465.0
0 484.0 466.0
0 638.0 466.0
0 600.0 467.0
0 926.0 467.0
0 699.0 468.0
0 770.0 468.0
0 999.0 468.0
0 523.0 469.0
0 535.0 470.0
0 690.0 470.0
0 638.0 471.0
0 830.0 471.0
0 934.0 471.0
0 481.0 472.0
0 552.0 472.0
0 717.0 472.0
0 725.0 472.0
0 921.0 472.0
0 628.0 473.0
0 772.0 473.0
0 519.0 474.0
0 543.0 474.0
0 644.0 475.0
0 864.0 475.0
0 849.0 476.0
0 479.0 477.0
0 526.0 477.0
0 509.0 478.0
0 544.0 479.0
0 732.0 479.0
0 987.0 479.0
0 1018.0 479.0
0 559.0 480.0
0 687.0 480.0
0 714.0 480.0
0 723.0 480.0
0 933.0 480.0
0 602.0 481.0
0 709.0 481.0
0 514.0 482.0
0 826.0 482.0
0 971.0 482.0
0 635.0 483.0
0 913.0 483.0
0 553.0 485.0
0 947.0 485.0
0 754.0 487.0
0 824.0 487.0
0 542.0 488.0
0 637.0 488.0
0 647.0 488.0
0 927.0 488.0
0 698.0 489.0
0 850.0 490.0
0 567.0 491.0
0 740.0 491.0
0 782.0 491.0
0 735.0 492.0
0 999.0 492.0
0 648.0 493.0
0 919.0 494.0
0 611.0 495.0
0 912.0 495.0
0 945.0 495.0
0 503.0 496.0
0 553.0 496.0
0 730.0 496.0
0 816.0 496.0
0 934.0 496.0
0 869.0 498.0
0 877.0 498.0
0 1017.0 498.0
0 792.0 499.0
0 811.0 500.0
0 573.0 501.0
0 800.0 501.0
0 806.0 501.0
0 956.0 501.0
0 717.0 503.0
0 542.0 504.0
0 615.0 505.0
0 898.0 505.0
0 923.0 505.0
0 932.0 505.0
0 563.0 506.0
0 571.0 506.0
0 637.0 506.0
0 959.0 506.0
0 602.0 509.0
0 851.0 510.0
0 895.0 510.0
0 493.0 511.0
0 958.0 511.0
0 530.0 512.0
0 500.0 514.0
0 999.0 515.0
0 1017.0 515.0
0 621.0 516.0
0 865.0 516.0
0 722.0 517.0
0 551.0 518.0
0 642.0 518.0
0 742.0 519.0
0 664.0 520.0
0 892.0 520.0
0 582.0 521.0
0 712.0 521.0
0 792.0 521.0
0 967.0 521.0
0 946.0 522.0
0 490.0 523.0
0 553.0 524.0
0 624.0 524.0
0 659.0 524.0
0 498.0 526.0
0 807.0 527.0
0 892.0 527.0
0 469.0 528.0
0 819.0 528.0
0 646.0 529.0
0 1017.0 529.0
0 773.0 530.0
0 563.0 531.0
0 569.0 531.0
0 753.0 532.0
0 850.0 532.0
0 534.0 533.0
0 557.0 533.0
0 833.0 533.0
0 893.0 533.0
0 627.0 534.0
0 743.0 534.0
0 1017.0 534.0
0 648.0 536.0
0 956.0 537.0
0 714.0 538.0
0 872.0 538.0
0 963.0 538.0
0 999.0 538.0
0 490.0 540.0
0 629.0 540.0
0 881.0 540.0
0 498.0 541.0
0 545.0 541.0
0 649.0 541.0
0 780.0 543.0
0 959.0 543.0
0 631.0 546.0
0 850.0 546.0
0 651.0 548.0
0 756.0 550.0
0 632.0 551.0
0 904.0 551.0
0 952.0 551.0
0 595.0 553.0
0 529.0 554.0
0 910.0 554.0
0 946.0 555.0
0 915.0 557.0
0 941.0 557.0
0 585.0 558.0
0 634.0 558.0
0 922.0 559.0
0 927.0 559.0
0 935.0 559.0
0 654.0 560.0
0 597.0 562.0
0 495.0 564.0
0 532.0 565.0
0 635.0 565.0
0 556.0 567.0
0 636.0 570.0
0 999.0 570.0
0 672.0 572.0
0 657.0 573.0
0 601.0 575.0
0 756.0 575.0
0 637.0 576.0
0 747.0 576.0
0 582.0 577.0
0 589.0 578.0
0 519.0 579.0
0 999.0 583.0
0 541.0 589.0
0 639.0 589.0
0 1015.0 589.0
0 574.0 590.0
0 590.0 590.0
0 603.0 593.0
0 1015.0 594.0
0 723.0 597.0
0 821.0 597.0
0 563.0 598.0
0 732.0 599.0
0 504.0 600.0
0 577.0 600.0
0 601.0 600.0
0 596.0 601.0
0 998.0 601.0
0 541.0 602.0
0 640.0 602.0
0 585.0 605.0
0 639.0 607.0
0 572.0 609.0
0 722.0 609.0
0 731.0 610.0
0 639.0 613.0
0 577.0 614.0
0 751.0 616.0
0 584.0 617.0
0 603.0 619.0
0 709.0 619.0
0 517.0 620.0
0 553.0 621.0
0 750.0 621.0
0 590.0 624.0
0 639.0 624.0
0 693.0 624.0
0 702.0 624.0
0 516.0 625.0
0 714.0 625.0
0 511.0 627.0
0 675.0 627.0
0 686.0 630.0
0 694.0 632.0
0 569.0 634.0
0 527.0 636.0
0 513.0 637.0
0 574.0 637.0
0 593.0 637.0
0 638.0 637.0
0 579.0 638.0
0 712.0 641.0
0 723.0 641.0
0 602.0 642.0
0 534.0 644.0
0 740.0 644.0
0 519.0 645.0
0 1015.0 653.0
0 593.0 655.0
0 526.0 656.0
0 715.0 656.0
0 547.0 657.0
0 1015.0 658.0
0 997.0 661.0
0 810.0 662.0
0 594.0 663.0
0 1014.0 663.0
0 582.0 665.0
0 559.0 666.0
0 537.0 667.0
0 631.0 667.0
0 574.0 668.0
0 824.0 668.0
0 871.0 668.0
0 985.0 668.0
0 792.0 669.0
0 829.0 669.0
0 1013.0 670.0
0 881.0 671.0
0 704.0 672.0
0 699.0 674.0
0 582.0 675.0
0 557.0 676.0
0 774.0 677.0
0 904.0 678.0
0 811.0 683.0
0 946.0 683.0
0 955.0 683.0
0 989.0 684.0
0 528.0 685.0
0 1014.0 686.0
0 559.0 687.0
0 880.0 688.0
0 580.0 690.0
0 646.0 692.0
0 540.0 693.0
0 1010.0 693.0
0 906.0 695.0
0 641.0 696.0
0 551.0 700.0
0 955.0 700.0
0 450.0 701.0
0 566.0 701.0
0 626.0 702.0
0 1014.0 704.0
0 905.0 708.0
0 23.0 712.0
0 529.0 714.0
0 902.0 714.0
0 1014.0 715.0
0 956.0 720.0
0 1013.0 720.0
0 951.0 721.0
0 518.0 722.0
0 946.0 722.0
0 1012.0 725.0
0 516.0 727.0
0 905.0 728.0
0 505.0 742.0
0 1009.0 744.0
0 805.0 745.0
0 900.0 745.0
0 851.0 753.0
0 1008.0 753.0
0 776.0 758.0
0 38.0 765.0
0 301.0 765.0
0 1008.0 766.0
0 582.0 770.0
0 239.0 772.0
0 442.0 777.0
0 1006.0 783.0
0 509.0 789.0
0 492.0 803.0
0 101.0 812.0
0 45.0 813.0
0 10.0 825.0
0 442.0 829.0
0 689.0 830.0
0 359.0 833.0
0 582.0 833.0
0 507.0 837.0
0 184.0 838.0
0 548.0 840.0
0 654.0 840.0
0 420.0 845.0
0 706.0 845.0
0 691.0 846.0
0 630.0 847.0
0 874.0 848.0
0 653.0 850.0
0 1007.0 855.0
0 111.0 858.0
0 232.0 858.0
0 650.0 859.0
0 701.0 859.0
0 67.0 861.0
0 533.0 864.0
0 910.0 864.0
0 184.0 868.0
0 765.0 874.0
0 928.0 888.0
0 664.0 891.0
0 510.0 895.0
0 464.0 912.0
0 992.0 981.0
1 871.0 75.0
1 809.0 306.0
1 855.0 309.0
1 870.0 310.0
1 799.0 312.0
1 782.0 313.0
1 836.0 317.0
1 845.0 317.0
1 863.0 317.0
1 748.0 318.0
1 772.0 318.0
1 800.0 320.0
1 828.0 322.0
1 870.0 324.0
1 847.0 326.0
1 858.0 328.0
1 874.0 331.0
1 730.0 333.0
1 885.0 334.0
1 687.0 336.0
1 629.0 339.0
1 664.0 339.0
1 669.0 339.0
1 674.0 339.0
1 828.0 344.0
1 717.0 345.0
1 693.0 346.0
1 665.0 348.0
1 593.0 349.0
1 629.0 350.0
1 656.0 350.0
1 639.0 351.0
1 848.0 352.0
1 859.0 352.0
1 613.0 354.0
1 604.0 356.0
1 669.0 356.0
1 638.0 358.0
1 1037.0 358.0
1 1024.0 360.0
1 650.0 361.0
1 952.0 361.0
1 972.0 362.0
1 838.0 363.0
1 612.0 364.0
1 698.0 364.0
1 591.0 365.0
1 867.0 365.0
1 664.0 366.0
1 678.0 366.0
1 1043.0 366.0
1 838.0 369.0
1 592.0 370.0
1 669.0 370.0
1 693.0 370.0
1 1033.0 370.0
1 603.0 371.0
1 613.0 371.0
1 847.0 371.0
1 976.0 371.0
1 556.0 374.0
1 637.0 374.0
1 838.0 374.0
1 592.0 375.0
1 853.0 376.0
1 571.0 378.0
1 689.0 379.0
1 826.0 379.0
1 592.0 380.0
1 1049.0 380.0
1 648.0 381.0
1 948.0 381.0
1 612.0 382.0
1 678.0 383.0
1 848.0 384.0
1 554.0 385.0
1 915.0 386.0
1 822.0 387.0
1 570.0 388.0
1 934.0 388.0
1 973.0 388.0
1 1038.0 388.0
1 700.0 390.0
1 705.0 390.0
1 846.0 390.0
1 923.0 390.0
1 944.0 390.0
1 715.0 391.0
1 720.0 391.0
1 695.0 392.0
1 725.0 392.0
1 857.0 392.0
1 988.0 393.0
1 1054.0 393.0
1 648.0 394.0
1 735.0 394.0
1 742.0 394.0
1 755.0 395.0
1 950.0 395.0
1 763.0 396.0
1 899.0 396.0
1 1044.0 396.0
1 678.0 398.0
1 776.0 398.0
1 782.0 398.0
1 787.0 399.0
1 794.0 399.0
1 915.0 399.0
1 922.0 399.0
1 963.0 399.0
1 696.0 400.0
1 799.0 400.0
1 972.0 400.0
1 804.0 401.0
1 809.0 401.0
1 854.0 401.0
1 977.0 401.0
1 1029.0 401.0
1 1056.0 401.0
1 724.0 402.0
1 886.0 402.0
1 983.0 402.0
1 999.0 402.0
1 1015.0 402.0
1 750.0 403.0
1 607.0 404.0
1 612.0 404.0
1 618.0 404.0
1 769.0 404.0
1 819.0 404.0
1 901.0 404.0
1 922.0 404.0
1 934.0 404.0
1 623.0 405.0
1 677.0 405.0
1 699.0 405.0
1 714.0 405.0
1 947.0 405.0
1 972.0 406.0
1 1069.0 406.0
1 601.0 407.0
1 731.0 407.0
1 780.0 407.0
1 959.0 408.0
1 581.0 409.0
1 742.0 409.0
1 1030.0 409.0
1 753.0 410.0
1 626.0 411.0
1 676.0 411.0
1 763.0 411.0
1 768.0 411.0
1 875.0 411.0
1 921.0 411.0
1 981.0 411.0
1 1015.0 411.0
1 1061.0 411.0
1 687.0 412.0
1 783.0 412.0
1 998.0 412.0
1 644.0 413.0
1 649.0 413.0
1 791.0 413.0
1 799.0 413.0
1 811.0 413.0
1 555.0 414.0
1 570.0 414.0
1 896.0 414.0
1 654.0 415.0
1 819.0 415.0
1 922.0 416.0
1 1072.0 417.0
1 693.0 418.0
1 809.0 418.0
1 837.0 418.0
1 1039.0 418.0
1 668.0 419.0
1 683.0 422.0
1 879.0 422.0
1 598.0 423.0
1 1049.0 423.0
1 565.0 424.0
1 572.0 424.0
1 607.0 424.0
1 612.0 424.0
1 646.0 424.0
1 664.0 424.0
1 894.0 424.0
1 969.0 424.0
1 852.0 425.0
1 1008.0 425.0
1 550.0 426.0
1 623.0 426.0
1 695.0 426.0
1 824.0 427.0
1 930.0 427.0
1 580.0 429.0
1 836.0 429.0
1 878.0 429.0
1 946.0 430.0
1 963.0 430.0
1 696.0 431.0
1 819.0 431.0
1 844.0 431.0
1 1005.0 431.0
1 1065.0 431.0
1 675.0 432.0
1 757.0 432.0
1 971.0 432.0
1 976.0 432.0
1 981.0 432.0
1 686.0 433.0
1 550.0 434.0
1 923.0 434.0
1 565.0 435.0
1 631.0 435.0
1 990.0 435.0
1 864.0 436.0
1 883.0 436.0
1 1007.0 437.0
1 1050.0 437.0
1 940.0 438.0
1 697.0 439.0
1 702.0 439.0
1 842.0 439.0
1 872.0 440.0
1 967.0 440.0
1 1069.0 440.0
1 579.0 441.0
1 659.0 441.0
1 548.0 442.0
1 727.0 443.0
1 952.0 443.0
1 703.0 444.0
1 708.0 444.0
1 696.0 445.0
1 771.0 445.0
1 967.0 445.0
1 978.0 445.0
1 739.0 446.0
1 823.0 446.0
1 547.0 447.0
1 552.0 447.0
1 641.0 447.0
1 687.0 447.0
1 839.0 447.0
1 864.0 447.0
1 646.0 448.0
1 651.0 448.0
1 749.0 448.0
1 844.0 448.0
1 679.0 449.0
1 780.0 449.0
1 558.0 452.0
1 767.0 452.0
1 789.0 452.0
1 917.0 452.0
1 922.0 452.0
1 885.0 453.0
1 912.0 453.0
1 932.0 453.0
1 567.0 454.0
1 820.0 454.0
1 870.0 454.0
1 955.0 454.0
1 1070.0 454.0
1 665.0 455.0
1 852.0 455.0
1 907.0 455.0
1 937.0 455.0
1 942.0 456.0
1 680.0 458.0
1 689.0 458.0
1 698.0 458.0
1 969.0 458.0
1 1062.0 458.0
1 707.0 459.0
1 784.0 459.0
1 715.0 460.0
1 807.0 462.0
1 885.0 462.0
1 950.0 462.0
1 724.0 463.0
1 962.0 463.0
1 897.0 465.0
1 687.0 466.0
1 732.0 466.0
1 892.0 466.0
1 955.0 467.0
1 1068.0 467.0
1 710.0 468.0
1 621.0 469.0
1 715.0 469.0
1 818.0 469.0
1 741.0 470.0
1 842.0 470.0
1 887.0 471.0
1 804.0 472.0
1 960.0 472.0
1 974.0 472.0
1 724.0 473.0
1 853.0 473.0
1 575.0 474.0
1 706.0 474.0
1 750.0 474.0
1 1060.0 474.0
1 1065.0 474.0
1 831.0 475.0
1 810.0 476.0
1 873.0 476.0
1 621.0 477.0
1 826.0 477.0
1 631.0 479.0
1 737.0 479.0
1 759.0 479.0
1 892.0 479.0
1 721.0 480.0
1 961.0 480.0
1 1060.0 480.0
1 559.0 481.0
1 693.0 481.0
1 726.0 482.0
1 999.0 483.0
1 767.0 484.0
1 809.0 484.0
1 839.0 484.0
1 972.0 484.0
1 1049.0 484.0
1 962.0 485.0
1 621.0 486.0
1 750.0 486.0
1 891.0 486.0
1 609.0 487.0
1 668.0 487.0
1 963.0 490.0
1 1030.0 490.0
1 775.0 491.0
1 1020.0 491.0
1 757.0 492.0
1 743.0 493.0
1 817.0 493.0
1 1036.0 494.0
1 612.0 495.0
1 893.0 495.0
1 1015.0 495.0
1 963.0 496.0
1 672.0 497.0
1 750.0 497.0
1 783.0 497.0
1 1052.0 497.0
1 767.0 498.0
1 1039.0 499.0
1 847.0 500.0
1 1027.0 500.0
1 640.0 501.0
1 824.0 501.0
1 962.0 503.0
1 635.0 504.0
1 758.0 504.0
1 897.0 504.0
1 1039.0 504.0
1 774.0 505.0
1 601.0 506.0
1 1012.0 507.0
1 665.0 508.0
1 851.0 508.0
1 960.0 508.0
1 1027.0 508.0
1 647.0 509.0
1 769.0 509.0
1 891.0 509.0
1 1039.0 509.0
1 840.0 510.0
1 783.0 511.0
1 656.0 512.0
1 694.0 512.0
1 904.0 513.0
1 1027.0 513.0
1 1039.0 514.0
1 1051.0 514.0
1 952.0 516.0
1 835.0 517.0
1 668.0 518.0
1 773.0 518.0
1 1213.0 518.0
1 642.0 519.0
1 678.0 519.0
1 688.0 519.0
1 751.0 519.0
1 912.0 519.0
1 562.0 520.0
1 1059.0 520.0
1 655.0 521.0
1 694.0 521.0
1 790.0 521.0
1 944.0 521.0
1 1032.0 521.0
1 720.0 522.0
1 859.0 523.0
1 927.0 523.0
1 935.0 523.0
1 1005.0 523.0
1 645.0 524.0
1 978.0 524.0
1 1051.0 524.0
1 779.0 526.0
1 1060.0 526.0
1 720.0 527.0
1 1001.0 528.0
1 798.0 529.0
1 1060.0 531.0
1 623.0 532.0
1 675.0 532.0
1 682.0 532.0
1 687.0 532.0
1 693.0 532.0
1 702.0 533.0
1 1034.0 535.0
1 663.0 536.0
1 772.0 536.0
1 999.0 536.0
1 1060.0 536.0
1 728.0 537.0
1 864.0 537.0
1 563.0 538.0
1 630.0 538.0
1 901.0 538.0
1 715.0 539.0
1 854.0 541.0
1 999.0 541.0
1 1058.0 542.0
1 586.0 543.0
1 936.0 543.0
1 735.0 544.0
1 744.0 544.0
1 807.0 544.0
1 931.0 545.0
1 650.0 546.0
1 704.0 546.0
1 848.0 546.0
1 602.0 547.0
1 1056.0 547.0
1 867.0 548.0
1 950.0 548.0
1 967.0 548.0
1 609.0 549.0
1 709.0 550.0
1 957.0 550.0
1 751.0 551.0
1 999.0 551.0
1 618.0 552.0
1 1055.0 552.0
1 696.0 553.0
1 828.0 553.0
1 812.0 554.0
1 870.0 556.0
1 583.0 557.0
1 684.0 557.0
1 605.0 560.0
1 641.0 560.0
1 1008.0 560.0
1 854.0 562.0
1 564.0 563.0
1 615.0 563.0
1 759.0 563.0
1 1032.0 564.0
1 804.0 565.0
1 1016.0 565.0
1 1024.0 565.0
1 718.0 566.0
1 647.0 567.0
1 604.0 568.0
1 659.0 568.0
1 693.0 568.0
1 826.0 568.0
1 760.0 572.0
1 580.0 573.0
1 659.0 573.0
1 693.0 573.0
1 594.0 576.0
1 602.0 576.0
1 612.0 577.0
1 774.0 578.0
1 660.0 580.0
1 565.0 581.0
1 693.0 582.0
1 766.0 583.0
1 755.0 586.0
1 651.0 587.0
1 579.0 590.0
1 696.0 590.0
1 661.0 593.0
1 1025.0 594.0
1 700.0 596.0
1 613.0 597.0
1 569.0 599.0
1 605.0 600.0
1 580.0 604.0
1 665.0 606.0
1 708.0 606.0
1 581.0 609.0
1 774.0 609.0
1 567.0 611.0
1 642.0 611.0
1 667.0 611.0
1 720.0 613.0
1 581.0 614.0
1 690.0 614.0
1 745.0 615.0
1 607.0 616.0
1 669.0 616.0
1 731.0 616.0
1 705.0 617.0
1 583.0 619.0
1 724.0 619.0
1 617.0 620.0
1 752.0 620.0
1 763.0 622.0
1 609.0 624.0
1 724.0 624.0
1 741.0 624.0
1 865.0 625.0
1 603.0 627.0
1 721.0 630.0
1 780.0 630.0
1 622.0 631.0
1 330.0 633.0
1 568.0 633.0
1 587.0 633.0
1 710.0 634.0
1 760.0 634.0
1 614.0 635.0
1 733.0 637.0
1 609.0 638.0
1 695.0 639.0
1 858.0 639.0
1 790.0 640.0
1 674.0 641.0
1 725.0 643.0
1 853.0 643.0
1 684.0 644.0
1 1050.0 644.0
1 710.0 645.0
1 772.0 646.0
1 666.0 648.0
1 851.0 648.0
1 751.0 649.0
1 1049.0 650.0
1 635.0 651.0
1 778.0 652.0
1 743.0 653.0
1 847.0 653.0
1 599.0 656.0
1 687.0 656.0
1 719.0 656.0
1 883.0 656.0
1 834.0 657.0
1 568.0 658.0
1 628.0 658.0
1 774.0 660.0
1 621.0 661.0
1 720.0 662.0
1 633.0 663.0
1 1022.0 663.0
1 638.0 664.0
1 715.0 664.0
1 237.0 665.0
1 764.0 665.0
1 649.0 666.0
1 709.0 666.0
1 312.0 668.0
1 650.0 671.0
1 760.0 671.0
1 769.0 671.0
1 875.0 671.0
1 642.0 672.0
1 1048.0 672.0
1 570.0 674.0
1 611.0 674.0
1 543.0 675.0
1 656.0 675.0
1 651.0 676.0
1 756.0 676.0
1 766.0 676.0
1 783.0 676.0
1 990.0 678.0
1 1033.0 678.0
1 661.0 680.0
1 651.0 681.0
1 749.0 682.0
1 667.0 683.0
1 760.0 684.0
1 656.0 686.0
1 677.0 686.0
1 569.0 687.0
1 798.0 687.0
1 1039.0 688.0
1 662.0 689.0
1 689.0 690.0
1 754.0 690.0
1 732.0 691.0
1 1048.0 691.0
1 703.0 692.0
1 668.0 693.0
1 719.0 693.0
1 724.0 693.0
1 986.0 693.0
1 792.0 694.0
1 1032.0 694.0
1 685.0 696.0
1 78.0 698.0
1 324.0 700.0
1 359.0 700.0
1 401.0 700.0
1 734.0 700.0
1 678.0 701.0
1 727.0 702.0
1 393.0 703.0
1 195.0 704.0
1 259.0 704.0
1 689.0 704.0
1 718.0 706.0
1 762.0 706.0
1 702.0 707.0
1 1201.0 707.0
1 743.0 710.0
1 655.0 711.0
1 1043.0 712.0
1 343.0 714.0
1 1166.0 716.0
1 119.0 726.0
1 234.0 728.0
1 1043.0 728.0
1 65.0 729.0
1 630.0 729.0
1 394.0 731.0
1 260.0 733.0
1 20.0 734.0
1 251.0 735.0
1 1443.0 736.0
1 573.0 739.0
1 1105.0 745.0
1 122.0 746.0
1 1039.0 750.0
1 321.0 757.0
1 704.0 760.0
1 599.0 764.0
1 594.0 766.0
1 984.0 776.0
1 615.0 778.0
1 620.0 779.0
1 701.0 782.0
1 1030.0 789.0
1 725.0 792.0
1 774.0 792.0
1 494.0 793.0
1 1450.0 793.0
1 730.0 795.0
1 591.0 804.0
1 694.0 807.0
1 1169.0 807.0
1 591.0 809.0
1 1327.0 812.0
1 694.0 817.0
1 1011.0 824.0
1 92.0 826.0
1 719.0 831.0
1 697.0 832.0
1 796.0 833.0
1 707.0 841.0
1 292.0 843.0
1 946.0 843.0
1 1141.0 846.0
1 666.0 851.0
1 1202.0 851.0
1 752.0 856.0
1 865.0 856.0
1 910.0 856.0
1 882.0 857.0
1 734.0 858.0
1 515.0 864.0
1 914.0 864.0
1 815.0 866.0
1 55.0 868.0
1 775.0 871.0
1 88.0 875.0
1 191.0 888.0
1 844.0 891.0
1 807.0 893.0
1 787.0 895.0
1 775.0 903.0
1 727.0 906.0
1 1353.0 920.0
1 789.0 922.0
1 1223.0 954.0
1 743.0 988.0
