0 0 0 312.76297748310793
0 3 2 478.2045825330165
0 7 3 281.1793357887815
0 6 6 219.12214089906445
0 10 7 171.34189708384483
0 12 8 273.5151799215021
0 8 10 404.6704988102088
0 13 11 193.52597784901823
0 14 14 273.5454379666625
0 17 15 457.48069955716124
0 18 16 178.11021097566024
0 22 17 207.7348764066452
0 20 18 361.80386351175116
0 27 21 434.6957745249066
0 31 22 435.92832544045683
0 49 24 313.11276496175725
0 34 25 305.6519003617147
0 35 26 181.25205670954563
0 39 28 366.56511259218087
0 50 32 158.24425743538944
0 68 35 401.2024679720106
0 44 37 231.8779655123111
0 47 38 303.34503340151593
0 52 41 164.3724125174197
0 64 44 167.05239803781427
0 48 45 183.434173268878
0 72 47 161.33880732565115
0 56 50 473.3171759067817
0 53 54 113.79301129857744
0 63 55 158.36947896857362
0 62 58 153.25781712595918
0 66 59 228.55336857471832
0 73 60 111.004355162784
0 77 62 151.00168622528994
0 81 64 118.56486139495979
0 74 70 181.74658199062648
0 82 71 111.39089161295215
0 91 73 133.70030780878002
0 89 75 246.57025659098855
0 113 77 156.7400580370777
0 96 80 334.5226210109085
0 83 81 323.2510813752974
0 101 84 308.6078254262755
0 88 85 274.5657851282409
0 97 86 260.25380507897137
0 84 87 110.18090069510205
0 85 88 127.9459408096158
0 125 90 242.14685092991232
0 108 91 418.1576327054528
0 128 92 230.09760541518557
0 90 93 187.92507601979435
0 114 94 408.4375583894227
0 130 98 343.5012868591924
0 103 99 308.24636131310854
0 135 101 280.5466551006971
0 119 102 244.51193847653406
0 134 103 298.86005515221456
0 141 105 252.52221318714314
0 105 107 178.7170608841358
0 136 108 247.71950604684287
0 132 109 129.8946772669434
0 121 110 382.44949398528007
0 99 111 131.42201378515125
0 151 112 423.5575179828803
0 144 113 211.30364876664717
0 137 114 261.1777443683933
0 173 115 342.95758834233135
0 147 116 358.1573355076821
0 120 117 267.7332025191204
0 157 118 264.1949370401509
0 162 120 322.20648585604334
0 168 121 275.3450980562711
0 133 122 206.9376186149444
0 112 123 116.65751492584377
0 124 124 285.73151614493423
0 197 125 218.18337402192145
0 148 126 220.75956655784975
0 164 127 225.10097849975895
0 167 128 225.92534338809588
0 122 129 157.97961950726096
0 127 133 255.50644168114283
0 142 134 219.70814433344083
0 115 135 246.51006223281433
0 179 137 206.1337041898406
0 170 138 220.52977333782442
0 152 140 253.9875470950312
0 138 143 189.72233181880839
0 149 144 298.994912767838
0 191 145 440.0421965054117
0 187 146 175.28349601289247
0 175 148 119.10260674248234
0 189 150 261.0363087386369
0 145 151 123.48574945544641
0 182 152 116.05032771673211
0 153 153 121.79345136143101
0 202 155 185.33058332815065
0 165 156 151.39351619615445
0 166 157 430.4073199857132
0 159 158 307.0876442331936
0 213 163 241.6817328661101
0 214 165 279.3399490278173
0 183 166 121.6684807561116
0 177 167 187.8594864516054
0 195 168 117.0300408347761
0 237 169 267.3861898093976
0 190 171 276.02236119225256
0 201 173 151.82778315829216
0 212 176 449.87984230677023
0 203 181 111.54512779056193
0 200 183 186.63992607921475
0 233 185 486.7786264370313
0 209 187 117.80822918191008
0 186 188 139.93489695521032
0 196 190 113.38960048877811
0 250 191 226.93116244015016
0 215 192 480.27682047211914
0 184 193 207.96521173671275
0 206 195 322.1585671050709
0 204 196 205.12279547336973
0 242 197 494.0200477921509
0 244 198 374.25476255751664
0 210 199 158.85565559378318
0 257 200 384.3207315309029
0 219 201 276.47392428976804
0 224 202 141.23384106822155
0 229 205 116.68839577812811
0 245 207 306.1493028427614
0 246 208 320.4261649414323
0 216 210 189.39836623010888
0 259 213 382.6556167736345
0 235 214 307.49353020094867
0 247 216 115.7320192235328
0 254 217 119.12429821802229
0 278 218 355.1563370573781
0 220 219 164.93392749547954
0 264 222 228.65823421064485
0 255 223 119.4284195403649
0 262 226 466.666564676519
0 256 230 205.17894989158444
0 236 232 446.6632935063469
0 228 233 488.7453677283057
0 296 234 353.39709298455665
0 270 237 150.25842827247396
0 271 238 118.6839291069137
0 230 240 303.5198221563542
0 260 242 254.8104942541558
0 261 243 291.2259609751474
0 288 246 259.7464791196447
0 266 247 229.64033082181285
0 239 250 242.64314922658042
0 281 251 155.53838189507223
0 249 252 188.43815344443595
0 307 253 477.96477430436113
0 269 260 386.28737757717795
0 279 266 176.23925791590543
0 274 267 375.75393663643297
0 308 268 213.84591451155345
0 300 271 247.35313292733952
0 312 280 256.5407099650187
0 297 281 123.12515613363367
0 285 282 179.17132646374586
0 347 283 492.8831057728451
0 328 285 244.78538841033367
0 326 286 270.2667619576843
0 320 287 450.6072086959062
0 316 290 421.86437286577234
0 313 297 186.1533927702801
0 323 299 393.08284318687043
0 333 300 348.09307536697963
0 303 302 247.88210319280216
0 345 303 490.19709017704656
0 332 304 485.73336919516726
0 327 308 200.59405061033812
0 375 309 262.6740063720759
0 344 310 456.56195611842156
0 342 312 252.18676040311482
0 381 316 305.03920940643934
0 309 317 175.37261627968357
0 377 319 406.40004612122107
0 336 320 262.9371457918883
0 338 321 364.7771603778005
0 317 323 448.17978891984103
0 324 331 160.2190341811167
0 376 332 229.94449509864893
0 330 333 225.67661590857745
0 325 334 484.24589601691446
0 390 336 209.0079692839355
0 356 340 276.01078167115907
0 386 342 242.90569793081093
0 340 343 209.29599320660674
0 363 344 210.04733735218815
0 357 347 199.9502305887378
0 403 348 186.88768670287334
0 350 351 183.57286382235426
0 391 352 246.19805943778874
0 339 353 210.371400992546
0 349 355 182.98731757265327
0 334 356 174.14888255819204
0 402 358 192.55092198763887
0 399 359 381.47397764550794
0 364 360 179.0189732913362
0 370 362 200.40161031138237
0 371 367 243.22723019695977
0 425 368 343.11136670355353
0 385 369 146.71423631837618
0 341 371 175.49802165845955
0 348 372 228.56143294470988
0 360 374 198.6569838273723
0 351 375 112.62860790228176
0 378 377 285.8285338796665
0 411 378 166.78615361704675
0 365 380 173.3980779798645
0 352 383 151.86871151960534
0 387 386 186.446822943477
0 369 387 271.24641514976685
0 379 388 176.4548688590247
0 366 389 131.00007277254332
0 388 391 195.70778242502115
0 407 395 403.61138163668835
0 383 397 200.6455328420529
0 372 398 182.21960541279861
0 367 401 130.81080760774697
0 413 402 480.2621784949541
0 392 403 170.20781683817256
0 439 404 125.22683215872021
0 380 405 180.30160716442754
0 426 406 279.4689342387764
0 395 408 181.26752741613095
0 373 410 193.99792464092286
0 431 411 306.95763199424476
0 452 412 236.58241590729392
0 398 413 200.29862341090302
0 442 414 107.11483083008233
0 414 416 114.1590977784546
0 401 417 175.14022155051958
0 389 418 213.14997868781748
0 428 419 376.0493051515536
0 374 421 378.32018933580144
0 441 423 193.4816985299409
0 451 427 118.71494303072228
0 432 428 483.45222574049546
0 446 429 173.38954787735665
0 393 430 198.1786041446046
0 454 432 184.58673820167942
0 453 433 113.95232755686624
0 418 436 108.01482611073021
0 406 438 183.66164742716083
0 458 442 446.1396664831819
0 448 444 265.1495530429775
0 420 447 178.9776652575082
0 457 449 431.0546784548082
0 427 452 126.8970954727811
0 475 454 274.42911970023044
0 466 455 127.35186304260384
0 467 456 112.87323644986924
0 435 461 116.96158122604304
0 433 464 104.5165885008688
0 455 465 467.54322810239444
0 436 468 175.9202032792228
0 450 470 357.0492917258611
0 421 471 484.30037725696747
0 470 474 359.5755447198242
0 468 475 493.8900330921491
0 487 477 497.4333605168354
0 489 483 120.95217703185435
0 443 485 379.48191218693063
0 445 487 169.35522490027785
0 472 490 392.6152679669427
0 449 494 237.26862735212285
0 502 495 165.91448191182604
0 497 499 374.8712786092068
0 493 500 304.0108548797671
0 503 502 213.07093404182496
0 492 504 416.9669851123926
0 500 505 308.6696567945592
0 520 506 164.18244224623976
0 514 508 178.51212796442616
0 494 510 191.66327468431146
0 521 513 117.47210729797885
0 526 515 115.66250973177495
0 507 516 427.19226994883536
0 535 517 228.21120466270148
0 518 518 178.10648607338163
0 511 519 386.95844361537746
0 523 520 228.957832220163
0 483 522 486.1824267615102
0 512 524 307.36717217231615
0 505 525 218.15714524043983
0 549 527 206.36628788027883
0 530 529 343.32348075637015
0 541 534 212.63094165575615
0 513 535 259.8505549419177
0 540 537 153.4404674290515
0 533 538 334.797119788057
0 550 542 187.89704176564723
0 555 544 133.68997346076628
0 556 545 152.75084088359995
0 547 546 176.2149717253027
0 631 548 169.87739965065063
0 572 549 205.93073368308092
0 558 552 216.68135664779388
0 559 553 212.84884044738152
0 537 554 296.6972190542347
0 560 555 264.07502801147234
0 538 556 387.9509001121961
0 570 557 217.74799145086993
0 574 559 201.56189535663933
0 532 560 384.71677979438545
0 582 565 252.88299025424985
0 580 566 216.93185858117894
0 587 569 265.8970748924804
0 568 570 480.13394468514343
0 588 575 176.81096645967497
0 543 578 195.48041399322068
0 596 579 168.2184772638765
0 593 583 121.94680623340261
0 576 584 240.90600859407516
0 590 587 244.5390064719577
0 589 588 265.15715894961056
0 595 589 246.02061607743164
0 600 590 220.84168729722515
0 562 592 125.5211976739262
0 603 593 124.90461042242111
0 602 594 291.52771623634
0 607 595 149.2955515535098
0 539 598 317.71678631629203
0 613 603 331.0531536022853
0 599 604 215.9379097371337
0 565 608 178.90037135984497
0 563 612 476.09225151178345
0 575 616 409.25481614353714
0 639 618 452.24318709140914
0 584 620 131.50500076266744
0 585 623 304.8571549018553
0 633 635 123.75879318251779
0 624 636 129.2930488599208
0 648 648 112.80286257531328
0 627 650 237.0537496243318
0 656 652 184.9287388148047
0 636 654 377.2792951846968
0 640 658 191.10679676235515
0 667 662 107.05897337528599
0 680 666 163.1038980911733
0 658 670 260.9603815693446

0 775.0 277.0
0 780.0 277.0
0 836.0 280.0
0 735.0 284.0
0 788.0 287.0
0 681.0 288.0
0 777.0 288.0
0 726.0 289.0
0 745.0 294.0
0 838.0 296.0
0 775.0 297.0
0 788.0 299.0
0 808.0 301.0
0 813.0 302.0
0 844.0 306.0
0 656.0 307.0
0 854.0 309.0
0 641.0 310.0
0 604.0 311.0
0 646.0 311.0
0 825.0 313.0
0 603.0 321.0
0 614.0 322.0
0 634.0 323.0
0 587.0 324.0
0 771.0 325.0
0 792.0 326.0
0 759.0 328.0
0 606.0 331.0
0 750.0 333.0
0 786.0 333.0
0 800.0 334.0
0 620.0 337.0
0 984.0 337.0
0 775.0 338.0
0 586.0 339.0
0 792.0 339.0
0 974.0 339.0
0 892.0 340.0
0 912.0 340.0
0 767.0 342.0
0 801.0 342.0
0 985.0 342.0
0 788.0 344.0
0 554.0 345.0
0 903.0 345.0
0 882.0 346.0
0 610.0 347.0
0 755.0 347.0
0 779.0 347.0
0 990.0 347.0
0 741.0 349.0
0 877.0 349.0
0 736.0 350.0
0 964.0 350.0
0 980.0 350.0
0 746.0 351.0
0 795.0 351.0
0 903.0 352.0
0 878.0 354.0
0 717.0 355.0
0 766.0 355.0
0 588.0 356.0
0 926.0 357.0
0 556.0 359.0
0 736.0 360.0
0 898.0 360.0
0 959.0 360.0
0 753.0 362.0
0 925.0 362.0
0 878.0 363.0
0 712.0 364.0
0 999.0 364.0
0 615.0 365.0
0 781.0 365.0
0 628.0 366.0
0 634.0 366.0
0 603.0 368.0
0 743.0 368.0
0 982.0 368.0
0 647.0 369.0
0 871.0 370.0
0 883.0 370.0
0 655.0 371.0
0 662.0 371.0
0 754.0 371.0
0 767.0 371.0
0 900.0 372.0
0 988.0 372.0
0 862.0 373.0
0 612.0 374.0
0 679.0 375.0
0 583.0 376.0
0 879.0 376.0
0 690.0 377.0
0 730.0 377.0
0 949.0 377.0
0 996.0 377.0
0 592.0 378.0
0 846.0 378.0
0 1006.0 378.0
0 654.0 379.0
0 699.0 379.0
0 618.0 380.0
0 919.0 380.0
0 627.0 381.0
0 756.0 381.0
0 988.0 381.0
0 668.0 382.0
0 707.0 382.0
0 870.0 383.0
0 882.0 383.0
0 601.0 384.0
0 640.0 384.0
0 676.0 384.0
0 558.0 385.0
0 648.0 385.0
0 784.0 385.0
0 653.0 386.0
0 815.0 386.0
0 610.0 387.0
0 693.0 387.0
0 835.0 387.0
0 897.0 387.0
0 968.0 387.0
0 549.0 388.0
0 698.0 388.0
0 665.0 389.0
0 679.0 389.0
0 912.0 389.0
0 949.0 389.0
0 1006.0 389.0
0 758.0 390.0
0 930.0 390.0
0 854.0 391.0
0 859.0 391.0
0 603.0 392.0
0 612.0 392.0
0 684.0 393.0
0 689.0 393.0
0 787.0 394.0
0 792.0 394.0
0 798.0 394.0
0 873.0 394.0
0 969.0 395.0
0 557.0 396.0
0 581.0 396.0
0 626.0 396.0
0 706.0 396.0
0 1029.0 396.0
0 603.0 397.0
0 886.0 397.0
0 724.0 398.0
0 894.0 399.0
0 562.0 400.0
0 567.0 400.0
0 910.0 400.0
0 930.0 400.0
0 950.0 400.0
0 595.0 401.0
0 1007.0 403.0
0 1031.0 404.0
0 549.0 405.0
0 617.0 405.0
0 1002.0 405.0
0 559.0 406.0
0 798.0 406.0
0 861.0 406.0
0 741.0 407.0
0 542.0 408.0
0 644.0 408.0
0 812.0 408.0
0 639.0 409.0
0 711.0 409.0
0 817.0 409.0
0 945.0 409.0
0 602.0 410.0
0 663.0 410.0
0 822.0 410.0
0 927.0 410.0
0 612.0 411.0
0 722.0 411.0
0 1033.0 411.0
0 834.0 412.0
0 629.0 413.0
0 568.0 414.0
0 668.0 414.0
0 731.0 414.0
0 890.0 415.0
0 613.0 416.0
0 918.0 418.0
0 541.0 419.0
0 821.0 419.0
0 965.0 419.0
0 592.0 420.0
0 780.0 420.0
0 844.0 420.0
0 654.0 421.0
0 607.0 422.0
0 886.0 422.0
0 550.0 423.0
0 757.0 424.0
0 792.0 424.0
0 965.0 424.0
0 1004.0 424.0
0 731.0 425.0
0 829.0 425.0
0 623.0 426.0
0 661.0 426.0
0 805.0 426.0
0 895.0 427.0
0 1010.0 427.0
0 559.0 428.0
0 643.0 428.0
0 813.0 428.0
0 630.0 431.0
0 715.0 431.0
0 727.0 431.0
0 654.0 432.0
0 912.0 432.0
0 967.0 432.0
0 667.0 433.0
0 678.0 433.0
0 733.0 433.0
0 891.0 433.0
0 546.0 434.0
0 838.0 434.0
0 1002.0 434.0
0 1013.0 434.0
0 637.0 435.0
0 751.0 435.0
0 624.0 437.0
0 852.0 437.0
0 1033.0 437.0
0 574.0 438.0
0 599.0 438.0
0 608.0 439.0
0 719.0 439.0
0 742.0 439.0
0 762.0 439.0
0 859.0 439.0
0 644.0 440.0
0 799.0 440.0
0 804.0 440.0
0 619.0 441.0
0 631.0 441.0
0 668.0 441.0
0 792.0 441.0
0 534.0 442.0
0 704.0 443.0
0 889.0 443.0
0 787.0 444.0
0 914.0 444.0
0 591.0 445.0
0 651.0 445.0
0 518.0 446.0
0 611.0 446.0
0 724.0 446.0
0 513.0 447.0
0 624.0 447.0
0 719.0 447.0
0 1002.0 448.0
0 508.0 449.0
0 869.0 449.0
0 599.0 450.0
0 748.0 451.0
0 846.0 451.0
0 860.0 451.0
0 575.0 452.0
0 658.0 452.0
0 706.0 452.0
0 711.0 452.0
0 1033.0 452.0
0 642.0 454.0
0 671.0 454.0
0 605.0 455.0
0 698.0 455.0
0 664.0 456.0
0 726.0 457.0
0 547.0 458.0
0 693.0 458.0
0 779.0 458.0
0 828.0 458.0
0 499.0 459.0
0 756.0 459.0
0 541.0 460.0
0 585.0 460.0
0 611.0 460.0
0 650.0 460.0
0 573.0 461.0
0 715.0 461.0
0 1007.0 461.0
0 526.0 462.0
0 675.0 462.0
0 704.0 463.0
0 757.0 464.0
0 739.0 465.0
0 767.0 465.0
0 624.0 466.0
0 725.0 467.0
0 594.0 468.0
0 643.0 468.0
0 856.0 468.0
0 684.0 470.0
0 624.0 471.0
0 849.0 471.0
0 585.0 472.0
0 679.0 472.0
0 776.0 473.0
0 490.0 474.0
0 631.0 474.0
0 600.0 475.0
0 698.0 476.0
0 1031.0 476.0
0 590.0 477.0
0 724.0 477.0
0 514.0 478.0
0 835.0 479.0
0 999.0 479.0
0 534.0 480.0
0 776.0 480.0
0 862.0 480.0
0 689.0 481.0
0 850.0 482.0
0 608.0 483.0
0 636.0 483.0
0 747.0 483.0
0 481.0 484.0
0 597.0 485.0
0 718.0 485.0
0 705.0 486.0
0 913.0 486.0
0 523.0 487.0
0 838.0 487.0
0 983.0 487.0
0 1012.0 488.0
0 512.0 489.0
0 777.0 489.0
0 477.0 490.0
0 695.0 490.0
0 731.0 490.0
0 966.0 490.0
0 613.0 491.0
0 940.0 491.0
0 628.0 492.0
0 642.0 492.0
0 722.0 492.0
0 874.0 493.0
0 504.0 494.0
0 547.0 494.0
0 603.0 494.0
0 780.0 494.0
0 526.0 495.0
0 838.0 495.0
0 741.0 496.0
0 932.0 497.0
0 948.0 497.0
0 473.0 498.0
0 514.0 498.0
0 544.0 499.0
0 728.0 499.0
0 860.0 499.0
0 715.0 500.0
0 720.0 500.0
0 999.0 500.0
0 693.0 501.0
0 1030.0 501.0
0 647.0 502.0
0 472.0 503.0
0 635.0 503.0
0 906.0 503.0
0 955.0 503.0
0 837.0 504.0
0 739.0 505.0
0 784.0 505.0
0 942.0 505.0
0 984.0 505.0
0 560.0 506.0
0 500.0 507.0
0 746.0 507.0
0 925.0 507.0
0 606.0 508.0
0 487.0 509.0
0 960.0 510.0
0 1012.0 510.0
0 704.0 511.0
0 735.0 511.0
0 835.0 511.0
0 788.0 512.0
0 940.0 514.0
0 1028.0 515.0
0 793.0 516.0
0 860.0 516.0
0 879.0 516.0
0 887.0 516.0
0 612.0 517.0
0 651.0 519.0
0 831.0 519.0
0 930.0 519.0
0 1011.0 519.0
0 542.0 520.0
0 958.0 520.0
0 568.0 521.0
0 826.0 522.0
0 491.0 523.0
0 947.0 523.0
0 598.0 524.0
0 615.0 524.0
0 807.0 524.0
0 918.0 524.0
0 932.0 524.0
0 530.0 525.0
0 468.0 526.0
0 815.0 526.0
0 500.0 527.0
0 639.0 528.0
0 745.0 530.0
0 909.0 530.0
0 934.0 530.0
0 577.0 531.0
0 944.0 531.0
0 971.0 531.0
0 1028.0 532.0
0 566.0 533.0
0 861.0 533.0
0 875.0 533.0
0 1011.0 534.0
0 489.0 535.0
0 620.0 535.0
0 549.0 536.0
0 967.0 536.0
0 972.0 536.0
0 526.0 537.0
0 497.0 538.0
0 572.0 539.0
0 728.0 539.0
0 800.0 539.0
0 552.0 542.0
0 903.0 542.0
0 718.0 543.0
0 528.0 545.0
0 557.0 546.0
0 585.0 546.0
0 747.0 546.0
0 626.0 547.0
0 779.0 547.0
0 815.0 547.0
0 902.0 547.0
0 979.0 547.0
0 538.0 548.0
0 669.0 548.0
0 759.0 548.0
0 828.0 549.0
0 1027.0 550.0
0 468.0 551.0
0 489.0 551.0
0 497.0 552.0
0 650.0 552.0
0 902.0 552.0
0 1027.0 555.0
0 787.0 556.0
0 842.0 556.0
0 1010.0 556.0
0 560.0 557.0
0 860.0 558.0
0 630.0 559.0
0 652.0 559.0
0 725.0 559.0
0 904.0 559.0
0 548.0 560.0
0 762.0 560.0
0 977.0 560.0
0 720.0 561.0
0 892.0 561.0
0 632.0 564.0
0 534.0 565.0
0 539.0 567.0
0 529.0 568.0
0 839.0 569.0
0 968.0 570.0
0 634.0 571.0
0 655.0 571.0
0 1026.0 571.0
0 495.0 575.0
0 967.0 575.0
0 961.0 576.0
0 1026.0 576.0
0 919.0 577.0
0 924.0 581.0
0 1026.0 581.0
0 637.0 583.0
0 929.0 583.0
0 943.0 583.0
0 952.0 583.0
0 936.0 584.0
0 473.0 585.0
0 753.0 587.0
0 761.0 587.0
0 1009.0 587.0
0 519.0 590.0
0 559.0 591.0
0 957.0 592.0
0 497.0 595.0
0 641.0 595.0
0 538.0 596.0
0 586.0 598.0
0 477.0 599.0
0 592.0 599.0
0 498.0 600.0
0 641.0 600.0
0 605.0 606.0
0 828.0 608.0
0 962.0 609.0
0 508.0 610.0
0 559.0 610.0
0 503.0 612.0
0 580.0 613.0
0 482.0 616.0
0 549.0 617.0
0 569.0 617.0
0 597.0 617.0
0 729.0 619.0
0 738.0 619.0
0 1024.0 619.0
0 582.0 620.0
0 608.0 621.0
0 645.0 621.0
0 485.0 624.0
0 559.0 624.0
0 575.0 624.0
0 589.0 624.0
0 760.0 624.0
0 1023.0 628.0
0 759.0 629.0
0 554.0 630.0
0 728.0 630.0
0 825.0 630.0
0 519.0 631.0
0 585.0 633.0
0 758.0 634.0
0 608.0 635.0
0 736.0 636.0
0 514.0 638.0
0 722.0 638.0
0 509.0 641.0
0 518.0 643.0
0 568.0 644.0
0 585.0 644.0
0 114.0 645.0
0 495.0 646.0
0 694.0 646.0
0 498.0 651.0
0 525.0 651.0
0 576.0 652.0
0 598.0 653.0
0 581.0 654.0
0 609.0 654.0
0 536.0 656.0
0 778.0 656.0
0 525.0 657.0
0 747.0 657.0
0 263.0 659.0
0 720.0 659.0
0 727.0 661.0
0 100.0 662.0
0 530.0 663.0
0 541.0 663.0
0 608.0 663.0
0 1022.0 666.0
0 533.0 668.0
0 608.0 668.0
0 815.0 669.0
0 847.0 670.0
0 1022.0 671.0
0 511.0 672.0
0 551.0 672.0
0 822.0 673.0
0 1004.0 675.0
0 831.0 677.0
0 542.0 679.0
0 717.0 679.0
0 1021.0 680.0
0 600.0 681.0
0 564.0 682.0
0 712.0 682.0
0 788.0 683.0
0 992.0 684.0
0 587.0 685.0
0 599.0 686.0
0 578.0 687.0
0 523.0 688.0
0 894.0 688.0
0 817.0 689.0
0 561.0 693.0
0 587.0 695.0
0 574.0 696.0
0 911.0 696.0
0 920.0 697.0
0 996.0 698.0
0 883.0 700.0
0 936.0 700.0
0 953.0 702.0
0 1016.0 704.0
0 542.0 707.0
0 593.0 707.0
0 1119.0 707.0
0 653.0 710.0
0 547.0 711.0
0 913.0 712.0
0 648.0 713.0
0 1156.0 715.0
0 640.0 717.0
0 1019.0 717.0
0 609.0 718.0
0 961.0 718.0
0 563.0 719.0
0 956.0 719.0
0 580.0 720.0
0 426.0 725.0
0 719.0 727.0
0 909.0 729.0
0 576.0 730.0
0 1120.0 733.0
0 1017.0 734.0
0 966.0 736.0
0 956.0 738.0
0 961.0 738.0
0 1016.0 743.0
0 512.0 747.0
0 1099.0 748.0
0 1014.0 751.0
0 552.0 754.0
0 846.0 759.0
0 1012.0 763.0
0 74.0 765.0
0 670.0 765.0
0 812.0 766.0
0 147.0 768.0
0 981.0 772.0
0 38.0 773.0
0 1013.0 777.0
0 558.0 779.0
0 783.0 782.0
0 158.0 784.0
0 335.0 788.0
0 1009.0 791.0
0 40.0 793.0
0 638.0 796.0
0 590.0 799.0
0 244.0 803.0
0 921.0 805.0
0 447.0 807.0
0 495.0 809.0
0 1005.0 813.0
0 898.0 822.0
0 1081.0 823.0
0 928.0 826.0
0 574.0 846.0
0 863.0 848.0
0 663.0 867.0
0 17.0 868.0
0 369.0 877.0
0 620.0 886.0
0 716.0 890.0
0 432.0 892.0
0 1306.0 895.0
0 507.0 909.0
0 1023.0 916.0
0 1007.0 922.0
0 203.0 924.0
0 920.0 939.0
1 832.0 302.0
1 837.0 302.0
1 842.0 305.0
1 890.0 307.0
1 904.0 308.0
1 812.0 311.0
1 831.0 312.0
1 822.0 313.0
1 853.0 315.0
1 794.0 316.0
1 811.0 316.0
1 888.0 317.0
1 877.0 321.0
1 890.0 325.0
1 906.0 328.0
1 761.0 331.0
1 723.0 332.0
1 777.0 332.0
1 918.0 332.0
1 718.0 333.0
1 662.0 335.0
1 712.0 335.0
1 697.0 336.0
1 670.0 338.0
1 768.0 341.0
1 659.0 343.0
1 729.0 343.0
1 734.0 343.0
1 620.0 345.0
1 750.0 345.0
1 745.0 346.0
1 690.0 347.0
1 660.0 348.0
1 760.0 349.0
1 895.0 349.0
1 904.0 350.0
1 632.0 352.0
1 645.0 352.0
1 703.0 352.0
1 673.0 355.0
1 617.0 357.0
1 1076.0 357.0
1 726.0 358.0
1 735.0 358.0
1 1061.0 358.0
1 685.0 359.0
1 706.0 359.0
1 993.0 360.0
1 1012.0 360.0
1 601.0 362.0
1 750.0 362.0
1 714.0 363.0
1 911.0 363.0
1 1065.0 364.0
1 618.0 365.0
1 1000.0 365.0
1 1080.0 366.0
1 729.0 367.0
1 632.0 368.0
1 646.0 368.0
1 704.0 368.0
1 744.0 368.0
1 1020.0 368.0
1 1072.0 368.0
1 583.0 369.0
1 672.0 371.0
1 989.0 372.0
1 743.0 373.0
1 601.0 376.0
1 618.0 376.0
1 728.0 376.0
1 686.0 378.0
1 739.0 378.0
1 884.0 378.0
1 989.0 378.0
1 1085.0 378.0
1 717.0 379.0
1 646.0 380.0
1 580.0 381.0
1 946.0 383.0
1 986.0 384.0
1 599.0 385.0
1 879.0 385.0
1 975.0 385.0
1 1016.0 385.0
1 1076.0 385.0
1 963.0 386.0
1 754.0 387.0
1 899.0 387.0
1 767.0 389.0
1 988.0 389.0
1 747.0 390.0
1 779.0 390.0
1 784.0 390.0
1 685.0 391.0
1 716.0 391.0
1 791.0 391.0
1 908.0 391.0
1 797.0 392.0
1 993.0 392.0
1 805.0 393.0
1 810.0 393.0
1 818.0 393.0
1 936.0 393.0
1 1093.0 393.0
1 1081.0 394.0
1 746.0 395.0
1 785.0 395.0
1 833.0 396.0
1 839.0 396.0
1 844.0 396.0
1 954.0 396.0
1 1014.0 396.0
1 728.0 397.0
1 852.0 397.0
1 962.0 397.0
1 857.0 398.0
1 1067.0 398.0
1 1073.0 398.0
1 865.0 399.0
1 908.0 399.0
1 974.0 399.0
1 1031.0 399.0
1 1052.0 399.0
1 1061.0 399.0
1 746.0 400.0
1 804.0 400.0
1 1046.0 400.0
1 640.0 401.0
1 649.0 401.0
1 654.0 401.0
1 773.0 401.0
1 876.0 401.0
1 943.0 401.0
1 751.0 402.0
1 809.0 402.0
1 825.0 402.0
1 830.0 402.0
1 993.0 402.0
1 756.0 403.0
1 762.0 403.0
1 767.0 403.0
1 961.0 403.0
1 1102.0 403.0
1 785.0 405.0
1 1007.0 405.0
1 632.0 406.0
1 795.0 406.0
1 870.0 406.0
1 1074.0 406.0
1 612.0 407.0
1 660.0 407.0
1 923.0 407.0
1 1015.0 407.0
1 621.0 408.0
1 728.0 408.0
1 733.0 408.0
1 805.0 408.0
1 810.0 408.0
1 1061.0 408.0
1 679.0 409.0
1 685.0 409.0
1 739.0 409.0
1 816.0 409.0
1 822.0 409.0
1 1029.0 409.0
1 1045.0 409.0
1 839.0 410.0
1 856.0 410.0
1 722.0 411.0
1 847.0 411.0
1 869.0 411.0
1 582.0 412.0
1 600.0 412.0
1 660.0 412.0
1 877.0 412.0
1 694.0 413.0
1 961.0 414.0
1 714.0 415.0
1 744.0 415.0
1 864.0 415.0
1 1104.0 415.0
1 895.0 416.0
1 925.0 418.0
1 1091.0 418.0
1 668.0 419.0
1 1010.0 419.0
1 631.0 420.0
1 704.0 420.0
1 732.0 420.0
1 945.0 420.0
1 595.0 421.0
1 639.0 421.0
1 646.0 421.0
1 682.0 421.0
1 908.0 422.0
1 1054.0 422.0
1 577.0 423.0
1 653.0 423.0
1 658.0 423.0
1 980.0 423.0
1 881.0 425.0
1 609.0 426.0
1 894.0 426.0
1 998.0 426.0
1 698.0 427.0
1 928.0 427.0
1 1012.0 427.0
1 876.0 428.0
1 902.0 428.0
1 1029.0 428.0
1 1103.0 428.0
1 722.0 429.0
1 745.0 429.0
1 596.0 430.0
1 975.0 431.0
1 1037.0 431.0
1 666.0 432.0
1 682.0 432.0
1 917.0 432.0
1 1042.0 432.0
1 1071.0 432.0
1 576.0 433.0
1 936.0 433.0
1 951.0 433.0
1 992.0 433.0
1 1053.0 433.0
1 1094.0 433.0
1 1102.0 433.0
1 900.0 435.0
1 1013.0 435.0
1 926.0 436.0
1 699.0 437.0
1 708.0 437.0
1 607.0 438.0
1 969.0 438.0
1 989.0 438.0
1 575.0 439.0
1 580.0 440.0
1 1029.0 440.0
1 1102.0 440.0
1 775.0 441.0
1 785.0 441.0
1 589.0 443.0
1 748.0 443.0
1 768.0 443.0
1 799.0 443.0
1 880.0 443.0
1 1022.0 443.0
1 1051.0 443.0
1 575.0 444.0
1 677.0 444.0
1 691.0 444.0
1 755.0 444.0
1 894.0 444.0
1 900.0 444.0
1 919.0 444.0
1 682.0 445.0
1 739.0 446.0
1 826.0 448.0
1 976.0 448.0
1 981.0 448.0
1 987.0 448.0
1 732.0 449.0
1 846.0 449.0
1 938.0 449.0
1 968.0 449.0
1 583.0 450.0
1 707.0 450.0
1 874.0 450.0
1 889.0 450.0
1 907.0 450.0
1 994.0 450.0
1 1011.0 450.0
1 1033.0 451.0
1 593.0 452.0
1 999.0 452.0
1 725.0 453.0
1 841.0 453.0
1 1024.0 453.0
1 1100.0 453.0
1 960.0 454.0
1 747.0 455.0
1 756.0 455.0
1 765.0 455.0
1 1005.0 455.0
1 775.0 456.0
1 784.0 456.0
1 847.0 457.0
1 738.0 458.0
1 938.0 458.0
1 729.0 459.0
1 946.0 459.0
1 793.0 460.0
1 708.0 462.0
1 720.0 462.0
1 762.0 462.0
1 954.0 462.0
1 1013.0 463.0
1 802.0 464.0
1 878.0 465.0
1 896.0 466.0
1 938.0 466.0
1 1031.0 466.0
1 811.0 467.0
1 653.0 468.0
1 705.0 468.0
1 774.0 468.0
1 760.0 470.0
1 1016.0 470.0
1 796.0 471.0
1 820.0 471.0
1 869.0 472.0
1 927.0 472.0
1 941.0 472.0
1 653.0 473.0
1 888.0 473.0
1 1019.0 475.0
1 583.0 476.0
1 673.0 476.0
1 829.0 476.0
1 999.0 476.0
1 1032.0 476.0
1 894.0 477.0
1 1043.0 477.0
1 1095.0 477.0
1 810.0 478.0
1 947.0 479.0
1 765.0 480.0
1 940.0 480.0
1 1019.0 480.0
1 699.0 481.0
1 838.0 481.0
1 821.0 483.0
1 1073.0 483.0
1 662.0 484.0
1 946.0 484.0
1 684.0 485.0
1 972.0 485.0
1 1019.0 485.0
1 1063.0 485.0
1 1078.0 486.0
1 879.0 487.0
1 820.0 488.0
1 846.0 488.0
1 831.0 489.0
1 584.0 490.0
1 678.0 490.0
1 1019.0 490.0
1 1059.0 490.0
1 950.0 492.0
1 1073.0 492.0
1 1082.0 492.0
1 854.0 494.0
1 661.0 495.0
1 839.0 495.0
1 907.0 495.0
1 983.0 495.0
1 602.0 497.0
1 671.0 497.0
1 952.0 497.0
1 1018.0 498.0
1 655.0 500.0
1 835.0 500.0
1 907.0 500.0
1 1056.0 501.0
1 1074.0 501.0
1 1084.0 501.0
1 943.0 503.0
1 1016.0 503.0
1 900.0 505.0
1 850.0 506.0
1 1064.0 506.0
1 1074.0 506.0
1 1094.0 506.0
1 663.0 507.0
1 738.0 508.0
1 749.0 508.0
1 790.0 508.0
1 961.0 508.0
1 1084.0 508.0
1 719.0 510.0
1 757.0 510.0
1 1008.0 510.0
1 727.0 511.0
1 847.0 511.0
1 767.0 513.0
1 914.0 513.0
1 967.0 513.0
1 1076.0 513.0
1 703.0 515.0
1 739.0 515.0
1 999.0 515.0
1 1095.0 515.0
1 750.0 516.0
1 975.0 516.0
1 992.0 516.0
1 784.0 517.0
1 984.0 517.0
1 724.0 518.0
1 853.0 518.0
1 1051.0 518.0
1 714.0 521.0
1 699.0 522.0
1 1099.0 522.0
1 795.0 524.0
1 1047.0 525.0
1 817.0 526.0
1 703.0 527.0
1 1077.0 527.0
1 1099.0 527.0
1 691.0 529.0
1 754.0 529.0
1 760.0 529.0
1 920.0 529.0
1 746.0 530.0
1 768.0 530.0
1 585.0 531.0
1 951.0 531.0
1 734.0 532.0
1 1046.0 532.0
1 1097.0 532.0
1 776.0 533.0
1 728.0 534.0
1 697.0 535.0
1 585.0 536.0
1 786.0 536.0
1 984.0 536.0
1 757.0 538.0
1 1096.0 538.0
1 811.0 539.0
1 718.0 540.0
1 820.0 540.0
1 1019.0 540.0
1 646.0 541.0
1 1001.0 541.0
1 1048.0 544.0
1 666.0 546.0
1 733.0 546.0
1 674.0 547.0
1 827.0 547.0
1 754.0 548.0
1 685.0 549.0
1 1088.0 549.0
1 1051.0 551.0
1 1056.0 553.0
1 741.0 554.0
1 812.0 555.0
1 824.0 555.0
1 1072.0 556.0
1 927.0 558.0
1 670.0 559.0
1 586.0 560.0
1 679.0 560.0
1 703.0 560.0
1 837.0 560.0
1 778.0 562.0
1 721.0 563.0
1 765.0 563.0
1 927.0 564.0
1 783.0 565.0
1 841.0 567.0
1 835.0 568.0
1 748.0 570.0
1 657.0 573.0
1 1067.0 573.0
1 665.0 575.0
1 676.0 575.0
1 748.0 575.0
1 606.0 576.0
1 826.0 576.0
1 720.0 577.0
1 842.0 577.0
1 587.0 579.0
1 749.0 580.0
1 641.0 582.0
1 796.0 584.0
1 782.0 585.0
1 604.0 588.0
1 752.0 589.0
1 737.0 590.0
1 407.0 592.0
1 657.0 594.0
1 920.0 594.0
1 925.0 594.0
1 589.0 595.0
1 641.0 595.0
1 722.0 595.0
1 675.0 596.0
1 667.0 598.0
1 760.0 598.0
1 924.0 599.0
1 724.0 600.0
1 782.0 603.0
1 849.0 603.0
1 606.0 604.0
1 834.0 604.0
1 750.0 606.0
1 659.0 610.0
1 773.0 610.0
1 793.0 610.0
1 587.0 611.0
1 644.0 611.0
1 669.0 613.0
1 734.0 615.0
1 856.0 617.0
1 679.0 618.0
1 822.0 618.0
1 786.0 619.0
1 1080.0 619.0
1 605.0 620.0
1 764.0 621.0
1 828.0 621.0
1 917.0 621.0
1 670.0 622.0
1 847.0 622.0
1 663.0 624.0
1 793.0 624.0
1 741.0 625.0
1 854.0 625.0
1 647.0 628.0
1 684.0 630.0
1 588.0 631.0
1 782.0 631.0
1 818.0 631.0
1 608.0 632.0
1 675.0 633.0
1 827.0 633.0
1 845.0 635.0
1 853.0 636.0
1 768.0 638.0
1 793.0 639.0
1 909.0 639.0
1 779.0 640.0
1 63.0 641.0
1 653.0 641.0
1 842.0 644.0
1 810.0 645.0
1 850.0 645.0
1 1075.0 646.0
1 696.0 647.0
1 742.0 647.0
1 905.0 647.0
1 923.0 647.0
1 675.0 648.0
1 747.0 649.0
1 839.0 651.0
1 752.0 652.0
1 847.0 654.0
1 661.0 655.0
1 691.0 655.0
1 771.0 656.0
1 839.0 656.0
1 588.0 658.0
1 552.0 659.0
1 684.0 659.0
1 694.0 660.0
1 834.0 660.0
1 700.0 661.0
1 773.0 661.0
1 792.0 661.0
1 843.0 662.0
1 916.0 662.0
1 1072.0 663.0
1 201.0 665.0
1 1030.0 665.0
1 712.0 667.0
1 407.0 670.0
1 825.0 670.0
1 837.0 670.0
1 719.0 671.0
1 1073.0 671.0
1 673.0 672.0
1 694.0 672.0
1 705.0 672.0
1 1068.0 672.0
1 886.0 673.0
1 818.0 674.0
1 588.0 675.0
1 346.0 676.0
1 724.0 676.0
1 830.0 678.0
1 713.0 679.0
1 730.0 679.0
1 1026.0 680.0
1 1070.0 680.0
1 681.0 681.0
1 719.0 682.0
1 741.0 682.0
1 824.0 683.0
1 801.0 684.0
1 725.0 686.0
1 590.0 687.0
1 761.0 687.0
1 784.0 687.0
1 779.0 688.0
1 732.0 689.0
1 603.0 695.0
1 739.0 695.0
1 827.0 697.0
1 702.0 698.0
1 730.0 698.0
1 800.0 698.0
1 759.0 699.0
1 787.0 700.0
1 1069.0 701.0
1 590.0 702.0
1 773.0 702.0
1 706.0 703.0
1 711.0 704.0
1 450.0 705.0
1 403.0 706.0
1 369.0 708.0
1 736.0 708.0
1 264.0 709.0
1 326.0 711.0
1 113.0 713.0
1 467.0 713.0
1 1067.0 713.0
1 300.0 714.0
1 353.0 715.0
1 457.0 717.0
1 686.0 720.0
1 392.0 722.0
1 987.0 725.0
1 370.0 727.0
1 1415.0 727.0
1 1064.0 732.0
1 201.0 738.0
1 341.0 738.0
1 418.0 741.0
1 156.0 742.0
1 311.0 743.0
1 883.0 743.0
1 303.0 746.0
1 51.0 753.0
1 1062.0 759.0
1 1463.0 761.0
1 648.0 765.0
1 608.0 767.0
1 1090.0 770.0
1 647.0 771.0
1 608.0 772.0
1 647.0 776.0
1 748.0 778.0
1 1364.0 781.0
1 1222.0 782.0
1 747.0 783.0
1 852.0 783.0
1 609.0 794.0
1 1230.0 794.0
1 742.0 796.0
1 365.0 799.0
1 1326.0 799.0
1 1153.0 805.0
1 641.0 811.0
1 747.0 815.0
1 742.0 818.0
1 1264.0 822.0
1 1466.0 823.0
1 1166.0 825.0
1 615.0 828.0
1 757.0 829.0
1 1428.0 829.0
1 1375.0 832.0
1 727.0 834.0
1 166.0 837.0
1 958.0 841.0
1 1351.0 845.0
1 375.0 847.0
1 160.0 848.0
1 912.0 853.0
1 1040.0 860.0
1 1235.0 862.0
1 400.0 866.0
1 1124.0 870.0
1 854.0 874.0
1 1312.0 875.0
1 911.0 879.0
1 629.0 882.0
1 894.0 882.0
1 1383.0 884.0
1 1086.0 888.0
1 947.0 908.0
1 704.0 911.0
1 938.0 935.0
1 1054.0 937.0
