0 0 1 304.37550713101615
0 2 2 314.237538006716
0 3 3 233.05518114990284
0 4 4 277.43532476646834
0 8 6 257.176377081905
0 11 7 239.80736756734657
0 5 9 316.367036099358
0 14 13 195.36327646208497
0 13 14 276.3906192481998
0 18 17 174.79039643476773
0 7 18 297.41397473139443
0 16 24 328.74952751559124
0 12 27 172.75804351486065
0 15 28 274.2193116590578
0 21 36 233.77107659063688
0 20 39 289.1961288863516
0 44 44 157.68002354126708
0 56 46 381.6646365093229
0 17 47 318.6076169921242
0 28 48 172.73342675664708
0 23 49 173.6964778799964
0 47 52 153.5206113659791
0 48 53 142.4628267837535
0 26 54 186.50834024054896
0 27 55 224.14044475213575
0 32 56 245.47783832748303
0 29 58 238.79042684324529
0 53 60 120.70431937763217
0 30 62 224.56857240971613
0 36 66 122.80390115675877
0 37 67 153.91797251071594
0 31 68 496.12294535384194
0 55 70 162.61869233069416
0 38 71 193.68632501178993
0 46 74 185.95599737224293
0 74 75 184.5753051388659
0 63 78 162.04303139906716
0 45 79 213.22156195460536
0 62 80 142.03874491416067
0 40 81 240.40226345195407
0 39 83 152.24480380664278
0 43 85 493.91784088525475
0 34 86 292.2821485536209
0 42 88 298.5339072375257
0 79 90 218.02435338489596
0 51 94 115.09874064650398
0 85 96 331.16463459106967
0 49 97 262.8040487937987
0 54 98 222.08441349395954
0 60 99 122.91760750628097
0 57 101 127.90305200030343
0 80 103 235.6344439273578
0 58 105 111.59716184872283
0 59 106 198.21660517939216
0 86 107 193.00439681294333
0 83 108 225.06126995193046
0 143 109 485.1380071471414
0 90 110 164.16600739848127
0 84 111 123.08276503261976
0 70 113 152.0043394564644
0 105 115 153.32915187688934
0 65 116 118.98691713951956
0 68 117 199.75237548915007
0 50 118 215.96549797028902
0 103 119 152.20647558227506
0 181 120 456.34515809319157
0 71 121 117.95510648620993
0 111 122 164.3450561104237
0 99 123 149.14364187069606
0 76 124 141.36724643034816
0 61 125 265.6882185649806
0 115 126 136.4131281452184
0 72 127 284.68920541732297
0 118 129 187.70700004844494
0 69 130 193.74000465376508
0 73 131 113.36402553127427
0 121 132 114.76274371976717
0 112 133 142.14451345085615
0 78 135 169.48036959316647
0 77 136 130.1854876825877
0 138 138 187.05911446817896
0 122 140 194.95392258231547
0 124 141 314.0488095612471
0 133 143 149.84816201006345
0 142 145 132.80660995880808
0 153 148 173.52412018342827
0 81 149 116.49364813316421
0 145 151 155.98543274545517
0 149 152 158.40060968862602
0 94 153 117.11556666220604
0 82 154 115.3376233949564
0 165 155 189.80357161443072
0 95 156 184.67496051339793
0 166 157 236.15929997412093
0 113 160 445.6077379689186
0 152 161 139.09195520462677
0 87 162 142.5948079227535
0 91 163 139.1354769999835
0 89 164 257.0677356411775
0 92 166 348.8484220410645
0 96 170 422.14927881453497
0 98 171 253.77568723475719
0 100 172 441.09047877826583
0 177 173 113.05563125295322
0 184 174 237.75402220648112
0 101 176 420.0766090987342
0 102 177 284.32672697833914
0 128 178 162.22958618789073
0 130 179 164.94879741418046
0 186 180 165.7630619601247
0 129 181 201.64552262440364
0 109 182 313.1288649509409
0 110 183 336.18502141381043
0 114 184 298.5139615799667
0 116 187 211.95847577577766
0 107 189 309.3356412593525
0 196 190 133.39336765933473
0 151 191 143.29318465493836
0 132 192 110.86977697202856
0 119 193 158.7017368048304
0 161 194 214.17921694293202
0 176 195 199.67199800818528
0 106 196 189.1424158554252
0 183 197 133.1147920787523
0 150 198 114.05366115900468
0 146 199 186.18880191484456
0 160 200 155.44511376616137
0 131 202 185.01810456647078
0 126 203 383.6696106799511
0 190 205 108.9655607792941
0 154 206 146.2509266420306
0 135 209 289.68168403778986
0 136 210 222.9170587683888
0 174 212 160.8959806539867
0 140 214 304.91937651633054
0 148 215 161.6183163397222
0 141 217 229.15727564641477
0 173 220 179.8691518887894
0 139 221 302.5857155842713
0 144 222 185.12109844681018
0 216 223 187.41999815006545
0 220 224 201.32924551945598
0 147 226 224.79805349929168
0 204 227 287.0868452621484
0 226 228 189.49013612460897
0 185 229 122.84214266682415
0 157 230 343.5864768708782
0 163 231 268.9385216410409
0 168 232 145.02833751706072
0 171 233 157.4088197905665
0 175 234 111.94310158266971
0 164 236 186.24973551035234
0 167 237 163.06283995690848
0 170 238 171.90304166205158
0 206 239 129.1177026964835
0 172 240 161.11384053497903
0 188 241 200.47118546106137
0 169 242 350.47307092930464
0 156 243 223.48004853172355
0 162 244 166.49636495390422
0 182 245 190.07401994522286
0 187 248 185.18871410904148
0 192 249 197.1574763462843
0 193 250 208.30413477204576
0 199 251 149.39932928338757
0 194 252 109.12072152863563
0 195 253 277.3083469779118
0 223 254 197.97479945530196
0 197 255 266.97597310828945
0 198 256 197.1704518197281
0 205 257 159.30029927409487
0 215 258 320.9926018825571
0 178 259 194.18071826612058
0 179 260 150.47705014605333
0 230 261 245.1428277943121
0 191 262 184.55075828517954
0 202 263 299.67260961165596
0 234 265 273.84561570685236
0 274 267 255.8717244643055
0 222 268 309.10650264967387
0 249 271 386.15254589947506
0 201 272 125.26468048136796
0 203 273 223.66853807955493
0 231 274 179.150759237272
0 217 275 161.39258546400325
0 218 276 140.50756605537686
0 232 278 486.44631505423524
0 235 279 224.8947825806039
0 233 280 420.79313857928906
0 273 281 311.946763903109
0 212 282 151.73870491864216
0 213 283 119.04191261569044
0 252 288 296.93727752003844
0 256 289 146.54433395990415
0 262 292 252.5745045300838
0 251 295 300.2765132183413
0 257 296 279.75289285061893
0 247 297 115.14134091919037
0 261 298 213.05446927649209
0 272 299 236.07823338024724
0 243 300 179.18407094730622
0 281 303 202.45424188185774
0 276 304 238.33039893014796
0 260 308 237.62753973822214
0 254 311 216.86576580052676
0 268 312 262.56630097172695
0 271 313 117.02685716796839
0 285 314 232.13818138950145
0 267 315 141.1973383504017
0 275 316 150.28773051787013
0 290 317 134.10510117183185
0 325 318 333.87149028507565
0 264 319 203.5441855471173
0 292 320 153.85456808387363
0 242 321 412.3108481981662
0 246 322 351.4423414803771
0 269 326 132.8117404161972
0 324 327 189.39394042019018
0 334 329 158.0980159270133
0 259 331 291.03714453163997
0 253 332 391.782687524111
0 297 333 127.03338056861793
0 314 335 193.93354281169152
0 301 336 108.0129276489448
0 309 337 226.73863772201486
0 340 338 170.51178998080053
0 288 339 192.18171723270595
0 302 341 198.75107225516007
0 351 345 122.09501194044296
0 305 346 205.68735311847658
0 313 349 123.3501550183501
0 327 351 180.3422686006407
0 349 352 160.8368431557552
0 300 354 124.91116657352615
0 374 356 244.58285543928167
0 316 362 184.5994116705333
0 312 367 122.8371059783494
0 336 368 243.58562954757136
0 365 369 154.62320376222524
0 319 370 332.85128680868826
0 348 372 253.76868186586933
0 318 373 114.00101585101305
0 366 376 232.99828138725033
0 393 381 389.52428360216055
0 311 391 362.1373317511479
0 350 394 242.50387629729664
0 380 395 367.99665721115116
0 342 398 187.49804144908404
0 361 400 198.11965295202393
0 308 404 300.87130864870585
0 360 405 211.58605714137258
0 332 406 343.28220996663697
0 368 407 113.81504306558708
0 421 410 353.3512439269524
0 369 413 200.28707404551344
0 401 414 125.24306075259084
0 356 416 185.28676172563954
0 344 417 304.2657961552412
0 409 418 171.14232897055393
0 326 421 222.47953210015282
0 379 426 157.39787704641813
0 383 427 173.73590556228373
0 345 431 317.44602380180663
0 353 432 232.5212633571192
0 388 433 183.67485775700163
0 346 434 198.72404624760838
0 392 436 175.29311092420292
0 395 438 193.57684372156584
0 398 439 235.657794509105
0 396 440 207.41723739052767
0 420 443 132.43148158190473
0 337 447 289.8450082540929
0 429 448 256.94102454699356
0 331 449 207.66782883400415
0 328 450 116.2333105123525
0 443 451 236.48654058348288
0 343 455 421.565153240365
0 370 456 406.5178680681503
0 418 457 104.1299658312626
0 436 458 138.41082298146125
0 355 459 278.417595460144
0 427 463 112.25382942414868
0 433 465 104.39978086097939
0 445 466 163.9939525259406
0 449 467 143.2650414401841
0 359 473 286.47638666352367
0 385 474 253.5137195893605
0 377 476 421.59370268691225
0 378 477 131.71926641705988
0 375 478 449.74516354923634
0 390 479 307.24027090342804
0 376 480 234.87298899504648
0 425 481 192.74465917939648
0 384 482 264.2387735207398
0 386 483 155.34774269959732
0 450 485 392.6841890299348
0 394 486 166.90668209068696
0 397 487 164.206096208637
0 414 488 413.05782138008954
0 431 489 402.26410611128705
0 402 490 172.63559828418252
0 405 491 118.0063631317896
0 403 494 152.5415012647225
0 407 496 169.41282152881365
0 434 497 362.27828366475705
0 426 499 200.5166011792046
0 411 500 123.87605908347517
0 452 502 123.06751571425114
0 430 503 141.52258014012554
0 440 504 281.6796264153896
0 509 505 326.0829260750545
0 438 506 224.45315916730917
0 447 507 347.8149893539135
0 455 508 261.3212667399723
0 469 510 134.72116482641653
0 473 511 110.35436470000273
0 448 512 227.28074893712025
0 439 513 120.59007514123348
0 437 514 285.0309861236701
0 442 515 115.09226608039904
0 456 518 242.35938890741556
0 478 520 146.3415391526396
0 457 521 249.09968112770903
0 462 523 193.99626466313978
0 460 524 247.8052890246579
0 461 525 162.74024781168742
0 476 527 424.9485158337952
0 451 528 122.61133868050354
0 485 529 124.3082428336965
0 453 530 120.09106961849582
0 470 531 364.0414876535173
0 464 532 164.60943659007657
0 472 536 118.19146630135357
0 495 539 127.82257050721677
0 467 543 112.97855502443382
0 466 545 113.48090779499024
0 501 548 129.06851382716258
0 475 549 259.80148368476364
0 496 556 391.3107142465634
0 510 557 145.7490551018506
0 482 558 178.9777607233523
0 513 559 406.4670726722249
0 488 560 370.68274609696664
0 494 561 115.11169986237135
0 563 562 230.22273629173813
0 493 563 489.94281713492853
0 489 564 133.1843136190222
0 497 565 433.91048089681783
0 499 566 449.44332645394127
0 565 569 117.0302612488894
0 575 570 228.33354587210465
0 522 571 203.02983363796895
0 502 572 202.0605648782865
0 500 573 315.9154207936592
0 498 574 250.2903282689119
0 507 576 402.739321886165
0 515 577 161.41120275726078
0 504 578 363.61294889295834
0 585 581 147.64263672960413
0 512 583 275.60964110425766
0 519 584 144.60329888135357
0 584 585 106.4266548237322
0 503 589 161.839027948103
0 517 590 329.4996812965823
0 527 591 395.36721463648166
0 626 592 117.65654353271128
0 506 593 120.08201860592418
0 523 594 300.4034005649703
0 605 596 181.5138669637439
0 514 597 168.4837849625463
0 530 599 299.06164089624644
0 529 601 211.12890595874313
0 531 604 317.23779575798943
0 520 605 229.5247338206778
0 533 606 202.7075248505932
0 536 607 359.0191074583617
0 526 608 145.4632094318112
0 538 609 276.62688712112896
0 537 611 408.81944032396154
0 535 612 261.882587982293
0 545 614 291.1343133647358
0 560 617 145.8335194946056
0 548 618 312.32780724203224
0 557 619 264.9695901679022
0 618 620 214.223137652459
0 549 621 215.32446972523925
0 550 622 143.51529153408404
0 554 624 154.47670527352946
0 569 626 365.45199787619293
0 566 629 318.4162634084886
0 577 630 183.39699729952846
0 570 632 303.3490647189076
0 581 633 295.1971564172004
0 572 635 278.06574014637835
0 574 636 189.10201650239603
0 580 637 354.15382874686424
0 589 638 159.2067568766574
0 590 639 358.5308438444859
0 583 640 281.138578990721
0 588 642 252.75136437578885
0 593 643 387.39778465444704
0 595 644 412.3301267584847
0 587 646 339.39808341778394
0 591 647 363.8252182473227
0 586 649 248.6316469615372
0 596 651 249.99118627389186
0 602 655 410.05097097448663
0 603 657 411.2807687470843
0 598 659 364.2369787282221
0 567 660 155.57569452474632
0 645 661 104.9491221938732
0 601 663 176.01569674282305
0 613 670 257.74430471845596
0 646 673 123.31887489532143
0 640 674 126.00082131921168
0 579 675 130.27118840161086
0 564 676 176.84730959328172
0 610 680 107.37620966283843
0 617 683 115.68004677614196
0 611 684 127.871398866283
0 621 687 108.44079565575362
0 658 688 107.18554955253788
0 612 689 116.44966162566965
0 620 696 117.02155960381559
0 623 697 122.51315445878757
0 615 698 121.53505850479102
0 614 702 149.12658032185578
0 619 703 111.27303279676859
0 625 705 121.72599242010243
0 648 709 494.8942946593431
0 630 714 114.16296630177449
0 673 721 152.7684497375325
0 629 722 170.915953872337
0 677 726 153.6544224007075
0 616 728 138.66760471554704
0 632 732 150.126299718462
0 634 733 136.62103407525925
0 628 736 110.91958403939502
0 656 739 270.06528921781796
0 657 741 418.5027624705613
0 631 746 130.5467837715715
0 671 747 152.34030080488617
0 635 767 158.69591229678375
0 680 778 477.369819203168
0 683 779 150.96209313891205
0 685 789 139.44751169978403

0 1426.0 217.0
0 912.0 331.0
0 927.0 331.0
0 977.0 333.0
0 991.0 334.0
0 926.0 341.0
0 939.0 343.0
0 976.0 343.0
0 962.0 344.0
0 909.0 349.0
0 900.0 350.0
0 943.0 351.0
0 955.0 352.0
0 990.0 352.0
0 978.0 353.0
0 927.0 354.0
0 972.0 354.0
0 1003.0 355.0
0 944.0 356.0
0 954.0 358.0
0 855.0 360.0
0 905.0 360.0
0 866.0 363.0
0 787.0 365.0
0 814.0 365.0
0 871.0 365.0
0 827.0 366.0
0 992.0 366.0
0 850.0 367.0
0 1011.0 368.0
0 800.0 369.0
0 770.0 371.0
0 872.0 374.0
0 882.0 374.0
0 719.0 375.0
0 727.0 375.0
0 806.0 375.0
0 841.0 375.0
0 714.0 376.0
0 751.0 377.0
0 796.0 378.0
0 1094.0 378.0
0 790.0 379.0
0 825.0 379.0
0 1150.0 379.0
0 884.0 381.0
0 1169.0 382.0
0 891.0 383.0
0 699.0 384.0
0 763.0 385.0
0 803.0 385.0
0 868.0 385.0
0 1089.0 385.0
0 1107.0 386.0
0 825.0 387.0
0 832.0 387.0
0 752.0 388.0
0 789.0 388.0
0 850.0 388.0
0 889.0 388.0
0 1158.0 388.0
0 686.0 389.0
0 845.0 389.0
0 855.0 389.0
0 879.0 389.0
0 837.0 391.0
0 716.0 392.0
0 736.0 393.0
0 767.0 393.0
0 776.0 393.0
0 1097.0 394.0
0 797.0 395.0
0 1103.0 395.0
0 1173.0 395.0
0 802.0 396.0
0 1086.0 397.0
0 868.0 398.0
0 684.0 399.0
0 1161.0 399.0
0 784.0 400.0
0 1122.0 400.0
0 697.0 401.0
0 755.0 401.0
0 768.0 401.0
0 837.0 402.0
0 854.0 402.0
0 1029.0 402.0
0 742.0 403.0
0 846.0 403.0
0 1015.0 403.0
0 1039.0 403.0
0 1098.0 403.0
0 681.0 404.0
0 1069.0 404.0
0 810.0 405.0
0 918.0 405.0
0 1174.0 405.0
0 670.0 406.0
0 698.0 406.0
0 799.0 408.0
0 865.0 408.0
0 825.0 409.0
0 842.0 410.0
0 1078.0 410.0
0 1053.0 411.0
0 715.0 412.0
0 735.0 412.0
0 1060.0 412.0
0 1071.0 412.0
0 1184.0 412.0
0 1083.0 414.0
0 1120.0 415.0
0 743.0 416.0
0 824.0 416.0
0 1107.0 416.0
0 1178.0 416.0
0 770.0 417.0
0 666.0 418.0
0 873.0 418.0
0 1033.0 419.0
0 1186.0 419.0
0 787.0 420.0
0 1049.0 420.0
0 1095.0 420.0
0 821.0 421.0
0 868.0 421.0
0 1060.0 421.0
0 860.0 422.0
0 1101.0 423.0
0 1171.0 423.0
0 691.0 424.0
0 1015.0 426.0
0 1075.0 426.0
0 1116.0 426.0
0 1166.0 426.0
0 664.0 427.0
0 742.0 427.0
0 814.0 427.0
0 1089.0 428.0
0 787.0 429.0
0 1138.0 429.0
0 1153.0 429.0
0 872.0 430.0
0 1046.0 430.0
0 821.0 431.0
0 1059.0 431.0
0 1191.0 431.0
0 854.0 432.0
0 1114.0 432.0
0 690.0 433.0
0 1086.0 433.0
0 1101.0 433.0
0 1166.0 435.0
0 786.0 437.0
0 1013.0 437.0
0 1122.0 437.0
0 817.0 438.0
0 1138.0 438.0
0 1153.0 438.0
0 842.0 442.0
0 850.0 442.0
0 1036.0 442.0
0 883.0 443.0
0 877.0 444.0
0 890.0 444.0
0 895.0 444.0
0 903.0 444.0
0 1196.0 444.0
0 908.0 445.0
0 915.0 445.0
0 921.0 445.0
0 926.0 445.0
0 932.0 445.0
0 1081.0 445.0
0 1181.0 445.0
0 937.0 446.0
0 942.0 446.0
0 948.0 446.0
0 737.0 447.0
0 749.0 447.0
0 1114.0 447.0
0 742.0 448.0
0 969.0 448.0
0 976.0 448.0
0 981.0 448.0
0 1109.0 448.0
0 888.0 449.0
0 990.0 449.0
0 883.0 450.0
0 915.0 450.0
0 1164.0 450.0
0 758.0 451.0
0 1009.0 451.0
0 998.0 452.0
0 786.0 453.0
0 791.0 453.0
0 874.0 453.0
0 1038.0 453.0
0 704.0 454.0
0 728.0 454.0
0 781.0 454.0
0 856.0 454.0
0 902.0 454.0
0 931.0 454.0
0 936.0 454.0
0 1059.0 454.0
0 716.0 455.0
0 721.0 455.0
0 733.0 455.0
0 941.0 455.0
0 956.0 455.0
0 1157.0 455.0
0 760.0 456.0
0 844.0 456.0
0 889.0 456.0
0 1003.0 456.0
0 676.0 457.0
0 896.0 457.0
0 966.0 457.0
0 1198.0 457.0
0 690.0 458.0
0 883.0 458.0
0 915.0 459.0
0 1144.0 459.0
0 1150.0 459.0
0 703.0 460.0
0 926.0 460.0
0 1106.0 460.0
0 1164.0 460.0
0 770.0 461.0
0 937.0 461.0
0 947.0 461.0
0 989.0 461.0
0 1002.0 461.0
0 1011.0 461.0
0 835.0 462.0
0 955.0 462.0
0 971.0 462.0
0 980.0 462.0
0 1050.0 462.0
0 667.0 463.0
0 807.0 463.0
0 844.0 463.0
0 854.0 463.0
0 865.0 464.0
0 1030.0 464.0
0 706.0 465.0
0 719.0 465.0
0 727.0 466.0
0 735.0 466.0
0 743.0 466.0
0 758.0 466.0
0 784.0 467.0
0 1040.0 467.0
0 1061.0 467.0
0 665.0 468.0
0 748.0 468.0
0 800.0 468.0
0 1092.0 468.0
0 830.0 469.0
0 870.0 469.0
0 1115.0 469.0
0 688.0 471.0
0 697.0 471.0
0 335.0 472.0
0 702.0 472.0
0 809.0 472.0
0 1145.0 472.0
0 664.0 473.0
0 837.0 473.0
0 1059.0 473.0
0 1154.0 473.0
0 1015.0 474.0
0 1028.0 474.0
0 1047.0 475.0
0 767.0 476.0
0 781.0 477.0
0 664.0 478.0
0 803.0 479.0
0 1093.0 479.0
0 827.0 480.0
0 1130.0 480.0
0 844.0 481.0
0 871.0 481.0
0 773.0 484.0
0 941.0 484.0
0 1156.0 484.0
0 706.0 485.0
0 795.0 485.0
0 1046.0 485.0
0 1082.0 485.0
0 738.0 487.0
0 1110.0 488.0
0 1115.0 488.0
0 752.0 489.0
0 783.0 489.0
0 788.0 489.0
0 1010.0 489.0
0 1104.0 489.0
0 1120.0 489.0
0 689.0 490.0
0 928.0 490.0
0 936.0 490.0
0 1079.0 490.0
0 1127.0 490.0
0 948.0 491.0
0 903.0 492.0
0 915.0 492.0
0 1095.0 492.0
0 808.0 493.0
0 962.0 493.0
0 1025.0 493.0
0 825.0 494.0
0 1038.0 494.0
0 1134.0 494.0
0 667.0 495.0
0 687.0 495.0
0 1060.0 496.0
0 1192.0 497.0
0 982.0 498.0
0 1074.0 498.0
0 938.0 499.0
0 953.0 499.0
0 995.0 499.0
0 933.0 500.0
0 944.0 500.0
0 1009.0 500.0
0 1154.0 501.0
0 1143.0 502.0
0 1171.0 502.0
0 794.0 503.0
0 968.0 503.0
0 885.0 504.0
0 1082.0 504.0
0 1148.0 504.0
0 1071.0 506.0
0 1024.0 507.0
0 1143.0 507.0
0 1167.0 507.0
0 986.0 509.0
0 1007.0 509.0
0 1063.0 509.0
0 835.0 510.0
0 872.0 510.0
0 920.0 510.0
0 1175.0 510.0
0 752.0 511.0
0 849.0 511.0
0 940.0 511.0
0 1053.0 511.0
0 782.0 512.0
0 1077.0 512.0
0 1164.0 512.0
0 864.0 513.0
0 1015.0 513.0
0 925.0 514.0
0 1189.0 514.0
0 914.0 515.0
0 934.0 515.0
0 822.0 516.0
0 858.0 517.0
0 896.0 518.0
0 1025.0 518.0
0 783.0 519.0
0 919.0 519.0
0 794.0 520.0
0 853.0 520.0
0 1008.0 520.0
0 1076.0 520.0
0 1161.0 520.0
0 805.0 521.0
0 904.0 521.0
0 1148.0 521.0
0 669.0 522.0
0 820.0 522.0
0 890.0 522.0
0 1174.0 522.0
0 914.0 525.0
0 923.0 525.0
0 934.0 525.0
0 1077.0 525.0
0 1199.0 525.0
0 844.0 526.0
0 858.0 526.0
0 904.0 526.0
0 909.0 526.0
0 993.0 526.0
0 894.0 527.0
0 899.0 527.0
0 763.0 528.0
0 885.0 529.0
0 958.0 529.0
0 963.0 530.0
0 1011.0 530.0
0 1079.0 530.0
0 1186.0 530.0
0 876.0 531.0
0 837.0 532.0
0 1023.0 532.0
0 751.0 533.0
0 1144.0 533.0
0 818.0 534.0
0 867.0 534.0
0 906.0 534.0
0 921.0 535.0
0 1081.0 535.0
0 981.0 536.0
0 1064.0 536.0
0 933.0 537.0
0 942.0 537.0
0 1200.0 537.0
0 832.0 538.0
0 948.0 538.0
0 1139.0 538.0
0 1162.0 538.0
0 859.0 539.0
0 1043.0 539.0
0 991.0 540.0
0 1177.0 540.0
0 783.0 541.0
0 769.0 542.0
0 961.0 542.0
0 794.0 543.0
0 805.0 543.0
0 851.0 543.0
0 883.0 543.0
0 1088.0 543.0
0 1134.0 543.0
0 900.0 544.0
0 827.0 545.0
0 869.0 545.0
0 973.0 545.0
0 999.0 545.0
0 1095.0 546.0
0 670.0 547.0
0 843.0 547.0
0 1127.0 547.0
0 821.0 549.0
0 1103.0 549.0
0 1110.0 549.0
0 1120.0 549.0
0 1115.0 550.0
0 991.0 551.0
0 1157.0 551.0
0 670.0 552.0
0 816.0 552.0
0 836.0 552.0
0 850.0 552.0
0 1194.0 552.0
0 864.0 553.0
0 934.0 553.0
0 1184.0 553.0
0 830.0 557.0
0 804.0 558.0
0 814.0 558.0
0 990.0 558.0
0 1034.0 558.0
0 1072.0 560.0
0 1157.0 560.0
0 1006.0 561.0
0 784.0 563.0
0 794.0 563.0
0 812.0 563.0
0 1106.0 563.0
0 824.0 564.0
0 1139.0 565.0
0 1160.0 565.0
0 1180.0 567.0
0 754.0 568.0
0 780.0 569.0
0 785.0 569.0
0 793.0 570.0
0 818.0 570.0
0 829.0 570.0
0 1016.0 571.0
0 809.0 572.0
0 891.0 573.0
0 953.0 573.0
0 822.0 575.0
0 877.0 577.0
0 909.0 583.0
0 672.0 584.0
0 890.0 585.0
0 939.0 585.0
0 899.0 586.0
0 1059.0 586.0
0 920.0 587.0
0 957.0 587.0
0 1060.0 591.0
0 848.0 592.0
0 881.0 592.0
0 967.0 593.0
0 914.0 595.0
0 843.0 596.0
0 866.0 596.0
0 981.0 596.0
0 991.0 596.0
0 810.0 597.0
0 901.0 597.0
0 955.0 598.0
0 858.0 603.0
0 887.0 603.0
0 674.0 604.0
0 983.0 605.0
0 994.0 606.0
0 1174.0 607.0
0 877.0 610.0
0 975.0 613.0
0 1002.0 613.0
0 958.0 614.0
0 699.0 615.0
0 675.0 616.0
0 996.0 617.0
0 838.0 620.0
0 820.0 621.0
0 846.0 621.0
0 872.0 622.0
0 910.0 622.0
0 944.0 624.0
0 957.0 624.0
0 699.0 626.0
0 865.0 626.0
0 986.0 626.0
0 1004.0 626.0
0 949.0 627.0
0 1014.0 627.0
0 1252.0 628.0
0 958.0 629.0
0 834.0 630.0
0 678.0 631.0
0 842.0 631.0
0 988.0 631.0
0 814.0 632.0
0 891.0 633.0
0 101.0 634.0
0 797.0 634.0
0 1015.0 636.0
0 888.0 638.0
0 920.0 638.0
0 700.0 639.0
0 961.0 640.0
0 902.0 643.0
0 951.0 643.0
0 838.0 644.0
0 991.0 644.0
0 829.0 645.0
0 937.0 645.0
0 533.0 647.0
0 677.0 647.0
0 795.0 648.0
0 991.0 649.0
0 910.0 650.0
0 957.0 650.0
0 889.0 652.0
0 918.0 652.0
0 924.0 653.0
0 986.0 653.0
0 701.0 655.0
0 808.0 657.0
0 1063.0 658.0
0 862.0 659.0
0 1021.0 659.0
0 1164.0 660.0
0 955.0 661.0
0 831.0 664.0
0 910.0 664.0
0 923.0 664.0
0 929.0 664.0
0 934.0 664.0
0 1133.0 664.0
0 1162.0 665.0
0 678.0 666.0
0 797.0 666.0
0 964.0 666.0
0 808.0 667.0
0 861.0 668.0
0 975.0 669.0
0 1017.0 671.0
0 896.0 672.0
0 1006.0 672.0
0 1038.0 672.0
0 1161.0 672.0
0 1060.0 673.0
0 979.0 677.0
0 1025.0 677.0
0 1127.0 677.0
0 809.0 678.0
0 1005.0 678.0
0 679.0 679.0
0 832.0 679.0
0 961.0 679.0
0 990.0 681.0
0 1463.0 681.0
0 840.0 682.0
0 952.0 683.0
0 877.0 685.0
0 1160.0 685.0
0 832.0 686.0
0 934.0 686.0
0 929.0 687.0
0 1037.0 688.0
0 1024.0 689.0
0 1054.0 689.0
0 534.0 691.0
0 958.0 691.0
0 807.0 692.0
0 948.0 692.0
0 1010.0 693.0
0 840.0 694.0
0 1022.0 695.0
0 489.0 696.0
0 957.0 696.0
0 809.0 697.0
0 946.0 697.0
0 919.0 698.0
0 924.0 698.0
0 1207.0 701.0
0 966.0 703.0
0 1018.0 703.0
0 1002.0 706.0
0 1155.0 706.0
0 820.0 712.0
0 856.0 712.0
0 1252.0 713.0
0 683.0 717.0
0 678.0 718.0
0 1007.0 719.0
0 471.0 720.0
0 827.0 720.0
0 875.0 721.0
0 984.0 721.0
0 164.0 723.0
0 883.0 725.0
0 1000.0 725.0
0 1005.0 725.0
0 833.0 727.0
0 870.0 728.0
0 889.0 729.0
0 991.0 729.0
0 966.0 730.0
0 894.0 731.0
0 839.0 732.0
0 903.0 734.0
0 944.0 735.0
0 952.0 735.0
0 957.0 735.0
0 884.0 736.0
0 890.0 738.0
0 473.0 739.0
0 847.0 739.0
0 969.0 739.0
0 897.0 740.0
0 926.0 740.0
0 961.0 741.0
0 954.0 744.0
0 972.0 744.0
0 817.0 745.0
0 926.0 745.0
0 948.0 745.0
0 935.0 746.0
0 568.0 747.0
0 1447.0 747.0
0 437.0 749.0
0 893.0 749.0
0 456.0 752.0
0 512.0 759.0
0 978.0 759.0
0 971.0 761.0
0 963.0 763.0
0 958.0 764.0
0 910.0 765.0
0 953.0 765.0
0 79.0 766.0
0 1336.0 766.0
0 1224.0 770.0
0 489.0 771.0
0 329.0 781.0
0 575.0 781.0
0 1175.0 783.0
0 1263.0 787.0
0 614.0 791.0
0 592.0 794.0
0 1107.0 796.0
0 636.0 798.0
0 569.0 800.0
0 310.0 802.0
0 190.0 805.0
0 629.0 805.0
0 1386.0 805.0
0 535.0 807.0
0 585.0 807.0
0 560.0 810.0
0 643.0 810.0
0 1234.0 810.0
0 1341.0 811.0
0 1221.0 816.0
0 525.0 820.0
0 570.0 821.0
0 492.0 822.0
0 448.0 823.0
0 138.0 824.0
0 177.0 827.0
0 429.0 827.0
0 468.0 827.0
0 638.0 830.0
0 549.0 831.0
0 760.0 832.0
0 1216.0 832.0
0 1123.0 837.0
0 1051.0 838.0
0 565.0 839.0
0 585.0 840.0
0 1201.0 840.0
0 500.0 841.0
0 608.0 841.0
0 627.0 841.0
0 556.0 845.0
0 1337.0 846.0
0 90.0 847.0
0 1360.0 847.0
0 1459.0 849.0
0 1383.0 851.0
0 529.0 852.0
0 655.0 855.0
0 423.0 858.0
0 550.0 858.0
0 1434.0 858.0
0 102.0 859.0
0 265.0 859.0
0 1079.0 859.0
0 991.0 861.0
0 1184.0 861.0
0 501.0 863.0
0 495.0 866.0
0 135.0 867.0
0 243.0 871.0
0 386.0 874.0
0 1195.0 875.0
0 1288.0 876.0
0 957.0 877.0
0 1181.0 877.0
0 947.0 882.0
0 834.0 885.0
0 752.0 887.0
0 1030.0 887.0
0 1099.0 888.0
0 339.0 889.0
0 1119.0 889.0
0 1316.0 889.0
0 287.0 890.0
0 322.0 893.0
0 1194.0 894.0
0 359.0 902.0
0 991.0 903.0
0 380.0 905.0
0 1180.0 905.0
0 315.0 909.0
0 879.0 910.0
0 364.0 913.0
0 1381.0 914.0
0 98.0 915.0
0 214.0 915.0
0 25.0 916.0
0 1173.0 916.0
0 1196.0 919.0
0 183.0 921.0
0 222.0 921.0
0 232.0 921.0
0 304.0 923.0
0 1138.0 927.0
0 87.0 929.0
0 149.0 929.0
0 659.0 929.0
0 756.0 929.0
0 905.0 934.0
0 106.0 938.0
0 1188.0 938.0
0 713.0 941.0
0 1058.0 941.0
0 1175.0 942.0
0 179.0 949.0
0 1024.0 949.0
0 887.0 951.0
0 875.0 954.0
0 1002.0 959.0
0 109.0 960.0
0 986.0 966.0
0 1088.0 967.0
0 53.0 971.0
0 1180.0 972.0
0 835.0 974.0
0 1168.0 976.0
0 27.0 981.0
0 424.0 986.0
1 832.0 302.0
1 837.0 302.0
1 842.0 305.0
1 890.0 307.0
1 904.0 308.0
1 812.0 311.0
1 831.0 312.0
1 822.0 313.0
1 853.0 315.0
1 794.0 316.0
1 811.0 316.0
1 888.0 317.0
1 877.0 321.0
1 890.0 325.0
1 906.0 328.0
1 761.0 331.0
1 723.0 332.0
1 777.0 332.0
1 918.0 332.0
1 718.0 333.0
1 662.0 335.0
1 712.0 335.0
1 697.0 336.0
1 670.0 338.0
1 768.0 341.0
1 659.0 343.0
1 729.0 343.0
1 734.0 343.0
1 620.0 345.0
1 750.0 345.0
1 745.0 346.0
1 690.0 347.0
1 660.0 348.0
1 760.0 349.0
1 895.0 349.0
1 904.0 350.0
1 632.0 352.0
1 645.0 352.0
1 703.0 352.0
1 673.0 355.0
1 617.0 357.0
1 1076.0 357.0
1 726.0 358.0
1 735.0 358.0
1 1061.0 358.0
1 685.0 359.0
1 706.0 359.0
1 993.0 360.0
1 1012.0 360.0
1 601.0 362.0
1 750.0 362.0
1 714.0 363.0
1 911.0 363.0
1 1065.0 364.0
1 618.0 365.0
1 1000.0 365.0
1 1080.0 366.0
1 729.0 367.0
1 632.0 368.0
1 646.0 368.0
1 704.0 368.0
1 744.0 368.0
1 1020.0 368.0
1 1072.0 368.0
1 583.0 369.0
1 672.0 371.0
1 989.0 372.0
1 743.0 373.0
1 601.0 376.0
1 618.0 376.0
1 728.0 376.0
1 686.0 378.0
1 739.0 378.0
1 884.0 378.0
1 989.0 378.0
1 1085.0 378.0
1 717.0 379.0
1 646.0 380.0
1 580.0 381.0
1 946.0 383.0
1 986.0 384.0
1 599.0 385.0
1 879.0 385.0
1 975.0 385.0
1 1016.0 385.0
1 1076.0 385.0
1 963.0 386.0
1 754.0 387.0
1 899.0 387.0
1 767.0 389.0
1 988.0 389.0
1 747.0 390.0
1 779.0 390.0
1 784.0 390.0
1 685.0 391.0
1 716.0 391.0
1 791.0 391.0
1 908.0 391.0
1 797.0 392.0
1 993.0 392.0
1 805.0 393.0
1 810.0 393.0
1 818.0 393.0
1 936.0 393.0
1 1093.0 393.0
1 1081.0 394.0
1 746.0 395.0
1 785.0 395.0
1 833.0 396.0
1 839.0 396.0
1 844.0 396.0
1 954.0 396.0
1 1014.0 396.0
1 728.0 397.0
1 852.0 397.0
1 962.0 397.0
1 857.0 398.0
1 1067.0 398.0
1 1073.0 398.0
1 865.0 399.0
1 908.0 399.0
1 974.0 399.0
1 1031.0 399.0
1 1052.0 399.0
1 1061.0 399.0
1 746.0 400.0
1 804.0 400.0
1 1046.0 400.0
1 640.0 401.0
1 649.0 401.0
1 654.0 401.0
1 773.0 401.0
1 876.0 401.0
1 943.0 401.0
1 751.0 402.0
1 809.0 402.0
1 825.0 402.0
1 830.0 402.0
1 993.0 402.0
1 756.0 403.0
1 762.0 403.0
1 767.0 403.0
1 961.0 403.0
1 1102.0 403.0
1 785.0 405.0
1 1007.0 405.0
1 632.0 406.0
1 795.0 406.0
1 870.0 406.0
1 1074.0 406.0
1 612.0 407.0
1 660.0 407.0
1 923.0 407.0
1 1015.0 407.0
1 621.0 408.0
1 728.0 408.0
1 733.0 408.0
1 805.0 408.0
1 810.0 408.0
1 1061.0 408.0
1 679.0 409.0
1 685.0 409.0
1 739.0 409.0
1 816.0 409.0
1 822.0 409.0
1 1029.0 409.0
1 1045.0 409.0
1 839.0 410.0
1 856.0 410.0
1 722.0 411.0
1 847.0 411.0
1 869.0 411.0
1 582.0 412.0
1 600.0 412.0
1 660.0 412.0
1 877.0 412.0
1 694.0 413.0
1 961.0 414.0
1 714.0 415.0
1 744.0 415.0
1 864.0 415.0
1 1104.0 415.0
1 895.0 416.0
1 925.0 418.0
1 1091.0 418.0
1 668.0 419.0
1 1010.0 419.0
1 631.0 420.0
1 704.0 420.0
1 732.0 420.0
1 945.0 420.0
1 595.0 421.0
1 639.0 421.0
1 646.0 421.0
1 682.0 421.0
1 908.0 422.0
1 1054.0 422.0
1 577.0 423.0
1 653.0 423.0
1 658.0 423.0
1 980.0 423.0
1 881.0 425.0
1 609.0 426.0
1 894.0 426.0
1 998.0 426.0
1 698.0 427.0
1 928.0 427.0
1 1012.0 427.0
1 876.0 428.0
1 902.0 428.0
1 1029.0 428.0
1 1103.0 428.0
1 722.0 429.0
1 745.0 429.0
1 596.0 430.0
1 975.0 431.0
1 1037.0 431.0
1 666.0 432.0
1 682.0 432.0
1 917.0 432.0
1 1042.0 432.0
1 1071.0 432.0
1 576.0 433.0
1 936.0 433.0
1 951.0 433.0
1 992.0 433.0
1 1053.0 433.0
1 1094.0 433.0
1 1102.0 433.0
1 900.0 435.0
1 1013.0 435.0
1 926.0 436.0
1 699.0 437.0
1 708.0 437.0
1 607.0 438.0
1 969.0 438.0
1 989.0 438.0
1 575.0 439.0
1 580.0 440.0
1 1029.0 440.0
1 1102.0 440.0
1 775.0 441.0
1 785.0 441.0
1 589.0 443.0
1 748.0 443.0
1 768.0 443.0
1 799.0 443.0
1 880.0 443.0
1 1022.0 443.0
1 1051.0 443.0
1 575.0 444.0
1 677.0 444.0
1 691.0 444.0
1 755.0 444.0
1 894.0 444.0
1 900.0 444.0
1 919.0 444.0
1 682.0 445.0
1 739.0 446.0
1 826.0 448.0
1 976.0 448.0
1 981.0 448.0
1 987.0 448.0
1 732.0 449.0
1 846.0 449.0
1 938.0 449.0
1 968.0 449.0
1 583.0 450.0
1 707.0 450.0
1 874.0 450.0
1 889.0 450.0
1 907.0 450.0
1 994.0 450.0
1 1011.0 450.0
1 1033.0 451.0
1 593.0 452.0
1 999.0 452.0
1 725.0 453.0
1 841.0 453.0
1 1024.0 453.0
1 1100.0 453.0
1 960.0 454.0
1 747.0 455.0
1 756.0 455.0
1 765.0 455.0
1 1005.0 455.0
1 775.0 456.0
1 784.0 456.0
1 847.0 457.0
1 738.0 458.0
1 938.0 458.0
1 729.0 459.0
1 946.0 459.0
1 793.0 460.0
1 708.0 462.0
1 720.0 462.0
1 762.0 462.0
1 954.0 462.0
1 1013.0 463.0
1 802.0 464.0
1 878.0 465.0
1 896.0 466.0
1 938.0 466.0
1 1031.0 466.0
1 811.0 467.0
1 653.0 468.0
1 705.0 468.0
1 774.0 468.0
1 760.0 470.0
1 1016.0 470.0
1 796.0 471.0
1 820.0 471.0
1 869.0 472.0
1 927.0 472.0
1 941.0 472.0
1 653.0 473.0
1 888.0 473.0
1 1019.0 475.0
1 583.0 476.0
1 673.0 476.0
1 829.0 476.0
1 999.0 476.0
1 1032.0 476.0
1 894.0 477.0
1 1043.0 477.0
1 1095.0 477.0
1 810.0 478.0
1 947.0 479.0
1 765.0 480.0
1 940.0 480.0
1 1019.0 480.0
1 699.0 481.0
1 838.0 481.0
1 821.0 483.0
1 1073.0 483.0
1 662.0 484.0
1 946.0 484.0
1 684.0 485.0
1 972.0 485.0
1 1019.0 485.0
1 1063.0 485.0
1 1078.0 486.0
1 879.0 487.0
1 820.0 488.0
1 846.0 488.0
1 831.0 489.0
1 584.0 490.0
1 678.0 490.0
1 1019.0 490.0
1 1059.0 490.0
1 950.0 492.0
1 1073.0 492.0
1 1082.0 492.0
1 854.0 494.0
1 661.0 495.0
1 839.0 495.0
1 907.0 495.0
1 983.0 495.0
1 602.0 497.0
1 671.0 497.0
1 952.0 497.0
1 1018.0 498.0
1 655.0 500.0
1 835.0 500.0
1 907.0 500.0
1 1056.0 501.0
1 1074.0 501.0
1 1084.0 501.0
1 943.0 503.0
1 1016.0 503.0
1 900.0 505.0
1 850.0 506.0
1 1064.0 506.0
1 1074.0 506.0
1 1094.0 506.0
1 663.0 507.0
1 738.0 508.0
1 749.0 508.0
1 790.0 508.0
1 961.0 508.0
1 1084.0 508.0
1 719.0 510.0
1 757.0 510.0
1 1008.0 510.0
1 727.0 511.0
1 847.0 511.0
1 767.0 513.0
1 914.0 513.0
1 967.0 513.0
1 1076.0 513.0
1 703.0 515.0
1 739.0 515.0
1 999.0 515.0
1 1095.0 515.0
1 750.0 516.0
1 975.0 516.0
1 992.0 516.0
1 784.0 517.0
1 984.0 517.0
1 724.0 518.0
1 853.0 518.0
1 1051.0 518.0
1 714.0 521.0
1 699.0 522.0
1 1099.0 522.0
1 795.0 524.0
1 1047.0 525.0
1 817.0 526.0
1 703.0 527.0
1 1077.0 527.0
1 1099.0 527.0
1 691.0 529.0
1 754.0 529.0
1 760.0 529.0
1 920.0 529.0
1 746.0 530.0
1 768.0 530.0
1 585.0 531.0
1 951.0 531.0
1 734.0 532.0
1 1046.0 532.0
1 1097.0 532.0
1 776.0 533.0
1 728.0 534.0
1 697.0 535.0
1 585.0 536.0
1 786.0 536.0
1 984.0 536.0
1 757.0 538.0
1 1096.0 538.0
1 811.0 539.0
1 718.0 540.0
1 820.0 540.0
1 1019.0 540.0
1 646.0 541.0
1 1001.0 541.0
1 1048.0 544.0
1 666.0 546.0
1 733.0 546.0
1 674.0 547.0
1 827.0 547.0
1 754.0 548.0
1 685.0 549.0
1 1088.0 549.0
1 1051.0 551.0
1 1056.0 553.0
1 741.0 554.0
1 812.0 555.0
1 824.0 555.0
1 1072.0 556.0
1 927.0 558.0
1 670.0 559.0
1 586.0 560.0
1 679.0 560.0
1 703.0 560.0
1 837.0 560.0
1 778.0 562.0
1 721.0 563.0
1 765.0 563.0
1 927.0 564.0
1 783.0 565.0
1 841.0 567.0
1 835.0 568.0
1 748.0 570.0
1 657.0 573.0
1 1067.0 573.0
1 665.0 575.0
1 676.0 575.0
1 748.0 575.0
1 606.0 576.0
1 826.0 576.0
1 720.0 577.0
1 842.0 577.0
1 587.0 579.0
1 749.0 580.0
1 641.0 582.0
1 796.0 584.0
1 782.0 585.0
1 604.0 588.0
1 752.0 589.0
1 737.0 590.0
1 407.0 592.0
1 657.0 594.0
1 920.0 594.0
1 925.0 594.0
1 589.0 595.0
1 641.0 595.0
1 722.0 595.0
1 675.0 596.0
1 667.0 598.0
1 760.0 598.0
1 924.0 599.0
1 724.0 600.0
1 782.0 603.0
1 849.0 603.0
1 606.0 604.0
1 834.0 604.0
1 750.0 606.0
1 659.0 610.0
1 773.0 610.0
1 793.0 610.0
1 587.0 611.0
1 644.0 611.0
1 669.0 613.0
1 734.0 615.0
1 856.0 617.0
1 679.0 618.0
1 822.0 618.0
1 786.0 619.0
1 1080.0 619.0
1 605.0 620.0
1 764.0 621.0
1 828.0 621.0
1 917.0 621.0
1 670.0 622.0
1 847.0 622.0
1 663.0 624.0
1 793.0 624.0
1 741.0 625.0
1 854.0 625.0
1 647.0 628.0
1 684.0 630.0
1 588.0 631.0
1 782.0 631.0
1 818.0 631.0
1 608.0 632.0
1 675.0 633.0
1 827.0 633.0
1 845.0 635.0
1 853.0 636.0
1 768.0 638.0
1 793.0 639.0
1 909.0 639.0
1 779.0 640.0
1 63.0 641.0
1 653.0 641.0
1 842.0 644.0
1 810.0 645.0
1 850.0 645.0
1 1075.0 646.0
1 696.0 647.0
1 742.0 647.0
1 905.0 647.0
1 923.0 647.0
1 675.0 648.0
1 747.0 649.0
1 839.0 651.0
1 752.0 652.0
1 847.0 654.0
1 661.0 655.0
1 691.0 655.0
1 771.0 656.0
1 839.0 656.0
1 588.0 658.0
1 552.0 659.0
1 684.0 659.0
1 694.0 660.0
1 834.0 660.0
1 700.0 661.0
1 773.0 661.0
1 792.0 661.0
1 843.0 662.0
1 916.0 662.0
1 1072.0 663.0
1 201.0 665.0
1 1030.0 665.0
1 712.0 667.0
1 407.0 670.0
1 825.0 670.0
1 837.0 670.0
1 719.0 671.0
1 1073.0 671.0
1 673.0 672.0
1 694.0 672.0
1 705.0 672.0
1 1068.0 672.0
1 886.0 673.0
1 818.0 674.0
1 588.0 675.0
1 346.0 676.0
1 724.0 676.0
1 830.0 678.0
1 713.0 679.0
1 730.0 679.0
1 1026.0 680.0
1 1070.0 680.0
1 681.0 681.0
1 719.0 682.0
1 741.0 682.0
1 824.0 683.0
1 801.0 684.0
1 725.0 686.0
1 590.0 687.0
1 761.0 687.0
1 784.0 687.0
1 779.0 688.0
1 732.0 689.0
1 603.0 695.0
1 739.0 695.0
1 827.0 697.0
1 702.0 698.0
1 730.0 698.0
1 800.0 698.0
1 759.0 699.0
1 787.0 700.0
1 1069.0 701.0
1 590.0 702.0
1 773.0 702.0
1 706.0 703.0
1 711.0 704.0
1 450.0 705.0
1 403.0 706.0
1 369.0 708.0
1 736.0 708.0
1 264.0 709.0
1 326.0 711.0
1 113.0 713.0
1 467.0 713.0
1 1067.0 713.0
1 300.0 714.0
1 353.0 715.0
1 457.0 717.0
1 686.0 720.0
1 392.0 722.0
1 987.0 725.0
1 370.0 727.0
1 1415.0 727.0
1 1064.0 732.0
1 201.0 738.0
1 341.0 738.0
1 418.0 741.0
1 156.0 742.0
1 311.0 743.0
1 883.0 743.0
1 303.0 746.0
1 51.0 753.0
1 1062.0 759.0
1 1463.0 761.0
1 648.0 765.0
1 608.0 767.0
1 1090.0 770.0
1 647.0 771.0
1 608.0 772.0
1 647.0 776.0
1 748.0 778.0
1 1364.0 781.0
1 1222.0 782.0
1 747.0 783.0
1 852.0 783.0
1 609.0 794.0
1 1230.0 794.0
1 742.0 796.0
1 365.0 799.0
1 1326.0 799.0
1 1153.0 805.0
1 641.0 811.0
1 747.0 815.0
1 742.0 818.0
1 1264.0 822.0
1 1466.0 823.0
1 1166.0 825.0
1 615.0 828.0
1 757.0 829.0
1 1428.0 829.0
1 1375.0 832.0
1 727.0 834.0
1 166.0 837.0
1 958.0 841.0
1 1351.0 845.0
1 375.0 847.0
1 160.0 848.0
1 912.0 853.0
1 1040.0 860.0
1 1235.0 862.0
1 400.0 866.0
1 1124.0 870.0
1 854.0 874.0
1 1312.0 875.0
1 911.0 879.0
1 629.0 882.0
1 894.0 882.0
1 1383.0 884.0
1 1086.0 888.0
1 947.0 908.0
1 704.0 911.0
1 938.0 935.0
1 1054.0 937.0
