0 1 0 237.32553395789444
0 2 2 218.05918000821953
0 3 3 144.56525813359752
0 6 4 155.78623213604718
0 8 5 154.69851144825248
0 4 6 135.10877578062426
0 10 7 119.8745809498829
0 7 8 116.66570008601873
0 19 9 396.6117401426337
0 16 10 113.88067940079321
0 20 11 129.66168604856057
0 48 12 137.2638432857679
0 41 13 117.77476030298268
0 31 14 145.9925656742717
0 28 15 194.32677821422973
0 32 16 192.9177990106895
0 33 17 271.8730404735913
0 35 18 111.25388483391741
0 15 19 204.4810973511038
0 26 20 195.46522326170484
0 38 21 177.45829514032638
0 30 22 125.24534206722402
0 42 23 122.73294818932277
0 53 24 219.12360047165103
0 56 26 162.1023075875116
0 43 27 249.24024819415678
0 36 28 135.48192611036697
0 61 29 157.27272710228755
0 62 30 162.9179702024276
0 47 31 193.13097108851505
0 50 32 182.0465975563296
0 65 33 243.02793525026507
0 81 34 113.71246806558923
0 76 35 128.23648101674314
0 49 36 105.46493962953285
0 51 37 215.88219883296182
0 58 38 121.75466703281374
0 68 39 130.85672024882814
0 54 40 118.43473607896206
0 93 44 284.1563491875303
0 69 45 164.26342748357973
0 70 46 168.48661062368868
0 92 47 175.28232398154572
0 96 48 109.03739166835591
0 60 49 114.46822324707311
0 72 50 263.6687469255806
0 75 51 149.04497223332447
0 97 52 106.11855371451269
0 108 53 127.28598768277162
0 67 54 124.57728953395684
0 106 55 105.61782389416219
0 101 56 235.80676125754772
0 83 57 133.71401127385005
0 71 58 104.81134544311415
0 77 59 154.714888670252
0 78 60 138.35506464801884
0 102 61 315.4606442669992
0 120 62 109.59868856931163
0 115 63 111.14518008970732
0 73 64 213.87152576381249
0 88 65 107.19081578782766
0 103 66 181.40154759683077
0 85 68 111.38334850668765
0 91 69 121.41209340643198
0 119 70 412.0323589942581
0 100 71 107.67928173831159
0 111 72 280.5190027984658
0 138 73 107.06698751250092
0 117 74 156.42273630255795
0 125 75 159.7934493625012
0 104 76 107.91372339104201
0 95 77 118.83869800590566
0 89 78 171.45345426180054
0 109 79 333.68064685120663
0 135 80 145.4211099118765
0 99 81 107.73772568634155
0 169 82 105.99172470329079
0 129 83 204.07568328499113
0 162 84 147.95004913673841
0 141 85 123.25950445864964
0 131 86 137.43812312583532
0 140 87 199.2179102634435
0 166 88 251.89555079840719
0 148 89 207.2767573620014
0 161 90 170.09890895582492
0 142 91 215.7076945725341
0 150 92 177.51999600460823
0 116 94 112.16249814897824
0 112 95 125.35061595993075
0 157 96 193.23930301138216
0 154 97 123.01775826504154
0 165 98 162.40644591471298
0 147 99 213.45971023697703
0 172 101 191.91505468828018
0 176 102 143.94424812556147
0 137 103 129.27275553000493
0 156 104 194.45042818065843
0 155 105 143.16266899496785
0 188 108 178.01970404565446
0 191 109 238.02162412163534
0 146 111 121.11216161382241
0 193 112 235.68758935453732
0 130 113 127.46796285158656
0 197 114 225.66640137273134
0 151 115 125.69249853871334
0 201 116 207.22042153997484
0 202 117 261.16020136021973
0 196 118 217.3990892861609
0 216 119 204.83338043980558
0 198 120 135.38911461968954
0 181 121 109.42829685270345
0 208 122 157.96862700789032
0 213 123 217.24447250588864
0 209 124 264.12402224047713
0 164 125 179.58197340033132
0 195 126 198.56331344727488
0 212 127 159.92127288716856
0 121 128 121.72500327217439
0 128 129 158.74131875370603
0 126 130 165.47077590168183
0 219 132 105.5363238869779
0 173 133 110.98449928291323
0 183 134 146.52050378579932
0 205 136 164.94054322419856
0 207 138 113.0262470554741
0 190 141 149.3327332923416
0 189 142 119.76037098468497
0 200 144 130.554006579831
0 222 145 143.72629150678247
0 132 146 129.68079857670645
0 215 147 138.14872226222724
0 227 148 145.07640690394658
0 232 149 144.31000800287913
0 127 150 109.39579570055345
0 211 152 105.19457768027655
0 220 153 158.8163473562346
0 187 155 309.9183780044835
0 218 157 194.1403397765141
0 221 158 213.58533965640666
0 243 159 158.04766125538364
0 149 160 123.37786704424501
0 199 162 172.36154466913268
0 225 163 210.3440102722081
0 226 164 209.49258793874162
0 235 165 114.41621679128602
0 242 166 121.43032763184381
0 231 167 136.77656587870942
0 239 168 126.60204765630006
0 234 170 157.58140223381935
0 245 171 135.05479763574635
0 134 172 147.08681210162493
0 136 173 110.42737020705671
0 139 174 165.79262916628045
0 252 175 104.97509994155334
0 153 176 134.77296025072252
0 246 177 245.8380427751515
0 160 178 321.40842396476336
0 223 179 128.20382992644022
0 255 180 135.10535940284797
0 204 181 381.435599894508
0 262 182 121.47063810759336
0 240 183 105.24931162554236
0 266 184 161.04726119989752
0 175 185 117.86402809760199
0 258 186 110.49189234934009
0 163 187 131.62903763363585
0 210 188 153.61369340815568
0 229 189 118.13484126006715
0 253 190 105.6050328204156
0 152 191 134.40862049917774
0 168 192 175.38867635367276
0 171 193 184.10855384302042
0 182 194 112.1965742667961
0 268 195 106.10631213435313
0 270 196 105.99925169042525
0 180 199 133.97351036742145
0 265 200 165.7794905239027
0 271 201 112.74956196448511
0 179 202 119.18299358649311
0 273 203 107.05407529906894
0 277 204 265.28652615743334
0 264 206 106.1932724323358
0 275 208 111.36534531906489
0 276 209 123.37657868069579
0 279 210 170.4087930089517
0 267 211 343.14129673915653
0 250 212 106.89319381308096
0 251 213 124.70995107481319
0 186 214 153.48783041153368
0 278 215 187.13111736149972
0 214 217 111.39231900192917
0 285 219 110.72627967328084
0 290 220 151.62015577715334
0 294 221 105.04725625571618
0 174 222 189.3687364898597
0 282 223 114.42287304039627
0 289 224 123.13361436137656
0 300 225 194.59596889845042
0 291 226 110.7966830764984
0 295 227 166.82743293006038
0 297 229 136.34712098109497
0 288 230 132.14384140989844
0 293 231 121.18524389110212
0 233 233 189.33001375296638
0 217 234 118.22331467354627
0 299 235 145.08042144295092
0 303 239 122.36013968290919
0 296 240 200.01974300708886
0 305 241 308.2494195708945
0 311 242 283.6297513753592
0 298 244 214.68299125296758
0 302 245 149.9032570412389
0 307 246 279.3907239044189
0 312 247 107.94758616039297
0 336 248 283.01694166150753
0 228 250 142.65050701624503
0 248 251 191.39405220152233
0 257 252 195.16206257482648
0 304 253 140.9661260500064
0 320 255 122.03988529547792
0 318 256 117.79262123718081
0 249 257 235.08351788980474
0 330 259 317.39620788588036
0 344 261 165.27632225758816
0 346 262 192.01949905038725
0 319 263 321.52154369748655
0 326 264 195.3148326998712
0 331 265 296.2489681214646
0 343 266 228.8396436765602
0 244 267 141.4876223748447
0 280 268 131.93832975003917
0 322 269 113.09686952138267
0 329 270 158.76932033656732
0 334 271 107.19669212020213
0 355 272 206.70606356058778
0 351 274 131.78755494383137
0 247 275 116.83750429334172
0 315 277 479.7556214606164
0 359 279 143.47690074728123
0 350 281 170.03784628663084
0 339 282 383.2108876447315
0 356 283 478.273664399431
0 373 285 232.8318199297975
0 347 286 243.69495890414942
0 362 287 417.6815932740611
0 342 288 227.040166862969
0 345 290 128.4199278340888
0 358 291 382.41719567372894
0 349 292 112.6123390443573
0 325 294 260.4577800533235
0 367 296 438.7680601782118
0 364 297 126.09620437047711
0 390 298 218.14508977678938
0 370 299 361.36714651249224
0 366 300 105.46322918504696
0 363 301 109.66942125530356
0 369 302 162.01081249158065
0 387 303 188.94382583290698
0 379 304 364.35768966276225
0 407 308 433.0661089735643
0 403 309 226.37188372458112
0 389 310 272.7357127105935
0 409 311 325.9108515047128
0 383 312 191.54751663331916
0 384 313 107.98630058514085
0 381 314 208.28417058821302
0 301 315 146.72731119214032
0 386 316 196.8184727543016
0 314 319 125.4212250917566
0 420 320 271.14079034979414
0 402 322 211.25368134107654
0 397 323 232.646480149279
0 404 324 139.3345843967871
0 408 325 156.14304741477554
0 428 326 162.23623775362805
0 406 327 293.2499885075171
0 424 328 145.16407473781337
0 426 330 267.0471313734159
0 398 331 298.5348899819586
0 434 333 302.7605043116244
0 419 334 195.35870398163559
0 328 335 168.90570306383168
0 417 336 266.1095309667755
0 441 339 248.45590427262536
0 414 340 142.30612344432876
0 429 341 197.8414486944307
0 435 342 189.68361447270624
0 452 343 303.44963550609845
0 444 344 238.1299185873572
0 442 345 206.428890764447
0 447 348 225.18784259012753
0 427 349 115.3471945732996
0 440 350 211.3828654829404
0 437 351 131.3179030326398
0 438 352 181.66105603949998
0 479 353 223.7121714682314
0 464 355 200.94703921339297
0 439 356 148.32627399418675
0 283 358 195.74475035836102
0 446 360 205.73865751030857
0 457 361 201.04805600225336
0 360 362 147.078675690041
0 474 363 147.28655860875207
0 445 365 112.30967697710719
0 449 367 120.50350380058433
0 467 369 163.48958306941333
0 458 370 108.75164993841028
0 482 371 183.28203570769202
0 462 373 136.5510245142437
0 459 374 163.2831947385668
0 450 375 215.19646926874415
0 472 376 208.47196441073876
0 489 377 302.85956438210144
0 502 378 340.02510279967356
0 463 379 128.54467116908177
0 465 380 118.09023027615176
0 471 381 209.63648150119633
0 480 383 169.46759859009458
0 476 384 257.1446263181998
0 498 385 183.77044292520836
0 495 386 416.5427176101675
0 456 387 190.69315278658817
0 477 388 137.21392018402474
0 478 389 118.83779731379178
0 451 390 207.8028423921754
0 497 391 196.0809558370645
0 487 392 176.23346342249445
0 481 393 117.53716398531677
0 501 394 194.99257789491156
0 491 395 127.4689991134192
0 496 396 159.20660579815078
0 433 397 343.90464184320837
0 499 398 143.551700749596
0 493 399 227.6596154655109
0 528 400 259.8615829327179
0 484 401 108.32126030941762
0 504 402 148.19711437601268
0 488 403 171.4565556326795
0 490 404 398.7188022952238
0 526 405 232.00616370363747
0 506 406 136.1120262923154
0 507 407 259.5032302531365
0 513 409 105.62986655625947
0 509 410 322.62390991799515
0 515 411 117.30552735661549
0 517 412 374.53126431862677
0 473 413 432.47383798318776
0 510 414 108.34181871909678
0 516 415 266.2349284716079
0 371 417 189.482731339715
0 511 418 103.94884669815019
0 518 420 147.14896735680284
0 519 421 173.81223961392774
0 514 422 348.4197177228135
0 520 423 198.1522718656215
0 521 424 115.81146051371528
0 530 427 103.83649141278877
0 532 429 298.87871598354366
0 557 430 229.1217710473811
0 535 431 128.05677321694668
0 563 432 261.4148567799408
0 542 433 103.41800839587832
0 492 434 239.20925229001023
0 539 435 103.42688299911289
0 536 436 119.02284333732152
0 534 437 125.31894032797778
0 541 439 118.83388324963882
0 570 440 244.30927055610988
0 546 441 467.2613121833261
0 544 442 112.59510009237954
0 549 443 137.4580542033463
0 548 444 136.39920966386975
0 553 445 130.88237393557537
0 533 446 415.41646437649115
0 573 447 340.04198735839196
0 561 449 157.87668612849512
0 551 450 172.6505035686339
0 555 451 122.97113253730885
0 436 452 219.50698113359368
0 558 453 116.12744159872695
0 556 454 106.92179202108709
0 559 457 141.39603121949114
0 569 458 308.9911073883598
0 583 461 309.66785472358754
0 572 464 137.35826540284825
0 581 465 111.92287861110412
0 576 466 123.52267981790412
0 578 467 109.08513296777897
0 592 470 422.9046409197761
0 579 471 140.36386879573251
0 597 472 198.24885778247025
0 500 473 168.42948976972428
0 552 475 262.98619273644215
0 595 476 385.23939264899593
0 580 479 224.1208925419146
0 590 480 121.2281860538584
0 585 482 150.17427313392048
0 589 487 205.9834746338613
0 588 488 109.07259452581857
0 591 489 112.79796327568275
0 594 490 188.40213753998736
0 618 491 197.630630433241
0 593 492 160.32098567708059
0 603 493 192.75201107715242
0 623 494 121.40375581928389
0 622 496 329.6120610095681
0 598 497 117.10282259049578
0 599 498 247.14645783892158
0 615 499 212.3938313533416
0 619 500 263.7577855258785
0 584 502 222.17623167370962
0 606 503 189.24326566256343
0 612 504 112.97085622416492
0 633 505 176.77791650040498
0 605 509 157.34721469848097
0 629 512 280.6468964009427
0 630 513 202.44392048594602
0 614 514 177.12251046415594
0 628 516 478.2367182842306
0 642 518 237.44507463848365
0 650 519 146.82649431031686
0 617 520 203.38187567995885
0 626 521 167.85583613431297
0 639 523 241.5776979008771
0 637 524 234.11655385204475
0 627 526 143.35154974812338
0 645 527 139.94184193023
0 659 529 311.4457387923349
0 649 531 128.7269667668955
0 648 533 158.32441942247672
0 621 535 240.31892949515554
0 663 537 202.98696856652296
0 671 538 295.5045992672278
0 636 539 203.88873532582372
0 644 540 121.22385017656244
0 638 541 194.97213806503945
0 631 543 119.46264787824978
0 643 544 116.5766093785394
0 661 546 337.58468181690137
0 676 548 286.308285051323
0 646 549 206.21441389098064
0 653 550 144.8813800592005
0 655 551 217.0667909422844
0 620 554 104.25840090539647
0 656 555 112.30903041475753
0 658 556 188.9594244228348
0 681 557 213.40820226415596
0 660 559 163.61919398031114
0 670 560 211.94241006254285
0 690 561 270.39477983787
0 651 562 112.53380515046314
0 666 563 211.85086860642133
0 616 564 110.26073432953372
0 665 565 104.96093403956195
0 662 566 190.4792267122076
0 693 568 182.55826593534036
0 697 569 255.18124030600973
0 674 570 241.721724634998
0 675 571 217.87188773294602
0 669 572 168.43616906569076
0 673 574 202.09033178187005
0 664 576 112.12474832070673
0 698 577 147.41443316071206
0 647 578 142.31474234339663
0 680 580 250.93217402775502
0 704 581 196.93280835809782
0 679 582 183.9364794175679
0 677 583 184.21611982842438
0 683 584 104.2573124591881
0 684 585 126.56570710219334
0 682 586 133.70444199535748
0 688 587 214.54464007521307
0 692 588 113.98819707060153
0 708 589 127.98986408394477
0 705 590 153.9260500223404
0 703 593 127.72934305008903
0 706 595 231.62215357233262
0 701 596 171.73483835411827
0 719 599 222.8791088032461
0 700 600 125.37434337555669
0 710 602 203.3861410804227
0 709 603 129.41726877924376
0 713 604 253.52908180042166
0 712 607 276.421061441892
0 687 610 105.07571090691503
0 686 611 108.10098075070871
0 685 612 108.18601719695103
0 722 613 126.94400893204592
0 691 614 123.69455704507631
0 696 615 115.49590627115352
0 678 616 110.85053315862999
0 702 617 106.40194442182447
0 694 619 104.46855908596386
0 699 620 106.90501818196647
0 707 621 107.12188892719867
0 733 624 103.39872795995156
0 711 625 109.09641861168613
0 739 626 159.70767313285455
0 717 628 113.9434662409898
0 721 629 107.30710601571485
0 727 630 104.83183757591573
0 718 631 109.132369478664
0 725 632 127.09070494625475
0 729 634 128.8972912249172
0 724 635 110.66979794990748
0 743 637 233.69383826914728
0 744 640 144.79442813151138
0 755 645 106.80642337796161
0 749 646 110.87706748504613
0 746 648 103.46180965862175
0 764 650 115.03196917838392
0 802 658 121.542824186515
0 759 661 225.31243954551047
0 751 666 199.9316449215847
0 782 667 144.65199731340633
0 761 669 482.6881618418731
0 814 671 171.074688430271
0 825 673 491.56613232941095
0 794 674 167.205017301814
0 816 676 316.1581950288594
0 822 679 486.0236609390562

0 832.0 302.0
0 837.0 302.0
0 842.0 305.0
0 890.0 307.0
0 904.0 308.0
0 812.0 311.0
0 831.0 312.0
0 822.0 313.0
0 853.0 315.0
0 794.0 316.0
0 811.0 316.0
0 888.0 317.0
0 877.0 321.0
0 890.0 325.0
0 906.0 328.0
0 761.0 331.0
0 723.0 332.0
0 777.0 332.0
0 918.0 332.0
0 718.0 333.0
0 662.0 335.0
0 712.0 335.0
0 697.0 336.0
0 670.0 338.0
0 768.0 341.0
0 659.0 343.0
0 729.0 343.0
0 734.0 343.0
0 620.0 345.0
0 750.0 345.0
0 745.0 346.0
0 690.0 347.0
0 660.0 348.0
0 760.0 349.0
0 895.0 349.0
0 904.0 350.0
0 632.0 352.0
0 645.0 352.0
0 703.0 352.0
0 673.0 355.0
0 617.0 357.0
0 1076.0 357.0
0 726.0 358.0
0 735.0 358.0
0 1061.0 358.0
0 685.0 359.0
0 706.0 359.0
0 993.0 360.0
0 1012.0 360.0
0 601.0 362.0
0 750.0 362.0
0 714.0 363.0
0 911.0 363.0
0 1065.0 364.0
0 618.0 365.0
0 1000.0 365.0
0 1080.0 366.0
0 729.0 367.0
0 632.0 368.0
0 646.0 368.0
0 704.0 368.0
0 744.0 368.0
0 1020.0 368.0
0 1072.0 368.0
0 583.0 369.0
0 672.0 371.0
0 989.0 372.0
0 743.0 373.0
0 601.0 376.0
0 618.0 376.0
0 728.0 376.0
0 686.0 378.0
0 739.0 378.0
0 884.0 378.0
0 989.0 378.0
0 1085.0 378.0
0 717.0 379.0
0 646.0 380.0
0 580.0 381.0
0 946.0 383.0
0 986.0 384.0
0 599.0 385.0
0 879.0 385.0
0 975.0 385.0
0 1016.0 385.0
0 1076.0 385.0
0 963.0 386.0
0 754.0 387.0
0 899.0 387.0
0 767.0 389.0
0 988.0 389.0
0 747.0 390.0
0 779.0 390.0
0 784.0 390.0
0 685.0 391.0
0 716.0 391.0
0 791.0 391.0
0 908.0 391.0
0 797.0 392.0
0 993.0 392.0
0 805.0 393.0
0 810.0 393.0
0 818.0 393.0
0 936.0 393.0
0 1093.0 393.0
0 1081.0 394.0
0 746.0 395.0
0 785.0 395.0
0 833.0 396.0
0 839.0 396.0
0 844.0 396.0
0 954.0 396.0
0 1014.0 396.0
0 728.0 397.0
0 852.0 397.0
0 962.0 397.0
0 857.0 398.0
0 1067.0 398.0
0 1073.0 398.0
0 865.0 399.0
0 908.0 399.0
0 974.0 399.0
0 1031.0 399.0
0 1052.0 399.0
0 1061.0 399.0
0 746.0 400.0
0 804.0 400.0
0 1046.0 400.0
0 640.0 401.0
0 649.0 401.0
0 654.0 401.0
0 773.0 401.0
0 876.0 401.0
0 943.0 401.0
0 751.0 402.0
0 809.0 402.0
0 825.0 402.0
0 830.0 402.0
0 993.0 402.0
0 756.0 403.0
0 762.0 403.0
0 767.0 403.0
0 961.0 403.0
0 1102.0 403.0
0 785.0 405.0
0 1007.0 405.0
0 632.0 406.0
0 795.0 406.0
0 870.0 406.0
0 1074.0 406.0
0 612.0 407.0
0 660.0 407.0
0 923.0 407.0
0 1015.0 407.0
0 621.0 408.0
0 728.0 408.0
0 733.0 408.0
0 805.0 408.0
0 810.0 408.0
0 1061.0 408.0
0 679.0 409.0
0 685.0 409.0
0 739.0 409.0
0 816.0 409.0
0 822.0 409.0
0 1029.0 409.0
0 1045.0 409.0
0 839.0 410.0
0 856.0 410.0
0 722.0 411.0
0 847.0 411.0
0 869.0 411.0
0 582.0 412.0
0 600.0 412.0
0 660.0 412.0
0 877.0 412.0
0 694.0 413.0
0 961.0 414.0
0 714.0 415.0
0 744.0 415.0
0 864.0 415.0
0 1104.0 415.0
0 895.0 416.0
0 925.0 418.0
0 1091.0 418.0
0 668.0 419.0
0 1010.0 419.0
0 631.0 420.0
0 704.0 420.0
0 732.0 420.0
0 945.0 420.0
0 595.0 421.0
0 639.0 421.0
0 646.0 421.0
0 682.0 421.0
0 908.0 422.0
0 1054.0 422.0
0 577.0 423.0
0 653.0 423.0
0 658.0 423.0
0 980.0 423.0
0 881.0 425.0
0 609.0 426.0
0 894.0 426.0
0 998.0 426.0
0 698.0 427.0
0 928.0 427.0
0 1012.0 427.0
0 876.0 428.0
0 902.0 428.0
0 1029.0 428.0
0 1103.0 428.0
0 722.0 429.0
0 745.0 429.0
0 596.0 430.0
0 975.0 431.0
0 1037.0 431.0
0 666.0 432.0
0 682.0 432.0
0 917.0 432.0
0 1042.0 432.0
0 1071.0 432.0
0 576.0 433.0
0 936.0 433.0
0 951.0 433.0
0 992.0 433.0
0 1053.0 433.0
0 1094.0 433.0
0 1102.0 433.0
0 900.0 435.0
0 1013.0 435.0
0 926.0 436.0
0 699.0 437.0
0 708.0 437.0
0 607.0 438.0
0 969.0 438.0
0 989.0 438.0
0 575.0 439.0
0 580.0 440.0
0 1029.0 440.0
0 1102.0 440.0
0 775.0 441.0
0 785.0 441.0
0 589.0 443.0
0 748.0 443.0
0 768.0 443.0
0 799.0 443.0
0 880.0 443.0
0 1022.0 443.0
0 1051.0 443.0
0 575.0 444.0
0 677.0 444.0
0 691.0 444.0
0 755.0 444.0
0 894.0 444.0
0 900.0 444.0
0 919.0 444.0
0 682.0 445.0
0 739.0 446.0
0 826.0 448.0
0 976.0 448.0
0 981.0 448.0
0 987.0 448.0
0 732.0 449.0
0 846.0 449.0
0 938.0 449.0
0 968.0 449.0
0 583.0 450.0
0 707.0 450.0
0 874.0 450.0
0 889.0 450.0
0 907.0 450.0
0 994.0 450.0
0 1011.0 450.0
0 1033.0 451.0
0 593.0 452.0
0 999.0 452.0
0 725.0 453.0
0 841.0 453.0
0 1024.0 453.0
0 1100.0 453.0
0 960.0 454.0
0 747.0 455.0
0 756.0 455.0
0 765.0 455.0
0 1005.0 455.0
0 775.0 456.0
0 784.0 456.0
0 847.0 457.0
0 738.0 458.0
0 938.0 458.0
0 729.0 459.0
0 946.0 459.0
0 793.0 460.0
0 708.0 462.0
0 720.0 462.0
0 762.0 462.0
0 954.0 462.0
0 1013.0 463.0
0 802.0 464.0
0 878.0 465.0
0 896.0 466.0
0 938.0 466.0
0 1031.0 466.0
0 811.0 467.0
0 653.0 468.0
0 705.0 468.0
0 774.0 468.0
0 760.0 470.0
0 1016.0 470.0
0 796.0 471.0
0 820.0 471.0
0 869.0 472.0
0 927.0 472.0
0 941.0 472.0
0 653.0 473.0
0 888.0 473.0
0 1019.0 475.0
0 583.0 476.0
0 673.0 476.0
0 829.0 476.0
0 999.0 476.0
0 1032.0 476.0
0 894.0 477.0
0 1043.0 477.0
0 1095.0 477.0
0 810.0 478.0
0 947.0 479.0
0 765.0 480.0
0 940.0 480.0
0 1019.0 480.0
0 699.0 481.0
0 838.0 481.0
0 821.0 483.0
0 1073.0 483.0
0 662.0 484.0
0 946.0 484.0
0 684.0 485.0
0 972.0 485.0
0 1019.0 485.0
0 1063.0 485.0
0 1078.0 486.0
0 879.0 487.0
0 820.0 488.0
0 846.0 488.0
0 831.0 489.0
0 584.0 490.0
0 678.0 490.0
0 1019.0 490.0
0 1059.0 490.0
0 950.0 492.0
0 1073.0 492.0
0 1082.0 492.0
0 854.0 494.0
0 661.0 495.0
0 839.0 495.0
0 907.0 495.0
0 983.0 495.0
0 602.0 497.0
0 671.0 497.0
0 952.0 497.0
0 1018.0 498.0
0 655.0 500.0
0 835.0 500.0
0 907.0 500.0
0 1056.0 501.0
0 1074.0 501.0
0 1084.0 501.0
0 943.0 503.0
0 1016.0 503.0
0 900.0 505.0
0 850.0 506.0
0 1064.0 506.0
0 1074.0 506.0
0 1094.0 506.0
0 663.0 507.0
0 738.0 508.0
0 749.0 508.0
0 790.0 508.0
0 961.0 508.0
0 1084.0 508.0
0 719.0 510.0
0 757.0 510.0
0 1008.0 510.0
0 727.0 511.0
0 847.0 511.0
0 767.0 513.0
0 914.0 513.0
0 967.0 513.0
0 1076.0 513.0
0 703.0 515.0
0 739.0 515.0
0 999.0 515.0
0 1095.0 515.0
0 750.0 516.0
0 975.0 516.0
0 992.0 516.0
0 784.0 517.0
0 984.0 517.0
0 724.0 518.0
0 853.0 518.0
0 1051.0 518.0
0 714.0 521.0
0 699.0 522.0
0 1099.0 522.0
0 795.0 524.0
0 1047.0 525.0
0 817.0 526.0
0 703.0 527.0
0 1077.0 527.0
0 1099.0 527.0
0 691.0 529.0
0 754.0 529.0
0 760.0 529.0
0 920.0 529.0
0 746.0 530.0
0 768.0 530.0
0 585.0 531.0
0 951.0 531.0
0 734.0 532.0
0 1046.0 532.0
0 1097.0 532.0
0 776.0 533.0
0 728.0 534.0
0 697.0 535.0
0 585.0 536.0
0 786.0 536.0
0 984.0 536.0
0 757.0 538.0
0 1096.0 538.0
0 811.0 539.0
0 718.0 540.0
0 820.0 540.0
0 1019.0 540.0
0 646.0 541.0
0 1001.0 541.0
0 1048.0 544.0
0 666.0 546.0
0 733.0 546.0
0 674.0 547.0
0 827.0 547.0
0 754.0 548.0
0 685.0 549.0
0 1088.0 549.0
0 1051.0 551.0
0 1056.0 553.0
0 741.0 554.0
0 812.0 555.0
0 824.0 555.0
0 1072.0 556.0
0 927.0 558.0
0 670.0 559.0
0 586.0 560.0
0 679.0 560.0
0 703.0 560.0
0 837.0 560.0
0 778.0 562.0
0 721.0 563.0
0 765.0 563.0
0 927.0 564.0
0 783.0 565.0
0 841.0 567.0
0 835.0 568.0
0 748.0 570.0
0 657.0 573.0
0 1067.0 573.0
0 665.0 575.0
0 676.0 575.0
0 748.0 575.0
0 606.0 576.0
0 826.0 576.0
0 720.0 577.0
0 842.0 577.0
0 587.0 579.0
0 749.0 580.0
0 641.0 582.0
0 796.0 584.0
0 782.0 585.0
0 604.0 588.0
0 752.0 589.0
0 737.0 590.0
0 407.0 592.0
0 657.0 594.0
0 920.0 594.0
0 925.0 594.0
0 589.0 595.0
0 641.0 595.0
0 722.0 595.0
0 675.0 596.0
0 667.0 598.0
0 760.0 598.0
0 924.0 599.0
0 724.0 600.0
0 782.0 603.0
0 849.0 603.0
0 606.0 604.0
0 834.0 604.0
0 750.0 606.0
0 659.0 610.0
0 773.0 610.0
0 793.0 610.0
0 587.0 611.0
0 644.0 611.0
0 669.0 613.0
0 734.0 615.0
0 856.0 617.0
0 679.0 618.0
0 822.0 618.0
0 786.0 619.0
0 1080.0 619.0
0 605.0 620.0
0 764.0 621.0
0 828.0 621.0
0 917.0 621.0
0 670.0 622.0
0 847.0 622.0
0 663.0 624.0
0 793.0 624.0
0 741.0 625.0
0 854.0 625.0
0 647.0 628.0
0 684.0 630.0
0 588.0 631.0
0 782.0 631.0
0 818.0 631.0
0 608.0 632.0
0 675.0 633.0
0 827.0 633.0
0 845.0 635.0
0 853.0 636.0
0 768.0 638.0
0 793.0 639.0
0 909.0 639.0
0 779.0 640.0
0 63.0 641.0
0 653.0 641.0
0 842.0 644.0
0 810.0 645.0
0 850.0 645.0
0 1075.0 646.0
0 696.0 647.0
0 742.0 647.0
0 905.0 647.0
0 923.0 647.0
0 675.0 648.0
0 747.0 649.0
0 839.0 651.0
0 752.0 652.0
0 847.0 654.0
0 661.0 655.0
0 691.0 655.0
0 771.0 656.0
0 839.0 656.0
0 588.0 658.0
0 552.0 659.0
0 684.0 659.0
0 694.0 660.0
0 834.0 660.0
0 700.0 661.0
0 773.0 661.0
0 792.0 661.0
0 843.0 662.0
0 916.0 662.0
0 1072.0 663.0
0 201.0 665.0
0 1030.0 665.0
0 712.0 667.0
0 407.0 670.0
0 825.0 670.0
0 837.0 670.0
0 719.0 671.0
0 1073.0 671.0
0 673.0 672.0
0 694.0 672.0
0 705.0 672.0
0 1068.0 672.0
0 886.0 673.0
0 818.0 674.0
0 588.0 675.0
0 346.0 676.0
0 724.0 676.0
0 830.0 678.0
0 713.0 679.0
0 730.0 679.0
0 1026.0 680.0
0 1070.0 680.0
0 681.0 681.0
0 719.0 682.0
0 741.0 682.0
0 824.0 683.0
0 801.0 684.0
0 725.0 686.0
0 590.0 687.0
0 761.0 687.0
0 784.0 687.0
0 779.0 688.0
0 732.0 689.0
0 603.0 695.0
0 739.0 695.0
0 827.0 697.0
0 702.0 698.0
0 730.0 698.0
0 800.0 698.0
0 759.0 699.0
0 787.0 700.0
0 1069.0 701.0
0 590.0 702.0
0 773.0 702.0
0 706.0 703.0
0 711.0 704.0
0 450.0 705.0
0 403.0 706.0
0 369.0 708.0
0 736.0 708.0
0 264.0 709.0
0 326.0 711.0
0 113.0 713.0
0 467.0 713.0
0 1067.0 713.0
0 300.0 714.0
0 353.0 715.0
0 457.0 717.0
0 686.0 720.0
0 392.0 722.0
0 987.0 725.0
0 370.0 727.0
0 1415.0 727.0
0 1064.0 732.0
0 201.0 738.0
0 341.0 738.0
0 418.0 741.0
0 156.0 742.0
0 311.0 743.0
0 883.0 743.0
0 303.0 746.0
0 51.0 753.0
0 1062.0 759.0
0 1463.0 761.0
0 648.0 765.0
0 608.0 767.0
0 1090.0 770.0
0 647.0 771.0
0 608.0 772.0
0 647.0 776.0
0 748.0 778.0
0 1364.0 781.0
0 1222.0 782.0
0 747.0 783.0
0 852.0 783.0
0 609.0 794.0
0 1230.0 794.0
0 742.0 796.0
0 365.0 799.0
0 1326.0 799.0
0 1153.0 805.0
0 641.0 811.0
0 747.0 815.0
0 742.0 818.0
0 1264.0 822.0
0 1466.0 823.0
0 1166.0 825.0
0 615.0 828.0
0 757.0 829.0
0 1428.0 829.0
0 1375.0 832.0
0 727.0 834.0
0 166.0 837.0
0 958.0 841.0
0 1351.0 845.0
0 375.0 847.0
0 160.0 848.0
0 912.0 853.0
0 1040.0 860.0
0 1235.0 862.0
0 400.0 866.0
0 1124.0 870.0
0 854.0 874.0
0 1312.0 875.0
0 911.0 879.0
0 629.0 882.0
0 894.0 882.0
0 1383.0 884.0
0 1086.0 888.0
0 947.0 908.0
0 704.0 911.0
0 938.0 935.0
0 1054.0 937.0
1 820.0 310.0
1 827.0 310.0
1 832.0 313.0
1 884.0 319.0
1 822.0 320.0
1 893.0 320.0
1 898.0 321.0
1 845.0 325.0
1 792.0 327.0
1 868.0 329.0
1 802.0 330.0
1 725.0 335.0
1 852.0 335.0
1 860.0 336.0
1 898.0 336.0
1 700.0 337.0
1 792.0 337.0
1 818.0 338.0
1 759.0 339.0
1 764.0 339.0
1 871.0 339.0
1 623.0 340.0
1 628.0 340.0
1 662.0 340.0
1 724.0 340.0
1 615.0 341.0
1 642.0 341.0
1 831.0 341.0
1 747.0 343.0
1 841.0 343.0
1 676.0 344.0
1 903.0 345.0
1 700.0 346.0
1 756.0 346.0
1 884.0 347.0
1 914.0 347.0
1 600.0 348.0
1 635.0 348.0
1 692.0 348.0
1 730.0 349.0
1 860.0 349.0
1 873.0 349.0
1 645.0 351.0
1 709.0 351.0
1 721.0 351.0
1 685.0 352.0
1 773.0 352.0
1 675.0 355.0
1 851.0 355.0
1 612.0 356.0
1 637.0 356.0
1 625.0 357.0
1 899.0 357.0
1 744.0 358.0
1 598.0 360.0
1 649.0 360.0
1 706.0 360.0
1 660.0 361.0
1 684.0 361.0
1 739.0 361.0
1 586.0 364.0
1 725.0 364.0
1 716.0 365.0
1 621.0 366.0
1 636.0 366.0
1 736.0 366.0
1 669.0 368.0
1 599.0 369.0
1 648.0 369.0
1 658.0 370.0
1 684.0 373.0
1 612.0 375.0
1 727.0 377.0
1 559.0 378.0
1 685.0 378.0
1 690.0 379.0
1 885.0 379.0
1 621.0 380.0
1 680.0 380.0
1 932.0 380.0
1 567.0 381.0
1 873.0 382.0
1 668.0 383.0
1 704.0 383.0
1 995.0 383.0
1 577.0 384.0
1 719.0 384.0
1 989.0 384.0
1 647.0 385.0
1 560.0 386.0
1 884.0 386.0
1 600.0 387.0
1 987.0 389.0
1 1066.0 389.0
1 865.0 391.0
1 621.0 392.0
1 1006.0 392.0
1 893.0 393.0
1 1059.0 393.0
1 576.0 394.0
1 658.0 395.0
1 1081.0 395.0
1 708.0 396.0
1 981.0 396.0
1 690.0 397.0
1 862.0 400.0
1 990.0 400.0
1 559.0 401.0
1 1064.0 401.0
1 943.0 403.0
1 953.0 405.0
1 705.0 406.0
1 691.0 407.0
1 871.0 407.0
1 891.0 407.0
1 1074.0 407.0
1 658.0 408.0
1 980.0 408.0
1 971.0 410.0
1 686.0 411.0
1 1012.0 411.0
1 615.0 413.0
1 861.0 413.0
1 934.0 413.0
1 878.0 414.0
1 1090.0 414.0
1 629.0 415.0
1 589.0 416.0
1 624.0 416.0
1 966.0 416.0
1 697.0 417.0
1 955.0 417.0
1 608.0 418.0
1 1011.0 418.0
1 562.0 419.0
1 972.0 420.0
1 577.0 421.0
1 927.0 421.0
1 850.0 422.0
1 635.0 423.0
1 714.0 423.0
1 1079.0 423.0
1 708.0 424.0
1 719.0 424.0
1 872.0 424.0
1 863.0 425.0
1 943.0 425.0
1 985.0 425.0
1 728.0 426.0
1 650.0 427.0
1 739.0 428.0
1 952.0 428.0
1 571.0 429.0
1 665.0 429.0
1 882.0 429.0
1 1086.0 429.0
1 1095.0 429.0
1 750.0 430.0
1 1000.0 430.0
1 578.0 431.0
1 689.0 431.0
1 980.0 431.0
1 1009.0 431.0
1 607.0 432.0
1 706.0 432.0
1 759.0 432.0
1 869.0 432.0
1 875.0 432.0
1 615.0 433.0
1 843.0 433.0
1 1074.0 433.0
1 621.0 434.0
1 771.0 434.0
1 929.0 434.0
1 556.0 435.0
1 643.0 435.0
1 779.0 435.0
1 1016.0 435.0
1 1021.0 435.0
1 588.0 436.0
1 633.0 437.0
1 962.0 437.0
1 656.0 438.0
1 713.0 439.0
1 1011.0 439.0
1 1095.0 439.0
1 572.0 440.0
1 687.0 440.0
1 799.0 440.0
1 952.0 440.0
1 728.0 441.0
1 805.0 441.0
1 996.0 441.0
1 1001.0 441.0
1 1006.0 441.0
1 766.0 442.0
1 1072.0 442.0
1 814.0 443.0
1 879.0 443.0
1 699.0 444.0
1 747.0 444.0
1 821.0 444.0
1 1066.0 444.0
1 1080.0 444.0
1 1111.0 444.0
1 787.0 445.0
1 826.0 445.0
1 978.0 445.0
1 1017.0 445.0
1 1059.0 445.0
1 677.0 446.0
1 901.0 446.0
1 1035.0 446.0
1 1051.0 446.0
1 641.0 447.0
1 757.0 447.0
1 831.0 447.0
1 586.0 448.0
1 766.0 449.0
1 839.0 449.0
1 1006.0 449.0
1 771.0 450.0
1 992.0 450.0
1 706.0 451.0
1 922.0 451.0
1 780.0 452.0
1 785.0 452.0
1 830.0 452.0
1 554.0 453.0
1 695.0 453.0
1 619.0 454.0
1 800.0 454.0
1 1068.0 454.0
1 671.0 456.0
1 807.0 456.0
1 1015.0 456.0
1 1095.0 456.0
1 1111.0 456.0
1 812.0 457.0
1 819.0 457.0
1 904.0 457.0
1 1001.0 457.0
1 1034.0 457.0
1 1052.0 457.0
1 566.0 458.0
1 832.0 458.0
1 960.0 458.0
1 575.0 459.0
1 648.0 459.0
1 653.0 461.0
1 686.0 461.0
1 708.0 462.0
1 840.0 462.0
1 925.0 462.0
1 658.0 463.0
1 829.0 463.0
1 1076.0 463.0
1 665.0 464.0
1 999.0 465.0
1 1031.0 465.0
1 1090.0 465.0
1 709.0 467.0
1 860.0 467.0
1 867.0 467.0
1 903.0 467.0
1 961.0 470.0
1 1088.0 470.0
1 1102.0 470.0
1 876.0 471.0
1 767.0 473.0
1 1042.0 474.0
1 845.0 475.0
1 1088.0 475.0
1 858.0 477.0
1 779.0 478.0
1 839.0 478.0
1 867.0 479.0
1 975.0 479.0
1 952.0 480.0
1 1020.0 480.0
1 675.0 481.0
1 738.0 481.0
1 908.0 481.0
1 584.0 482.0
1 751.0 482.0
1 887.0 482.0
1 760.0 483.0
1 919.0 483.0
1 1000.0 483.0
1 925.0 484.0
1 1029.0 484.0
1 1042.0 485.0
1 774.0 486.0
1 894.0 486.0
1 1063.0 486.0
1 1089.0 486.0
1 1105.0 486.0
1 865.0 487.0
1 697.0 488.0
1 941.0 488.0
1 968.0 488.0
1 631.0 489.0
1 723.0 489.0
1 1015.0 489.0
1 706.0 490.0
1 734.0 490.0
1 788.0 490.0
1 755.0 491.0
1 780.0 491.0
1 663.0 492.0
1 687.0 492.0
1 743.0 492.0
1 844.0 492.0
1 984.0 492.0
1 650.0 494.0
1 677.0 494.0
1 771.0 494.0
1 799.0 494.0
1 888.0 494.0
1 682.0 495.0
1 866.0 496.0
1 999.0 496.0
1 840.0 497.0
1 1004.0 497.0
1 634.0 498.0
1 671.0 498.0
1 807.0 498.0
1 938.0 498.0
1 642.0 499.0
1 853.0 499.0
1 786.0 500.0
1 895.0 501.0
1 980.0 501.0
1 825.0 502.0
1 875.0 502.0
1 968.0 502.0
1 1000.0 502.0
1 815.0 503.0
1 848.0 503.0
1 687.0 505.0
1 820.0 505.0
1 661.0 506.0
1 802.0 508.0
1 936.0 508.0
1 954.0 508.0
1 910.0 509.0
1 959.0 509.0
1 729.0 510.0
1 793.0 510.0
1 918.0 510.0
1 931.0 510.0
1 1012.0 510.0
1 652.0 511.0
1 682.0 512.0
1 687.0 512.0
1 968.0 512.0
1 692.0 513.0
1 700.0 513.0
1 674.0 514.0
1 1000.0 514.0
1 634.0 515.0
1 709.0 515.0
1 738.0 515.0
1 863.0 515.0
1 924.0 515.0
1 666.0 516.0
1 842.0 516.0
1 714.0 517.0
1 719.0 517.0
1 911.0 517.0
1 748.0 518.0
1 571.0 519.0
1 727.0 519.0
1 976.0 519.0
1 876.0 520.0
1 992.0 521.0
1 682.0 522.0
1 737.0 522.0
1 809.0 522.0
1 757.0 523.0
1 823.0 523.0
1 916.0 523.0
1 656.0 524.0
1 833.0 524.0
1 897.0 524.0
1 697.0 525.0
1 851.0 525.0
1 1012.0 525.0
1 651.0 526.0
1 745.0 526.0
1 984.0 527.0
1 917.0 528.0
1 1005.0 528.0
1 673.0 529.0
1 711.0 530.0
1 818.0 530.0
1 845.0 530.0
1 856.0 530.0
1 648.0 531.0
1 688.0 531.0
1 724.0 531.0
1 755.0 531.0
1 1025.0 531.0
1 988.0 532.0
1 1030.0 532.0
1 1095.0 532.0
1 916.0 533.0
1 701.0 534.0
1 1086.0 534.0
1 765.0 535.0
1 860.0 535.0
1 1011.0 535.0
1 1058.0 535.0
1 998.0 536.0
1 1053.0 536.0
1 717.0 537.0
1 736.0 538.0
1 916.0 538.0
1 827.0 539.0
1 1067.0 540.0
1 778.0 541.0
1 730.0 543.0
1 763.0 543.0
1 916.0 543.0
1 704.0 544.0
1 858.0 544.0
1 991.0 544.0
1 1047.0 544.0
1 751.0 545.0
1 1072.0 545.0
1 1012.0 546.0
1 1086.0 546.0
1 676.0 548.0
1 742.0 548.0
1 764.0 548.0
1 836.0 548.0
1 574.0 549.0
1 1059.0 549.0
1 1073.0 550.0
1 871.0 551.0
1 919.0 551.0
1 992.0 551.0
1 776.0 552.0
1 764.0 553.0
1 791.0 555.0
1 1044.0 555.0
1 920.0 556.0
1 992.0 556.0
1 842.0 557.0
1 1072.0 559.0
1 606.0 560.0
1 651.0 560.0
1 759.0 560.0
1 772.0 560.0
1 673.0 562.0
1 678.0 562.0
1 875.0 562.0
1 990.0 562.0
1 862.0 564.0
1 1083.0 564.0
1 602.0 565.0
1 767.0 565.0
1 1060.0 565.0
1 929.0 566.0
1 781.0 568.0
1 1072.0 568.0
1 626.0 569.0
1 986.0 569.0
1 1008.0 569.0
1 831.0 571.0
1 882.0 571.0
1 657.0 572.0
1 675.0 572.0
1 708.0 572.0
1 776.0 572.0
1 1092.0 572.0
1 665.0 573.0
1 938.0 573.0
1 1064.0 573.0
1 810.0 574.0
1 982.0 574.0
1 1085.0 574.0
1 790.0 575.0
1 855.0 575.0
1 1036.0 575.0
1 575.0 576.0
1 614.0 576.0
1 977.0 576.0
1 643.0 577.0
1 694.0 577.0
1 1092.0 577.0
1 950.0 578.0
1 595.0 579.0
1 665.0 579.0
1 670.0 579.0
1 704.0 579.0
1 967.0 579.0
1 677.0 580.0
1 784.0 580.0
1 962.0 580.0
1 577.0 581.0
1 689.0 581.0
1 726.0 581.0
1 800.0 581.0
1 654.0 582.0
1 607.0 583.0
1 1030.0 583.0
1 761.0 584.0
1 766.0 584.0
1 1091.0 584.0
1 883.0 585.0
1 924.0 585.0
1 803.0 586.0
1 1069.0 586.0
1 720.0 587.0
1 632.0 588.0
1 685.0 590.0
1 698.0 590.0
1 1028.0 591.0
1 1088.0 591.0
1 672.0 592.0
1 638.0 593.0
1 713.0 593.0
1 944.0 593.0
1 591.0 594.0
1 874.0 594.0
1 731.0 595.0
1 746.0 595.0
1 792.0 595.0
1 811.0 595.0
1 960.0 595.0
1 828.0 596.0
1 1089.0 596.0
1 696.0 598.0
1 610.0 599.0
1 660.0 599.0
1 1029.0 599.0
1 797.0 600.0
1 781.0 601.0
1 976.0 601.0
1 1086.0 602.0
1 616.0 603.0
1 995.0 603.0
1 868.0 604.0
1 625.0 606.0
1 740.0 606.0
1 710.0 607.0
1 787.0 608.0
1 1034.0 608.0
1 1077.0 608.0
1 821.0 609.0
1 894.0 609.0
1 588.0 610.0
1 1039.0 612.0
1 337.0 613.0
1 613.0 613.0
1 650.0 613.0
1 750.0 613.0
1 622.0 615.0
1 671.0 615.0
1 1048.0 615.0
1 1056.0 615.0
1 1061.0 615.0
1 757.0 616.0
1 874.0 617.0
1 710.0 618.0
1 658.0 620.0
1 809.0 620.0
1 847.0 622.0
1 710.0 623.0
1 764.0 623.0
1 404.0 625.0
1 602.0 625.0
1 748.0 625.0
1 304.0 627.0
1 464.0 628.0
1 610.0 628.0
1 815.0 628.0
1 620.0 629.0
1 670.0 629.0
1 712.0 631.0
1 1053.0 640.0
1 661.0 641.0
1 779.0 644.0
1 586.0 645.0
1 603.0 646.0
1 721.0 646.0
1 335.0 647.0
1 622.0 647.0
1 673.0 647.0
1 686.0 649.0
1 614.0 650.0
1 774.0 654.0
1 676.0 655.0
1 711.0 655.0
1 736.0 655.0
1 779.0 655.0
1 784.0 655.0
1 703.0 656.0
1 614.0 659.0
1 653.0 660.0
1 1056.0 661.0
1 326.0 662.0
1 721.0 663.0
1 777.0 663.0
1 1078.0 664.0
1 617.0 666.0
1 735.0 668.0
1 741.0 669.0
1 755.0 669.0
1 760.0 669.0
1 746.0 670.0
1 679.0 671.0
1 1449.0 672.0
1 617.0 673.0
1 721.0 673.0
1 186.0 674.0
1 593.0 675.0
1 883.0 677.0
1 733.0 678.0
1 522.0 680.0
1 595.0 680.0
1 769.0 680.0
1 789.0 680.0
1 878.0 681.0
1 628.0 682.0
1 633.0 682.0
1 623.0 684.0
1 618.0 687.0
1 778.0 688.0
1 875.0 688.0
1 905.0 688.0
1 685.0 690.0
1 795.0 690.0
1 735.0 691.0
1 740.0 691.0
1 1072.0 691.0
1 767.0 693.0
1 690.0 694.0
1 724.0 694.0
1 758.0 695.0
1 1072.0 696.0
1 676.0 697.0
1 623.0 698.0
1 645.0 699.0
1 774.0 699.0
1 606.0 701.0
1 553.0 702.0
1 724.0 702.0
1 738.0 702.0
1 795.0 702.0
1 895.0 703.0
1 782.0 704.0
1 643.0 705.0
1 383.0 707.0
1 715.0 709.0
1 634.0 711.0
1 614.0 712.0
1 647.0 713.0
1 793.0 714.0
1 719.0 718.0
1 784.0 718.0
1 661.0 719.0
1 747.0 719.0
1 856.0 719.0
1 1013.0 719.0
1 1058.0 719.0
1 654.0 720.0
1 737.0 720.0
1 620.0 721.0
1 742.0 721.0
1 792.0 721.0
1 662.0 724.0
1 654.0 725.0
1 667.0 726.0
1 1059.0 727.0
1 789.0 729.0
1 678.0 730.0
1 92.0 731.0
1 659.0 731.0
1 673.0 731.0
1 777.0 731.0
1 629.0 732.0
1 1009.0 732.0
1 1054.0 734.0
1 331.0 735.0
1 362.0 736.0
1 408.0 736.0
1 667.0 736.0
1 677.0 736.0
1 784.0 737.0
1 204.0 738.0
1 689.0 738.0
1 770.0 739.0
1 264.0 740.0
1 399.0 740.0
1 285.0 741.0
1 779.0 742.0
1 762.0 743.0
1 314.0 744.0
1 643.0 744.0
1 680.0 745.0
1 421.0 748.0
1 708.0 748.0
1 773.0 748.0
1 746.0 750.0
1 736.0 751.0
1 411.0 752.0
1 767.0 752.0
1 707.0 754.0
1 747.0 759.0
1 326.0 760.0
1 728.0 760.0
1 739.0 760.0
1 407.0 764.0
1 1088.0 765.0
1 1251.0 765.0
1 167.0 766.0
1 124.0 769.0
1 756.0 770.0
1 71.0 772.0
1 295.0 774.0
1 688.0 774.0
1 599.0 776.0
1 26.0 777.0
1 265.0 778.0
1 1343.0 780.0
1 368.0 781.0
1 93.0 782.0
1 257.0 782.0
1 718.0 782.0
1 1151.0 782.0
1 723.0 783.0
1 953.0 789.0
1 128.0 796.0
1 1190.0 801.0
1 492.0 806.0
1 37.0 809.0
1 717.0 819.0
1 1442.0 822.0
1 1083.0 828.0
1 634.0 843.0
1 1160.0 845.0
1 1468.0 851.0
1 1049.0 860.0
1 503.0 861.0
1 787.0 862.0
1 716.0 871.0
1 1334.0 878.0
1 1191.0 885.0
1 135.0 886.0
1 108.0 889.0
1 124.0 889.0
1 257.0 892.0
1 408.0 895.0
1 1356.0 895.0
1 236.0 899.0
1 389.0 899.0
1 434.0 899.0
1 540.0 899.0
1 556.0 899.0
1 325.0 900.0
1 726.0 901.0
1 758.0 901.0
1 1199.0 902.0
1 207.0 903.0
1 84.0 905.0
1 413.0 905.0
1 547.0 907.0
1 245.0 910.0
1 258.0 910.0
1 289.0 912.0
1 473.0 912.0
1 560.0 913.0
1 1175.0 913.0
1 1035.0 914.0
1 808.0 916.0
1 505.0 917.0
1 819.0 917.0
1 27.0 919.0
1 1237.0 919.0
1 215.0 920.0
1 875.0 921.0
1 423.0 923.0
1 441.0 923.0
1 812.0 924.0
1 301.0 925.0
1 489.0 925.0
1 263.0 927.0
1 984.0 927.0
1 360.0 930.0
1 810.0 935.0
1 208.0 938.0
1 368.0 938.0
1 318.0 940.0
1 169.0 941.0
1 963.0 942.0
1 446.0 943.0
1 245.0 944.0
1 633.0 944.0
1 714.0 945.0
1 358.0 946.0
1 1224.0 947.0
1 969.0 948.0
1 924.0 949.0
1 805.0 952.0
1 62.0 956.0
1 90.0 957.0
1 690.0 957.0
1 609.0 958.0
1 618.0 958.0
1 927.0 958.0
1 156.0 959.0
1 213.0 959.0
1 826.0 961.0
1 968.0 962.0
1 786.0 966.0
1 953.0 966.0
1 347.0 967.0
1 1207.0 967.0
1 925.0 968.0
1 368.0 976.0
1 543.0 976.0
1 581.0 976.0
1 290.0 982.0
1 1199.0 982.0
1 748.0 983.0
1 1151.0 987.0
1 907.0 989.0
