0 623 0 139.82363796636693
0 147 1 113.59009405845539
0 754 3 323.50336307467893
0 103 4 109.19915359867012
0 23 5 110.84265296165152
0 673 6 246.3192396898182
0 151 10 422.9504047434776
0 310 11 218.40788856693618
0 390 16 149.25149696603557
0 956 18 179.30808937650923
0 204 19 107.05034568387586
0 501 22 305.8650699732314
0 56 24 123.41834624634889
0 63 25 155.40731671236568
0 388 31 106.53104965164344
0 733 35 371.77597024589596
0 1016 40 404.3534010938514
0 798 42 354.19506318353655
0 395 43 323.2165810263887
0 801 50 126.95369167002453
0 971 55 113.53134509531888
0 9 59 122.10007681645816
0 1008 61 193.58026104441535
0 473 64 179.78289809472446
0 210 65 162.55558860604347
0 421 69 230.02916151425987
0 982 72 139.33018728154417
0 737 75 349.9130077865435
0 331 76 467.1849019100465
0 437 79 175.9662575384109
0 625 86 435.50160692494967
0 396 87 247.15293851440853
0 481 88 195.51647581224182
0 76 92 465.5130819991832
0 26 96 343.6569259539163
0 555 98 259.82924620289
0 729 99 324.7119300147093
0 176 102 113.81178485270596
0 345 108 224.90121907170493
0 976 109 430.9667053158276
0 782 112 432.4628852793354
0 756 114 359.67984468170766
0 337 115 377.2476097128373
0 678 116 260.6432649510242
0 539 121 495.87886725191856
0 192 124 132.053009427064
0 153 125 121.34911104620724
0 779 126 438.26308520883737
0 552 133 341.1426066318717
0 441 135 252.83670556371484
0 264 141 161.28025864494603
0 949 144 497.63693719487156
0 811 148 113.35581457100407
0 214 157 230.0357533234576
0 402 159 353.1053433514311
0 598 160 114.19257928631681
0 466 162 135.74025586510587
0 427 165 230.7102192777723
0 939 168 119.18476313070336
0 190 171 131.62840767610396
0 498 176 110.79720990369147
0 817 185 238.27133439744773
0 776 187 261.383822330463
0 681 189 463.17537458242936
0 163 195 272.7087807780902
0 356 196 137.5796236843508
0 407 198 196.11593286719042
0 354 200 268.6757595993857
0 738 208 130.607801506723
0 920 209 286.985559733521
0 911 210 258.59076092091465
0 436 214 413.6605591064436
0 122 215 113.10328926988747
0 443 216 321.4097785898862
0 72 217 106.98110131152664
0 209 218 198.65851281678445
0 49 221 120.4378462713994
0 348 222 184.33738063877018
0 728 226 105.08999338411982
0 175 235 366.1308550148555
0 97 236 319.7258819886133
0 168 246 273.18046963086266
0 759 251 211.32390321321054
0 18 255 210.48156337223833
0 343 256 195.48963890288113
0 893 258 366.3767158878723
0 768 260 418.7690328318357
0 746 269 131.68774307994804
0 668 275 292.75470657725526
0 767 283 109.8173639720947
0 525 284 311.21103999391573
0 619 286 315.8819629240273
0 860 294 296.6151794227349
0 532 297 144.74264920931347
0 1023 301 169.92063652826337
0 781 306 288.41998442651845
0 33 309 214.44757548388452
0 121 314 179.8566375485696
0 995 316 256.8697417556087
0 453 317 200.70046275234228
0 630 318 452.1030389302944
0 414 320 433.58866889772736
0 43 321 110.10369709239941
0 220 324 106.09983007297312
0 136 329 217.40665334581578
0 221 330 231.6626917540908
0 326 331 240.59880898167583
0 474 332 249.09920032272458
0 813 333 123.21788956479021
0 378 340 218.77311810205907
0 286 344 348.85476905693673
0 662 347 118.91930206177062
0 871 353 353.46819743653003
0 160 355 169.81551614264117
0 785 357 311.7130181381866
0 386 361 331.45119603504367
0 1009 362 441.39725149098246
0 490 363 174.38820432874658
0 379 364 314.2405397293206
0 510 365 310.0651503603488
0 773 368 139.11648693642772
0 530 370 255.04924726703894
0 108 377 227.335367586272
0 52 378 308.32691568165933
0 84 383 154.87157465171651
0 475 386 216.70823944421517
0 736 387 275.48744985846497
0 162 388 209.25825843542393
0 554 389 372.91938192247835
0 55 390 170.15205984585805
0 24 396 276.4217218180792
0 288 405 119.1061326551345
0 843 409 241.17196826322984
0 150 414 144.7165052496472
0 415 415 282.9604019918793
0 943 419 231.43479101439817
0 145 424 124.7484800541073
0 868 425 268.7610869329279
0 146 427 117.04778274503343
0 1018 432 132.24035385760962
0 8 434 105.99364652809098
0 376 435 265.46960829852026
0 789 437 255.8229350534969
0 60 438 249.93610525396858
0 547 440 263.2696216079483
0 723 442 309.347419396831
0 874 447 332.54733689047566
0 361 451 478.1945303481595
0 25 461 391.2778601432296
0 961 463 496.03497183359167
0 57 470 443.24486625449236
0 646 474 322.8980190826289
0 648 475 251.5941275264531
0 29 480 161.97450920723975
0 183 481 175.86796015709564
0 921 483 144.78649337271813
0 714 484 402.02861646317973
0 359 485 121.50544884485126
0 645 486 336.0170624050977
0 257 487 413.92695653804407
0 1 490 143.83378765375537
0 233 492 436.4295775366915
0 316 495 173.51329861939922
0 1015 500 150.12830135732062
0 372 504 116.06521235468081
0 450 510 277.6783003334265
0 583 511 217.50848835491502
0 752 517 162.18595665764926
0 93 518 108.6342633766477
0 641 519 202.0499550851996
0 535 520 486.7683870967274
0 633 521 451.12194198544876
0 716 522 280.3979503820513
0 166 524 367.3851098719599
0 74 530 248.85938075944375
0 113 534 388.31550384717184
0 904 535 167.8585400046864
0 106 536 338.6305309328155
0 599 538 276.6284607070052
0 802 540 348.7686144302118
0 285 542 447.65776834789204
0 327 543 332.5964841017577
0 16 546 206.66674919926442
0 593 547 108.23978199806632
0 848 550 363.5796564447278
0 676 560 461.4549906332196
0 869 563 145.81856291515862
0 562 567 316.3555823398283
0 888 569 154.82889767526163
0 572 571 483.2420263355881
0 403 572 206.5475353608226
0 568 573 367.6038212162979
0 237 575 270.6771609385473
0 406 577 211.2594271904772
0 276 582 442.65008027662043
0 258 588 108.35613516977729
0 590 590 406.172203103581
0 854 601 197.61226398170925
0 144 603 116.65964019896064
0 438 607 401.8335319981009
0 512 608 144.65805885990534
0 409 609 367.42996592934145
0 266 610 242.9638456002525
0 131 613 119.79035066411852
0 816 614 172.9453176356493
0 105 619 293.8231642352618
0 903 620 249.9005891959492
0 117 621 158.70687113294738
0 334 623 108.2206863400831
0 325 626 108.90831546509978
0 353 631 118.72394875426022
0 451 636 306.9951242255687
0 420 644 392.57672866843745
0 1012 648 321.7465413219495
0 878 649 122.31970943446326
0 216 657 194.86441260872783
0 296 661 409.3789443651856
0 907 662 382.8965199931168
0 360 663 176.9897134822713
0 130 669 160.24677896372853
0 744 671 295.50361034818235
0 784 672 278.76191227844265
0 840 674 133.2604277305208
0 711 676 276.3529002679816
0 620 677 147.9638149919625
0 919 678 156.95710889045748
0 355 680 449.4561495228156
0 199 682 153.95856634366098
0 50 683 193.43409409282458
0 610 684 225.6454136314194
0 833 686 299.2288050701124
0 761 688 305.10264279463655
0 931 691 285.59148482934995
0 225 693 143.3875082773448
0 576 694 193.7278122907092
0 248 699 145.4242989892721
0 347 700 260.4514319521373
0 727 702 357.2052841514738
0 706 703 225.1776269171376
0 561 707 215.11943032871807
0 321 708 112.82346552614015
0 915 709 135.23285068904028
0 41 715 381.0416450194328
0 157 718 447.33516776519275
0 156 724 154.9698239017901
0 917 725 205.33495621374414
0 584 726 215.4540889775277
0 560 730 209.35047222417197
0 280 733 173.72043453882668
0 369 737 110.86142520085569
0 953 740 234.3880917797018
0 462 743 489.7979941370677
0 974 745 455.7623503093137
0 894 747 313.4515641642617
0 203 750 316.48111187435916
0 892 753 173.7303644604254
0 429 754 490.59830759360494
0 489 761 250.83993741417063
0 317 764 217.52529621184516
0 92 766 265.8993505384602
0 15 768 365.1555106713621
0 322 775 421.3521079608894
0 783 779 132.27067196373258
0 772 781 410.19571513952815
0 249 782 221.08592550619025
0 300 783 142.29235227255185
0 898 797 262.3205130139523
0 800 800 161.18815575819184
0 763 801 333.4654629573774
0 127 802 106.04161427175214
0 410 803 256.51697941040845
0 825 807 149.71210439395844
0 985 808 175.50505304103024
0 344 809 105.50250383641959
0 960 810 284.01290492520826
0 37 811 135.44329477940917
0 592 814 177.99194108019572
0 346 818 359.67710728742486
0 1000 823 156.57108055425655
0 963 824 453.665225495241
0 351 825 391.0018299498372
0 31 827 398.6984304763562
0 575 833 278.3029197958132
0 698 834 222.29713444835127
0 110 837 176.65463783791068
0 235 843 133.66765885029926
0 5 847 265.30892824131877
0 42 848 389.82603624264306
0 304 849 217.35608134456658
0 578 851 328.56928689318795
0 159 852 156.1806652929548
0 810 858 497.27397955592113
0 521 863 133.02691363772743
0 928 864 288.9011685563445
0 371 868 297.34165590957826
0 546 870 107.32522149255688
0 669 871 366.72768879718933
0 377 873 453.9179511321423
0 670 878 294.9461607565095
0 519 879 290.5551398649872
0 862 882 193.07562858099354
0 256 883 453.68169502298497
0 616 889 205.6836336622672
0 899 890 351.6787060100712
0 557 893 318.821585826694
0 684 894 334.7843261013174
0 637 896 335.44714096326294
0 241 897 109.12654164378999
0 218 898 203.99911918066778
0 631 900 421.47510745724617
0 679 902 217.18947722310187
0 750 903 222.50585152882442
0 793 905 372.0135938318869
0 503 908 111.52455163745607
0 179 910 187.45057098114367
0 366 915 222.40190836064383
0 504 924 155.3241991005255
0 329 926 388.3647628041302
0 148 929 315.0212820170266
0 283 930 279.92610926821794
0 997 934 293.1301721796543
0 689 935 182.41842597008232
0 511 939 212.30400854216205
0 51 941 226.61196911001346
0 34 955 482.94715737499996
0 944 959 196.17635836961387
0 755 962 287.09558986158515
0 79 963 177.40355887449957
0 607 969 312.12591812665096
0 760 970 433.03738180560475
0 665 973 284.5673273693186
0 553 976 259.92144824748937
0 1022 977 174.35860875323613
0 330 978 108.27565955529911
0 881 979 482.0949033997929
0 799 980 295.08119333188756
0 385 981 230.87794899021267
0 492 991 298.2817418526281
0 107 993 388.57816777920834
0 902 999 301.05530395660924
0 1019 1000 433.18234199856846
0 908 1005 108.53908990462308
0 884 1015 381.0085889907717
0 223 1018 435.7292332321268
0 980 1020 300.0907039618367
0 542 1022 397.09330590299754

0 1951.0 1087.0
0 741.0 944.0
0 1887.0 903.0
0 1033.0 935.0
0 1508.0 151.0
0 1171.0 30.0
0 1608.0 1663.0
0 1999.0 1592.0
0 2015.0 768.0
0 1050.0 840.0
0 776.0 1591.0
0 1320.0 552.0
0 88.0 791.0
0 2248.0 991.0
0 2576.0 991.0
0 656.0 1199.0
0 1170.0 14.0
0 951.0 48.0
0 712.0 655.0
0 1552.0 163.0
0 1911.0 15.0
0 2907.0 1344.0
0 575.0 1520.0
0 840.0 1455.0
0 1186.0 16.0
0 2231.0 1360.0
0 1976.0 878.0
0 1240.0 680.0
0 2031.0 287.0
0 2144.0 1807.0
0 952.0 1263.0
0 776.0 1011.0
0 2401.0 1688.0
0 1712.0 241.0
0 1055.0 904.0
0 1623.0 31.0
0 1466.0 139.0
0 1152.0 1511.0
0 2928.0 1632.0
0 1447.0 97.0
0 1159.0 1071.0
0 1720.0 88.0
0 720.0 1591.0
0 2127.0 1687.0
0 1343.0 1128.0
0 520.0 415.0
0 1024.0 1434.0
0 792.0 567.0
0 2031.0 768.0
0 1327.0 615.0
0 943.0 1550.0
0 1460.0 150.0
0 2712.0 1688.0
0 1952.0 1727.0
0 247.0 1239.0
0 1941.0 856.0
0 1024.0 1264.0
0 2719.0 865.0
0 1239.0 208.0
0 2019.0 858.0
0 2751.0 1734.0
0 2103.0 1648.0
0 2046.0 1127.0
0 1183.0 895.0
0 2006.0 239.0
0 2160.0 144.0
0 64.0 616.0
0 840.0 1439.0
0 1087.0 1079.0
0 752.0 1583.0
0 2744.0 192.0
0 880.0 910.0
0 2152.0 224.0
0 1543.0 1071.0
0 1727.0 1808.0
0 1911.0 408.0
0 711.0 1064.0
0 671.0 23.0
0 1559.0 54.0
0 1623.0 832.0
0 1748.0 895.0
0 701.0 1048.0
0 984.0 1959.0
0 1384.0 1511.0
0 2824.0 783.0
0 2263.0 1128.0
0 881.0 1457.0
0 1305.0 888.0
0 1887.0 1287.0
0 1046.0 933.0
0 2691.0 874.0
0 2271.0 760.0
0 704.0 583.0
0 1175.0 1160.0
0 2543.0 1063.0
0 543.0 304.0
0 1357.0 1253.0
0 495.0 1215.0
0 1407.0 856.0
0 1463.0 1584.0
0 1434.0 21.0
0 2552.0 983.0
0 1203.0 34.0
0 1672.0 1703.0
0 2415.0 1912.0
0 1287.0 1480.0
0 2312.0 159.0
0 1903.0 887.0
0 1248.0 673.0
0 1521.0 879.0
0 1344.0 1527.0
0 1040.0 1224.0
0 647.0 775.0
0 1742.0 63.0
0 1432.0 1560.0
0 2184.0 215.0
0 1535.0 96.0
0 1666.0 811.0
0 1287.0 584.0
0 1447.0 735.0
0 2272.0 1711.0
0 1663.0 223.0
0 2081.0 1784.0
0 993.0 1424.0
0 1203.0 17.0
0 2480.0 289.0
0 2432.0 1935.0
0 1943.0 23.0
0 2512.0 1775.0
0 2280.0 1743.0
0 1689.0 898.0
0 728.0 1472.0
0 1519.0 279.0
0 2632.0 991.0
0 928.0 927.0
0 655.0 840.0
0 552.0 1063.0
0 2026.0 1720.0
0 1471.0 1240.0
0 1671.0 1504.0
0 1605.0 1488.0
0 1744.0 869.0
0 1896.0 150.0
0 1248.0 1807.0
0 1136.0 79.0
0 480.0 1815.0
0 1687.0 1064.0
0 896.0 960.0
0 1576.0 193.0
0 2824.0 1839.0
0 1984.0 1711.0
0 1231.0 1152.0
0 1157.0 887.0
0 775.0 1408.0
0 536.0 695.0
0 615.0 992.0
0 1026.0 1470.0
0 2064.0 1126.0
0 2824.0 1727.0
0 688.0 703.0
0 767.0 183.0
0 2216.0 1594.0
0 781.0 880.0
0 1512.0 1519.0
0 567.0 1328.0
0 1175.0 864.0
0 2768.0 1776.0
0 1005.0 1441.0
0 2111.0 1320.0
0 880.0 655.0
0 631.0 1159.0
0 1704.0 207.0
0 2136.0 1847.0
0 119.0 127.0
0 2263.0 1728.0
0 1640.0 1064.0
0 1470.0 23.0
0 2272.0 1847.0
0 1520.0 118.0
0 1630.0 1592.0
0 2512.0 1631.0
0 1006.0 804.0
0 943.0 1976.0
0 816.0 1008.0
0 2952.0 1615.0
0 2047.0 1968.0
0 943.0 1119.0
0 1111.0 1008.0
0 1848.0 799.0
0 1879.0 64.0
0 1464.0 272.0
0 288.0 505.0
0 2016.0 1663.0
0 2896.0 879.0
0 1750.0 48.0
0 814.0 1272.0
0 2960.0 886.0
0 1503.0 880.0
0 1456.0 770.0
0 1024.0 839.0
0 1565.0 847.0
0 519.0 1262.0
0 1311.0 639.0
0 2439.0 784.0
0 1799.0 111.0
0 1512.0 857.0
0 2040.0 1608.0
0 328.0 39.0
0 2035.0 980.0
0 2016.0 1185.0
0 1448.0 1584.0
0 120.0 544.0
0 2936.0 1615.0
0 1263.0 912.0
0 1207.0 1082.0
0 2028.0 1002.0
0 1063.0 933.0
0 1412.0 22.0
0 1502.0 786.0
0 2479.0 1567.0
0 1558.0 19.0
0 591.0 816.0
0 1504.0 983.0
0 973.0 23.0
0 15.0 960.0
0 2247.0 1120.0
0 1728.0 1309.0
0 1728.0 1632.0
0 336.0 1768.0
0 2608.0 1207.0
0 2080.0 1959.0
0 2190.0 1175.0
0 1583.0 1760.0
0 1543.0 105.0
0 1751.0 1600.0
0 2839.0 1271.0
0 2152.0 1672.0
0 1522.0 152.0
0 2303.0 120.0
0 2648.0 1183.0
0 79.0 1255.0
0 1560.0 887.0
0 2223.0 1112.0
0 1609.0 814.0
0 881.0 862.0
0 2560.0 1680.0
0 1295.0 663.0
0 1614.0 40.0
0 967.0 503.0
0 1632.0 1047.0
0 1431.0 1320.0
0 1359.0 872.0
0 848.0 960.0
0 2359.0 1617.0
0 1136.0 1224.0
0 2120.0 1120.0
0 1615.0 1168.0
0 56.0 1255.0
0 2176.0 1985.0
0 1160.0 1471.0
0 1376.0 1166.0
0 400.0 1007.0
0 1039.0 1624.0
0 878.0 847.0
0 2895.0 1345.0
0 824.0 1463.0
0 1575.0 1752.0
0 2840.0 1087.0
0 2383.0 167.0
0 1137.0 240.0
0 1311.0 752.0
0 2287.0 760.0
0 821.0 972.0
0 2512.0 912.0
0 775.0 847.0
0 2357.0 954.0
0 860.0 869.0
0 2352.0 55.0
0 2135.0 1800.0
0 2566.0 992.0
0 1311.0 711.0
0 2248.0 232.0
0 575.0 1063.0
0 1655.0 831.0
0 1751.0 1808.0
0 2408.0 767.0
0 1919.0 1944.0
0 1431.0 1752.0
0 1471.0 1936.0
0 1687.0 1111.0
0 1527.0 1407.0
0 559.0 504.0
0 392.0 1519.0
0 2912.0 1743.0
0 916.0 1442.0
0 1693.0 813.0
0 823.0 632.0
0 1046.0 1463.0
0 1471.0 1856.0
0 194.0 1169.0
0 1391.0 743.0
0 1263.0 794.0
0 1328.0 1142.0
0 487.0 1840.0
0 247.0 135.0
0 1047.0 1904.0
0 2024.0 1150.0
0 1189.0 926.0
0 927.0 1216.0
0 2583.0 1055.0
0 2728.0 1774.0
0 1015.0 1031.0
0 2359.0 552.0
0 1968.0 888.0
0 1024.0 949.0
0 2047.0 968.0
0 1367.0 1392.0
0 1656.0 31.0
0 1480.0 1456.0
0 2232.0 80.0
0 1919.0 1815.0
0 817.0 1234.0
0 2463.0 1335.0
0 72.0 783.0
0 674.0 669.0
0 2792.0 1695.0
0 639.0 1816.0
0 1602.0 829.0
0 191.0 543.0
0 2223.0 1096.0
0 664.0 879.0
0 617.0 1503.0
0 1547.0 43.0
0 1708.0 827.0
0 2616.0 903.0
0 1400.0 1512.0
0 231.0 1040.0
0 1513.0 1045.0
0 2975.0 287.0
0 2764.0 859.0
0 2656.0 1608.0
0 23.0 440.0
0 2312.0 1327.0
0 888.0 1439.0
0 111.0 104.0
0 1336.0 455.0
0 864.0 151.0
0 1447.0 840.0
0 1344.0 487.0
0 1711.0 768.0
0 987.0 824.0
0 1624.0 863.0
0 1311.0 1935.0
0 1280.0 1520.0
0 2895.0 48.0
0 624.0 711.0
0 248.0 359.0
0 847.0 1615.0
0 887.0 924.0
0 999.0 905.0
0 55.0 1047.0
0 1624.0 231.0
0 1183.0 232.0
0 2391.0 1111.0
0 496.0 1951.0
0 2808.0 71.0
0 866.0 744.0
0 1127.0 1448.0
0 1706.0 880.0
0 216.0 63.0
0 2432.0 1248.0
0 1806.0 893.0
0 592.0 1280.0
0 2007.0 31.0
0 1653.0 1720.0
0 319.0 1488.0
0 1377.0 488.0
0 1271.0 599.0
0 2879.0 1616.0
0 2525.0 197.0
0 1460.0 126.0
0 2231.0 1303.0
0 1728.0 111.0
0 743.0 1559.0
0 1248.0 1272.0
0 790.0 1032.0
0 1640.0 207.0
0 751.0 568.0
0 1015.0 136.0
0 606.0 631.0
0 1718.0 840.0
0 2440.0 1264.0
0 2408.0 207.0
0 1551.0 863.0
0 2352.0 1815.0
0 847.0 1224.0
0 1170.0 896.0
0 823.0 120.0
0 1367.0 857.0
0 2768.0 1280.0
0 2648.0 734.0
0 639.0 1119.0
0 1038.0 751.0
0 1376.0 351.0
0 734.0 760.0
0 2073.0 985.0
0 343.0 40.0
0 895.0 1143.0
0 1303.0 1984.0
0 2535.0 856.0
0 2544.0 1087.0
0 1793.0 568.0
0 656.0 991.0
0 1781.0 96.0
0 1763.0 876.0
0 761.0 964.0
0 1824.0 1863.0
0 2047.0 1671.0
0 1919.0 24.0
0 971.0 873.0
0 80.0 127.0
0 1473.0 736.0
0 1951.0 127.0
0 990.0 918.0
0 2228.0 961.0
0 2254.0 1213.0
0 744.0 1440.0
0 1635.0 78.0
0 2424.0 1367.0
0 320.0 1231.0
0 1728.0 1759.0
0 2247.0 1696.0
0 782.0 936.0
0 1687.0 1544.0
0 2172.0 840.0
0 1399.0 1456.0
0 2720.0 936.0
0 1056.0 1455.0
0 416.0 120.0
0 931.0 952.0
0 2022.0 1119.0
0 472.0 935.0
0 1464.0 1631.0
0 2936.0 1625.0
0 2519.0 184.0
0 912.0 895.0
0 96.0 1047.0
0 2096.0 1823.0
0 1904.0 1639.0
0 1991.0 1599.0
0 1608.0 847.0
0 968.0 199.0
0 1385.0 791.0
0 824.0 1448.0
0 2048.0 399.0
0 1384.0 1496.0
0 2600.0 894.0
0 263.0 359.0
0 2064.0 1816.0
0 560.0 1207.0
0 2055.0 40.0
0 920.0 39.0
0 1778.0 864.0
0 1175.0 1083.0
0 167.0 95.0
0 2258.0 1006.0
0 1256.0 543.0
0 2632.0 1791.0
0 2624.0 1703.0
0 1536.0 1704.0
0 1008.0 919.0
0 2688.0 975.0
0 2511.0 903.0
0 1887.0 1615.0
0 1236.0 79.0
0 775.0 1577.0
0 1231.0 1167.0
0 479.0 1751.0
0 2088.0 1775.0
0 1504.0 760.0
0 1815.0 1240.0
0 1344.0 784.0
0 939.0 1504.0
0 1536.0 799.0
0 1905.0 1839.0
0 1218.0 34.0
0 1144.0 1520.0
0 1456.0 535.0
0 2335.0 1278.0
0 1695.0 1776.0
0 2310.0 977.0
0 1200.0 696.0
0 744.0 640.0
0 2767.0 952.0
0 2871.0 791.0
0 839.0 167.0
0 1944.0 262.0
0 870.0 896.0
0 1607.0 1511.0
0 1696.0 1592.0
0 352.0 143.0
0 1200.0 1184.0
0 1263.0 1512.0
0 1800.0 1575.0
0 692.0 617.0
0 1839.0 1616.0
0 989.0 754.0
0 1032.0 1671.0
0 303.0 1023.0
0 2552.0 1306.0
0 2375.0 992.0
0 2329.0 127.0
0 1661.0 797.0
0 1631.0 1536.0
0 2200.0 1775.0
0 1976.0 1687.0
0 472.0 1840.0
0 1218.0 19.0
0 1589.0 875.0
0 383.0 1472.0
0 1936.0 1967.0
0 2528.0 975.0
0 999.0 144.0
0 866.0 882.0
0 1735.0 1736.0
0 856.0 1455.0
0 103.0 776.0
0 2544.0 943.0
0 1728.0 1719.0
0 1399.0 1288.0
0 1112.0 144.0
0 287.0 103.0
0 1720.0 1536.0
0 855.0 1439.0
0 2552.0 1712.0
0 1277.0 902.0
0 1240.0 943.0
0 1576.0 935.0
0 1998.0 248.0
0 1672.0 1648.0
0 1960.0 239.0
0 1351.0 80.0
0 1002.0 938.0
0 2464.0 23.0
0 1416.0 1215.0
0 2535.0 1624.0
0 1212.0 1495.0
0 2137.0 1222.0
0 1071.0 1224.0
0 1949.0 1215.0
0 2400.0 199.0
0 984.0 1539.0
0 1751.0 1728.0
0 749.0 599.0
0 759.0 576.0
0 2296.0 216.0
0 2184.0 1839.0
0 1370.0 824.0
0 2888.0 1240.0
0 1000.0 1031.0
0 263.0 103.0
0 1463.0 1216.0
0 1953.0 892.0
0 1256.0 827.0
0 2064.0 345.0
0 768.0 880.0
0 2848.0 1079.0
0 392.0 143.0
0 2743.0 1023.0
0 951.0 1831.0
0 2194.0 1310.0
0 655.0 1566.0
0 1264.0 303.0
0 1175.0 464.0
0 2928.0 1663.0
0 2005.0 1120.0
0 1683.0 799.0
0 1339.0 214.0
0 1967.0 72.0
0 2622.0 1752.0
0 1599.0 1375.0
0 2839.0 927.0
0 1119.0 1190.0
0 1444.0 789.0
0 1359.0 742.0
0 2152.0 1287.0
0 824.0 1520.0
0 224.0 1239.0
0 1695.0 841.0
0 631.0 1088.0
0 1167.0 1616.0
0 2287.0 216.0
0 1831.0 902.0
0 1679.0 1656.0
0 1680.0 223.0
0 664.0 159.0
0 712.0 1615.0
0 152.0 95.0
0 2040.0 1823.0
0 1279.0 1495.0
0 1552.0 802.0
0 1535.0 1312.0
0 2600.0 1168.0
0 1632.0 831.0
0 976.0 850.0
0 1703.0 1111.0
0 111.0 1047.0
0 2687.0 1592.0
0 1335.0 826.0
0 216.0 135.0
0 551.0 927.0
0 2071.0 1328.0
0 167.0 983.0
0 1326.0 920.0
0 1415.0 367.0
0 1528.0 1907.0
0 992.0 327.0
0 2408.0 1848.0
0 959.0 182.0
0 1992.0 312.0
0 804.0 989.0
0 1479.0 367.0
0 1135.0 1856.0
0 832.0 1143.0
0 2136.0 631.0
0 1832.0 167.0
0 2912.0 919.0
0 2015.0 1199.0
0 487.0 943.0
0 2471.0 1623.0
0 1600.0 735.0
0 1492.0 25.0
0 1840.0 879.0
0 2175.0 1759.0
0 2040.0 1729.0
0 823.0 1768.0
0 1325.0 793.0
0 1483.0 923.0
0 2528.0 1783.0
0 1722.0 806.0
0 544.0 559.0
0 1470.0 1919.0
0 1640.0 1543.0
0 2719.0 1984.0
0 1112.0 998.0
0 376.0 983.0
0 1719.0 1592.0
0 1487.0 736.0
0 1367.0 1440.0
0 1605.0 21.0
0 2592.0 1240.0
0 2648.0 847.0
0 568.0 151.0
0 942.0 1458.0
0 751.0 1068.0
0 1791.0 855.0
0 504.0 1224.0
0 1772.0 849.0
0 1816.0 1615.0
0 1549.0 919.0
0 1055.0 1744.0
0 1302.0 744.0
0 2183.0 1224.0
0 603.0 815.0
0 2903.0 1128.0
0 1328.0 424.0
0 2904.0 1119.0
0 616.0 863.0
0 1175.0 1071.0
0 1734.0 853.0
0 1461.0 247.0
0 504.0 1262.0
0 2016.0 1499.0
0 1054.0 751.0
0 2708.0 876.0
0 896.0 1192.0
0 2128.0 1881.0
0 2216.0 191.0
0 1736.0 897.0
0 2167.0 48.0
0 1058.0 856.0
0 1047.0 1672.0
0 1095.0 1271.0
0 1328.0 455.0
0 1816.0 1639.0
0 2312.0 182.0
0 830.0 1544.0
0 1047.0 1216.0
0 1432.0 895.0
0 624.0 1119.0
0 1087.0 902.0
0 1568.0 906.0
0 1480.0 65.0
0 2174.0 918.0
0 2887.0 239.0
0 319.0 816.0
0 1583.0 736.0
0 1303.0 1312.0
0 1210.0 1176.0
0 2951.0 863.0
0 1482.0 776.0
0 1469.0 768.0
0 639.0 799.0
0 2808.0 911.0
0 2191.0 1894.0
0 383.0 1807.0
0 608.0 1591.0
0 1160.0 864.0
0 1370.0 768.0
0 735.0 1592.0
0 1231.0 695.0
0 687.0 895.0
0 264.0 982.0
0 1997.0 1751.0
0 1496.0 819.0
0 848.0 1512.0
0 1152.0 1084.0
0 2081.0 1799.0
0 2120.0 1696.0
0 599.0 1447.0
0 656.0 22.0
0 1102.0 896.0
0 1520.0 1536.0
0 2239.0 1647.0
0 1318.0 824.0
0 2105.0 873.0
0 975.0 1336.0
0 1847.0 1024.0
0 768.0 1488.0
0 2087.0 1808.0
0 2167.0 1288.0
0 1039.0 1246.0
0 1767.0 1296.0
0 829.0 984.0
0 1552.0 723.0
0 2676.0 837.0
0 2224.0 1655.0
0 742.0 1268.0
0 1712.0 1623.0
0 2928.0 943.0
0 810.0 1048.0
0 1415.0 1808.0
0 2351.0 1664.0
0 600.0 992.0
0 2584.0 1223.0
0 2327.0 1327.0
0 159.0 304.0
0 2719.0 1264.0
0 863.0 119.0
0 2191.0 1759.0
0 1040.0 511.0
0 1359.0 79.0
0 2192.0 833.0
0 1816.0 191.0
0 1688.0 912.0
0 604.0 1524.0
0 1872.0 40.0
0 752.0 1567.0
0 1064.0 759.0
0 360.0 1119.0
0 2463.0 951.0
0 680.0 799.0
0 2919.0 1280.0
0 1581.0 1568.0
0 2424.0 335.0
0 1729.0 872.0
0 1108.0 867.0
0 1688.0 780.0
0 1888.0 231.0
0 1767.0 1712.0
0 1587.0 813.0
0 1031.0 1024.0
0 2735.0 1871.0
0 2391.0 830.0
0 1446.0 424.0
0 1704.0 16.0
0 2919.0 1735.0
0 2502.0 896.0
0 2311.0 906.0
0 2304.0 263.0
0 2287.0 167.0
0 1523.0 920.0
0 913.0 1456.0
0 70.0 119.0
0 1240.0 591.0
0 1590.0 848.0
0 1392.0 1176.0
0 360.0 1191.0
0 2568.0 1295.0
0 576.0 832.0
0 541.0 272.0
0 2942.0 1568.0
0 1072.0 1001.0
0 1144.0 1600.0
0 2737.0 1207.0
0 1606.0 70.0
0 995.0 1435.0
0 2528.0 147.0
0 2913.0 1328.0
0 2320.0 1672.0
0 2478.0 814.0
0 1863.0 432.0
0 723.0 1399.0
0 665.0 823.0
0 807.0 575.0
0 2935.0 303.0
0 1734.0 87.0
0 1581.0 857.0
0 1239.0 999.0
0 788.0 768.0
0 1528.0 1623.0
0 2015.0 287.0
0 1703.0 1759.0
0 1456.0 1951.0
0 1182.0 906.0
0 2720.0 200.0
0 2023.0 1967.0
0 1519.0 1784.0
0 1264.0 607.0
0 2552.0 1605.0
0 215.0 1064.0
0 1139.0 898.0
0 1246.0 1639.0
0 1136.0 799.0
0 1239.0 760.0
0 495.0 1064.0
0 1040.0 1919.0
0 1424.0 912.0
0 2807.0 927.0
0 783.0 1416.0
0 1520.0 1632.0
0 1887.0 151.0
0 1703.0 1048.0
0 2349.0 1275.0
0 908.0 648.0
0 2575.0 799.0
0 916.0 922.0
0 1095.0 943.0
0 2560.0 752.0
0 607.0 616.0
0 2512.0 1288.0
0 1777.0 1159.0
0 2356.0 1222.0
0 1568.0 759.0
0 1192.0 1503.0
0 1775.0 1720.0
0 919.0 48.0
0 1602.0 885.0
0 1639.0 240.0
0 639.0 1496.0
0 584.0 1509.0
0 1713.0 899.0
0 679.0 143.0
0 1296.0 351.0
0 1814.0 1760.0
0 375.0 1631.0
0 1120.0 1176.0
0 807.0 1544.0
0 672.0 1303.0
0 384.0 1128.0
0 2911.0 1928.0
0 1056.0 1431.0
0 2240.0 1658.0
0 1430.0 855.0
0 1384.0 879.0
0 2200.0 760.0
0 1144.0 231.0
0 2102.0 1583.0
0 1296.0 592.0
0 1430.0 760.0
0 1600.0 743.0
0 1143.0 832.0
0 2183.0 1864.0
0 1832.0 1696.0
0 1241.0 1503.0
0 799.0 1063.0
0 1623.0 53.0
0 1999.0 1608.0
0 823.0 151.0
0 1927.0 126.0
0 743.0 1503.0
0 1976.0 72.0
0 2031.0 1072.0
0 408.0 1495.0
0 1120.0 1855.0
0 240.0 71.0
0 939.0 941.0
0 864.0 967.0
0 2448.0 1929.0
0 1887.0 1064.0
0 80.0 104.0
0 1351.0 1479.0
0 930.0 885.0
0 2592.0 1175.0
0 623.0 144.0
0 1712.0 1030.0
0 2808.0 1119.0
0 723.0 1414.0
0 735.0 1011.0
0 527.0 1887.0
0 1208.0 1062.0
0 2535.0 1088.0
0 1399.0 232.0
0 2008.0 1237.0
0 1335.0 479.0
0 736.0 1167.0
0 928.0 863.0
0 2184.0 1719.0
0 1365.0 10.0
0 935.0 1104.0
0 1213.0 864.0
0 1577.0 884.0
0 2383.0 1871.0
0 1311.0 1408.0
0 667.0 1277.0
0 1559.0 106.0
0 1943.0 1768.0
0 1384.0 103.0
0 2775.0 759.0
0 891.0 503.0
0 1976.0 120.0
0 704.0 1280.0
0 2519.0 128.0
0 104.0 1184.0
0 759.0 40.0
0 1351.0 1064.0
0 783.0 1511.0
0 1311.0 935.0
0 2103.0 1672.0
0 511.0 1201.0
0 2512.0 95.0
0 2279.0 104.0
0 399.0 1487.0
0 1062.0 783.0
0 1176.0 1415.0
0 552.0 655.0
0 2528.0 887.0
0 1158.0 741.0
0 2927.0 1815.0
0 1184.0 1479.0
0 2672.0 902.0
0 1423.0 192.0
0 2828.0 1256.0
0 1470.0 1592.0
0 2408.0 1624.0
0 1760.0 143.0
0 664.0 552.0
0 2647.0 71.0
0 912.0 206.0
0 167.0 599.0
0 536.0 119.0
0 1392.0 1575.0
0 1400.0 78.0
0 2063.0 1831.0
0 1070.0 902.0
0 2767.0 832.0
0 823.0 856.0
0 1757.0 56.0
0 1279.0 1055.0
0 750.0 1535.0
0 1640.0 791.0
0 1119.0 783.0
0 615.0 696.0
0 2184.0 183.0
0 1895.0 1624.0
0 1335.0 1808.0
0 2207.0 1096.0
0 2031.0 1607.0
0 2576.0 1023.0
0 2455.0 1200.0
0 1360.0 898.0
0 1767.0 120.0
0 1431.0 1903.0
0 1207.0 1528.0
0 2488.0 895.0
0 2096.0 1616.0
0 1120.0 1487.0
0 2376.0 1269.0
0 2137.0 1344.0
0 2759.0 888.0
0 663.0 744.0
0 1167.0 1591.0
0 1984.0 31.0
0 966.0 1530.0
0 1888.0 160.0
0 2446.0 1354.0
0 2360.0 575.0
0 1127.0 1151.0
0 1376.0 809.0
0 2152.0 744.0
0 1855.0 879.0
0 805.0 913.0
0 2296.0 1711.0
0 791.0 1495.0
0 887.0 1424.0
0 1247.0 503.0
0 927.0 1152.0
0 2116.0 1218.0
0 279.0 982.0
0 1872.0 1287.0
0 2160.0 1879.0
0 400.0 1559.0
0 911.0 1960.0
0 1504.0 1663.0
0 656.0 1487.0
0 1498.0 158.0
0 896.0 95.0
0 1743.0 1056.0
0 2599.0 1720.0
0 2393.0 1283.0
0 2431.0 830.0
0 2880.0 1775.0
0 2017.0 1088.0
0 231.0 63.0
0 1336.0 1831.0
0 1374.0 104.0
0 1096.0 1479.0
0 1063.0 1400.0
0 1759.0 1542.0
0 2165.0 911.0
0 1646.0 1711.0
0 1864.0 150.0
0 1293.0 1304.0
0 1118.0 931.0
1 839.0 1279.0
1 2231.0 941.0
1 728.0 791.0
1 750.0 891.0
1 2288.0 1607.0
1 1541.0 1016.0
1 271.0 1071.0
1 771.0 816.0
1 2089.0 847.0
1 1945.0 870.0
1 2456.0 1647.0
1 1360.0 1199.0
1 1399.0 64.0
1 1272.0 87.0
1 800.0 1452.0
1 1704.0 327.0
1 1157.0 1439.0
1 905.0 1272.0
1 1991.0 1072.0
1 936.0 792.0
1 1134.0 108.0
1 1512.0 296.0
1 385.0 35.0
1 1121.0 134.0
1 1104.0 975.0
1 856.0 135.0
1 1349.0 1193.0
1 701.0 768.0
1 801.0 870.0
1 1792.0 1231.0
1 79.0 1119.0
1 1344.0 968.0
1 609.0 671.0
1 2527.0 1007.0
1 2496.0 1024.0
1 2512.0 199.0
1 2096.0 1190.0
1 1896.0 407.0
1 1134.0 95.0
1 944.0 326.0
1 1400.0 1207.0
1 895.0 1384.0
1 1568.0 295.0
1 810.0 1184.0
1 183.0 1344.0
1 856.0 1032.0
1 762.0 1466.0
1 1149.0 110.0
1 1544.0 1087.0
1 606.0 752.0
1 1271.0 615.0
1 1335.0 287.0
1 2728.0 1600.0
1 2381.0 159.0
1 1360.0 295.0
1 1650.0 968.0
1 1134.0 122.0
1 975.0 1039.0
1 1368.0 287.0
1 1063.0 1407.0
1 592.0 112.0
1 1335.0 1168.0
1 1328.0 48.0
1 2199.0 1295.0
1 2280.0 199.0
1 1759.0 1023.0
1 2847.0 1568.0
1 848.0 993.0
1 806.0 736.0
1 55.0 847.0
1 1327.0 1856.0
1 359.0 1055.0
1 1337.0 134.0
1 654.0 544.0
1 1055.0 232.0
1 1148.0 96.0
1 705.0 526.0
1 703.0 640.0
1 705.0 679.0
1 1967.0 335.0
1 599.0 1231.0
1 960.0 1071.0
1 1040.0 911.0
1 1464.0 1215.0
1 743.0 1478.0
1 717.0 1470.0
1 1944.0 1711.0
1 1288.0 39.0
1 840.0 1623.0
1 1384.0 1527.0
1 2743.0 1616.0
1 1247.0 1487.0
1 992.0 1000.0
1 1529.0 995.0
1 552.0 1248.0
1 1040.0 1008.0
1 1201.0 120.0
1 2121.0 1679.0
1 1361.0 1176.0
1 2912.0 1223.0
1 1296.0 1383.0
1 2376.0 231.0
1 1271.0 1750.0
1 1430.0 243.0
1 1320.0 280.0
1 1776.0 406.0
1 1143.0 1055.0
1 824.0 1493.0
1 1216.0 791.0
1 2104.0 1015.0
1 1047.0 1054.0
1 1143.0 927.0
1 840.0 896.0
1 2367.0 1589.0
1 1263.0 839.0
1 1489.0 1656.0
1 679.0 615.0
1 1391.0 575.0
1 2664.0 1655.0
1 1930.0 1183.0
1 631.0 1199.0
1 890.0 1066.0
1 1970.0 985.0
1 127.0 1103.0
1 2407.0 1671.0
1 1025.0 911.0
1 2488.0 1055.0
1 714.0 1358.0
1 1623.0 103.0
1 703.0 1199.0
1 1666.0 974.0
1 1207.0 1034.0
1 1358.0 1159.0
1 713.0 808.0
1 1215.0 879.0
1 904.0 605.0
1 2183.0 1056.0
1 1624.0 1592.0
1 919.0 295.0
1 2903.0 1551.0
1 1024.0 991.0
1 791.0 945.0
1 512.0 1135.0
1 2784.0 1000.0
1 1567.0 959.0
1 2200.0 897.0
1 1542.0 184.0
1 743.0 875.0
1 479.0 1265.0
1 2672.0 1335.0
1 1696.0 991.0
1 766.0 1514.0
1 1128.0 1399.0
1 2232.0 394.0
1 2272.0 176.0
1 1496.0 1176.0
1 1262.0 961.0
1 2055.0 1664.0
1 1584.0 1576.0
1 791.0 231.0
1 624.0 568.0
1 1959.0 1141.0
1 975.0 272.0
1 798.0 1256.0
1 1040.0 983.0
1 2880.0 1727.0
1 1760.0 1719.0
1 383.0 1175.0
1 1239.0 831.0
1 1295.0 960.0
1 2072.0 359.0
1 1304.0 1671.0
1 400.0 1287.0
1 1040.0 311.0
1 2392.0 151.0
1 2695.0 1312.0
1 1150.0 138.0
1 2496.0 1007.0
1 725.0 1486.0
1 1031.0 1000.0
1 2447.0 56.0
1 1095.0 1408.0
1 1400.0 1615.0
1 1295.0 880.0
1 1174.0 489.0
1 2887.0 1407.0
1 2696.0 1032.0
1 724.0 522.0
1 1040.0 87.0
1 1383.0 1176.0
1 1624.0 305.0
1 2960.0 1055.0
1 1149.0 124.0
1 1071.0 352.0
1 1120.0 94.0
1 1990.0 1214.0
1 1656.0 1743.0
1 1190.0 456.0
1 1317.0 121.0
1 1064.0 1287.0
1 2239.0 1135.0
1 2568.0 224.0
1 1383.0 304.0
1 1016.0 599.0
1 1469.0 257.0
1 2376.0 271.0
1 2328.0 159.0
1 2160.0 1295.0
1 1254.0 1768.0
1 1438.0 929.0
1 1968.0 248.0
1 295.0 192.0
1 2824.0 1127.0
1 1334.0 695.0
1 1993.0 1163.0
1 224.0 87.0
1 1703.0 969.0
1 2288.0 384.0
1 735.0 863.0
1 1055.0 456.0
1 691.0 581.0
1 680.0 791.0
1 834.0 821.0
1 1646.0 1552.0
1 903.0 247.0
1 2151.0 880.0
1 807.0 1116.0
1 896.0 224.0
1 1496.0 1647.0
1 1896.0 1639.0
1 2952.0 127.0
1 2184.0 1871.0
1 1119.0 107.0
1 765.0 568.0
1 160.0 1207.0
1 1496.0 903.0
1 869.0 1055.0
1 1898.0 1112.0
1 2511.0 1351.0
1 528.0 1207.0
1 2888.0 919.0
1 714.0 1373.0
1 344.0 943.0
1 1288.0 1184.0
1 143.0 936.0
1 2053.0 1190.0
1 1136.0 1391.0
1 2815.0 1137.0
1 2807.0 984.0
1 919.0 1404.0
1 47.0 176.0
1 1327.0 1176.0
1 1447.0 206.0
1 1336.0 1552.0
1 2111.0 1880.0
1 632.0 991.0
1 440.0 1455.0
1 1456.0 663.0
1 1626.0 970.0
1 1808.0 1216.0
1 1719.0 369.0
1 689.0 567.0
1 79.0 839.0
1 308.0 29.0
1 1679.0 989.0
1 1904.0 1735.0
1 487.0 1095.0
1 810.0 695.0
1 2616.0 160.0
1 2760.0 1366.0
1 239.0 23.0
1 2544.0 1054.0
1 232.0 1392.0
1 520.0 111.0
1 2612.0 1584.0
1 1376.0 1163.0
1 962.0 1299.0
1 2455.0 1279.0
1 2215.0 901.0
1 2792.0 1295.0
1 826.0 926.0
1 1167.0 1487.0
1 1917.0 1124.0
1 2272.0 191.0
1 1087.0 1449.0
1 960.0 999.0
1 151.0 184.0
1 960.0 136.0
1 2012.0 968.0
1 1163.0 98.0
1 2239.0 1064.0
1 2455.0 1808.0
1 2360.0 1776.0
1 642.0 1311.0
1 1091.0 1247.0
1 2398.0 351.0
1 1224.0 902.0
1 2455.0 1168.0
1 2887.0 1153.0
1 869.0 722.0
1 48.0 191.0
1 2232.0 910.0
1 2891.0 1272.0
1 1471.0 928.0
1 607.0 1424.0
1 2440.0 1811.0
1 1031.0 167.0
1 1759.0 367.0
1 1352.0 1128.0
1 1341.0 120.0
1 1248.0 744.0
1 1336.0 1045.0
1 1095.0 38.0
1 784.0 1247.0
1 718.0 1432.0
1 2584.0 176.0
1 863.0 264.0
1 2248.0 439.0
1 1343.0 703.0
1 2047.0 1624.0
1 1040.0 920.0
1 1311.0 919.0
1 1568.0 135.0
1 2991.0 992.0
1 2144.0 375.0
1 2792.0 1022.0
1 613.0 1447.0
1 2312.0 255.0
1 1424.0 1615.0
1 800.0 1430.0
1 2110.0 1292.0
1 688.0 1064.0
1 2511.0 1024.0
1 2012.0 945.0
1 826.0 1085.0
1 1728.0 1255.0
1 1992.0 984.0
1 2080.0 375.0
1 796.0 1467.0
1 1164.0 112.0
1 2280.0 311.0
1 1512.0 1688.0
1 775.0 743.0
1 1579.0 1184.0
1 797.0 679.0
1 1200.0 832.0
1 1198.0 783.0
1 1367.0 919.0
1 1408.0 1104.0
1 2952.0 1279.0
1 696.0 96.0
1 519.0 1047.0
1 1672.0 319.0
1 1409.0 136.0
1 1450.0 952.0
1 976.0 967.0
1 2824.0 992.0
1 1623.0 1791.0
1 445.0 65.0
1 1164.0 139.0
1 618.0 751.0
1 815.0 295.0
1 2320.0 311.0
1 1357.0 1008.0
1 1415.0 280.0
1 1146.0 1016.0
1 1472.0 209.0
1 1015.0 224.0
1 1348.0 1655.0
1 736.0 1213.0
1 2903.0 1344.0
1 1224.0 784.0
1 706.0 542.0
1 1311.0 32.0
1 1456.0 123.0
1 991.0 1495.0
1 1375.0 1392.0
1 1760.0 1656.0
1 2511.0 1592.0
1 552.0 1895.0
1 2010.0 984.0
1 2543.0 175.0
1 1984.0 1576.0
1 831.0 264.0
1 1079.0 1424.0
1 1151.0 1536.0
1 1504.0 311.0
1 120.0 184.0
1 775.0 937.0
1 2216.0 1623.0
1 1120.0 121.0
1 2296.0 391.0
1 1807.0 1231.0
1 2911.0 1296.0
1 1024.0 108.0
1 2023.0 1671.0
1 1225.0 989.0
1 1136.0 1247.0
1 791.0 775.0
1 935.0 216.0
1 912.0 304.0
1 1703.0 1911.0
1 631.0 599.0
1 1216.0 479.0
1 1016.0 712.0
1 1904.0 862.0
1 1262.0 344.0
1 1336.0 919.0
1 2904.0 1400.0
1 112.0 199.0
1 665.0 728.0
1 2808.0 1575.0
1 2464.0 175.0
1 1040.0 1487.0
1 1865.0 1711.0
1 763.0 879.0
1 1984.0 1951.0
1 176.0 1359.0
1 1487.0 752.0
1 1215.0 767.0
1 1160.0 1094.0
1 752.0 1498.0
1 1952.0 1684.0
1 1240.0 1840.0
1 607.0 1807.0
1 951.0 1782.0
1 2855.0 976.0
1 1058.0 999.0
1 2463.0 1160.0
1 1576.0 1023.0
1 2246.0 1672.0
1 143.0 199.0
1 2007.0 1664.0
1 1200.0 1271.0
1 699.0 835.0
1 2520.0 135.0
1 1183.0 1185.0
1 1448.0 942.0
1 2670.0 1632.0
1 80.0 79.0
1 952.0 247.0
1 632.0 720.0
1 2359.0 160.0
1 944.0 1053.0
1 312.0 992.0
1 550.0 1464.0
1 1352.0 975.0
1 2071.0 1640.0
1 176.0 80.0
1 447.0 1472.0
1 2348.0 925.0
1 1280.0 887.0
1 2455.0 128.0
1 1551.0 144.0
1 2263.0 1768.0
1 1032.0 247.0
1 1465.0 672.0
1 733.0 969.0
1 2439.0 96.0
1 1184.0 864.0
1 2376.0 1697.0
1 2415.0 1607.0
1 592.0 935.0
1 872.0 1255.0
1 877.0 1018.0
1 2872.0 1639.0
1 784.0 800.0
1 1888.0 279.0
1 72.0 1352.0
1 2343.0 1136.0
1 1527.0 1576.0
1 711.0 1096.0
1 175.0 1207.0
1 1872.0 279.0
1 1455.0 145.0
1 1528.0 223.0
1 1495.0 72.0
1 304.0 543.0
1 1158.0 400.0
1 1135.0 137.0
1 1168.0 1103.0
1 1839.0 1239.0
1 688.0 928.0
1 1495.0 303.0
1 1310.0 1312.0
1 1200.0 1599.0
1 1199.0 1328.0
1 2911.0 1184.0
1 2183.0 1228.0
1 672.0 798.0
1 2343.0 1088.0
1 920.0 65.0
1 709.0 793.0
1 1312.0 1512.0
1 2039.0 1655.0
1 2369.0 1160.0
1 2287.0 176.0
1 952.0 272.0
1 1389.0 134.0
1 2936.0 1040.0
1 2351.0 1144.0
1 519.0 1439.0
1 1567.0 1687.0
1 1296.0 122.0
1 807.0 136.0
1 2887.0 1007.0
1 2816.0 1879.0
1 2040.0 1131.0
1 303.0 1175.0
1 2888.0 863.0
1 2583.0 279.0
1 1176.0 1415.0
1 1278.0 960.0
1 2952.0 1215.0
1 679.0 279.0
1 1768.0 607.0
1 2560.0 1728.0
1 1968.0 288.0
1 819.0 1198.0
1 1751.0 288.0
1 1568.0 1087.0
1 1375.0 983.0
1 729.0 736.0
1 1811.0 1671.0
1 2672.0 1768.0
1 1703.0 1727.0
1 1808.0 1071.0
1 842.0 1375.0
1 208.0 207.0
1 1481.0 143.0
1 2384.0 1176.0
1 1967.0 880.0
1 1038.0 1407.0
1 2989.0 22.0
1 24.0 776.0
1 1856.0 1951.0
1 967.0 1312.0
1 1168.0 928.0
1 1624.0 1687.0
1 1536.0 311.0
1 743.0 799.0
1 1048.0 487.0
1 1272.0 1263.0
1 2863.0 1863.0
1 2488.0 1143.0
1 1056.0 1008.0
1 1536.0 897.0
1 1914.0 1111.0
1 1871.0 1950.0
1 143.0 872.0
1 671.0 239.0
1 1229.0 145.0
1 2535.0 1064.0
1 1088.0 1423.0
1 592.0 599.0
1 1351.0 960.0
1 1360.0 48.0
1 2520.0 1183.0
1 2336.0 687.0
1 216.0 1055.0
1 2167.0 1240.0
1 1111.0 1000.0
1 232.0 207.0
1 1976.0 945.0
1 2904.0 39.0
1 1015.0 1080.0
1 2087.0 1024.0
1 2855.0 1384.0
1 1057.0 583.0
1 1264.0 1296.0
1 2143.0 1113.0
1 1792.0 1263.0
1 680.0 1509.0
1 1880.0 327.0
1 765.0 1441.0
1 2157.0 1222.0
1 2647.0 455.0
1 1839.0 1872.0
1 1592.0 1014.0
1 1238.0 999.0
1 2818.0 1335.0
1 741.0 1194.0
1 1325.0 133.0
1 2080.0 271.0
1 975.0 1335.0
1 134.0 1392.0
1 1535.0 1303.0
1 2935.0 871.0
1 1576.0 1719.0
1 1855.0 1896.0
1 1151.0 1584.0
1 1063.0 488.0
1 1055.0 984.0
1 2097.0 1174.0
1 2319.0 64.0
1 2208.0 239.0
1 888.0 1711.0
1 2127.0 1352.0
1 759.0 263.0
1 1864.0 335.0
1 1104.0 1431.0
1 847.0 125.0
1 2791.0 1839.0
1 2462.0 136.0
1 63.0 1119.0
1 1935.0 856.0
1 2231.0 72.0
1 2399.0 1128.0
1 2225.0 1166.0
1 2280.0 167.0
1 1840.0 1594.0
1 839.0 1501.0
1 2376.0 255.0
1 1390.0 1213.0
1 1128.0 1055.0
1 1184.0 431.0
1 1823.0 1104.0
1 318.0 542.0
1 608.0 575.0
1 1927.0 1824.0
1 2064.0 295.0
1 1825.0 1760.0
1 1360.0 326.0
1 1879.0 1095.0
1 2560.0 198.0
1 863.0 1475.0
1 1791.0 1680.0
1 1410.0 1192.0
1 2926.0 112.0
1 2162.0 1138.0
1 1519.0 1376.0
1 1104.0 1166.0
1 2279.0 72.0
1 2423.0 928.0
1 2959.0 1342.0
1 1679.0 672.0
1 744.0 825.0
1 2704.0 1135.0
1 1895.0 385.0
1 2704.0 1847.0
1 1183.0 384.0
1 400.0 1456.0
1 1775.0 992.0
1 1367.0 1280.0
1 1327.0 1887.0
1 1088.0 1463.0
1 1270.0 184.0
1 1376.0 1648.0
1 776.0 1493.0
1 2712.0 1871.0
1 2248.0 503.0
1 2760.0 1959.0
1 1479.0 114.0
1 2927.0 1400.0
1 1311.0 1040.0
1 807.0 762.0
1 2370.0 183.0
1 2552.0 1304.0
1 936.0 1782.0
1 1335.0 296.0
1 2807.0 992.0
1 2302.0 559.0
1 1389.0 971.0
1 639.0 767.0
1 1047.0 288.0
1 1184.0 1527.0
1 2799.0 1138.0
1 1960.0 1271.0
1 2256.0 859.0
1 1088.0 983.0
1 808.0 231.0
1 2768.0 1975.0
1 765.0 827.0
1 1592.0 1607.0
1 2263.0 136.0
1 2087.0 232.0
1 263.0 192.0
1 2495.0 1096.0
1 1463.0 200.0
1 1287.0 336.0
1 1288.0 799.0
1 1775.0 168.0
1 60.0 46.0
1 2304.0 328.0
1 696.0 215.0
1 910.0 56.0
1 1960.0 279.0
1 2335.0 1096.0
1 727.0 664.0
1 576.0 577.0
1 1503.0 240.0
1 1240.0 359.0
1 1145.0 439.0
1 1743.0 271.0
1 1345.0 744.0
1 636.0 680.0
1 2304.0 262.0
1 2464.0 1287.0
1 925.0 701.0
1 2512.0 1095.0
1 2503.0 856.0
1 1311.0 695.0
1 1320.0 80.0
1 1696.0 1543.0
1 1346.0 776.0
1 919.0 1591.0
1 2672.0 983.0
1 351.0 552.0
1 1960.0 295.0
1 1047.0 1416.0
1 1799.0 1271.0
1 2176.0 1799.0
1 2696.0 1831.0
1 2312.0 1640.0
1 1903.0 1759.0
1 2448.0 1839.0
1 968.0 239.0
1 2880.0 1215.0
1 849.0 392.0
1 2304.0 1975.0
1 1152.0 1510.0
1 151.0 1271.0
1 1065.0 446.0
1 1438.0 1543.0
1 2888.0 15.0
1 615.0 1176.0
1 1696.0 1712.0
1 647.0 664.0
1 1706.0 1295.0
1 1416.0 1623.0
1 1039.0 325.0
1 1231.0 528.0
1 952.0 102.0
1 1512.0 223.0
1 1224.0 350.0
1 2639.0 175.0
1 759.0 520.0
1 1776.0 463.0
1 1975.0 968.0
1 1495.0 1111.0
1 2576.0 1287.0
1 2880.0 1544.0
1 2783.0 1272.0
1 36.0 44.0
1 504.0 1215.0
1 2648.0 991.0
1 1063.0 470.0
1 2296.0 1656.0
1 2376.0 1807.0
1 656.0 280.0
1 2056.0 1206.0
1 831.0 1744.0
1 1164.0 126.0
1 311.0 1192.0
1 865.0 1032.0
1 639.0 592.0
1 1391.0 1511.0
1 1240.0 1695.0
1 2583.0 1088.0
1 1269.0 976.0
1 1367.0 1015.0
1 1383.0 991.0
1 1215.0 1088.0
1 1743.0 647.0
1 1536.0 1647.0
1 2624.0 1351.0
1 1137.0 81.0
1 1583.0 959.0
1 1352.0 1168.0
1 2184.0 1602.0
1 856.0 456.0
1 2118.0 1688.0
1 1526.0 1020.0
1 1643.0 995.0
1 1384.0 824.0
1 1255.0 1263.0
1 1006.0 1110.0
1 448.0 1624.0
1 792.0 127.0
1 2360.0 1832.0
1 1367.0 760.0
1 1927.0 1141.0
1 637.0 711.0
1 2144.0 359.0
1 1775.0 1553.0
1 839.0 1560.0
1 1215.0 512.0
1 2135.0 1695.0
1 751.0 814.0
1 1048.0 1392.0
1 1377.0 1507.0
1 2648.0 1304.0
1 1487.0 1095.0
1 720.0 1064.0
1 103.0 1111.0
1 608.0 1455.0
1 1391.0 680.0
1 1735.0 1024.0
1 691.0 1511.0
1 631.0 623.0
1 2297.0 885.0
1 946.0 1475.0
1 1856.0 327.0
1 599.0 1128.0
1 2385.0 15.0
1 1401.0 1968.0
1 543.0 1695.0
1 1679.0 1040.0
1 88.0 943.0
1 1439.0 1711.0
1 648.0 1143.0
1 1487.0 292.0
1 2903.0 871.0
1 1639.0 958.0
1 88.0 1056.0
1 1431.0 144.0
1 1319.0 647.0
1 2119.0 1872.0
1 1375.0 1071.0
1 912.0 1239.0
1 1295.0 1296.0
1 464.0 1615.0
1 2512.0 1703.0
1 297.0 15.0
1 1624.0 327.0
1 1522.0 1001.0
1 904.0 216.0
1 103.0 832.0
1 359.0 1551.0
1 1328.0 704.0
1 1947.0 960.0
1 2381.0 175.0
1 1199.0 400.0
1 827.0 1466.0
1 2040.0 1903.0
1 1093.0 1480.0
1 1695.0 1119.0
1 758.0 696.0
1 2736.0 1039.0
1 264.0 32.0
1 2592.0 967.0
1 1024.0 32.0
1 1831.0 223.0
1 2424.0 968.0
1 2015.0 1832.0
1 1200.0 991.0
1 2912.0 63.0
1 888.0 231.0
1 2240.0 383.0
1 2456.0 94.0
1 208.0 695.0
1 1048.0 975.0
1 2470.0 80.0
1 1640.0 319.0
1 1527.0 1328.0
1 1183.0 1202.0
1 831.0 1527.0
1 710.0 817.0
1 832.0 144.0
1 2927.0 1376.0
1 926.0 1391.0
1 287.0 863.0
1 2016.0 1055.0
1 2144.0 1338.0
1 463.0 1640.0
1 2952.0 1392.0
1 535.0 1176.0
1 511.0 1200.0
1 2226.0 1181.0
1 1139.0 966.0
1 8.0 1319.0
1 1173.0 1456.0
1 1479.0 1215.0
1 2007.0 1760.0
1 2000.0 1743.0
1 1904.0 1823.0
1 2311.0 1088.0
1 496.0 1623.0
1 1510.0 135.0
1 1848.0 376.0
1 2718.0 1839.0
1 2600.0 1007.0
1 1791.0 406.0
1 200.0 1392.0
1 1343.0 207.0
1 619.0 1457.0
1 2983.0 936.0
1 825.0 1504.0
1 975.0 1735.0
1 2759.0 918.0
1 1119.0 959.0
1 1232.0 1263.0
1 1727.0 280.0
1 2104.0 1871.0
1 2560.0 1239.0
1 543.0 208.0
1 728.0 1431.0
1 904.0 109.0
1 2264.0 223.0
1 240.0 192.0
1 1800.0 951.0
1 480.0 551.0
1 1847.0 1248.0
1 708.0 917.0
1 1226.0 1016.0
1 1495.0 1632.0
1 2224.0 1216.0
1 2098.0 1208.0
1 1419.0 251.0
1 2639.0 134.0
1 1391.0 720.0
1 1439.0 1552.0
1 1189.0 141.0
1 1512.0 1168.0
1 792.0 1194.0
1 731.0 1512.0
1 1016.0 71.0
1 2136.0 877.0
1 831.0 1039.0
1 1672.0 1013.0
1 2018.0 1154.0
1 1471.0 951.0
1 248.0 111.0
1 2073.0 1055.0
1 2552.0 1183.0
1 404.0 30.0
1 926.0 1040.0
1 2296.0 178.0
1 1392.0 1000.0
1 443.0 1350.0
1 2919.0 1359.0
1 1512.0 1017.0
1 1063.0 160.0
1 2151.0 392.0
1 511.0 1111.0
1 1023.0 57.0
1 2503.0 159.0
1 2984.0 1783.0
1 2215.0 136.0
1 2079.0 1264.0
1 2127.0 393.0
1 1631.0 15.0
1 1384.0 919.0
1 924.0 1004.0
1 748.0 1457.0
1 2312.0 511.0
1 2280.0 63.0
1 2872.0 1097.0
1 1847.0 1728.0
1 992.0 183.0
1 696.0 799.0
1 2248.0 175.0
1 2407.0 144.0
1 806.0 960.0
1 1423.0 63.0
1 1559.0 1087.0
1 789.0 551.0
1 1272.0 1504.0
1 737.0 1302.0
1 2799.0 1223.0
1 1509.0 1543.0
1 1159.0 1173.0
1 1272.0 1495.0
1 1127.0 912.0
1 1310.0 1647.0
1 2400.0 63.0
1 1527.0 1168.0
1 1943.0 1263.0
1 968.0 792.0
1 464.0 1158.0
1 2319.0 1096.0
1 1879.0 874.0
1 2623.0 175.0
1 1295.0 376.0
1 2343.0 1240.0
1 983.0 1220.0
1 1464.0 975.0
1 880.0 805.0
1 1231.0 1679.0
1 1928.0 1263.0
1 1576.0 1695.0
1 1016.0 304.0
1 2023.0 320.0
1 239.0 1550.0
1 399.0 656.0
1 1151.0 1103.0
1 1523.0 1181.0
1 215.0 1392.0
1 775.0 23.0
1 1432.0 79.0
1 951.0 1687.0
1 2881.0 648.0
1 800.0 927.0
1 2824.0 1640.0
1 2288.0 1895.0
1 1367.0 1320.0
1 2744.0 911.0
1 1200.0 1407.0
1 1279.0 784.0
1 1688.0 1911.0
1 1083.0 944.0
1 511.0 1509.0
1 976.0 1319.0
1 1172.0 1006.0
1 1575.0 72.0
1 128.0 935.0
1 144.0 1632.0
1 1704.0 1183.0
1 1991.0 1584.0
1 1095.0 376.0
1 760.0 800.0
1 2783.0 1216.0
1 1399.0 1400.0
1 1578.0 1286.0
1 944.0 1079.0
1 400.0 223.0
1 1119.0 1167.0
1 911.0 815.0
1 784.0 867.0
1 2095.0 1895.0
1 384.0 991.0
1 1000.0 1487.0
1 2265.0 1219.0
1 1146.0 941.0
