0 4 4 135.42521168947417
0 2 9 136.79946216985437
0 3 11 169.90485673317178
0 1 12 133.25020360165652
0 5 13 141.31616323765087
0 6 14 130.58301760804912
0 13 16 431.7598419877631
0 7 18 121.31764436375185
0 21 20 145.41576568471334
0 16 21 162.62848134076185
0 20 22 226.68006345662985
0 29 23 266.9764829161598
0 27 25 179.58241551455637
0 42 28 124.29597575011326
0 22 30 276.2317092697456
0 28 31 183.62092251224598
0 8 34 131.29772951842048
0 11 35 113.29690978333942
0 45 36 114.886699014214
0 40 37 123.9152276241797
0 36 38 120.18055289219369
0 38 39 130.42502057178083
0 15 44 229.8788352581116
0 41 45 122.56095552045001
0 46 46 340.4331442107529
0 17 47 125.23883493029393
0 18 48 172.0924197326955
0 23 50 489.99046652686377
0 24 52 130.11007991542527
0 80 54 125.53262762512789
0 19 56 360.3947256351373
0 73 59 117.60634046825045
0 30 61 253.23390567705616
0 14 62 264.70614871791065
0 94 64 144.18158688111407
0 76 65 116.73458527714521
0 32 66 197.3109742981567
0 101 68 126.0310343200842
0 78 70 379.87514117488297
0 86 71 154.5470582226
0 47 72 336.07730499799635
0 25 73 107.01742568517827
0 34 75 314.4728762435736
0 87 76 210.25124869926182
0 105 77 109.51102459015323
0 124 78 108.308449351168
0 91 79 271.57202599721955
0 127 81 110.85899316723047
0 67 83 202.87403398159802
0 39 84 115.85509412302441
0 33 85 238.04465652884082
0 75 86 167.78669032738236
0 55 87 134.5028633099881
0 43 88 111.56651278838878
0 57 89 208.29469527034848
0 74 91 136.79802325854453
0 58 92 260.3724704624916
0 121 94 113.74901190420258
0 93 95 177.89674402359145
0 59 96 261.1493474230026
0 52 97 117.76223607370866
0 60 98 202.09081863976817
0 53 99 166.2749208477345
0 61 100 270.42197583448007
0 50 101 242.2470918847114
0 62 102 162.18133160981435
0 99 104 242.61214883095553
0 92 106 179.98342332925031
0 63 109 188.23375241179454
0 64 110 209.02928347062138
0 71 112 130.55026809265533
0 65 114 179.37923416734282
0 97 115 339.52174938975105
0 69 118 219.10698825016843
0 66 119 222.34251796976076
0 98 121 304.5186228246811
0 44 122 210.7745396629372
0 68 124 235.8088824325066
0 81 126 194.60802247527266
0 72 127 163.58143270802617
0 148 128 125.4487875022703
0 144 130 125.25972374229157
0 70 132 114.31794588756756
0 117 133 326.8644349304226
0 107 134 156.44025377738157
0 82 136 191.41503715357172
0 83 137 181.3478412620964
0 84 138 156.69401826395313
0 102 141 194.33974394096282
0 108 144 135.9656810409535
0 88 145 130.87906585206542
0 162 146 118.28009129241454
0 109 147 150.33354405624735
0 79 149 137.96867690013696
0 170 150 110.8125852203
0 115 152 111.09214682594548
0 122 155 292.2960757182914
0 112 157 215.22295724748557
0 85 159 147.81134627117487
0 153 160 174.7683102266844
0 125 162 176.3943882556936
0 110 164 199.06891953255416
0 89 165 146.71269674175556
0 90 166 145.31934721556834
0 103 167 133.08908992889423
0 95 168 158.78150651301485
0 137 169 161.30948889866178
0 111 170 168.94597977286386
0 195 172 124.38989163679479
0 190 173 131.607199182739
0 96 175 116.88013137890516
0 168 176 146.0845626906032
0 119 177 332.78938959610656
0 149 178 118.90875810519275
0 133 179 225.67555343234082
0 113 180 188.29516562286548
0 126 181 367.44328405133365
0 104 182 117.14386858159082
0 114 184 129.52506594676453
0 177 185 158.0689102609399
0 120 186 156.15413611863727
0 208 187 143.57757295323293
0 152 189 133.22681889549187
0 220 191 133.15353300735728
0 209 192 179.61442652379634
0 210 193 168.70301261269304
0 191 194 109.75631950983251
0 118 195 125.4274980156664
0 131 196 206.85978509891402
0 224 197 148.63488364511085
0 213 198 177.26505840785757
0 211 199 210.51840666583263
0 129 200 163.57980587128597
0 130 201 147.60236994781593
0 229 202 152.29932527828515
0 128 203 111.06042173157762
0 143 204 292.81083349484527
0 134 208 132.3612293964849
0 132 209 128.3317168095021
0 123 210 429.1408105111415
0 139 211 348.04888097615907
0 178 212 134.3323080855046
0 163 213 142.2943918309805
0 243 214 138.2584472582171
0 138 216 151.01039840417266
0 141 219 126.35911117899583
0 151 220 277.0778465265799
0 241 222 245.7943187917278
0 142 223 180.6442943539183
0 136 226 165.7205397182876
0 135 227 209.15870711488247
0 146 229 132.8030567186107
0 147 230 134.90115885494455
0 155 231 130.43224005256093
0 192 233 329.14856833889326
0 250 234 128.6321594659423
0 182 240 456.9940545503922
0 154 241 401.11486836832063
0 165 242 411.2838942643587
0 172 247 115.58856814360274
0 167 249 144.60337366178743
0 262 250 233.17167277917332
0 231 252 404.96311792241653
0 171 254 122.01550406765232
0 173 255 118.48127282714273
0 174 256 166.62948166652365
0 188 259 410.812327639243
0 159 260 261.6279796894344
0 160 261 297.45908638311994
0 161 262 256.5010765124589
0 199 265 142.65914342182472
0 166 266 218.49706119571067
0 268 267 191.8388414395835
0 204 269 114.96051704911656
0 207 270 114.70874391132568
0 198 271 110.83092262499896
0 169 272 238.8899655118355
0 176 274 305.56911993966287
0 272 275 149.1751503735866
0 175 276 254.86249876573214
0 197 278 332.78526393377786
0 183 279 148.0164489619793
0 215 280 445.65153351613924
0 201 281 140.31220548260146
0 189 285 245.1143009503773
0 206 288 259.40933917260975
0 221 290 188.7291549324135
0 222 292 134.28714908459077
0 200 293 435.0088837694408
0 202 296 291.5666513704907
0 219 297 134.1274870267284
0 217 298 272.514319527819
0 228 300 115.09555854310945
0 236 301 109.32987520771562
0 223 303 290.25162746509375
0 214 307 204.0823982566184
0 232 309 256.7443454840388
0 225 310 246.0389262094369
0 216 311 427.0342519593097
0 238 312 121.71020329992398
0 247 313 119.26827081859264
0 237 314 225.8848264760482
0 242 316 163.5900140098412
0 240 317 277.45702671504506
0 350 318 357.7060711812485
0 256 322 136.29615716726013
0 263 323 287.7295894611069
0 254 324 137.8919868502529
0 255 325 399.2151431868746
0 230 326 269.08835044645525
0 239 327 186.38663001713752
0 233 328 146.4978710187422
0 248 330 238.57873917800822
0 244 332 385.13747075120926
0 266 334 157.60282214106553
0 252 336 261.9880147921304
0 259 339 222.9559549716365
0 253 344 467.8277999263704
0 246 345 491.93075497438673
0 273 348 224.13819891905513
0 271 349 186.14292135110705
0 270 350 201.46129304975892
0 278 351 150.80288446240638
0 275 352 206.0306255540755
0 274 353 447.6338803817446
0 280 356 210.5418002667096
0 309 358 370.9515324907858
0 286 360 220.62590963291186
0 315 362 442.83585240217934
0 292 365 139.47716646768336
0 289 366 210.01988635012245
0 293 367 141.85004334415478
0 306 368 108.05836300225124
0 287 369 232.84968987546443
0 267 371 208.3530011008651
0 318 372 142.4778409343749
0 299 373 189.7175261478769
0 308 374 295.3942975390611
0 300 375 397.0736167184846
0 277 376 250.0598573915532
0 282 377 243.5544939450043
0 264 378 212.42198717153323
0 301 379 170.63061525595228
0 304 380 173.64232997124077
0 279 382 246.8160848105464
0 310 383 228.49375970970215
0 288 384 220.93435712182483
0 284 386 160.48543133025183
0 305 387 207.13240135858436
0 314 388 203.07312238910754
0 323 389 123.06357985488998
0 285 390 240.09292766064746
0 294 391 169.0936266926027
0 317 392 219.66477886835537
0 329 393 209.50566814364782
0 295 394 168.47542697482098
0 316 395 195.7978633951405
0 322 396 212.1500997321508
0 321 398 161.4055969318227
0 307 399 173.30393495169048
0 324 401 177.36406166400806
0 312 402 131.12805724447202
0 320 403 223.9526391051087
0 345 404 297.06727530116694
0 297 405 187.92177124714067
0 334 406 229.8628198216281
0 344 409 104.09829403105076
0 330 411 162.193388642916
0 369 414 257.8433739624424
0 335 415 447.38505972601655
0 352 418 104.7248677753989
0 341 420 187.67256464228183
0 354 421 171.30146699433763
0 339 423 308.05975257668734
0 338 424 121.48083206021583
0 390 425 275.8686597949502
0 333 426 327.30551646182937
0 353 427 195.57475412710227
0 343 428 230.26488767817352
0 367 429 278.3045125076586
0 331 430 328.4793853792628
0 327 432 251.24141792559053
0 358 433 104.9706993679002
0 346 434 223.77052006402926
0 362 435 124.96239333606043
0 356 436 142.89696986008934
0 355 437 121.26281412407013
0 361 439 110.17790511267627
0 337 440 292.16452079636224
0 380 441 243.24020723213113
0 368 442 108.5012131452601
0 384 443 183.98182335186945
0 376 444 137.48577589181042
0 385 445 131.23515195101535
0 363 447 172.6063104145173
0 351 448 240.89796622819696
0 387 449 127.25479362946903
0 383 450 260.46980994735947
0 377 451 145.10027158491184
0 412 452 290.2815081882745
0 381 453 118.3440176871135
0 357 455 248.91184625318093
0 396 457 241.2067110011459
0 378 460 339.61889772546124
0 382 461 288.7662145985389
0 374 462 199.08911701310123
0 401 464 150.40796638263413
0 410 465 106.35081866952953
0 402 466 143.55819863605637
0 403 467 109.6601096730776
0 394 470 278.7768042141165
0 389 472 189.80286301437278
0 436 473 143.33404869860476
0 393 475 345.69756107813305
0 398 476 180.63394733226787
0 400 477 411.4070623315852
0 441 478 147.5461630972247
0 420 482 184.1043313945035
0 455 485 157.9662918565974
0 417 488 108.14191734175802
0 418 489 108.19431957792828
0 388 490 483.56471118318706
0 411 494 121.19471587150679
0 458 495 125.44766188592882
0 430 496 316.88702595051666
0 424 499 220.08666005641214
0 416 500 241.91185334075436
0 470 501 138.10901012833017
0 431 502 349.8299039934977
0 429 503 148.5264843294492
0 427 504 274.1955364738127
0 422 505 167.6477653581043
0 433 506 113.7371904096181
0 457 509 348.87406540353163
0 483 510 149.80493107874324
0 425 511 266.85709236720123
0 454 512 344.6619379747977
0 435 514 157.86275197424698
0 426 515 176.572795320697
0 438 516 153.5446230970532
0 432 517 376.9904630078517
0 437 518 213.57496684614992
0 428 519 171.79839277335788
0 440 521 107.23277925224235
0 487 522 249.38538524135274
0 434 523 186.70607953774677
0 503 525 148.87626356181232
0 446 526 117.13181344829329
0 445 528 345.18296755801265
0 452 530 168.9614458248721
0 447 531 221.61565600599494
0 474 532 493.87593046703824
0 449 533 131.78522576010198
0 463 535 349.2638584010075
0 468 537 287.230363335654
0 444 538 296.0906286501807
0 493 539 307.3431291549959
0 464 540 120.0135570581756
0 459 541 237.24644939176417
0 500 543 127.39437326108767
0 451 544 336.8570519313766
0 465 546 431.48160019052125
0 471 547 242.5584651337358
0 456 548 343.32218101422296
0 489 549 222.00784368213073
0 476 550 158.20811553711562
0 473 551 177.76378223734937
0 508 553 258.85774031689414
0 479 555 135.09730875002498
0 484 556 204.16650314207558
0 475 557 349.1886209308378
0 485 558 174.5344628564818
0 478 560 181.93336165082366
0 469 561 304.1712184341666
0 515 562 136.44435802076657
0 516 563 185.52794500118821
0 505 564 266.3386675522812
0 519 565 128.36800813856618
0 490 566 272.53302270026114
0 480 568 250.32946616067252
0 481 569 241.0703287082442
0 491 570 194.66975838379187
0 532 571 376.1518703993342
0 509 572 234.81810683645423
0 502 574 239.8867112165504
0 494 577 164.55410697321048
0 525 578 369.07634537507226
0 522 579 140.3738395796252
0 501 580 257.11948354238865
0 497 581 197.7585453117259
0 507 583 192.6308206722806
0 539 584 129.974346336695
0 537 585 213.28001549905505
0 506 587 294.16774411645787
0 504 589 131.14405751222526
0 510 590 172.25348955901848
0 513 591 268.1021728269154
0 536 592 380.31810569247966
0 512 593 174.7646327687853
0 518 594 194.620077545422
0 521 595 222.09457093190554
0 523 598 270.49136347689705
0 529 599 192.87980662832572
0 526 601 209.17246282536283
0 535 602 313.16112835110476
0 534 603 176.68877678956298
0 559 605 256.17621496231845
0 546 606 493.69695527792015
0 538 607 251.93795411355455
0 545 610 114.29946442019367
0 544 612 133.30148821881724
0 551 613 296.72411211842496
0 543 614 412.7778401407565
0 548 615 175.41853097210225
0 542 616 206.78728589481003
0 552 617 112.94813110512571
0 547 619 137.43163832672235
0 553 621 109.0739489358194
0 568 627 334.73963938089224
0 557 631 172.65759292048148
0 563 632 171.78963234194882
0 569 633 202.38899660767257
0 572 636 246.40521349531804
0 574 645 158.2454664299822
0 575 648 270.62708070017584

0 832.0 302.0
0 837.0 302.0
0 842.0 305.0
0 890.0 307.0
0 904.0 308.0
0 812.0 311.0
0 831.0 312.0
0 822.0 313.0
0 853.0 315.0
0 794.0 316.0
0 811.0 316.0
0 888.0 317.0
0 877.0 321.0
0 890.0 325.0
0 906.0 328.0
0 761.0 331.0
0 723.0 332.0
0 777.0 332.0
0 918.0 332.0
0 718.0 333.0
0 662.0 335.0
0 712.0 335.0
0 697.0 336.0
0 670.0 338.0
0 768.0 341.0
0 659.0 343.0
0 729.0 343.0
0 734.0 343.0
0 620.0 345.0
0 750.0 345.0
0 745.0 346.0
0 690.0 347.0
0 660.0 348.0
0 760.0 349.0
0 895.0 349.0
0 904.0 350.0
0 632.0 352.0
0 645.0 352.0
0 703.0 352.0
0 673.0 355.0
0 617.0 357.0
0 1076.0 357.0
0 726.0 358.0
0 735.0 358.0
0 1061.0 358.0
0 685.0 359.0
0 706.0 359.0
0 993.0 360.0
0 1012.0 360.0
0 601.0 362.0
0 750.0 362.0
0 714.0 363.0
0 911.0 363.0
0 1065.0 364.0
0 618.0 365.0
0 1000.0 365.0
0 1080.0 366.0
0 729.0 367.0
0 632.0 368.0
0 646.0 368.0
0 704.0 368.0
0 744.0 368.0
0 1020.0 368.0
0 1072.0 368.0
0 583.0 369.0
0 672.0 371.0
0 989.0 372.0
0 743.0 373.0
0 601.0 376.0
0 618.0 376.0
0 728.0 376.0
0 686.0 378.0
0 739.0 378.0
0 884.0 378.0
0 989.0 378.0
0 1085.0 378.0
0 717.0 379.0
0 646.0 380.0
0 580.0 381.0
0 946.0 383.0
0 986.0 384.0
0 599.0 385.0
0 879.0 385.0
0 975.0 385.0
0 1016.0 385.0
0 1076.0 385.0
0 963.0 386.0
0 754.0 387.0
0 899.0 387.0
0 767.0 389.0
0 988.0 389.0
0 747.0 390.0
0 779.0 390.0
0 784.0 390.0
0 685.0 391.0
0 716.0 391.0
0 791.0 391.0
0 908.0 391.0
0 797.0 392.0
0 993.0 392.0
0 805.0 393.0
0 810.0 393.0
0 818.0 393.0
0 936.0 393.0
0 1093.0 393.0
0 1081.0 394.0
0 746.0 395.0
0 785.0 395.0
0 833.0 396.0
0 839.0 396.0
0 844.0 396.0
0 954.0 396.0
0 1014.0 396.0
0 728.0 397.0
0 852.0 397.0
0 962.0 397.0
0 857.0 398.0
0 1067.0 398.0
0 1073.0 398.0
0 865.0 399.0
0 908.0 399.0
0 974.0 399.0
0 1031.0 399.0
0 1052.0 399.0
0 1061.0 399.0
0 746.0 400.0
0 804.0 400.0
0 1046.0 400.0
0 640.0 401.0
0 649.0 401.0
0 654.0 401.0
0 773.0 401.0
0 876.0 401.0
0 943.0 401.0
0 751.0 402.0
0 809.0 402.0
0 825.0 402.0
0 830.0 402.0
0 993.0 402.0
0 756.0 403.0
0 762.0 403.0
0 767.0 403.0
0 961.0 403.0
0 1102.0 403.0
0 785.0 405.0
0 1007.0 405.0
0 632.0 406.0
0 795.0 406.0
0 870.0 406.0
0 1074.0 406.0
0 612.0 407.0
0 660.0 407.0
0 923.0 407.0
0 1015.0 407.0
0 621.0 408.0
0 728.0 408.0
0 733.0 408.0
0 805.0 408.0
0 810.0 408.0
0 1061.0 408.0
0 679.0 409.0
0 685.0 409.0
0 739.0 409.0
0 816.0 409.0
0 822.0 409.0
0 1029.0 409.0
0 1045.0 409.0
0 839.0 410.0
0 856.0 410.0
0 722.0 411.0
0 847.0 411.0
0 869.0 411.0
0 582.0 412.0
0 600.0 412.0
0 660.0 412.0
0 877.0 412.0
0 694.0 413.0
0 961.0 414.0
0 714.0 415.0
0 744.0 415.0
0 864.0 415.0
0 1104.0 415.0
0 895.0 416.0
0 925.0 418.0
0 1091.0 418.0
0 668.0 419.0
0 1010.0 419.0
0 631.0 420.0
0 704.0 420.0
0 732.0 420.0
0 945.0 420.0
0 595.0 421.0
0 639.0 421.0
0 646.0 421.0
0 682.0 421.0
0 908.0 422.0
0 1054.0 422.0
0 577.0 423.0
0 653.0 423.0
0 658.0 423.0
0 980.0 423.0
0 881.0 425.0
0 609.0 426.0
0 894.0 426.0
0 998.0 426.0
0 698.0 427.0
0 928.0 427.0
0 1012.0 427.0
0 876.0 428.0
0 902.0 428.0
0 1029.0 428.0
0 1103.0 428.0
0 722.0 429.0
0 745.0 429.0
0 596.0 430.0
0 975.0 431.0
0 1037.0 431.0
0 666.0 432.0
0 682.0 432.0
0 917.0 432.0
0 1042.0 432.0
0 1071.0 432.0
0 576.0 433.0
0 936.0 433.0
0 951.0 433.0
0 992.0 433.0
0 1053.0 433.0
0 1094.0 433.0
0 1102.0 433.0
0 900.0 435.0
0 1013.0 435.0
0 926.0 436.0
0 699.0 437.0
0 708.0 437.0
0 607.0 438.0
0 969.0 438.0
0 989.0 438.0
0 575.0 439.0
0 580.0 440.0
0 1029.0 440.0
0 1102.0 440.0
0 775.0 441.0
0 785.0 441.0
0 589.0 443.0
0 748.0 443.0
0 768.0 443.0
0 799.0 443.0
0 880.0 443.0
0 1022.0 443.0
0 1051.0 443.0
0 575.0 444.0
0 677.0 444.0
0 691.0 444.0
0 755.0 444.0
0 894.0 444.0
0 900.0 444.0
0 919.0 444.0
0 682.0 445.0
0 739.0 446.0
0 826.0 448.0
0 976.0 448.0
0 981.0 448.0
0 987.0 448.0
0 732.0 449.0
0 846.0 449.0
0 938.0 449.0
0 968.0 449.0
0 583.0 450.0
0 707.0 450.0
0 874.0 450.0
0 889.0 450.0
0 907.0 450.0
0 994.0 450.0
0 1011.0 450.0
0 1033.0 451.0
0 593.0 452.0
0 999.0 452.0
0 725.0 453.0
0 841.0 453.0
0 1024.0 453.0
0 1100.0 453.0
0 960.0 454.0
0 747.0 455.0
0 756.0 455.0
0 765.0 455.0
0 1005.0 455.0
0 775.0 456.0
0 784.0 456.0
0 847.0 457.0
0 738.0 458.0
0 938.0 458.0
0 729.0 459.0
0 946.0 459.0
0 793.0 460.0
0 708.0 462.0
0 720.0 462.0
0 762.0 462.0
0 954.0 462.0
0 1013.0 463.0
0 802.0 464.0
0 878.0 465.0
0 896.0 466.0
0 938.0 466.0
0 1031.0 466.0
0 811.0 467.0
0 653.0 468.0
0 705.0 468.0
0 774.0 468.0
0 760.0 470.0
0 1016.0 470.0
0 796.0 471.0
0 820.0 471.0
0 869.0 472.0
0 927.0 472.0
0 941.0 472.0
0 653.0 473.0
0 888.0 473.0
0 1019.0 475.0
0 583.0 476.0
0 673.0 476.0
0 829.0 476.0
0 999.0 476.0
0 1032.0 476.0
0 894.0 477.0
0 1043.0 477.0
0 1095.0 477.0
0 810.0 478.0
0 947.0 479.0
0 765.0 480.0
0 940.0 480.0
0 1019.0 480.0
0 699.0 481.0
0 838.0 481.0
0 821.0 483.0
0 1073.0 483.0
0 662.0 484.0
0 946.0 484.0
0 684.0 485.0
0 972.0 485.0
0 1019.0 485.0
0 1063.0 485.0
0 1078.0 486.0
0 879.0 487.0
0 820.0 488.0
0 846.0 488.0
0 831.0 489.0
0 584.0 490.0
0 678.0 490.0
0 1019.0 490.0
0 1059.0 490.0
0 950.0 492.0
0 1073.0 492.0
0 1082.0 492.0
0 854.0 494.0
0 661.0 495.0
0 839.0 495.0
0 907.0 495.0
0 983.0 495.0
0 602.0 497.0
0 671.0 497.0
0 952.0 497.0
0 1018.0 498.0
0 655.0 500.0
0 835.0 500.0
0 907.0 500.0
0 1056.0 501.0
0 1074.0 501.0
0 1084.0 501.0
0 943.0 503.0
0 1016.0 503.0
0 900.0 505.0
0 850.0 506.0
0 1064.0 506.0
0 1074.0 506.0
0 1094.0 506.0
0 663.0 507.0
0 738.0 508.0
0 749.0 508.0
0 790.0 508.0
0 961.0 508.0
0 1084.0 508.0
0 719.0 510.0
0 757.0 510.0
0 1008.0 510.0
0 727.0 511.0
0 847.0 511.0
0 767.0 513.0
0 914.0 513.0
0 967.0 513.0
0 1076.0 513.0
0 703.0 515.0
0 739.0 515.0
0 999.0 515.0
0 1095.0 515.0
0 750.0 516.0
0 975.0 516.0
0 992.0 516.0
0 784.0 517.0
0 984.0 517.0
0 724.0 518.0
0 853.0 518.0
0 1051.0 518.0
0 714.0 521.0
0 699.0 522.0
0 1099.0 522.0
0 795.0 524.0
0 1047.0 525.0
0 817.0 526.0
0 703.0 527.0
0 1077.0 527.0
0 1099.0 527.0
0 691.0 529.0
0 754.0 529.0
0 760.0 529.0
0 920.0 529.0
0 746.0 530.0
0 768.0 530.0
0 585.0 531.0
0 951.0 531.0
0 734.0 532.0
0 1046.0 532.0
0 1097.0 532.0
0 776.0 533.0
0 728.0 534.0
0 697.0 535.0
0 585.0 536.0
0 786.0 536.0
0 984.0 536.0
0 757.0 538.0
0 1096.0 538.0
0 811.0 539.0
0 718.0 540.0
0 820.0 540.0
0 1019.0 540.0
0 646.0 541.0
0 1001.0 541.0
0 1048.0 544.0
0 666.0 546.0
0 733.0 546.0
0 674.0 547.0
0 827.0 547.0
0 754.0 548.0
0 685.0 549.0
0 1088.0 549.0
0 1051.0 551.0
0 1056.0 553.0
0 741.0 554.0
0 812.0 555.0
0 824.0 555.0
0 1072.0 556.0
0 927.0 558.0
0 670.0 559.0
0 586.0 560.0
0 679.0 560.0
0 703.0 560.0
0 837.0 560.0
0 778.0 562.0
0 721.0 563.0
0 765.0 563.0
0 927.0 564.0
0 783.0 565.0
0 841.0 567.0
0 835.0 568.0
0 748.0 570.0
0 657.0 573.0
0 1067.0 573.0
0 665.0 575.0
0 676.0 575.0
0 748.0 575.0
0 606.0 576.0
0 826.0 576.0
0 720.0 577.0
0 842.0 577.0
0 587.0 579.0
0 749.0 580.0
0 641.0 582.0
0 796.0 584.0
0 782.0 585.0
0 604.0 588.0
0 752.0 589.0
0 737.0 590.0
0 407.0 592.0
0 657.0 594.0
0 920.0 594.0
0 925.0 594.0
0 589.0 595.0
0 641.0 595.0
0 722.0 595.0
0 675.0 596.0
0 667.0 598.0
0 760.0 598.0
0 924.0 599.0
0 724.0 600.0
0 782.0 603.0
0 849.0 603.0
0 606.0 604.0
0 834.0 604.0
0 750.0 606.0
0 659.0 610.0
0 773.0 610.0
0 793.0 610.0
0 587.0 611.0
0 644.0 611.0
0 669.0 613.0
0 734.0 615.0
0 856.0 617.0
0 679.0 618.0
0 822.0 618.0
0 786.0 619.0
0 1080.0 619.0
0 605.0 620.0
0 764.0 621.0
0 828.0 621.0
0 917.0 621.0
0 670.0 622.0
0 847.0 622.0
0 663.0 624.0
0 793.0 624.0
0 741.0 625.0
0 854.0 625.0
0 647.0 628.0
0 684.0 630.0
0 588.0 631.0
0 782.0 631.0
0 818.0 631.0
0 608.0 632.0
0 675.0 633.0
0 827.0 633.0
0 845.0 635.0
0 853.0 636.0
0 768.0 638.0
0 793.0 639.0
0 909.0 639.0
0 779.0 640.0
0 63.0 641.0
0 653.0 641.0
0 842.0 644.0
0 810.0 645.0
0 850.0 645.0
0 1075.0 646.0
0 696.0 647.0
0 742.0 647.0
0 905.0 647.0
0 923.0 647.0
0 675.0 648.0
0 747.0 649.0
0 839.0 651.0
0 752.0 652.0
0 847.0 654.0
0 661.0 655.0
0 691.0 655.0
0 771.0 656.0
0 839.0 656.0
0 588.0 658.0
0 552.0 659.0
0 684.0 659.0
0 694.0 660.0
0 834.0 660.0
0 700.0 661.0
0 773.0 661.0
0 792.0 661.0
0 843.0 662.0
0 916.0 662.0
0 1072.0 663.0
0 201.0 665.0
0 1030.0 665.0
0 712.0 667.0
0 407.0 670.0
0 825.0 670.0
0 837.0 670.0
0 719.0 671.0
0 1073.0 671.0
0 673.0 672.0
0 694.0 672.0
0 705.0 672.0
0 1068.0 672.0
0 886.0 673.0
0 818.0 674.0
0 588.0 675.0
0 346.0 676.0
0 724.0 676.0
0 830.0 678.0
0 713.0 679.0
0 730.0 679.0
0 1026.0 680.0
0 1070.0 680.0
0 681.0 681.0
0 719.0 682.0
0 741.0 682.0
0 824.0 683.0
0 801.0 684.0
0 725.0 686.0
0 590.0 687.0
0 761.0 687.0
0 784.0 687.0
0 779.0 688.0
0 732.0 689.0
0 603.0 695.0
0 739.0 695.0
0 827.0 697.0
0 702.0 698.0
0 730.0 698.0
0 800.0 698.0
0 759.0 699.0
0 787.0 700.0
0 1069.0 701.0
0 590.0 702.0
0 773.0 702.0
0 706.0 703.0
0 711.0 704.0
0 450.0 705.0
0 403.0 706.0
0 369.0 708.0
0 736.0 708.0
0 264.0 709.0
0 326.0 711.0
0 113.0 713.0
0 467.0 713.0
0 1067.0 713.0
0 300.0 714.0
0 353.0 715.0
0 457.0 717.0
0 686.0 720.0
0 392.0 722.0
0 987.0 725.0
0 370.0 727.0
0 1415.0 727.0
0 1064.0 732.0
0 201.0 738.0
0 341.0 738.0
0 418.0 741.0
0 156.0 742.0
0 311.0 743.0
0 883.0 743.0
0 303.0 746.0
0 51.0 753.0
0 1062.0 759.0
0 1463.0 761.0
0 648.0 765.0
0 608.0 767.0
0 1090.0 770.0
0 647.0 771.0
0 608.0 772.0
0 647.0 776.0
0 748.0 778.0
0 1364.0 781.0
0 1222.0 782.0
0 747.0 783.0
0 852.0 783.0
0 609.0 794.0
0 1230.0 794.0
0 742.0 796.0
0 365.0 799.0
0 1326.0 799.0
0 1153.0 805.0
0 641.0 811.0
0 747.0 815.0
0 742.0 818.0
0 1264.0 822.0
0 1466.0 823.0
0 1166.0 825.0
0 615.0 828.0
0 757.0 829.0
0 1428.0 829.0
0 1375.0 832.0
0 727.0 834.0
0 166.0 837.0
0 958.0 841.0
0 1351.0 845.0
0 375.0 847.0
0 160.0 848.0
0 912.0 853.0
0 1040.0 860.0
0 1235.0 862.0
0 400.0 866.0
0 1124.0 870.0
0 854.0 874.0
0 1312.0 875.0
0 911.0 879.0
0 629.0 882.0
0 894.0 882.0
0 1383.0 884.0
0 1086.0 888.0
0 947.0 908.0
0 704.0 911.0
0 938.0 935.0
0 1054.0 937.0
1 1006.0 114.0
1 859.0 354.0
1 779.0 356.0
1 875.0 356.0
1 899.0 356.0
1 878.0 362.0
1 900.0 372.0
1 917.0 381.0
1 878.0 382.0
1 873.0 383.0
1 1069.0 384.0
1 891.0 386.0
1 740.0 389.0
1 734.0 391.0
1 1010.0 391.0
1 1053.0 391.0
1 704.0 392.0
1 983.0 392.0
1 1005.0 392.0
1 1074.0 392.0
1 697.0 393.0
1 662.0 394.0
1 721.0 396.0
1 731.0 397.0
1 899.0 397.0
1 860.0 399.0
1 697.0 400.0
1 661.0 401.0
1 687.0 401.0
1 672.0 402.0
1 726.0 406.0
1 898.0 406.0
1 979.0 406.0
1 1072.0 406.0
1 1081.0 406.0
1 690.0 408.0
1 704.0 408.0
1 1059.0 408.0
1 672.0 409.0
1 1003.0 409.0
1 646.0 410.0
1 682.0 410.0
1 626.0 411.0
1 879.0 411.0
1 1021.0 411.0
1 637.0 414.0
1 712.0 414.0
1 721.0 414.0
1 1070.0 415.0
1 753.0 419.0
1 789.0 419.0
1 843.0 419.0
1 891.0 419.0
1 985.0 419.0
1 1088.0 419.0
1 738.0 420.0
1 743.0 420.0
1 748.0 420.0
1 759.0 420.0
1 768.0 420.0
1 776.0 420.0
1 784.0 420.0
1 795.0 420.0
1 816.0 420.0
1 824.0 420.0
1 829.0 420.0
1 838.0 420.0
1 967.0 420.0
1 1050.0 420.0
1 1063.0 420.0
1 851.0 421.0
1 1004.0 421.0
1 1034.0 421.0
1 646.0 422.0
1 730.0 423.0
1 955.0 423.0
1 671.0 424.0
1 676.0 425.0
1 716.0 425.0
1 1064.0 427.0
1 625.0 428.0
1 784.0 428.0
1 802.0 428.0
1 807.0 428.0
1 980.0 428.0
1 1049.0 428.0
1 682.0 429.0
1 704.0 429.0
1 992.0 429.0
1 1015.0 429.0
1 1032.0 429.0
1 946.0 430.0
1 728.0 431.0
1 712.0 432.0
1 591.0 433.0
1 834.0 433.0
1 852.0 433.0
1 955.0 433.0
1 966.0 433.0
1 1103.0 433.0
1 596.0 434.0
1 605.0 434.0
1 748.0 434.0
1 817.0 434.0
1 871.0 434.0
1 646.0 435.0
1 682.0 435.0
1 734.0 435.0
1 764.0 435.0
1 775.0 435.0
1 797.0 435.0
1 826.0 435.0
1 784.0 436.0
1 841.0 437.0
1 1085.0 437.0
1 909.0 438.0
1 1043.0 440.0
1 930.0 441.0
1 886.0 442.0
1 935.0 442.0
1 1003.0 442.0
1 681.0 443.0
1 710.0 443.0
1 1008.0 443.0
1 588.0 444.0
1 724.0 444.0
1 1106.0 444.0
1 603.0 445.0
1 871.0 445.0
1 963.0 445.0
1 859.0 446.0
1 1039.0 446.0
1 878.0 448.0
1 726.0 449.0
1 854.0 449.0
1 1086.0 450.0
1 1043.0 451.0
1 706.0 452.0
1 1025.0 452.0
1 1101.0 453.0
1 727.0 455.0
1 897.0 455.0
1 917.0 455.0
1 986.0 455.0
1 653.0 456.0
1 791.0 456.0
1 877.0 456.0
1 1003.0 456.0
1 640.0 457.0
1 700.0 457.0
1 860.0 457.0
1 1039.0 457.0
1 721.0 460.0
1 679.0 461.0
1 756.0 461.0
1 908.0 461.0
1 746.0 462.0
1 765.0 462.0
1 783.0 462.0
1 956.0 462.0
1 962.0 462.0
1 967.0 462.0
1 634.0 463.0
1 729.0 463.0
1 738.0 463.0
1 774.0 463.0
1 951.0 463.0
1 1041.0 463.0
1 688.0 464.0
1 975.0 464.0
1 614.0 465.0
1 870.0 465.0
1 858.0 466.0
1 878.0 466.0
1 900.0 466.0
1 980.0 466.0
1 1016.0 466.0
1 670.0 467.0
1 708.0 467.0
1 769.0 467.0
1 787.0 467.0
1 792.0 467.0
1 1107.0 467.0
1 1006.0 468.0
1 1100.0 468.0
1 732.0 469.0
1 741.0 469.0
1 750.0 470.0
1 801.0 470.0
1 987.0 470.0
1 603.0 471.0
1 677.0 471.0
1 697.0 471.0
1 759.0 471.0
1 904.0 471.0
1 589.0 472.0
1 780.0 472.0
1 810.0 472.0
1 887.0 472.0
1 920.0 472.0
1 768.0 473.0
1 938.0 473.0
1 732.0 474.0
1 1103.0 474.0
1 854.0 475.0
1 992.0 475.0
1 820.0 476.0
1 869.0 476.0
1 632.0 477.0
1 640.0 477.0
1 645.0 477.0
1 660.0 477.0
1 665.0 478.0
1 655.0 479.0
1 732.0 479.0
1 1105.0 479.0
1 786.0 480.0
1 995.0 480.0
1 694.0 481.0
1 933.0 481.0
1 599.0 482.0
1 921.0 482.0
1 928.0 482.0
1 1015.0 482.0
1 584.0 483.0
1 761.0 483.0
1 607.0 484.0
1 795.0 484.0
1 853.0 484.0
1 612.0 485.0
1 776.0 485.0
1 676.0 486.0
1 998.0 486.0
1 727.0 487.0
1 667.0 489.0
1 803.0 489.0
1 877.0 490.0
1 922.0 490.0
1 846.0 491.0
1 930.0 491.0
1 1000.0 491.0
1 583.0 492.0
1 864.0 493.0
1 597.0 494.0
1 811.0 494.0
1 792.0 495.0
1 797.0 496.0
1 909.0 496.0
1 1001.0 496.0
1 1100.0 496.0
1 612.0 497.0
1 656.0 498.0
1 928.0 499.0
1 819.0 500.0
1 1038.0 500.0
1 1093.0 500.0
1 1017.0 501.0
1 1029.0 501.0
1 1088.0 501.0
1 1000.0 503.0
1 928.0 504.0
1 1104.0 504.0
1 579.0 505.0
1 876.0 505.0
1 747.0 507.0
1 827.0 507.0
1 1063.0 507.0
1 811.0 509.0
1 591.0 511.0
1 816.0 511.0
1 931.0 511.0
1 1055.0 511.0
1 600.0 512.0
1 1000.0 512.0
1 835.0 513.0
1 1077.0 513.0
1 1102.0 514.0
1 699.0 515.0
1 1067.0 515.0
1 719.0 516.0
1 884.0 516.0
1 1092.0 516.0
1 709.0 517.0
1 1039.0 517.0
1 728.0 518.0
1 681.0 519.0
1 936.0 520.0
1 996.0 520.0
1 691.0 521.0
1 1068.0 522.0
1 609.0 524.0
1 1017.0 524.0
1 1052.0 524.0
1 1080.0 524.0
1 702.0 526.0
1 714.0 526.0
1 730.0 527.0
1 756.0 527.0
1 992.0 527.0
1 1068.0 527.0
1 634.0 528.0
1 943.0 528.0
1 675.0 529.0
1 696.0 529.0
1 1080.0 529.0
1 890.0 530.0
1 929.0 530.0
1 688.0 531.0
1 1093.0 531.0
1 607.0 532.0
1 984.0 532.0
1 1088.0 533.0
1 679.0 534.0
1 753.0 534.0
1 953.0 534.0
1 629.0 535.0
1 958.0 535.0
1 978.0 535.0
1 1058.0 535.0
1 1101.0 535.0
1 664.0 536.0
1 968.0 536.0
1 973.0 536.0
1 1072.0 536.0
1 1046.0 538.0
1 650.0 539.0
1 764.0 539.0
1 780.0 543.0
1 1043.0 543.0
1 1096.0 544.0
1 657.0 545.0
1 772.0 545.0
1 1018.0 546.0
1 747.0 548.0
1 1041.0 548.0
1 722.0 551.0
1 777.0 551.0
1 789.0 551.0
1 663.0 552.0
1 695.0 552.0
1 903.0 553.0
1 1040.0 553.0
1 706.0 554.0
1 737.0 556.0
1 1079.0 556.0
1 1103.0 556.0
1 621.0 557.0
1 865.0 557.0
1 892.0 557.0
1 760.0 558.0
1 592.0 559.0
1 785.0 559.0
1 939.0 559.0
1 976.0 560.0
1 1095.0 561.0
1 636.0 562.0
1 1040.0 562.0
1 796.0 563.0
1 1009.0 563.0
1 959.0 564.0
1 971.0 564.0
1 642.0 565.0
1 990.0 565.0
1 777.0 566.0
1 999.0 566.0
1 733.0 567.0
1 745.0 567.0
1 1091.0 567.0
1 652.0 569.0
1 907.0 569.0
1 770.0 574.0
1 615.0 575.0
1 743.0 575.0
1 760.0 575.0
1 796.0 575.0
1 893.0 575.0
1 1048.0 577.0
1 638.0 578.0
1 749.0 578.0
1 815.0 578.0
1 730.0 579.0
1 648.0 581.0
1 808.0 581.0
1 909.0 581.0
1 1080.0 582.0
1 1057.0 583.0
1 1064.0 584.0
1 1073.0 584.0
1 718.0 585.0
1 802.0 586.0
1 593.0 587.0
1 637.0 587.0
1 729.0 588.0
1 612.0 589.0
1 797.0 589.0
1 911.0 589.0
1 692.0 590.0
1 21.0 591.0
1 758.0 591.0
1 728.0 593.0
1 738.0 595.0
1 626.0 596.0
1 634.0 596.0
1 645.0 597.0
1 719.0 599.0
1 712.0 601.0
1 1040.0 601.0
1 751.0 605.0
1 684.0 606.0
1 735.0 606.0
1 1070.0 607.0
1 812.0 611.0
1 594.0 614.0
1 611.0 615.0
1 729.0 615.0
1 764.0 616.0
1 755.0 619.0
1 645.0 620.0
1 637.0 622.0
1 811.0 622.0
1 627.0 624.0
1 594.0 625.0
1 819.0 625.0
1 767.0 626.0
1 736.0 627.0
1 724.0 629.0
1 811.0 633.0
1 701.0 634.0
1 819.0 635.0
1 640.0 639.0
1 800.0 640.0
1 614.0 641.0
1 756.0 641.0
1 649.0 643.0
1 745.0 647.0
1 640.0 648.0
1 595.0 649.0
1 712.0 649.0
1 634.0 651.0
1 683.0 654.0
1 655.0 655.0
1 609.0 656.0
1 753.0 656.0
1 619.0 657.0
1 817.0 657.0
1 808.0 658.0
1 646.0 659.0
1 761.0 659.0
1 793.0 659.0
1 745.0 661.0
1 772.0 661.0
1 640.0 663.0
1 729.0 663.0
1 717.0 665.0
1 787.0 665.0
1 597.0 666.0
1 814.0 667.0
1 1100.0 670.0
1 611.0 672.0
1 699.0 672.0
1 806.0 672.0
1 887.0 673.0
1 778.0 674.0
1 627.0 675.0
1 668.0 675.0
1 801.0 676.0
1 874.0 677.0
1 717.0 678.0
1 771.0 678.0
1 810.0 678.0
1 595.0 679.0
1 722.0 679.0
1 847.0 679.0
1 727.0 680.0
1 890.0 680.0
1 799.0 682.0
1 661.0 683.0
1 1099.0 684.0
1 752.0 687.0
1 654.0 688.0
1 794.0 688.0
1 805.0 688.0
1 884.0 688.0
1 611.0 689.0
1 665.0 689.0
1 670.0 689.0
1 1100.0 689.0
1 596.0 691.0
1 879.0 692.0
1 636.0 693.0
1 675.0 694.0
1 683.0 694.0
1 1071.0 695.0
1 1085.0 695.0
1 786.0 696.0
1 1038.0 696.0
1 1052.0 696.0
1 799.0 697.0
1 1100.0 698.0
1 838.0 699.0
1 927.0 699.0
1 690.0 700.0
1 676.0 701.0
1 614.0 703.0
1 792.0 704.0
1 199.0 705.0
1 684.0 706.0
1 700.0 706.0
1 597.0 708.0
1 649.0 708.0
1 770.0 708.0
1 695.0 710.0
1 716.0 710.0
1 690.0 711.0
1 760.0 712.0
1 912.0 712.0
1 1083.0 712.0
1 169.0 713.0
1 750.0 713.0
1 1039.0 713.0
1 1098.0 713.0
1 731.0 714.0
1 331.0 716.0
1 702.0 718.0
1 771.0 719.0
1 597.0 720.0
1 689.0 720.0
1 622.0 721.0
1 763.0 721.0
1 798.0 721.0
1 729.0 723.0
1 756.0 723.0
1 1100.0 723.0
1 818.0 725.0
1 715.0 727.0
1 750.0 728.0
1 597.0 729.0
1 1100.0 729.0
1 740.0 730.0
1 1036.0 732.0
1 1082.0 732.0
1 597.0 734.0
1 101.0 736.0
1 259.0 738.0
1 342.0 738.0
1 422.0 739.0
1 598.0 739.0
1 274.0 741.0
1 296.0 741.0
1 1036.0 742.0
1 1080.0 742.0
1 701.0 744.0
1 436.0 745.0
1 425.0 747.0
1 1097.0 747.0
1 693.0 754.0
1 1037.0 755.0
1 128.0 756.0
1 1079.0 756.0
1 1097.0 758.0
1 1175.0 758.0
1 597.0 759.0
1 414.0 761.0
1 275.0 762.0
1 1165.0 769.0
1 1097.0 773.0
1 599.0 774.0
1 413.0 775.0
1 1095.0 789.0
1 863.0 797.0
1 703.0 800.0
1 1094.0 800.0
1 1095.0 812.0
1 542.0 815.0
1 1416.0 817.0
1 816.0 819.0
1 598.0 821.0
1 644.0 832.0
1 931.0 835.0
1 1091.0 837.0
1 618.0 844.0
1 729.0 846.0
1 734.0 846.0
1 730.0 851.0
1 620.0 855.0
1 636.0 855.0
1 75.0 858.0
1 223.0 861.0
1 729.0 861.0
1 966.0 869.0
1 730.0 877.0
1 615.0 882.0
1 736.0 893.0
1 739.0 898.0
1 744.0 904.0
1 618.0 905.0
