0 2 4 248.0706973902491
0 1 9 266.9605523404296
0 5 16 409.10632073564057
0 3 17 194.4516451913389
0 13 20 133.76170758649613
0 8 21 214.005775032913
0 10 22 129.44911265577366
0 9 23 167.05048519889226
0 12 24 271.6783830543013
0 24 25 317.4797537590835
0 15 26 230.17652653591668
0 35 28 114.53188655147271
0 6 29 322.7596178800024
0 14 30 228.52231516808405
0 21 31 121.49340314594126
0 28 32 260.98790513895483
0 36 36 121.18327439535908
0 34 37 138.26530658496836
0 22 38 169.14112057347347
0 32 39 168.42259120497448
0 7 41 268.58956194706275
0 30 42 175.17054032164685
0 29 43 113.03335940224402
0 18 44 208.10854996711637
0 33 45 132.60791040224805
0 16 47 141.24038050646868
0 25 50 178.29563175481152
0 39 51 146.35627125974779
0 4 53 280.57438323806633
0 77 54 126.36676318983655
0 26 55 109.55923887185148
0 20 56 333.6851265802329
0 40 57 119.5654507118318
0 90 58 109.48424688996501
0 66 59 117.92895604660161
0 17 62 169.3625078209402
0 103 64 199.7891505539591
0 73 65 107.93523840404329
0 31 66 187.60983650187137
0 112 68 129.5540916311003
0 78 71 106.8527818560109
0 42 72 224.0076436934389
0 23 73 130.61347527254907
0 37 75 222.0419416568057
0 83 76 125.56783217641569
0 117 77 111.46820074488795
0 128 78 116.72468502934221
0 130 81 116.19617529252461
0 27 82 123.6111223674677
0 63 83 263.13220533144437
0 38 84 401.32207092870226
0 72 86 210.50564871090947
0 51 87 157.63415572573308
0 53 89 170.9063256529873
0 61 91 144.1789105157812
0 43 92 222.0623819560126
0 45 93 300.7280152045209
0 122 94 105.52731591956905
0 129 95 146.8991818073962
0 46 96 205.07820240030208
0 47 98 228.56733368405213
0 64 99 212.91107507858266
0 54 101 225.5155828495302
0 50 102 143.49948107519646
0 71 104 338.79899252165933
0 94 106 200.86924486851356
0 74 107 160.63464853472678
0 75 108 244.3386422697205
0 56 109 252.4070243683154
0 57 110 247.53566348094816
0 60 112 124.69858702272856
0 113 113 252.5223652207262
0 58 114 234.31690838622922
0 59 116 174.5653351024446
0 65 118 197.96716055358348
0 67 119 148.29989446685076
0 102 121 272.15346422226463
0 68 122 203.09191567309028
0 70 124 215.69307978291351
0 80 126 211.36180089979732
0 69 127 295.5017886725303
0 150 128 155.27961957399492
0 147 129 172.64862027980303
0 151 130 170.36800620006858
0 91 131 147.77970827602397
0 62 132 128.21624361277037
0 96 134 165.91489210627316
0 82 135 228.43537940147215
0 84 136 136.42906857235002
0 87 138 141.95221593042612
0 104 139 170.7053907288946
0 97 140 255.623309004713
0 105 141 198.68305043538112
0 101 142 284.58538036703357
0 121 143 317.9842744140338
0 106 144 131.61949597215167
0 175 146 132.32228014451547
0 107 147 143.63961330388605
0 89 149 154.75177864941818
0 181 150 105.62628871447657
0 177 151 154.46771655239712
0 182 154 109.54095507096207
0 126 156 173.80469501797023
0 115 157 176.90888471440238
0 160 160 163.13634705306254
0 162 161 148.39057077052072
0 127 162 129.59214878040737
0 116 163 182.1015487712618
0 108 164 152.15364881100942
0 93 166 284.0122318195238
0 98 167 129.55322127153573
0 99 168 181.037501915345
0 133 169 258.6434229228782
0 109 170 185.24717431858195
0 95 171 140.15192884981582
0 221 172 197.71093353194127
0 195 173 187.3800590959411
0 189 174 144.3166119640604
0 100 175 131.78855910621533
0 171 176 109.86984157191549
0 157 178 158.67760090727953
0 134 179 148.21569226800574
0 111 182 142.03855251057973
0 139 183 277.9153026044058
0 120 184 176.80835778376206
0 200 185 134.866240408981
0 124 186 184.31787827442366
0 209 187 136.90080861583533
0 190 188 124.4793130094677
0 152 189 201.51961151430064
0 140 190 149.96567111254288
0 229 191 124.27902500482236
0 210 192 173.2373300213836
0 211 193 188.76884288675683
0 192 194 104.26068801225085
0 138 195 256.8693878007214
0 123 196 112.02672955271416
0 246 197 208.16254162235657
0 216 198 140.16916496863675
0 203 199 118.63634380464549
0 131 201 124.48987966034298
0 232 202 168.76376525551183
0 132 203 120.0185365695929
0 219 205 215.42120968295407
0 136 206 194.74430461206197
0 137 207 260.8336167402747
0 125 210 257.19662204019585
0 186 212 113.74728440922921
0 154 213 399.39010295642953
0 247 214 116.34765037568566
0 234 217 110.5061712920427
0 224 218 112.89040116251998
0 142 220 144.99845600282163
0 149 223 138.79216221953416
0 141 224 111.58976891231673
0 143 226 152.07197551796895
0 148 231 295.21110304629934
0 236 232 225.85446352986045
0 237 233 207.81374321466268
0 163 235 277.2183315346127
0 269 237 329.787192010356
0 179 242 193.3336751996893
0 270 243 136.26029157231568
0 173 244 457.1298719708162
0 168 247 115.44910271940827
0 159 249 224.83548471243586
0 254 251 243.79839903371226
0 253 252 232.2874417973558
0 166 254 114.37279460943424
0 167 255 115.07240476212685
0 174 256 140.17164769370603
0 164 260 182.78307370125674
0 155 261 223.50169236041566
0 156 262 242.62337612943256
0 214 263 298.6066478057624
0 183 264 259.30729969166987
0 180 266 213.61600175504861
0 280 267 163.9306261010115
0 193 270 190.18916759840437
0 188 271 108.65523632873469
0 158 272 244.5552073685429
0 170 274 270.05331299173594
0 288 275 113.81808526212829
0 185 281 370.2056372388933
0 169 285 217.68663985398305
0 191 288 295.36767097482664
0 212 290 135.80492909612082
0 201 292 221.12239290440465
0 198 293 324.76626934269694
0 261 294 198.7331561100686
0 223 297 201.01038256718357
0 196 298 197.7050855994139
0 204 299 320.76994502509467
0 225 300 120.3408319499253
0 215 301 119.03027439328298
0 242 302 219.58906340914143
0 220 304 452.12006534192096
0 312 305 176.20514438458756
0 213 309 232.58104170760555
0 222 311 474.8930729470328
0 240 313 137.32571657571353
0 330 315 297.8893223225018
0 241 316 163.6744394683581
0 335 319 241.2049944332496
0 262 323 259.570299642258
0 250 324 190.62786969252463
0 245 325 145.41188380373245
0 233 327 276.85373649134283
0 228 328 111.31745635223555
0 256 329 224.15317198975166
0 249 330 285.36701132123807
0 273 331 312.24904262478634
0 257 334 132.53988963235724
0 332 335 229.55635866484397
0 252 336 185.23173265676098
0 271 338 175.50731128081028
0 278 342 337.7350723201116
0 235 343 410.98413657667015
0 239 345 488.50884863117665
0 386 346 188.04151184011891
0 259 348 238.28576781050268
0 267 349 171.6900584579879
0 266 350 185.89925181417584
0 279 351 148.26878078711619
0 277 352 168.4659533356221
0 263 353 396.80014379888024
0 368 354 284.92591970514957
0 276 356 299.8954481794595
0 388 358 104.73220936234094
0 333 359 331.9939107199784
0 275 360 191.2814540897357
0 268 361 184.2253438848943
0 291 365 125.1882593922258
0 294 366 274.44079135161945
0 287 367 291.7497884332619
0 303 368 306.5871064759273
0 300 372 210.77031620291174
0 359 375 342.994398429978
0 281 376 172.77083490376984
0 282 377 225.4698796573203
0 292 378 201.3811904683598
0 298 379 167.08051350628935
0 311 380 235.44407201714398
0 296 381 172.05442252215389
0 284 382 266.6847241230768
0 299 383 206.87665830123984
0 297 384 163.25299071113437
0 290 386 135.72491518009875
0 310 388 197.70811436590154
0 316 389 188.37770450513005
0 324 390 152.8575715957717
0 306 391 147.34718755544
0 319 392 194.34021668243963
0 307 394 123.65963839548064
0 318 395 212.72191794925374
0 322 396 198.83914609659496
0 327 398 204.9552175500098
0 320 399 145.97252146382704
0 336 401 128.4613344937098
0 325 402 187.33593242727943
0 338 403 141.01930334990712
0 313 405 110.14833428804498
0 348 406 158.0250634677639
0 314 407 379.9227981088571
0 349 408 163.1388375605588
0 352 409 105.1849421139174
0 345 410 458.21144026739626
0 353 411 112.76687856870112
0 369 412 253.59823479641318
0 358 414 348.0454152240162
0 365 418 104.09239081204298
0 354 419 392.61586517889396
0 362 420 157.14230051043194
0 360 424 138.42343047738265
0 366 427 162.0744802685048
0 375 428 211.84622740339685
0 374 429 264.27546420489506
0 344 430 190.83459743370184
0 367 433 104.12044029774698
0 416 434 419.9719012702003
0 373 435 137.40621166033574
0 382 436 147.60716184212632
0 390 439 183.92341289578462
0 361 440 328.7562593831348
0 401 441 224.13158145926525
0 395 442 113.7082909200385
0 391 445 144.8688072123825
0 405 446 267.15463120850444
0 370 448 213.56334451396094
0 396 449 163.84028800050626
0 402 451 162.05239121031883
0 458 452 110.6157221573487
0 403 453 112.02278005351143
0 404 454 122.25964869222045
0 378 455 224.3582646579035
0 397 456 191.51985607371657
0 406 457 314.95442634146764
0 409 458 299.19614696963254
0 398 460 157.41407757448266
0 387 461 173.1743154531288
0 394 462 169.06774302154844
0 430 464 168.09892750517733
0 418 466 113.17644349376046
0 420 467 105.63998957025535
0 466 469 123.2545602571643
0 423 471 188.1351568352165
0 399 472 146.62143195479325
0 474 473 112.94705135715813
0 439 475 221.31206274380685
0 414 476 123.26914045256538
0 411 477 172.5055040238085
0 477 478 148.2142126739233
0 427 480 306.68565947215905
0 437 482 223.78525002480987
0 489 485 106.56645978671737
0 436 487 159.60185381963598
0 438 488 107.66526794104972
0 442 489 107.84813439978853
0 435 491 245.66717907072024
0 428 493 133.34624097518187
0 425 494 112.53573753491753
0 494 495 107.33417508891405
0 432 496 215.5731857495585
0 447 497 206.65482289588203
0 440 499 154.60993770526306
0 433 500 120.94047616644747
0 505 501 150.09480444447388
0 465 502 161.48458023549284
0 456 503 131.0611669754172
0 453 504 214.91785073643354
0 434 505 140.65646327284605
0 462 506 108.4110709818762
0 510 510 124.88531794244764
0 452 512 219.9052952688988
0 451 513 246.3757589463706
0 467 514 140.77025687031733
0 441 515 113.49069533041556
0 450 517 249.9815388246415
0 444 519 136.60182322858978
0 475 521 106.89426307526446
0 516 522 123.26432226728785
0 457 523 129.8225994735354
0 455 524 330.3112646956793
0 529 525 172.5831038615551
0 476 526 107.37042357621145
0 459 527 287.00018954051137
0 463 528 251.40692107135104
0 454 529 213.6529847486563
0 478 530 292.0061707417831
0 468 531 135.2393585720997
0 461 532 368.2636625881686
0 470 533 113.97764988000469
0 484 535 202.53254775168168
0 472 537 351.14870109408923
0 464 538 262.9402982595103
0 493 540 115.18022448904495
0 471 542 377.34387027652895
0 495 543 159.64478754632538
0 487 545 222.45302717586014
0 490 547 247.46249484029565
0 473 548 234.78889283845018
0 500 549 137.65260088028595
0 496 550 168.2965552364613
0 483 551 226.17152497122842
0 543 553 208.11758535601456
0 503 556 162.00355366157405
0 481 557 268.2590702960989
0 507 558 165.10697026459488
0 498 559 202.05863021139288
0 486 560 140.62949939241832
0 482 561 178.4376647206147
0 513 562 121.96821611876064
0 499 563 148.51175907289206
0 563 564 196.69705151668276
0 502 565 132.68171949878163
0 506 566 160.8279315706428
0 491 569 249.29635645963018
0 511 570 182.6783478258976
0 524 572 146.57990166159027
0 517 573 114.43111444048597
0 514 574 134.53051683285707
0 488 576 223.06921039675015
0 492 577 261.1684135526869
0 561 578 260.8465533195161
0 562 579 106.07893987424208
0 519 580 179.6190608946492
0 501 581 320.7525284722276
0 518 582 222.8090767134909
0 521 583 139.88899575469006
0 520 584 129.90161687762406
0 515 585 125.31027281540781
0 539 586 144.34971535672943
0 528 587 156.00685614199463
0 527 588 112.67835080294297
0 508 589 337.68354525921717
0 512 590 294.8914411132997
0 531 591 127.33055092427873
0 575 592 429.96240984715797
0 526 593 280.0205093146471
0 522 595 375.6935641164306
0 535 596 110.75706832184638
0 549 598 408.57683721593435
0 542 599 159.97947956085116
0 550 600 171.4954812437346
0 545 601 117.50594753700494
0 540 603 178.13994014439163
0 530 604 141.70233180402306
0 532 607 181.2645114002749
0 570 610 150.4568216363038
0 572 611 113.10560726789734
0 574 612 111.07906188958034
0 556 613 124.23968137823182
0 578 615 106.0710997876772
0 544 618 237.89340635235422
0 576 620 104.93881608497378
0 573 621 148.40394614784955
0 565 622 134.94459355874483
0 579 623 117.1723069328768
0 558 627 222.07804903166576
0 588 631 110.89494245725804
0 584 632 118.29831437120217
0 560 645 179.2330181919652
0 566 646 125.65851343630752

0 832.0 302.0
0 837.0 302.0
0 842.0 305.0
0 890.0 307.0
0 904.0 308.0
0 812.0 311.0
0 831.0 312.0
0 822.0 313.0
0 853.0 315.0
0 794.0 316.0
0 811.0 316.0
0 888.0 317.0
0 877.0 321.0
0 890.0 325.0
0 906.0 328.0
0 761.0 331.0
0 723.0 332.0
0 777.0 332.0
0 918.0 332.0
0 718.0 333.0
0 662.0 335.0
0 712.0 335.0
0 697.0 336.0
0 670.0 338.0
0 768.0 341.0
0 659.0 343.0
0 729.0 343.0
0 734.0 343.0
0 620.0 345.0
0 750.0 345.0
0 745.0 346.0
0 690.0 347.0
0 660.0 348.0
0 760.0 349.0
0 895.0 349.0
0 904.0 350.0
0 632.0 352.0
0 645.0 352.0
0 703.0 352.0
0 673.0 355.0
0 617.0 357.0
0 1076.0 357.0
0 726.0 358.0
0 735.0 358.0
0 1061.0 358.0
0 685.0 359.0
0 706.0 359.0
0 993.0 360.0
0 1012.0 360.0
0 601.0 362.0
0 750.0 362.0
0 714.0 363.0
0 911.0 363.0
0 1065.0 364.0
0 618.0 365.0
0 1000.0 365.0
0 1080.0 366.0
0 729.0 367.0
0 632.0 368.0
0 646.0 368.0
0 704.0 368.0
0 744.0 368.0
0 1020.0 368.0
0 1072.0 368.0
0 583.0 369.0
0 672.0 371.0
0 989.0 372.0
0 743.0 373.0
0 601.0 376.0
0 618.0 376.0
0 728.0 376.0
0 686.0 378.0
0 739.0 378.0
0 884.0 378.0
0 989.0 378.0
0 1085.0 378.0
0 717.0 379.0
0 646.0 380.0
0 580.0 381.0
0 946.0 383.0
0 986.0 384.0
0 599.0 385.0
0 879.0 385.0
0 975.0 385.0
0 1016.0 385.0
0 1076.0 385.0
0 963.0 386.0
0 754.0 387.0
0 899.0 387.0
0 767.0 389.0
0 988.0 389.0
0 747.0 390.0
0 779.0 390.0
0 784.0 390.0
0 685.0 391.0
0 716.0 391.0
0 791.0 391.0
0 908.0 391.0
0 797.0 392.0
0 993.0 392.0
0 805.0 393.0
0 810.0 393.0
0 818.0 393.0
0 936.0 393.0
0 1093.0 393.0
0 1081.0 394.0
0 746.0 395.0
0 785.0 395.0
0 833.0 396.0
0 839.0 396.0
0 844.0 396.0
0 954.0 396.0
0 1014.0 396.0
0 728.0 397.0
0 852.0 397.0
0 962.0 397.0
0 857.0 398.0
0 1067.0 398.0
0 1073.0 398.0
0 865.0 399.0
0 908.0 399.0
0 974.0 399.0
0 1031.0 399.0
0 1052.0 399.0
0 1061.0 399.0
0 746.0 400.0
0 804.0 400.0
0 1046.0 400.0
0 640.0 401.0
0 649.0 401.0
0 654.0 401.0
0 773.0 401.0
0 876.0 401.0
0 943.0 401.0
0 751.0 402.0
0 809.0 402.0
0 825.0 402.0
0 830.0 402.0
0 993.0 402.0
0 756.0 403.0
0 762.0 403.0
0 767.0 403.0
0 961.0 403.0
0 1102.0 403.0
0 785.0 405.0
0 1007.0 405.0
0 632.0 406.0
0 795.0 406.0
0 870.0 406.0
0 1074.0 406.0
0 612.0 407.0
0 660.0 407.0
0 923.0 407.0
0 1015.0 407.0
0 621.0 408.0
0 728.0 408.0
0 733.0 408.0
0 805.0 408.0
0 810.0 408.0
0 1061.0 408.0
0 679.0 409.0
0 685.0 409.0
0 739.0 409.0
0 816.0 409.0
0 822.0 409.0
0 1029.0 409.0
0 1045.0 409.0
0 839.0 410.0
0 856.0 410.0
0 722.0 411.0
0 847.0 411.0
0 869.0 411.0
0 582.0 412.0
0 600.0 412.0
0 660.0 412.0
0 877.0 412.0
0 694.0 413.0
0 961.0 414.0
0 714.0 415.0
0 744.0 415.0
0 864.0 415.0
0 1104.0 415.0
0 895.0 416.0
0 925.0 418.0
0 1091.0 418.0
0 668.0 419.0
0 1010.0 419.0
0 631.0 420.0
0 704.0 420.0
0 732.0 420.0
0 945.0 420.0
0 595.0 421.0
0 639.0 421.0
0 646.0 421.0
0 682.0 421.0
0 908.0 422.0
0 1054.0 422.0
0 577.0 423.0
0 653.0 423.0
0 658.0 423.0
0 980.0 423.0
0 881.0 425.0
0 609.0 426.0
0 894.0 426.0
0 998.0 426.0
0 698.0 427.0
0 928.0 427.0
0 1012.0 427.0
0 876.0 428.0
0 902.0 428.0
0 1029.0 428.0
0 1103.0 428.0
0 722.0 429.0
0 745.0 429.0
0 596.0 430.0
0 975.0 431.0
0 1037.0 431.0
0 666.0 432.0
0 682.0 432.0
0 917.0 432.0
0 1042.0 432.0
0 1071.0 432.0
0 576.0 433.0
0 936.0 433.0
0 951.0 433.0
0 992.0 433.0
0 1053.0 433.0
0 1094.0 433.0
0 1102.0 433.0
0 900.0 435.0
0 1013.0 435.0
0 926.0 436.0
0 699.0 437.0
0 708.0 437.0
0 607.0 438.0
0 969.0 438.0
0 989.0 438.0
0 575.0 439.0
0 580.0 440.0
0 1029.0 440.0
0 1102.0 440.0
0 775.0 441.0
0 785.0 441.0
0 589.0 443.0
0 748.0 443.0
0 768.0 443.0
0 799.0 443.0
0 880.0 443.0
0 1022.0 443.0
0 1051.0 443.0
0 575.0 444.0
0 677.0 444.0
0 691.0 444.0
0 755.0 444.0
0 894.0 444.0
0 900.0 444.0
0 919.0 444.0
0 682.0 445.0
0 739.0 446.0
0 826.0 448.0
0 976.0 448.0
0 981.0 448.0
0 987.0 448.0
0 732.0 449.0
0 846.0 449.0
0 938.0 449.0
0 968.0 449.0
0 583.0 450.0
0 707.0 450.0
0 874.0 450.0
0 889.0 450.0
0 907.0 450.0
0 994.0 450.0
0 1011.0 450.0
0 1033.0 451.0
0 593.0 452.0
0 999.0 452.0
0 725.0 453.0
0 841.0 453.0
0 1024.0 453.0
0 1100.0 453.0
0 960.0 454.0
0 747.0 455.0
0 756.0 455.0
0 765.0 455.0
0 1005.0 455.0
0 775.0 456.0
0 784.0 456.0
0 847.0 457.0
0 738.0 458.0
0 938.0 458.0
0 729.0 459.0
0 946.0 459.0
0 793.0 460.0
0 708.0 462.0
0 720.0 462.0
0 762.0 462.0
0 954.0 462.0
0 1013.0 463.0
0 802.0 464.0
0 878.0 465.0
0 896.0 466.0
0 938.0 466.0
0 1031.0 466.0
0 811.0 467.0
0 653.0 468.0
0 705.0 468.0
0 774.0 468.0
0 760.0 470.0
0 1016.0 470.0
0 796.0 471.0
0 820.0 471.0
0 869.0 472.0
0 927.0 472.0
0 941.0 472.0
0 653.0 473.0
0 888.0 473.0
0 1019.0 475.0
0 583.0 476.0
0 673.0 476.0
0 829.0 476.0
0 999.0 476.0
0 1032.0 476.0
0 894.0 477.0
0 1043.0 477.0
0 1095.0 477.0
0 810.0 478.0
0 947.0 479.0
0 765.0 480.0
0 940.0 480.0
0 1019.0 480.0
0 699.0 481.0
0 838.0 481.0
0 821.0 483.0
0 1073.0 483.0
0 662.0 484.0
0 946.0 484.0
0 684.0 485.0
0 972.0 485.0
0 1019.0 485.0
0 1063.0 485.0
0 1078.0 486.0
0 879.0 487.0
0 820.0 488.0
0 846.0 488.0
0 831.0 489.0
0 584.0 490.0
0 678.0 490.0
0 1019.0 490.0
0 1059.0 490.0
0 950.0 492.0
0 1073.0 492.0
0 1082.0 492.0
0 854.0 494.0
0 661.0 495.0
0 839.0 495.0
0 907.0 495.0
0 983.0 495.0
0 602.0 497.0
0 671.0 497.0
0 952.0 497.0
0 1018.0 498.0
0 655.0 500.0
0 835.0 500.0
0 907.0 500.0
0 1056.0 501.0
0 1074.0 501.0
0 1084.0 501.0
0 943.0 503.0
0 1016.0 503.0
0 900.0 505.0
0 850.0 506.0
0 1064.0 506.0
0 1074.0 506.0
0 1094.0 506.0
0 663.0 507.0
0 738.0 508.0
0 749.0 508.0
0 790.0 508.0
0 961.0 508.0
0 1084.0 508.0
0 719.0 510.0
0 757.0 510.0
0 1008.0 510.0
0 727.0 511.0
0 847.0 511.0
0 767.0 513.0
0 914.0 513.0
0 967.0 513.0
0 1076.0 513.0
0 703.0 515.0
0 739.0 515.0
0 999.0 515.0
0 1095.0 515.0
0 750.0 516.0
0 975.0 516.0
0 992.0 516.0
0 784.0 517.0
0 984.0 517.0
0 724.0 518.0
0 853.0 518.0
0 1051.0 518.0
0 714.0 521.0
0 699.0 522.0
0 1099.0 522.0
0 795.0 524.0
0 1047.0 525.0
0 817.0 526.0
0 703.0 527.0
0 1077.0 527.0
0 1099.0 527.0
0 691.0 529.0
0 754.0 529.0
0 760.0 529.0
0 920.0 529.0
0 746.0 530.0
0 768.0 530.0
0 585.0 531.0
0 951.0 531.0
0 734.0 532.0
0 1046.0 532.0
0 1097.0 532.0
0 776.0 533.0
0 728.0 534.0
0 697.0 535.0
0 585.0 536.0
0 786.0 536.0
0 984.0 536.0
0 757.0 538.0
0 1096.0 538.0
0 811.0 539.0
0 718.0 540.0
0 820.0 540.0
0 1019.0 540.0
0 646.0 541.0
0 1001.0 541.0
0 1048.0 544.0
0 666.0 546.0
0 733.0 546.0
0 674.0 547.0
0 827.0 547.0
0 754.0 548.0
0 685.0 549.0
0 1088.0 549.0
0 1051.0 551.0
0 1056.0 553.0
0 741.0 554.0
0 812.0 555.0
0 824.0 555.0
0 1072.0 556.0
0 927.0 558.0
0 670.0 559.0
0 586.0 560.0
0 679.0 560.0
0 703.0 560.0
0 837.0 560.0
0 778.0 562.0
0 721.0 563.0
0 765.0 563.0
0 927.0 564.0
0 783.0 565.0
0 841.0 567.0
0 835.0 568.0
0 748.0 570.0
0 657.0 573.0
0 1067.0 573.0
0 665.0 575.0
0 676.0 575.0
0 748.0 575.0
0 606.0 576.0
0 826.0 576.0
0 720.0 577.0
0 842.0 577.0
0 587.0 579.0
0 749.0 580.0
0 641.0 582.0
0 796.0 584.0
0 782.0 585.0
0 604.0 588.0
0 752.0 589.0
0 737.0 590.0
0 407.0 592.0
0 657.0 594.0
0 920.0 594.0
0 925.0 594.0
0 589.0 595.0
0 641.0 595.0
0 722.0 595.0
0 675.0 596.0
0 667.0 598.0
0 760.0 598.0
0 924.0 599.0
0 724.0 600.0
0 782.0 603.0
0 849.0 603.0
0 606.0 604.0
0 834.0 604.0
0 750.0 606.0
0 659.0 610.0
0 773.0 610.0
0 793.0 610.0
0 587.0 611.0
0 644.0 611.0
0 669.0 613.0
0 734.0 615.0
0 856.0 617.0
0 679.0 618.0
0 822.0 618.0
0 786.0 619.0
0 1080.0 619.0
0 605.0 620.0
0 764.0 621.0
0 828.0 621.0
0 917.0 621.0
0 670.0 622.0
0 847.0 622.0
0 663.0 624.0
0 793.0 624.0
0 741.0 625.0
0 854.0 625.0
0 647.0 628.0
0 684.0 630.0
0 588.0 631.0
0 782.0 631.0
0 818.0 631.0
0 608.0 632.0
0 675.0 633.0
0 827.0 633.0
0 845.0 635.0
0 853.0 636.0
0 768.0 638.0
0 793.0 639.0
0 909.0 639.0
0 779.0 640.0
0 63.0 641.0
0 653.0 641.0
0 842.0 644.0
0 810.0 645.0
0 850.0 645.0
0 1075.0 646.0
0 696.0 647.0
0 742.0 647.0
0 905.0 647.0
0 923.0 647.0
0 675.0 648.0
0 747.0 649.0
0 839.0 651.0
0 752.0 652.0
0 847.0 654.0
0 661.0 655.0
0 691.0 655.0
0 771.0 656.0
0 839.0 656.0
0 588.0 658.0
0 552.0 659.0
0 684.0 659.0
0 694.0 660.0
0 834.0 660.0
0 700.0 661.0
0 773.0 661.0
0 792.0 661.0
0 843.0 662.0
0 916.0 662.0
0 1072.0 663.0
0 201.0 665.0
0 1030.0 665.0
0 712.0 667.0
0 407.0 670.0
0 825.0 670.0
0 837.0 670.0
0 719.0 671.0
0 1073.0 671.0
0 673.0 672.0
0 694.0 672.0
0 705.0 672.0
0 1068.0 672.0
0 886.0 673.0
0 818.0 674.0
0 588.0 675.0
0 346.0 676.0
0 724.0 676.0
0 830.0 678.0
0 713.0 679.0
0 730.0 679.0
0 1026.0 680.0
0 1070.0 680.0
0 681.0 681.0
0 719.0 682.0
0 741.0 682.0
0 824.0 683.0
0 801.0 684.0
0 725.0 686.0
0 590.0 687.0
0 761.0 687.0
0 784.0 687.0
0 779.0 688.0
0 732.0 689.0
0 603.0 695.0
0 739.0 695.0
0 827.0 697.0
0 702.0 698.0
0 730.0 698.0
0 800.0 698.0
0 759.0 699.0
0 787.0 700.0
0 1069.0 701.0
0 590.0 702.0
0 773.0 702.0
0 706.0 703.0
0 711.0 704.0
0 450.0 705.0
0 403.0 706.0
0 369.0 708.0
0 736.0 708.0
0 264.0 709.0
0 326.0 711.0
0 113.0 713.0
0 467.0 713.0
0 1067.0 713.0
0 300.0 714.0
0 353.0 715.0
0 457.0 717.0
0 686.0 720.0
0 392.0 722.0
0 987.0 725.0
0 370.0 727.0
0 1415.0 727.0
0 1064.0 732.0
0 201.0 738.0
0 341.0 738.0
0 418.0 741.0
0 156.0 742.0
0 311.0 743.0
0 883.0 743.0
0 303.0 746.0
0 51.0 753.0
0 1062.0 759.0
0 1463.0 761.0
0 648.0 765.0
0 608.0 767.0
0 1090.0 770.0
0 647.0 771.0
0 608.0 772.0
0 647.0 776.0
0 748.0 778.0
0 1364.0 781.0
0 1222.0 782.0
0 747.0 783.0
0 852.0 783.0
0 609.0 794.0
0 1230.0 794.0
0 742.0 796.0
0 365.0 799.0
0 1326.0 799.0
0 1153.0 805.0
0 641.0 811.0
0 747.0 815.0
0 742.0 818.0
0 1264.0 822.0
0 1466.0 823.0
0 1166.0 825.0
0 615.0 828.0
0 757.0 829.0
0 1428.0 829.0
0 1375.0 832.0
0 727.0 834.0
0 166.0 837.0
0 958.0 841.0
0 1351.0 845.0
0 375.0 847.0
0 160.0 848.0
0 912.0 853.0
0 1040.0 860.0
0 1235.0 862.0
0 400.0 866.0
0 1124.0 870.0
0 854.0 874.0
0 1312.0 875.0
0 911.0 879.0
0 629.0 882.0
0 894.0 882.0
0 1383.0 884.0
0 1086.0 888.0
0 947.0 908.0
0 704.0 911.0
0 938.0 935.0
0 1054.0 937.0
1 864.0 117.0
1 841.0 342.0
1 931.0 343.0
1 813.0 375.0
1 1103.0 375.0
1 774.0 376.0
1 785.0 377.0
1 1114.0 377.0
1 739.0 378.0
1 701.0 379.0
1 727.0 379.0
1 734.0 379.0
1 808.0 379.0
1 689.0 380.0
1 774.0 381.0
1 765.0 382.0
1 1034.0 382.0
1 1066.0 382.0
1 1093.0 382.0
1 808.0 384.0
1 1120.0 386.0
1 716.0 387.0
1 728.0 387.0
1 957.0 387.0
1 700.0 388.0
1 806.0 391.0
1 1043.0 391.0
1 954.0 392.0
1 702.0 394.0
1 774.0 394.0
1 783.0 394.0
1 1031.0 394.0
1 707.0 395.0
1 719.0 396.0
1 672.0 397.0
1 635.0 398.0
1 651.0 398.0
1 1122.0 398.0
1 1076.0 400.0
1 747.0 402.0
1 763.0 403.0
1 779.0 403.0
1 795.0 403.0
1 841.0 406.0
1 846.0 406.0
1 852.0 406.0
1 859.0 406.0
1 864.0 406.0
1 870.0 406.0
1 875.0 406.0
1 888.0 406.0
1 818.0 407.0
1 823.0 407.0
1 832.0 407.0
1 880.0 407.0
1 906.0 407.0
1 911.0 407.0
1 916.0 407.0
1 923.0 407.0
1 930.0 407.0
1 1061.0 407.0
1 813.0 408.0
1 950.0 408.0
1 1020.0 408.0
1 1036.0 408.0
1 1115.0 409.0
1 676.0 410.0
1 939.0 410.0
1 1086.0 410.0
1 1091.0 410.0
1 1104.0 410.0
1 1135.0 410.0
1 1007.0 411.0
1 706.0 412.0
1 852.0 412.0
1 901.0 412.0
1 789.0 414.0
1 633.0 415.0
1 722.0 415.0
1 816.0 415.0
1 870.0 415.0
1 875.0 415.0
1 880.0 415.0
1 756.0 416.0
1 895.0 416.0
1 906.0 416.0
1 952.0 416.0
1 1048.0 417.0
1 1102.0 417.0
1 1116.0 417.0
1 651.0 418.0
1 839.0 418.0
1 844.0 418.0
1 1085.0 418.0
1 810.0 419.0
1 944.0 419.0
1 815.0 421.0
1 827.0 421.0
1 911.0 421.0
1 930.0 421.0
1 952.0 421.0
1 1006.0 421.0
1 1019.0 421.0
1 598.0 422.0
1 822.0 422.0
1 832.0 422.0
1 853.0 422.0
1 864.0 422.0
1 895.0 422.0
1 917.0 422.0
1 922.0 422.0
1 972.0 422.0
1 622.0 423.0
1 784.0 423.0
1 844.0 423.0
1 876.0 423.0
1 887.0 423.0
1 675.0 424.0
1 757.0 424.0
1 980.0 425.0
1 1132.0 425.0
1 1148.0 428.0
1 722.0 429.0
1 1114.0 429.0
1 1060.0 430.0
1 1088.0 430.0
1 788.0 431.0
1 804.0 431.0
1 596.0 432.0
1 756.0 432.0
1 621.0 433.0
1 958.0 433.0
1 971.0 433.0
1 779.0 436.0
1 807.0 436.0
1 827.0 436.0
1 996.0 437.0
1 1064.0 437.0
1 985.0 438.0
1 990.0 438.0
1 1008.0 438.0
1 1024.0 438.0
1 1101.0 439.0
1 1116.0 439.0
1 1151.0 440.0
1 792.0 443.0
1 767.0 444.0
1 682.0 445.0
1 996.0 445.0
1 1005.0 445.0
1 671.0 447.0
1 689.0 447.0
1 793.0 448.0
1 799.0 448.0
1 805.0 448.0
1 1058.0 448.0
1 1063.0 448.0
1 765.0 449.0
1 1072.0 449.0
1 1107.0 449.0
1 718.0 450.0
1 1079.0 450.0
1 723.0 451.0
1 1034.0 451.0
1 1048.0 451.0
1 772.0 452.0
1 969.0 452.0
1 974.0 452.0
1 954.0 453.0
1 1084.0 453.0
1 1098.0 453.0
1 732.0 454.0
1 818.0 454.0
1 823.0 454.0
1 993.0 454.0
1 661.0 455.0
1 666.0 455.0
1 693.0 455.0
1 813.0 455.0
1 869.0 455.0
1 1039.0 455.0
1 636.0 456.0
1 647.0 456.0
1 922.0 456.0
1 1028.0 456.0
1 1033.0 456.0
1 780.0 457.0
1 705.0 458.0
1 983.0 459.0
1 693.0 460.0
1 744.0 461.0
1 936.0 461.0
1 720.0 462.0
1 960.0 462.0
1 972.0 462.0
1 621.0 463.0
1 1096.0 463.0
1 612.0 464.0
1 885.0 464.0
1 603.0 465.0
1 701.0 465.0
1 1023.0 465.0
1 596.0 467.0
1 690.0 467.0
1 901.0 467.0
1 922.0 467.0
1 1028.0 467.0
1 637.0 468.0
1 649.0 468.0
1 659.0 468.0
1 667.0 468.0
1 672.0 468.0
1 1009.0 468.0
1 1099.0 468.0
1 800.0 469.0
1 973.0 469.0
1 681.0 470.0
1 931.0 470.0
1 624.0 471.0
1 745.0 471.0
1 911.0 471.0
1 596.0 472.0
1 917.0 472.0
1 1027.0 472.0
1 721.0 473.0
1 960.0 473.0
1 790.0 474.0
1 604.0 475.0
1 871.0 475.0
1 619.0 476.0
1 627.0 476.0
1 1020.0 476.0
1 632.0 477.0
1 1027.0 477.0
1 701.0 478.0
1 932.0 478.0
1 738.0 479.0
1 758.0 479.0
1 717.0 481.0
1 939.0 481.0
1 1001.0 482.0
1 976.0 483.0
1 1012.0 483.0
1 1024.0 483.0
1 604.0 485.0
1 1149.0 485.0
1 594.0 486.0
1 620.0 486.0
1 710.0 486.0
1 1104.0 486.0
1 1109.0 486.0
1 1116.0 486.0
1 1027.0 488.0
1 726.0 489.0
1 715.0 490.0
1 720.0 490.0
1 1013.0 491.0
1 1131.0 491.0
1 637.0 492.0
1 1103.0 492.0
1 671.0 493.0
1 766.0 493.0
1 986.0 493.0
1 959.0 494.0
1 618.0 495.0
1 755.0 495.0
1 1030.0 495.0
1 1122.0 496.0
1 1101.0 497.0
1 592.0 498.0
1 608.0 498.0
1 1045.0 498.0
1 1149.0 498.0
1 808.0 499.0
1 887.0 499.0
1 1031.0 500.0
1 993.0 501.0
1 1142.0 502.0
1 967.0 503.0
1 1130.0 503.0
1 596.0 505.0
1 845.0 506.0
1 856.0 506.0
1 861.0 506.0
1 866.0 506.0
1 917.0 506.0
1 1027.0 506.0
1 1151.0 506.0
1 613.0 507.0
1 729.0 508.0
1 877.0 509.0
1 1120.0 509.0
1 897.0 510.0
1 974.0 510.0
1 1142.0 510.0
1 808.0 511.0
1 823.0 512.0
1 832.0 512.0
1 1041.0 512.0
1 1090.0 512.0
1 1128.0 512.0
1 1155.0 512.0
1 868.0 513.0
1 1018.0 513.0
1 1033.0 513.0
1 1160.0 514.0
1 844.0 515.0
1 857.0 515.0
1 839.0 516.0
1 1084.0 516.0
1 1050.0 517.0
1 1149.0 517.0
1 686.0 518.0
1 909.0 518.0
1 934.0 518.0
1 1129.0 518.0
1 1141.0 518.0
1 716.0 519.0
1 1055.0 519.0
1 1079.0 519.0
1 827.0 520.0
1 1039.0 520.0
1 1073.0 520.0
1 792.0 521.0
1 804.0 521.0
1 813.0 521.0
1 923.0 521.0
1 1063.0 521.0
1 1068.0 521.0
1 656.0 522.0
1 686.0 524.0
1 717.0 524.0
1 729.0 524.0
1 750.0 524.0
1 929.0 524.0
1 706.0 526.0
1 1120.0 527.0
1 1163.0 527.0
1 798.0 528.0
1 919.0 528.0
1 810.0 529.0
1 691.0 530.0
1 939.0 531.0
1 737.0 533.0
1 927.0 533.0
1 1165.0 533.0
1 684.0 534.0
1 696.0 535.0
1 1118.0 535.0
1 801.0 536.0
1 851.0 536.0
1 1106.0 536.0
1 1138.0 536.0
1 789.0 538.0
1 838.0 538.0
1 933.0 538.0
1 946.0 538.0
1 1164.0 538.0
1 1002.0 540.0
1 733.0 543.0
1 793.0 543.0
1 950.0 543.0
1 1118.0 543.0
1 1162.0 543.0
1 840.0 544.0
1 1027.0 544.0
1 1065.0 544.0
1 1098.0 544.0
1 695.0 546.0
1 835.0 547.0
1 942.0 547.0
1 1047.0 547.0
1 1060.0 547.0
1 1079.0 548.0
1 1160.0 548.0
1 840.0 549.0
1 1088.0 549.0
1 1148.0 549.0
1 957.0 551.0
1 686.0 552.0
1 703.0 552.0
1 717.0 552.0
1 1120.0 552.0
1 730.0 553.0
1 818.0 555.0
1 951.0 556.0
1 596.0 558.0
1 962.0 558.0
1 622.0 559.0
1 686.0 560.0
1 769.0 560.0
1 1126.0 560.0
1 727.0 562.0
1 774.0 562.0
1 954.0 562.0
1 779.0 563.0
1 1147.0 563.0
1 885.0 565.0
1 892.0 569.0
1 962.0 569.0
1 968.0 569.0
1 835.0 572.0
1 763.0 574.0
1 772.0 576.0
1 798.0 577.0
1 824.0 579.0
1 814.0 580.0
1 717.0 581.0
1 839.0 581.0
1 859.0 583.0
1 761.0 584.0
1 898.0 584.0
1 903.0 584.0
1 686.0 586.0
1 910.0 586.0
1 719.0 587.0
1 724.0 589.0
1 1024.0 590.0
1 758.0 593.0
1 809.0 593.0
1 769.0 594.0
1 831.0 594.0
1 724.0 597.0
1 809.0 598.0
1 941.0 598.0
1 971.0 599.0
1 977.0 600.0
1 826.0 603.0
1 901.0 605.0
1 991.0 605.0
1 735.0 606.0
1 906.0 606.0
1 947.0 606.0
1 910.0 611.0
1 979.0 612.0
1 1024.0 612.0
1 811.0 616.0
1 735.0 618.0
1 768.0 618.0
1 725.0 619.0
1 882.0 619.0
1 967.0 620.0
1 760.0 621.0
1 796.0 621.0
1 978.0 622.0
1 1023.0 623.0
1 992.0 630.0
1 836.0 631.0
1 909.0 631.0
1 795.0 633.0
1 904.0 633.0
1 1021.0 633.0
1 936.0 635.0
1 821.0 636.0
1 977.0 636.0
1 925.0 637.0
1 762.0 639.0
1 898.0 639.0
1 599.0 641.0
1 940.0 641.0
1 976.0 641.0
1 1018.0 643.0
1 772.0 644.0
1 962.0 646.0
1 974.0 646.0
1 730.0 647.0
1 625.0 648.0
1 763.0 648.0
1 907.0 652.0
1 922.0 652.0
1 893.0 654.0
1 1015.0 654.0
1 933.0 655.0
1 971.0 655.0
1 598.0 656.0
1 776.0 657.0
1 769.0 660.0
1 625.0 662.0
1 878.0 662.0
1 908.0 663.0
1 1011.0 664.0
1 953.0 665.0
1 965.0 667.0
1 898.0 668.0
1 738.0 669.0
1 951.0 670.0
1 917.0 671.0
1 847.0 672.0
1 1007.0 672.0
1 600.0 674.0
1 871.0 674.0
1 960.0 676.0
1 944.0 678.0
1 791.0 679.0
1 624.0 680.0
1 1000.0 683.0
1 787.0 684.0
1 792.0 684.0
1 874.0 684.0
1 1139.0 684.0
1 746.0 687.0
1 955.0 687.0
1 1104.0 688.0
1 791.0 689.0
1 971.0 691.0
1 599.0 693.0
1 811.0 694.0
1 803.0 695.0
1 949.0 695.0
1 599.0 698.0
1 625.0 699.0
1 820.0 700.0
1 915.0 700.0
1 988.0 700.0
1 804.0 701.0
1 1138.0 702.0
1 599.0 703.0
1 790.0 703.0
1 814.0 703.0
1 826.0 704.0
1 1105.0 705.0
1 834.0 706.0
1 906.0 706.0
1 900.0 707.0
1 763.0 708.0
1 889.0 708.0
1 894.0 708.0
1 845.0 709.0
1 822.0 711.0
1 626.0 713.0
1 923.0 713.0
1 829.0 714.0
1 910.0 715.0
1 871.0 716.0
1 805.0 717.0
1 837.0 717.0
1 901.0 718.0
1 895.0 719.0
1 890.0 720.0
1 779.0 721.0
1 871.0 721.0
1 627.0 722.0
1 932.0 722.0
1 600.0 725.0
1 1138.0 725.0
1 834.0 728.0
1 1241.0 728.0
1 702.0 729.0
1 919.0 729.0
1 862.0 734.0
1 804.0 737.0
1 309.0 739.0
1 599.0 739.0
1 329.0 741.0
1 907.0 741.0
1 340.0 742.0
1 852.0 743.0
1 875.0 743.0
1 1136.0 743.0
1 862.0 746.0
1 1466.0 748.0
1 599.0 750.0
1 365.0 754.0
1 174.0 756.0
1 774.0 758.0
1 779.0 760.0
1 1346.0 760.0
1 600.0 762.0
1 1136.0 763.0
1 145.0 768.0
1 505.0 770.0
1 1136.0 773.0
1 449.0 775.0
1 520.0 778.0
1 408.0 779.0
1 599.0 779.0
1 394.0 786.0
1 748.0 786.0
1 354.0 787.0
1 446.0 788.0
1 1134.0 791.0
1 1133.0 796.0
1 598.0 806.0
1 547.0 810.0
1 355.0 814.0
1 1027.0 825.0
1 1130.0 825.0
1 1141.0 826.0
1 151.0 827.0
1 1131.0 837.0
1 955.0 867.0
1 1137.0 881.0
1 891.0 890.0
1 724.0 906.0
