0 0 0 166.4140548979776
0 2 1 166.93494784954495
0 3 2 130.55723729283636
0 4 3 144.06317849410107
0 6 4 192.98956625126763
0 8 5 134.8160199258678
0 5 8 137.04900698951556
0 7 10 124.6411588826317
0 11 12 145.2118571047862
0 14 14 129.6749850458695
0 18 16 115.44155603057906
0 10 18 166.51938471298877
0 9 19 147.2935800597068
0 15 20 354.70629916407137
0 19 23 280.38096358595567
0 16 24 175.4529277264973
0 12 25 132.56238438867103
0 22 27 154.4932062816422
0 17 28 164.14010068016935
0 21 30 189.99074122726753
0 20 37 139.54675047071572
0 44 39 128.22620961341025
0 23 41 119.53825780629566
0 56 42 262.4307465954597
0 47 44 123.44083002496744
0 28 45 108.24190492977237
0 27 46 132.01926919851556
0 31 47 246.2348075578744
0 26 48 130.9218183547732
0 34 49 106.62984127694344
0 30 50 123.97934507204151
0 32 51 205.6039057498928
0 46 52 320.1556848370537
0 29 53 141.46219963173252
0 33 54 203.53961719588568
0 79 55 219.32701449929385
0 48 56 109.53948891153023
0 53 57 110.00509595635994
0 36 59 104.79425187474172
0 38 61 114.32176286426945
0 37 62 134.7336933734475
0 55 63 108.65233720298278
0 63 64 108.20737573048874
0 45 66 204.8501872956424
0 24 67 461.39667709015
0 39 69 111.50206372862034
0 40 70 127.06112692233617
0 42 71 129.7273055335248
0 66 72 183.101130285958
0 75 73 242.80229342967536
0 43 75 114.59481449601302
0 35 78 184.7253472130086
0 62 79 107.45165074211904
0 49 80 109.89756410734255
0 51 83 112.39968187889491
0 54 86 124.464343579779
0 60 88 116.99242749292927
0 85 90 118.81025283093987
0 57 91 125.58872747701805
0 58 93 106.37657774780536
0 59 94 130.59928161589485
0 83 95 166.43444316307676
0 80 96 214.2896409656947
0 86 97 147.2360058265286
0 64 98 149.166688449684
0 65 99 113.17568766313866
0 70 100 120.92433234079164
0 50 101 265.1478978208354
0 84 102 109.33628768426678
0 143 103 275.7020579446715
0 105 107 115.1276719044268
0 90 108 136.78642383889982
0 76 110 116.0151865429925
0 103 111 109.87366230522022
0 69 112 109.18791064525794
0 68 113 112.29334228259434
0 71 114 117.5937283965397
0 67 115 243.789081929485
0 111 116 122.3604877202763
0 115 117 123.94228768202981
0 78 118 198.90314808757506
0 77 119 111.74540518960374
0 73 120 105.32587885739999
0 99 121 154.3922355242233
0 121 122 111.11259315254031
0 112 123 118.27766475224331
0 118 124 155.28124359636243
0 124 125 179.65152742522957
0 122 127 121.10724830217794
0 81 128 108.52620631240887
0 97 129 179.3623007684352
0 133 130 112.0394476353383
0 127 131 165.99751377968414
0 95 132 132.9454296030643
0 88 133 180.20885999196767
0 142 134 120.38760045924226
0 145 136 123.07990267591352
0 138 138 138.76389978359828
0 94 139 111.64618337940668
0 82 140 105.21950247877574
0 149 141 124.95446374468
0 159 143 138.83260141737017
0 153 144 184.39814186395026
0 166 145 115.61872622979334
0 113 146 155.33855164891736
0 87 147 109.76704784223217
0 120 148 208.95744195642524
0 165 149 115.17170880502017
0 89 150 137.52380015574408
0 92 151 263.9877897188174
0 184 154 156.1598772852527
0 91 156 123.20061636966082
0 96 158 186.54792925791529
0 98 159 151.04958165467613
0 152 160 120.78786627817108
0 100 161 182.3661576596387
0 101 162 172.65938756053342
0 102 163 131.40046008757514
0 128 164 109.96135311611597
0 130 165 149.18348060310714
0 129 166 154.9102128808441
0 109 167 186.33206329588822
0 110 168 191.86023121507588
0 114 169 187.15512368622464
0 177 170 107.26623652460079
0 107 172 154.15272086569922
0 116 173 154.6734958018722
0 106 174 139.28316707762573
0 137 175 276.96408873434143
0 108 176 172.60613283494902
0 186 177 111.58546423996958
0 151 178 137.80128910760422
0 119 179 114.86429762759019
0 132 180 104.89793981397972
0 150 181 102.1229764669131
0 146 183 105.768358110646
0 160 184 199.38840115664462
0 176 185 212.3946380064405
0 131 186 128.37069938443764
0 126 187 226.16451251235654
0 135 188 187.8451625818866
0 134 189 139.8360379593653
0 136 190 170.00922640565886
0 183 191 114.69298981708629
0 196 192 109.37127742664438
0 140 193 208.59665259959777
0 139 194 180.04119313502122
0 141 195 165.21966487537384
0 190 197 115.70487409386257
0 173 198 108.54613329192627
0 144 199 125.3232370880893
0 147 201 125.55585082956573
0 168 202 141.3973897317673
0 172 204 158.62350193863847
0 169 205 117.75464843071157
0 157 206 223.03497411108702
0 163 207 186.6168820421188
0 171 208 120.68136293591239
0 156 209 204.96508296110565
0 164 210 151.687916595052
0 167 211 137.78380433292745
0 228 212 471.3421707799008
0 170 213 199.9861726784523
0 175 215 105.58742024875943
0 210 216 184.90442392769324
0 188 217 123.61241563415734
0 162 218 126.14395007058616
0 207 219 155.47046608847015
0 220 220 171.96594509276068
0 226 221 116.65379182867987
0 185 222 138.40871053696887
0 180 223 124.45176871748455
0 182 224 113.016706950987
0 206 226 154.3502766852019
0 204 227 185.597767678217
0 187 228 110.27777323140609
0 192 229 130.94572944230418
0 193 230 165.8648961457101
0 199 231 117.45603733901547
0 194 232 106.74125627821311
0 178 233 111.5377417464829
0 224 234 128.90343139021294
0 191 235 112.887924868492
0 198 236 156.06838864649418
0 179 237 119.89853385783948
0 195 238 141.04217196599933
0 215 239 149.7812857134312
0 205 240 123.78051533701775
0 223 241 187.54507473871797
0 189 242 110.92222407270197
0 202 243 106.20541979340442
0 225 246 204.77674014200414
0 197 247 274.31806424228233
0 214 248 111.13775856899706
0 201 249 107.75689350709008
0 203 250 113.0330395558668
0 217 252 110.06942150495378
0 239 253 182.9184875691278
0 219 254 130.66461223865466
0 231 255 124.44524223933277
0 232 256 158.43793183979702
0 236 257 168.85239318540363
0 248 258 338.9192097064145
0 233 259 191.02606902400223
0 212 260 108.54074708998802
0 213 261 110.9014445426212
0 235 262 138.03256150893472
0 229 264 115.60400367678977
0 234 265 104.05690810634867
0 252 269 130.68350245037175
0 274 270 217.97621235445513
0 280 271 425.4637147991922
0 251 272 202.9474725792487
0 256 273 119.31434498107116
0 247 276 106.04930252479676
0 250 280 158.63757072149994
0 262 283 184.46391202491975
0 272 284 187.16067733064588
0 273 285 176.88323874448992
0 269 286 116.17301905463648
0 261 287 210.78800555426844
0 279 288 163.63408312547315
0 260 290 202.07414509235466
0 268 291 140.11751613435305
0 276 294 190.86644651570546
0 275 295 114.71312038097092
0 271 296 108.23580870823513
0 267 297 128.22687602859338
0 266 298 194.00781780036104
0 285 299 204.24507023306734
0 246 300 378.6239227569298
0 281 301 191.57794154053312
0 258 302 420.78733395517196
0 264 304 178.03030158328946
0 290 305 122.84647814730829
0 241 306 389.2285059984312
0 298 307 213.5572415969324
0 245 308 211.3943582360586
0 292 310 139.34774268616496
0 253 311 399.3025088712584
0 259 312 182.91150770803395
0 297 313 193.46427356928285
0 325 314 145.49858228083025
0 244 315 457.69561260194916
0 309 318 179.39078062801255
0 324 319 121.14433529535961
0 294 321 348.5815487899845
0 314 324 253.68942339511977
0 322 325 147.69919017832837
0 334 326 132.30525031449397
0 288 328 184.5995944736806
0 301 329 103.71188828808846
0 317 330 221.89121703920623
0 305 331 136.2436492655955
0 302 334 204.62408872743373
0 341 335 199.96214629550965
0 313 341 113.42556131814261
0 340 342 136.6332842278584
0 300 345 109.22649600026666
0 330 351 220.54608015511775
0 315 352 139.73352442856537
0 286 353 318.94462379343406
0 319 354 126.68574366149026
0 293 355 292.8048289050162
0 329 357 197.7030121127919
0 349 358 127.49975567357868
0 316 362 148.13104939392164
0 327 363 193.92643674440808
0 312 371 138.21896809091803
0 283 373 317.22855818195984
0 296 374 373.66328064430417
0 336 379 248.23966945205834
0 348 380 246.20476144809152
0 365 384 129.77643575855197
0 374 385 216.1970162567058
0 318 386 125.97575893279173
0 335 387 107.45575249153933
0 310 390 368.88085776612616
0 366 392 172.94045078357703
0 350 396 270.2462790271002
0 373 398 162.35194297269092
0 361 404 206.74726547389764
0 404 405 310.648973401406
0 380 409 231.54969994294484
0 320 412 263.22680815285
0 307 413 320.4651220982755
0 354 414 132.371442883803
0 389 416 130.72519015567917
0 360 420 251.60816368522254
0 369 421 184.60197094754267
0 358 422 102.03658186656241
0 308 425 155.72748032523668
0 326 426 454.84333665598473
0 332 427 316.6062630883593
0 368 428 107.24602940064388
0 356 431 161.03551307104505
0 357 435 140.30913106554036
0 401 436 103.78262604583142
0 410 437 258.3695240306975
0 344 438 249.37100292687958
0 342 441 176.67798485013947
0 331 444 441.1466430841057
0 383 445 188.43178300198056
0 379 446 180.37650974818357
0 409 447 125.64071860143918
0 333 448 393.11342196645563
0 353 451 164.93164130086006
0 328 455 115.75608615475817
0 388 456 204.75565960203443
0 370 458 108.93505971027946
0 395 461 207.98066723286132
0 392 462 200.9322864996189
0 346 463 269.1362221297325
0 355 465 395.3847315869024
0 398 467 196.572348226062
0 396 468 190.57916942084876
0 420 470 177.5281108128539
0 363 472 245.67232329048193
0 429 478 179.12067263179833
0 418 484 103.14364274900673
0 362 486 234.94344142408315
0 375 487 252.34660368285628
0 371 488 168.38195525094127
0 427 489 148.8055794145205
0 436 490 148.46651033504577
0 433 492 103.83811736372297
0 435 494 123.37492743718047
0 378 495 232.30238161222312
0 414 496 179.3677850753213
0 443 497 137.1305229226203
0 445 498 152.79243546476508
0 431 501 427.11385796947746
0 376 502 209.1701809472693
0 377 503 459.92848268594554
0 382 504 195.82579070779659
0 381 506 206.4103763646737
0 384 507 171.88027034143053
0 400 508 153.56131911840808
0 425 509 219.62591552437547
0 386 510 144.1160940394155
0 391 512 234.0502532640292
0 394 513 337.77920231419165
0 397 514 135.93826050044115
0 399 516 134.95475369727183
0 390 517 231.82964740639
0 402 518 121.2897100846718
0 403 519 192.4143591079851
0 405 520 115.56189621288078
0 413 521 277.20536899422603
0 416 522 192.39893509357495
0 415 523 349.86878786008265
0 412 524 308.2685350570327
0 407 526 137.6108482245788
0 422 528 182.05649462475273
0 408 530 139.92114910505245
0 411 532 116.12239393300314
0 452 533 123.42229575167786
0 430 535 141.1463897292989
0 426 536 257.80858608171184
0 432 537 235.22141997348623
0 464 539 345.2200083047626
0 458 540 273.9954371699577
0 473 541 113.65403133998187
0 469 542 111.97625976342391
0 455 543 342.62140495431487
0 459 544 323.8782888126269
0 447 545 125.09063492764119
0 437 546 145.41106460208783
0 439 547 137.9159950572175
0 448 548 212.58571838209866
0 442 550 112.21149236353673
0 484 551 405.24534394746684
0 457 552 186.1889052284372
0 478 553 121.06077516142251
0 491 554 402.2700619929579
0 454 555 107.39356479057341
0 456 556 218.17588349399165
0 476 557 341.8547188109469
0 446 559 194.39416933916104
0 462 560 211.9102591752759
0 485 561 119.52424023257949
0 451 562 118.9751799851391
0 460 563 178.4582583561948
0 453 565 115.53958087019186
0 470 566 212.23873178585455
0 461 567 189.3544807485506
0 509 568 206.33913072781417
0 475 569 183.1035682526489
0 487 570 305.3135187526001
0 495 572 115.14271590147996
0 492 573 233.3976025198325
0 468 575 456.04258154778756
0 472 577 119.42038616483843
0 466 579 113.21347628580362
0 467 580 110.2811439485308
0 501 582 119.64855428010681
0 486 583 226.0739536769289
0 477 586 225.0216659530186
0 510 592 119.23369617283028
0 497 593 190.9339139537242
0 482 594 395.24300995221193
0 490 595 452.4543654528558
0 502 601 201.3560302516228
0 494 603 111.0407148237545
0 543 604 295.46460537394535
0 489 605 119.89745422898397
0 496 606 373.3234594625386
0 493 608 478.4643821049438
0 499 610 249.81351706458827
0 525 612 118.2095538046647
0 488 613 409.9253081577555
0 563 614 188.4129281700822
0 500 615 222.2713944227119
0 532 617 336.47160208819486
0 504 619 192.96712493037137
0 565 620 106.6750494868702
0 575 621 254.079477678564
0 522 622 140.2475185946572
0 505 623 228.7322727783674
0 562 625 280.2986126675398
0 503 626 163.5067113685161
0 524 627 497.8294166157961
0 515 629 159.3976467369127
0 511 630 126.8276051995247
0 506 631 117.87959699566528
0 519 632 172.39516033817665
0 517 633 258.4535657644709
0 585 636 129.9565061460727
0 514 638 164.633763038572
0 527 639 282.8898605263198
0 523 641 127.29309561639239
0 528 643 237.02200107172064
0 535 644 351.64067174932535
0 521 645 123.26784530183774
0 529 646 221.04364538004373
0 531 647 220.1348425000551
0 526 648 116.2325938268034
0 533 650 130.53203587752506
0 605 651 190.1806301645925
0 536 652 322.80979634402456
0 538 653 272.7507880481191
0 540 655 130.90121482128785
0 560 656 147.8532907442846
0 548 657 253.56969910579932
0 553 658 131.53279637931573
0 557 660 299.57072854727477
0 559 662 164.42257616292414
0 554 663 105.33366206907506
0 550 664 214.67131668838474
0 561 667 264.62500413052277
0 549 669 308.8358554971642
0 556 670 153.80131036992694
0 618 671 205.0536512664928
0 626 672 132.2095183008179
0 555 673 128.4221395785325
0 568 674 273.14855788470436
0 569 675 286.2673467469054
0 566 676 186.75192635187474
0 558 677 216.04243478762518
0 577 678 162.15557727009568
0 572 680 278.001694467859
0 570 681 200.93860366894768
0 578 682 232.05749230922655
0 574 683 184.47835367861728
0 581 684 252.37211237567143
0 580 685 196.88154999420874
0 582 686 231.81771516647564
0 583 687 182.33535797565906
0 637 688 112.11057995646074
0 590 689 199.12501013296708
0 589 690 164.50468568066773
0 588 692 166.17189145094906
0 587 693 210.27019503791539
0 586 694 243.3860471971651
0 594 695 254.04846771088123
0 591 696 185.97106528335033
0 595 697 245.50253401242585
0 593 698 359.9878167460949
0 624 700 102.14767330115694
0 600 703 181.76115264793458
0 596 704 145.74815612756382
0 602 705 390.73624432008006
0 567 706 107.96869778247107
0 604 707 394.08261229459913
0 627 708 262.87633650652236
0 609 709 270.04868362820554
0 603 710 267.1892851739487
0 607 711 382.8287639732582
0 579 715 104.44365064612042
0 597 716 155.65152876000016
0 564 717 108.72748293641432
0 613 720 139.8749770414401
0 645 721 102.27492171591663
0 633 725 104.30743694305863
0 610 726 107.27098942450945
0 646 729 126.32248192735342
0 611 731 115.89101093970258
0 617 732 106.33022712622385
0 612 734 109.38891264374023
0 622 736 168.60659403387365
0 621 737 106.69835332287923
0 659 740 110.55149971718367
0 615 741 111.50062611544051
0 620 742 108.89496947027307
0 614 743 105.42607055066802
0 619 745 106.66263849847996
0 623 746 118.8868164884403
0 625 748 115.70714035660265
0 658 751 106.53516259626983
0 648 755 102.31037850632796
0 630 759 142.3991879013599
0 616 761 147.61364243257322
0 629 763 120.87094546850379
0 660 764 114.60431758369091
0 632 771 133.26646133765493
0 634 772 131.45278173759897
0 628 773 103.72721965787584
0 631 780 126.54548767847345
0 673 787 135.73462212548603
0 677 793 116.47704417461904
0 667 795 103.42387362390441
0 657 797 186.69760262977942
0 681 803 412.34801360531844
0 675 810 111.76992732816487
0 635 812 134.1839780458419
0 671 817 122.43940050202646
0 676 820 439.94503707899344
0 652 823 103.28336781813694
0 661 824 111.84456492211079
0 678 832 121.11251133091602
0 680 836 114.7833778130015
0 679 844 457.1180396027181
0 683 849 110.7609802613363
0 674 858 125.41990307574204
0 670 864 164.76768713221884
0 684 865 133.26900196727522
0 685 866 114.60240744610282

0 817.0 284.0
0 830.0 285.0
0 883.0 287.0
0 898.0 288.0
0 825.0 295.0
0 843.0 297.0
0 877.0 297.0
0 865.0 299.0
0 804.0 302.0
0 897.0 302.0
0 815.0 303.0
0 876.0 305.0
0 887.0 306.0
0 826.0 307.0
0 901.0 310.0
0 842.0 311.0
0 913.0 311.0
0 798.0 312.0
0 803.0 312.0
0 790.0 315.0
0 762.0 317.0
0 767.0 319.0
0 690.0 320.0
0 703.0 321.0
0 711.0 321.0
0 884.0 321.0
0 802.0 325.0
0 670.0 327.0
0 779.0 328.0
0 653.0 329.0
0 697.0 329.0
0 735.0 330.0
0 616.0 331.0
0 621.0 331.0
0 610.0 332.0
0 626.0 332.0
0 687.0 332.0
0 639.0 333.0
0 604.0 334.0
0 1067.0 337.0
0 666.0 338.0
0 651.0 339.0
0 1086.0 339.0
0 759.0 340.0
0 1000.0 340.0
0 591.0 341.0
0 723.0 341.0
0 678.0 342.0
0 714.0 342.0
0 901.0 342.0
0 735.0 343.0
0 641.0 344.0
0 699.0 344.0
0 743.0 344.0
0 751.0 344.0
0 932.0 344.0
0 1017.0 344.0
0 1073.0 346.0
0 655.0 347.0
0 607.0 348.0
0 666.0 348.0
0 687.0 348.0
0 624.0 349.0
0 1007.0 353.0
0 1083.0 353.0
0 702.0 354.0
0 675.0 355.0
0 761.0 355.0
0 642.0 356.0
0 655.0 356.0
0 589.0 357.0
0 714.0 357.0
0 995.0 357.0
0 1092.0 357.0
0 626.0 358.0
0 725.0 358.0
0 734.0 358.0
0 743.0 358.0
0 907.0 358.0
0 1030.0 358.0
0 573.0 360.0
0 985.0 361.0
0 1004.0 362.0
0 700.0 363.0
0 942.0 363.0
0 952.0 363.0
0 591.0 364.0
0 974.0 364.0
0 688.0 365.0
0 754.0 365.0
0 1089.0 365.0
0 717.0 367.0
0 733.0 367.0
0 607.0 368.0
0 626.0 370.0
0 979.0 370.0
0 987.0 370.0
0 968.0 371.0
0 554.0 373.0
0 656.0 373.0
0 713.0 373.0
0 751.0 374.0
0 1028.0 374.0
0 1102.0 374.0
0 673.0 375.0
0 989.0 375.0
0 1015.0 376.0
0 1093.0 376.0
0 994.0 377.0
0 551.0 378.0
0 707.0 379.0
0 939.0 379.0
0 593.0 380.0
0 576.0 381.0
0 673.0 381.0
0 746.0 381.0
0 957.0 381.0
0 967.0 381.0
0 552.0 383.0
0 628.0 383.0
0 899.0 384.0
0 1009.0 384.0
0 981.0 385.0
0 1026.0 387.0
0 1081.0 387.0
0 1074.0 388.0
0 993.0 389.0
0 1044.0 389.0
0 576.0 390.0
0 920.0 390.0
0 949.0 390.0
0 1061.0 390.0
0 708.0 391.0
0 914.0 392.0
0 966.0 392.0
0 1108.0 392.0
0 1016.0 393.0
0 991.0 394.0
0 1006.0 394.0
0 673.0 395.0
0 896.0 395.0
0 1086.0 395.0
0 704.0 396.0
0 1076.0 397.0
0 1028.0 398.0
0 1061.0 399.0
0 732.0 400.0
0 758.0 400.0
0 921.0 400.0
0 1044.0 400.0
0 773.0 401.0
0 782.0 401.0
0 1021.0 401.0
0 787.0 402.0
0 1106.0 402.0
0 554.0 403.0
0 751.0 403.0
0 793.0 403.0
0 799.0 403.0
0 804.0 403.0
0 933.0 403.0
0 811.0 404.0
0 820.0 404.0
0 829.0 404.0
0 624.0 405.0
0 638.0 405.0
0 633.0 406.0
0 850.0 406.0
0 858.0 407.0
0 865.0 407.0
0 967.0 407.0
0 1110.0 407.0
0 793.0 408.0
0 872.0 408.0
0 752.0 409.0
0 838.0 409.0
0 843.0 409.0
0 1021.0 410.0
0 646.0 411.0
0 881.0 411.0
0 893.0 411.0
0 592.0 412.0
0 732.0 412.0
0 616.0 413.0
0 668.0 413.0
0 679.0 413.0
0 780.0 413.0
0 816.0 413.0
0 821.0 413.0
0 754.0 414.0
0 837.0 414.0
0 936.0 414.0
0 1070.0 414.0
0 768.0 415.0
0 762.0 416.0
0 773.0 416.0
0 847.0 416.0
0 958.0 416.0
0 577.0 417.0
0 794.0 417.0
0 660.0 418.0
0 805.0 418.0
0 872.0 419.0
0 1064.0 419.0
0 557.0 420.0
0 722.0 420.0
0 817.0 420.0
0 828.0 420.0
0 886.0 420.0
0 731.0 421.0
0 836.0 421.0
0 853.0 421.0
0 1113.0 421.0
0 859.0 422.0
0 864.0 422.0
0 894.0 422.0
0 1048.0 422.0
0 696.0 423.0
0 741.0 423.0
0 1024.0 423.0
0 1057.0 424.0
0 1069.0 424.0
0 655.0 425.0
0 880.0 425.0
0 914.0 425.0
0 940.0 425.0
0 945.0 425.0
0 1014.0 425.0
0 614.0 426.0
0 623.0 426.0
0 631.0 426.0
0 645.0 426.0
0 672.0 427.0
0 711.0 427.0
0 961.0 427.0
0 574.0 428.0
0 636.0 428.0
0 748.0 428.0
0 928.0 428.0
0 995.0 428.0
0 689.0 430.0
0 954.0 430.0
0 735.0 431.0
0 590.0 432.0
0 699.0 433.0
0 1002.0 433.0
0 1012.0 433.0
0 553.0 434.0
0 576.0 435.0
0 899.0 435.0
0 914.0 435.0
0 953.0 435.0
0 655.0 437.0
0 1048.0 437.0
0 931.0 438.0
0 941.0 439.0
0 691.0 440.0
0 1010.0 440.0
0 1027.0 440.0
0 708.0 441.0
0 723.0 441.0
0 750.0 442.0
0 990.0 442.0
0 817.0 444.0
0 919.0 444.0
0 587.0 445.0
0 1027.0 445.0
0 1041.0 445.0
0 628.0 448.0
0 683.0 448.0
0 1058.0 448.0
0 1110.0 448.0
0 666.0 449.0
0 938.0 449.0
0 671.0 450.0
0 978.0 450.0
0 897.0 451.0
0 806.0 452.0
0 827.0 452.0
0 858.0 452.0
0 554.0 453.0
0 780.0 453.0
0 792.0 453.0
0 1007.0 453.0
0 1014.0 453.0
0 1034.0 453.0
0 881.0 454.0
0 999.0 454.0
0 1043.0 454.0
0 843.0 455.0
0 994.0 455.0
0 707.0 456.0
0 772.0 456.0
0 973.0 456.0
0 1023.0 456.0
0 575.0 457.0
0 927.0 457.0
0 561.0 458.0
0 984.0 458.0
0 1028.0 458.0
0 814.0 460.0
0 979.0 460.0
0 745.0 461.0
0 830.0 461.0
0 863.0 461.0
0 955.0 461.0
0 792.0 462.0
0 1033.0 463.0
0 782.0 464.0
0 822.0 464.0
0 968.0 464.0
0 760.0 465.0
0 846.0 465.0
0 976.0 465.0
0 1107.0 465.0
0 754.0 467.0
0 749.0 468.0
0 822.0 469.0
0 1039.0 469.0
0 1056.0 469.0
0 973.0 470.0
0 708.0 471.0
0 799.0 471.0
0 830.0 471.0
0 965.0 471.0
0 1050.0 471.0
0 1082.0 471.0
0 810.0 472.0
0 865.0 472.0
0 914.0 472.0
0 1045.0 472.0
0 643.0 474.0
0 739.0 474.0
0 819.0 474.0
0 959.0 475.0
0 1095.0 475.0
0 674.0 476.0
0 679.0 476.0
0 792.0 476.0
0 801.0 476.0
0 830.0 476.0
0 946.0 476.0
0 1079.0 476.0
0 810.0 477.0
0 1050.0 477.0
0 898.0 478.0
0 684.0 479.0
0 731.0 479.0
0 840.0 479.0
0 822.0 480.0
0 964.0 480.0
0 1044.0 480.0
0 644.0 481.0
0 796.0 481.0
0 666.0 482.0
0 806.0 482.0
0 834.0 482.0
0 959.0 482.0
0 1074.0 482.0
0 674.0 483.0
0 817.0 483.0
0 850.0 483.0
0 910.0 483.0
0 969.0 483.0
0 685.0 484.0
0 695.0 485.0
0 703.0 485.0
0 723.0 485.0
0 714.0 486.0
0 827.0 486.0
0 845.0 486.0
0 891.0 486.0
0 767.0 487.0
0 777.0 487.0
0 787.0 487.0
0 757.0 488.0
0 799.0 488.0
0 806.0 488.0
0 838.0 488.0
0 970.0 488.0
0 1045.0 488.0
0 813.0 489.0
0 853.0 490.0
0 882.0 490.0
0 1072.0 490.0
0 1105.0 490.0
0 564.0 491.0
0 654.0 491.0
0 708.0 491.0
0 748.0 491.0
0 819.0 491.0
0 846.0 491.0
0 1086.0 491.0
0 828.0 493.0
0 833.0 493.0
0 739.0 494.0
0 970.0 494.0
0 892.0 495.0
0 1093.0 495.0
0 707.0 496.0
0 767.0 496.0
0 772.0 496.0
0 839.0 496.0
0 730.0 497.0
0 1044.0 497.0
0 1114.0 497.0
0 754.0 498.0
0 759.0 498.0
0 973.0 499.0
0 1104.0 499.0
0 722.0 500.0
0 810.0 500.0
0 849.0 500.0
0 798.0 501.0
0 653.0 503.0
0 748.0 503.0
0 1095.0 503.0
0 702.0 504.0
0 734.0 504.0
0 763.0 504.0
0 976.0 504.0
0 1041.0 504.0
0 586.0 505.0
0 714.0 505.0
0 773.0 505.0
0 792.0 505.0
0 825.0 505.0
0 859.0 505.0
0 962.0 505.0
0 661.0 506.0
0 675.0 506.0
0 930.0 506.0
0 757.0 507.0
0 808.0 507.0
0 697.0 508.0
0 1010.0 508.0
0 1072.0 508.0
0 1116.0 508.0
0 867.0 509.0
0 706.0 510.0
0 822.0 510.0
0 910.0 510.0
0 1052.0 510.0
0 838.0 511.0
0 733.0 512.0
0 1034.0 512.0
0 985.0 513.0
0 1091.0 513.0
0 851.0 514.0
0 688.0 515.0
0 712.0 515.0
0 877.0 515.0
0 695.0 516.0
0 700.0 516.0
0 856.0 516.0
0 793.0 517.0
0 991.0 517.0
0 1026.0 517.0
0 925.0 518.0
0 1103.0 518.0
0 841.0 519.0
0 999.0 519.0
0 1020.0 519.0
0 567.0 520.0
0 687.0 520.0
0 864.0 520.0
0 1004.0 520.0
0 1010.0 520.0
0 1015.0 520.0
0 704.0 521.0
0 1066.0 521.0
0 768.0 523.0
0 853.0 523.0
0 832.0 524.0
0 1318.0 524.0
0 568.0 525.0
0 911.0 525.0
0 873.0 526.0
0 1110.0 526.0
0 860.0 527.0
0 1105.0 527.0
0 895.0 529.0
0 719.0 530.0
0 731.0 530.0
0 971.0 531.0
0 1009.0 532.0
0 647.0 534.0
0 674.0 535.0
0 881.0 536.0
0 1004.0 536.0
0 1068.0 536.0
0 761.0 537.0
0 1041.0 537.0
0 745.0 538.0
0 1023.0 539.0
0 809.0 540.0
0 947.0 540.0
0 1099.0 540.0
0 1072.0 541.0
0 894.0 542.0
0 729.0 543.0
0 724.0 545.0
0 767.0 547.0
0 775.0 549.0
0 788.0 549.0
0 903.0 550.0
0 747.0 551.0
0 756.0 551.0
0 890.0 551.0
0 571.0 552.0
0 799.0 552.0
0 716.0 553.0
0 768.0 553.0
0 780.0 554.0
0 818.0 555.0
0 1369.0 556.0
0 752.0 557.0
0 729.0 558.0
0 738.0 558.0
0 724.0 561.0
0 829.0 561.0
0 778.0 563.0
0 795.0 563.0
0 768.0 564.0
0 773.0 564.0
0 813.0 565.0
0 853.0 565.0
0 762.0 566.0
0 807.0 566.0
0 843.0 566.0
0 727.0 568.0
0 753.0 569.0
0 716.0 570.0
0 574.0 572.0
0 933.0 572.0
0 847.0 575.0
0 823.0 576.0
0 857.0 576.0
0 652.0 578.0
0 680.0 581.0
0 805.0 581.0
0 574.0 583.0
0 597.0 583.0
0 865.0 583.0
0 952.0 584.0
0 845.0 586.0
0 688.0 587.0
0 698.0 588.0
0 862.0 588.0
0 703.0 589.0
0 708.0 589.0
0 952.0 589.0
0 742.0 591.0
0 597.0 594.0
0 951.0 594.0
0 727.0 595.0
0 810.0 595.0
0 822.0 596.0
0 743.0 597.0
0 769.0 598.0
0 871.0 598.0
0 578.0 599.0
0 693.0 599.0
0 815.0 599.0
0 951.0 599.0
0 703.0 600.0
0 858.0 600.0
0 880.0 601.0
0 1092.0 601.0
0 658.0 602.0
0 743.0 603.0
0 770.0 603.0
0 599.0 608.0
0 743.0 608.0
0 771.0 608.0
0 784.0 609.0
0 863.0 610.0
0 882.0 610.0
0 854.0 612.0
0 689.0 614.0
0 699.0 614.0
0 844.0 615.0
0 578.0 616.0
0 658.0 616.0
0 951.0 618.0
0 783.0 619.0
0 819.0 619.0
0 866.0 619.0
0 848.0 623.0
0 160.0 624.0
0 790.0 624.0
0 819.0 624.0
0 600.0 626.0
0 768.0 626.0
0 667.0 627.0
0 797.0 627.0
0 802.0 628.0
0 819.0 629.0
0 1117.0 629.0
0 839.0 631.0
0 579.0 632.0
0 661.0 633.0
0 830.0 635.0
0 890.0 635.0
0 948.0 635.0
0 694.0 636.0
0 863.0 637.0
0 796.0 638.0
0 820.0 638.0
0 825.0 638.0
0 803.0 639.0
0 808.0 639.0
0 604.0 640.0
0 729.0 641.0
0 1083.0 642.0
0 830.0 643.0
0 896.0 643.0
0 940.0 644.0
0 854.0 646.0
0 764.0 647.0
0 1047.0 647.0
0 1083.0 647.0
0 581.0 648.0
0 896.0 648.0
0 877.0 649.0
0 945.0 650.0
0 696.0 651.0
0 847.0 651.0
0 936.0 651.0
0 887.0 652.0
0 797.0 653.0
0 704.0 654.0
0 896.0 655.0
0 829.0 656.0
0 839.0 656.0
0 935.0 656.0
0 1081.0 656.0
0 1102.0 656.0
0 697.0 659.0
0 863.0 659.0
0 671.0 660.0
0 819.0 662.0
0 845.0 663.0
0 885.0 664.0
0 672.0 665.0
0 708.0 666.0
0 894.0 666.0
0 828.0 668.0
0 703.0 669.0
0 675.0 670.0
0 816.0 670.0
0 1080.0 670.0
0 883.0 673.0
0 892.0 674.0
0 346.0 681.0
0 725.0 681.0
0 841.0 681.0
0 888.0 682.0
0 586.0 684.0
0 724.0 686.0
0 874.0 687.0
0 686.0 688.0
0 805.0 688.0
0 561.0 689.0
0 719.0 690.0
0 867.0 692.0
0 872.0 692.0
0 882.0 692.0
0 899.0 692.0
0 690.0 693.0
0 724.0 694.0
0 1076.0 694.0
0 1445.0 694.0
0 714.0 695.0
0 866.0 697.0
0 878.0 697.0
0 743.0 698.0
0 736.0 700.0
0 857.0 701.0
0 342.0 703.0
0 699.0 703.0
0 751.0 703.0
0 605.0 705.0
0 738.0 705.0
0 871.0 706.0
0 758.0 707.0
0 747.0 709.0
0 765.0 710.0
0 1466.0 710.0
0 840.0 711.0
0 865.0 711.0
0 302.0 712.0
0 774.0 712.0
0 752.0 713.0
0 711.0 714.0
0 829.0 714.0
0 760.0 715.0
0 818.0 715.0
0 798.0 717.0
0 806.0 717.0
0 1016.0 717.0
0 330.0 718.0
0 274.0 719.0
0 717.0 720.0
0 767.0 720.0
0 842.0 721.0
0 411.0 722.0
0 833.0 723.0
0 1074.0 723.0
0 723.0 724.0
0 797.0 724.0
0 820.0 725.0
0 807.0 726.0
0 446.0 734.0
0 425.0 736.0
0 350.0 737.0
0 623.0 738.0
0 188.0 742.0
0 271.0 745.0
0 837.0 745.0
0 779.0 746.0
0 1381.0 746.0
0 832.0 747.0
0 819.0 748.0
0 824.0 748.0
0 925.0 755.0
0 470.0 761.0
0 162.0 762.0
0 447.0 764.0
0 1253.0 764.0
0 1239.0 767.0
0 420.0 771.0
0 490.0 771.0
0 925.0 771.0
0 385.0 776.0
0 198.0 777.0
0 703.0 777.0
0 481.0 778.0
0 423.0 782.0
0 1168.0 783.0
0 1481.0 785.0
0 339.0 787.0
0 372.0 788.0
0 291.0 790.0
0 496.0 792.0
0 313.0 793.0
0 414.0 793.0
0 1274.0 800.0
0 392.0 802.0
0 482.0 803.0
0 381.0 805.0
0 1301.0 807.0
0 1128.0 808.0
0 342.0 809.0
0 337.0 810.0
0 903.0 810.0
0 474.0 811.0
0 1137.0 812.0
0 1003.0 813.0
0 469.0 814.0
0 1236.0 814.0
0 108.0 819.0
0 148.0 820.0
0 366.0 821.0
0 1214.0 823.0
0 355.0 824.0
0 1408.0 826.0
0 385.0 829.0
0 1284.0 829.0
0 1056.0 831.0
0 1103.0 831.0
0 335.0 832.0
0 327.0 837.0
0 215.0 839.0
0 260.0 839.0
0 285.0 839.0
0 1151.0 845.0
0 1428.0 845.0
0 114.0 851.0
0 1271.0 851.0
0 166.0 853.0
0 848.0 853.0
0 1261.0 853.0
0 1365.0 853.0
0 150.0 855.0
0 943.0 855.0
0 865.0 856.0
0 1285.0 858.0
0 191.0 859.0
0 1444.0 860.0
0 1060.0 861.0
0 245.0 863.0
0 1336.0 863.0
0 1357.0 864.0
0 105.0 866.0
0 1021.0 868.0
0 1190.0 868.0
0 804.0 869.0
0 1068.0 869.0
0 994.0 870.0
0 202.0 871.0
0 54.0 872.0
0 136.0 872.0
0 1454.0 874.0
0 34.0 875.0
0 1070.0 876.0
0 184.0 878.0
0 1377.0 880.0
0 271.0 881.0
0 988.0 881.0
0 1185.0 881.0
0 1369.0 882.0
0 53.0 883.0
0 124.0 884.0
0 1140.0 886.0
0 114.0 887.0
0 952.0 887.0
0 982.0 890.0
0 39.0 891.0
0 498.0 891.0
0 904.0 895.0
0 1159.0 895.0
0 1190.0 897.0
0 413.0 898.0
0 682.0 899.0
0 713.0 900.0
0 1139.0 902.0
0 82.0 913.0
0 725.0 913.0
0 1183.0 915.0
0 551.0 916.0
0 816.0 916.0
0 989.0 920.0
0 1033.0 922.0
0 1086.0 922.0
0 1337.0 922.0
0 972.0 926.0
0 1051.0 929.0
0 991.0 933.0
0 598.0 936.0
0 582.0 939.0
0 829.0 940.0
0 955.0 940.0
0 897.0 943.0
0 710.0 944.0
0 1071.0 945.0
0 698.0 947.0
0 1188.0 948.0
0 859.0 950.0
0 1030.0 951.0
0 1089.0 951.0
0 615.0 954.0
0 1075.0 956.0
0 990.0 957.0
0 516.0 959.0
0 570.0 959.0
0 1032.0 964.0
0 1194.0 967.0
0 451.0 968.0
0 176.0 971.0
0 691.0 971.0
0 232.0 975.0
0 151.0 977.0
0 912.0 978.0
0 211.0 979.0
0 804.0 980.0
0 1029.0 984.0
0 903.0 991.0
0 999.0 991.0
1 832.0 302.0
1 837.0 302.0
1 842.0 305.0
1 890.0 307.0
1 904.0 308.0
1 812.0 311.0
1 831.0 312.0
1 822.0 313.0
1 853.0 315.0
1 794.0 316.0
1 811.0 316.0
1 888.0 317.0
1 877.0 321.0
1 890.0 325.0
1 906.0 328.0
1 761.0 331.0
1 723.0 332.0
1 777.0 332.0
1 918.0 332.0
1 718.0 333.0
1 662.0 335.0
1 712.0 335.0
1 697.0 336.0
1 670.0 338.0
1 768.0 341.0
1 659.0 343.0
1 729.0 343.0
1 734.0 343.0
1 620.0 345.0
1 750.0 345.0
1 745.0 346.0
1 690.0 347.0
1 660.0 348.0
1 760.0 349.0
1 895.0 349.0
1 904.0 350.0
1 632.0 352.0
1 645.0 352.0
1 703.0 352.0
1 673.0 355.0
1 617.0 357.0
1 1076.0 357.0
1 726.0 358.0
1 735.0 358.0
1 1061.0 358.0
1 685.0 359.0
1 706.0 359.0
1 993.0 360.0
1 1012.0 360.0
1 601.0 362.0
1 750.0 362.0
1 714.0 363.0
1 911.0 363.0
1 1065.0 364.0
1 618.0 365.0
1 1000.0 365.0
1 1080.0 366.0
1 729.0 367.0
1 632.0 368.0
1 646.0 368.0
1 704.0 368.0
1 744.0 368.0
1 1020.0 368.0
1 1072.0 368.0
1 583.0 369.0
1 672.0 371.0
1 989.0 372.0
1 743.0 373.0
1 601.0 376.0
1 618.0 376.0
1 728.0 376.0
1 686.0 378.0
1 739.0 378.0
1 884.0 378.0
1 989.0 378.0
1 1085.0 378.0
1 717.0 379.0
1 646.0 380.0
1 580.0 381.0
1 946.0 383.0
1 986.0 384.0
1 599.0 385.0
1 879.0 385.0
1 975.0 385.0
1 1016.0 385.0
1 1076.0 385.0
1 963.0 386.0
1 754.0 387.0
1 899.0 387.0
1 767.0 389.0
1 988.0 389.0
1 747.0 390.0
1 779.0 390.0
1 784.0 390.0
1 685.0 391.0
1 716.0 391.0
1 791.0 391.0
1 908.0 391.0
1 797.0 392.0
1 993.0 392.0
1 805.0 393.0
1 810.0 393.0
1 818.0 393.0
1 936.0 393.0
1 1093.0 393.0
1 1081.0 394.0
1 746.0 395.0
1 785.0 395.0
1 833.0 396.0
1 839.0 396.0
1 844.0 396.0
1 954.0 396.0
1 1014.0 396.0
1 728.0 397.0
1 852.0 397.0
1 962.0 397.0
1 857.0 398.0
1 1067.0 398.0
1 1073.0 398.0
1 865.0 399.0
1 908.0 399.0
1 974.0 399.0
1 1031.0 399.0
1 1052.0 399.0
1 1061.0 399.0
1 746.0 400.0
1 804.0 400.0
1 1046.0 400.0
1 640.0 401.0
1 649.0 401.0
1 654.0 401.0
1 773.0 401.0
1 876.0 401.0
1 943.0 401.0
1 751.0 402.0
1 809.0 402.0
1 825.0 402.0
1 830.0 402.0
1 993.0 402.0
1 756.0 403.0
1 762.0 403.0
1 767.0 403.0
1 961.0 403.0
1 1102.0 403.0
1 785.0 405.0
1 1007.0 405.0
1 632.0 406.0
1 795.0 406.0
1 870.0 406.0
1 1074.0 406.0
1 612.0 407.0
1 660.0 407.0
1 923.0 407.0
1 1015.0 407.0
1 621.0 408.0
1 728.0 408.0
1 733.0 408.0
1 805.0 408.0
1 810.0 408.0
1 1061.0 408.0
1 679.0 409.0
1 685.0 409.0
1 739.0 409.0
1 816.0 409.0
1 822.0 409.0
1 1029.0 409.0
1 1045.0 409.0
1 839.0 410.0
1 856.0 410.0
1 722.0 411.0
1 847.0 411.0
1 869.0 411.0
1 582.0 412.0
1 600.0 412.0
1 660.0 412.0
1 877.0 412.0
1 694.0 413.0
1 961.0 414.0
1 714.0 415.0
1 744.0 415.0
1 864.0 415.0
1 1104.0 415.0
1 895.0 416.0
1 925.0 418.0
1 1091.0 418.0
1 668.0 419.0
1 1010.0 419.0
1 631.0 420.0
1 704.0 420.0
1 732.0 420.0
1 945.0 420.0
1 595.0 421.0
1 639.0 421.0
1 646.0 421.0
1 682.0 421.0
1 908.0 422.0
1 1054.0 422.0
1 577.0 423.0
1 653.0 423.0
1 658.0 423.0
1 980.0 423.0
1 881.0 425.0
1 609.0 426.0
1 894.0 426.0
1 998.0 426.0
1 698.0 427.0
1 928.0 427.0
1 1012.0 427.0
1 876.0 428.0
1 902.0 428.0
1 1029.0 428.0
1 1103.0 428.0
1 722.0 429.0
1 745.0 429.0
1 596.0 430.0
1 975.0 431.0
1 1037.0 431.0
1 666.0 432.0
1 682.0 432.0
1 917.0 432.0
1 1042.0 432.0
1 1071.0 432.0
1 576.0 433.0
1 936.0 433.0
1 951.0 433.0
1 992.0 433.0
1 1053.0 433.0
1 1094.0 433.0
1 1102.0 433.0
1 900.0 435.0
1 1013.0 435.0
1 926.0 436.0
1 699.0 437.0
1 708.0 437.0
1 607.0 438.0
1 969.0 438.0
1 989.0 438.0
1 575.0 439.0
1 580.0 440.0
1 1029.0 440.0
1 1102.0 440.0
1 775.0 441.0
1 785.0 441.0
1 589.0 443.0
1 748.0 443.0
1 768.0 443.0
1 799.0 443.0
1 880.0 443.0
1 1022.0 443.0
1 1051.0 443.0
1 575.0 444.0
1 677.0 444.0
1 691.0 444.0
1 755.0 444.0
1 894.0 444.0
1 900.0 444.0
1 919.0 444.0
1 682.0 445.0
1 739.0 446.0
1 826.0 448.0
1 976.0 448.0
1 981.0 448.0
1 987.0 448.0
1 732.0 449.0
1 846.0 449.0
1 938.0 449.0
1 968.0 449.0
1 583.0 450.0
1 707.0 450.0
1 874.0 450.0
1 889.0 450.0
1 907.0 450.0
1 994.0 450.0
1 1011.0 450.0
1 1033.0 451.0
1 593.0 452.0
1 999.0 452.0
1 725.0 453.0
1 841.0 453.0
1 1024.0 453.0
1 1100.0 453.0
1 960.0 454.0
1 747.0 455.0
1 756.0 455.0
1 765.0 455.0
1 1005.0 455.0
1 775.0 456.0
1 784.0 456.0
1 847.0 457.0
1 738.0 458.0
1 938.0 458.0
1 729.0 459.0
1 946.0 459.0
1 793.0 460.0
1 708.0 462.0
1 720.0 462.0
1 762.0 462.0
1 954.0 462.0
1 1013.0 463.0
1 802.0 464.0
1 878.0 465.0
1 896.0 466.0
1 938.0 466.0
1 1031.0 466.0
1 811.0 467.0
1 653.0 468.0
1 705.0 468.0
1 774.0 468.0
1 760.0 470.0
1 1016.0 470.0
1 796.0 471.0
1 820.0 471.0
1 869.0 472.0
1 927.0 472.0
1 941.0 472.0
1 653.0 473.0
1 888.0 473.0
1 1019.0 475.0
1 583.0 476.0
1 673.0 476.0
1 829.0 476.0
1 999.0 476.0
1 1032.0 476.0
1 894.0 477.0
1 1043.0 477.0
1 1095.0 477.0
1 810.0 478.0
1 947.0 479.0
1 765.0 480.0
1 940.0 480.0
1 1019.0 480.0
1 699.0 481.0
1 838.0 481.0
1 821.0 483.0
1 1073.0 483.0
1 662.0 484.0
1 946.0 484.0
1 684.0 485.0
1 972.0 485.0
1 1019.0 485.0
1 1063.0 485.0
1 1078.0 486.0
1 879.0 487.0
1 820.0 488.0
1 846.0 488.0
1 831.0 489.0
1 584.0 490.0
1 678.0 490.0
1 1019.0 490.0
1 1059.0 490.0
1 950.0 492.0
1 1073.0 492.0
1 1082.0 492.0
1 854.0 494.0
1 661.0 495.0
1 839.0 495.0
1 907.0 495.0
1 983.0 495.0
1 602.0 497.0
1 671.0 497.0
1 952.0 497.0
1 1018.0 498.0
1 655.0 500.0
1 835.0 500.0
1 907.0 500.0
1 1056.0 501.0
1 1074.0 501.0
1 1084.0 501.0
1 943.0 503.0
1 1016.0 503.0
1 900.0 505.0
1 850.0 506.0
1 1064.0 506.0
1 1074.0 506.0
1 1094.0 506.0
1 663.0 507.0
1 738.0 508.0
1 749.0 508.0
1 790.0 508.0
1 961.0 508.0
1 1084.0 508.0
1 719.0 510.0
1 757.0 510.0
1 1008.0 510.0
1 727.0 511.0
1 847.0 511.0
1 767.0 513.0
1 914.0 513.0
1 967.0 513.0
1 1076.0 513.0
1 703.0 515.0
1 739.0 515.0
1 999.0 515.0
1 1095.0 515.0
1 750.0 516.0
1 975.0 516.0
1 992.0 516.0
1 784.0 517.0
1 984.0 517.0
1 724.0 518.0
1 853.0 518.0
1 1051.0 518.0
1 714.0 521.0
1 699.0 522.0
1 1099.0 522.0
1 795.0 524.0
1 1047.0 525.0
1 817.0 526.0
1 703.0 527.0
1 1077.0 527.0
1 1099.0 527.0
1 691.0 529.0
1 754.0 529.0
1 760.0 529.0
1 920.0 529.0
1 746.0 530.0
1 768.0 530.0
1 585.0 531.0
1 951.0 531.0
1 734.0 532.0
1 1046.0 532.0
1 1097.0 532.0
1 776.0 533.0
1 728.0 534.0
1 697.0 535.0
1 585.0 536.0
1 786.0 536.0
1 984.0 536.0
1 757.0 538.0
1 1096.0 538.0
1 811.0 539.0
1 718.0 540.0
1 820.0 540.0
1 1019.0 540.0
1 646.0 541.0
1 1001.0 541.0
1 1048.0 544.0
1 666.0 546.0
1 733.0 546.0
1 674.0 547.0
1 827.0 547.0
1 754.0 548.0
1 685.0 549.0
1 1088.0 549.0
1 1051.0 551.0
1 1056.0 553.0
1 741.0 554.0
1 812.0 555.0
1 824.0 555.0
1 1072.0 556.0
1 927.0 558.0
1 670.0 559.0
1 586.0 560.0
1 679.0 560.0
1 703.0 560.0
1 837.0 560.0
1 778.0 562.0
1 721.0 563.0
1 765.0 563.0
1 927.0 564.0
1 783.0 565.0
1 841.0 567.0
1 835.0 568.0
1 748.0 570.0
1 657.0 573.0
1 1067.0 573.0
1 665.0 575.0
1 676.0 575.0
1 748.0 575.0
1 606.0 576.0
1 826.0 576.0
1 720.0 577.0
1 842.0 577.0
1 587.0 579.0
1 749.0 580.0
1 641.0 582.0
1 796.0 584.0
1 782.0 585.0
1 604.0 588.0
1 752.0 589.0
1 737.0 590.0
1 407.0 592.0
1 657.0 594.0
1 920.0 594.0
1 925.0 594.0
1 589.0 595.0
1 641.0 595.0
1 722.0 595.0
1 675.0 596.0
1 667.0 598.0
1 760.0 598.0
1 924.0 599.0
1 724.0 600.0
1 782.0 603.0
1 849.0 603.0
1 606.0 604.0
1 834.0 604.0
1 750.0 606.0
1 659.0 610.0
1 773.0 610.0
1 793.0 610.0
1 587.0 611.0
1 644.0 611.0
1 669.0 613.0
1 734.0 615.0
1 856.0 617.0
1 679.0 618.0
1 822.0 618.0
1 786.0 619.0
1 1080.0 619.0
1 605.0 620.0
1 764.0 621.0
1 828.0 621.0
1 917.0 621.0
1 670.0 622.0
1 847.0 622.0
1 663.0 624.0
1 793.0 624.0
1 741.0 625.0
1 854.0 625.0
1 647.0 628.0
1 684.0 630.0
1 588.0 631.0
1 782.0 631.0
1 818.0 631.0
1 608.0 632.0
1 675.0 633.0
1 827.0 633.0
1 845.0 635.0
1 853.0 636.0
1 768.0 638.0
1 793.0 639.0
1 909.0 639.0
1 779.0 640.0
1 63.0 641.0
1 653.0 641.0
1 842.0 644.0
1 810.0 645.0
1 850.0 645.0
1 1075.0 646.0
1 696.0 647.0
1 742.0 647.0
1 905.0 647.0
1 923.0 647.0
1 675.0 648.0
1 747.0 649.0
1 839.0 651.0
1 752.0 652.0
1 847.0 654.0
1 661.0 655.0
1 691.0 655.0
1 771.0 656.0
1 839.0 656.0
1 588.0 658.0
1 552.0 659.0
1 684.0 659.0
1 694.0 660.0
1 834.0 660.0
1 700.0 661.0
1 773.0 661.0
1 792.0 661.0
1 843.0 662.0
1 916.0 662.0
1 1072.0 663.0
1 201.0 665.0
1 1030.0 665.0
1 712.0 667.0
1 407.0 670.0
1 825.0 670.0
1 837.0 670.0
1 719.0 671.0
1 1073.0 671.0
1 673.0 672.0
1 694.0 672.0
1 705.0 672.0
1 1068.0 672.0
1 886.0 673.0
1 818.0 674.0
1 588.0 675.0
1 346.0 676.0
1 724.0 676.0
1 830.0 678.0
1 713.0 679.0
1 730.0 679.0
1 1026.0 680.0
1 1070.0 680.0
1 681.0 681.0
1 719.0 682.0
1 741.0 682.0
1 824.0 683.0
1 801.0 684.0
1 725.0 686.0
1 590.0 687.0
1 761.0 687.0
1 784.0 687.0
1 779.0 688.0
1 732.0 689.0
1 603.0 695.0
1 739.0 695.0
1 827.0 697.0
1 702.0 698.0
1 730.0 698.0
1 800.0 698.0
1 759.0 699.0
1 787.0 700.0
1 1069.0 701.0
1 590.0 702.0
1 773.0 702.0
1 706.0 703.0
1 711.0 704.0
1 450.0 705.0
1 403.0 706.0
1 369.0 708.0
1 736.0 708.0
1 264.0 709.0
1 326.0 711.0
1 113.0 713.0
1 467.0 713.0
1 1067.0 713.0
1 300.0 714.0
1 353.0 715.0
1 457.0 717.0
1 686.0 720.0
1 392.0 722.0
1 987.0 725.0
1 370.0 727.0
1 1415.0 727.0
1 1064.0 732.0
1 201.0 738.0
1 341.0 738.0
1 418.0 741.0
1 156.0 742.0
1 311.0 743.0
1 883.0 743.0
1 303.0 746.0
1 51.0 753.0
1 1062.0 759.0
1 1463.0 761.0
1 648.0 765.0
1 608.0 767.0
1 1090.0 770.0
1 647.0 771.0
1 608.0 772.0
1 647.0 776.0
1 748.0 778.0
1 1364.0 781.0
1 1222.0 782.0
1 747.0 783.0
1 852.0 783.0
1 609.0 794.0
1 1230.0 794.0
1 742.0 796.0
1 365.0 799.0
1 1326.0 799.0
1 1153.0 805.0
1 641.0 811.0
1 747.0 815.0
1 742.0 818.0
1 1264.0 822.0
1 1466.0 823.0
1 1166.0 825.0
1 615.0 828.0
1 757.0 829.0
1 1428.0 829.0
1 1375.0 832.0
1 727.0 834.0
1 166.0 837.0
1 958.0 841.0
1 1351.0 845.0
1 375.0 847.0
1 160.0 848.0
1 912.0 853.0
1 1040.0 860.0
1 1235.0 862.0
1 400.0 866.0
1 1124.0 870.0
1 854.0 874.0
1 1312.0 875.0
1 911.0 879.0
1 629.0 882.0
1 894.0 882.0
1 1383.0 884.0
1 1086.0 888.0
1 947.0 908.0
1 704.0 911.0
1 938.0 935.0
1 1054.0 937.0
