0 0 2 390.45370779046004
0 9 8 483.86964989985364
0 2 13 375.363898275165
0 7 14 414.5772293972911
0 10 15 277.0696557721799
0 11 17 167.09096355975956
0 19 31 363.0821003608159
0 16 37 258.6926360281408
0 27 39 426.0161030591724
0 24 44 435.394860060776
0 31 48 260.7837478962272
0 26 52 188.10267311569
0 42 58 280.99411715396167
0 49 60 342.91542420955403
0 43 64 256.9684939270015
0 29 69 198.30406523418833
0 48 71 137.44762626327588
0 47 72 402.01062629535454
0 68 73 371.2491309160223
0 55 80 223.6482780524041
0 44 84 176.87548113791766
0 39 85 125.22336449658422
0 38 87 272.85396580904256
0 54 90 242.89690609036208
0 66 92 411.84829856395623
0 72 96 390.05696520663196
0 113 98 379.472856855281
0 50 99 115.73340036591068
0 97 101 480.8611307442776
0 78 103 373.6573719376392
0 107 105 224.415074661494
0 62 108 213.76140956105257
0 61 110 173.03837530639993
0 59 112 285.4006282917741
0 76 113 242.3753372942321
0 63 114 322.7628467174208
0 98 116 429.14780839949395
0 87 117 241.72229927578616
0 82 118 279.8116111734408
0 79 119 360.9460809176178
0 65 121 495.85475842427974
0 70 122 473.2525887234925
0 74 127 291.95896338761315
0 56 129 221.67938903055924
0 93 135 457.94734983477514
0 83 136 147.22364112538594
0 117 140 372.88846595500127
0 138 141 446.39461566209764
0 77 146 129.3555129781763
0 125 147 425.10660943329503
0 121 150 348.311901745627
0 104 151 477.6289502561418
0 91 153 372.4584125466053
0 95 155 173.5114682395468
0 96 156 286.5657365427759
0 80 158 355.41790300629003
0 106 162 292.53783549025695
0 126 163 280.3543745965477
0 147 171 453.1649322060943
0 118 173 439.1479796037144
0 128 174 361.63276048426735
0 108 175 251.78446584734093
0 136 179 175.399879813372
0 130 181 314.34693190608385
0 114 182 284.660175066214
0 111 185 397.75206711887853
0 115 187 145.58777193006358
0 145 189 465.1013142401311
0 137 190 187.6565270958689
0 116 194 169.29459241063032
0 157 202 217.9659325595298
0 132 204 266.26630159805336
0 146 211 298.9073639621098
0 164 214 388.022321230332
0 154 215 242.34459782321682
0 144 219 303.3499422987996
0 189 222 231.2286404483658
0 134 224 135.8840909129565
0 135 225 187.8412296841975
0 152 228 370.38061709292157
0 166 234 437.58275481362216
0 148 238 430.72843373746065
0 184 247 179.3078210847978
0 179 249 125.6414995487239
0 188 250 387.39742684322266
0 181 254 334.32010663352935
0 180 258 318.7188340325858
0 185 260 255.88807629841472
0 209 263 232.78730241188518
0 201 264 186.72101988408022
0 193 266 165.29294760812056
0 170 267 325.3160262859411
0 219 268 224.0622264489786
0 186 270 281.4435990229367
0 205 275 202.75818645125776
0 246 277 262.4428773299092
0 230 280 253.143617130829
0 252 282 454.48758383375673
0 239 283 325.1876147697666
0 274 287 206.82300009313514
0 225 291 305.1951635821014
0 275 293 267.6650517414756
0 284 298 197.21717766891288
0 255 300 388.040808868597
0 291 305 225.1713105890019
0 300 306 314.30856471849825
0 245 309 406.933300314037
0 271 310 352.17881729518524
0 231 311 385.0772273373539
0 277 314 409.9685062372654
0 305 317 137.1834924356261
0 228 325 291.5841591041493
0 293 326 419.0323192966682
0 324 330 208.20930021006814
0 333 331 243.4112419667671
0 299 337 221.49913389105015
0 262 339 393.77137145068747
0 339 342 289.430389109539
0 307 344 201.2495737881113
0 331 345 262.15272477037126
0 265 347 482.0981588868984
0 280 348 373.69445008407854
0 348 349 254.27839450352278
0 356 351 376.0489679968001
0 351 354 320.7746981100979
0 328 356 230.70891852375422
0 334 359 198.0308828354985
0 370 365 188.41732940937987
0 344 366 187.4233062354843
0 355 372 244.21645185735744
0 369 373 152.74501388680756
0 361 375 217.71373030940464
0 377 376 241.46033769614803
0 360 378 146.42370146531783
0 281 379 295.6358198440324
0 363 380 163.2217021653327
0 364 381 187.0443076473012
0 397 384 161.9901953599584
0 295 385 272.73611174217314
0 296 386 270.5207816768025
0 315 389 283.3303596722584
0 404 391 227.88792301923638
0 316 392 224.42128859394188
0 314 394 177.73013038318746
0 332 395 368.8057690090415
0 395 396 112.49737401103394
0 422 397 234.72048692296906
0 327 400 139.72940466978537
0 406 401 138.35256599184822
0 313 403 275.0073619295017
0 413 404 105.75253079182583
0 416 407 150.36063862432496
0 362 409 380.1632435345096
0 336 412 288.18765331834095
0 372 413 266.7883686412176
0 440 414 143.66283536452744
0 447 415 337.7742039622979
0 352 416 135.75773111996946
0 367 417 357.24548263931104
0 373 418 439.35699725343216
0 388 425 476.7206293813346
0 393 426 334.6831134125668
0 379 428 115.43484427849404
0 382 429 119.05235348010237
0 381 436 321.7615667593914
0 398 437 118.51353712049509
0 402 438 115.02188246515108
0 414 439 214.78795451577633
0 427 451 114.37650608508312
0 430 452 114.69458149766484
0 405 453 396.34381846141815
0 443 459 243.26039844342606
0 456 461 312.042873398562
0 468 465 495.23847195054935
0 455 468 106.8580290542839
0 467 469 417.2188013625027
0 469 472 135.91914207341225
0 487 479 352.89964207766593
0 480 480 281.8239183401479
0 510 496 333.00462691238994
0 498 500 383.84784839658016
0 482 501 166.3757351794915
0 557 507 368.0759792763847
0 501 517 194.67161061444983
0 500 519 184.18626934674714
0 519 522 300.8624061330165
0 580 525 368.4714441052686
0 507 526 273.8435372484114
0 513 527 195.0609306136382
0 509 529 175.52312058660814
0 581 530 395.11730136732564
0 584 537 368.61765435459563
0 514 538 310.3287440957466
0 527 542 382.6687523065434
0 523 545 465.614336862654
0 534 549 303.53514291767385
0 536 550 285.08452935490027
0 530 552 227.56899770758756
0 525 553 339.8563838121704
0 540 555 278.04746799334004
0 537 557 206.81204999666556
0 538 559 287.99037080535845
0 550 560 249.7709891388907
0 551 562 206.95459386840304
0 558 566 311.4019496477122
0 560 573 295.6160772408417
0 600 574 327.3819673145209
0 564 579 284.0819632880815
0 576 594 373.89369940287423
0 620 595 140.33328412210017
0 593 600 490.9956918806843
0 597 607 107.13609001027093
0 602 621 318.6720377576961
0 614 626 190.49739424902162
0 633 627 208.47912725450803
0 632 629 152.20175322332528

0 910.0 22.0
0 912.0 29.0
0 845.0 359.0
0 850.0 359.0
0 856.0 361.0
0 904.0 363.0
0 917.0 364.0
0 834.0 370.0
0 850.0 370.0
0 867.0 371.0
0 896.0 373.0
0 907.0 375.0
0 833.0 377.0
0 822.0 378.0
0 893.0 382.0
0 918.0 383.0
0 906.0 385.0
0 930.0 386.0
0 781.0 387.0
0 749.0 388.0
0 798.0 388.0
0 743.0 389.0
0 718.0 394.0
0 690.0 395.0
0 808.0 395.0
0 685.0 396.0
0 729.0 396.0
0 650.0 399.0
0 695.0 399.0
0 741.0 399.0
0 792.0 402.0
0 639.0 403.0
0 761.0 403.0
0 752.0 404.0
0 714.0 405.0
0 772.0 405.0
0 686.0 406.0
0 920.0 406.0
0 784.0 407.0
0 1084.0 409.0
0 653.0 410.0
0 670.0 410.0
0 726.0 410.0
0 1068.0 410.0
0 1008.0 411.0
0 636.0 412.0
0 794.0 414.0
0 698.0 415.0
0 1080.0 415.0
0 673.0 416.0
0 712.0 416.0
0 751.0 417.0
0 1074.0 417.0
0 761.0 418.0
0 778.0 418.0
0 1019.0 418.0
0 770.0 419.0
0 926.0 419.0
0 1014.0 420.0
0 621.0 421.0
0 1082.0 421.0
0 1087.0 421.0
0 739.0 422.0
0 637.0 423.0
0 1034.0 423.0
0 753.0 425.0
0 728.0 426.0
0 652.0 427.0
0 767.0 427.0
0 785.0 427.0
0 672.0 428.0
0 1004.0 428.0
0 1091.0 428.0
0 603.0 430.0
0 995.0 430.0
0 699.0 431.0
0 750.0 431.0
0 780.0 431.0
0 934.0 433.0
0 955.0 433.0
0 1087.0 435.0
0 625.0 436.0
0 638.0 436.0
0 746.0 436.0
0 784.0 436.0
0 919.0 436.0
0 989.0 436.0
0 713.0 437.0
0 980.0 437.0
0 777.0 438.0
0 1032.0 438.0
0 672.0 439.0
0 999.0 439.0
0 602.0 440.0
0 745.0 442.0
0 1005.0 442.0
0 1091.0 444.0
0 624.0 445.0
0 1100.0 445.0
0 916.0 446.0
0 953.0 446.0
0 937.0 447.0
0 969.0 447.0
0 1018.0 447.0
0 1032.0 447.0
0 978.0 448.0
0 1023.0 448.0
0 1086.0 448.0
0 797.0 449.0
0 1081.0 449.0
0 790.0 450.0
0 991.0 450.0
0 713.0 451.0
0 743.0 451.0
0 805.0 451.0
0 814.0 451.0
0 1002.0 451.0
0 1049.0 451.0
0 1064.0 451.0
0 1076.0 451.0
0 819.0 452.0
0 829.0 452.0
0 834.0 452.0
0 839.0 453.0
0 844.0 453.0
0 963.0 453.0
0 849.0 454.0
0 856.0 454.0
0 1013.0 455.0
0 766.0 456.0
0 824.0 456.0
0 876.0 456.0
0 881.0 456.0
0 886.0 456.0
0 978.0 456.0
0 1088.0 456.0
0 785.0 457.0
0 1000.0 457.0
0 790.0 458.0
0 895.0 458.0
0 1034.0 458.0
0 1106.0 458.0
0 903.0 459.0
0 1077.0 459.0
0 667.0 460.0
0 678.0 460.0
0 913.0 460.0
0 1048.0 460.0
0 812.0 461.0
0 844.0 461.0
0 948.0 461.0
0 1063.0 461.0
0 849.0 462.0
0 863.0 462.0
0 686.0 463.0
0 793.0 463.0
0 800.0 463.0
0 874.0 463.0
0 936.0 463.0
0 659.0 464.0
0 806.0 464.0
0 868.0 464.0
0 824.0 465.0
0 979.0 465.0
0 637.0 466.0
0 834.0 466.0
0 648.0 467.0
0 708.0 467.0
0 713.0 467.0
0 719.0 468.0
0 844.0 468.0
0 1097.0 468.0
0 1108.0 468.0
0 767.0 469.0
0 772.0 469.0
0 855.0 469.0
0 861.0 469.0
0 877.0 469.0
0 907.0 469.0
0 1027.0 469.0
0 624.0 470.0
0 777.0 470.0
0 882.0 470.0
0 612.0 471.0
0 759.0 471.0
0 887.0 471.0
0 893.0 471.0
0 914.0 471.0
0 602.0 472.0
0 950.0 472.0
0 1072.0 472.0
0 970.0 473.0
0 697.0 474.0
0 782.0 474.0
0 932.0 474.0
0 991.0 474.0
0 636.0 475.0
0 748.0 476.0
0 1006.0 476.0
0 643.0 477.0
0 732.0 477.0
0 771.0 477.0
0 1067.0 477.0
0 627.0 478.0
0 944.0 478.0
0 657.0 479.0
0 663.0 479.0
0 668.0 479.0
0 686.0 479.0
0 710.0 479.0
0 1031.0 479.0
0 1052.0 479.0
0 1111.0 479.0
0 676.0 480.0
0 955.0 480.0
0 1057.0 480.0
0 621.0 481.0
0 737.0 481.0
0 600.0 482.0
0 770.0 482.0
0 974.0 482.0
0 1066.0 482.0
0 1071.0 482.0
0 725.0 483.0
0 918.0 483.0
0 931.0 483.0
0 634.0 484.0
0 1001.0 484.0
0 1019.0 484.0
0 621.0 486.0
0 650.0 486.0
0 734.0 486.0
0 966.0 486.0
0 945.0 487.0
0 759.0 488.0
0 600.0 489.0
0 694.0 489.0
0 708.0 489.0
0 784.0 489.0
0 955.0 489.0
0 650.0 491.0
0 1032.0 492.0
0 629.0 493.0
0 727.0 493.0
0 744.0 494.0
0 998.0 494.0
0 470.0 496.0
0 933.0 498.0
0 621.0 499.0
0 916.0 499.0
0 953.0 499.0
0 668.0 500.0
0 719.0 500.0
0 703.0 501.0
0 1014.0 501.0
0 600.0 502.0
0 682.0 502.0
0 708.0 502.0
0 1006.0 502.0
0 1019.0 502.0
0 1001.0 503.0
0 1024.0 503.0
0 984.0 504.0
0 1029.0 504.0
0 926.0 505.0
0 931.0 505.0
0 942.0 505.0
0 886.0 506.0
0 1034.0 506.0
0 776.0 507.0
0 870.0 507.0
0 604.0 508.0
0 618.0 508.0
0 743.0 508.0
0 968.0 510.0
0 987.0 510.0
0 771.0 511.0
0 1040.0 511.0
0 979.0 512.0
0 766.0 515.0
0 985.0 515.0
0 720.0 517.0
0 980.0 517.0
0 931.0 518.0
0 800.0 519.0
0 810.0 519.0
0 819.0 519.0
0 1045.0 519.0
0 759.0 520.0
0 791.0 520.0
0 830.0 520.0
0 918.0 521.0
0 783.0 522.0
0 1106.0 522.0
0 604.0 523.0
0 847.0 523.0
0 971.0 523.0
0 1053.0 523.0
0 1059.0 523.0
0 680.0 524.0
0 960.0 524.0
0 855.0 525.0
0 709.0 526.0
0 775.0 526.0
0 818.0 526.0
0 1083.0 526.0
0 1088.0 526.0
0 738.0 527.0
0 751.0 527.0
0 910.0 527.0
0 928.0 527.0
0 767.0 528.0
0 681.0 530.0
0 970.0 530.0
0 981.0 530.0
0 1093.0 530.0
0 708.0 531.0
0 1079.0 531.0
0 701.0 532.0
0 719.0 532.0
0 759.0 532.0
0 777.0 532.0
0 933.0 532.0
0 837.0 533.0
0 728.0 534.0
0 852.0 534.0
0 980.0 535.0
0 1088.0 535.0
0 751.0 536.0
0 882.0 536.0
0 1093.0 536.0
0 1098.0 536.0
0 1103.0 536.0
0 698.0 537.0
0 737.0 537.0
0 776.0 537.0
0 924.0 539.0
0 1049.0 539.0
0 690.0 540.0
0 866.0 540.0
0 891.0 541.0
0 940.0 541.0
0 1092.0 541.0
0 824.0 543.0
0 983.0 543.0
0 1073.0 544.0
0 689.0 545.0
0 736.0 545.0
0 879.0 545.0
0 1086.0 545.0
0 729.0 546.0
0 1092.0 546.0
0 680.0 547.0
0 945.0 547.0
0 1105.0 547.0
0 801.0 548.0
0 1047.0 548.0
0 689.0 550.0
0 946.0 552.0
0 973.0 552.0
0 1103.0 552.0
0 1112.0 552.0
0 626.0 553.0
0 696.0 555.0
0 709.0 555.0
0 1093.0 555.0
0 992.0 556.0
0 1040.0 556.0
0 719.0 557.0
0 725.0 557.0
0 681.0 559.0
0 999.0 560.0
0 1035.0 560.0
0 1072.0 561.0
0 903.0 562.0
0 1030.0 562.0
0 1055.0 562.0
0 1113.0 562.0
0 1007.0 563.0
0 836.0 564.0
0 1015.0 564.0
0 1023.0 564.0
0 606.0 565.0
0 759.0 567.0
0 1091.0 567.0
0 800.0 570.0
0 810.0 570.0
0 709.0 571.0
0 682.0 572.0
0 781.0 573.0
0 789.0 573.0
0 1067.0 573.0
0 828.0 575.0
0 799.0 576.0
0 810.0 577.0
0 845.0 577.0
0 981.0 577.0
0 1103.0 578.0
0 1108.0 579.0
0 785.0 580.0
0 773.0 581.0
0 1013.0 581.0
0 681.0 582.0
0 737.0 583.0
0 1045.0 583.0
0 606.0 584.0
0 855.0 584.0
0 1028.0 584.0
0 707.0 585.0
0 878.0 587.0
0 868.0 588.0
0 805.0 589.0
0 823.0 589.0
0 794.0 591.0
0 1073.0 591.0
0 1098.0 591.0
0 752.0 592.0
0 784.0 596.0
0 871.0 597.0
0 880.0 598.0
0 963.0 600.0
0 801.0 603.0
0 781.0 605.0
0 963.0 607.0
0 1058.0 607.0
0 790.0 608.0
0 890.0 608.0
0 607.0 609.0
0 734.0 609.0
0 740.0 611.0
0 884.0 611.0
0 869.0 612.0
0 804.0 614.0
0 896.0 615.0
0 793.0 617.0
0 608.0 619.0
0 760.0 619.0
0 729.0 620.0
0 738.0 621.0
0 774.0 621.0
0 892.0 621.0
0 841.0 622.0
0 901.0 622.0
0 697.0 623.0
0 879.0 624.0
0 630.0 628.0
0 608.0 631.0
0 812.0 631.0
0 881.0 631.0
0 902.0 631.0
0 963.0 631.0
0 725.0 635.0
0 734.0 635.0
0 696.0 637.0
0 799.0 638.0
0 851.0 638.0
0 856.0 638.0
0 846.0 639.0
0 630.0 641.0
0 772.0 643.0
0 610.0 646.0
0 775.0 648.0
0 696.0 650.0
0 198.0 651.0
0 795.0 652.0
0 886.0 654.0
0 630.0 655.0
0 909.0 655.0
0 727.0 656.0
0 845.0 659.0
0 609.0 662.0
0 870.0 662.0
0 759.0 664.0
0 849.0 664.0
0 854.0 664.0
0 699.0 665.0
0 859.0 665.0
0 914.0 666.0
0 1089.0 666.0
0 791.0 669.0
0 843.0 669.0
0 864.0 669.0
0 630.0 670.0
0 728.0 671.0
0 830.0 671.0
0 905.0 672.0
0 913.0 674.0
0 423.0 675.0
0 871.0 675.0
0 737.0 676.0
0 852.0 676.0
0 729.0 679.0
0 863.0 680.0
0 883.0 681.0
0 704.0 682.0
0 842.0 682.0
0 954.0 683.0
0 631.0 685.0
0 609.0 686.0
0 739.0 687.0
0 911.0 687.0
0 734.0 689.0
0 850.0 689.0
0 864.0 690.0
0 839.0 691.0
0 872.0 691.0
0 900.0 692.0
0 1084.0 692.0
0 909.0 694.0
0 871.0 696.0
0 1050.0 696.0
0 948.0 698.0
0 754.0 699.0
0 1084.0 699.0
0 824.0 701.0
0 832.0 701.0
0 906.0 702.0
0 807.0 703.0
0 716.0 704.0
0 754.0 704.0
0 392.0 705.0
0 736.0 705.0
0 860.0 705.0
0 191.0 706.0
0 891.0 707.0
0 1082.0 707.0
0 754.0 709.0
0 824.0 709.0
0 720.0 710.0
0 749.0 710.0
0 1046.0 710.0
0 900.0 711.0
0 109.0 712.0
0 758.0 714.0
0 609.0 715.0
0 883.0 716.0
0 896.0 717.0
0 1082.0 718.0
0 770.0 719.0
0 728.0 721.0
0 764.0 721.0
0 388.0 722.0
0 875.0 722.0
0 777.0 723.0
0 888.0 725.0
0 783.0 727.0
0 772.0 729.0
0 370.0 730.0
0 789.0 730.0
0 882.0 730.0
0 859.0 731.0
0 739.0 732.0
0 798.0 733.0
0 778.0 734.0
0 840.0 735.0
0 848.0 735.0
0 784.0 737.0
0 821.0 737.0
0 1079.0 738.0
0 791.0 739.0
0 864.0 742.0
0 750.0 743.0
0 819.0 744.0
0 243.0 745.0
0 840.0 745.0
0 853.0 745.0
0 755.0 746.0
0 824.0 746.0
0 396.0 747.0
0 506.0 747.0
0 609.0 747.0
0 790.0 749.0
0 442.0 750.0
0 804.0 752.0
0 1078.0 757.0
0 220.0 760.0
0 1443.0 761.0
0 1076.0 762.0
0 352.0 763.0
0 803.0 765.0
0 55.0 768.0
0 728.0 768.0
0 511.0 772.0
0 489.0 773.0
0 464.0 776.0
0 532.0 778.0
0 431.0 779.0
0 522.0 783.0
0 1072.0 786.0
0 387.0 788.0
0 324.0 789.0
0 418.0 789.0
0 362.0 790.0
0 460.0 792.0
0 788.0 794.0
0 1243.0 796.0
0 438.0 800.0
0 1072.0 801.0
0 157.0 804.0
0 523.0 804.0
0 987.0 807.0
0 999.0 808.0
0 311.0 812.0
0 414.0 814.0
0 403.0 816.0
0 384.0 822.0
0 273.0 823.0
0 917.0 823.0
0 692.0 826.0
0 535.0 827.0
0 1426.0 827.0
0 376.0 828.0
0 176.0 829.0
0 225.0 831.0
0 1287.0 832.0
0 197.0 846.0
0 495.0 846.0
0 117.0 851.0
0 37.0 852.0
0 244.0 852.0
0 312.0 858.0
0 694.0 865.0
0 901.0 877.0
0 742.0 922.0
0 271.0 933.0
0 271.0 945.0
0 913.0 954.0
0 1035.0 963.0
0 971.0 968.0
0 1012.0 968.0
1 828.0 286.0
1 782.0 289.0
1 739.0 290.0
1 728.0 291.0
1 776.0 291.0
1 679.0 292.0
1 771.0 296.0
1 783.0 299.0
1 802.0 302.0
1 830.0 302.0
1 836.0 309.0
1 846.0 313.0
1 818.0 314.0
1 766.0 321.0
1 755.0 322.0
1 635.0 324.0
1 784.0 324.0
1 968.0 324.0
1 746.0 326.0
1 606.0 327.0
1 784.0 330.0
1 794.0 330.0
1 823.0 330.0
1 738.0 331.0
1 881.0 331.0
1 892.0 331.0
1 952.0 333.0
1 975.0 333.0
1 871.0 335.0
1 620.0 336.0
1 783.0 336.0
1 965.0 336.0
1 794.0 338.0
1 864.0 338.0
1 749.0 339.0
1 731.0 340.0
1 740.0 341.0
1 772.0 341.0
1 590.0 342.0
1 713.0 342.0
1 914.0 343.0
1 945.0 343.0
1 887.0 344.0
1 893.0 344.0
1 612.0 346.0
1 760.0 347.0
1 730.0 348.0
1 983.0 350.0
1 867.0 351.0
1 968.0 351.0
1 708.0 352.0
1 747.0 352.0
1 592.0 354.0
1 737.0 356.0
1 888.0 358.0
1 971.0 358.0
1 608.0 359.0
1 934.0 359.0
1 874.0 360.0
1 589.0 361.0
1 760.0 361.0
1 616.0 362.0
1 623.0 362.0
1 629.0 362.0
1 906.0 362.0
1 647.0 363.0
1 863.0 363.0
1 991.0 363.0
1 559.0 364.0
1 659.0 364.0
1 676.0 365.0
1 963.0 365.0
1 970.0 365.0
1 681.0 366.0
1 686.0 366.0
1 853.0 366.0
1 590.0 367.0
1 702.0 368.0
1 875.0 368.0
1 953.0 368.0
1 726.0 369.0
1 750.0 369.0
1 936.0 369.0
1 613.0 370.0
1 884.0 370.0
1 890.0 370.0
1 895.0 370.0
1 900.0 370.0
1 910.0 370.0
1 917.0 370.0
1 982.0 373.0
1 673.0 375.0
1 883.0 375.0
1 954.0 375.0
1 560.0 376.0
1 617.0 376.0
1 627.0 376.0
1 777.0 376.0
1 863.0 377.0
1 602.0 378.0
1 638.0 378.0
1 752.0 378.0
1 809.0 378.0
1 874.0 378.0
1 936.0 378.0
1 990.0 378.0
1 647.0 379.0
1 852.0 379.0
1 663.0 380.0
1 910.0 380.0
1 916.0 380.0
1 686.0 381.0
1 897.0 381.0
1 1014.0 381.0
1 680.0 382.0
1 702.0 382.0
1 719.0 383.0
1 880.0 383.0
1 603.0 384.0
1 609.0 384.0
1 691.0 384.0
1 780.0 384.0
1 786.0 384.0
1 792.0 384.0
1 990.0 384.0
1 930.0 386.0
1 807.0 387.0
1 1015.0 388.0
1 609.0 389.0
1 914.0 389.0
1 614.0 390.0
1 626.0 391.0
1 735.0 391.0
1 951.0 393.0
1 706.0 395.0
1 717.0 395.0
1 877.0 395.0
1 905.0 395.0
1 1018.0 395.0
1 825.0 397.0
1 726.0 398.0
1 562.0 399.0
1 704.0 400.0
1 834.0 400.0
1 604.0 401.0
1 813.0 401.0
1 875.0 401.0
1 950.0 401.0
1 617.0 403.0
1 661.0 403.0
1 553.0 404.0
1 638.0 404.0
1 820.0 404.0
1 773.0 405.0
1 884.0 405.0
1 633.0 406.0
1 796.0 407.0
1 905.0 407.0
1 920.0 407.0
1 925.0 407.0
1 952.0 407.0
1 993.0 407.0
1 614.0 408.0
1 726.0 408.0
1 751.0 408.0
1 559.0 409.0
1 603.0 409.0
1 840.0 410.0
1 584.0 411.0
1 620.0 411.0
1 677.0 411.0
1 827.0 411.0
1 879.0 412.0
1 562.0 414.0
1 570.0 414.0
1 999.0 414.0
1 849.0 415.0
1 987.0 415.0
1 722.0 416.0
1 710.0 417.0
1 789.0 417.0
1 794.0 417.0
1 818.0 417.0
1 554.0 418.0
1 727.0 418.0
1 784.0 418.0
1 651.0 420.0
1 745.0 420.0
1 753.0 420.0
1 902.0 420.0
1 676.0 421.0
1 878.0 421.0
1 1018.0 422.0
1 736.0 423.0
1 641.0 424.0
1 855.0 424.0
1 832.0 425.0
1 850.0 425.0
1 860.0 425.0
1 543.0 426.0
1 587.0 426.0
1 714.0 426.0
1 837.0 426.0
1 988.0 426.0
1 665.0 427.0
1 776.0 427.0
1 843.0 427.0
1 1018.0 427.0
1 530.0 428.0
1 816.0 428.0
1 525.0 429.0
1 648.0 429.0
1 520.0 430.0
1 748.0 430.0
1 829.0 430.0
1 1007.0 430.0
1 615.0 432.0
1 667.0 432.0
1 653.0 433.0
1 819.0 433.0
1 514.0 434.0
1 602.0 434.0
1 638.0 434.0
1 998.0 434.0
1 1019.0 435.0
1 704.0 436.0
1 667.0 437.0
1 572.0 438.0
1 583.0 438.0
1 693.0 438.0
1 771.0 438.0
1 547.0 439.0
1 608.0 439.0
1 660.0 440.0
1 679.0 440.0
1 759.0 440.0
1 541.0 441.0
1 992.0 441.0
1 506.0 442.0
1 731.0 442.0
1 845.0 442.0
1 583.0 443.0
1 689.0 443.0
1 710.0 443.0
1 749.0 443.0
1 671.0 444.0
1 827.0 444.0
1 839.0 444.0
1 592.0 445.0
1 616.0 445.0
1 700.0 446.0
1 652.0 447.0
1 769.0 447.0
1 583.0 448.0
1 712.0 448.0
1 760.0 449.0
1 597.0 450.0
1 668.0 450.0
1 751.0 450.0
1 620.0 451.0
1 588.0 452.0
1 633.0 452.0
1 680.0 452.0
1 769.0 452.0
1 645.0 453.0
1 497.0 454.0
1 655.0 455.0
1 699.0 455.0
1 752.0 455.0
1 850.0 455.0
1 738.0 456.0
1 723.0 457.0
1 605.0 458.0
1 633.0 458.0
1 829.0 458.0
1 986.0 458.0
1 595.0 459.0
1 769.0 460.0
1 1018.0 461.0
1 489.0 462.0
1 684.0 462.0
1 542.0 463.0
1 619.0 463.0
1 712.0 463.0
1 902.0 463.0
1 970.0 463.0
1 609.0 465.0
1 952.0 465.0
1 484.0 466.0
1 638.0 466.0
1 600.0 467.0
1 926.0 467.0
1 699.0 468.0
1 770.0 468.0
1 999.0 468.0
1 523.0 469.0
1 535.0 470.0
1 690.0 470.0
1 638.0 471.0
1 830.0 471.0
1 934.0 471.0
1 481.0 472.0
1 552.0 472.0
1 717.0 472.0
1 725.0 472.0
1 921.0 472.0
1 628.0 473.0
1 772.0 473.0
1 519.0 474.0
1 543.0 474.0
1 644.0 475.0
1 864.0 475.0
1 849.0 476.0
1 479.0 477.0
1 526.0 477.0
1 509.0 478.0
1 544.0 479.0
1 732.0 479.0
1 987.0 479.0
1 1018.0 479.0
1 559.0 480.0
1 687.0 480.0
1 714.0 480.0
1 723.0 480.0
1 933.0 480.0
1 602.0 481.0
1 709.0 481.0
1 514.0 482.0
1 826.0 482.0
1 971.0 482.0
1 635.0 483.0
1 913.0 483.0
1 553.0 485.0
1 947.0 485.0
1 754.0 487.0
1 824.0 487.0
1 542.0 488.0
1 637.0 488.0
1 647.0 488.0
1 927.0 488.0
1 698.0 489.0
1 850.0 490.0
1 567.0 491.0
1 740.0 491.0
1 782.0 491.0
1 735.0 492.0
1 999.0 492.0
1 648.0 493.0
1 919.0 494.0
1 611.0 495.0
1 912.0 495.0
1 945.0 495.0
1 503.0 496.0
1 553.0 496.0
1 730.0 496.0
1 816.0 496.0
1 934.0 496.0
1 869.0 498.0
1 877.0 498.0
1 1017.0 498.0
1 792.0 499.0
1 811.0 500.0
1 573.0 501.0
1 800.0 501.0
1 806.0 501.0
1 956.0 501.0
1 717.0 503.0
1 542.0 504.0
1 615.0 505.0
1 898.0 505.0
1 923.0 505.0
1 932.0 505.0
1 563.0 506.0
1 571.0 506.0
1 637.0 506.0
1 959.0 506.0
1 602.0 509.0
1 851.0 510.0
1 895.0 510.0
1 493.0 511.0
1 958.0 511.0
1 530.0 512.0
1 500.0 514.0
1 999.0 515.0
1 1017.0 515.0
1 621.0 516.0
1 865.0 516.0
1 722.0 517.0
1 551.0 518.0
1 642.0 518.0
1 742.0 519.0
1 664.0 520.0
1 892.0 520.0
1 582.0 521.0
1 712.0 521.0
1 792.0 521.0
1 967.0 521.0
1 946.0 522.0
1 490.0 523.0
1 553.0 524.0
1 624.0 524.0
1 659.0 524.0
1 498.0 526.0
1 807.0 527.0
1 892.0 527.0
1 469.0 528.0
1 819.0 528.0
1 646.0 529.0
1 1017.0 529.0
1 773.0 530.0
1 563.0 531.0
1 569.0 531.0
1 753.0 532.0
1 850.0 532.0
1 534.0 533.0
1 557.0 533.0
1 833.0 533.0
1 893.0 533.0
1 627.0 534.0
1 743.0 534.0
1 1017.0 534.0
1 648.0 536.0
1 956.0 537.0
1 714.0 538.0
1 872.0 538.0
1 963.0 538.0
1 999.0 538.0
1 490.0 540.0
1 629.0 540.0
1 881.0 540.0
1 498.0 541.0
1 545.0 541.0
1 649.0 541.0
1 780.0 543.0
1 959.0 543.0
1 631.0 546.0
1 850.0 546.0
1 651.0 548.0
1 756.0 550.0
1 632.0 551.0
1 904.0 551.0
1 952.0 551.0
1 595.0 553.0
1 529.0 554.0
1 910.0 554.0
1 946.0 555.0
1 915.0 557.0
1 941.0 557.0
1 585.0 558.0
1 634.0 558.0
1 922.0 559.0
1 927.0 559.0
1 935.0 559.0
1 654.0 560.0
1 597.0 562.0
1 495.0 564.0
1 532.0 565.0
1 635.0 565.0
1 556.0 567.0
1 636.0 570.0
1 999.0 570.0
1 672.0 572.0
1 657.0 573.0
1 601.0 575.0
1 756.0 575.0
1 637.0 576.0
1 747.0 576.0
1 582.0 577.0
1 589.0 578.0
1 519.0 579.0
1 999.0 583.0
1 541.0 589.0
1 639.0 589.0
1 1015.0 589.0
1 574.0 590.0
1 590.0 590.0
1 603.0 593.0
1 1015.0 594.0
1 723.0 597.0
1 821.0 597.0
1 563.0 598.0
1 732.0 599.0
1 504.0 600.0
1 577.0 600.0
1 601.0 600.0
1 596.0 601.0
1 998.0 601.0
1 541.0 602.0
1 640.0 602.0
1 585.0 605.0
1 639.0 607.0
1 572.0 609.0
1 722.0 609.0
1 731.0 610.0
1 639.0 613.0
1 577.0 614.0
1 751.0 616.0
1 584.0 617.0
1 603.0 619.0
1 709.0 619.0
1 517.0 620.0
1 553.0 621.0
1 750.0 621.0
1 590.0 624.0
1 639.0 624.0
1 693.0 624.0
1 702.0 624.0
1 516.0 625.0
1 714.0 625.0
1 511.0 627.0
1 675.0 627.0
1 686.0 630.0
1 694.0 632.0
1 569.0 634.0
1 527.0 636.0
1 513.0 637.0
1 574.0 637.0
1 593.0 637.0
1 638.0 637.0
1 579.0 638.0
1 712.0 641.0
1 723.0 641.0
1 602.0 642.0
1 534.0 644.0
1 740.0 644.0
1 519.0 645.0
1 1015.0 653.0
1 593.0 655.0
1 526.0 656.0
1 715.0 656.0
1 547.0 657.0
1 1015.0 658.0
1 997.0 661.0
1 810.0 662.0
1 594.0 663.0
1 1014.0 663.0
1 582.0 665.0
1 559.0 666.0
1 537.0 667.0
1 631.0 667.0
1 574.0 668.0
1 824.0 668.0
1 871.0 668.0
1 985.0 668.0
1 792.0 669.0
1 829.0 669.0
1 1013.0 670.0
1 881.0 671.0
1 704.0 672.0
1 699.0 674.0
1 582.0 675.0
1 557.0 676.0
1 774.0 677.0
1 904.0 678.0
1 811.0 683.0
1 946.0 683.0
1 955.0 683.0
1 989.0 684.0
1 528.0 685.0
1 1014.0 686.0
1 559.0 687.0
1 880.0 688.0
1 580.0 690.0
1 646.0 692.0
1 540.0 693.0
1 1010.0 693.0
1 906.0 695.0
1 641.0 696.0
1 551.0 700.0
1 955.0 700.0
1 450.0 701.0
1 566.0 701.0
1 626.0 702.0
1 1014.0 704.0
1 905.0 708.0
1 23.0 712.0
1 529.0 714.0
1 902.0 714.0
1 1014.0 715.0
1 956.0 720.0
1 1013.0 720.0
1 951.0 721.0
1 518.0 722.0
1 946.0 722.0
1 1012.0 725.0
1 516.0 727.0
1 905.0 728.0
1 505.0 742.0
1 1009.0 744.0
1 805.0 745.0
1 900.0 745.0
1 851.0 753.0
1 1008.0 753.0
1 776.0 758.0
1 38.0 765.0
1 301.0 765.0
1 1008.0 766.0
1 582.0 770.0
1 239.0 772.0
1 442.0 777.0
1 1006.0 783.0
1 509.0 789.0
1 492.0 803.0
1 101.0 812.0
1 45.0 813.0
1 10.0 825.0
1 442.0 829.0
1 689.0 830.0
1 359.0 833.0
1 582.0 833.0
1 507.0 837.0
1 184.0 838.0
1 548.0 840.0
1 654.0 840.0
1 420.0 845.0
1 706.0 845.0
1 691.0 846.0
1 630.0 847.0
1 874.0 848.0
1 653.0 850.0
1 1007.0 855.0
1 111.0 858.0
1 232.0 858.0
1 650.0 859.0
1 701.0 859.0
1 67.0 861.0
1 533.0 864.0
1 910.0 864.0
1 184.0 868.0
1 765.0 874.0
1 928.0 888.0
1 664.0 891.0
1 510.0 895.0
1 464.0 912.0
1 992.0 981.0
