0 0 0 337.5879084035207
0 2 6 217.3670640730309
0 1 13 129.57460348843674
0 5 18 472.4816761520148
0 8 21 241.7549189727256
0 10 22 164.64798102485153
0 3 24 213.32590086659275
0 13 25 162.94928483696637
0 11 26 285.7422710112263
0 9 28 153.9409504540773
0 35 31 130.92169575631726
0 14 32 122.00207059798134
0 15 33 116.69256748790922
0 21 34 111.70012633929238
0 6 35 122.10956792605717
0 24 36 223.42400841641265
0 7 39 225.16454132928044
0 36 40 147.7156015144506
0 34 41 125.6752306800323
0 18 43 163.8419360228768
0 16 44 138.23438802470736
0 19 46 289.6641289512781
0 32 47 173.79931156593267
0 33 50 122.15999863111497
0 4 52 292.4573659146784
0 29 53 110.40578753940933
0 30 56 117.26414672332812
0 26 58 129.97361128853964
0 20 61 333.2767715020543
0 39 62 126.96822815572189
0 77 63 113.22788659566996
0 17 64 124.78775681033598
0 40 65 129.98663193376433
0 90 67 107.09783229424387
0 41 68 110.17743480655857
0 66 70 170.71207805217554
0 31 71 122.07020900243286
0 37 72 216.9619599856016
0 103 73 131.28810226770923
0 73 75 106.9345360259643
0 42 77 253.800506626306
0 112 81 125.94476878393586
0 83 83 123.62379208244643
0 25 84 184.43173068762897
0 23 85 139.44286406985069
0 63 86 280.72881798073627
0 78 87 105.1651818656616
0 72 88 261.1218304347061
0 76 89 157.5117648798445
0 38 90 337.61205881542094
0 117 91 117.50169278139741
0 128 93 108.92042017018946
0 118 94 119.11408152134632
0 64 95 145.11764177742734
0 130 97 113.33262043977517
0 71 98 420.27278426195505
0 27 99 117.51261421470372
0 60 106 187.6092910412545
0 52 108 179.95923322070965
0 65 109 227.82598457899888
0 61 110 129.48510940413152
0 102 111 212.8669209355544
0 122 112 104.54914082862774
0 129 113 110.66072447048005
0 53 114 133.91449202426026
0 43 115 180.3205207850124
0 68 117 180.12200943016816
0 70 119 195.83998595507916
0 44 120 287.00266890057253
0 46 121 160.39147367341266
0 47 122 185.9295777379432
0 48 123 193.6407206984688
0 49 124 213.4373200851321
0 54 126 194.676535008835
0 50 127 121.60271136416596
0 87 128 168.0109371438689
0 113 129 183.45840390947154
0 74 130 128.86939055325865
0 56 131 197.37116335844527
0 57 132 220.94986542605164
0 58 133 204.80613768393573
0 101 134 165.3177045719901
0 89 135 308.73191063065093
0 94 136 109.63637551788585
0 79 138 139.83877697615063
0 59 139 114.6218092632113
0 67 142 106.12123864921554
0 170 143 280.4911683701921
0 150 144 114.20685122007521
0 147 145 108.02307441545989
0 62 146 114.66411985332039
0 93 147 145.9897835442386
0 91 148 184.86324791410345
0 81 149 232.31590790289025
0 88 151 201.6763916342339
0 82 152 176.10334510174596
0 84 153 116.31042594427431
0 151 154 118.97891773483566
0 96 155 152.0695082037348
0 104 156 215.550585449283
0 85 157 146.69401911955342
0 175 159 142.85294875956157
0 105 160 166.4878725511405
0 75 161 172.5552890801277
0 106 162 122.74172976331204
0 181 164 104.99582700625373
0 107 165 127.53897121762914
0 182 166 105.1422727033443
0 160 167 132.96742993759955
0 162 168 150.12679676474073
0 171 169 138.72784802695108
0 115 170 129.7415310076875
0 120 171 111.9794137272032
0 121 172 315.74327016949553
0 126 173 126.48215050511165
0 116 175 120.80088580895519
0 108 176 115.05583259794192
0 98 177 121.98176629824677
0 95 178 104.88358490816098
0 124 179 129.32190086024127
0 195 180 115.27444749435729
0 127 181 138.52240596045726
0 109 182 168.06070342170472
0 199 183 169.75398687051722
0 133 184 179.65512485426032
0 110 185 163.46720219016143
0 99 186 118.8566641939717
0 100 187 115.55760596817011
0 202 188 174.08337881558003
0 139 189 179.99493184055083
0 123 190 119.1774820893333
0 187 192 142.82801793836194
0 134 193 138.21679317771284
0 111 194 148.65126650985104
0 141 195 171.7967567213323
0 207 196 162.69424484640103
0 157 197 116.22687676417236
0 208 199 169.55650483427397
0 190 200 126.77790364474413
0 145 201 135.24141898722516
0 218 203 143.00615403551402
0 119 204 258.39194705998045
0 209 205 123.11147722918281
0 210 206 175.12559622258837
0 211 207 158.2896895176911
0 203 208 119.25524893688481
0 192 209 105.69722573082261
0 125 211 164.94910554335712
0 144 212 251.97507345736528
0 216 213 107.81533168644542
0 136 214 183.9639291917402
0 142 215 124.21723676513368
0 229 216 155.6108600642581
0 221 218 211.33771891979185
0 152 219 136.76998726148713
0 140 220 179.9090397096614
0 159 221 187.48901057208946
0 143 222 161.34281035034894
0 131 224 107.96555031411734
0 132 225 112.45286317108567
0 232 226 137.65640707372683
0 137 228 232.8745604856365
0 219 231 112.88528917794771
0 149 232 122.39444426692603
0 138 233 169.65300103062592
0 186 234 106.57240325456763
0 246 235 148.84533016098814
0 234 236 104.12550011652448
0 224 237 130.4713019712679
0 154 238 272.8871403285794
0 148 239 134.37554939525373
0 247 242 189.4933036659711
0 236 243 107.07051329301886
0 237 244 106.76034288356375
0 163 245 227.4280807096988
0 167 247 119.27753877234373
0 264 248 116.21401945432413
0 168 249 107.17369043383162
0 174 250 117.2041077984473
0 260 251 107.0446288112425
0 253 252 104.8958935571417
0 254 253 157.0562144856445
0 155 254 216.04635748882598
0 269 255 127.15496160578952
0 255 257 149.37154270584887
0 164 258 207.81433526373854
0 156 259 236.75473649785448
0 158 261 225.3645419645888
0 184 262 160.03150034110107
0 161 263 220.4721607379973
0 166 264 202.14131854155534
0 194 265 145.2874080815892
0 188 266 106.04192258476782
0 183 267 167.70341836881062
0 169 268 169.09563773744344
0 205 270 227.728449163709
0 280 271 120.0372563601326
0 288 272 107.12035685809191
0 265 273 108.2771619576894
0 212 274 118.58318071520351
0 196 277 169.23842478852532
0 201 278 201.56534615251766
0 223 280 265.2885606474305
0 289 281 103.80440697461104
0 215 283 108.03440571732068
0 213 287 157.29972623618207
0 226 288 449.5695722197074
0 179 290 180.4677795423576
0 225 291 120.99192630700716
0 245 293 127.18727340059912
0 386 294 182.29311947678625
0 198 295 317.0903287560862
0 242 296 178.54242847566616
0 249 297 207.22774180128823
0 250 298 135.29825231456468
0 312 299 117.31509160871205
0 240 300 120.30778087385478
0 204 301 221.57075890012408
0 317 302 123.33852058610076
0 257 306 242.6824944667744
0 261 308 183.50082293760286
0 214 311 266.95292757763906
0 330 312 120.72688493459123
0 256 313 175.92221395942673
0 233 314 279.03842504404565
0 331 316 123.34898512817263
0 267 317 112.32027865407265
0 335 318 129.3006816771802
0 332 319 116.80234835348891
0 241 322 332.84986704131387
0 252 326 260.17030336192556
0 279 327 179.92603791278188
0 217 329 387.6400402953762
0 277 330 316.9751247540933
0 272 332 189.97705855842594
0 341 333 390.0434082478112
0 259 337 186.0208211576473
0 347 338 138.0515294130232
0 222 339 241.6876167627371
0 239 340 462.64407460174084
0 262 341 334.6258389971207
0 228 343 105.64976191483746
0 275 344 178.18275471856418
0 291 345 107.46518219684138
0 235 348 379.0202124943804
0 300 349 158.4843884448921
0 343 350 253.5803345594017
0 294 351 149.41271415739598
0 379 352 183.36683047459124
0 276 353 320.0439513482992
0 287 354 195.386483393702
0 308 355 250.31956849562073
0 268 356 162.86105239288216
0 368 357 129.13161588006716
0 303 359 135.12185535857532
0 311 360 219.04348153622487
0 305 361 274.1731767726652
0 388 362 103.5297660443771
0 380 363 116.43894494917791
0 381 364 107.30516371869614
0 316 365 122.93666611953948
0 298 366 145.18962679035621
0 299 367 158.3080309837014
0 383 368 209.77198265355455
0 333 369 281.73698007605975
0 389 370 140.94152971801722
0 310 371 166.30094542609893
0 309 372 213.50246688444648
0 336 373 108.8759669699346
0 319 375 194.75628614051223
0 351 376 132.5885645751815
0 357 377 255.86501262189634
0 318 378 194.7362348662632
0 274 379 127.83170593889758
0 328 380 212.9245856641424
0 322 381 167.3714059056994
0 273 383 329.06835352317006
0 352 384 104.96138713161307
0 281 385 123.92355676193843
0 282 386 205.22376251890728
0 407 387 230.8728814620559
0 296 389 117.15627798242406
0 297 390 118.19366448690683
0 362 391 141.70976453608662
0 290 392 107.87796732928534
0 306 393 130.47770463609461
0 307 394 135.38453692378692
0 292 395 106.79517144615109
0 365 396 104.3477308998904
0 377 397 108.85074184228465
0 374 398 178.17240392757992
0 320 399 123.55513712330051
0 325 400 112.06311843657363
0 366 401 131.80131433529218
0 413 402 111.77786545601411
0 367 404 104.09407645508175
0 313 406 105.65288226130656
0 373 407 115.04870014540509
0 415 408 218.7497563430028
0 314 409 311.76402051294247
0 326 410 225.5299977449979
0 364 411 341.69663627546703
0 302 412 366.37375559929137
0 369 413 248.1970698122014
0 391 414 110.69312719794154
0 396 415 106.09613981213188
0 353 416 112.17998742011616
0 384 417 129.49269495242012
0 344 418 167.61548980168237
0 342 419 283.34777751684516
0 401 421 269.86203306261956
0 406 422 184.90723621961763
0 405 425 223.14112746465224
0 361 426 275.4106380154865
0 458 427 184.90617650537007
0 390 428 115.62810504881756
0 393 429 123.9828999357739
0 370 430 218.0588682478428
0 421 432 277.00163174100305
0 378 433 300.3728786673549
0 427 434 236.7820523857845
0 404 436 134.0316491808093
0 402 437 163.3388814161553
0 403 438 110.53758048164828
0 423 439 164.07428654471258
0 394 440 230.99214647827907
0 398 441 109.47177368285985
0 387 442 159.10983852697882
0 422 443 280.7499577048112
0 466 445 105.48233893025298
0 474 446 129.78719799645864
0 409 447 114.9573425838874
0 432 448 455.7147811428537
0 399 449 128.28919684594783
0 435 450 405.6115197313913
0 418 451 118.15016561021623
0 420 452 107.15846640625011
0 408 454 254.89448230513898
0 412 455 200.98518249020754
0 414 456 133.2216668986654
0 411 457 172.15373067630807
0 477 458 109.63559458655328
0 436 459 140.21742991287277
0 489 460 117.71344592713002
0 453 461 158.66290982346908
0 447 464 213.9451633100947
0 424 465 150.00071972953904
0 494 466 106.1099024366889
0 425 467 117.2827631650601
0 442 468 108.9502833469652
0 428 469 132.88382948888423
0 505 470 177.588826348478
0 449 472 127.89835226931842
0 433 474 264.74996701911505
0 434 477 206.44030836324117
0 510 482 115.37778224022024
0 456 483 139.24021154413225
0 440 484 171.4043203916922
0 441 485 120.05717616305009
0 444 486 161.6575442186998
0 462 489 105.99359295711747
0 448 490 210.27852302076494
0 467 491 140.65284312182752
0 455 492 397.83039748381503
0 459 493 153.7539510233483
0 484 494 241.32141226370797
0 457 495 153.6052689307336
0 495 496 176.38075801853483
0 529 497 192.84606295985986
0 516 498 161.3877416347982
0 475 499 107.44412250688111
0 454 500 222.22815929780145
0 476 501 107.15790517136101
0 468 502 123.98904813228798
0 469 503 156.79888775813376
0 470 504 124.85024414579928
0 452 505 279.98793749325154
0 463 506 147.4327116785996
0 499 507 138.91121570463935
0 464 508 325.69055233898405
0 472 509 220.52851237773785
0 502 510 104.56474682063876
0 513 511 143.03425659164418
0 478 514 197.3695844645538
0 483 515 184.25073503862
0 473 516 279.8261720916308
0 487 517 144.60027033877847
0 500 518 277.04652751327893
0 493 519 163.22286137462487
0 486 522 119.93335802931236
0 481 524 212.49816898902924
0 515 525 144.42338948731432
0 497 526 189.72829633828084
0 498 527 123.11946374997818
0 496 529 143.79298328073477
0 520 530 104.57162275467167
0 482 531 215.4776099850245
0 503 533 237.7886127976164
0 543 534 221.418671357263
0 485 535 261.22172405052413
0 491 536 307.3081130348836
0 506 538 135.08873694744128
0 524 539 181.7021165527663
0 507 540 169.50485558426794
0 492 542 226.73615566682068
0 511 543 175.12903295508718
0 501 544 331.3638011483325
0 519 545 161.5829357056129
0 518 546 178.05000766760887
0 553 547 138.63566970445953
0 521 548 118.79246889376019
0 508 549 355.8006184917234
0 512 550 164.7430137322046
0 539 551 140.098268772776
0 527 552 105.13976226574555
0 528 553 129.59616294624823
0 523 554 241.3573091646335
0 522 555 182.85899635169557
0 531 556 117.93694753135216
0 533 557 210.98429691900492
0 544 558 240.3442507077579
0 535 559 106.45828008478479
0 530 560 143.9948517160503
0 564 561 257.56406817952586
0 540 562 161.9187642872626
0 563 563 129.26930918590818
0 536 564 185.70761582916492
0 532 565 144.73161116119374
0 550 566 130.45997962060483
0 562 568 114.30387980267523
0 575 570 181.8624044400001
0 545 571 104.1399003505032
0 549 573 132.83390686512928
0 569 575 111.8334713930437
0 571 577 321.9968499336851
0 556 579 220.50674497225597
0 577 581 256.0290462640224
0 570 582 113.91304643032463
0 572 584 107.89236959898794
0 574 586 109.69055201025273
0 573 587 120.44347496165521
0 568 588 310.6404031366926
0 578 589 107.62635525541766
0 576 591 104.15176996443662
0 579 593 109.0200254543569
0 566 595 115.43192947658827
0 584 605 107.0073236280252
0 588 613 127.71941524033772
0 593 621 273.49237374940634

0 910.0 22.0
0 912.0 29.0
0 845.0 359.0
0 850.0 359.0
0 856.0 361.0
0 904.0 363.0
0 917.0 364.0
0 834.0 370.0
0 850.0 370.0
0 867.0 371.0
0 896.0 373.0
0 907.0 375.0
0 833.0 377.0
0 822.0 378.0
0 893.0 382.0
0 918.0 383.0
0 906.0 385.0
0 930.0 386.0
0 781.0 387.0
0 749.0 388.0
0 798.0 388.0
0 743.0 389.0
0 718.0 394.0
0 690.0 395.0
0 808.0 395.0
0 685.0 396.0
0 729.0 396.0
0 650.0 399.0
0 695.0 399.0
0 741.0 399.0
0 792.0 402.0
0 639.0 403.0
0 761.0 403.0
0 752.0 404.0
0 714.0 405.0
0 772.0 405.0
0 686.0 406.0
0 920.0 406.0
0 784.0 407.0
0 1084.0 409.0
0 653.0 410.0
0 670.0 410.0
0 726.0 410.0
0 1068.0 410.0
0 1008.0 411.0
0 636.0 412.0
0 794.0 414.0
0 698.0 415.0
0 1080.0 415.0
0 673.0 416.0
0 712.0 416.0
0 751.0 417.0
0 1074.0 417.0
0 761.0 418.0
0 778.0 418.0
0 1019.0 418.0
0 770.0 419.0
0 926.0 419.0
0 1014.0 420.0
0 621.0 421.0
0 1082.0 421.0
0 1087.0 421.0
0 739.0 422.0
0 637.0 423.0
0 1034.0 423.0
0 753.0 425.0
0 728.0 426.0
0 652.0 427.0
0 767.0 427.0
0 785.0 427.0
0 672.0 428.0
0 1004.0 428.0
0 1091.0 428.0
0 603.0 430.0
0 995.0 430.0
0 699.0 431.0
0 750.0 431.0
0 780.0 431.0
0 934.0 433.0
0 955.0 433.0
0 1087.0 435.0
0 625.0 436.0
0 638.0 436.0
0 746.0 436.0
0 784.0 436.0
0 919.0 436.0
0 989.0 436.0
0 713.0 437.0
0 980.0 437.0
0 777.0 438.0
0 1032.0 438.0
0 672.0 439.0
0 999.0 439.0
0 602.0 440.0
0 745.0 442.0
0 1005.0 442.0
0 1091.0 444.0
0 624.0 445.0
0 1100.0 445.0
0 916.0 446.0
0 953.0 446.0
0 937.0 447.0
0 969.0 447.0
0 1018.0 447.0
0 1032.0 447.0
0 978.0 448.0
0 1023.0 448.0
0 1086.0 448.0
0 797.0 449.0
0 1081.0 449.0
0 790.0 450.0
0 991.0 450.0
0 713.0 451.0
0 743.0 451.0
0 805.0 451.0
0 814.0 451.0
0 1002.0 451.0
0 1049.0 451.0
0 1064.0 451.0
0 1076.0 451.0
0 819.0 452.0
0 829.0 452.0
0 834.0 452.0
0 839.0 453.0
0 844.0 453.0
0 963.0 453.0
0 849.0 454.0
0 856.0 454.0
0 1013.0 455.0
0 766.0 456.0
0 824.0 456.0
0 876.0 456.0
0 881.0 456.0
0 886.0 456.0
0 978.0 456.0
0 1088.0 456.0
0 785.0 457.0
0 1000.0 457.0
0 790.0 458.0
0 895.0 458.0
0 1034.0 458.0
0 1106.0 458.0
0 903.0 459.0
0 1077.0 459.0
0 667.0 460.0
0 678.0 460.0
0 913.0 460.0
0 1048.0 460.0
0 812.0 461.0
0 844.0 461.0
0 948.0 461.0
0 1063.0 461.0
0 849.0 462.0
0 863.0 462.0
0 686.0 463.0
0 793.0 463.0
0 800.0 463.0
0 874.0 463.0
0 936.0 463.0
0 659.0 464.0
0 806.0 464.0
0 868.0 464.0
0 824.0 465.0
0 979.0 465.0
0 637.0 466.0
0 834.0 466.0
0 648.0 467.0
0 708.0 467.0
0 713.0 467.0
0 719.0 468.0
0 844.0 468.0
0 1097.0 468.0
0 1108.0 468.0
0 767.0 469.0
0 772.0 469.0
0 855.0 469.0
0 861.0 469.0
0 877.0 469.0
0 907.0 469.0
0 1027.0 469.0
0 624.0 470.0
0 777.0 470.0
0 882.0 470.0
0 612.0 471.0
0 759.0 471.0
0 887.0 471.0
0 893.0 471.0
0 914.0 471.0
0 602.0 472.0
0 950.0 472.0
0 1072.0 472.0
0 970.0 473.0
0 697.0 474.0
0 782.0 474.0
0 932.0 474.0
0 991.0 474.0
0 636.0 475.0
0 748.0 476.0
0 1006.0 476.0
0 643.0 477.0
0 732.0 477.0
0 771.0 477.0
0 1067.0 477.0
0 627.0 478.0
0 944.0 478.0
0 657.0 479.0
0 663.0 479.0
0 668.0 479.0
0 686.0 479.0
0 710.0 479.0
0 1031.0 479.0
0 1052.0 479.0
0 1111.0 479.0
0 676.0 480.0
0 955.0 480.0
0 1057.0 480.0
0 621.0 481.0
0 737.0 481.0
0 600.0 482.0
0 770.0 482.0
0 974.0 482.0
0 1066.0 482.0
0 1071.0 482.0
0 725.0 483.0
0 918.0 483.0
0 931.0 483.0
0 634.0 484.0
0 1001.0 484.0
0 1019.0 484.0
0 621.0 486.0
0 650.0 486.0
0 734.0 486.0
0 966.0 486.0
0 945.0 487.0
0 759.0 488.0
0 600.0 489.0
0 694.0 489.0
0 708.0 489.0
0 784.0 489.0
0 955.0 489.0
0 650.0 491.0
0 1032.0 492.0
0 629.0 493.0
0 727.0 493.0
0 744.0 494.0
0 998.0 494.0
0 470.0 496.0
0 933.0 498.0
0 621.0 499.0
0 916.0 499.0
0 953.0 499.0
0 668.0 500.0
0 719.0 500.0
0 703.0 501.0
0 1014.0 501.0
0 600.0 502.0
0 682.0 502.0
0 708.0 502.0
0 1006.0 502.0
0 1019.0 502.0
0 1001.0 503.0
0 1024.0 503.0
0 984.0 504.0
0 1029.0 504.0
0 926.0 505.0
0 931.0 505.0
0 942.0 505.0
0 886.0 506.0
0 1034.0 506.0
0 776.0 507.0
0 870.0 507.0
0 604.0 508.0
0 618.0 508.0
0 743.0 508.0
0 968.0 510.0
0 987.0 510.0
0 771.0 511.0
0 1040.0 511.0
0 979.0 512.0
0 766.0 515.0
0 985.0 515.0
0 720.0 517.0
0 980.0 517.0
0 931.0 518.0
0 800.0 519.0
0 810.0 519.0
0 819.0 519.0
0 1045.0 519.0
0 759.0 520.0
0 791.0 520.0
0 830.0 520.0
0 918.0 521.0
0 783.0 522.0
0 1106.0 522.0
0 604.0 523.0
0 847.0 523.0
0 971.0 523.0
0 1053.0 523.0
0 1059.0 523.0
0 680.0 524.0
0 960.0 524.0
0 855.0 525.0
0 709.0 526.0
0 775.0 526.0
0 818.0 526.0
0 1083.0 526.0
0 1088.0 526.0
0 738.0 527.0
0 751.0 527.0
0 910.0 527.0
0 928.0 527.0
0 767.0 528.0
0 681.0 530.0
0 970.0 530.0
0 981.0 530.0
0 1093.0 530.0
0 708.0 531.0
0 1079.0 531.0
0 701.0 532.0
0 719.0 532.0
0 759.0 532.0
0 777.0 532.0
0 933.0 532.0
0 837.0 533.0
0 728.0 534.0
0 852.0 534.0
0 980.0 535.0
0 1088.0 535.0
0 751.0 536.0
0 882.0 536.0
0 1093.0 536.0
0 1098.0 536.0
0 1103.0 536.0
0 698.0 537.0
0 737.0 537.0
0 776.0 537.0
0 924.0 539.0
0 1049.0 539.0
0 690.0 540.0
0 866.0 540.0
0 891.0 541.0
0 940.0 541.0
0 1092.0 541.0
0 824.0 543.0
0 983.0 543.0
0 1073.0 544.0
0 689.0 545.0
0 736.0 545.0
0 879.0 545.0
0 1086.0 545.0
0 729.0 546.0
0 1092.0 546.0
0 680.0 547.0
0 945.0 547.0
0 1105.0 547.0
0 801.0 548.0
0 1047.0 548.0
0 689.0 550.0
0 946.0 552.0
0 973.0 552.0
0 1103.0 552.0
0 1112.0 552.0
0 626.0 553.0
0 696.0 555.0
0 709.0 555.0
0 1093.0 555.0
0 992.0 556.0
0 1040.0 556.0
0 719.0 557.0
0 725.0 557.0
0 681.0 559.0
0 999.0 560.0
0 1035.0 560.0
0 1072.0 561.0
0 903.0 562.0
0 1030.0 562.0
0 1055.0 562.0
0 1113.0 562.0
0 1007.0 563.0
0 836.0 564.0
0 1015.0 564.0
0 1023.0 564.0
0 606.0 565.0
0 759.0 567.0
0 1091.0 567.0
0 800.0 570.0
0 810.0 570.0
0 709.0 571.0
0 682.0 572.0
0 781.0 573.0
0 789.0 573.0
0 1067.0 573.0
0 828.0 575.0
0 799.0 576.0
0 810.0 577.0
0 845.0 577.0
0 981.0 577.0
0 1103.0 578.0
0 1108.0 579.0
0 785.0 580.0
0 773.0 581.0
0 1013.0 581.0
0 681.0 582.0
0 737.0 583.0
0 1045.0 583.0
0 606.0 584.0
0 855.0 584.0
0 1028.0 584.0
0 707.0 585.0
0 878.0 587.0
0 868.0 588.0
0 805.0 589.0
0 823.0 589.0
0 794.0 591.0
0 1073.0 591.0
0 1098.0 591.0
0 752.0 592.0
0 784.0 596.0
0 871.0 597.0
0 880.0 598.0
0 963.0 600.0
0 801.0 603.0
0 781.0 605.0
0 963.0 607.0
0 1058.0 607.0
0 790.0 608.0
0 890.0 608.0
0 607.0 609.0
0 734.0 609.0
0 740.0 611.0
0 884.0 611.0
0 869.0 612.0
0 804.0 614.0
0 896.0 615.0
0 793.0 617.0
0 608.0 619.0
0 760.0 619.0
0 729.0 620.0
0 738.0 621.0
0 774.0 621.0
0 892.0 621.0
0 841.0 622.0
0 901.0 622.0
0 697.0 623.0
0 879.0 624.0
0 630.0 628.0
0 608.0 631.0
0 812.0 631.0
0 881.0 631.0
0 902.0 631.0
0 963.0 631.0
0 725.0 635.0
0 734.0 635.0
0 696.0 637.0
0 799.0 638.0
0 851.0 638.0
0 856.0 638.0
0 846.0 639.0
0 630.0 641.0
0 772.0 643.0
0 610.0 646.0
0 775.0 648.0
0 696.0 650.0
0 198.0 651.0
0 795.0 652.0
0 886.0 654.0
0 630.0 655.0
0 909.0 655.0
0 727.0 656.0
0 845.0 659.0
0 609.0 662.0
0 870.0 662.0
0 759.0 664.0
0 849.0 664.0
0 854.0 664.0
0 699.0 665.0
0 859.0 665.0
0 914.0 666.0
0 1089.0 666.0
0 791.0 669.0
0 843.0 669.0
0 864.0 669.0
0 630.0 670.0
0 728.0 671.0
0 830.0 671.0
0 905.0 672.0
0 913.0 674.0
0 423.0 675.0
0 871.0 675.0
0 737.0 676.0
0 852.0 676.0
0 729.0 679.0
0 863.0 680.0
0 883.0 681.0
0 704.0 682.0
0 842.0 682.0
0 954.0 683.0
0 631.0 685.0
0 609.0 686.0
0 739.0 687.0
0 911.0 687.0
0 734.0 689.0
0 850.0 689.0
0 864.0 690.0
0 839.0 691.0
0 872.0 691.0
0 900.0 692.0
0 1084.0 692.0
0 909.0 694.0
0 871.0 696.0
0 1050.0 696.0
0 948.0 698.0
0 754.0 699.0
0 1084.0 699.0
0 824.0 701.0
0 832.0 701.0
0 906.0 702.0
0 807.0 703.0
0 716.0 704.0
0 754.0 704.0
0 392.0 705.0
0 736.0 705.0
0 860.0 705.0
0 191.0 706.0
0 891.0 707.0
0 1082.0 707.0
0 754.0 709.0
0 824.0 709.0
0 720.0 710.0
0 749.0 710.0
0 1046.0 710.0
0 900.0 711.0
0 109.0 712.0
0 758.0 714.0
0 609.0 715.0
0 883.0 716.0
0 896.0 717.0
0 1082.0 718.0
0 770.0 719.0
0 728.0 721.0
0 764.0 721.0
0 388.0 722.0
0 875.0 722.0
0 777.0 723.0
0 888.0 725.0
0 783.0 727.0
0 772.0 729.0
0 370.0 730.0
0 789.0 730.0
0 882.0 730.0
0 859.0 731.0
0 739.0 732.0
0 798.0 733.0
0 778.0 734.0
0 840.0 735.0
0 848.0 735.0
0 784.0 737.0
0 821.0 737.0
0 1079.0 738.0
0 791.0 739.0
0 864.0 742.0
0 750.0 743.0
0 819.0 744.0
0 243.0 745.0
0 840.0 745.0
0 853.0 745.0
0 755.0 746.0
0 824.0 746.0
0 396.0 747.0
0 506.0 747.0
0 609.0 747.0
0 790.0 749.0
0 442.0 750.0
0 804.0 752.0
0 1078.0 757.0
0 220.0 760.0
0 1443.0 761.0
0 1076.0 762.0
0 352.0 763.0
0 803.0 765.0
0 55.0 768.0
0 728.0 768.0
0 511.0 772.0
0 489.0 773.0
0 464.0 776.0
0 532.0 778.0
0 431.0 779.0
0 522.0 783.0
0 1072.0 786.0
0 387.0 788.0
0 324.0 789.0
0 418.0 789.0
0 362.0 790.0
0 460.0 792.0
0 788.0 794.0
0 1243.0 796.0
0 438.0 800.0
0 1072.0 801.0
0 157.0 804.0
0 523.0 804.0
0 987.0 807.0
0 999.0 808.0
0 311.0 812.0
0 414.0 814.0
0 403.0 816.0
0 384.0 822.0
0 273.0 823.0
0 917.0 823.0
0 692.0 826.0
0 535.0 827.0
0 1426.0 827.0
0 376.0 828.0
0 176.0 829.0
0 225.0 831.0
0 1287.0 832.0
0 197.0 846.0
0 495.0 846.0
0 117.0 851.0
0 37.0 852.0
0 244.0 852.0
0 312.0 858.0
0 694.0 865.0
0 901.0 877.0
0 742.0 922.0
0 271.0 933.0
0 271.0 945.0
0 913.0 954.0
0 1035.0 963.0
0 971.0 968.0
0 1012.0 968.0
1 864.0 117.0
1 841.0 342.0
1 931.0 343.0
1 813.0 375.0
1 1103.0 375.0
1 774.0 376.0
1 785.0 377.0
1 1114.0 377.0
1 739.0 378.0
1 701.0 379.0
1 727.0 379.0
1 734.0 379.0
1 808.0 379.0
1 689.0 380.0
1 774.0 381.0
1 765.0 382.0
1 1034.0 382.0
1 1066.0 382.0
1 1093.0 382.0
1 808.0 384.0
1 1120.0 386.0
1 716.0 387.0
1 728.0 387.0
1 957.0 387.0
1 700.0 388.0
1 806.0 391.0
1 1043.0 391.0
1 954.0 392.0
1 702.0 394.0
1 774.0 394.0
1 783.0 394.0
1 1031.0 394.0
1 707.0 395.0
1 719.0 396.0
1 672.0 397.0
1 635.0 398.0
1 651.0 398.0
1 1122.0 398.0
1 1076.0 400.0
1 747.0 402.0
1 763.0 403.0
1 779.0 403.0
1 795.0 403.0
1 841.0 406.0
1 846.0 406.0
1 852.0 406.0
1 859.0 406.0
1 864.0 406.0
1 870.0 406.0
1 875.0 406.0
1 888.0 406.0
1 818.0 407.0
1 823.0 407.0
1 832.0 407.0
1 880.0 407.0
1 906.0 407.0
1 911.0 407.0
1 916.0 407.0
1 923.0 407.0
1 930.0 407.0
1 1061.0 407.0
1 813.0 408.0
1 950.0 408.0
1 1020.0 408.0
1 1036.0 408.0
1 1115.0 409.0
1 676.0 410.0
1 939.0 410.0
1 1086.0 410.0
1 1091.0 410.0
1 1104.0 410.0
1 1135.0 410.0
1 1007.0 411.0
1 706.0 412.0
1 852.0 412.0
1 901.0 412.0
1 789.0 414.0
1 633.0 415.0
1 722.0 415.0
1 816.0 415.0
1 870.0 415.0
1 875.0 415.0
1 880.0 415.0
1 756.0 416.0
1 895.0 416.0
1 906.0 416.0
1 952.0 416.0
1 1048.0 417.0
1 1102.0 417.0
1 1116.0 417.0
1 651.0 418.0
1 839.0 418.0
1 844.0 418.0
1 1085.0 418.0
1 810.0 419.0
1 944.0 419.0
1 815.0 421.0
1 827.0 421.0
1 911.0 421.0
1 930.0 421.0
1 952.0 421.0
1 1006.0 421.0
1 1019.0 421.0
1 598.0 422.0
1 822.0 422.0
1 832.0 422.0
1 853.0 422.0
1 864.0 422.0
1 895.0 422.0
1 917.0 422.0
1 922.0 422.0
1 972.0 422.0
1 622.0 423.0
1 784.0 423.0
1 844.0 423.0
1 876.0 423.0
1 887.0 423.0
1 675.0 424.0
1 757.0 424.0
1 980.0 425.0
1 1132.0 425.0
1 1148.0 428.0
1 722.0 429.0
1 1114.0 429.0
1 1060.0 430.0
1 1088.0 430.0
1 788.0 431.0
1 804.0 431.0
1 596.0 432.0
1 756.0 432.0
1 621.0 433.0
1 958.0 433.0
1 971.0 433.0
1 779.0 436.0
1 807.0 436.0
1 827.0 436.0
1 996.0 437.0
1 1064.0 437.0
1 985.0 438.0
1 990.0 438.0
1 1008.0 438.0
1 1024.0 438.0
1 1101.0 439.0
1 1116.0 439.0
1 1151.0 440.0
1 792.0 443.0
1 767.0 444.0
1 682.0 445.0
1 996.0 445.0
1 1005.0 445.0
1 671.0 447.0
1 689.0 447.0
1 793.0 448.0
1 799.0 448.0
1 805.0 448.0
1 1058.0 448.0
1 1063.0 448.0
1 765.0 449.0
1 1072.0 449.0
1 1107.0 449.0
1 718.0 450.0
1 1079.0 450.0
1 723.0 451.0
1 1034.0 451.0
1 1048.0 451.0
1 772.0 452.0
1 969.0 452.0
1 974.0 452.0
1 954.0 453.0
1 1084.0 453.0
1 1098.0 453.0
1 732.0 454.0
1 818.0 454.0
1 823.0 454.0
1 993.0 454.0
1 661.0 455.0
1 666.0 455.0
1 693.0 455.0
1 813.0 455.0
1 869.0 455.0
1 1039.0 455.0
1 636.0 456.0
1 647.0 456.0
1 922.0 456.0
1 1028.0 456.0
1 1033.0 456.0
1 780.0 457.0
1 705.0 458.0
1 983.0 459.0
1 693.0 460.0
1 744.0 461.0
1 936.0 461.0
1 720.0 462.0
1 960.0 462.0
1 972.0 462.0
1 621.0 463.0
1 1096.0 463.0
1 612.0 464.0
1 885.0 464.0
1 603.0 465.0
1 701.0 465.0
1 1023.0 465.0
1 596.0 467.0
1 690.0 467.0
1 901.0 467.0
1 922.0 467.0
1 1028.0 467.0
1 637.0 468.0
1 649.0 468.0
1 659.0 468.0
1 667.0 468.0
1 672.0 468.0
1 1009.0 468.0
1 1099.0 468.0
1 800.0 469.0
1 973.0 469.0
1 681.0 470.0
1 931.0 470.0
1 624.0 471.0
1 745.0 471.0
1 911.0 471.0
1 596.0 472.0
1 917.0 472.0
1 1027.0 472.0
1 721.0 473.0
1 960.0 473.0
1 790.0 474.0
1 604.0 475.0
1 871.0 475.0
1 619.0 476.0
1 627.0 476.0
1 1020.0 476.0
1 632.0 477.0
1 1027.0 477.0
1 701.0 478.0
1 932.0 478.0
1 738.0 479.0
1 758.0 479.0
1 717.0 481.0
1 939.0 481.0
1 1001.0 482.0
1 976.0 483.0
1 1012.0 483.0
1 1024.0 483.0
1 604.0 485.0
1 1149.0 485.0
1 594.0 486.0
1 620.0 486.0
1 710.0 486.0
1 1104.0 486.0
1 1109.0 486.0
1 1116.0 486.0
1 1027.0 488.0
1 726.0 489.0
1 715.0 490.0
1 720.0 490.0
1 1013.0 491.0
1 1131.0 491.0
1 637.0 492.0
1 1103.0 492.0
1 671.0 493.0
1 766.0 493.0
1 986.0 493.0
1 959.0 494.0
1 618.0 495.0
1 755.0 495.0
1 1030.0 495.0
1 1122.0 496.0
1 1101.0 497.0
1 592.0 498.0
1 608.0 498.0
1 1045.0 498.0
1 1149.0 498.0
1 808.0 499.0
1 887.0 499.0
1 1031.0 500.0
1 993.0 501.0
1 1142.0 502.0
1 967.0 503.0
1 1130.0 503.0
1 596.0 505.0
1 845.0 506.0
1 856.0 506.0
1 861.0 506.0
1 866.0 506.0
1 917.0 506.0
1 1027.0 506.0
1 1151.0 506.0
1 613.0 507.0
1 729.0 508.0
1 877.0 509.0
1 1120.0 509.0
1 897.0 510.0
1 974.0 510.0
1 1142.0 510.0
1 808.0 511.0
1 823.0 512.0
1 832.0 512.0
1 1041.0 512.0
1 1090.0 512.0
1 1128.0 512.0
1 1155.0 512.0
1 868.0 513.0
1 1018.0 513.0
1 1033.0 513.0
1 1160.0 514.0
1 844.0 515.0
1 857.0 515.0
1 839.0 516.0
1 1084.0 516.0
1 1050.0 517.0
1 1149.0 517.0
1 686.0 518.0
1 909.0 518.0
1 934.0 518.0
1 1129.0 518.0
1 1141.0 518.0
1 716.0 519.0
1 1055.0 519.0
1 1079.0 519.0
1 827.0 520.0
1 1039.0 520.0
1 1073.0 520.0
1 792.0 521.0
1 804.0 521.0
1 813.0 521.0
1 923.0 521.0
1 1063.0 521.0
1 1068.0 521.0
1 656.0 522.0
1 686.0 524.0
1 717.0 524.0
1 729.0 524.0
1 750.0 524.0
1 929.0 524.0
1 706.0 526.0
1 1120.0 527.0
1 1163.0 527.0
1 798.0 528.0
1 919.0 528.0
1 810.0 529.0
1 691.0 530.0
1 939.0 531.0
1 737.0 533.0
1 927.0 533.0
1 1165.0 533.0
1 684.0 534.0
1 696.0 535.0
1 1118.0 535.0
1 801.0 536.0
1 851.0 536.0
1 1106.0 536.0
1 1138.0 536.0
1 789.0 538.0
1 838.0 538.0
1 933.0 538.0
1 946.0 538.0
1 1164.0 538.0
1 1002.0 540.0
1 733.0 543.0
1 793.0 543.0
1 950.0 543.0
1 1118.0 543.0
1 1162.0 543.0
1 840.0 544.0
1 1027.0 544.0
1 1065.0 544.0
1 1098.0 544.0
1 695.0 546.0
1 835.0 547.0
1 942.0 547.0
1 1047.0 547.0
1 1060.0 547.0
1 1079.0 548.0
1 1160.0 548.0
1 840.0 549.0
1 1088.0 549.0
1 1148.0 549.0
1 957.0 551.0
1 686.0 552.0
1 703.0 552.0
1 717.0 552.0
1 1120.0 552.0
1 730.0 553.0
1 818.0 555.0
1 951.0 556.0
1 596.0 558.0
1 962.0 558.0
1 622.0 559.0
1 686.0 560.0
1 769.0 560.0
1 1126.0 560.0
1 727.0 562.0
1 774.0 562.0
1 954.0 562.0
1 779.0 563.0
1 1147.0 563.0
1 885.0 565.0
1 892.0 569.0
1 962.0 569.0
1 968.0 569.0
1 835.0 572.0
1 763.0 574.0
1 772.0 576.0
1 798.0 577.0
1 824.0 579.0
1 814.0 580.0
1 717.0 581.0
1 839.0 581.0
1 859.0 583.0
1 761.0 584.0
1 898.0 584.0
1 903.0 584.0
1 686.0 586.0
1 910.0 586.0
1 719.0 587.0
1 724.0 589.0
1 1024.0 590.0
1 758.0 593.0
1 809.0 593.0
1 769.0 594.0
1 831.0 594.0
1 724.0 597.0
1 809.0 598.0
1 941.0 598.0
1 971.0 599.0
1 977.0 600.0
1 826.0 603.0
1 901.0 605.0
1 991.0 605.0
1 735.0 606.0
1 906.0 606.0
1 947.0 606.0
1 910.0 611.0
1 979.0 612.0
1 1024.0 612.0
1 811.0 616.0
1 735.0 618.0
1 768.0 618.0
1 725.0 619.0
1 882.0 619.0
1 967.0 620.0
1 760.0 621.0
1 796.0 621.0
1 978.0 622.0
1 1023.0 623.0
1 992.0 630.0
1 836.0 631.0
1 909.0 631.0
1 795.0 633.0
1 904.0 633.0
1 1021.0 633.0
1 936.0 635.0
1 821.0 636.0
1 977.0 636.0
1 925.0 637.0
1 762.0 639.0
1 898.0 639.0
1 599.0 641.0
1 940.0 641.0
1 976.0 641.0
1 1018.0 643.0
1 772.0 644.0
1 962.0 646.0
1 974.0 646.0
1 730.0 647.0
1 625.0 648.0
1 763.0 648.0
1 907.0 652.0
1 922.0 652.0
1 893.0 654.0
1 1015.0 654.0
1 933.0 655.0
1 971.0 655.0
1 598.0 656.0
1 776.0 657.0
1 769.0 660.0
1 625.0 662.0
1 878.0 662.0
1 908.0 663.0
1 1011.0 664.0
1 953.0 665.0
1 965.0 667.0
1 898.0 668.0
1 738.0 669.0
1 951.0 670.0
1 917.0 671.0
1 847.0 672.0
1 1007.0 672.0
1 600.0 674.0
1 871.0 674.0
1 960.0 676.0
1 944.0 678.0
1 791.0 679.0
1 624.0 680.0
1 1000.0 683.0
1 787.0 684.0
1 792.0 684.0
1 874.0 684.0
1 1139.0 684.0
1 746.0 687.0
1 955.0 687.0
1 1104.0 688.0
1 791.0 689.0
1 971.0 691.0
1 599.0 693.0
1 811.0 694.0
1 803.0 695.0
1 949.0 695.0
1 599.0 698.0
1 625.0 699.0
1 820.0 700.0
1 915.0 700.0
1 988.0 700.0
1 804.0 701.0
1 1138.0 702.0
1 599.0 703.0
1 790.0 703.0
1 814.0 703.0
1 826.0 704.0
1 1105.0 705.0
1 834.0 706.0
1 906.0 706.0
1 900.0 707.0
1 763.0 708.0
1 889.0 708.0
1 894.0 708.0
1 845.0 709.0
1 822.0 711.0
1 626.0 713.0
1 923.0 713.0
1 829.0 714.0
1 910.0 715.0
1 871.0 716.0
1 805.0 717.0
1 837.0 717.0
1 901.0 718.0
1 895.0 719.0
1 890.0 720.0
1 779.0 721.0
1 871.0 721.0
1 627.0 722.0
1 932.0 722.0
1 600.0 725.0
1 1138.0 725.0
1 834.0 728.0
1 1241.0 728.0
1 702.0 729.0
1 919.0 729.0
1 862.0 734.0
1 804.0 737.0
1 309.0 739.0
1 599.0 739.0
1 329.0 741.0
1 907.0 741.0
1 340.0 742.0
1 852.0 743.0
1 875.0 743.0
1 1136.0 743.0
1 862.0 746.0
1 1466.0 748.0
1 599.0 750.0
1 365.0 754.0
1 174.0 756.0
1 774.0 758.0
1 779.0 760.0
1 1346.0 760.0
1 600.0 762.0
1 1136.0 763.0
1 145.0 768.0
1 505.0 770.0
1 1136.0 773.0
1 449.0 775.0
1 520.0 778.0
1 408.0 779.0
1 599.0 779.0
1 394.0 786.0
1 748.0 786.0
1 354.0 787.0
1 446.0 788.0
1 1134.0 791.0
1 1133.0 796.0
1 598.0 806.0
1 547.0 810.0
1 355.0 814.0
1 1027.0 825.0
1 1130.0 825.0
1 1141.0 826.0
1 151.0 827.0
1 1131.0 837.0
1 955.0 867.0
1 1137.0 881.0
1 891.0 890.0
1 724.0 906.0
