0 0 2 437.3985691981986
0 7 7 252.29030921894395
0 37 12 349.96789690295856
0 64 14 306.0653594461232
0 49 15 347.81747705899926
0 80 16 274.6528719370734
0 53 17 313.53002851858736
0 22 18 464.1444198985283
0 14 19 341.63700603828556
0 15 20 231.5252073498405
0 5 21 269.07128220269624
0 9 22 243.4206361659908
0 36 24 304.2758117627557
0 8 25 295.4048558848012
0 1 27 426.4329622818712
0 39 29 149.8594454941408
0 56 30 231.68158243512477
0 41 32 407.35905280830895
0 59 33 145.9220034884451
0 21 34 448.60080770903227
0 43 35 310.3111228005731
0 11 36 268.84069571108705
0 92 37 242.4135974692907
0 25 40 205.7773040380317
0 47 42 203.8632667048741
0 139 43 236.4077309419593
0 6 45 361.3595577155529
0 72 46 250.3045367467528
0 61 47 236.61411353918228
0 58 50 203.3591833058769
0 159 52 128.57434293969106
0 134 57 377.2474400593083
0 135 58 242.07075540267712
0 173 60 207.61663698543086
0 168 61 272.23211395404877
0 75 62 178.92519355229177
0 188 64 247.6974158938433
0 77 66 173.13246222315234
0 51 67 170.7693847017152
0 100 69 252.24268630416677
0 71 70 146.70807820575803
0 158 71 323.19699881632096
0 12 73 197.30143748187476
0 79 75 117.5167051309387
0 86 77 497.7810058803092
0 160 78 307.61127800600343
0 116 79 304.99919919879886
0 221 80 318.6855667043309
0 67 81 213.34269246786772
0 55 82 149.7980025344885
0 87 83 133.6011958893057
0 124 84 299.3719550956771
0 187 85 144.0004751602593
0 84 87 135.1250766748625
0 157 88 306.4351278957948
0 227 90 242.7576052314697
0 81 91 142.92040287070634
0 185 92 163.56194469402016
0 28 93 258.299812678467
0 88 94 418.4047852701067
0 215 95 178.83715454211423
0 233 96 181.11727962044992
0 78 97 249.04114751909478
0 217 99 133.88193069670376
0 137 100 349.58363368724304
0 199 101 413.724314257757
0 190 102 222.27372079324877
0 243 103 202.6482843755256
0 259 104 388.4801387831306
0 184 105 137.2079614759484
0 250 106 244.86093115865222
0 263 107 410.65817669088966
0 154 108 199.46636864600734
0 268 109 352.94422313983785
0 208 111 220.1077670592639
0 94 112 122.17374270513375
0 107 113 224.66230618237879
0 162 114 163.4460853573697
0 166 115 279.67035096535204
0 226 116 470.9867265257814
0 273 117 293.16805091276365
0 277 118 371.62835560723084
0 269 119 401.1739753182067
0 175 121 279.2319481041698
0 177 122 251.80668633676268
0 197 125 109.31168924162564
0 194 126 275.4531878858965
0 198 127 184.08889787175258
0 255 128 256.61008326834167
0 172 130 249.63513446154005
0 219 132 272.0953341529984
0 225 133 213.90007474995483
0 218 134 158.297007671225
0 245 135 300.0470712120193
0 153 136 197.69830615846394
0 235 139 154.42639896209712
0 272 140 275.3712424996894
0 240 142 121.39148434180716
0 284 143 302.03751629594467
0 93 144 189.3564683018509
0 96 145 140.25193862767205
0 254 146 109.32790174130642
0 298 147 425.5777644124974
0 228 150 200.27131836385084
0 295 151 222.3710449773679
0 206 153 265.6891021440852
0 99 154 129.31283027741895
0 182 155 163.22660906801306
0 216 157 349.74301192669395
0 220 158 296.76276795774584
0 193 160 157.73048525214978
0 231 161 177.03604927568318
0 205 162 177.40753582656603
0 241 163 124.09172417894302
0 91 164 116.24965978513386
0 213 165 197.5868964252625
0 117 167 168.60146000130845
0 129 169 158.907549995752
0 223 170 183.81451681026044
0 345 171 123.30670260352609
0 186 174 218.86608684489818
0 234 175 211.5823347608893
0 248 177 169.89577220467228
0 261 178 170.34299349208183
0 283 179 177.53590698707023
0 95 180 263.88510568087287
0 253 182 214.46669625127853
0 264 186 221.3282080798729
0 282 187 113.04656606862432
0 258 189 169.17903594501516
0 270 191 109.47370234355012
0 122 192 119.18748104973997
0 203 193 138.81426820537231
0 292 194 173.4170228266249
0 342 195 164.62106586769355
0 340 202 191.22492135738426
0 113 203 326.51624381343174
0 305 204 137.16027679579994
0 130 208 118.13416747923789
0 140 209 108.55021367818605
0 347 211 143.8765893154506
0 146 217 341.7454970920332
0 90 218 349.62563218656686
0 304 220 235.29120716144453
0 356 221 243.3027315118517
0 376 222 141.7975680470812
0 310 224 193.12865895934726
0 316 225 130.53595613575283
0 121 226 173.2751715171798
0 361 227 217.28715487069817
0 363 228 164.81143788637775
0 322 233 284.0306472182301
0 212 234 171.87132548713322
0 112 235 159.8644795076043
0 150 236 115.54884339693385
0 224 238 111.77872188803337
0 354 239 221.19147061231556
0 181 243 379.32905948314965
0 360 247 155.2887892785935
0 120 248 279.9420133540149
0 338 249 110.32215996921515
0 372 250 156.17208775200075
0 143 251 302.61906329449556
0 427 254 278.90647526983236
0 126 255 142.40781807752177
0 174 257 195.725248546983
0 421 258 282.7469055100388
0 430 259 291.095291576494
0 420 260 211.71252240039058
0 393 262 249.31204536746154
0 448 263 239.67898258674677
0 371 264 146.6169472921613
0 380 266 107.64786633537105
0 351 267 337.6822538858018
0 460 268 214.6547409881706
0 289 269 225.73528011864505
0 142 271 324.12084295062664
0 145 272 322.6294626116554
0 237 273 267.5784130461497
0 397 274 117.59339046320561
0 422 275 220.2950920928513
0 480 277 192.38444009819426
0 401 278 258.7880048051857
0 426 280 251.99021190516385
0 437 282 254.8334649735707
0 407 283 125.0012554354394
0 494 287 175.43610373528637
0 311 288 397.1309980459711
0 343 289 461.11429664724864
0 412 291 162.2791095105341
0 446 297 409.6333777196811
0 475 298 117.66019063552797
0 211 299 174.4641512345647
0 436 300 154.17528724277264
0 411 304 361.66363128504264
0 487 305 162.8064651296661
0 433 309 182.20899799156726
0 419 310 236.47650734742234
0 331 311 498.3124882817359
0 459 314 259.20592113440415
0 497 315 192.90216110417217
0 496 317 146.68498988684846
0 247 318 329.39206673436223
0 408 321 364.18886695240775
0 450 322 318.9406523665788
0 479 326 253.8707105488981
0 512 327 152.65770392375384
0 517 331 221.7949573859599
0 424 335 381.26938549879185
0 485 336 424.7878778134682
0 532 337 166.91377254194853
0 418 339 330.3749107342501
0 468 341 329.60639487504704
0 538 342 286.80592624325914
0 493 344 166.6530845373318
0 523 345 127.79854996941238
0 423 347 440.44840519996507
0 445 348 217.59551684041423
0 549 349 252.24653567666851
0 534 354 331.16666102458214
0 539 356 181.7383525706812
0 492 358 163.08407980820152
0 552 360 222.79749280684905
0 567 365 139.15412599486206
0 531 366 176.5355804002046
0 548 367 215.04055847020038
0 561 372 241.15921096803902
0 557 373 167.86079049738262
0 566 375 215.69740577614712
0 537 376 125.39078828661675
0 572 378 254.15849881625502
0 455 383 263.6571862669958
0 581 384 146.44025236942198
0 500 389 498.15853408412954
0 443 390 481.5552395044152
0 577 391 201.57256293564788
0 483 392 195.0271903484812
0 463 393 490.9135491799681
0 505 395 236.58478459456202
0 554 396 143.42916184999265
0 593 397 222.61293427257613
0 526 399 241.16012958686355
0 525 400 123.59060676335491
0 579 401 156.10232484050357
0 491 403 248.12749125364442
0 602 404 105.30654153152543
0 303 405 342.65306910220824
0 536 406 278.32217205619656
0 458 408 275.51097456257014
0 570 409 288.84869357778325
0 551 410 374.47843049197735
0 535 411 298.9494140162651
0 501 413 452.4081857403326
0 612 414 244.575724455326
0 618 415 247.64120252559186
0 529 416 158.69651274176502
0 565 418 320.11384053338514
0 600 420 194.83671356027256
0 583 426 477.37416574589247
0 544 428 149.37168899393137
0 553 429 117.4243955017174
0 598 430 450.074057918557
0 571 432 353.2661644246791
0 591 434 330.75886762728175
0 564 436 135.04797051118987
0 578 439 409.86041546172834
0 620 440 350.0540243019118
0 595 441 307.948557082175
0 524 443 332.086995498564
0 615 447 465.4023496038742
0 619 448 373.0380374053812
0 627 449 232.45752183409218
0 645 450 233.70786892496392
0 582 451 113.28183173762653
0 584 452 111.8349101472693
0 550 453 348.1626031444632
0 610 457 328.9381563250766
0 585 462 297.7001684911221
0 624 464 269.1703556718696
0 653 465 291.4472444197613
0 607 468 110.14160928625517
0 636 469 226.86118395890182
0 625 472 158.09530450646386
0 638 474 393.87292156766307
0 597 475 274.19410247572335
0 639 476 404.029405120899
0 633 479 248.67329016154588
0 648 480 371.56103121973854
0 649 481 340.99086478596683
0 643 484 171.74213399522012
0 678 488 389.66157107748273
0 630 489 129.22579747203795
0 667 490 234.3902202543961
0 631 491 150.32679551159734
0 671 493 314.2802443775151
0 613 494 195.22424142563875
0 654 496 195.6838143914454
0 696 500 261.591918430899
0 637 501 159.30889109164545
0 675 502 252.12892688715928
0 686 503 380.2881920415911
0 711 507 221.4709324628618
0 706 510 115.94396641296431
0 670 511 195.58223231097654
0 668 514 331.5445991107874
0 673 515 334.0831405680973
0 709 516 297.10002271120425
0 658 517 146.61617852039905
0 647 518 333.7844083286464
0 713 524 205.86897566134112
0 725 525 230.2636867504423
0 682 527 179.72487033666192
0 666 529 137.34103902393423
0 716 530 124.46329096081871
0 605 534 222.62312534454756
0 721 536 280.2040250521921
0 685 538 329.4762892849806
0 657 539 321.91211453837474
0 683 540 230.0483702797293
0 558 541 116.78581074496373
0 720 542 169.12620128006836
0 690 543 274.54549902629
0 695 545 272.5162893268048
0 697 546 292.67304548576345
0 699 548 217.98578504633127
0 728 549 126.02611141475239
0 724 550 218.03652301917887
0 703 552 118.82108227281967
0 702 553 245.94567216979578
0 718 555 222.3163402725298
0 712 557 187.50411839888275
0 708 559 129.47127980909156
0 730 560 147.9942263852922
0 563 563 138.59164712114813
0 729 565 193.20999469102574
0 723 571 273.66586752651375
0 722 573 155.6694950080534
0 664 582 112.60481855433973
0 656 584 125.71323753763781
0 679 585 128.48853719632845
0 652 586 131.24584948265456
0 684 587 117.55078521610338
0 665 591 106.71626382755149
0 651 592 106.20790742096753
0 735 594 333.3552759096839
0 808 595 144.72423259059423
0 687 596 117.87392380919326
0 707 599 105.46765126181113
0 761 601 181.38883873499753
0 698 603 118.67628938816182
0 701 605 119.92643958303563
0 681 606 197.9826258528207
0 733 609 111.25345693932599
0 663 612 122.43939156645234
0 677 613 124.09628599842523
0 824 614 209.58351605706738
0 692 615 109.62194799555218
0 659 618 151.38328451209318
0 705 619 109.7929078634256
0 800 622 400.61998947899536
0 789 623 499.58295916087695
0 753 625 142.7566666215692
0 874 627 239.24986286839876
0 848 628 450.74885287479003

0 910.0 22.0
0 912.0 29.0
0 845.0 359.0
0 850.0 359.0
0 856.0 361.0
0 904.0 363.0
0 917.0 364.0
0 834.0 370.0
0 850.0 370.0
0 867.0 371.0
0 896.0 373.0
0 907.0 375.0
0 833.0 377.0
0 822.0 378.0
0 893.0 382.0
0 918.0 383.0
0 906.0 385.0
0 930.0 386.0
0 781.0 387.0
0 749.0 388.0
0 798.0 388.0
0 743.0 389.0
0 718.0 394.0
0 690.0 395.0
0 808.0 395.0
0 685.0 396.0
0 729.0 396.0
0 650.0 399.0
0 695.0 399.0
0 741.0 399.0
0 792.0 402.0
0 639.0 403.0
0 761.0 403.0
0 752.0 404.0
0 714.0 405.0
0 772.0 405.0
0 686.0 406.0
0 920.0 406.0
0 784.0 407.0
0 1084.0 409.0
0 653.0 410.0
0 670.0 410.0
0 726.0 410.0
0 1068.0 410.0
0 1008.0 411.0
0 636.0 412.0
0 794.0 414.0
0 698.0 415.0
0 1080.0 415.0
0 673.0 416.0
0 712.0 416.0
0 751.0 417.0
0 1074.0 417.0
0 761.0 418.0
0 778.0 418.0
0 1019.0 418.0
0 770.0 419.0
0 926.0 419.0
0 1014.0 420.0
0 621.0 421.0
0 1082.0 421.0
0 1087.0 421.0
0 739.0 422.0
0 637.0 423.0
0 1034.0 423.0
0 753.0 425.0
0 728.0 426.0
0 652.0 427.0
0 767.0 427.0
0 785.0 427.0
0 672.0 428.0
0 1004.0 428.0
0 1091.0 428.0
0 603.0 430.0
0 995.0 430.0
0 699.0 431.0
0 750.0 431.0
0 780.0 431.0
0 934.0 433.0
0 955.0 433.0
0 1087.0 435.0
0 625.0 436.0
0 638.0 436.0
0 746.0 436.0
0 784.0 436.0
0 919.0 436.0
0 989.0 436.0
0 713.0 437.0
0 980.0 437.0
0 777.0 438.0
0 1032.0 438.0
0 672.0 439.0
0 999.0 439.0
0 602.0 440.0
0 745.0 442.0
0 1005.0 442.0
0 1091.0 444.0
0 624.0 445.0
0 1100.0 445.0
0 916.0 446.0
0 953.0 446.0
0 937.0 447.0
0 969.0 447.0
0 1018.0 447.0
0 1032.0 447.0
0 978.0 448.0
0 1023.0 448.0
0 1086.0 448.0
0 797.0 449.0
0 1081.0 449.0
0 790.0 450.0
0 991.0 450.0
0 713.0 451.0
0 743.0 451.0
0 805.0 451.0
0 814.0 451.0
0 1002.0 451.0
0 1049.0 451.0
0 1064.0 451.0
0 1076.0 451.0
0 819.0 452.0
0 829.0 452.0
0 834.0 452.0
0 839.0 453.0
0 844.0 453.0
0 963.0 453.0
0 849.0 454.0
0 856.0 454.0
0 1013.0 455.0
0 766.0 456.0
0 824.0 456.0
0 876.0 456.0
0 881.0 456.0
0 886.0 456.0
0 978.0 456.0
0 1088.0 456.0
0 785.0 457.0
0 1000.0 457.0
0 790.0 458.0
0 895.0 458.0
0 1034.0 458.0
0 1106.0 458.0
0 903.0 459.0
0 1077.0 459.0
0 667.0 460.0
0 678.0 460.0
0 913.0 460.0
0 1048.0 460.0
0 812.0 461.0
0 844.0 461.0
0 948.0 461.0
0 1063.0 461.0
0 849.0 462.0
0 863.0 462.0
0 686.0 463.0
0 793.0 463.0
0 800.0 463.0
0 874.0 463.0
0 936.0 463.0
0 659.0 464.0
0 806.0 464.0
0 868.0 464.0
0 824.0 465.0
0 979.0 465.0
0 637.0 466.0
0 834.0 466.0
0 648.0 467.0
0 708.0 467.0
0 713.0 467.0
0 719.0 468.0
0 844.0 468.0
0 1097.0 468.0
0 1108.0 468.0
0 767.0 469.0
0 772.0 469.0
0 855.0 469.0
0 861.0 469.0
0 877.0 469.0
0 907.0 469.0
0 1027.0 469.0
0 624.0 470.0
0 777.0 470.0
0 882.0 470.0
0 612.0 471.0
0 759.0 471.0
0 887.0 471.0
0 893.0 471.0
0 914.0 471.0
0 602.0 472.0
0 950.0 472.0
0 1072.0 472.0
0 970.0 473.0
0 697.0 474.0
0 782.0 474.0
0 932.0 474.0
0 991.0 474.0
0 636.0 475.0
0 748.0 476.0
0 1006.0 476.0
0 643.0 477.0
0 732.0 477.0
0 771.0 477.0
0 1067.0 477.0
0 627.0 478.0
0 944.0 478.0
0 657.0 479.0
0 663.0 479.0
0 668.0 479.0
0 686.0 479.0
0 710.0 479.0
0 1031.0 479.0
0 1052.0 479.0
0 1111.0 479.0
0 676.0 480.0
0 955.0 480.0
0 1057.0 480.0
0 621.0 481.0
0 737.0 481.0
0 600.0 482.0
0 770.0 482.0
0 974.0 482.0
0 1066.0 482.0
0 1071.0 482.0
0 725.0 483.0
0 918.0 483.0
0 931.0 483.0
0 634.0 484.0
0 1001.0 484.0
0 1019.0 484.0
0 621.0 486.0
0 650.0 486.0
0 734.0 486.0
0 966.0 486.0
0 945.0 487.0
0 759.0 488.0
0 600.0 489.0
0 694.0 489.0
0 708.0 489.0
0 784.0 489.0
0 955.0 489.0
0 650.0 491.0
0 1032.0 492.0
0 629.0 493.0
0 727.0 493.0
0 744.0 494.0
0 998.0 494.0
0 470.0 496.0
0 933.0 498.0
0 621.0 499.0
0 916.0 499.0
0 953.0 499.0
0 668.0 500.0
0 719.0 500.0
0 703.0 501.0
0 1014.0 501.0
0 600.0 502.0
0 682.0 502.0
0 708.0 502.0
0 1006.0 502.0
0 1019.0 502.0
0 1001.0 503.0
0 1024.0 503.0
0 984.0 504.0
0 1029.0 504.0
0 926.0 505.0
0 931.0 505.0
0 942.0 505.0
0 886.0 506.0
0 1034.0 506.0
0 776.0 507.0
0 870.0 507.0
0 604.0 508.0
0 618.0 508.0
0 743.0 508.0
0 968.0 510.0
0 987.0 510.0
0 771.0 511.0
0 1040.0 511.0
0 979.0 512.0
0 766.0 515.0
0 985.0 515.0
0 720.0 517.0
0 980.0 517.0
0 931.0 518.0
0 800.0 519.0
0 810.0 519.0
0 819.0 519.0
0 1045.0 519.0
0 759.0 520.0
0 791.0 520.0
0 830.0 520.0
0 918.0 521.0
0 783.0 522.0
0 1106.0 522.0
0 604.0 523.0
0 847.0 523.0
0 971.0 523.0
0 1053.0 523.0
0 1059.0 523.0
0 680.0 524.0
0 960.0 524.0
0 855.0 525.0
0 709.0 526.0
0 775.0 526.0
0 818.0 526.0
0 1083.0 526.0
0 1088.0 526.0
0 738.0 527.0
0 751.0 527.0
0 910.0 527.0
0 928.0 527.0
0 767.0 528.0
0 681.0 530.0
0 970.0 530.0
0 981.0 530.0
0 1093.0 530.0
0 708.0 531.0
0 1079.0 531.0
0 701.0 532.0
0 719.0 532.0
0 759.0 532.0
0 777.0 532.0
0 933.0 532.0
0 837.0 533.0
0 728.0 534.0
0 852.0 534.0
0 980.0 535.0
0 1088.0 535.0
0 751.0 536.0
0 882.0 536.0
0 1093.0 536.0
0 1098.0 536.0
0 1103.0 536.0
0 698.0 537.0
0 737.0 537.0
0 776.0 537.0
0 924.0 539.0
0 1049.0 539.0
0 690.0 540.0
0 866.0 540.0
0 891.0 541.0
0 940.0 541.0
0 1092.0 541.0
0 824.0 543.0
0 983.0 543.0
0 1073.0 544.0
0 689.0 545.0
0 736.0 545.0
0 879.0 545.0
0 1086.0 545.0
0 729.0 546.0
0 1092.0 546.0
0 680.0 547.0
0 945.0 547.0
0 1105.0 547.0
0 801.0 548.0
0 1047.0 548.0
0 689.0 550.0
0 946.0 552.0
0 973.0 552.0
0 1103.0 552.0
0 1112.0 552.0
0 626.0 553.0
0 696.0 555.0
0 709.0 555.0
0 1093.0 555.0
0 992.0 556.0
0 1040.0 556.0
0 719.0 557.0
0 725.0 557.0
0 681.0 559.0
0 999.0 560.0
0 1035.0 560.0
0 1072.0 561.0
0 903.0 562.0
0 1030.0 562.0
0 1055.0 562.0
0 1113.0 562.0
0 1007.0 563.0
0 836.0 564.0
0 1015.0 564.0
0 1023.0 564.0
0 606.0 565.0
0 759.0 567.0
0 1091.0 567.0
0 800.0 570.0
0 810.0 570.0
0 709.0 571.0
0 682.0 572.0
0 781.0 573.0
0 789.0 573.0
0 1067.0 573.0
0 828.0 575.0
0 799.0 576.0
0 810.0 577.0
0 845.0 577.0
0 981.0 577.0
0 1103.0 578.0
0 1108.0 579.0
0 785.0 580.0
0 773.0 581.0
0 1013.0 581.0
0 681.0 582.0
0 737.0 583.0
0 1045.0 583.0
0 606.0 584.0
0 855.0 584.0
0 1028.0 584.0
0 707.0 585.0
0 878.0 587.0
0 868.0 588.0
0 805.0 589.0
0 823.0 589.0
0 794.0 591.0
0 1073.0 591.0
0 1098.0 591.0
0 752.0 592.0
0 784.0 596.0
0 871.0 597.0
0 880.0 598.0
0 963.0 600.0
0 801.0 603.0
0 781.0 605.0
0 963.0 607.0
0 1058.0 607.0
0 790.0 608.0
0 890.0 608.0
0 607.0 609.0
0 734.0 609.0
0 740.0 611.0
0 884.0 611.0
0 869.0 612.0
0 804.0 614.0
0 896.0 615.0
0 793.0 617.0
0 608.0 619.0
0 760.0 619.0
0 729.0 620.0
0 738.0 621.0
0 774.0 621.0
0 892.0 621.0
0 841.0 622.0
0 901.0 622.0
0 697.0 623.0
0 879.0 624.0
0 630.0 628.0
0 608.0 631.0
0 812.0 631.0
0 881.0 631.0
0 902.0 631.0
0 963.0 631.0
0 725.0 635.0
0 734.0 635.0
0 696.0 637.0
0 799.0 638.0
0 851.0 638.0
0 856.0 638.0
0 846.0 639.0
0 630.0 641.0
0 772.0 643.0
0 610.0 646.0
0 775.0 648.0
0 696.0 650.0
0 198.0 651.0
0 795.0 652.0
0 886.0 654.0
0 630.0 655.0
0 909.0 655.0
0 727.0 656.0
0 845.0 659.0
0 609.0 662.0
0 870.0 662.0
0 759.0 664.0
0 849.0 664.0
0 854.0 664.0
0 699.0 665.0
0 859.0 665.0
0 914.0 666.0
0 1089.0 666.0
0 791.0 669.0
0 843.0 669.0
0 864.0 669.0
0 630.0 670.0
0 728.0 671.0
0 830.0 671.0
0 905.0 672.0
0 913.0 674.0
0 423.0 675.0
0 871.0 675.0
0 737.0 676.0
0 852.0 676.0
0 729.0 679.0
0 863.0 680.0
0 883.0 681.0
0 704.0 682.0
0 842.0 682.0
0 954.0 683.0
0 631.0 685.0
0 609.0 686.0
0 739.0 687.0
0 911.0 687.0
0 734.0 689.0
0 850.0 689.0
0 864.0 690.0
0 839.0 691.0
0 872.0 691.0
0 900.0 692.0
0 1084.0 692.0
0 909.0 694.0
0 871.0 696.0
0 1050.0 696.0
0 948.0 698.0
0 754.0 699.0
0 1084.0 699.0
0 824.0 701.0
0 832.0 701.0
0 906.0 702.0
0 807.0 703.0
0 716.0 704.0
0 754.0 704.0
0 392.0 705.0
0 736.0 705.0
0 860.0 705.0
0 191.0 706.0
0 891.0 707.0
0 1082.0 707.0
0 754.0 709.0
0 824.0 709.0
0 720.0 710.0
0 749.0 710.0
0 1046.0 710.0
0 900.0 711.0
0 109.0 712.0
0 758.0 714.0
0 609.0 715.0
0 883.0 716.0
0 896.0 717.0
0 1082.0 718.0
0 770.0 719.0
0 728.0 721.0
0 764.0 721.0
0 388.0 722.0
0 875.0 722.0
0 777.0 723.0
0 888.0 725.0
0 783.0 727.0
0 772.0 729.0
0 370.0 730.0
0 789.0 730.0
0 882.0 730.0
0 859.0 731.0
0 739.0 732.0
0 798.0 733.0
0 778.0 734.0
0 840.0 735.0
0 848.0 735.0
0 784.0 737.0
0 821.0 737.0
0 1079.0 738.0
0 791.0 739.0
0 864.0 742.0
0 750.0 743.0
0 819.0 744.0
0 243.0 745.0
0 840.0 745.0
0 853.0 745.0
0 755.0 746.0
0 824.0 746.0
0 396.0 747.0
0 506.0 747.0
0 609.0 747.0
0 790.0 749.0
0 442.0 750.0
0 804.0 752.0
0 1078.0 757.0
0 220.0 760.0
0 1443.0 761.0
0 1076.0 762.0
0 352.0 763.0
0 803.0 765.0
0 55.0 768.0
0 728.0 768.0
0 511.0 772.0
0 489.0 773.0
0 464.0 776.0
0 532.0 778.0
0 431.0 779.0
0 522.0 783.0
0 1072.0 786.0
0 387.0 788.0
0 324.0 789.0
0 418.0 789.0
0 362.0 790.0
0 460.0 792.0
0 788.0 794.0
0 1243.0 796.0
0 438.0 800.0
0 1072.0 801.0
0 157.0 804.0
0 523.0 804.0
0 987.0 807.0
0 999.0 808.0
0 311.0 812.0
0 414.0 814.0
0 403.0 816.0
0 384.0 822.0
0 273.0 823.0
0 917.0 823.0
0 692.0 826.0
0 535.0 827.0
0 1426.0 827.0
0 376.0 828.0
0 176.0 829.0
0 225.0 831.0
0 1287.0 832.0
0 197.0 846.0
0 495.0 846.0
0 117.0 851.0
0 37.0 852.0
0 244.0 852.0
0 312.0 858.0
0 694.0 865.0
0 901.0 877.0
0 742.0 922.0
0 271.0 933.0
0 271.0 945.0
0 913.0 954.0
0 1035.0 963.0
0 971.0 968.0
0 1012.0 968.0
1 855.0 294.0
1 664.0 298.0
1 659.0 299.0
1 672.0 299.0
1 677.0 300.0
1 737.0 300.0
1 650.0 301.0
1 845.0 301.0
1 688.0 303.0
1 714.0 303.0
1 869.0 307.0
1 689.0 308.0
1 636.0 309.0
1 849.0 311.0
1 736.0 313.0
1 806.0 313.0
1 889.0 313.0
1 918.0 313.0
1 749.0 314.0
1 857.0 314.0
1 843.0 316.0
1 728.0 317.0
1 771.0 317.0
1 818.0 317.0
1 702.0 319.0
1 646.0 320.0
1 662.0 320.0
1 871.0 320.0
1 625.0 321.0
1 766.0 321.0
1 795.0 321.0
1 920.0 321.0
1 880.0 322.0
1 835.0 323.0
1 752.0 324.0
1 853.0 324.0
1 785.0 325.0
1 807.0 325.0
1 872.0 325.0
1 715.0 326.0
1 917.0 326.0
1 731.0 327.0
1 816.0 327.0
1 742.0 328.0
1 725.0 329.0
1 843.0 332.0
1 869.0 332.0
1 711.0 333.0
1 770.0 333.0
1 923.0 333.0
1 598.0 334.0
1 646.0 335.0
1 854.0 335.0
1 933.0 335.0
1 882.0 336.0
1 638.0 337.0
1 756.0 337.0
1 662.0 338.0
1 695.0 340.0
1 724.0 340.0
1 914.0 340.0
1 672.0 341.0
1 683.0 343.0
1 807.0 343.0
1 869.0 343.0
1 604.0 344.0
1 598.0 345.0
1 609.0 346.0
1 742.0 346.0
1 778.0 346.0
1 883.0 346.0
1 648.0 347.0
1 754.0 347.0
1 868.0 350.0
1 913.0 351.0
1 707.0 352.0
1 643.0 355.0
1 692.0 355.0
1 609.0 356.0
1 671.0 356.0
1 851.0 357.0
1 648.0 358.0
1 682.0 360.0
1 737.0 364.0
1 681.0 367.0
1 951.0 367.0
1 729.0 368.0
1 710.0 373.0
1 703.0 375.0
1 726.0 375.0
1 597.0 377.0
1 621.0 377.0
1 890.0 377.0
1 643.0 378.0
1 680.0 379.0
1 610.0 380.0
1 653.0 381.0
1 897.0 382.0
1 692.0 383.0
1 660.0 384.0
1 716.0 385.0
1 874.0 385.0
1 1016.0 385.0
1 1021.0 385.0
1 1040.0 385.0
1 711.0 386.0
1 1045.0 386.0
1 703.0 387.0
1 888.0 387.0
1 1055.0 388.0
1 899.0 389.0
1 1003.0 389.0
1 594.0 390.0
1 609.0 390.0
1 1060.0 390.0
1 710.0 391.0
1 962.0 393.0
1 677.0 394.0
1 898.0 394.0
1 994.0 394.0
1 605.0 395.0
1 621.0 395.0
1 671.0 396.0
1 879.0 397.0
1 709.0 398.0
1 969.0 398.0
1 591.0 399.0
1 890.0 399.0
1 860.0 400.0
1 685.0 401.0
1 660.0 402.0
1 1010.0 402.0
1 1078.0 402.0
1 987.0 403.0
1 874.0 404.0
1 997.0 404.0
1 884.0 405.0
1 946.0 405.0
1 955.0 406.0
1 1067.0 406.0
1 676.0 407.0
1 973.0 407.0
1 591.0 408.0
1 621.0 408.0
1 879.0 409.0
1 606.0 412.0
1 699.0 412.0
1 984.0 412.0
1 995.0 412.0
1 1089.0 412.0
1 666.0 413.0
1 866.0 413.0
1 1004.0 413.0
1 712.0 416.0
1 720.0 416.0
1 930.0 417.0
1 938.0 417.0
1 962.0 418.0
1 982.0 418.0
1 1067.0 418.0
1 875.0 419.0
1 972.0 419.0
1 729.0 420.0
1 854.0 420.0
1 695.0 421.0
1 860.0 421.0
1 738.0 423.0
1 992.0 423.0
1 1083.0 424.0
1 711.0 425.0
1 852.0 425.0
1 949.0 425.0
1 744.0 426.0
1 1078.0 426.0
1 677.0 427.0
1 749.0 427.0
1 1005.0 428.0
1 754.0 429.0
1 882.0 429.0
1 919.0 429.0
1 1096.0 429.0
1 688.0 430.0
1 718.0 430.0
1 866.0 430.0
1 958.0 430.0
1 976.0 430.0
1 701.0 431.0
1 840.0 431.0
1 1010.0 431.0
1 987.0 432.0
1 952.0 433.0
1 1003.0 433.0
1 1063.0 433.0
1 729.0 434.0
1 767.0 434.0
1 854.0 434.0
1 1030.0 434.0
1 933.0 435.0
1 774.0 436.0
1 874.0 436.0
1 838.0 437.0
1 1012.0 437.0
1 1091.0 437.0
1 710.0 439.0
1 1100.0 439.0
1 746.0 440.0
1 785.0 440.0
1 860.0 440.0
1 965.0 440.0
1 986.0 440.0
1 609.0 442.0
1 660.0 442.0
1 694.0 442.0
1 754.0 443.0
1 960.0 443.0
1 981.0 443.0
1 792.0 444.0
1 833.0 444.0
1 955.0 444.0
1 797.0 445.0
1 891.0 445.0
1 1080.0 445.0
1 1001.0 446.0
1 763.0 447.0
1 713.0 448.0
1 805.0 448.0
1 984.0 448.0
1 1006.0 448.0
1 900.0 449.0
1 1101.0 449.0
1 658.0 450.0
1 790.0 450.0
1 871.0 450.0
1 1088.0 450.0
1 774.0 451.0
1 811.0 451.0
1 1012.0 451.0
1 686.0 452.0
1 1119.0 452.0
1 1019.0 453.0
1 819.0 454.0
1 920.0 455.0
1 964.0 455.0
1 990.0 455.0
1 1029.0 455.0
1 1084.0 455.0
1 974.0 456.0
1 675.0 457.0
1 793.0 457.0
1 1120.0 457.0
1 997.0 458.0
1 662.0 459.0
1 732.0 459.0
1 798.0 459.0
1 828.0 459.0
1 980.0 459.0
1 1099.0 459.0
1 889.0 460.0
1 902.0 460.0
1 1002.0 460.0
1 684.0 461.0
1 819.0 461.0
1 726.0 462.0
1 1072.0 462.0
1 809.0 463.0
1 1009.0 463.0
1 1120.0 463.0
1 740.0 464.0
1 1067.0 464.0
1 1062.0 465.0
1 919.0 466.0
1 984.0 466.0
1 998.0 466.0
1 1027.0 466.0
1 1034.0 466.0
1 1039.0 466.0
1 1056.0 466.0
1 1044.0 467.0
1 767.0 468.0
1 817.0 468.0
1 1120.0 468.0
1 700.0 469.0
1 828.0 469.0
1 963.0 470.0
1 1069.0 471.0
1 742.0 472.0
1 662.0 474.0
1 762.0 474.0
1 1006.0 474.0
1 697.0 475.0
1 724.0 475.0
1 734.0 476.0
1 847.0 477.0
1 853.0 477.0
1 858.0 477.0
1 1062.0 477.0
1 1097.0 477.0
1 746.0 478.0
1 1024.0 478.0
1 755.0 479.0
1 901.0 479.0
1 1043.0 479.0
1 1119.0 479.0
1 613.0 480.0
1 912.0 480.0
1 863.0 481.0
1 767.0 483.0
1 1023.0 483.0
1 736.0 484.0
1 741.0 484.0
1 837.0 484.0
1 678.0 485.0
1 699.0 485.0
1 828.0 485.0
1 952.0 485.0
1 1070.0 485.0
1 845.0 486.0
1 708.0 487.0
1 797.0 487.0
1 1314.0 487.0
1 716.0 488.0
1 748.0 488.0
1 853.0 488.0
1 780.0 490.0
1 1108.0 490.0
1 724.0 491.0
1 754.0 491.0
1 897.0 491.0
1 939.0 491.0
1 1116.0 491.0
1 662.0 492.0
1 690.0 492.0
1 772.0 492.0
1 706.0 493.0
1 762.0 493.0
1 732.0 494.0
1 739.0 495.0
1 789.0 495.0
1 834.0 496.0
1 962.0 496.0
1 1031.0 496.0
1 1115.0 496.0
1 915.0 497.0
1 695.0 498.0
1 751.0 498.0
1 1076.0 498.0
1 709.0 499.0
1 1009.0 499.0
1 702.0 500.0
1 718.0 500.0
1 774.0 500.0
1 797.0 500.0
1 779.0 501.0
1 784.0 501.0
1 876.0 501.0
1 995.0 501.0
1 1026.0 501.0
1 757.0 502.0
1 690.0 503.0
1 695.0 503.0
1 852.0 503.0
1 930.0 503.0
1 709.0 504.0
1 953.0 504.0
1 1102.0 504.0
1 704.0 505.0
1 726.0 505.0
1 791.0 505.0
1 816.0 505.0
1 766.0 506.0
1 805.0 506.0
1 839.0 506.0
1 879.0 506.0
1 1001.0 506.0
1 716.0 507.0
1 744.0 507.0
1 1030.0 507.0
1 834.0 508.0
1 691.0 509.0
1 734.0 509.0
1 864.0 509.0
1 949.0 509.0
1 777.0 510.0
1 672.0 511.0
1 753.0 511.0
1 824.0 511.0
1 1079.0 511.0
1 462.0 512.0
1 618.0 512.0
1 724.0 512.0
1 790.0 512.0
1 812.0 512.0
1 710.0 513.0
1 921.0 513.0
1 687.0 514.0
1 696.0 514.0
1 742.0 514.0
1 898.0 516.0
1 963.0 516.0
1 704.0 517.0
1 732.0 517.0
1 912.0 517.0
1 1006.0 517.0
1 709.0 518.0
1 1110.0 518.0
1 751.0 519.0
1 784.0 519.0
1 852.0 520.0
1 662.0 521.0
1 740.0 521.0
1 671.0 522.0
1 689.0 522.0
1 828.0 522.0
1 718.0 523.0
1 729.0 523.0
1 960.0 523.0
1 981.0 523.0
1 864.0 524.0
1 795.0 525.0
1 838.0 525.0
1 920.0 525.0
1 930.0 525.0
1 913.0 526.0
1 620.0 527.0
1 647.0 527.0
1 707.0 527.0
1 908.0 527.0
1 935.0 527.0
1 680.0 528.0
1 790.0 528.0
1 940.0 528.0
1 664.0 529.0
1 737.0 529.0
1 818.0 529.0
1 992.0 529.0
1 837.0 530.0
1 885.0 530.0
1 903.0 530.0
1 672.0 532.0
1 1095.0 532.0
1 654.0 533.0
1 727.0 533.0
1 759.0 533.0
1 692.0 534.0
1 747.0 534.0
1 802.0 534.0
1 987.0 534.0
1 716.0 535.0
1 947.0 535.0
1 962.0 535.0
1 842.0 536.0
1 971.0 536.0
1 683.0 537.0
1 704.0 537.0
1 829.0 537.0
1 629.0 538.0
1 733.0 538.0
1 739.0 540.0
1 605.0 541.0
1 900.0 541.0
1 954.0 541.0
1 812.0 542.0
1 835.0 542.0
1 696.0 543.0
1 729.0 544.0
1 982.0 544.0
1 714.0 545.0
1 807.0 545.0
1 848.0 545.0
1 687.0 546.0
1 899.0 546.0
1 473.0 548.0
1 660.0 548.0
1 677.0 548.0
1 823.0 548.0
1 1019.0 548.0
1 1093.0 549.0
1 707.0 550.0
1 758.0 550.0
1 899.0 551.0
1 960.0 551.0
1 682.0 552.0
1 597.0 554.0
1 726.0 554.0
1 818.0 554.0
1 843.0 554.0
1 746.0 555.0
1 1043.0 555.0
1 1074.0 555.0
1 717.0 556.0
1 830.0 556.0
1 615.0 557.0
1 857.0 558.0
1 901.0 559.0
1 966.0 559.0
1 687.0 560.0
1 1036.0 560.0
1 1058.0 560.0
1 810.0 561.0
1 595.0 562.0
1 648.0 562.0
1 671.0 562.0
1 823.0 562.0
1 1100.0 562.0
1 653.0 563.0
1 738.0 563.0
1 754.0 563.0
1 791.0 564.0
1 903.0 564.0
1 765.0 565.0
1 781.0 565.0
1 718.0 566.0
1 1046.0 566.0
1 1073.0 566.0
1 594.0 567.0
1 845.0 568.0
1 967.0 568.0
1 1062.0 568.0
1 612.0 569.0
1 816.0 569.0
1 732.0 570.0
1 745.0 570.0
1 981.0 570.0
1 1031.0 571.0
1 593.0 572.0
1 641.0 572.0
1 655.0 573.0
1 773.0 573.0
1 789.0 574.0
1 625.0 575.0
1 738.0 575.0
1 910.0 575.0
1 968.0 575.0
1 859.0 577.0
1 1062.0 578.0
1 681.0 579.0
1 753.0 579.0
1 990.0 579.0
1 1055.0 579.0
1 966.0 580.0
1 589.0 581.0
1 833.0 581.0
1 1067.0 581.0
1 1033.0 583.0
1 612.0 584.0
1 747.0 584.0
1 753.0 585.0
1 782.0 585.0
1 963.0 585.0
1 1043.0 585.0
1 588.0 586.0
1 761.0 586.0
1 1056.0 586.0
1 620.0 587.0
1 912.0 587.0
1 1074.0 587.0
1 917.0 588.0
1 1024.0 588.0
1 384.0 590.0
1 735.0 590.0
1 873.0 590.0
1 959.0 590.0
1 587.0 591.0
1 263.0 592.0
1 646.0 592.0
1 754.0 592.0
1 952.0 592.0
1 1051.0 592.0
1 1015.0 595.0
1 1071.0 595.0
1 773.0 596.0
1 686.0 597.0
1 929.0 597.0
1 938.0 597.0
1 708.0 598.0
1 1079.0 598.0
1 854.0 600.0
1 1012.0 600.0
1 651.0 602.0
1 943.0 602.0
1 1083.0 603.0
1 1058.0 604.0
1 609.0 605.0
1 780.0 605.0
1 618.0 606.0
1 587.0 607.0
1 759.0 607.0
1 798.0 607.0
1 847.0 608.0
1 1011.0 608.0
1 1086.0 608.0
1 670.0 609.0
1 688.0 609.0
1 1071.0 609.0
1 1078.0 609.0
1 719.0 610.0
1 783.0 610.0
1 588.0 613.0
1 763.0 613.0
1 1013.0 613.0
1 878.0 614.0
1 787.0 615.0
1 974.0 615.0
1 1027.0 617.0
1 852.0 621.0
1 551.0 622.0
1 770.0 622.0
1 615.0 623.0
1 1056.0 623.0
1 1061.0 623.0
1 729.0 624.0
1 791.0 624.0
1 1024.0 624.0
1 590.0 625.0
1 712.0 625.0
1 680.0 626.0
1 1034.0 627.0
1 1039.0 627.0
1 1047.0 627.0
1 759.0 630.0
1 775.0 631.0
1 815.0 631.0
1 879.0 631.0
1 651.0 633.0
1 670.0 633.0
1 640.0 635.0
1 879.0 636.0
1 780.0 639.0
1 1054.0 640.0
1 878.0 641.0
1 626.0 642.0
1 617.0 643.0
1 877.0 646.0
1 659.0 647.0
1 1040.0 647.0
1 598.0 649.0
1 725.0 651.0
1 626.0 652.0
1 728.0 656.0
1 743.0 656.0
1 1083.0 656.0
1 479.0 657.0
1 873.0 658.0
1 703.0 660.0
1 722.0 662.0
1 861.0 662.0
1 867.0 663.0
1 606.0 664.0
1 714.0 664.0
1 734.0 665.0
1 1080.0 665.0
1 318.0 666.0
1 374.0 666.0
1 751.0 666.0
1 905.0 666.0
1 1044.0 666.0
1 404.0 668.0
1 609.0 669.0
1 684.0 669.0
1 74.0 671.0
1 730.0 671.0
1 752.0 671.0
1 865.0 671.0
1 171.0 672.0
1 441.0 672.0
1 361.0 673.0
1 639.0 674.0
1 717.0 674.0
1 708.0 675.0
1 734.0 677.0
1 903.0 678.0
1 759.0 679.0
1 8.0 681.0
1 709.0 681.0
1 1072.0 681.0
1 725.0 683.0
1 851.0 683.0
1 201.0 684.0
1 745.0 684.0
1 451.0 685.0
1 834.0 685.0
1 246.0 686.0
1 697.0 686.0
1 650.0 687.0
1 442.0 688.0
1 655.0 688.0
1 742.0 689.0
1 367.0 690.0
1 827.0 691.0
1 650.0 692.0
1 662.0 693.0
1 81.0 694.0
1 176.0 695.0
1 710.0 695.0
1 1001.0 697.0
1 666.0 698.0
1 763.0 698.0
1 656.0 699.0
1 340.0 702.0
1 670.0 703.0
1 160.0 704.0
1 315.0 704.0
1 661.0 704.0
1 679.0 708.0
1 764.0 708.0
1 202.0 710.0
1 1001.0 711.0
1 429.0 713.0
1 672.0 713.0
1 762.0 714.0
1 399.0 715.0
1 1043.0 717.0
1 696.0 719.0
1 751.0 719.0
1 762.0 719.0
1 1072.0 719.0
1 995.0 722.0
1 1042.0 722.0
1 710.0 724.0
1 717.0 726.0
1 740.0 726.0
1 756.0 726.0
1 684.0 727.0
1 662.0 728.0
1 726.0 728.0
1 1039.0 728.0
1 806.0 732.0
1 703.0 735.0
1 743.0 735.0
1 708.0 736.0
1 726.0 737.0
1 763.0 737.0
1 794.0 739.0
1 423.0 741.0
1 753.0 743.0
1 663.0 746.0
1 1061.0 750.0
1 701.0 751.0
1 706.0 754.0
1 722.0 759.0
1 727.0 759.0
1 732.0 760.0
1 863.0 760.0
1 1066.0 766.0
1 50.0 767.0
1 1224.0 782.0
1 697.0 786.0
1 881.0 786.0
1 378.0 789.0
1 1127.0 791.0
1 199.0 798.0
1 910.0 798.0
1 1326.0 810.0
1 168.0 811.0
1 771.0 819.0
1 113.0 820.0
1 95.0 832.0
1 292.0 833.0
1 1331.0 833.0
1 322.0 838.0
1 437.0 838.0
1 861.0 839.0
1 1403.0 839.0
1 324.0 851.0
1 412.0 852.0
1 217.0 853.0
1 135.0 856.0
1 735.0 857.0
1 425.0 861.0
1 414.0 862.0
1 438.0 862.0
1 495.0 863.0
1 631.0 863.0
1 170.0 864.0
1 541.0 864.0
1 615.0 864.0
1 996.0 864.0
1 335.0 866.0
1 730.0 866.0
1 160.0 867.0
1 743.0 868.0
1 479.0 869.0
1 687.0 870.0
1 232.0 872.0
1 495.0 874.0
1 250.0 875.0
1 640.0 878.0
1 441.0 883.0
1 421.0 884.0
1 554.0 884.0
1 490.0 894.0
1 236.0 895.0
1 726.0 895.0
1 757.0 895.0
1 767.0 896.0
1 1005.0 896.0
1 527.0 898.0
1 961.0 899.0
1 1023.0 899.0
1 502.0 901.0
1 685.0 901.0
1 308.0 903.0
1 550.0 903.0
1 759.0 903.0
1 672.0 905.0
1 1430.0 905.0
1 711.0 906.0
1 751.0 906.0
1 1129.0 906.0
1 650.0 908.0
1 610.0 911.0
1 541.0 912.0
1 940.0 912.0
1 962.0 912.0
1 753.0 914.0
1 635.0 918.0
1 499.0 919.0
1 967.0 919.0
1 976.0 920.0
1 711.0 921.0
1 751.0 923.0
1 311.0 924.0
1 610.0 924.0
1 944.0 925.0
1 1134.0 925.0
1 787.0 926.0
1 740.0 928.0
1 895.0 928.0
1 747.0 930.0
1 1441.0 933.0
1 1105.0 936.0
1 667.0 937.0
1 854.0 940.0
1 1293.0 940.0
1 726.0 941.0
1 1039.0 944.0
1 897.0 945.0
1 617.0 946.0
1 554.0 947.0
1 1119.0 947.0
1 1130.0 950.0
1 855.0 951.0
1 323.0 953.0
1 572.0 953.0
1 689.0 953.0
1 596.0 955.0
1 623.0 955.0
1 662.0 955.0
1 752.0 955.0
1 337.0 956.0
1 835.0 956.0
1 541.0 958.0
1 607.0 958.0
1 1066.0 958.0
1 1120.0 959.0
1 852.0 960.0
1 367.0 961.0
1 1082.0 961.0
1 656.0 962.0
1 875.0 962.0
1 580.0 963.0
1 807.0 963.0
1 272.0 964.0
1 23.0 966.0
1 531.0 966.0
1 790.0 967.0
1 1071.0 967.0
1 541.0 968.0
1 88.0 969.0
1 551.0 969.0
1 1000.0 969.0
1 729.0 972.0
1 748.0 973.0
1 762.0 975.0
1 829.0 978.0
1 705.0 979.0
1 520.0 983.0
1 649.0 983.0
1 807.0 983.0
1 55.0 984.0
1 668.0 984.0
1 217.0 985.0
1 740.0 985.0
1 775.0 985.0
1 75.0 988.0
1 266.0 990.0
1 785.0 990.0
1 699.0 991.0
1 795.0 991.0
1 828.0 991.0
1 883.0 991.0
1 930.0 991.0
