0 0 1 349.80189545692895
0 1 5 357.3217971796285
0 4 6 242.23310141945728
0 3 13 135.4250805117851
0 5 15 121.99054714495479
0 6 17 134.29016948902915
0 8 19 191.83390601483083
0 11 22 118.45902028724937
0 12 25 161.6086796913282
0 10 26 251.2065643171936
0 25 31 117.71530425193963
0 17 34 108.66503257771616
0 16 35 106.6862489827991
0 9 39 347.9085371284467
0 28 40 129.65729707622967
0 23 41 120.31655532908991
0 15 43 213.07703625685735
0 13 44 119.31833318907974
0 7 46 432.87925502483216
0 21 47 115.83360909943204
0 26 50 109.18129529896528
0 30 62 112.93126810279664
0 63 63 111.09023427640182
0 14 64 118.25764751018943
0 33 65 121.49797829445599
0 78 67 110.7354662314309
0 18 69 199.69353026049453
0 38 70 141.52642428058397
0 20 71 113.70243418481311
0 24 72 265.76347007189713
0 77 73 138.53073275101139
0 58 75 109.8773321862629
0 31 77 283.22202475734116
0 67 79 131.89197653977203
0 32 80 220.71503013562673
0 80 81 126.72779112156995
0 66 83 154.38112571717932
0 22 84 210.82197584406086
0 19 85 104.91204935361453
0 68 87 106.80937442802461
0 60 88 225.8548891932647
0 62 89 174.2811423936615
0 83 91 113.30808894661641
0 34 92 251.8687771107869
0 104 93 119.84348900428536
0 35 95 131.2116789325887
0 109 97 109.34499560657373
0 27 99 104.82653858628514
0 29 103 284.24565407256244
0 36 104 165.87327591201444
0 42 106 134.6333141140071
0 45 108 151.58575706745827
0 44 109 225.978779792259
0 39 110 122.49107886259185
0 79 111 312.3528109622379
0 105 112 105.28651092387614
0 100 113 118.63600824140876
0 46 114 184.5614979991886
0 56 117 123.75118903468088
0 57 118 120.99614089518826
0 47 120 196.36063928686085
0 40 122 221.03637942934955
0 48 123 250.08132718331288
0 49 124 257.98579304968126
0 50 126 231.1011088426477
0 41 127 141.78106739647862
0 72 128 131.1732698634993
0 84 129 130.515605854324
0 64 130 163.10220145764458
0 52 131 182.50063662825576
0 53 132 253.8931087000211
0 54 133 200.99227351177694
0 82 134 142.23788511596388
0 65 135 171.658368127717
0 70 136 137.23145143723903
0 85 138 185.50697972496846
0 55 139 135.641135221726
0 73 140 136.99940781610877
0 61 142 104.9231048058691
0 69 143 152.34705150457236
0 127 144 111.44816378610385
0 124 145 121.36080333061203
0 59 146 103.81911041589858
0 75 147 120.01447566109584
0 99 150 150.76117372402354
0 76 151 112.90628696940128
0 71 153 120.97260229721685
0 131 154 120.65438031537299
0 87 156 188.55726050743357
0 51 157 207.29158564777848
0 137 159 116.2277624694531
0 88 160 144.2862660455881
0 89 162 137.02738127441256
0 103 163 123.75938658269894
0 141 164 108.13531661576977
0 92 165 138.8537319698139
0 134 167 171.47267755988435
0 138 169 146.47433728789454
0 93 170 152.40415203992018
0 97 171 114.48661870851176
0 98 172 338.7639324136594
0 108 173 124.90842313577677
0 94 175 193.62217214805668
0 90 177 136.90733279192378
0 81 178 105.84894149266727
0 106 179 121.04404028650497
0 151 180 109.67810345420455
0 162 183 105.19306726607822
0 119 184 120.66853405477951
0 95 185 196.06713807719245
0 86 186 145.25284205599604
0 91 187 105.91079013596077
0 167 188 144.76777828457784
0 114 189 132.6853921725405
0 101 190 117.14326331221052
0 115 191 151.14957606229478
0 159 192 109.94400116961035
0 110 193 181.9045421663547
0 96 194 113.59112461010045
0 117 195 226.93323437510676
0 132 197 106.3853062965822
0 152 200 206.04662990003052
0 122 201 124.52223732785266
0 118 202 229.31643819036572
0 179 203 134.01804111873307
0 102 204 127.52954798095892
0 170 205 129.38537071859432
0 171 207 194.55171754010107
0 168 208 123.1558046583375
0 154 209 106.97410949998456
0 113 211 151.14886796117696
0 123 212 247.1186457654246
0 173 213 145.7390403950027
0 120 215 169.80611462154837
0 184 216 139.81044790684112
0 178 218 169.29944414552563
0 129 222 232.1931996377019
0 111 224 104.50702465410875
0 112 225 108.58319108279224
0 185 226 115.99710664336753
0 74 228 174.20752535254323
0 202 229 214.21721578407
0 174 231 125.74285097351834
0 128 232 112.75935258132724
0 125 233 115.47470526006424
0 150 234 105.34440968520656
0 200 235 132.75221785611052
0 189 236 103.90553308265112
0 195 237 124.41961374277292
0 142 238 128.2704824726151
0 130 239 186.00778679305174
0 211 242 118.23250425298907
0 191 243 108.65223165520675
0 192 244 113.36840723932123
0 144 247 107.5004377941735
0 213 248 124.62749287061474
0 146 249 104.40416618101547
0 147 250 127.43185916488507
0 216 251 105.15415443190193
0 205 252 106.44614910618617
0 204 253 129.59097761179964
0 139 254 221.66099595546888
0 225 255 138.1406915640574
0 220 256 106.14740373702128
0 207 257 140.61837258435506
0 135 259 217.41640147637017
0 148 260 182.68548893518607
0 149 263 208.2234998609648
0 165 264 112.67985678552424
0 158 266 106.0187169884576
0 153 268 249.28244740296486
0 182 270 448.9673742844984
0 232 271 118.21660043536014
0 236 272 104.9466734891239
0 176 274 121.97961119272304
0 161 275 245.4127732800318
0 166 277 221.8582068330046
0 183 280 247.44254892189034
0 163 285 249.48436422939628
0 155 286 345.92083819929667
0 177 287 133.31858480214717
0 193 288 326.92271418160277
0 156 290 295.89417505856034
0 186 291 114.29265901373728
0 206 293 130.91139830565675
0 308 294 165.02510263402326
0 160 295 337.2148147493051
0 203 296 165.3381998265336
0 212 297 142.86657317770613
0 209 298 138.96382050581616
0 252 299 121.07111012198315
0 231 301 289.92930720368366
0 169 303 265.06991628688866
0 143 304 360.9081896622658
0 215 305 138.6485588156688
0 197 309 106.80836126111821
0 194 310 160.81934469716612
0 222 313 159.7256451992337
0 214 314 174.79547723437256
0 224 317 119.75277156251978
0 270 318 117.90354634430977
0 175 323 200.168966824303
0 181 325 239.84075819410828
0 227 326 230.29508880803888
0 198 329 458.48485645546464
0 230 331 168.50324502920822
0 218 336 106.13874775477402
0 219 337 199.63146533106365
0 287 338 112.94817672873386
0 190 339 222.29131738801988
0 196 343 105.04490162490356
0 233 344 201.30408620316248
0 249 345 105.95134901985055
0 228 347 492.2691239999308
0 238 349 145.9604823411144
0 289 352 161.8896564967074
0 235 353 251.76982438616795
0 244 354 174.37100396266177
0 234 356 169.74694503444724
0 301 357 145.9805232451652
0 248 358 180.18282892742926
0 261 359 111.46665291816034
0 269 360 170.88668953750368
0 256 361 307.04664534308824
0 319 362 103.28081184555393
0 310 363 199.11135079118358
0 266 365 109.31048560543364
0 263 366 181.42750038686805
0 241 367 187.6117036795329
0 315 370 126.50947530725489
0 268 371 155.9838084624938
0 251 372 182.25575116114982
0 283 373 107.1523821123418
0 229 374 138.94585537642809
0 265 375 171.47577962625772
0 294 376 121.1846048921343
0 284 377 125.13281532082688
0 276 378 155.21269054871703
0 277 380 160.96174001075303
0 272 381 162.00000270366672
0 237 383 243.46313101861315
0 296 384 104.6234983833985
0 243 385 134.09206764157173
0 245 386 209.06588057478731
0 336 388 112.04847922711923
0 260 389 135.20453724370842
0 258 390 125.42259401714193
0 307 391 156.26251914254084
0 250 392 108.4935020491085
0 262 393 129.9645598017518
0 264 394 138.75219410402153
0 254 395 113.22146033625336
0 305 396 111.71744194656597
0 309 397 117.8538608461457
0 313 398 122.6945054382504
0 280 399 169.3165470203366
0 285 400 189.52918132287792
0 314 401 103.54531201657593
0 343 402 109.64490200576287
0 312 404 103.51826132529929
0 275 406 106.04753285427459
0 318 407 104.03463402752526
0 278 409 171.75679747158247
0 281 410 182.1784096226142
0 295 411 204.39881243833057
0 291 412 142.95815530541586
0 304 413 139.81184602844718
0 329 414 151.80159948346318
0 330 415 108.04027750480596
0 298 416 109.43893973512556
0 324 417 370.3361004620588
0 293 418 173.32302038309092
0 292 419 215.3040352335891
0 325 420 196.0279639748776
0 335 421 162.626605416636
0 344 422 221.929418437855
0 342 425 158.56142212557842
0 303 426 261.68013108014
0 326 428 116.45915957510759
0 331 429 106.24934018533642
0 320 430 229.11499684948745
0 323 431 357.10617668450436
0 322 433 235.73209701915215
0 357 434 227.83576128003017
0 385 435 189.53695375095774
0 341 436 107.61912007347539
0 338 437 226.97641596988584
0 340 438 116.57722500719869
0 350 439 246.72986038478598
0 327 440 218.58636362807263
0 337 441 113.21968006286286
0 328 442 162.04426783388809
0 377 443 192.14808531828632
0 389 445 106.24057338395394
0 398 446 129.96245568788157
0 348 447 243.86466666395336
0 339 449 108.3770078589599
0 362 450 180.91435788253239
0 353 451 133.22027053284484
0 354 452 112.96283141795446
0 395 453 191.24041929409407
0 349 457 154.33577962712985
0 404 458 111.46059533023522
0 373 459 251.6294095603996
0 412 460 119.06581273275978
0 378 461 195.07610393258688
0 372 464 255.39986720961085
0 361 465 365.7779926008144
0 417 466 109.42730476458888
0 356 467 112.9791484537807
0 371 468 114.16841219757788
0 360 469 122.02365076941841
0 430 470 149.44713200954766
0 379 472 105.32105873640336
0 365 474 285.9992170367218
0 411 475 248.49358719432476
0 368 477 175.3100723676346
0 391 479 180.26317203226623
0 436 482 117.2138274904631
0 387 483 207.0743420889011
0 410 484 193.79118457249362
0 374 485 189.4178679140966
0 375 486 169.76661211241912
0 393 489 112.5496889041067
0 384 490 187.5116208319521
0 397 491 161.8311444884554
0 396 493 280.4148220649878
0 428 494 211.960403825042
0 392 495 126.16632789873314
0 432 496 208.78136012267626
0 465 497 194.62120637377694
0 440 498 215.56713361141993
0 406 499 124.63284410910317
0 390 500 173.70403106815579
0 408 501 111.63346528185374
0 403 502 141.43696487616648
0 402 503 212.79476585140148
0 407 504 119.5763415655611
0 399 505 285.5185080050347
0 400 506 264.0878932127122
0 435 507 173.24378784915498
0 401 508 298.86005515221456
0 439 510 105.21343842459187
0 450 511 146.86443607522563
0 420 512 150.38430551975094
0 447 513 200.96668077140646
0 424 514 178.06495545939254
0 409 516 293.63350994813567
0 421 517 195.4733307646501
0 426 519 190.5489959706624
0 422 522 202.4933505863445
0 415 524 194.89377223847896
0 461 525 147.00449664817063
0 431 529 118.07131508512117
0 464 530 104.3720611714305
0 419 531 295.19123534190817
0 471 534 200.76315822696236
0 429 535 233.69404985585317
0 427 536 280.8735478432723
0 442 538 159.2796554735312
0 449 539 218.14154430574945
0 448 540 234.35345219548657
0 437 542 194.90427775517588
0 446 543 185.99768229273198
0 438 544 228.4433265778413
0 453 545 169.2418050626223
0 456 546 174.8962801373466
0 457 548 131.21368002121665
0 445 549 186.87742393394805
0 451 550 235.13834294283265
0 459 552 113.41668973008431
0 463 553 142.35662042250277
0 462 554 149.60627758656267
0 460 555 223.85429923945622
0 469 556 123.83501405627781
0 466 557 120.43790679215249
0 477 558 180.0511631915211
0 470 559 109.37451452115903
0 467 560 138.3766435571767
0 484 561 238.1158420005277
0 473 562 138.14529829514578
0 479 563 131.37320386044473
0 474 564 136.18981093831113
0 472 565 136.357005792477
0 487 566 268.64553680978526
0 481 570 279.78013770035096
0 475 571 108.04063929457719
0 478 573 124.00720307228195
0 485 574 229.56708545438187
0 483 575 119.5286256935574
0 500 580 478.42580346383005
0 499 581 154.61848699781896
0 489 586 123.3199354396071
0 491 587 108.23787562049529
0 495 588 214.36527861281883
0 493 589 114.97263361721713
0 494 591 106.22649435870942
0 507 594 168.15359962539023
0 497 595 108.67404922119013
0 502 597 268.52361767415476
0 511 598 141.45085718857794
0 503 604 151.74449656288712
0 505 605 128.82539580645985
0 508 607 103.28090721539311
0 510 609 120.09009826689392
0 520 618 355.8588045444644

0 910.0 22.0
0 912.0 29.0
0 845.0 359.0
0 850.0 359.0
0 856.0 361.0
0 904.0 363.0
0 917.0 364.0
0 834.0 370.0
0 850.0 370.0
0 867.0 371.0
0 896.0 373.0
0 907.0 375.0
0 833.0 377.0
0 822.0 378.0
0 893.0 382.0
0 918.0 383.0
0 906.0 385.0
0 930.0 386.0
0 781.0 387.0
0 749.0 388.0
0 798.0 388.0
0 743.0 389.0
0 718.0 394.0
0 690.0 395.0
0 808.0 395.0
0 685.0 396.0
0 729.0 396.0
0 650.0 399.0
0 695.0 399.0
0 741.0 399.0
0 792.0 402.0
0 639.0 403.0
0 761.0 403.0
0 752.0 404.0
0 714.0 405.0
0 772.0 405.0
0 686.0 406.0
0 920.0 406.0
0 784.0 407.0
0 1084.0 409.0
0 653.0 410.0
0 670.0 410.0
0 726.0 410.0
0 1068.0 410.0
0 1008.0 411.0
0 636.0 412.0
0 794.0 414.0
0 698.0 415.0
0 1080.0 415.0
0 673.0 416.0
0 712.0 416.0
0 751.0 417.0
0 1074.0 417.0
0 761.0 418.0
0 778.0 418.0
0 1019.0 418.0
0 770.0 419.0
0 926.0 419.0
0 1014.0 420.0
0 621.0 421.0
0 1082.0 421.0
0 1087.0 421.0
0 739.0 422.0
0 637.0 423.0
0 1034.0 423.0
0 753.0 425.0
0 728.0 426.0
0 652.0 427.0
0 767.0 427.0
0 785.0 427.0
0 672.0 428.0
0 1004.0 428.0
0 1091.0 428.0
0 603.0 430.0
0 995.0 430.0
0 699.0 431.0
0 750.0 431.0
0 780.0 431.0
0 934.0 433.0
0 955.0 433.0
0 1087.0 435.0
0 625.0 436.0
0 638.0 436.0
0 746.0 436.0
0 784.0 436.0
0 919.0 436.0
0 989.0 436.0
0 713.0 437.0
0 980.0 437.0
0 777.0 438.0
0 1032.0 438.0
0 672.0 439.0
0 999.0 439.0
0 602.0 440.0
0 745.0 442.0
0 1005.0 442.0
0 1091.0 444.0
0 624.0 445.0
0 1100.0 445.0
0 916.0 446.0
0 953.0 446.0
0 937.0 447.0
0 969.0 447.0
0 1018.0 447.0
0 1032.0 447.0
0 978.0 448.0
0 1023.0 448.0
0 1086.0 448.0
0 797.0 449.0
0 1081.0 449.0
0 790.0 450.0
0 991.0 450.0
0 713.0 451.0
0 743.0 451.0
0 805.0 451.0
0 814.0 451.0
0 1002.0 451.0
0 1049.0 451.0
0 1064.0 451.0
0 1076.0 451.0
0 819.0 452.0
0 829.0 452.0
0 834.0 452.0
0 839.0 453.0
0 844.0 453.0
0 963.0 453.0
0 849.0 454.0
0 856.0 454.0
0 1013.0 455.0
0 766.0 456.0
0 824.0 456.0
0 876.0 456.0
0 881.0 456.0
0 886.0 456.0
0 978.0 456.0
0 1088.0 456.0
0 785.0 457.0
0 1000.0 457.0
0 790.0 458.0
0 895.0 458.0
0 1034.0 458.0
0 1106.0 458.0
0 903.0 459.0
0 1077.0 459.0
0 667.0 460.0
0 678.0 460.0
0 913.0 460.0
0 1048.0 460.0
0 812.0 461.0
0 844.0 461.0
0 948.0 461.0
0 1063.0 461.0
0 849.0 462.0
0 863.0 462.0
0 686.0 463.0
0 793.0 463.0
0 800.0 463.0
0 874.0 463.0
0 936.0 463.0
0 659.0 464.0
0 806.0 464.0
0 868.0 464.0
0 824.0 465.0
0 979.0 465.0
0 637.0 466.0
0 834.0 466.0
0 648.0 467.0
0 708.0 467.0
0 713.0 467.0
0 719.0 468.0
0 844.0 468.0
0 1097.0 468.0
0 1108.0 468.0
0 767.0 469.0
0 772.0 469.0
0 855.0 469.0
0 861.0 469.0
0 877.0 469.0
0 907.0 469.0
0 1027.0 469.0
0 624.0 470.0
0 777.0 470.0
0 882.0 470.0
0 612.0 471.0
0 759.0 471.0
0 887.0 471.0
0 893.0 471.0
0 914.0 471.0
0 602.0 472.0
0 950.0 472.0
0 1072.0 472.0
0 970.0 473.0
0 697.0 474.0
0 782.0 474.0
0 932.0 474.0
0 991.0 474.0
0 636.0 475.0
0 748.0 476.0
0 1006.0 476.0
0 643.0 477.0
0 732.0 477.0
0 771.0 477.0
0 1067.0 477.0
0 627.0 478.0
0 944.0 478.0
0 657.0 479.0
0 663.0 479.0
0 668.0 479.0
0 686.0 479.0
0 710.0 479.0
0 1031.0 479.0
0 1052.0 479.0
0 1111.0 479.0
0 676.0 480.0
0 955.0 480.0
0 1057.0 480.0
0 621.0 481.0
0 737.0 481.0
0 600.0 482.0
0 770.0 482.0
0 974.0 482.0
0 1066.0 482.0
0 1071.0 482.0
0 725.0 483.0
0 918.0 483.0
0 931.0 483.0
0 634.0 484.0
0 1001.0 484.0
0 1019.0 484.0
0 621.0 486.0
0 650.0 486.0
0 734.0 486.0
0 966.0 486.0
0 945.0 487.0
0 759.0 488.0
0 600.0 489.0
0 694.0 489.0
0 708.0 489.0
0 784.0 489.0
0 955.0 489.0
0 650.0 491.0
0 1032.0 492.0
0 629.0 493.0
0 727.0 493.0
0 744.0 494.0
0 998.0 494.0
0 470.0 496.0
0 933.0 498.0
0 621.0 499.0
0 916.0 499.0
0 953.0 499.0
0 668.0 500.0
0 719.0 500.0
0 703.0 501.0
0 1014.0 501.0
0 600.0 502.0
0 682.0 502.0
0 708.0 502.0
0 1006.0 502.0
0 1019.0 502.0
0 1001.0 503.0
0 1024.0 503.0
0 984.0 504.0
0 1029.0 504.0
0 926.0 505.0
0 931.0 505.0
0 942.0 505.0
0 886.0 506.0
0 1034.0 506.0
0 776.0 507.0
0 870.0 507.0
0 604.0 508.0
0 618.0 508.0
0 743.0 508.0
0 968.0 510.0
0 987.0 510.0
0 771.0 511.0
0 1040.0 511.0
0 979.0 512.0
0 766.0 515.0
0 985.0 515.0
0 720.0 517.0
0 980.0 517.0
0 931.0 518.0
0 800.0 519.0
0 810.0 519.0
0 819.0 519.0
0 1045.0 519.0
0 759.0 520.0
0 791.0 520.0
0 830.0 520.0
0 918.0 521.0
0 783.0 522.0
0 1106.0 522.0
0 604.0 523.0
0 847.0 523.0
0 971.0 523.0
0 1053.0 523.0
0 1059.0 523.0
0 680.0 524.0
0 960.0 524.0
0 855.0 525.0
0 709.0 526.0
0 775.0 526.0
0 818.0 526.0
0 1083.0 526.0
0 1088.0 526.0
0 738.0 527.0
0 751.0 527.0
0 910.0 527.0
0 928.0 527.0
0 767.0 528.0
0 681.0 530.0
0 970.0 530.0
0 981.0 530.0
0 1093.0 530.0
0 708.0 531.0
0 1079.0 531.0
0 701.0 532.0
0 719.0 532.0
0 759.0 532.0
0 777.0 532.0
0 933.0 532.0
0 837.0 533.0
0 728.0 534.0
0 852.0 534.0
0 980.0 535.0
0 1088.0 535.0
0 751.0 536.0
0 882.0 536.0
0 1093.0 536.0
0 1098.0 536.0
0 1103.0 536.0
0 698.0 537.0
0 737.0 537.0
0 776.0 537.0
0 924.0 539.0
0 1049.0 539.0
0 690.0 540.0
0 866.0 540.0
0 891.0 541.0
0 940.0 541.0
0 1092.0 541.0
0 824.0 543.0
0 983.0 543.0
0 1073.0 544.0
0 689.0 545.0
0 736.0 545.0
0 879.0 545.0
0 1086.0 545.0
0 729.0 546.0
0 1092.0 546.0
0 680.0 547.0
0 945.0 547.0
0 1105.0 547.0
0 801.0 548.0
0 1047.0 548.0
0 689.0 550.0
0 946.0 552.0
0 973.0 552.0
0 1103.0 552.0
0 1112.0 552.0
0 626.0 553.0
0 696.0 555.0
0 709.0 555.0
0 1093.0 555.0
0 992.0 556.0
0 1040.0 556.0
0 719.0 557.0
0 725.0 557.0
0 681.0 559.0
0 999.0 560.0
0 1035.0 560.0
0 1072.0 561.0
0 903.0 562.0
0 1030.0 562.0
0 1055.0 562.0
0 1113.0 562.0
0 1007.0 563.0
0 836.0 564.0
0 1015.0 564.0
0 1023.0 564.0
0 606.0 565.0
0 759.0 567.0
0 1091.0 567.0
0 800.0 570.0
0 810.0 570.0
0 709.0 571.0
0 682.0 572.0
0 781.0 573.0
0 789.0 573.0
0 1067.0 573.0
0 828.0 575.0
0 799.0 576.0
0 810.0 577.0
0 845.0 577.0
0 981.0 577.0
0 1103.0 578.0
0 1108.0 579.0
0 785.0 580.0
0 773.0 581.0
0 1013.0 581.0
0 681.0 582.0
0 737.0 583.0
0 1045.0 583.0
0 606.0 584.0
0 855.0 584.0
0 1028.0 584.0
0 707.0 585.0
0 878.0 587.0
0 868.0 588.0
0 805.0 589.0
0 823.0 589.0
0 794.0 591.0
0 1073.0 591.0
0 1098.0 591.0
0 752.0 592.0
0 784.0 596.0
0 871.0 597.0
0 880.0 598.0
0 963.0 600.0
0 801.0 603.0
0 781.0 605.0
0 963.0 607.0
0 1058.0 607.0
0 790.0 608.0
0 890.0 608.0
0 607.0 609.0
0 734.0 609.0
0 740.0 611.0
0 884.0 611.0
0 869.0 612.0
0 804.0 614.0
0 896.0 615.0
0 793.0 617.0
0 608.0 619.0
0 760.0 619.0
0 729.0 620.0
0 738.0 621.0
0 774.0 621.0
0 892.0 621.0
0 841.0 622.0
0 901.0 622.0
0 697.0 623.0
0 879.0 624.0
0 630.0 628.0
0 608.0 631.0
0 812.0 631.0
0 881.0 631.0
0 902.0 631.0
0 963.0 631.0
0 725.0 635.0
0 734.0 635.0
0 696.0 637.0
0 799.0 638.0
0 851.0 638.0
0 856.0 638.0
0 846.0 639.0
0 630.0 641.0
0 772.0 643.0
0 610.0 646.0
0 775.0 648.0
0 696.0 650.0
0 198.0 651.0
0 795.0 652.0
0 886.0 654.0
0 630.0 655.0
0 909.0 655.0
0 727.0 656.0
0 845.0 659.0
0 609.0 662.0
0 870.0 662.0
0 759.0 664.0
0 849.0 664.0
0 854.0 664.0
0 699.0 665.0
0 859.0 665.0
0 914.0 666.0
0 1089.0 666.0
0 791.0 669.0
0 843.0 669.0
0 864.0 669.0
0 630.0 670.0
0 728.0 671.0
0 830.0 671.0
0 905.0 672.0
0 913.0 674.0
0 423.0 675.0
0 871.0 675.0
0 737.0 676.0
0 852.0 676.0
0 729.0 679.0
0 863.0 680.0
0 883.0 681.0
0 704.0 682.0
0 842.0 682.0
0 954.0 683.0
0 631.0 685.0
0 609.0 686.0
0 739.0 687.0
0 911.0 687.0
0 734.0 689.0
0 850.0 689.0
0 864.0 690.0
0 839.0 691.0
0 872.0 691.0
0 900.0 692.0
0 1084.0 692.0
0 909.0 694.0
0 871.0 696.0
0 1050.0 696.0
0 948.0 698.0
0 754.0 699.0
0 1084.0 699.0
0 824.0 701.0
0 832.0 701.0
0 906.0 702.0
0 807.0 703.0
0 716.0 704.0
0 754.0 704.0
0 392.0 705.0
0 736.0 705.0
0 860.0 705.0
0 191.0 706.0
0 891.0 707.0
0 1082.0 707.0
0 754.0 709.0
0 824.0 709.0
0 720.0 710.0
0 749.0 710.0
0 1046.0 710.0
0 900.0 711.0
0 109.0 712.0
0 758.0 714.0
0 609.0 715.0
0 883.0 716.0
0 896.0 717.0
0 1082.0 718.0
0 770.0 719.0
0 728.0 721.0
0 764.0 721.0
0 388.0 722.0
0 875.0 722.0
0 777.0 723.0
0 888.0 725.0
0 783.0 727.0
0 772.0 729.0
0 370.0 730.0
0 789.0 730.0
0 882.0 730.0
0 859.0 731.0
0 739.0 732.0
0 798.0 733.0
0 778.0 734.0
0 840.0 735.0
0 848.0 735.0
0 784.0 737.0
0 821.0 737.0
0 1079.0 738.0
0 791.0 739.0
0 864.0 742.0
0 750.0 743.0
0 819.0 744.0
0 243.0 745.0
0 840.0 745.0
0 853.0 745.0
0 755.0 746.0
0 824.0 746.0
0 396.0 747.0
0 506.0 747.0
0 609.0 747.0
0 790.0 749.0
0 442.0 750.0
0 804.0 752.0
0 1078.0 757.0
0 220.0 760.0
0 1443.0 761.0
0 1076.0 762.0
0 352.0 763.0
0 803.0 765.0
0 55.0 768.0
0 728.0 768.0
0 511.0 772.0
0 489.0 773.0
0 464.0 776.0
0 532.0 778.0
0 431.0 779.0
0 522.0 783.0
0 1072.0 786.0
0 387.0 788.0
0 324.0 789.0
0 418.0 789.0
0 362.0 790.0
0 460.0 792.0
0 788.0 794.0
0 1243.0 796.0
0 438.0 800.0
0 1072.0 801.0
0 157.0 804.0
0 523.0 804.0
0 987.0 807.0
0 999.0 808.0
0 311.0 812.0
0 414.0 814.0
0 403.0 816.0
0 384.0 822.0
0 273.0 823.0
0 917.0 823.0
0 692.0 826.0
0 535.0 827.0
0 1426.0 827.0
0 376.0 828.0
0 176.0 829.0
0 225.0 831.0
0 1287.0 832.0
0 197.0 846.0
0 495.0 846.0
0 117.0 851.0
0 37.0 852.0
0 244.0 852.0
0 312.0 858.0
0 694.0 865.0
0 901.0 877.0
0 742.0 922.0
0 271.0 933.0
0 271.0 945.0
0 913.0 954.0
0 1035.0 963.0
0 971.0 968.0
0 1012.0 968.0
1 926.0 134.0
1 923.0 373.0
1 928.0 373.0
1 837.0 374.0
1 933.0 374.0
1 935.0 384.0
1 949.0 396.0
1 811.0 401.0
1 768.0 403.0
1 1104.0 403.0
1 750.0 406.0
1 738.0 407.0
1 704.0 408.0
1 1027.0 408.0
1 1055.0 408.0
1 1088.0 408.0
1 789.0 409.0
1 728.0 414.0
1 801.0 414.0
1 936.0 416.0
1 1024.0 419.0
1 716.0 421.0
1 798.0 421.0
1 688.0 422.0
1 1114.0 422.0
1 658.0 423.0
1 728.0 424.0
1 934.0 424.0
1 672.0 426.0
1 1043.0 426.0
1 756.0 428.0
1 792.0 429.0
1 1105.0 429.0
1 771.0 430.0
1 1014.0 433.0
1 1028.0 433.0
1 1053.0 434.0
1 1123.0 434.0
1 690.0 435.0
1 807.0 435.0
1 851.0 435.0
1 873.0 435.0
1 1046.0 435.0
1 1058.0 435.0
1 1100.0 435.0
1 815.0 436.0
1 824.0 436.0
1 835.0 436.0
1 856.0 436.0
1 861.0 436.0
1 866.0 436.0
1 889.0 436.0
1 896.0 436.0
1 902.0 436.0
1 907.0 436.0
1 912.0 436.0
1 1071.0 436.0
1 1087.0 436.0
1 718.0 437.0
1 930.0 437.0
1 1001.0 437.0
1 920.0 438.0
1 786.0 439.0
1 657.0 440.0
1 840.0 440.0
1 1111.0 440.0
1 762.0 441.0
1 976.0 441.0
1 731.0 442.0
1 1099.0 442.0
1 802.0 443.0
1 880.0 443.0
1 1034.0 443.0
1 1054.0 443.0
1 1047.0 444.0
1 1070.0 444.0
1 1085.0 444.0
1 624.0 445.0
1 673.0 446.0
1 1012.0 446.0
1 643.0 447.0
1 924.0 447.0
1 1000.0 447.0
1 690.0 448.0
1 783.0 448.0
1 804.0 448.0
1 912.0 448.0
1 813.0 449.0
1 823.0 449.0
1 841.0 449.0
1 894.0 449.0
1 931.0 449.0
1 852.0 450.0
1 861.0 450.0
1 875.0 450.0
1 904.0 450.0
1 950.0 450.0
1 1122.0 450.0
1 1132.0 450.0
1 969.0 451.0
1 762.0 454.0
1 1096.0 454.0
1 962.0 455.0
1 1000.0 455.0
1 621.0 456.0
1 731.0 456.0
1 1046.0 456.0
1 1072.0 456.0
1 782.0 457.0
1 642.0 458.0
1 797.0 458.0
1 937.0 460.0
1 950.0 460.0
1 1075.0 461.0
1 971.0 462.0
1 983.0 462.0
1 818.0 463.0
1 1016.0 464.0
1 1095.0 464.0
1 775.0 465.0
1 1083.0 465.0
1 767.0 467.0
1 787.0 467.0
1 1137.0 467.0
1 698.0 468.0
1 964.0 468.0
1 1068.0 468.0
1 685.0 469.0
1 986.0 469.0
1 1094.0 469.0
1 976.0 470.0
1 704.0 472.0
1 764.0 472.0
1 1137.0 472.0
1 728.0 473.0
1 1039.0 474.0
1 1095.0 474.0
1 677.0 475.0
1 737.0 475.0
1 1034.0 475.0
1 1082.0 475.0
1 655.0 477.0
1 801.0 478.0
1 826.0 478.0
1 954.0 478.0
1 742.0 479.0
1 935.0 479.0
1 974.0 480.0
1 1017.0 480.0
1 1059.0 480.0
1 776.0 481.0
1 642.0 483.0
1 751.0 483.0
1 1064.0 483.0
1 729.0 484.0
1 834.0 484.0
1 844.0 484.0
1 853.0 484.0
1 962.0 484.0
1 713.0 485.0
1 863.0 485.0
1 1010.0 485.0
1 630.0 486.0
1 825.0 486.0
1 807.0 487.0
1 943.0 487.0
1 1068.0 488.0
1 621.0 489.0
1 703.0 489.0
1 797.0 489.0
1 676.0 490.0
1 684.0 490.0
1 1007.0 490.0
1 695.0 491.0
1 753.0 492.0
1 852.0 493.0
1 990.0 493.0
1 1071.0 493.0
1 620.0 494.0
1 646.0 495.0
1 782.0 495.0
1 868.0 495.0
1 890.0 495.0
1 1007.0 495.0
1 639.0 496.0
1 651.0 497.0
1 938.0 497.0
1 876.0 498.0
1 899.0 498.0
1 712.0 499.0
1 881.0 499.0
1 746.0 500.0
1 759.0 500.0
1 773.0 501.0
1 952.0 501.0
1 728.0 502.0
1 840.0 502.0
1 931.0 502.0
1 908.0 503.0
1 896.0 505.0
1 619.0 506.0
1 633.0 506.0
1 639.0 506.0
1 993.0 506.0
1 721.0 508.0
1 736.0 508.0
1 1134.0 508.0
1 728.0 509.0
1 904.0 509.0
1 1086.0 509.0
1 1094.0 509.0
1 649.0 510.0
1 1079.0 510.0
1 640.0 511.0
1 1004.0 511.0
1 1107.0 511.0
1 686.0 512.0
1 924.0 512.0
1 943.0 512.0
1 1074.0 512.0
1 698.0 513.0
1 912.0 514.0
1 994.0 514.0
1 631.0 516.0
1 1108.0 516.0
1 616.0 517.0
1 1075.0 517.0
1 1006.0 518.0
1 757.0 520.0
1 921.0 521.0
1 1128.0 521.0
1 871.0 522.0
1 623.0 523.0
1 1008.0 523.0
1 1073.0 523.0
1 967.0 524.0
1 637.0 525.0
1 779.0 525.0
1 1112.0 525.0
1 800.0 527.0
1 1009.0 528.0
1 1071.0 528.0
1 791.0 531.0
1 815.0 531.0
1 1136.0 531.0
1 825.0 532.0
1 830.0 532.0
1 835.0 532.0
1 966.0 532.0
1 1103.0 532.0
1 844.0 534.0
1 1064.0 534.0
1 699.0 535.0
1 783.0 535.0
1 862.0 535.0
1 1017.0 535.0
1 1141.0 535.0
1 652.0 536.0
1 804.0 536.0
1 1011.0 536.0
1 796.0 537.0
1 998.0 537.0
1 816.0 539.0
1 1023.0 539.0
1 827.0 540.0
1 1055.0 540.0
1 1124.0 540.0
1 772.0 541.0
1 1031.0 541.0
1 1135.0 541.0
1 719.0 542.0
1 736.0 542.0
1 1050.0 542.0
1 787.0 543.0
1 808.0 543.0
1 873.0 543.0
1 1039.0 543.0
1 1045.0 543.0
1 895.0 544.0
1 779.0 545.0
1 800.0 545.0
1 886.0 546.0
1 827.0 549.0
1 1099.0 549.0
1 1146.0 549.0
1 792.0 550.0
1 979.0 550.0
1 708.0 551.0
1 774.0 551.0
1 699.0 552.0
1 882.0 552.0
1 847.0 555.0
1 899.0 555.0
1 889.0 556.0
1 1083.0 556.0
1 825.0 557.0
1 1122.0 557.0
1 778.0 558.0
1 765.0 559.0
1 919.0 559.0
1 1097.0 559.0
1 708.0 562.0
1 895.0 562.0
1 906.0 562.0
1 809.0 564.0
1 1008.0 564.0
1 1013.0 564.0
1 1098.0 564.0
1 623.0 565.0
1 1135.0 565.0
1 713.0 566.0
1 771.0 566.0
1 1075.0 566.0
1 1143.0 566.0
1 1041.0 567.0
1 701.0 568.0
1 825.0 568.0
1 966.0 568.0
1 1057.0 568.0
1 645.0 570.0
1 903.0 570.0
1 850.0 573.0
1 917.0 574.0
1 887.0 576.0
1 792.0 577.0
1 988.0 578.0
1 748.0 579.0
1 911.0 579.0
1 921.0 580.0
1 1106.0 580.0
1 1133.0 581.0
1 758.0 582.0
1 805.0 582.0
1 1111.0 583.0
1 914.0 584.0
1 820.0 587.0
1 701.0 588.0
1 860.0 589.0
1 743.0 592.0
1 921.0 592.0
1 753.0 594.0
1 776.0 594.0
1 808.0 595.0
1 700.0 596.0
1 793.0 598.0
1 712.0 599.0
1 742.0 600.0
1 887.0 600.0
1 830.0 601.0
1 862.0 601.0
1 792.0 603.0
1 816.0 606.0
1 948.0 606.0
1 739.0 609.0
1 750.0 609.0
1 827.0 613.0
1 931.0 618.0
1 815.0 619.0
1 717.0 620.0
1 991.0 620.0
1 864.0 623.0
1 911.0 624.0
1 991.0 625.0
1 929.0 626.0
1 711.0 629.0
1 874.0 629.0
1 892.0 629.0
1 793.0 631.0
1 938.0 631.0
1 749.0 632.0
1 625.0 633.0
1 741.0 634.0
1 826.0 635.0
1 794.0 636.0
1 928.0 638.0
1 937.0 639.0
1 908.0 640.0
1 713.0 642.0
1 797.0 642.0
1 775.0 645.0
1 894.0 645.0
1 907.0 645.0
1 742.0 646.0
1 686.0 647.0
1 874.0 647.0
1 626.0 648.0
1 841.0 648.0
1 744.0 651.0
1 906.0 651.0
1 648.0 653.0
1 936.0 653.0
1 808.0 654.0
1 863.0 654.0
1 753.0 655.0
1 927.0 655.0
1 717.0 656.0
1 905.0 656.0
1 744.0 659.0
1 626.0 660.0
1 900.0 660.0
1 924.0 662.0
1 934.0 662.0
1 889.0 663.0
1 873.0 665.0
1 647.0 666.0
1 760.0 666.0
1 755.0 667.0
1 860.0 668.0
1 750.0 670.0
1 931.0 670.0
1 849.0 671.0
1 723.0 673.0
1 628.0 677.0
1 928.0 678.0
1 976.0 678.0
1 916.0 679.0
1 871.0 680.0
1 647.0 682.0
1 887.0 682.0
1 924.0 683.0
1 772.0 684.0
1 824.0 684.0
1 879.0 684.0
1 914.0 684.0
1 846.0 685.0
1 831.0 686.0
1 771.0 689.0
1 921.0 689.0
1 731.0 690.0
1 907.0 691.0
1 626.0 692.0
1 765.0 694.0
1 982.0 694.0
1 967.0 695.0
1 626.0 698.0
1 1127.0 698.0
1 647.0 699.0
1 897.0 699.0
1 914.0 699.0
1 1089.0 702.0
1 626.0 703.0
1 782.0 703.0
1 789.0 703.0
1 931.0 704.0
1 888.0 706.0
1 907.0 706.0
1 796.0 707.0
1 1129.0 707.0
1 782.0 708.0
1 744.0 709.0
1 976.0 709.0
1 881.0 710.0
1 1145.0 710.0
1 802.0 711.0
1 904.0 711.0
1 649.0 713.0
1 791.0 713.0
1 809.0 714.0
1 872.0 714.0
1 819.0 716.0
1 867.0 716.0
1 1126.0 716.0
1 860.0 717.0
1 797.0 718.0
1 1087.0 718.0
1 650.0 719.0
1 841.0 719.0
1 893.0 719.0
1 783.0 721.0
1 804.0 721.0
1 811.0 723.0
1 627.0 724.0
1 878.0 726.0
1 841.0 729.0
1 865.0 730.0
1 809.0 735.0
1 884.0 737.0
1 1124.0 738.0
1 833.0 739.0
1 239.0 742.0
1 627.0 744.0
1 627.0 749.0
1 873.0 749.0
1 213.0 751.0
1 770.0 751.0
1 1125.0 753.0
1 627.0 754.0
1 770.0 757.0
1 774.0 762.0
1 429.0 767.0
1 628.0 770.0
1 524.0 771.0
1 1439.0 772.0
1 382.0 773.0
1 415.0 773.0
1 1124.0 773.0
1 1176.0 778.0
1 1306.0 779.0
1 628.0 782.0
1 746.0 783.0
1 62.0 784.0
1 1122.0 784.0
1 1124.0 790.0
1 392.0 795.0
1 628.0 795.0
1 377.0 796.0
1 1122.0 796.0
1 814.0 798.0
1 948.0 799.0
1 438.0 803.0
1 532.0 803.0
1 146.0 807.0
1 1121.0 812.0
1 10.0 813.0
1 248.0 813.0
1 1107.0 814.0
1 42.0 816.0
1 56.0 816.0
1 1134.0 820.0
1 1121.0 823.0
1 31.0 826.0
1 881.0 837.0
1 626.0 840.0
1 1120.0 846.0
1 652.0 857.0
1 905.0 857.0
1 791.0 864.0
1 1036.0 866.0
1 647.0 874.0
1 713.0 878.0
1 788.0 879.0
1 647.0 892.0
1 1115.0 914.0
1 642.0 919.0
