0 2 0 133.47544435883168
0 4 1 125.69225370494068
0 5 2 107.54161006120633
0 6 3 107.48265561576993
0 8 4 113.2535377689644
0 9 5 105.51634513746477
0 10 6 145.517183894941
0 7 8 118.77015817316759
0 14 11 161.89598338698596
0 11 12 111.62126992193132
0 15 14 121.80658246581353
0 17 16 105.90972040118038
0 12 18 124.27813201935179
0 13 19 124.87369884278397
0 18 20 367.42731046759053
0 20 21 125.35276070640158
0 21 23 128.47793021556478
0 19 24 117.12969546880703
0 16 25 105.08573456187543
0 22 27 142.7752419667515
0 24 28 108.43014979868263
0 23 29 163.97925425732635
0 29 30 127.70791413498395
0 26 36 174.70173943503872
0 25 37 117.75105332039027
0 27 38 141.1281526725006
0 43 39 113.0822105241873
0 28 41 113.82855660300935
0 39 42 201.04633341122474
0 30 43 110.13940395372852
0 44 44 108.07547290382374
0 31 45 106.89925551874558
0 32 46 109.58014109706617
0 34 47 119.34393195100452
0 33 48 107.28234184930712
0 37 49 109.37539869482676
0 35 50 121.97554064560632
0 36 51 106.66304537034176
0 38 54 123.57776179888367
0 55 56 147.75363989580495
0 52 57 109.90945770597406
0 40 59 105.13184298316176
0 42 61 105.58600485184637
0 41 62 114.54192660494714
0 58 63 131.681458826861
0 60 64 126.4883583504689
0 50 66 110.19360840636952
0 46 67 105.81139716042875
0 47 69 108.52625545381562
0 45 70 155.17457585591637
0 51 71 110.99154055161364
0 71 72 111.17534758001082
0 72 73 125.42230335240372
0 49 74 112.15565241968844
0 53 75 104.81439026761217
0 56 76 112.08945768695821
0 54 77 110.47772622026697
0 57 78 107.49059557493241
0 64 79 104.38076907546905
0 59 80 107.11882483280817
0 74 81 164.9599718872576
0 62 83 107.57689513750614
0 79 84 205.9779616117614
0 63 86 141.36239849055855
0 66 88 105.73432923281175
0 69 89 151.52785838627304
0 80 90 105.16723864237281
0 65 91 116.06377510606931
0 68 92 105.2818397534013
0 67 93 107.35096710925683
0 70 94 109.39532491466824
0 86 95 131.29492442128497
0 88 97 124.06214015639452
0 73 98 139.22871422273917
0 75 99 106.22557965388143
0 76 100 120.46461102322085
0 77 101 193.22014144034392
0 90 102 110.51523400313077
0 98 103 117.61183951886392
0 92 105 145.4222821651753
0 96 107 125.06157956771904
0 95 108 116.14195206238094
0 83 110 119.53962908207758
0 100 111 105.89941862428472
0 82 112 110.93868311388448
0 81 113 107.37134436062586
0 87 114 116.55915577159091
0 84 115 197.10503576499255
0 102 116 110.49231440582712
0 105 117 109.95741818298836
0 93 118 129.89065464372274
0 91 119 105.49999606981888
0 85 120 103.94160164282242
0 103 121 122.53897904732412
0 111 122 111.35503399978455
0 104 123 119.83468925665879
0 109 124 171.49179999266082
0 119 125 142.18151965739924
0 116 126 134.72842417554284
0 117 127 105.67223385530515
0 97 128 105.5748292006011
0 101 129 179.20866565340356
0 125 130 106.54882282753577
0 118 131 111.23913174788393
0 94 132 122.13372892397689
0 134 134 107.63410930216311
0 141 135 117.21221425393118
0 106 136 140.1135609256479
0 137 137 138.89822021819415
0 128 138 113.31408880489857
0 112 139 106.33281495406617
0 99 140 104.18266562359078
0 135 141 112.93875623563419
0 113 142 113.43951176403371
0 143 143 114.66002138716405
0 140 144 114.80499346365156
0 151 145 106.49477749403376
0 129 146 108.77228743159111
0 108 147 195.41741178520599
0 158 148 142.6958234047736
0 147 149 105.39259256095048
0 114 150 128.7834477058196
0 115 151 168.0006913404304
0 120 153 206.6887216392618
0 171 154 259.0124584361141
0 121 158 165.67226405312664
0 122 159 184.00664288660667
0 150 160 118.9134019355907
0 124 161 230.87277026487274
0 126 162 153.36155666420376
0 127 163 117.57881172571614
0 144 164 132.6203634653902
0 145 165 199.22018124207676
0 131 167 141.5515954280191
0 132 168 169.73901078750015
0 133 169 153.71473251122313
0 163 170 103.31588167026074
0 172 171 154.7561181241553
0 130 172 157.09367061204503
0 139 173 114.21735534095589
0 136 174 171.22428122345863
0 179 177 111.46075823963231
0 154 178 134.45901200786787
0 142 179 105.59798044023539
0 146 180 103.18511757275219
0 164 181 102.80023323226439
0 159 183 113.90229661875368
0 167 184 147.04530132460894
0 169 185 126.98075929838073
0 148 186 122.01509587374359
0 149 187 156.84330296506403
0 152 188 158.08264250999252
0 153 190 179.4807865387185
0 189 191 116.28747401725457
0 190 192 108.19787813130218
0 156 193 160.25907053992483
0 155 194 192.42415762038942
0 160 195 132.7657066408667
0 157 196 216.4284870247781
0 191 197 116.81410802711541
0 180 198 107.56822515162392
0 162 199 115.6764655651309
0 192 200 159.11705162374693
0 165 201 112.944245629736
0 186 202 124.14232682360968
0 202 203 118.3630871647513
0 218 204 217.57684992409483
0 184 205 106.72838176931967
0 170 206 113.61220118520303
0 175 207 120.71145814499017
0 178 208 108.53437843795052
0 173 209 180.0485159952111
0 176 210 122.05001520058553
0 177 211 123.57965514818245
0 212 212 157.5705094767434
0 182 213 156.74535910500177
0 185 214 155.9106203252159
0 187 215 105.25809388998968
0 211 216 114.27090895047706
0 200 217 111.80499466072548
0 181 218 128.0357619418693
0 210 219 108.90338102444197
0 215 220 123.91102686848659
0 222 221 118.74642701860134
0 194 224 112.41442054016923
0 214 226 194.97381478551182
0 205 228 113.62866789254282
0 206 229 174.9587662838765
0 207 230 168.10564798447157
0 208 231 117.0778656526981
0 209 232 103.06144513420115
0 197 233 104.6456924727427
0 220 234 127.42499703410499
0 216 235 128.22821868021944
0 213 236 126.88410103011745
0 193 237 107.11810671104143
0 204 238 115.87974052168488
0 227 239 106.9335136675167
0 223 240 105.55575234323267
0 232 241 159.04725691332845
0 201 242 142.08928092163663
0 226 243 103.67959887752845
0 231 244 116.26934138843501
0 228 246 137.33841946364132
0 235 247 113.58928654971076
0 229 248 124.40406828766311
0 224 249 102.82415591905452
0 225 250 105.92291307810093
0 236 252 104.69950374933849
0 233 254 116.65918593560443
0 239 255 131.73088081653407
0 243 256 103.83950556766186
0 241 258 124.96173249833922
0 244 259 105.18926174227339
0 234 260 103.71286920613727
0 238 261 104.2755080452146
0 245 262 111.96381753996698
0 247 264 103.3723079152581
0 242 265 103.52689761027305
0 251 268 103.34244474635138
0 252 269 103.81302041198704
0 253 272 140.37228925874228
0 250 273 120.3802580927541
0 257 274 140.515686012081
0 262 275 194.9669268206518
0 249 276 103.91761966616097
0 255 280 107.64760386910419
0 254 283 187.9417490019119
0 261 284 229.94900192357258
0 258 287 216.32098025395373
0 273 291 108.72598210337772
0 263 294 161.5636719944339
0 272 295 103.96653531535438
0 266 296 103.11296092396678
0 271 297 108.0134909218524
0 260 298 189.0319608289627
0 268 299 170.94357355400328
0 275 301 196.20469205837907
0 269 302 140.77663532314438
0 267 304 113.28329270190713
0 274 305 115.1809836083581
0 277 307 163.73993315413296
0 278 310 175.68021147114078
0 270 312 108.90961630903266
0 280 313 207.0596215301962
0 293 314 126.62879349379266
0 287 318 153.91122307253374
0 298 319 114.31264928094747
0 307 321 177.38748405045152
0 282 324 330.90052816779877
0 297 325 153.4532107272264
0 305 326 134.87587912987246
0 283 329 102.74250427848402
0 299 331 111.4336551873834
0 276 332 236.0603294727735
0 296 334 160.2459218382092
0 315 335 134.2630229734303
0 302 336 143.7852441575195
0 300 341 108.9823432948335
0 317 342 192.96674762340075
0 291 345 103.63521614832945
0 279 347 170.74202979199907
0 312 352 112.50203600112683
0 318 354 127.81495539904387
0 313 357 138.3195100797077
0 316 359 128.61296038891408
0 310 362 107.41646151925397
0 314 363 172.22885724744935
0 319 364 125.85393839665183
0 324 365 117.2619092134579
0 334 366 183.89990589733767
0 288 367 230.19539670016806
0 309 371 107.80314577827961
0 284 372 308.6332874108416
0 285 373 211.98040940613842
0 292 375 291.60681332972035
0 326 379 224.0146875474633
0 337 380 139.24399047539214
0 345 384 124.33651607594057
0 354 385 121.64718478163064
0 294 386 130.86845865040527
0 338 387 105.43602201678408
0 308 388 181.7212661076926
0 289 389 298.2881587952848
0 295 390 266.4661009754865
0 349 392 108.86418295747544
0 301 393 304.95412750651906
0 303 395 407.2716609257646
0 351 398 115.94661866223777
0 311 403 254.98953161152386
0 356 404 147.46561406679209
0 361 405 109.68039790649573
0 321 406 204.01477224500914
0 344 408 188.36188458708332
0 360 409 112.28316650916751
0 320 410 255.4174030990256
0 304 413 234.1228102553039
0 357 414 114.44993519339654
0 335 415 213.77099696122139
0 365 416 105.10192255672341
0 367 421 179.59885217503754
0 362 422 102.91558926283464
0 328 423 362.70466055544097
0 325 426 113.83594021087977
0 329 427 164.04855313131478
0 359 428 105.3146259837849
0 363 429 110.92625036546282
0 364 430 103.42318506267141
0 353 431 146.25719943691223
0 323 433 176.09981457118246
0 350 434 368.63680952761285
0 373 436 113.88735852340564
0 377 437 104.5777564598233
0 340 438 152.84984256495807
0 336 441 332.1930896727632
0 376 442 104.55108236427853
0 339 443 139.8759216418122
0 372 445 223.42731111682718
0 366 446 157.1217707546365
0 384 447 104.27570247679108
0 368 449 151.20357469236052
0 369 452 261.9171960780212
0 347 453 297.7583664373831
0 348 454 186.3654702343396
0 343 455 106.22796060960653
0 371 456 156.3109706956806
0 358 458 179.45049301989675
0 378 461 173.66733232938753
0 375 462 208.33760663939822
0 382 463 192.15761463279094
0 387 464 305.34555318621716
0 380 467 176.57522979375264
0 381 468 164.82228609900037
0 391 470 121.70242504392859
0 355 471 105.72999137508474
0 405 475 190.12069568071104
0 398 478 128.51499340159802
0 397 480 152.5873948809439
0 396 484 102.64863348509866
0 402 486 102.82553605019208
0 408 487 122.69339281513174
0 374 488 105.06203101322092
0 401 489 136.15064233109752
0 404 492 102.77749904403515
0 407 494 118.31152022880929
0 379 495 105.92810947434776
0 420 496 361.658797629858
0 415 497 111.38212099977727
0 414 498 126.89910149906474
0 383 501 190.3677237081299
0 385 502 148.83248244629655
0 386 503 222.4168567455425
0 389 506 113.26639065498483
0 390 507 119.33892337148426
0 427 509 114.33888007541348
0 392 510 110.67676283641292
0 403 511 154.76703926080296
0 393 512 140.22184804951473
0 394 513 146.50946160190756
0 395 514 108.47203743643344
0 399 516 110.8244727301456
0 400 518 107.97795365329503
0 406 520 107.49450056450385
0 421 521 264.2238129728332
0 412 522 108.12980384976332
0 411 524 240.1022220940574
0 409 526 107.25559375119069
0 413 527 156.94713914035572
0 410 529 112.54571754534759
0 417 531 136.975628171761
0 416 532 107.54453294017725
0 435 533 110.1689772173068
0 418 535 114.94879681806205
0 419 537 137.17918517250857
0 443 538 377.15029606602707
0 446 541 104.8514858477315
0 445 542 103.44764735935969
0 426 543 167.6843101898915
0 423 544 155.33367608702315
0 431 545 193.43465164743625
0 428 547 128.1783438458799
0 430 548 136.4400637584984
0 429 550 189.4626814027895
0 439 552 176.27977447574858
0 458 553 107.19096645496877
0 450 554 175.79745443282187
0 436 555 107.89354914594966
0 434 559 253.16594446567086
0 440 560 126.33079537980262
0 460 561 104.86958790476737
0 437 562 119.3250373734975
0 441 563 190.87710867169582
0 438 565 126.51134507947559
0 444 566 214.05945639524538
0 442 567 119.38394776576568
0 478 568 172.30344776023293
0 453 569 210.26338292220106
0 454 571 221.1052139936699
0 466 572 105.87125105936148
0 461 573 183.50634246499976
0 447 575 264.384368351375
0 448 576 263.00499204544377
0 449 577 106.00207793494411
0 451 579 108.50990084313507
0 452 580 113.37932468096975
0 476 581 277.0764051017273
0 470 582 104.84108097717852
0 462 583 206.12535938937944
0 457 586 206.26181007929486
0 481 588 189.95894711312994
0 463 589 307.2553505961477
0 482 592 103.9201493229761
0 464 593 105.86458392226862
0 469 597 275.54172107315196
0 456 599 399.6030935078731
0 475 601 154.96236643708173
0 467 603 111.99286864868195
0 496 604 223.38875594223816
0 468 605 103.07304483819392
0 465 606 218.67498377750206
0 473 609 368.53417238926653
0 484 610 159.60794241211806
0 497 612 103.55909196320314
0 472 613 102.58594955626965
0 507 614 138.30103850155058
0 474 615 199.52325295421906
0 477 616 170.33299738254846
0 479 619 104.03636295988541
0 510 620 102.72365097577027
0 513 621 173.06948820183047
0 498 622 106.0158295639758
0 511 625 238.54154418293572
0 483 626 130.47322980739483
0 488 627 238.90398068970978
0 485 629 122.41650290681638
0 489 631 106.38225721258867
0 486 632 167.75677670357626
0 490 633 131.2474819848976
0 492 634 218.77072179456184
0 525 636 132.83606291551808
0 491 638 125.21649516698317
0 493 639 123.86412405300757
0 495 641 128.12420243195345
0 503 642 231.9024206101746
0 499 645 106.08419854568447
0 500 646 182.64410213132481
0 502 647 110.63470942754907
0 501 648 107.39228616203205
0 518 649 213.73307456044165
0 504 650 128.39433612021296
0 537 651 118.5163668380824
0 506 652 188.91995412469547
0 508 653 254.9195210273229
0 520 654 104.20845298123831
0 512 655 164.12836263399885
0 522 656 106.01528023420248
0 516 657 219.52352480867177
0 534 658 103.38999835891983
0 519 659 180.47208920027703
0 524 660 156.12845864938384
0 528 661 203.56485681270703
0 527 662 123.55507342915229
0 529 664 124.87518596688041
0 531 667 221.57106615224947
0 533 670 210.69916510102175
0 558 671 109.0057313523138
0 521 673 166.82552523958051
0 535 674 276.50727859739754
0 536 675 231.5832758362589
0 538 676 147.9595088093289
0 540 677 167.6409809324204
0 542 678 125.0801339041751
0 541 679 104.21625317794295
0 539 680 185.99545532602332
0 543 681 168.501298820255
0 544 684 190.7233502307249
0 545 685 150.59937366116662
0 546 686 179.0740421124381
0 548 687 125.44449150847359
0 576 688 135.27316167293102
0 550 689 118.99429307114877
0 549 690 137.52204160510755
0 552 692 108.93106350332387
0 553 693 159.6753883120872
0 551 694 137.40686437428306
0 555 695 130.45506982137286
0 556 696 128.42941429760685
0 554 697 128.28876521607742
0 557 698 168.10532794946306
0 547 701 102.46046067711343
0 561 703 134.0719863879169
0 559 704 109.2185819317932
0 560 705 118.60987369769951
0 572 706 385.31765043087864
0 565 707 115.89780786923343
0 574 708 163.33878600256128
0 566 709 123.05993309064449
0 562 710 147.93185082432788
0 564 711 118.1157454632472
0 567 712 146.41029733640013
0 568 715 102.60273182601341
0 563 717 105.47921538607399
0 579 720 102.87378829610958
0 582 726 104.48569622499915
0 575 727 104.93125518293498
0 583 728 105.68297079151034
0 595 729 102.83146662433408
0 584 731 108.66161213491768
0 585 732 112.81000751810488
0 586 734 105.81467388503883
0 587 737 109.88614090107703
0 589 741 104.43568635435878
0 591 742 104.56070640919523
0 590 743 113.32835632564976
0 592 745 103.20494693321255
0 593 746 184.80427653862975
0 596 748 109.81280682161963
0 599 749 103.81767136316411
0 614 751 103.10631982533178
0 607 755 102.48631018725365
0 603 763 105.77447296436884
0 604 765 106.65425084856011
0 605 771 110.78684988842546
0 611 772 108.97423098225394
0 606 773 103.00150641677554
0 602 774 369.9356463145881
0 612 778 109.52033231815466
0 613 780 116.35113609245944
0 615 802 113.90587708602686
0 619 806 107.07449715777895
0 620 808 129.02549437730792
0 617 812 120.20158815655968
0 623 844 139.66504462947077
0 626 863 277.68928480247143
0 624 864 145.16538101593173
0 627 866 107.75956508781486
0 629 868 126.35598021289469

0 817.0 284.0
0 830.0 285.0
0 883.0 287.0
0 898.0 288.0
0 825.0 295.0
0 843.0 297.0
0 877.0 297.0
0 865.0 299.0
0 804.0 302.0
0 897.0 302.0
0 815.0 303.0
0 876.0 305.0
0 887.0 306.0
0 826.0 307.0
0 901.0 310.0
0 842.0 311.0
0 913.0 311.0
0 798.0 312.0
0 803.0 312.0
0 790.0 315.0
0 762.0 317.0
0 767.0 319.0
0 690.0 320.0
0 703.0 321.0
0 711.0 321.0
0 884.0 321.0
0 802.0 325.0
0 670.0 327.0
0 779.0 328.0
0 653.0 329.0
0 697.0 329.0
0 735.0 330.0
0 616.0 331.0
0 621.0 331.0
0 610.0 332.0
0 626.0 332.0
0 687.0 332.0
0 639.0 333.0
0 604.0 334.0
0 1067.0 337.0
0 666.0 338.0
0 651.0 339.0
0 1086.0 339.0
0 759.0 340.0
0 1000.0 340.0
0 591.0 341.0
0 723.0 341.0
0 678.0 342.0
0 714.0 342.0
0 901.0 342.0
0 735.0 343.0
0 641.0 344.0
0 699.0 344.0
0 743.0 344.0
0 751.0 344.0
0 932.0 344.0
0 1017.0 344.0
0 1073.0 346.0
0 655.0 347.0
0 607.0 348.0
0 666.0 348.0
0 687.0 348.0
0 624.0 349.0
0 1007.0 353.0
0 1083.0 353.0
0 702.0 354.0
0 675.0 355.0
0 761.0 355.0
0 642.0 356.0
0 655.0 356.0
0 589.0 357.0
0 714.0 357.0
0 995.0 357.0
0 1092.0 357.0
0 626.0 358.0
0 725.0 358.0
0 734.0 358.0
0 743.0 358.0
0 907.0 358.0
0 1030.0 358.0
0 573.0 360.0
0 985.0 361.0
0 1004.0 362.0
0 700.0 363.0
0 942.0 363.0
0 952.0 363.0
0 591.0 364.0
0 974.0 364.0
0 688.0 365.0
0 754.0 365.0
0 1089.0 365.0
0 717.0 367.0
0 733.0 367.0
0 607.0 368.0
0 626.0 370.0
0 979.0 370.0
0 987.0 370.0
0 968.0 371.0
0 554.0 373.0
0 656.0 373.0
0 713.0 373.0
0 751.0 374.0
0 1028.0 374.0
0 1102.0 374.0
0 673.0 375.0
0 989.0 375.0
0 1015.0 376.0
0 1093.0 376.0
0 994.0 377.0
0 551.0 378.0
0 707.0 379.0
0 939.0 379.0
0 593.0 380.0
0 576.0 381.0
0 673.0 381.0
0 746.0 381.0
0 957.0 381.0
0 967.0 381.0
0 552.0 383.0
0 628.0 383.0
0 899.0 384.0
0 1009.0 384.0
0 981.0 385.0
0 1026.0 387.0
0 1081.0 387.0
0 1074.0 388.0
0 993.0 389.0
0 1044.0 389.0
0 576.0 390.0
0 920.0 390.0
0 949.0 390.0
0 1061.0 390.0
0 708.0 391.0
0 914.0 392.0
0 966.0 392.0
0 1108.0 392.0
0 1016.0 393.0
0 991.0 394.0
0 1006.0 394.0
0 673.0 395.0
0 896.0 395.0
0 1086.0 395.0
0 704.0 396.0
0 1076.0 397.0
0 1028.0 398.0
0 1061.0 399.0
0 732.0 400.0
0 758.0 400.0
0 921.0 400.0
0 1044.0 400.0
0 773.0 401.0
0 782.0 401.0
0 1021.0 401.0
0 787.0 402.0
0 1106.0 402.0
0 554.0 403.0
0 751.0 403.0
0 793.0 403.0
0 799.0 403.0
0 804.0 403.0
0 933.0 403.0
0 811.0 404.0
0 820.0 404.0
0 829.0 404.0
0 624.0 405.0
0 638.0 405.0
0 633.0 406.0
0 850.0 406.0
0 858.0 407.0
0 865.0 407.0
0 967.0 407.0
0 1110.0 407.0
0 793.0 408.0
0 872.0 408.0
0 752.0 409.0
0 838.0 409.0
0 843.0 409.0
0 1021.0 410.0
0 646.0 411.0
0 881.0 411.0
0 893.0 411.0
0 592.0 412.0
0 732.0 412.0
0 616.0 413.0
0 668.0 413.0
0 679.0 413.0
0 780.0 413.0
0 816.0 413.0
0 821.0 413.0
0 754.0 414.0
0 837.0 414.0
0 936.0 414.0
0 1070.0 414.0
0 768.0 415.0
0 762.0 416.0
0 773.0 416.0
0 847.0 416.0
0 958.0 416.0
0 577.0 417.0
0 794.0 417.0
0 660.0 418.0
0 805.0 418.0
0 872.0 419.0
0 1064.0 419.0
0 557.0 420.0
0 722.0 420.0
0 817.0 420.0
0 828.0 420.0
0 886.0 420.0
0 731.0 421.0
0 836.0 421.0
0 853.0 421.0
0 1113.0 421.0
0 859.0 422.0
0 864.0 422.0
0 894.0 422.0
0 1048.0 422.0
0 696.0 423.0
0 741.0 423.0
0 1024.0 423.0
0 1057.0 424.0
0 1069.0 424.0
0 655.0 425.0
0 880.0 425.0
0 914.0 425.0
0 940.0 425.0
0 945.0 425.0
0 1014.0 425.0
0 614.0 426.0
0 623.0 426.0
0 631.0 426.0
0 645.0 426.0
0 672.0 427.0
0 711.0 427.0
0 961.0 427.0
0 574.0 428.0
0 636.0 428.0
0 748.0 428.0
0 928.0 428.0
0 995.0 428.0
0 689.0 430.0
0 954.0 430.0
0 735.0 431.0
0 590.0 432.0
0 699.0 433.0
0 1002.0 433.0
0 1012.0 433.0
0 553.0 434.0
0 576.0 435.0
0 899.0 435.0
0 914.0 435.0
0 953.0 435.0
0 655.0 437.0
0 1048.0 437.0
0 931.0 438.0
0 941.0 439.0
0 691.0 440.0
0 1010.0 440.0
0 1027.0 440.0
0 708.0 441.0
0 723.0 441.0
0 750.0 442.0
0 990.0 442.0
0 817.0 444.0
0 919.0 444.0
0 587.0 445.0
0 1027.0 445.0
0 1041.0 445.0
0 628.0 448.0
0 683.0 448.0
0 1058.0 448.0
0 1110.0 448.0
0 666.0 449.0
0 938.0 449.0
0 671.0 450.0
0 978.0 450.0
0 897.0 451.0
0 806.0 452.0
0 827.0 452.0
0 858.0 452.0
0 554.0 453.0
0 780.0 453.0
0 792.0 453.0
0 1007.0 453.0
0 1014.0 453.0
0 1034.0 453.0
0 881.0 454.0
0 999.0 454.0
0 1043.0 454.0
0 843.0 455.0
0 994.0 455.0
0 707.0 456.0
0 772.0 456.0
0 973.0 456.0
0 1023.0 456.0
0 575.0 457.0
0 927.0 457.0
0 561.0 458.0
0 984.0 458.0
0 1028.0 458.0
0 814.0 460.0
0 979.0 460.0
0 745.0 461.0
0 830.0 461.0
0 863.0 461.0
0 955.0 461.0
0 792.0 462.0
0 1033.0 463.0
0 782.0 464.0
0 822.0 464.0
0 968.0 464.0
0 760.0 465.0
0 846.0 465.0
0 976.0 465.0
0 1107.0 465.0
0 754.0 467.0
0 749.0 468.0
0 822.0 469.0
0 1039.0 469.0
0 1056.0 469.0
0 973.0 470.0
0 708.0 471.0
0 799.0 471.0
0 830.0 471.0
0 965.0 471.0
0 1050.0 471.0
0 1082.0 471.0
0 810.0 472.0
0 865.0 472.0
0 914.0 472.0
0 1045.0 472.0
0 643.0 474.0
0 739.0 474.0
0 819.0 474.0
0 959.0 475.0
0 1095.0 475.0
0 674.0 476.0
0 679.0 476.0
0 792.0 476.0
0 801.0 476.0
0 830.0 476.0
0 946.0 476.0
0 1079.0 476.0
0 810.0 477.0
0 1050.0 477.0
0 898.0 478.0
0 684.0 479.0
0 731.0 479.0
0 840.0 479.0
0 822.0 480.0
0 964.0 480.0
0 1044.0 480.0
0 644.0 481.0
0 796.0 481.0
0 666.0 482.0
0 806.0 482.0
0 834.0 482.0
0 959.0 482.0
0 1074.0 482.0
0 674.0 483.0
0 817.0 483.0
0 850.0 483.0
0 910.0 483.0
0 969.0 483.0
0 685.0 484.0
0 695.0 485.0
0 703.0 485.0
0 723.0 485.0
0 714.0 486.0
0 827.0 486.0
0 845.0 486.0
0 891.0 486.0
0 767.0 487.0
0 777.0 487.0
0 787.0 487.0
0 757.0 488.0
0 799.0 488.0
0 806.0 488.0
0 838.0 488.0
0 970.0 488.0
0 1045.0 488.0
0 813.0 489.0
0 853.0 490.0
0 882.0 490.0
0 1072.0 490.0
0 1105.0 490.0
0 564.0 491.0
0 654.0 491.0
0 708.0 491.0
0 748.0 491.0
0 819.0 491.0
0 846.0 491.0
0 1086.0 491.0
0 828.0 493.0
0 833.0 493.0
0 739.0 494.0
0 970.0 494.0
0 892.0 495.0
0 1093.0 495.0
0 707.0 496.0
0 767.0 496.0
0 772.0 496.0
0 839.0 496.0
0 730.0 497.0
0 1044.0 497.0
0 1114.0 497.0
0 754.0 498.0
0 759.0 498.0
0 973.0 499.0
0 1104.0 499.0
0 722.0 500.0
0 810.0 500.0
0 849.0 500.0
0 798.0 501.0
0 653.0 503.0
0 748.0 503.0
0 1095.0 503.0
0 702.0 504.0
0 734.0 504.0
0 763.0 504.0
0 976.0 504.0
0 1041.0 504.0
0 586.0 505.0
0 714.0 505.0
0 773.0 505.0
0 792.0 505.0
0 825.0 505.0
0 859.0 505.0
0 962.0 505.0
0 661.0 506.0
0 675.0 506.0
0 930.0 506.0
0 757.0 507.0
0 808.0 507.0
0 697.0 508.0
0 1010.0 508.0
0 1072.0 508.0
0 1116.0 508.0
0 867.0 509.0
0 706.0 510.0
0 822.0 510.0
0 910.0 510.0
0 1052.0 510.0
0 838.0 511.0
0 733.0 512.0
0 1034.0 512.0
0 985.0 513.0
0 1091.0 513.0
0 851.0 514.0
0 688.0 515.0
0 712.0 515.0
0 877.0 515.0
0 695.0 516.0
0 700.0 516.0
0 856.0 516.0
0 793.0 517.0
0 991.0 517.0
0 1026.0 517.0
0 925.0 518.0
0 1103.0 518.0
0 841.0 519.0
0 999.0 519.0
0 1020.0 519.0
0 567.0 520.0
0 687.0 520.0
0 864.0 520.0
0 1004.0 520.0
0 1010.0 520.0
0 1015.0 520.0
0 704.0 521.0
0 1066.0 521.0
0 768.0 523.0
0 853.0 523.0
0 832.0 524.0
0 1318.0 524.0
0 568.0 525.0
0 911.0 525.0
0 873.0 526.0
0 1110.0 526.0
0 860.0 527.0
0 1105.0 527.0
0 895.0 529.0
0 719.0 530.0
0 731.0 530.0
0 971.0 531.0
0 1009.0 532.0
0 647.0 534.0
0 674.0 535.0
0 881.0 536.0
0 1004.0 536.0
0 1068.0 536.0
0 761.0 537.0
0 1041.0 537.0
0 745.0 538.0
0 1023.0 539.0
0 809.0 540.0
0 947.0 540.0
0 1099.0 540.0
0 1072.0 541.0
0 894.0 542.0
0 729.0 543.0
0 724.0 545.0
0 767.0 547.0
0 775.0 549.0
0 788.0 549.0
0 903.0 550.0
0 747.0 551.0
0 756.0 551.0
0 890.0 551.0
0 571.0 552.0
0 799.0 552.0
0 716.0 553.0
0 768.0 553.0
0 780.0 554.0
0 818.0 555.0
0 1369.0 556.0
0 752.0 557.0
0 729.0 558.0
0 738.0 558.0
0 724.0 561.0
0 829.0 561.0
0 778.0 563.0
0 795.0 563.0
0 768.0 564.0
0 773.0 564.0
0 813.0 565.0
0 853.0 565.0
0 762.0 566.0
0 807.0 566.0
0 843.0 566.0
0 727.0 568.0
0 753.0 569.0
0 716.0 570.0
0 574.0 572.0
0 933.0 572.0
0 847.0 575.0
0 823.0 576.0
0 857.0 576.0
0 652.0 578.0
0 680.0 581.0
0 805.0 581.0
0 574.0 583.0
0 597.0 583.0
0 865.0 583.0
0 952.0 584.0
0 845.0 586.0
0 688.0 587.0
0 698.0 588.0
0 862.0 588.0
0 703.0 589.0
0 708.0 589.0
0 952.0 589.0
0 742.0 591.0
0 597.0 594.0
0 951.0 594.0
0 727.0 595.0
0 810.0 595.0
0 822.0 596.0
0 743.0 597.0
0 769.0 598.0
0 871.0 598.0
0 578.0 599.0
0 693.0 599.0
0 815.0 599.0
0 951.0 599.0
0 703.0 600.0
0 858.0 600.0
0 880.0 601.0
0 1092.0 601.0
0 658.0 602.0
0 743.0 603.0
0 770.0 603.0
0 599.0 608.0
0 743.0 608.0
0 771.0 608.0
0 784.0 609.0
0 863.0 610.0
0 882.0 610.0
0 854.0 612.0
0 689.0 614.0
0 699.0 614.0
0 844.0 615.0
0 578.0 616.0
0 658.0 616.0
0 951.0 618.0
0 783.0 619.0
0 819.0 619.0
0 866.0 619.0
0 848.0 623.0
0 160.0 624.0
0 790.0 624.0
0 819.0 624.0
0 600.0 626.0
0 768.0 626.0
0 667.0 627.0
0 797.0 627.0
0 802.0 628.0
0 819.0 629.0
0 1117.0 629.0
0 839.0 631.0
0 579.0 632.0
0 661.0 633.0
0 830.0 635.0
0 890.0 635.0
0 948.0 635.0
0 694.0 636.0
0 863.0 637.0
0 796.0 638.0
0 820.0 638.0
0 825.0 638.0
0 803.0 639.0
0 808.0 639.0
0 604.0 640.0
0 729.0 641.0
0 1083.0 642.0
0 830.0 643.0
0 896.0 643.0
0 940.0 644.0
0 854.0 646.0
0 764.0 647.0
0 1047.0 647.0
0 1083.0 647.0
0 581.0 648.0
0 896.0 648.0
0 877.0 649.0
0 945.0 650.0
0 696.0 651.0
0 847.0 651.0
0 936.0 651.0
0 887.0 652.0
0 797.0 653.0
0 704.0 654.0
0 896.0 655.0
0 829.0 656.0
0 839.0 656.0
0 935.0 656.0
0 1081.0 656.0
0 1102.0 656.0
0 697.0 659.0
0 863.0 659.0
0 671.0 660.0
0 819.0 662.0
0 845.0 663.0
0 885.0 664.0
0 672.0 665.0
0 708.0 666.0
0 894.0 666.0
0 828.0 668.0
0 703.0 669.0
0 675.0 670.0
0 816.0 670.0
0 1080.0 670.0
0 883.0 673.0
0 892.0 674.0
0 346.0 681.0
0 725.0 681.0
0 841.0 681.0
0 888.0 682.0
0 586.0 684.0
0 724.0 686.0
0 874.0 687.0
0 686.0 688.0
0 805.0 688.0
0 561.0 689.0
0 719.0 690.0
0 867.0 692.0
0 872.0 692.0
0 882.0 692.0
0 899.0 692.0
0 690.0 693.0
0 724.0 694.0
0 1076.0 694.0
0 1445.0 694.0
0 714.0 695.0
0 866.0 697.0
0 878.0 697.0
0 743.0 698.0
0 736.0 700.0
0 857.0 701.0
0 342.0 703.0
0 699.0 703.0
0 751.0 703.0
0 605.0 705.0
0 738.0 705.0
0 871.0 706.0
0 758.0 707.0
0 747.0 709.0
0 765.0 710.0
0 1466.0 710.0
0 840.0 711.0
0 865.0 711.0
0 302.0 712.0
0 774.0 712.0
0 752.0 713.0
0 711.0 714.0
0 829.0 714.0
0 760.0 715.0
0 818.0 715.0
0 798.0 717.0
0 806.0 717.0
0 1016.0 717.0
0 330.0 718.0
0 274.0 719.0
0 717.0 720.0
0 767.0 720.0
0 842.0 721.0
0 411.0 722.0
0 833.0 723.0
0 1074.0 723.0
0 723.0 724.0
0 797.0 724.0
0 820.0 725.0
0 807.0 726.0
0 446.0 734.0
0 425.0 736.0
0 350.0 737.0
0 623.0 738.0
0 188.0 742.0
0 271.0 745.0
0 837.0 745.0
0 779.0 746.0
0 1381.0 746.0
0 832.0 747.0
0 819.0 748.0
0 824.0 748.0
0 925.0 755.0
0 470.0 761.0
0 162.0 762.0
0 447.0 764.0
0 1253.0 764.0
0 1239.0 767.0
0 420.0 771.0
0 490.0 771.0
0 925.0 771.0
0 385.0 776.0
0 198.0 777.0
0 703.0 777.0
0 481.0 778.0
0 423.0 782.0
0 1168.0 783.0
0 1481.0 785.0
0 339.0 787.0
0 372.0 788.0
0 291.0 790.0
0 496.0 792.0
0 313.0 793.0
0 414.0 793.0
0 1274.0 800.0
0 392.0 802.0
0 482.0 803.0
0 381.0 805.0
0 1301.0 807.0
0 1128.0 808.0
0 342.0 809.0
0 337.0 810.0
0 903.0 810.0
0 474.0 811.0
0 1137.0 812.0
0 1003.0 813.0
0 469.0 814.0
0 1236.0 814.0
0 108.0 819.0
0 148.0 820.0
0 366.0 821.0
0 1214.0 823.0
0 355.0 824.0
0 1408.0 826.0
0 385.0 829.0
0 1284.0 829.0
0 1056.0 831.0
0 1103.0 831.0
0 335.0 832.0
0 327.0 837.0
0 215.0 839.0
0 260.0 839.0
0 285.0 839.0
0 1151.0 845.0
0 1428.0 845.0
0 114.0 851.0
0 1271.0 851.0
0 166.0 853.0
0 848.0 853.0
0 1261.0 853.0
0 1365.0 853.0
0 150.0 855.0
0 943.0 855.0
0 865.0 856.0
0 1285.0 858.0
0 191.0 859.0
0 1444.0 860.0
0 1060.0 861.0
0 245.0 863.0
0 1336.0 863.0
0 1357.0 864.0
0 105.0 866.0
0 1021.0 868.0
0 1190.0 868.0
0 804.0 869.0
0 1068.0 869.0
0 994.0 870.0
0 202.0 871.0
0 54.0 872.0
0 136.0 872.0
0 1454.0 874.0
0 34.0 875.0
0 1070.0 876.0
0 184.0 878.0
0 1377.0 880.0
0 271.0 881.0
0 988.0 881.0
0 1185.0 881.0
0 1369.0 882.0
0 53.0 883.0
0 124.0 884.0
0 1140.0 886.0
0 114.0 887.0
0 952.0 887.0
0 982.0 890.0
0 39.0 891.0
0 498.0 891.0
0 904.0 895.0
0 1159.0 895.0
0 1190.0 897.0
0 413.0 898.0
0 682.0 899.0
0 713.0 900.0
0 1139.0 902.0
0 82.0 913.0
0 725.0 913.0
0 1183.0 915.0
0 551.0 916.0
0 816.0 916.0
0 989.0 920.0
0 1033.0 922.0
0 1086.0 922.0
0 1337.0 922.0
0 972.0 926.0
0 1051.0 929.0
0 991.0 933.0
0 598.0 936.0
0 582.0 939.0
0 829.0 940.0
0 955.0 940.0
0 897.0 943.0
0 710.0 944.0
0 1071.0 945.0
0 698.0 947.0
0 1188.0 948.0
0 859.0 950.0
0 1030.0 951.0
0 1089.0 951.0
0 615.0 954.0
0 1075.0 956.0
0 990.0 957.0
0 516.0 959.0
0 570.0 959.0
0 1032.0 964.0
0 1194.0 967.0
0 451.0 968.0
0 176.0 971.0
0 691.0 971.0
0 232.0 975.0
0 151.0 977.0
0 912.0 978.0
0 211.0 979.0
0 804.0 980.0
0 1029.0 984.0
0 903.0 991.0
0 999.0 991.0
1 910.0 22.0
1 912.0 29.0
1 845.0 359.0
1 850.0 359.0
1 856.0 361.0
1 904.0 363.0
1 917.0 364.0
1 834.0 370.0
1 850.0 370.0
1 867.0 371.0
1 896.0 373.0
1 907.0 375.0
1 833.0 377.0
1 822.0 378.0
1 893.0 382.0
1 918.0 383.0
1 906.0 385.0
1 930.0 386.0
1 781.0 387.0
1 749.0 388.0
1 798.0 388.0
1 743.0 389.0
1 718.0 394.0
1 690.0 395.0
1 808.0 395.0
1 685.0 396.0
1 729.0 396.0
1 650.0 399.0
1 695.0 399.0
1 741.0 399.0
1 792.0 402.0
1 639.0 403.0
1 761.0 403.0
1 752.0 404.0
1 714.0 405.0
1 772.0 405.0
1 686.0 406.0
1 920.0 406.0
1 784.0 407.0
1 1084.0 409.0
1 653.0 410.0
1 670.0 410.0
1 726.0 410.0
1 1068.0 410.0
1 1008.0 411.0
1 636.0 412.0
1 794.0 414.0
1 698.0 415.0
1 1080.0 415.0
1 673.0 416.0
1 712.0 416.0
1 751.0 417.0
1 1074.0 417.0
1 761.0 418.0
1 778.0 418.0
1 1019.0 418.0
1 770.0 419.0
1 926.0 419.0
1 1014.0 420.0
1 621.0 421.0
1 1082.0 421.0
1 1087.0 421.0
1 739.0 422.0
1 637.0 423.0
1 1034.0 423.0
1 753.0 425.0
1 728.0 426.0
1 652.0 427.0
1 767.0 427.0
1 785.0 427.0
1 672.0 428.0
1 1004.0 428.0
1 1091.0 428.0
1 603.0 430.0
1 995.0 430.0
1 699.0 431.0
1 750.0 431.0
1 780.0 431.0
1 934.0 433.0
1 955.0 433.0
1 1087.0 435.0
1 625.0 436.0
1 638.0 436.0
1 746.0 436.0
1 784.0 436.0
1 919.0 436.0
1 989.0 436.0
1 713.0 437.0
1 980.0 437.0
1 777.0 438.0
1 1032.0 438.0
1 672.0 439.0
1 999.0 439.0
1 602.0 440.0
1 745.0 442.0
1 1005.0 442.0
1 1091.0 444.0
1 624.0 445.0
1 1100.0 445.0
1 916.0 446.0
1 953.0 446.0
1 937.0 447.0
1 969.0 447.0
1 1018.0 447.0
1 1032.0 447.0
1 978.0 448.0
1 1023.0 448.0
1 1086.0 448.0
1 797.0 449.0
1 1081.0 449.0
1 790.0 450.0
1 991.0 450.0
1 713.0 451.0
1 743.0 451.0
1 805.0 451.0
1 814.0 451.0
1 1002.0 451.0
1 1049.0 451.0
1 1064.0 451.0
1 1076.0 451.0
1 819.0 452.0
1 829.0 452.0
1 834.0 452.0
1 839.0 453.0
1 844.0 453.0
1 963.0 453.0
1 849.0 454.0
1 856.0 454.0
1 1013.0 455.0
1 766.0 456.0
1 824.0 456.0
1 876.0 456.0
1 881.0 456.0
1 886.0 456.0
1 978.0 456.0
1 1088.0 456.0
1 785.0 457.0
1 1000.0 457.0
1 790.0 458.0
1 895.0 458.0
1 1034.0 458.0
1 1106.0 458.0
1 903.0 459.0
1 1077.0 459.0
1 667.0 460.0
1 678.0 460.0
1 913.0 460.0
1 1048.0 460.0
1 812.0 461.0
1 844.0 461.0
1 948.0 461.0
1 1063.0 461.0
1 849.0 462.0
1 863.0 462.0
1 686.0 463.0
1 793.0 463.0
1 800.0 463.0
1 874.0 463.0
1 936.0 463.0
1 659.0 464.0
1 806.0 464.0
1 868.0 464.0
1 824.0 465.0
1 979.0 465.0
1 637.0 466.0
1 834.0 466.0
1 648.0 467.0
1 708.0 467.0
1 713.0 467.0
1 719.0 468.0
1 844.0 468.0
1 1097.0 468.0
1 1108.0 468.0
1 767.0 469.0
1 772.0 469.0
1 855.0 469.0
1 861.0 469.0
1 877.0 469.0
1 907.0 469.0
1 1027.0 469.0
1 624.0 470.0
1 777.0 470.0
1 882.0 470.0
1 612.0 471.0
1 759.0 471.0
1 887.0 471.0
1 893.0 471.0
1 914.0 471.0
1 602.0 472.0
1 950.0 472.0
1 1072.0 472.0
1 970.0 473.0
1 697.0 474.0
1 782.0 474.0
1 932.0 474.0
1 991.0 474.0
1 636.0 475.0
1 748.0 476.0
1 1006.0 476.0
1 643.0 477.0
1 732.0 477.0
1 771.0 477.0
1 1067.0 477.0
1 627.0 478.0
1 944.0 478.0
1 657.0 479.0
1 663.0 479.0
1 668.0 479.0
1 686.0 479.0
1 710.0 479.0
1 1031.0 479.0
1 1052.0 479.0
1 1111.0 479.0
1 676.0 480.0
1 955.0 480.0
1 1057.0 480.0
1 621.0 481.0
1 737.0 481.0
1 600.0 482.0
1 770.0 482.0
1 974.0 482.0
1 1066.0 482.0
1 1071.0 482.0
1 725.0 483.0
1 918.0 483.0
1 931.0 483.0
1 634.0 484.0
1 1001.0 484.0
1 1019.0 484.0
1 621.0 486.0
1 650.0 486.0
1 734.0 486.0
1 966.0 486.0
1 945.0 487.0
1 759.0 488.0
1 600.0 489.0
1 694.0 489.0
1 708.0 489.0
1 784.0 489.0
1 955.0 489.0
1 650.0 491.0
1 1032.0 492.0
1 629.0 493.0
1 727.0 493.0
1 744.0 494.0
1 998.0 494.0
1 470.0 496.0
1 933.0 498.0
1 621.0 499.0
1 916.0 499.0
1 953.0 499.0
1 668.0 500.0
1 719.0 500.0
1 703.0 501.0
1 1014.0 501.0
1 600.0 502.0
1 682.0 502.0
1 708.0 502.0
1 1006.0 502.0
1 1019.0 502.0
1 1001.0 503.0
1 1024.0 503.0
1 984.0 504.0
1 1029.0 504.0
1 926.0 505.0
1 931.0 505.0
1 942.0 505.0
1 886.0 506.0
1 1034.0 506.0
1 776.0 507.0
1 870.0 507.0
1 604.0 508.0
1 618.0 508.0
1 743.0 508.0
1 968.0 510.0
1 987.0 510.0
1 771.0 511.0
1 1040.0 511.0
1 979.0 512.0
1 766.0 515.0
1 985.0 515.0
1 720.0 517.0
1 980.0 517.0
1 931.0 518.0
1 800.0 519.0
1 810.0 519.0
1 819.0 519.0
1 1045.0 519.0
1 759.0 520.0
1 791.0 520.0
1 830.0 520.0
1 918.0 521.0
1 783.0 522.0
1 1106.0 522.0
1 604.0 523.0
1 847.0 523.0
1 971.0 523.0
1 1053.0 523.0
1 1059.0 523.0
1 680.0 524.0
1 960.0 524.0
1 855.0 525.0
1 709.0 526.0
1 775.0 526.0
1 818.0 526.0
1 1083.0 526.0
1 1088.0 526.0
1 738.0 527.0
1 751.0 527.0
1 910.0 527.0
1 928.0 527.0
1 767.0 528.0
1 681.0 530.0
1 970.0 530.0
1 981.0 530.0
1 1093.0 530.0
1 708.0 531.0
1 1079.0 531.0
1 701.0 532.0
1 719.0 532.0
1 759.0 532.0
1 777.0 532.0
1 933.0 532.0
1 837.0 533.0
1 728.0 534.0
1 852.0 534.0
1 980.0 535.0
1 1088.0 535.0
1 751.0 536.0
1 882.0 536.0
1 1093.0 536.0
1 1098.0 536.0
1 1103.0 536.0
1 698.0 537.0
1 737.0 537.0
1 776.0 537.0
1 924.0 539.0
1 1049.0 539.0
1 690.0 540.0
1 866.0 540.0
1 891.0 541.0
1 940.0 541.0
1 1092.0 541.0
1 824.0 543.0
1 983.0 543.0
1 1073.0 544.0
1 689.0 545.0
1 736.0 545.0
1 879.0 545.0
1 1086.0 545.0
1 729.0 546.0
1 1092.0 546.0
1 680.0 547.0
1 945.0 547.0
1 1105.0 547.0
1 801.0 548.0
1 1047.0 548.0
1 689.0 550.0
1 946.0 552.0
1 973.0 552.0
1 1103.0 552.0
1 1112.0 552.0
1 626.0 553.0
1 696.0 555.0
1 709.0 555.0
1 1093.0 555.0
1 992.0 556.0
1 1040.0 556.0
1 719.0 557.0
1 725.0 557.0
1 681.0 559.0
1 999.0 560.0
1 1035.0 560.0
1 1072.0 561.0
1 903.0 562.0
1 1030.0 562.0
1 1055.0 562.0
1 1113.0 562.0
1 1007.0 563.0
1 836.0 564.0
1 1015.0 564.0
1 1023.0 564.0
1 606.0 565.0
1 759.0 567.0
1 1091.0 567.0
1 800.0 570.0
1 810.0 570.0
1 709.0 571.0
1 682.0 572.0
1 781.0 573.0
1 789.0 573.0
1 1067.0 573.0
1 828.0 575.0
1 799.0 576.0
1 810.0 577.0
1 845.0 577.0
1 981.0 577.0
1 1103.0 578.0
1 1108.0 579.0
1 785.0 580.0
1 773.0 581.0
1 1013.0 581.0
1 681.0 582.0
1 737.0 583.0
1 1045.0 583.0
1 606.0 584.0
1 855.0 584.0
1 1028.0 584.0
1 707.0 585.0
1 878.0 587.0
1 868.0 588.0
1 805.0 589.0
1 823.0 589.0
1 794.0 591.0
1 1073.0 591.0
1 1098.0 591.0
1 752.0 592.0
1 784.0 596.0
1 871.0 597.0
1 880.0 598.0
1 963.0 600.0
1 801.0 603.0
1 781.0 605.0
1 963.0 607.0
1 1058.0 607.0
1 790.0 608.0
1 890.0 608.0
1 607.0 609.0
1 734.0 609.0
1 740.0 611.0
1 884.0 611.0
1 869.0 612.0
1 804.0 614.0
1 896.0 615.0
1 793.0 617.0
1 608.0 619.0
1 760.0 619.0
1 729.0 620.0
1 738.0 621.0
1 774.0 621.0
1 892.0 621.0
1 841.0 622.0
1 901.0 622.0
1 697.0 623.0
1 879.0 624.0
1 630.0 628.0
1 608.0 631.0
1 812.0 631.0
1 881.0 631.0
1 902.0 631.0
1 963.0 631.0
1 725.0 635.0
1 734.0 635.0
1 696.0 637.0
1 799.0 638.0
1 851.0 638.0
1 856.0 638.0
1 846.0 639.0
1 630.0 641.0
1 772.0 643.0
1 610.0 646.0
1 775.0 648.0
1 696.0 650.0
1 198.0 651.0
1 795.0 652.0
1 886.0 654.0
1 630.0 655.0
1 909.0 655.0
1 727.0 656.0
1 845.0 659.0
1 609.0 662.0
1 870.0 662.0
1 759.0 664.0
1 849.0 664.0
1 854.0 664.0
1 699.0 665.0
1 859.0 665.0
1 914.0 666.0
1 1089.0 666.0
1 791.0 669.0
1 843.0 669.0
1 864.0 669.0
1 630.0 670.0
1 728.0 671.0
1 830.0 671.0
1 905.0 672.0
1 913.0 674.0
1 423.0 675.0
1 871.0 675.0
1 737.0 676.0
1 852.0 676.0
1 729.0 679.0
1 863.0 680.0
1 883.0 681.0
1 704.0 682.0
1 842.0 682.0
1 954.0 683.0
1 631.0 685.0
1 609.0 686.0
1 739.0 687.0
1 911.0 687.0
1 734.0 689.0
1 850.0 689.0
1 864.0 690.0
1 839.0 691.0
1 872.0 691.0
1 900.0 692.0
1 1084.0 692.0
1 909.0 694.0
1 871.0 696.0
1 1050.0 696.0
1 948.0 698.0
1 754.0 699.0
1 1084.0 699.0
1 824.0 701.0
1 832.0 701.0
1 906.0 702.0
1 807.0 703.0
1 716.0 704.0
1 754.0 704.0
1 392.0 705.0
1 736.0 705.0
1 860.0 705.0
1 191.0 706.0
1 891.0 707.0
1 1082.0 707.0
1 754.0 709.0
1 824.0 709.0
1 720.0 710.0
1 749.0 710.0
1 1046.0 710.0
1 900.0 711.0
1 109.0 712.0
1 758.0 714.0
1 609.0 715.0
1 883.0 716.0
1 896.0 717.0
1 1082.0 718.0
1 770.0 719.0
1 728.0 721.0
1 764.0 721.0
1 388.0 722.0
1 875.0 722.0
1 777.0 723.0
1 888.0 725.0
1 783.0 727.0
1 772.0 729.0
1 370.0 730.0
1 789.0 730.0
1 882.0 730.0
1 859.0 731.0
1 739.0 732.0
1 798.0 733.0
1 778.0 734.0
1 840.0 735.0
1 848.0 735.0
1 784.0 737.0
1 821.0 737.0
1 1079.0 738.0
1 791.0 739.0
1 864.0 742.0
1 750.0 743.0
1 819.0 744.0
1 243.0 745.0
1 840.0 745.0
1 853.0 745.0
1 755.0 746.0
1 824.0 746.0
1 396.0 747.0
1 506.0 747.0
1 609.0 747.0
1 790.0 749.0
1 442.0 750.0
1 804.0 752.0
1 1078.0 757.0
1 220.0 760.0
1 1443.0 761.0
1 1076.0 762.0
1 352.0 763.0
1 803.0 765.0
1 55.0 768.0
1 728.0 768.0
1 511.0 772.0
1 489.0 773.0
1 464.0 776.0
1 532.0 778.0
1 431.0 779.0
1 522.0 783.0
1 1072.0 786.0
1 387.0 788.0
1 324.0 789.0
1 418.0 789.0
1 362.0 790.0
1 460.0 792.0
1 788.0 794.0
1 1243.0 796.0
1 438.0 800.0
1 1072.0 801.0
1 157.0 804.0
1 523.0 804.0
1 987.0 807.0
1 999.0 808.0
1 311.0 812.0
1 414.0 814.0
1 403.0 816.0
1 384.0 822.0
1 273.0 823.0
1 917.0 823.0
1 692.0 826.0
1 535.0 827.0
1 1426.0 827.0
1 376.0 828.0
1 176.0 829.0
1 225.0 831.0
1 1287.0 832.0
1 197.0 846.0
1 495.0 846.0
1 117.0 851.0
1 37.0 852.0
1 244.0 852.0
1 312.0 858.0
1 694.0 865.0
1 901.0 877.0
1 742.0 922.0
1 271.0 933.0
1 271.0 945.0
1 913.0 954.0
1 1035.0 963.0
1 971.0 968.0
1 1012.0 968.0
