0 0 0 150.71466596429283
0 9 4 439.93309704638693
0 2 6 347.4986920033455
0 11 8 454.5443794476897
0 10 11 435.71013741495443
0 5 13 408.978569245522
0 8 16 299.4646137144531
0 12 17 156.47652639827703
0 17 22 409.08779132377833
0 24 25 348.89768094272074
0 44 31 222.5964828297955
0 29 34 156.91145517437786
0 16 37 248.60132622217535
0 23 39 385.3858477673142
0 40 41 333.2343395581827
0 20 44 193.36373420360684
0 41 47 177.09895235659334
0 56 49 223.16549602837839
0 45 50 211.72665616523378
0 22 52 169.012457922464
0 30 55 236.2457946938247
0 28 57 455.36613047318843
0 34 60 249.9418394004691
0 86 63 148.031415749574
0 31 64 244.65049566715945
0 90 67 207.82593238342693
0 42 69 384.14047128897766
0 38 71 152.56776046560714
0 36 72 319.62836179856794
0 93 73 165.97557399682873
0 69 75 134.70999063618237
0 78 79 326.5846020758888
0 51 80 347.4396818763365
0 35 85 129.82712020117103
0 91 87 158.92398753215357
0 57 88 270.6147053979817
0 48 90 145.20568622196927
0 103 91 151.61777161164807
0 125 93 137.76836031074137
0 58 95 254.13874854826793
0 126 97 138.28462346217313
0 108 98 367.40542448718946
0 96 100 494.1623570625361
0 107 105 434.93129706083613
0 79 106 176.59519128759152
0 55 107 314.5640610171799
0 61 108 219.05685207461545
0 60 110 163.45575128467533
0 101 111 294.9022745607306
0 127 112 133.21449496698347
0 70 114 385.49246275089456
0 82 117 310.17931357833737
0 68 118 196.17814762364637
0 59 119 232.14659709046308
0 71 122 415.15407945741896
0 105 125 406.8071980693577
0 67 127 422.84314055976154
0 110 129 325.76308783005004
0 73 131 415.91060057614914
0 74 132 378.26103621041295
0 75 133 318.9189173776447
0 89 135 210.08149020827128
0 104 136 192.221857624981
0 85 139 230.56891945693795
0 111 140 332.29243972635
0 76 142 191.1602756355083
0 92 143 258.417458734142
0 152 144 147.66045204621994
0 87 146 158.292108913985
0 102 147 287.21991411418526
0 94 149 236.83095270260063
0 124 150 217.53721275104078
0 95 153 169.48319453878577
0 148 154 187.50893832882812
0 113 155 189.71662511168054
0 160 159 160.9520734124643
0 114 160 319.1872805401667
0 115 162 289.6454758777473
0 138 163 328.86210511377226
0 167 164 119.2628701227929
0 116 165 363.01076739211265
0 161 167 229.01746466037918
0 119 170 363.35260309648146
0 128 171 247.9284417121487
0 141 172 495.2673090219955
0 132 173 303.41445832571884
0 120 176 238.5280123566071
0 121 177 234.63275907761997
0 130 179 265.033025624953
0 184 180 194.166537818067
0 135 181 209.78218607429088
0 149 184 361.37142751292015
0 122 185 321.0764851486096
0 117 186 273.64276842604016
0 118 187 153.297951387531
0 186 188 193.5581064291683
0 142 189 299.38066277781957
0 131 190 161.55481969685823
0 143 191 334.1247242839348
0 175 192 148.15288134967594
0 144 193 224.08989445992052
0 123 194 192.81875741363464
0 153 202 208.43956290250932
0 211 203 491.92184826765225
0 146 204 198.46449581298182
0 196 205 263.8801873231086
0 197 206 439.5980024056132
0 198 208 165.76961333996917
0 147 210 368.60218587927085
0 193 212 475.24942519057214
0 164 214 322.15182435779764
0 155 215 185.71187102771606
0 210 216 372.67836496330904
0 170 219 356.9032294571884
0 157 220 300.58507360002295
0 166 221 200.0923344405436
0 139 224 154.20123328148628
0 140 225 139.1147104884939
0 219 226 152.22846188262727
0 159 227 259.5199291167186
0 163 233 323.72558449834224
0 181 234 378.62443543889924
0 215 235 182.1702399530231
0 207 237 366.40816190590067
0 191 239 186.86834867177822
0 192 241 243.35250934734586
0 190 247 129.1225620320214
0 244 248 364.5038600802911
0 187 249 198.02597427123675
0 214 250 242.94115308896704
0 256 255 177.9361014306506
0 179 258 309.24834560163623
0 185 259 263.50247879497505
0 182 260 296.19261364062675
0 206 262 188.11747923804936
0 194 263 243.48459602787216
0 188 264 310.93395930759567
0 227 265 326.7821469039899
0 205 266 124.19140790397034
0 217 267 327.75153561348594
0 201 268 255.67194436947588
0 200 270 295.6620258412368
0 221 277 191.0543050948905
0 228 278 297.8959868634124
0 224 280 280.0083582512028
0 237 282 253.1754763239008
0 248 283 177.85544313655066
0 240 287 154.51780786289066
0 233 291 150.08227716351817
0 255 293 387.7829488182561
0 260 297 232.039021664603
0 264 298 208.49841627377725
0 254 300 275.8507886276357
0 274 305 173.0344847502238
0 246 309 232.39091812969343
0 247 310 272.81077335825785
0 259 314 265.5195206245017
0 278 315 218.90105439615297
0 283 317 115.5594207266863
0 231 321 485.6838024062128
0 249 325 433.93076608278676
0 289 327 130.2676481584218
0 286 331 261.9307924276325
0 300 332 350.65828834683896
0 281 337 167.85711248462846
0 293 344 258.18467745913046
0 304 345 133.21773176089152
0 306 349 214.13653047893112
0 316 351 219.1664518836093
0 317 354 348.92162622795354
0 297 356 176.53346279865858
0 320 358 408.3347454819408
0 315 359 312.8336890899793
0 323 361 452.57669268133134
0 368 362 497.50737247830995
0 334 365 144.2117028391813
0 309 366 245.3257147887301
0 310 367 216.58871040879512
0 308 369 339.3663314986036
0 321 371 223.5197072711582
0 325 372 261.95927777802933
0 343 373 119.83371348875826
0 328 375 212.65265081038797
0 348 376 217.64978619300567
0 346 377 387.4583984689389
0 330 378 194.5088618821681
0 336 380 182.51012647831354
0 333 381 169.97154074578827
0 332 382 420.7642489669909
0 358 384 139.92902636273288
0 362 387 439.0696564298656
0 301 389 278.5248978745505
0 302 390 422.0969712347146
0 366 391 120.54677825871964
0 312 392 248.24595046331152
0 307 394 377.23323211776847
0 359 396 108.72240281906038
0 376 397 202.54259698954615
0 318 399 165.95657843624957
0 326 400 138.58537354584084
0 370 401 130.85092327603377
0 375 404 163.53932082098666
0 372 405 218.30586317471997
0 374 407 120.46880625473284
0 351 408 441.1010030600216
0 338 409 313.69948025319263
0 337 410 372.4346416364448
0 352 411 283.5436123738144
0 341 412 437.83364258182036
0 347 413 426.063246099465
0 394 414 211.87108094218465
0 403 415 255.73219451127153
0 344 416 112.43045143290855
0 364 418 386.3175753467304
0 357 420 313.27524331175675
0 383 421 243.1919735071
0 363 422 248.95720371402507
0 395 423 358.54689612061827
0 425 424 202.99161038502208
0 397 425 444.305451629472
0 367 428 118.78408352005872
0 373 429 119.65585886082413
0 391 430 322.3288376560999
0 404 433 248.94130086588228
0 385 436 148.59520572514182
0 386 437 159.13267218133586
0 388 438 123.6500870669069
0 389 439 298.89455689145115
0 414 441 499.7699872281323
0 419 448 304.22083061716484
0 408 449 314.4347729607569
0 412 451 129.84854268422745
0 413 452 138.8667766031738
0 423 454 482.34050437959075
0 429 458 426.67521175967556
0 433 461 296.66639641614205
0 424 462 237.90781088210377
0 427 465 205.21700988220263
0 441 467 339.21427928761267
0 430 468 134.99253113168342
0 428 469 480.4586822164849
0 438 472 119.30330667218104
0 435 475 206.2225757896928
0 448 481 448.19005556889414
0 465 482 380.76521543358155
0 442 483 155.9700469224225
0 445 486 309.79413828731674
0 461 488 443.21781714270844
0 446 489 119.35440888172613
0 447 490 417.4842709780688
0 452 491 144.49964037045936
0 460 492 285.84270505227335
0 458 494 152.5549557217147
0 456 495 265.94931921211406
0 462 499 131.96482451586516
0 469 500 241.76772195326262
0 463 501 119.97299802061761
0 467 502 267.9079131700187
0 468 504 236.864606379139
0 481 505 493.2950432087022
0 471 506 207.0705850807299
0 526 507 353.45505398721014
0 554 510 279.00397014694295
0 558 513 361.86668349043606
0 500 515 327.10890108071084
0 491 516 281.10642950840605
0 479 517 262.198979848587
0 483 518 215.62757329244553
0 478 519 165.44364003272344
0 477 521 187.7395993410791
0 494 522 319.76006772872074
0 501 524 309.9049248609838
0 572 525 181.15476931273182
0 498 526 341.1725410580727
0 497 527 267.1970511075268
0 488 529 185.8354390055113
0 575 530 188.45570084354097
0 509 531 375.21035841889903
0 502 533 230.79210111582015
0 508 535 253.46731862994045
0 514 536 368.4918385720351
0 580 537 170.07895791408453
0 511 538 299.9059018690921
0 507 540 301.41725549800486
0 517 542 184.34740682455708
0 522 544 261.2430177329826
0 513 545 287.25224769806937
0 515 546 319.2207741798489
0 531 548 385.0085648787991
0 535 549 151.1083674516929
0 540 550 200.73080290390095
0 516 551 241.51032048540978
0 530 553 349.0088366102373
0 545 554 324.5490838623688
0 548 557 439.5682294015142
0 585 558 192.73299030052152
0 534 559 398.8787222921406
0 555 560 165.9031777510456
0 566 564 214.0151659626253
0 556 565 345.1757237008525
0 520 568 206.6245741894536
0 557 570 336.71028035882654
0 553 571 330.00252165337065
0 562 573 442.3643658298559
0 588 574 242.84200665364347
0 560 576 172.33096898739885
0 591 577 247.12112093180417
0 578 579 261.0014660822251
0 581 581 256.84868313735933
0 571 585 121.32915509943265
0 561 586 127.78222660995384
0 592 588 225.86048377570003
0 565 592 128.00975660300037
0 586 594 243.2536617889694
0 597 597 225.99753112629028
0 549 598 195.85118816647733
0 595 600 251.55478180711225
0 589 604 167.1341421258488
0 593 607 117.46801948612307
0 590 608 216.36738830759344
0 582 609 138.96248533321494
0 605 611 423.3992119000978
0 573 613 151.75860696854033
0 604 614 330.07777001959744
0 602 616 372.2954257204518
0 599 617 179.11828220337526
0 598 621 151.88761638011303
0 617 622 377.60468649615296
0 607 623 276.80951973580926
0 610 625 152.90925781315508
0 625 626 302.62438541768597

0 910.0 22.0
0 912.0 29.0
0 845.0 359.0
0 850.0 359.0
0 856.0 361.0
0 904.0 363.0
0 917.0 364.0
0 834.0 370.0
0 850.0 370.0
0 867.0 371.0
0 896.0 373.0
0 907.0 375.0
0 833.0 377.0
0 822.0 378.0
0 893.0 382.0
0 918.0 383.0
0 906.0 385.0
0 930.0 386.0
0 781.0 387.0
0 749.0 388.0
0 798.0 388.0
0 743.0 389.0
0 718.0 394.0
0 690.0 395.0
0 808.0 395.0
0 685.0 396.0
0 729.0 396.0
0 650.0 399.0
0 695.0 399.0
0 741.0 399.0
0 792.0 402.0
0 639.0 403.0
0 761.0 403.0
0 752.0 404.0
0 714.0 405.0
0 772.0 405.0
0 686.0 406.0
0 920.0 406.0
0 784.0 407.0
0 1084.0 409.0
0 653.0 410.0
0 670.0 410.0
0 726.0 410.0
0 1068.0 410.0
0 1008.0 411.0
0 636.0 412.0
0 794.0 414.0
0 698.0 415.0
0 1080.0 415.0
0 673.0 416.0
0 712.0 416.0
0 751.0 417.0
0 1074.0 417.0
0 761.0 418.0
0 778.0 418.0
0 1019.0 418.0
0 770.0 419.0
0 926.0 419.0
0 1014.0 420.0
0 621.0 421.0
0 1082.0 421.0
0 1087.0 421.0
0 739.0 422.0
0 637.0 423.0
0 1034.0 423.0
0 753.0 425.0
0 728.0 426.0
0 652.0 427.0
0 767.0 427.0
0 785.0 427.0
0 672.0 428.0
0 1004.0 428.0
0 1091.0 428.0
0 603.0 430.0
0 995.0 430.0
0 699.0 431.0
0 750.0 431.0
0 780.0 431.0
0 934.0 433.0
0 955.0 433.0
0 1087.0 435.0
0 625.0 436.0
0 638.0 436.0
0 746.0 436.0
0 784.0 436.0
0 919.0 436.0
0 989.0 436.0
0 713.0 437.0
0 980.0 437.0
0 777.0 438.0
0 1032.0 438.0
0 672.0 439.0
0 999.0 439.0
0 602.0 440.0
0 745.0 442.0
0 1005.0 442.0
0 1091.0 444.0
0 624.0 445.0
0 1100.0 445.0
0 916.0 446.0
0 953.0 446.0
0 937.0 447.0
0 969.0 447.0
0 1018.0 447.0
0 1032.0 447.0
0 978.0 448.0
0 1023.0 448.0
0 1086.0 448.0
0 797.0 449.0
0 1081.0 449.0
0 790.0 450.0
0 991.0 450.0
0 713.0 451.0
0 743.0 451.0
0 805.0 451.0
0 814.0 451.0
0 1002.0 451.0
0 1049.0 451.0
0 1064.0 451.0
0 1076.0 451.0
0 819.0 452.0
0 829.0 452.0
0 834.0 452.0
0 839.0 453.0
0 844.0 453.0
0 963.0 453.0
0 849.0 454.0
0 856.0 454.0
0 1013.0 455.0
0 766.0 456.0
0 824.0 456.0
0 876.0 456.0
0 881.0 456.0
0 886.0 456.0
0 978.0 456.0
0 1088.0 456.0
0 785.0 457.0
0 1000.0 457.0
0 790.0 458.0
0 895.0 458.0
0 1034.0 458.0
0 1106.0 458.0
0 903.0 459.0
0 1077.0 459.0
0 667.0 460.0
0 678.0 460.0
0 913.0 460.0
0 1048.0 460.0
0 812.0 461.0
0 844.0 461.0
0 948.0 461.0
0 1063.0 461.0
0 849.0 462.0
0 863.0 462.0
0 686.0 463.0
0 793.0 463.0
0 800.0 463.0
0 874.0 463.0
0 936.0 463.0
0 659.0 464.0
0 806.0 464.0
0 868.0 464.0
0 824.0 465.0
0 979.0 465.0
0 637.0 466.0
0 834.0 466.0
0 648.0 467.0
0 708.0 467.0
0 713.0 467.0
0 719.0 468.0
0 844.0 468.0
0 1097.0 468.0
0 1108.0 468.0
0 767.0 469.0
0 772.0 469.0
0 855.0 469.0
0 861.0 469.0
0 877.0 469.0
0 907.0 469.0
0 1027.0 469.0
0 624.0 470.0
0 777.0 470.0
0 882.0 470.0
0 612.0 471.0
0 759.0 471.0
0 887.0 471.0
0 893.0 471.0
0 914.0 471.0
0 602.0 472.0
0 950.0 472.0
0 1072.0 472.0
0 970.0 473.0
0 697.0 474.0
0 782.0 474.0
0 932.0 474.0
0 991.0 474.0
0 636.0 475.0
0 748.0 476.0
0 1006.0 476.0
0 643.0 477.0
0 732.0 477.0
0 771.0 477.0
0 1067.0 477.0
0 627.0 478.0
0 944.0 478.0
0 657.0 479.0
0 663.0 479.0
0 668.0 479.0
0 686.0 479.0
0 710.0 479.0
0 1031.0 479.0
0 1052.0 479.0
0 1111.0 479.0
0 676.0 480.0
0 955.0 480.0
0 1057.0 480.0
0 621.0 481.0
0 737.0 481.0
0 600.0 482.0
0 770.0 482.0
0 974.0 482.0
0 1066.0 482.0
0 1071.0 482.0
0 725.0 483.0
0 918.0 483.0
0 931.0 483.0
0 634.0 484.0
0 1001.0 484.0
0 1019.0 484.0
0 621.0 486.0
0 650.0 486.0
0 734.0 486.0
0 966.0 486.0
0 945.0 487.0
0 759.0 488.0
0 600.0 489.0
0 694.0 489.0
0 708.0 489.0
0 784.0 489.0
0 955.0 489.0
0 650.0 491.0
0 1032.0 492.0
0 629.0 493.0
0 727.0 493.0
0 744.0 494.0
0 998.0 494.0
0 470.0 496.0
0 933.0 498.0
0 621.0 499.0
0 916.0 499.0
0 953.0 499.0
0 668.0 500.0
0 719.0 500.0
0 703.0 501.0
0 1014.0 501.0
0 600.0 502.0
0 682.0 502.0
0 708.0 502.0
0 1006.0 502.0
0 1019.0 502.0
0 1001.0 503.0
0 1024.0 503.0
0 984.0 504.0
0 1029.0 504.0
0 926.0 505.0
0 931.0 505.0
0 942.0 505.0
0 886.0 506.0
0 1034.0 506.0
0 776.0 507.0
0 870.0 507.0
0 604.0 508.0
0 618.0 508.0
0 743.0 508.0
0 968.0 510.0
0 987.0 510.0
0 771.0 511.0
0 1040.0 511.0
0 979.0 512.0
0 766.0 515.0
0 985.0 515.0
0 720.0 517.0
0 980.0 517.0
0 931.0 518.0
0 800.0 519.0
0 810.0 519.0
0 819.0 519.0
0 1045.0 519.0
0 759.0 520.0
0 791.0 520.0
0 830.0 520.0
0 918.0 521.0
0 783.0 522.0
0 1106.0 522.0
0 604.0 523.0
0 847.0 523.0
0 971.0 523.0
0 1053.0 523.0
0 1059.0 523.0
0 680.0 524.0
0 960.0 524.0
0 855.0 525.0
0 709.0 526.0
0 775.0 526.0
0 818.0 526.0
0 1083.0 526.0
0 1088.0 526.0
0 738.0 527.0
0 751.0 527.0
0 910.0 527.0
0 928.0 527.0
0 767.0 528.0
0 681.0 530.0
0 970.0 530.0
0 981.0 530.0
0 1093.0 530.0
0 708.0 531.0
0 1079.0 531.0
0 701.0 532.0
0 719.0 532.0
0 759.0 532.0
0 777.0 532.0
0 933.0 532.0
0 837.0 533.0
0 728.0 534.0
0 852.0 534.0
0 980.0 535.0
0 1088.0 535.0
0 751.0 536.0
0 882.0 536.0
0 1093.0 536.0
0 1098.0 536.0
0 1103.0 536.0
0 698.0 537.0
0 737.0 537.0
0 776.0 537.0
0 924.0 539.0
0 1049.0 539.0
0 690.0 540.0
0 866.0 540.0
0 891.0 541.0
0 940.0 541.0
0 1092.0 541.0
0 824.0 543.0
0 983.0 543.0
0 1073.0 544.0
0 689.0 545.0
0 736.0 545.0
0 879.0 545.0
0 1086.0 545.0
0 729.0 546.0
0 1092.0 546.0
0 680.0 547.0
0 945.0 547.0
0 1105.0 547.0
0 801.0 548.0
0 1047.0 548.0
0 689.0 550.0
0 946.0 552.0
0 973.0 552.0
0 1103.0 552.0
0 1112.0 552.0
0 626.0 553.0
0 696.0 555.0
0 709.0 555.0
0 1093.0 555.0
0 992.0 556.0
0 1040.0 556.0
0 719.0 557.0
0 725.0 557.0
0 681.0 559.0
0 999.0 560.0
0 1035.0 560.0
0 1072.0 561.0
0 903.0 562.0
0 1030.0 562.0
0 1055.0 562.0
0 1113.0 562.0
0 1007.0 563.0
0 836.0 564.0
0 1015.0 564.0
0 1023.0 564.0
0 606.0 565.0
0 759.0 567.0
0 1091.0 567.0
0 800.0 570.0
0 810.0 570.0
0 709.0 571.0
0 682.0 572.0
0 781.0 573.0
0 789.0 573.0
0 1067.0 573.0
0 828.0 575.0
0 799.0 576.0
0 810.0 577.0
0 845.0 577.0
0 981.0 577.0
0 1103.0 578.0
0 1108.0 579.0
0 785.0 580.0
0 773.0 581.0
0 1013.0 581.0
0 681.0 582.0
0 737.0 583.0
0 1045.0 583.0
0 606.0 584.0
0 855.0 584.0
0 1028.0 584.0
0 707.0 585.0
0 878.0 587.0
0 868.0 588.0
0 805.0 589.0
0 823.0 589.0
0 794.0 591.0
0 1073.0 591.0
0 1098.0 591.0
0 752.0 592.0
0 784.0 596.0
0 871.0 597.0
0 880.0 598.0
0 963.0 600.0
0 801.0 603.0
0 781.0 605.0
0 963.0 607.0
0 1058.0 607.0
0 790.0 608.0
0 890.0 608.0
0 607.0 609.0
0 734.0 609.0
0 740.0 611.0
0 884.0 611.0
0 869.0 612.0
0 804.0 614.0
0 896.0 615.0
0 793.0 617.0
0 608.0 619.0
0 760.0 619.0
0 729.0 620.0
0 738.0 621.0
0 774.0 621.0
0 892.0 621.0
0 841.0 622.0
0 901.0 622.0
0 697.0 623.0
0 879.0 624.0
0 630.0 628.0
0 608.0 631.0
0 812.0 631.0
0 881.0 631.0
0 902.0 631.0
0 963.0 631.0
0 725.0 635.0
0 734.0 635.0
0 696.0 637.0
0 799.0 638.0
0 851.0 638.0
0 856.0 638.0
0 846.0 639.0
0 630.0 641.0
0 772.0 643.0
0 610.0 646.0
0 775.0 648.0
0 696.0 650.0
0 198.0 651.0
0 795.0 652.0
0 886.0 654.0
0 630.0 655.0
0 909.0 655.0
0 727.0 656.0
0 845.0 659.0
0 609.0 662.0
0 870.0 662.0
0 759.0 664.0
0 849.0 664.0
0 854.0 664.0
0 699.0 665.0
0 859.0 665.0
0 914.0 666.0
0 1089.0 666.0
0 791.0 669.0
0 843.0 669.0
0 864.0 669.0
0 630.0 670.0
0 728.0 671.0
0 830.0 671.0
0 905.0 672.0
0 913.0 674.0
0 423.0 675.0
0 871.0 675.0
0 737.0 676.0
0 852.0 676.0
0 729.0 679.0
0 863.0 680.0
0 883.0 681.0
0 704.0 682.0
0 842.0 682.0
0 954.0 683.0
0 631.0 685.0
0 609.0 686.0
0 739.0 687.0
0 911.0 687.0
0 734.0 689.0
0 850.0 689.0
0 864.0 690.0
0 839.0 691.0
0 872.0 691.0
0 900.0 692.0
0 1084.0 692.0
0 909.0 694.0
0 871.0 696.0
0 1050.0 696.0
0 948.0 698.0
0 754.0 699.0
0 1084.0 699.0
0 824.0 701.0
0 832.0 701.0
0 906.0 702.0
0 807.0 703.0
0 716.0 704.0
0 754.0 704.0
0 392.0 705.0
0 736.0 705.0
0 860.0 705.0
0 191.0 706.0
0 891.0 707.0
0 1082.0 707.0
0 754.0 709.0
0 824.0 709.0
0 720.0 710.0
0 749.0 710.0
0 1046.0 710.0
0 900.0 711.0
0 109.0 712.0
0 758.0 714.0
0 609.0 715.0
0 883.0 716.0
0 896.0 717.0
0 1082.0 718.0
0 770.0 719.0
0 728.0 721.0
0 764.0 721.0
0 388.0 722.0
0 875.0 722.0
0 777.0 723.0
0 888.0 725.0
0 783.0 727.0
0 772.0 729.0
0 370.0 730.0
0 789.0 730.0
0 882.0 730.0
0 859.0 731.0
0 739.0 732.0
0 798.0 733.0
0 778.0 734.0
0 840.0 735.0
0 848.0 735.0
0 784.0 737.0
0 821.0 737.0
0 1079.0 738.0
0 791.0 739.0
0 864.0 742.0
0 750.0 743.0
0 819.0 744.0
0 243.0 745.0
0 840.0 745.0
0 853.0 745.0
0 755.0 746.0
0 824.0 746.0
0 396.0 747.0
0 506.0 747.0
0 609.0 747.0
0 790.0 749.0
0 442.0 750.0
0 804.0 752.0
0 1078.0 757.0
0 220.0 760.0
0 1443.0 761.0
0 1076.0 762.0
0 352.0 763.0
0 803.0 765.0
0 55.0 768.0
0 728.0 768.0
0 511.0 772.0
0 489.0 773.0
0 464.0 776.0
0 532.0 778.0
0 431.0 779.0
0 522.0 783.0
0 1072.0 786.0
0 387.0 788.0
0 324.0 789.0
0 418.0 789.0
0 362.0 790.0
0 460.0 792.0
0 788.0 794.0
0 1243.0 796.0
0 438.0 800.0
0 1072.0 801.0
0 157.0 804.0
0 523.0 804.0
0 987.0 807.0
0 999.0 808.0
0 311.0 812.0
0 414.0 814.0
0 403.0 816.0
0 384.0 822.0
0 273.0 823.0
0 917.0 823.0
0 692.0 826.0
0 535.0 827.0
0 1426.0 827.0
0 376.0 828.0
0 176.0 829.0
0 225.0 831.0
0 1287.0 832.0
0 197.0 846.0
0 495.0 846.0
0 117.0 851.0
0 37.0 852.0
0 244.0 852.0
0 312.0 858.0
0 694.0 865.0
0 901.0 877.0
0 742.0 922.0
0 271.0 933.0
0 271.0 945.0
0 913.0 954.0
0 1035.0 963.0
0 971.0 968.0
0 1012.0 968.0
1 1050.0 94.0
1 895.0 191.0
1 870.0 363.0
1 811.0 364.0
1 838.0 364.0
1 738.0 367.0
1 828.0 368.0
1 833.0 368.0
1 840.0 372.0
1 874.0 373.0
1 855.0 377.0
1 871.0 380.0
1 887.0 388.0
1 835.0 393.0
1 1031.0 393.0
1 828.0 394.0
1 849.0 396.0
1 699.0 398.0
1 672.0 401.0
1 819.0 401.0
1 944.0 401.0
1 968.0 401.0
1 1017.0 401.0
1 1037.0 401.0
1 636.0 403.0
1 818.0 407.0
1 858.0 408.0
1 686.0 409.0
1 830.0 409.0
1 660.0 410.0
1 960.0 410.0
1 965.0 410.0
1 983.0 410.0
1 818.0 412.0
1 1034.0 412.0
1 804.0 413.0
1 1045.0 416.0
1 818.0 417.0
1 938.0 417.0
1 1033.0 417.0
1 620.0 418.0
1 645.0 418.0
1 678.0 418.0
1 854.0 418.0
1 608.0 419.0
1 656.0 420.0
1 830.0 420.0
1 954.0 422.0
1 964.0 423.0
1 976.0 423.0
1 827.0 425.0
1 1033.0 425.0
1 944.0 426.0
1 1051.0 429.0
1 841.0 430.0
1 1030.0 430.0
1 621.0 431.0
1 926.0 431.0
1 943.0 431.0
1 1017.0 432.0
1 687.0 433.0
1 692.0 433.0
1 704.0 433.0
1 709.0 433.0
1 714.0 433.0
1 719.0 433.0
1 737.0 433.0
1 743.0 433.0
1 1002.0 433.0
1 645.0 434.0
1 699.0 434.0
1 726.0 434.0
1 732.0 434.0
1 760.0 434.0
1 765.0 434.0
1 774.0 434.0
1 785.0 434.0
1 790.0 434.0
1 915.0 434.0
1 957.0 434.0
1 977.0 434.0
1 982.0 434.0
1 988.0 434.0
1 672.0 435.0
1 682.0 435.0
1 779.0 435.0
1 606.0 436.0
1 795.0 436.0
1 836.0 436.0
1 1033.0 437.0
1 613.0 440.0
1 651.0 440.0
1 1018.0 441.0
1 576.0 442.0
1 733.0 442.0
1 750.0 442.0
1 900.0 442.0
1 967.0 442.0
1 984.0 442.0
1 1002.0 442.0
1 1052.0 442.0
1 925.0 443.0
1 977.0 443.0
1 620.0 444.0
1 682.0 444.0
1 839.0 444.0
1 876.0 444.0
1 916.0 444.0
1 1070.0 444.0
1 651.0 445.0
1 667.0 445.0
1 957.0 446.0
1 1056.0 447.0
1 688.0 448.0
1 699.0 448.0
1 715.0 448.0
1 724.0 448.0
1 777.0 448.0
1 795.0 448.0
1 733.0 449.0
1 744.0 449.0
1 763.0 449.0
1 772.0 449.0
1 814.0 449.0
1 859.0 451.0
1 570.0 452.0
1 582.0 453.0
1 651.0 453.0
1 1037.0 453.0
1 888.0 454.0
1 916.0 454.0
1 994.0 455.0
1 667.0 456.0
1 953.0 456.0
1 1073.0 456.0
1 677.0 457.0
1 830.0 457.0
1 958.0 457.0
1 913.0 459.0
1 800.0 460.0
1 813.0 460.0
1 1038.0 460.0
1 867.0 461.0
1 878.0 461.0
1 681.0 462.0
1 958.0 462.0
1 821.0 463.0
1 926.0 463.0
1 627.0 465.0
1 664.0 465.0
1 797.0 465.0
1 1039.0 465.0
1 614.0 466.0
1 993.0 466.0
1 949.0 467.0
1 977.0 467.0
1 1061.0 467.0
1 864.0 469.0
1 740.0 470.0
1 891.0 470.0
1 609.0 471.0
1 650.0 471.0
1 932.0 471.0
1 821.0 472.0
1 843.0 472.0
1 945.0 472.0
1 991.0 472.0
1 592.0 473.0
1 658.0 473.0
1 964.0 473.0
1 672.0 474.0
1 711.0 474.0
1 974.0 474.0
1 684.0 475.0
1 782.0 475.0
1 643.0 476.0
1 698.0 477.0
1 703.0 477.0
1 658.0 478.0
1 897.0 478.0
1 992.0 478.0
1 665.0 479.0
1 892.0 479.0
1 1074.0 479.0
1 582.0 480.0
1 907.0 480.0
1 570.0 481.0
1 802.0 481.0
1 814.0 481.0
1 727.0 482.0
1 822.0 482.0
1 847.0 482.0
1 953.0 483.0
1 1060.0 483.0
1 919.0 484.0
1 948.0 485.0
1 609.0 486.0
1 615.0 486.0
1 629.0 487.0
1 675.0 487.0
1 744.0 487.0
1 926.0 487.0
1 1073.0 487.0
1 659.0 488.0
1 687.0 488.0
1 831.0 488.0
1 866.0 488.0
1 645.0 489.0
1 692.0 489.0
1 880.0 489.0
1 577.0 490.0
1 582.0 490.0
1 788.0 491.0
1 801.0 491.0
1 851.0 491.0
1 565.0 492.0
1 699.0 492.0
1 759.0 492.0
1 1074.0 492.0
1 590.0 493.0
1 668.0 493.0
1 931.0 493.0
1 1060.0 493.0
1 708.0 495.0
1 874.0 495.0
1 632.0 496.0
1 715.0 498.0
1 824.0 498.0
1 869.0 498.0
1 952.0 498.0
1 959.0 498.0
1 661.0 499.0
1 843.0 499.0
1 793.0 501.0
1 701.0 503.0
1 723.0 503.0
1 767.0 503.0
1 870.0 503.0
1 959.0 503.0
1 779.0 504.0
1 936.0 504.0
1 592.0 506.0
1 657.0 506.0
1 607.0 507.0
1 582.0 508.0
1 731.0 508.0
1 786.0 508.0
1 802.0 508.0
1 822.0 508.0
1 691.0 509.0
1 713.0 509.0
1 773.0 509.0
1 835.0 509.0
1 812.0 511.0
1 854.0 511.0
1 1060.0 511.0
1 560.0 513.0
1 720.0 513.0
1 740.0 513.0
1 870.0 513.0
1 940.0 513.0
1 782.0 515.0
1 1074.0 515.0
1 1051.0 516.0
1 991.0 517.0
1 1041.0 517.0
1 728.0 518.0
1 870.0 518.0
1 979.0 518.0
1 574.0 519.0
1 749.0 519.0
1 819.0 519.0
1 1065.0 519.0
1 624.0 520.0
1 1015.0 520.0
1 720.0 524.0
1 791.0 524.0
1 606.0 525.0
1 1023.0 525.0
1 669.0 527.0
1 735.0 527.0
1 940.0 527.0
1 873.0 528.0
1 1006.0 529.0
1 1061.0 530.0
1 963.0 531.0
1 1030.0 531.0
1 744.0 532.0
1 796.0 532.0
1 1016.0 532.0
1 751.0 533.0
1 763.0 533.0
1 824.0 533.0
1 875.0 533.0
1 1050.0 533.0
1 630.0 534.0
1 843.0 535.0
1 936.0 536.0
1 656.0 537.0
1 731.0 537.0
1 1035.0 537.0
1 615.0 539.0
1 623.0 540.0
1 824.0 540.0
1 1003.0 541.0
1 817.0 542.0
1 1016.0 542.0
1 633.0 543.0
1 575.0 544.0
1 880.0 544.0
1 931.0 544.0
1 644.0 545.0
1 658.0 545.0
1 610.0 547.0
1 680.0 547.0
1 875.0 547.0
1 1018.0 547.0
1 1030.0 547.0
1 622.0 548.0
1 808.0 548.0
1 835.0 548.0
1 887.0 548.0
1 953.0 548.0
1 1045.0 549.0
1 570.0 550.0
1 925.0 551.0
1 614.0 552.0
1 680.0 552.0
1 920.0 552.0
1 1007.0 552.0
1 895.0 553.0
1 1073.0 553.0
1 567.0 555.0
1 911.0 555.0
1 1024.0 555.0
1 840.0 556.0
1 904.0 556.0
1 687.0 557.0
1 708.0 557.0
1 727.0 557.0
1 732.0 558.0
1 647.0 560.0
1 749.0 560.0
1 992.0 560.0
1 595.0 562.0
1 878.0 562.0
1 1050.0 562.0
1 667.0 563.0
1 964.0 563.0
1 695.0 565.0
1 991.0 565.0
1 601.0 568.0
1 681.0 569.0
1 700.0 571.0
1 641.0 572.0
1 663.0 572.0
1 843.0 573.0
1 830.0 575.0
1 1033.0 575.0
1 886.0 577.0
1 921.0 577.0
1 789.0 579.0
1 823.0 579.0
1 622.0 580.0
1 709.0 580.0
1 953.0 580.0
1 989.0 580.0
1 582.0 581.0
1 759.0 581.0
1 1048.0 581.0
1 917.0 582.0
1 689.0 583.0
1 556.0 584.0
1 590.0 584.0
1 935.0 585.0
1 952.0 585.0
1 1048.0 586.0
1 646.0 587.0
1 867.0 587.0
1 715.0 588.0
1 848.0 588.0
1 991.0 589.0
1 1072.0 590.0
1 673.0 591.0
1 951.0 591.0
1 615.0 592.0
1 578.0 594.0
1 828.0 594.0
1 587.0 596.0
1 637.0 596.0
1 679.0 596.0
1 719.0 596.0
1 942.0 598.0
1 947.0 598.0
1 999.0 598.0
1 850.0 599.0
1 1040.0 599.0
1 662.0 600.0
1 688.0 600.0
1 700.0 601.0
1 1004.0 601.0
1 578.0 602.0
1 1009.0 603.0
1 1032.0 603.0
1 731.0 604.0
1 1016.0 605.0
1 1024.0 605.0
1 675.0 607.0
1 723.0 607.0
1 652.0 608.0
1 665.0 610.0
1 568.0 611.0
1 576.0 611.0
1 586.0 612.0
1 704.0 613.0
1 1072.0 613.0
1 1034.0 614.0
1 674.0 616.0
1 689.0 616.0
1 713.0 618.0
1 623.0 622.0
1 740.0 624.0
1 635.0 625.0
1 660.0 625.0
1 553.0 626.0
1 1025.0 628.0
1 676.0 629.0
1 740.0 629.0
1 677.0 634.0
1 586.0 635.0
1 580.0 636.0
1 680.0 639.0
1 554.0 641.0
1 637.0 641.0
1 1047.0 645.0
1 555.0 646.0
1 639.0 646.0
1 650.0 648.0
1 617.0 650.0
1 692.0 651.0
1 898.0 651.0
1 833.0 653.0
1 582.0 654.0
1 840.0 654.0
1 702.0 656.0
1 740.0 657.0
1 591.0 658.0
1 684.0 659.0
1 709.0 659.0
1 715.0 659.0
1 721.0 660.0
1 728.0 661.0
1 582.0 662.0
1 740.0 662.0
1 659.0 664.0
1 693.0 664.0
1 673.0 665.0
1 831.0 665.0
1 559.0 666.0
1 1031.0 666.0
1 706.0 667.0
1 727.0 668.0
1 596.0 671.0
1 587.0 674.0
1 848.0 675.0
1 581.0 676.0
1 639.0 676.0
1 691.0 678.0
1 676.0 679.0
1 745.0 679.0
1 653.0 680.0
1 732.0 680.0
1 845.0 682.0
1 843.0 687.0
1 894.0 687.0
1 639.0 688.0
1 701.0 688.0
1 586.0 689.0
1 607.0 690.0
1 651.0 690.0
1 1071.0 691.0
1 715.0 692.0
1 589.0 694.0
1 572.0 696.0
1 709.0 696.0
1 727.0 696.0
1 862.0 696.0
1 1072.0 696.0
1 600.0 698.0
1 703.0 698.0
1 770.0 699.0
1 734.0 700.0
1 835.0 700.0
1 1063.0 700.0
1 696.0 701.0
1 861.0 701.0
1 595.0 702.0
1 668.0 702.0
1 604.0 703.0
1 673.0 703.0
1 678.0 703.0
1 724.0 703.0
1 609.0 704.0
1 769.0 704.0
1 860.0 706.0
1 1058.0 707.0
1 1071.0 708.0
1 614.0 709.0
1 719.0 709.0
1 729.0 709.0
1 767.0 709.0
1 622.0 710.0
1 827.0 710.0
1 628.0 714.0
1 725.0 714.0
1 614.0 715.0
1 585.0 716.0
1 713.0 716.0
1 886.0 716.0
1 1071.0 716.0
1 311.0 718.0
1 893.0 718.0
1 725.0 719.0
1 987.0 719.0
1 636.0 720.0
1 1039.0 720.0
1 1060.0 720.0
1 618.0 721.0
1 809.0 721.0
1 1072.0 721.0
1 623.0 722.0
1 641.0 723.0
1 734.0 724.0
1 760.0 724.0
1 632.0 725.0
1 718.0 725.0
1 646.0 726.0
1 1072.0 726.0
1 626.0 729.0
1 638.0 729.0
1 699.0 729.0
1 863.0 729.0
1 585.0 730.0
1 666.0 731.0
1 729.0 731.0
1 684.0 732.0
1 689.0 732.0
1 1066.0 732.0
1 671.0 733.0
1 97.0 734.0
1 584.0 736.0
1 884.0 736.0
1 993.0 736.0
1 636.0 737.0
1 1040.0 737.0
1 700.0 738.0
1 692.0 740.0
1 584.0 741.0
1 1071.0 741.0
1 1436.0 741.0
1 1456.0 741.0
1 311.0 742.0
1 647.0 742.0
1 722.0 742.0
1 1282.0 742.0
1 248.0 743.0
1 682.0 743.0
1 662.0 746.0
1 745.0 746.0
1 584.0 748.0
1 992.0 749.0
1 395.0 751.0
1 1071.0 752.0
1 113.0 755.0
1 990.0 755.0
1 1039.0 756.0
1 738.0 762.0
1 720.0 763.0
1 655.0 766.0
1 992.0 766.0
1 1069.0 771.0
1 585.0 775.0
1 360.0 781.0
1 993.0 781.0
1 1006.0 783.0
1 1067.0 786.0
1 586.0 792.0
1 585.0 799.0
1 1066.0 802.0
1 251.0 807.0
1 585.0 814.0
1 1068.0 816.0
1 1064.0 826.0
1 729.0 830.0
1 935.0 834.0
1 980.0 836.0
1 694.0 843.0
1 1065.0 846.0
1 573.0 850.0
1 23.0 857.0
1 527.0 863.0
1 1064.0 864.0
1 359.0 865.0
1 364.0 866.0
1 1360.0 867.0
1 288.0 868.0
1 889.0 870.0
1 543.0 875.0
1 680.0 878.0
1 902.0 879.0
1 114.0 880.0
1 367.0 880.0
1 729.0 891.0
1 859.0 896.0
1 1064.0 901.0
1 733.0 907.0
1 814.0 910.0
1 744.0 916.0
1 735.0 917.0
1 734.0 922.0
1 691.0 926.0
1 717.0 926.0
1 736.0 931.0
1 847.0 945.0
1 842.0 954.0
1 751.0 959.0
