0 127 0 107.95283029733716
0 311 1 209.71095335319458
0 419 3 415.9431069945138
0 3 8 281.63288567592826
0 135 11 256.78647126024407
0 917 14 156.36949327038246
0 421 15 256.97020603837746
0 611 19 416.90339220109706
0 415 20 114.59224721061936
0 595 21 403.4127941548819
0 202 26 458.1120032155078
0 103 27 107.24572090160676
0 226 33 119.78098574691019
0 220 34 112.30399349787193
0 27 40 126.69371273648477
0 5 41 311.79151252990084
0 7 43 324.96161988676755
0 354 51 182.96149526374984
0 18 58 211.52594138044464
0 376 68 276.7846996800115
0 310 70 269.4447745699571
0 625 72 366.82916163550306
0 28 77 360.8321593946993
0 144 83 306.0631818868825
0 173 84 431.6017861709129
0 162 85 193.54888427893846
0 776 86 487.9536023960811
0 290 87 152.96846822245672
0 467 89 378.2830405474876
0 169 91 388.48108329647783
0 258 93 452.7688148665051
0 330 96 121.96676195901529
0 622 97 384.80042963514614
0 93 101 173.66163381850384
0 8 103 106.47980654270226
0 459 112 335.4794718180976
0 871 116 303.4888558778434
0 150 117 345.2349973279974
0 560 125 170.2158467827519
0 953 126 179.01882047568222
0 274 130 112.92238245996127
0 537 132 432.85982186591224
0 698 137 213.24351385248357
0 956 139 484.2519061743344
0 490 140 188.09164385854552
0 440 141 457.5897845084519
0 968 142 144.97371029757207
0 913 148 145.9824793695921
0 147 162 128.92328199086276
0 183 169 205.90462603822363
0 557 170 331.97062304584915
0 214 171 270.9956275724527
0 347 173 428.1719860274863
0 276 174 377.66626995373383
0 74 175 223.921030047501
0 854 182 221.29094306227137
0 901 185 255.73096662149476
0 400 198 358.167581287698
0 136 199 190.28811543127486
0 158 200 319.34254009670184
0 451 202 142.1025072973022
0 203 204 468.80906231430873
0 111 210 177.33470334263737
0 141 218 134.81126424933584
0 313 221 422.7834692708201
0 663 223 372.35293419189946
0 31 224 489.2667094044107
0 780 229 209.3528755951185
0 599 237 466.29198696555994
0 414 239 258.88118691568957
0 738 243 138.8965643308744
0 763 245 233.72111983810106
0 631 249 211.25095483207517
0 572 252 242.13322149290377
0 55 256 292.7786926448786
0 545 259 254.62198902788677
0 966 272 258.0379707898072
0 890 275 154.76277055462418
0 761 279 362.1014173076076
0 807 281 192.0313014889245
0 659 286 410.837779202698
0 967 289 448.030242519918
0 526 295 255.13414938104492
0 860 300 223.93083313156637
0 140 301 191.1976589329309
0 204 314 107.24515875236946
0 819 315 266.8385022786429
0 699 324 332.0263678223748
0 868 334 184.21982147696343
0 869 335 350.0725769961439
0 484 339 275.4391237218296
0 845 345 132.0678743147547
0 597 349 393.9310001532077
0 992 350 193.72521741700882
0 241 353 131.93996914860614
0 955 366 349.1672913733043
0 862 379 233.2076981319021
0 299 381 295.91987883262635
0 273 388 424.9286581398359
0 264 391 201.0598378707034
0 462 402 167.9290056913157
0 521 411 454.2661396160625
0 586 412 347.6229666483502
0 361 418 274.03475330737905
0 199 424 281.24049314769053
0 507 430 193.7612386885523
0 100 438 396.2353286825032
0 131 440 243.2717563706125
0 300 441 372.3678512873792
0 152 442 185.9928778848369
0 914 447 159.77203851049845
0 63 448 346.95791703020916
0 443 449 355.2521835594913
0 638 455 373.167018839387
0 701 458 293.5884465150317
0 727 463 406.10092399055037
0 321 466 301.39743708586906
0 635 473 163.7892797064503
0 113 492 306.2792461468907
0 119 495 226.33378657067516
0 107 501 494.64708496391137
0 91 504 451.92155435632213
0 593 513 201.46446219005517
0 318 515 274.5689305287524
0 301 516 431.31290889779336
0 655 519 386.4649850807363
0 544 522 331.12228127031926
0 334 523 116.26378990543648
0 72 528 231.43833479661674
0 623 537 244.37184739140378
0 282 538 203.86005880358033
0 277 541 492.18272836957436
0 86 542 422.04865798392666
0 343 549 181.3253603223674
0 570 550 331.7823067798842
0 957 556 279.2398024358478
0 566 561 269.14634686304237
0 168 569 270.62062008375307
0 592 575 312.58943954294
0 285 580 420.59895533509444
0 117 582 165.25740501638467
0 407 583 143.13810623138863
0 16 586 456.7901221122561
0 329 587 376.4354065509508
0 207 597 292.36606262202815
0 399 600 173.6326437172742
0 555 603 307.62817094789403
0 427 610 405.4925564179543
0 155 613 391.29615737287094
0 723 616 246.2445474678066
0 573 617 470.88279142303804
0 146 618 128.2452835856788
0 233 621 188.25819036577522
0 858 622 467.4558498900091
0 561 624 382.10639101550237
0 1002 625 223.7058774272382
0 177 630 312.5524900063946
0 245 634 312.7480810942332
0 974 635 151.4361243755044
0 943 637 306.2447794671698
0 130 640 180.7593973313417
0 616 649 257.2188025029795
0 863 662 343.58088300194527
0 486 663 360.9051229926968
0 303 666 253.82919029878747
0 728 667 181.40474470505973
0 847 671 463.6818802407787
0 646 677 355.6586670465511
0 385 681 329.99151969887504
0 669 682 484.9973773129548
0 629 694 316.12152876340076
0 772 697 457.6561280995117
0 48 704 330.2956577616413
0 518 708 147.21486951948216
0 939 711 200.68380178288942
0 801 712 123.50513014138605
0 532 715 300.62980568978077
0 217 718 349.2635675657671
0 95 725 166.66444145630481
0 668 728 331.45309501233424
0 145 748 154.69311970707068
0 519 772 279.7723929053089
0 36 775 126.6003567130603
0 825 776 124.50322908699944
0 122 783 117.17487655485014
0 781 795 118.16306377377836
0 497 796 181.39974314377915
0 575 798 206.93081653180423
0 287 801 218.9902014991962
0 210 803 265.53925125131207
0 246 815 455.2427849987806
0 630 817 169.39174838465536
0 982 828 280.9247171805012
0 492 834 178.8283859040662
0 1022 837 180.84234129017173
0 156 845 171.82577048174298
0 908 846 107.92503870475151
0 164 848 240.65527046115437
0 851 861 263.8250810496477
0 608 864 272.2893523607209
0 538 866 413.7446180229738
0 296 870 179.57024855661714
0 924 873 348.97954386753884
0 237 886 212.41781845644869
0 1007 889 404.22460716033584
0 732 890 328.26860741217723
0 281 891 489.993292870539
0 259 896 274.18950930155955
0 420 898 208.78642663028683
0 997 899 214.11119728311866
0 54 901 326.90182043214315
0 979 906 452.79297908683117
0 686 909 334.68792054889946
0 778 910 204.26251431170616
0 736 911 446.41038334469283
0 398 915 122.13832575168666
0 783 917 332.6037700688215
0 581 932 392.5209772118735
0 688 940 147.1529683521255
0 565 947 123.69042595199188
0 928 952 371.69446917464705
0 504 961 140.18427347722124
0 791 965 392.986164497857
0 396 984 267.68469679198927
0 684 992 311.4378760718939
0 388 1000 124.92819718281123
0 43 1004 130.88424246405276
0 910 1007 306.9204858051331
0 219 1008 335.3249504174369
0 19 1012 462.61518010104777
0 816 1021 384.3691142304091
0 166 1022 498.7286996285519

0 765.0 1329.0
0 1488.0 880.0
0 841.0 959.0
0 1471.0 511.0
0 167.0 840.0
0 607.0 671.0
0 1647.0 183.0
0 1559.0 1896.0
0 777.0 959.0
0 95.0 520.0
0 1016.0 1087.0
0 1087.0 432.0
0 2014.0 1239.0
0 905.0 736.0
0 2231.0 935.0
0 756.0 1510.0
0 200.0 775.0
0 1000.0 1064.0
0 1448.0 1517.0
0 890.0 1503.0
0 780.0 944.0
0 2504.0 55.0
0 1024.0 616.0
0 2720.0 791.0
0 1344.0 1560.0
0 2664.0 999.0
0 1768.0 176.0
0 1600.0 111.0
0 2319.0 1336.0
0 2904.0 936.0
0 2936.0 879.0
0 1320.0 1007.0
0 1079.0 616.0
0 837.0 1137.0
0 671.0 704.0
0 2672.0 1527.0
0 479.0 111.0
0 1144.0 687.0
0 2327.0 999.0
0 1311.0 983.0
0 698.0 869.0
0 1867.0 830.0
0 832.0 1080.0
0 751.0 896.0
0 1560.0 1959.0
0 1255.0 1584.0
0 1447.0 832.0
0 1335.0 1400.0
0 144.0 727.0
0 640.0 143.0
0 519.0 72.0
0 1685.0 823.0
0 2152.0 1319.0
0 2199.0 88.0
0 488.0 1751.0
0 1017.0 735.0
0 623.0 648.0
0 2239.0 1184.0
0 2199.0 1160.0
0 869.0 1477.0
0 2495.0 189.0
0 2864.0 1455.0
0 80.0 767.0
0 2735.0 1152.0
0 2327.0 488.0
0 208.0 767.0
0 2741.0 855.0
0 656.0 871.0
0 1343.0 1408.0
0 1674.0 1911.0
0 1528.0 528.0
0 1400.0 671.0
0 906.0 1462.0
0 1623.0 199.0
0 1967.0 48.0
0 976.0 1239.0
0 2167.0 1319.0
0 829.0 920.0
0 1935.0 1240.0
0 311.0 1399.0
0 1976.0 48.0
0 967.0 1457.0
0 1055.0 616.0
0 1816.0 751.0
0 1352.0 143.0
0 1215.0 120.0
0 1111.0 1085.0
0 2351.0 1168.0
0 2832.0 791.0
0 2168.0 119.0
0 1760.0 159.0
0 1455.0 800.0
0 2304.0 1064.0
0 1792.0 967.0
0 2055.0 1056.0
0 2728.0 1567.0
0 2160.0 1381.0
0 1632.0 159.0
0 1031.0 1839.0
0 2688.0 783.0
0 1448.0 1856.0
0 1744.0 816.0
0 912.0 1023.0
0 2269.0 847.0
0 1768.0 1399.0
0 2239.0 1343.0
0 863.0 775.0
0 1016.0 895.0
0 833.0 997.0
0 1247.0 640.0
0 727.0 1175.0
0 1175.0 1808.0
0 1456.0 560.0
0 911.0 1360.0
0 935.0 1510.0
0 1952.0 1359.0
0 1232.0 1519.0
0 1888.0 735.0
0 2752.0 1463.0
0 424.0 1615.0
0 608.0 143.0
0 1848.0 872.0
0 240.0 1191.0
0 1975.0 1256.0
0 991.0 1800.0
0 2215.0 1335.0
0 825.0 1024.0
0 1783.0 1248.0
0 1207.0 1200.0
0 1839.0 711.0
0 2666.0 1955.0
0 848.0 343.0
0 1392.0 688.0
0 2063.0 664.0
0 2736.0 808.0
0 472.0 1535.0
0 1536.0 1775.0
0 936.0 769.0
0 824.0 1408.0
0 760.0 680.0
0 2544.0 1167.0
0 1224.0 143.0
0 1343.0 559.0
0 1984.0 840.0
0 1143.0 1928.0
0 2327.0 664.0
0 2824.0 887.0
0 120.0 824.0
0 1494.0 1250.0
0 2562.0 1400.0
0 1384.0 344.0
0 680.0 143.0
0 886.0 1410.0
0 159.0 1615.0
0 872.0 1392.0
0 1391.0 1895.0
0 1552.0 647.0
0 2047.0 1415.0
0 2760.0 776.0
0 1855.0 1975.0
0 2023.0 927.0
0 343.0 1744.0
0 761.0 938.0
0 647.0 1423.0
0 1352.0 1847.0
0 1352.0 1464.0
0 895.0 1639.0
0 816.0 167.0
0 1320.0 1320.0
0 1624.0 607.0
0 2664.0 1375.0
0 2086.0 1198.0
0 39.0 687.0
0 1776.0 664.0
0 1145.0 1135.0
0 1271.0 160.0
0 1583.0 1335.0
0 2264.0 975.0
0 1503.0 1000.0
0 1889.0 765.0
0 472.0 1567.0
0 631.0 1472.0
0 1503.0 1376.0
0 1208.0 935.0
0 744.0 439.0
0 656.0 593.0
0 2816.0 1511.0
0 2496.0 64.0
0 1384.0 1927.0
0 1871.0 15.0
0 2655.0 1367.0
0 2285.0 1221.0
0 1503.0 672.0
0 754.0 1072.0
0 1730.0 30.0
0 1976.0 1366.0
0 2759.0 1520.0
0 2296.0 1207.0
0 1047.0 152.0
0 2304.0 1151.0
0 1383.0 1783.0
0 1008.0 1880.0
0 1560.0 616.0
0 1719.0 872.0
0 1304.0 263.0
0 312.0 1383.0
0 890.0 845.0
0 312.0 1592.0
0 1654.0 1225.0
0 2576.0 94.0
0 1367.0 679.0
0 2568.0 1432.0
0 2990.0 767.0
0 1256.0 1712.0
0 1729.0 1351.0
0 583.0 832.0
0 1263.0 1928.0
0 1480.0 1327.0
0 806.0 1004.0
0 480.0 1007.0
0 1424.0 1583.0
0 703.0 1302.0
0 650.0 800.0
0 649.0 823.0
0 1552.0 768.0
0 1168.0 1848.0
0 583.0 879.0
0 1408.0 353.0
0 1255.0 616.0
0 1663.0 415.0
0 2567.0 799.0
0 1150.0 760.0
0 2800.0 976.0
0 223.0 888.0
0 455.0 816.0
0 2239.0 1247.0
0 1448.0 808.0
0 2240.0 87.0
0 1784.0 872.0
0 1792.0 1968.0
0 2951.0 856.0
0 873.0 870.0
0 2952.0 912.0
0 2093.0 992.0
0 207.0 896.0
0 2095.0 391.0
0 2912.0 904.0
0 1976.0 72.0
0 800.0 1271.0
0 1311.0 973.0
0 328.0 111.0
0 216.0 1407.0
0 711.0 1512.0
0 487.0 1623.0
0 1647.0 232.0
0 432.0 816.0
0 1910.0 798.0
0 1624.0 1991.0
0 1656.0 863.0
0 1328.0 784.0
0 287.0 1376.0
0 1335.0 1711.0
0 1919.0 1400.0
0 1343.0 776.0
0 2047.0 47.0
0 2456.0 31.0
0 883.0 1627.0
0 1135.0 1936.0
0 1648.0 296.0
0 1584.0 161.0
0 2544.0 815.0
0 40.0 516.0
0 1503.0 1335.0
0 2647.0 1399.0
0 1351.0 1856.0
0 1464.0 711.0
0 2568.0 696.0
0 2632.0 1408.0
0 944.0 727.0
0 1648.0 856.0
0 1631.0 712.0
0 1951.0 872.0
0 1733.0 1247.0
0 2159.0 784.0
0 2017.0 32.0
0 2783.0 1544.0
0 1503.0 161.0
0 1095.0 1144.0
0 495.0 1792.0
0 1936.0 1431.0
0 769.0 991.0
0 1003.0 1370.0
0 559.0 40.0
0 1063.0 1200.0
0 1047.0 1800.0
0 1895.0 1104.0
0 415.0 904.0
0 920.0 738.0
0 1304.0 807.0
0 360.0 662.0
0 940.0 1386.0
0 1232.0 759.0
0 1590.0 1952.0
0 639.0 664.0
0 1223.0 175.0
0 528.0 823.0
0 1480.0 1312.0
0 215.0 875.0
0 24.0 687.0
0 1887.0 632.0
0 2943.0 736.0
0 2749.0 1984.0
0 1183.0 1336.0
0 1688.0 1231.0
0 1647.0 123.0
0 1058.0 1087.0
0 1327.0 1551.0
0 344.0 1735.0
0 2496.0 78.0
0 1154.0 1881.0
0 1648.0 834.0
0 1432.0 1487.0
0 1549.0 113.0
0 1239.0 143.0
0 2952.0 1094.0
0 2792.0 855.0
0 2280.0 1367.0
0 655.0 143.0
0 1231.0 616.0
0 1000.0 1863.0
0 1615.0 616.0
0 224.0 1192.0
0 336.0 135.0
0 1040.0 799.0
0 2353.0 1249.0
0 1399.0 767.0
0 561.0 416.0
0 1111.0 687.0
0 1439.0 432.0
0 1391.0 1312.0
0 2840.0 143.0
0 820.0 886.0
0 535.0 1863.0
0 272.0 1615.0
0 2600.0 1375.0
0 1473.0 775.0
0 704.0 624.0
0 770.0 1018.0
0 1232.0 1847.0
0 2216.0 1528.0
0 817.0 983.0
0 71.0 760.0
0 780.0 975.0
0 765.0 1343.0
0 2648.0 206.0
0 1783.0 800.0
0 2415.0 777.0
0 904.0 991.0
0 2815.0 229.0
0 103.0 704.0
0 2864.0 799.0
0 1911.0 711.0
0 946.0 1402.0
0 1352.0 1023.0
0 1456.0 663.0
0 1479.0 975.0
0 1751.0 998.0
0 303.0 1086.0
0 2679.0 999.0
0 2655.0 967.0
0 2256.0 593.0
0 2896.0 696.0
0 1103.0 1680.0
0 2216.0 1480.0
0 375.0 1119.0
0 2328.0 808.0
0 344.0 655.0
0 1080.0 143.0
0 2199.0 1238.0
0 2023.0 1095.0
0 1880.0 807.0
0 901.0 767.0
0 80.0 1656.0
0 2951.0 1935.0
0 488.0 1943.0
0 2639.0 1432.0
0 2880.0 774.0
0 664.0 767.0
0 608.0 39.0
0 2767.0 735.0
0 2285.0 1309.0
0 1932.0 830.0
0 2775.0 32.0
0 368.0 1711.0
0 2080.0 1148.0
0 1247.0 1264.0
0 463.0 1792.0
0 592.0 703.0
0 455.0 1784.0
0 804.0 912.0
0 464.0 1615.0
0 1919.0 720.0
0 664.0 951.0
0 832.0 984.0
0 1447.0 1775.0
0 2045.0 1255.0
0 2272.0 984.0
0 2007.0 768.0
0 2943.0 975.0
0 2271.0 1095.0
0 2496.0 831.0
0 1672.0 816.0
0 1623.0 1319.0
0 784.0 535.0
0 1280.0 1765.0
0 336.0 31.0
0 1864.0 1087.0
0 1392.0 159.0
0 904.0 151.0
0 487.0 592.0
0 640.0 1472.0
0 1037.0 1847.0
0 343.0 88.0
0 1279.0 832.0
0 1216.0 1191.0
0 903.0 720.0
0 535.0 167.0
0 2670.0 88.0
0 207.0 727.0
0 2735.0 488.0
0 2145.0 1174.0
0 495.0 1912.0
0 1704.0 1023.0
0 2624.0 1335.0
0 704.0 1103.0
0 503.0 1367.0
0 823.0 120.0
0 1824.0 799.0
0 1352.0 1439.0
0 312.0 903.0
0 1456.0 832.0
0 368.0 127.0
0 1152.0 1463.0
0 656.0 1455.0
0 1265.0 1479.0
0 2300.0 1034.0
0 2624.0 895.0
0 814.0 1218.0
0 2295.0 1367.0
0 1145.0 848.0
0 2911.0 768.0
0 471.0 1016.0
0 1406.0 184.0
0 2144.0 703.0
0 168.0 1607.0
0 2127.0 384.0
0 1735.0 664.0
0 1135.0 640.0
0 1575.0 447.0
0 1055.0 799.0
0 955.0 1475.0
0 2264.0 561.0
0 2879.0 1416.0
0 640.0 799.0
0 1538.0 672.0
0 543.0 360.0
0 1616.0 680.0
0 1631.0 1463.0
0 2688.0 1352.0
0 2312.0 664.0
0 2032.0 871.0
0 440.0 1415.0
0 752.0 960.0
0 2088.0 575.0
0 2896.0 678.0
0 1002.0 1383.0
0 2375.0 1224.0
0 2178.0 1199.0
0 2800.0 903.0
0 144.0 888.0
0 2912.0 961.0
0 1960.0 80.0
0 1838.0 1943.0
0 80.0 1671.0
0 2680.0 775.0
0 416.0 696.0
0 719.0 320.0
0 2056.0 1391.0
0 1016.0 723.0
0 1280.0 199.0
0 1491.0 799.0
0 1743.0 288.0
0 2101.0 1957.0
0 423.0 1391.0
0 2793.0 1543.0
0 1951.0 1217.0
0 1960.0 1496.0
0 1653.0 1792.0
0 2511.0 79.0
0 2255.0 1056.0
0 2488.0 815.0
0 829.0 1505.0
0 2216.0 1463.0
0 1744.0 1984.0
0 1279.0 1562.0
0 1736.0 1960.0
0 1032.0 1519.0
0 1848.0 150.0
0 1224.0 1797.0
0 663.0 1368.0
0 843.0 990.0
0 135.0 736.0
0 1456.0 407.0
0 2210.0 1350.0
0 639.0 447.0
0 1632.0 376.0
0 2337.0 1040.0
0 967.0 695.0
0 744.0 1351.0
0 740.0 834.0
0 2863.0 928.0
0 1113.0 1632.0
0 2744.0 1270.0
0 854.0 1114.0
0 1895.0 1407.0
0 1096.0 591.0
0 2032.0 1400.0
0 1029.0 720.0
0 1549.0 89.0
0 143.0 671.0
0 336.0 1688.0
0 1112.0 1544.0
0 1736.0 647.0
0 1512.0 1336.0
0 1415.0 976.0
0 1511.0 168.0
0 495.0 998.0
0 2008.0 1095.0
0 1951.0 1232.0
0 143.0 767.0
0 1000.0 1792.0
0 2541.0 1416.0
0 1855.0 1935.0
0 1512.0 759.0
0 1832.0 960.0
0 784.0 1304.0
0 1792.0 639.0
0 946.0 1759.0
0 72.0 1591.0
0 1578.0 1248.0
0 2264.0 1210.0
0 1584.0 176.0
0 2464.0 1502.0
0 721.0 817.0
0 560.0 831.0
0 775.0 264.0
0 1296.0 1569.0
0 775.0 1519.0
0 1215.0 1776.0
0 2719.0 1312.0
0 359.0 111.0
0 2255.0 1105.0
0 1495.0 1927.0
0 2230.0 888.0
0 559.0 479.0
0 951.0 760.0
0 1448.0 1832.0
0 39.0 703.0
0 1080.0 720.0
0 1519.0 527.0
0 2679.0 808.0
0 2583.0 824.0
0 1175.0 664.0
0 2358.0 1214.0
0 2791.0 1511.0
0 1279.0 815.0
0 856.0 1185.0
0 400.0 127.0
0 407.0 455.0
0 416.0 111.0
0 1084.0 847.0
0 1664.0 181.0
0 1719.0 224.0
0 1632.0 664.0
0 2136.0 1191.0
0 327.0 1695.0
0 1280.0 1463.0
0 873.0 1420.0
0 1688.0 487.0
0 1879.0 816.0
0 440.0 455.0
0 1927.0 664.0
0 2575.0 1400.0
0 320.0 146.0
0 2192.0 1448.0
0 400.0 1599.0
0 832.0 941.0
0 2207.0 1400.0
0 674.0 791.0
0 48.0 560.0
0 999.0 120.0
0 488.0 815.0
0 208.0 1391.0
0 1583.0 800.0
0 2839.0 591.0
0 2662.0 1456.0
0 1440.0 87.0
0 959.0 1047.0
0 2959.0 1441.0
0 2959.0 1073.0
0 1391.0 776.0
0 1087.0 776.0
0 863.0 1423.0
0 1472.0 1343.0
0 335.0 96.0
0 1536.0 431.0
0 1398.0 1560.0
0 2104.0 103.0
0 1745.0 26.0
0 295.0 146.0
0 1024.0 766.0
0 741.0 695.0
0 1072.0 32.0
0 1023.0 1040.0
0 1384.0 768.0
0 1112.0 1224.0
0 1656.0 1983.0
0 919.0 815.0
0 2719.0 808.0
0 120.0 671.0
0 2831.0 856.0
0 487.0 55.0
0 480.0 1528.0
0 96.0 487.0
0 2200.0 1283.0
0 2441.0 1408.0
0 1871.0 1096.0
0 1292.0 805.0
0 848.0 135.0
0 2400.0 1399.0
0 1901.0 778.0
0 2471.0 664.0
0 1256.0 1871.0
0 199.0 1328.0
0 2513.0 384.0
0 1401.0 838.0
0 2408.0 664.0
0 680.0 1302.0
0 1720.0 856.0
0 1863.0 1144.0
0 1080.0 672.0
0 2247.0 1127.0
0 752.0 979.0
0 1240.0 1575.0
0 1087.0 887.0
0 2704.0 1433.0
0 2448.0 871.0
0 1743.0 1011.0
0 2911.0 1368.0
0 2648.0 1071.0
0 2450.0 1463.0
0 1150.0 208.0
0 2295.0 1471.0
0 1223.0 1296.0
0 648.0 887.0
0 944.0 1287.0
0 1759.0 727.0
0 1776.0 1304.0
0 655.0 15.0
0 375.0 1623.0
0 2295.0 48.0
0 1071.0 127.0
0 1624.0 1880.0
0 1167.0 1088.0
0 2312.0 1238.0
0 2214.0 64.0
0 288.0 839.0
0 1316.0 47.0
0 1439.0 1857.0
0 2319.0 1152.0
0 2648.0 887.0
0 1135.0 1616.0
0 1351.0 767.0
0 2784.0 1535.0
0 1322.0 1472.0
0 855.0 1391.0
0 568.0 343.0
0 438.0 1784.0
0 1727.0 1455.0
0 1175.0 1328.0
0 759.0 16.0
0 2600.0 1448.0
0 416.0 96.0
0 920.0 888.0
0 2240.0 1228.0
0 1847.0 1983.0
0 1897.0 304.0
0 1722.0 843.0
0 679.0 15.0
0 512.0 1359.0
0 2312.0 1028.0
0 2015.0 1400.0
0 2776.0 1487.0
0 815.0 1416.0
0 1655.0 1000.0
0 1536.0 1111.0
0 984.0 1318.0
0 2840.0 736.0
0 861.0 1224.0
0 1159.0 1079.0
0 1064.0 616.0
0 2127.0 1352.0
0 931.0 1492.0
0 2264.0 1359.0
0 2872.0 1424.0
0 1054.0 1368.0
0 110.0 536.0
0 2027.0 1270.0
0 2336.0 200.0
0 2408.0 1023.0
0 1207.0 367.0
0 1448.0 1000.0
0 1199.0 1688.0
0 1384.0 800.0
0 1840.0 1055.0
0 1279.0 751.0
0 2736.0 1248.0
0 2108.0 1335.0
0 2254.0 834.0
0 1367.0 1807.0
0 1238.0 1143.0
0 1031.0 1264.0
0 824.0 495.0
0 679.0 624.0
0 2863.0 1440.0
0 168.0 1591.0
0 695.0 143.0
0 1764.0 23.0
0 2864.0 95.0
0 2606.0 8.0
0 1295.0 1848.0
0 232.0 752.0
0 928.0 663.0
0 1879.0 72.0
0 496.0 1783.0
0 1488.0 424.0
0 207.0 1376.0
0 2575.0 72.0
0 2291.0 993.0
0 656.0 640.0
0 1248.0 1135.0
0 1439.0 1216.0
0 895.0 1415.0
0 2792.0 961.0
0 920.0 655.0
0 2373.0 1246.0
0 2704.0 799.0
0 2263.0 1040.0
0 2838.0 1144.0
0 1567.0 576.0
0 791.0 1256.0
0 471.0 1520.0
0 2376.0 352.0
0 1937.0 1219.0
0 2137.0 1265.0
0 2847.0 87.0
0 1424.0 848.0
0 944.0 1623.0
0 1536.0 592.0
0 664.0 15.0
0 1263.0 1416.0
0 23.0 943.0
0 2000.0 152.0
0 1439.0 847.0
0 399.0 111.0
0 2158.0 1270.0
0 1728.0 809.0
0 1087.0 575.0
0 904.0 1072.0
0 2063.0 456.0
0 63.0 584.0
0 120.0 574.0
0 2959.0 879.0
0 2081.0 1015.0
0 2368.0 664.0
0 2552.0 743.0
0 2824.0 767.0
0 1104.0 1439.0
0 840.0 367.0
0 1039.0 1328.0
0 391.0 352.0
0 1520.0 351.0
0 2912.0 943.0
0 263.0 480.0
0 2815.0 872.0
0 2022.0 1162.0
0 1264.0 78.0
0 2985.0 1439.0
0 2255.0 1333.0
0 159.0 1064.0
0 2879.0 904.0
0 1067.0 15.0
0 1072.0 575.0
0 2400.0 48.0
0 1208.0 174.0
0 2560.0 103.0
0 1623.0 376.0
0 1990.0 40.0
0 511.0 800.0
0 664.0 1520.0
0 1454.0 88.0
0 14.0 1144.0
0 1120.0 1623.0
0 1016.0 23.0
0 1238.0 1200.0
0 1144.0 1383.0
0 1946.0 1247.0
0 1502.0 1415.0
0 1319.0 144.0
0 2168.0 1422.0
0 795.0 1065.0
0 1200.0 616.0
0 1405.0 1022.0
0 1328.0 1871.0
0 2305.0 1224.0
0 1864.0 1323.0
0 1712.0 1247.0
0 216.0 999.0
0 2551.0 184.0
0 1053.0 711.0
0 1639.0 1224.0
0 1095.0 1871.0
0 630.0 248.0
0 1511.0 1296.0
0 710.0 889.0
0 519.0 815.0
0 2856.0 359.0
0 2402.0 1330.0
0 768.0 15.0
0 2415.0 1280.0
0 159.0 751.0
0 1375.0 952.0
0 248.0 943.0
0 2608.0 935.0
0 1564.0 768.0
0 1608.0 727.0
0 1588.0 121.0
0 2568.0 48.0
0 1312.0 744.0
0 2776.0 1351.0
0 415.0 1655.0
0 775.0 1508.0
0 71.0 823.0
0 1336.0 1888.0
0 544.0 1383.0
0 1737.0 711.0
0 528.0 808.0
0 2256.0 736.0
0 2698.0 753.0
0 704.0 1174.0
0 488.0 1767.0
0 1319.0 736.0
0 1303.0 159.0
0 367.0 1511.0
0 2343.0 1285.0
0 152.0 1376.0
0 1469.0 1864.0
0 815.0 1352.0
0 511.0 40.0
0 1112.0 296.0
0 1519.0 634.0
0 2591.0 679.0
0 279.0 927.0
0 2719.0 1328.0
0 750.0 1334.0
0 439.0 1671.0
0 455.0 1392.0
0 1352.0 1455.0
0 2097.0 1263.0
0 1563.0 192.0
0 439.0 1496.0
0 2297.0 1274.0
0 400.0 1399.0
0 1335.0 1471.0
0 2967.0 1522.0
0 416.0 1679.0
0 2054.0 1167.0
0 656.0 1440.0
0 1831.0 642.0
0 1713.0 1135.0
0 1040.0 103.0
0 1119.0 1560.0
0 311.0 512.0
0 1552.0 896.0
0 2392.0 1407.0
0 431.0 111.0
0 1906.0 1233.0
0 1848.0 743.0
0 1343.0 910.0
0 1254.0 1408.0
0 64.0 751.0
0 1744.0 167.0
0 1896.0 928.0
0 95.0 735.0
0 1319.0 1856.0
0 1799.0 621.0
0 2034.0 1298.0
0 2703.0 103.0
0 1759.0 1047.0
0 2344.0 127.0
0 976.0 23.0
0 751.0 605.0
0 352.0 1655.0
0 2791.0 167.0
0 167.0 1376.0
0 784.0 870.0
0 176.0 1631.0
0 2512.0 199.0
0 1888.0 1360.0
0 1327.0 1640.0
0 520.0 1839.0
0 797.0 1480.0
0 177.0 1376.0
0 2896.0 960.0
0 988.0 744.0
0 192.0 935.0
0 2295.0 808.0
0 1911.0 1221.0
0 895.0 865.0
0 2287.0 1504.0
0 2143.0 776.0
0 2919.0 840.0
0 722.0 1284.0
0 194.0 912.0
0 1168.0 1183.0
0 576.0 39.0
0 400.0 1415.0
0 1287.0 847.0
0 999.0 1255.0
0 1705.0 863.0
0 712.0 776.0
0 2520.0 1383.0
0 304.0 960.0
0 2552.0 799.0
0 960.0 807.0
0 383.0 1735.0
0 1272.0 1734.0
0 1184.0 889.0
0 2688.0 1462.0
0 2624.0 206.0
0 527.0 1928.0
0 864.0 1375.0
0 1536.0 800.0
0 2792.0 999.0
0 815.0 576.0
0 528.0 1736.0
0 912.0 1383.0
0 464.0 1655.0
0 2960.0 1455.0
0 1209.0 1175.0
0 1840.0 1327.0
0 975.0 32.0
0 623.0 887.0
0 2071.0 1352.0
0 2599.0 1136.0
0 2904.0 1391.0
0 2088.0 55.0
0 1351.0 823.0
0 58.0 831.0
0 2135.0 79.0
0 1935.0 1368.0
0 1944.0 57.0
0 128.0 1135.0
0 2936.0 1503.0
0 1952.0 48.0
0 1127.0 1184.0
0 2296.0 1055.0
0 967.0 1216.0
0 1848.0 1944.0
0 2560.0 664.0
0 591.0 815.0
0 520.0 1728.0
0 2120.0 160.0
0 495.0 200.0
0 1430.0 768.0
0 167.0 904.0
0 967.0 832.0
0 1575.0 776.0
0 2616.0 863.0
0 2768.0 1079.0
0 927.0 1023.0
0 1463.0 766.0
0 864.0 143.0
0 2743.0 752.0
0 1104.0 759.0
0 1192.0 1040.0
0 408.0 160.0
0 2880.0 1504.0
0 2254.0 15.0
0 2567.0 808.0
0 789.0 1011.0
0 727.0 1350.0
0 184.0 702.0
0 375.0 887.0
0 845.0 1191.0
0 2960.0 863.0
0 215.0 1183.0
0 1793.0 464.0
0 1399.0 264.0
0 1799.0 1399.0
0 1696.0 1415.0
0 1136.0 1191.0
0 1119.0 591.0
0 16.0 1704.0
0 71.0 919.0
0 23.0 912.0
0 1519.0 824.0
0 1729.0 727.0
0 1640.0 1928.0
0 2375.0 127.0
0 1344.0 831.0
0 1583.0 408.0
0 1656.0 1888.0
0 1713.0 1120.0
1 839.0 1279.0
1 2231.0 941.0
1 728.0 791.0
1 750.0 891.0
1 2288.0 1607.0
1 1541.0 1016.0
1 271.0 1071.0
1 771.0 816.0
1 2089.0 847.0
1 1945.0 870.0
1 2456.0 1647.0
1 1360.0 1199.0
1 1399.0 64.0
1 1272.0 87.0
1 800.0 1452.0
1 1704.0 327.0
1 1157.0 1439.0
1 905.0 1272.0
1 1991.0 1072.0
1 936.0 792.0
1 1134.0 108.0
1 1512.0 296.0
1 385.0 35.0
1 1121.0 134.0
1 1104.0 975.0
1 856.0 135.0
1 1349.0 1193.0
1 701.0 768.0
1 801.0 870.0
1 1792.0 1231.0
1 79.0 1119.0
1 1344.0 968.0
1 609.0 671.0
1 2527.0 1007.0
1 2496.0 1024.0
1 2512.0 199.0
1 2096.0 1190.0
1 1896.0 407.0
1 1134.0 95.0
1 944.0 326.0
1 1400.0 1207.0
1 895.0 1384.0
1 1568.0 295.0
1 810.0 1184.0
1 183.0 1344.0
1 856.0 1032.0
1 762.0 1466.0
1 1149.0 110.0
1 1544.0 1087.0
1 606.0 752.0
1 1271.0 615.0
1 1335.0 287.0
1 2728.0 1600.0
1 2381.0 159.0
1 1360.0 295.0
1 1650.0 968.0
1 1134.0 122.0
1 975.0 1039.0
1 1368.0 287.0
1 1063.0 1407.0
1 592.0 112.0
1 1335.0 1168.0
1 1328.0 48.0
1 2199.0 1295.0
1 2280.0 199.0
1 1759.0 1023.0
1 2847.0 1568.0
1 848.0 993.0
1 806.0 736.0
1 55.0 847.0
1 1327.0 1856.0
1 359.0 1055.0
1 1337.0 134.0
1 654.0 544.0
1 1055.0 232.0
1 1148.0 96.0
1 705.0 526.0
1 703.0 640.0
1 705.0 679.0
1 1967.0 335.0
1 599.0 1231.0
1 960.0 1071.0
1 1040.0 911.0
1 1464.0 1215.0
1 743.0 1478.0
1 717.0 1470.0
1 1944.0 1711.0
1 1288.0 39.0
1 840.0 1623.0
1 1384.0 1527.0
1 2743.0 1616.0
1 1247.0 1487.0
1 992.0 1000.0
1 1529.0 995.0
1 552.0 1248.0
1 1040.0 1008.0
1 1201.0 120.0
1 2121.0 1679.0
1 1361.0 1176.0
1 2912.0 1223.0
1 1296.0 1383.0
1 2376.0 231.0
1 1271.0 1750.0
1 1430.0 243.0
1 1320.0 280.0
1 1776.0 406.0
1 1143.0 1055.0
1 824.0 1493.0
1 1216.0 791.0
1 2104.0 1015.0
1 1047.0 1054.0
1 1143.0 927.0
1 840.0 896.0
1 2367.0 1589.0
1 1263.0 839.0
1 1489.0 1656.0
1 679.0 615.0
1 1391.0 575.0
1 2664.0 1655.0
1 1930.0 1183.0
1 631.0 1199.0
1 890.0 1066.0
1 1970.0 985.0
1 127.0 1103.0
1 2407.0 1671.0
1 1025.0 911.0
1 2488.0 1055.0
1 714.0 1358.0
1 1623.0 103.0
1 703.0 1199.0
1 1666.0 974.0
1 1207.0 1034.0
1 1358.0 1159.0
1 713.0 808.0
1 1215.0 879.0
1 904.0 605.0
1 2183.0 1056.0
1 1624.0 1592.0
1 919.0 295.0
1 2903.0 1551.0
1 1024.0 991.0
1 791.0 945.0
1 512.0 1135.0
1 2784.0 1000.0
1 1567.0 959.0
1 2200.0 897.0
1 1542.0 184.0
1 743.0 875.0
1 479.0 1265.0
1 2672.0 1335.0
1 1696.0 991.0
1 766.0 1514.0
1 1128.0 1399.0
1 2232.0 394.0
1 2272.0 176.0
1 1496.0 1176.0
1 1262.0 961.0
1 2055.0 1664.0
1 1584.0 1576.0
1 791.0 231.0
1 624.0 568.0
1 1959.0 1141.0
1 975.0 272.0
1 798.0 1256.0
1 1040.0 983.0
1 2880.0 1727.0
1 1760.0 1719.0
1 383.0 1175.0
1 1239.0 831.0
1 1295.0 960.0
1 2072.0 359.0
1 1304.0 1671.0
1 400.0 1287.0
1 1040.0 311.0
1 2392.0 151.0
1 2695.0 1312.0
1 1150.0 138.0
1 2496.0 1007.0
1 725.0 1486.0
1 1031.0 1000.0
1 2447.0 56.0
1 1095.0 1408.0
1 1400.0 1615.0
1 1295.0 880.0
1 1174.0 489.0
1 2887.0 1407.0
1 2696.0 1032.0
1 724.0 522.0
1 1040.0 87.0
1 1383.0 1176.0
1 1624.0 305.0
1 2960.0 1055.0
1 1149.0 124.0
1 1071.0 352.0
1 1120.0 94.0
1 1990.0 1214.0
1 1656.0 1743.0
1 1190.0 456.0
1 1317.0 121.0
1 1064.0 1287.0
1 2239.0 1135.0
1 2568.0 224.0
1 1383.0 304.0
1 1016.0 599.0
1 1469.0 257.0
1 2376.0 271.0
1 2328.0 159.0
1 2160.0 1295.0
1 1254.0 1768.0
1 1438.0 929.0
1 1968.0 248.0
1 295.0 192.0
1 2824.0 1127.0
1 1334.0 695.0
1 1993.0 1163.0
1 224.0 87.0
1 1703.0 969.0
1 2288.0 384.0
1 735.0 863.0
1 1055.0 456.0
1 691.0 581.0
1 680.0 791.0
1 834.0 821.0
1 1646.0 1552.0
1 903.0 247.0
1 2151.0 880.0
1 807.0 1116.0
1 896.0 224.0
1 1496.0 1647.0
1 1896.0 1639.0
1 2952.0 127.0
1 2184.0 1871.0
1 1119.0 107.0
1 765.0 568.0
1 160.0 1207.0
1 1496.0 903.0
1 869.0 1055.0
1 1898.0 1112.0
1 2511.0 1351.0
1 528.0 1207.0
1 2888.0 919.0
1 714.0 1373.0
1 344.0 943.0
1 1288.0 1184.0
1 143.0 936.0
1 2053.0 1190.0
1 1136.0 1391.0
1 2815.0 1137.0
1 2807.0 984.0
1 919.0 1404.0
1 47.0 176.0
1 1327.0 1176.0
1 1447.0 206.0
1 1336.0 1552.0
1 2111.0 1880.0
1 632.0 991.0
1 440.0 1455.0
1 1456.0 663.0
1 1626.0 970.0
1 1808.0 1216.0
1 1719.0 369.0
1 689.0 567.0
1 79.0 839.0
1 308.0 29.0
1 1679.0 989.0
1 1904.0 1735.0
1 487.0 1095.0
1 810.0 695.0
1 2616.0 160.0
1 2760.0 1366.0
1 239.0 23.0
1 2544.0 1054.0
1 232.0 1392.0
1 520.0 111.0
1 2612.0 1584.0
1 1376.0 1163.0
1 962.0 1299.0
1 2455.0 1279.0
1 2215.0 901.0
1 2792.0 1295.0
1 826.0 926.0
1 1167.0 1487.0
1 1917.0 1124.0
1 2272.0 191.0
1 1087.0 1449.0
1 960.0 999.0
1 151.0 184.0
1 960.0 136.0
1 2012.0 968.0
1 1163.0 98.0
1 2239.0 1064.0
1 2455.0 1808.0
1 2360.0 1776.0
1 642.0 1311.0
1 1091.0 1247.0
1 2398.0 351.0
1 1224.0 902.0
1 2455.0 1168.0
1 2887.0 1153.0
1 869.0 722.0
1 48.0 191.0
1 2232.0 910.0
1 2891.0 1272.0
1 1471.0 928.0
1 607.0 1424.0
1 2440.0 1811.0
1 1031.0 167.0
1 1759.0 367.0
1 1352.0 1128.0
1 1341.0 120.0
1 1248.0 744.0
1 1336.0 1045.0
1 1095.0 38.0
1 784.0 1247.0
1 718.0 1432.0
1 2584.0 176.0
1 863.0 264.0
1 2248.0 439.0
1 1343.0 703.0
1 2047.0 1624.0
1 1040.0 920.0
1 1311.0 919.0
1 1568.0 135.0
1 2991.0 992.0
1 2144.0 375.0
1 2792.0 1022.0
1 613.0 1447.0
1 2312.0 255.0
1 1424.0 1615.0
1 800.0 1430.0
1 2110.0 1292.0
1 688.0 1064.0
1 2511.0 1024.0
1 2012.0 945.0
1 826.0 1085.0
1 1728.0 1255.0
1 1992.0 984.0
1 2080.0 375.0
1 796.0 1467.0
1 1164.0 112.0
1 2280.0 311.0
1 1512.0 1688.0
1 775.0 743.0
1 1579.0 1184.0
1 797.0 679.0
1 1200.0 832.0
1 1198.0 783.0
1 1367.0 919.0
1 1408.0 1104.0
1 2952.0 1279.0
1 696.0 96.0
1 519.0 1047.0
1 1672.0 319.0
1 1409.0 136.0
1 1450.0 952.0
1 976.0 967.0
1 2824.0 992.0
1 1623.0 1791.0
1 445.0 65.0
1 1164.0 139.0
1 618.0 751.0
1 815.0 295.0
1 2320.0 311.0
1 1357.0 1008.0
1 1415.0 280.0
1 1146.0 1016.0
1 1472.0 209.0
1 1015.0 224.0
1 1348.0 1655.0
1 736.0 1213.0
1 2903.0 1344.0
1 1224.0 784.0
1 706.0 542.0
1 1311.0 32.0
1 1456.0 123.0
1 991.0 1495.0
1 1375.0 1392.0
1 1760.0 1656.0
1 2511.0 1592.0
1 552.0 1895.0
1 2010.0 984.0
1 2543.0 175.0
1 1984.0 1576.0
1 831.0 264.0
1 1079.0 1424.0
1 1151.0 1536.0
1 1504.0 311.0
1 120.0 184.0
1 775.0 937.0
1 2216.0 1623.0
1 1120.0 121.0
1 2296.0 391.0
1 1807.0 1231.0
1 2911.0 1296.0
1 1024.0 108.0
1 2023.0 1671.0
1 1225.0 989.0
1 1136.0 1247.0
1 791.0 775.0
1 935.0 216.0
1 912.0 304.0
1 1703.0 1911.0
1 631.0 599.0
1 1216.0 479.0
1 1016.0 712.0
1 1904.0 862.0
1 1262.0 344.0
1 1336.0 919.0
1 2904.0 1400.0
1 112.0 199.0
1 665.0 728.0
1 2808.0 1575.0
1 2464.0 175.0
1 1040.0 1487.0
1 1865.0 1711.0
1 763.0 879.0
1 1984.0 1951.0
1 176.0 1359.0
1 1487.0 752.0
1 1215.0 767.0
1 1160.0 1094.0
1 752.0 1498.0
1 1952.0 1684.0
1 1240.0 1840.0
1 607.0 1807.0
1 951.0 1782.0
1 2855.0 976.0
1 1058.0 999.0
1 2463.0 1160.0
1 1576.0 1023.0
1 2246.0 1672.0
1 143.0 199.0
1 2007.0 1664.0
1 1200.0 1271.0
1 699.0 835.0
1 2520.0 135.0
1 1183.0 1185.0
1 1448.0 942.0
1 2670.0 1632.0
1 80.0 79.0
1 952.0 247.0
1 632.0 720.0
1 2359.0 160.0
1 944.0 1053.0
1 312.0 992.0
1 550.0 1464.0
1 1352.0 975.0
1 2071.0 1640.0
1 176.0 80.0
1 447.0 1472.0
1 2348.0 925.0
1 1280.0 887.0
1 2455.0 128.0
1 1551.0 144.0
1 2263.0 1768.0
1 1032.0 247.0
1 1465.0 672.0
1 733.0 969.0
1 2439.0 96.0
1 1184.0 864.0
1 2376.0 1697.0
1 2415.0 1607.0
1 592.0 935.0
1 872.0 1255.0
1 877.0 1018.0
1 2872.0 1639.0
1 784.0 800.0
1 1888.0 279.0
1 72.0 1352.0
1 2343.0 1136.0
1 1527.0 1576.0
1 711.0 1096.0
1 175.0 1207.0
1 1872.0 279.0
1 1455.0 145.0
1 1528.0 223.0
1 1495.0 72.0
1 304.0 543.0
1 1158.0 400.0
1 1135.0 137.0
1 1168.0 1103.0
1 1839.0 1239.0
1 688.0 928.0
1 1495.0 303.0
1 1310.0 1312.0
1 1200.0 1599.0
1 1199.0 1328.0
1 2911.0 1184.0
1 2183.0 1228.0
1 672.0 798.0
1 2343.0 1088.0
1 920.0 65.0
1 709.0 793.0
1 1312.0 1512.0
1 2039.0 1655.0
1 2369.0 1160.0
1 2287.0 176.0
1 952.0 272.0
1 1389.0 134.0
1 2936.0 1040.0
1 2351.0 1144.0
1 519.0 1439.0
1 1567.0 1687.0
1 1296.0 122.0
1 807.0 136.0
1 2887.0 1007.0
1 2816.0 1879.0
1 2040.0 1131.0
1 303.0 1175.0
1 2888.0 863.0
1 2583.0 279.0
1 1176.0 1415.0
1 1278.0 960.0
1 2952.0 1215.0
1 679.0 279.0
1 1768.0 607.0
1 2560.0 1728.0
1 1968.0 288.0
1 819.0 1198.0
1 1751.0 288.0
1 1568.0 1087.0
1 1375.0 983.0
1 729.0 736.0
1 1811.0 1671.0
1 2672.0 1768.0
1 1703.0 1727.0
1 1808.0 1071.0
1 842.0 1375.0
1 208.0 207.0
1 1481.0 143.0
1 2384.0 1176.0
1 1967.0 880.0
1 1038.0 1407.0
1 2989.0 22.0
1 24.0 776.0
1 1856.0 1951.0
1 967.0 1312.0
1 1168.0 928.0
1 1624.0 1687.0
1 1536.0 311.0
1 743.0 799.0
1 1048.0 487.0
1 1272.0 1263.0
1 2863.0 1863.0
1 2488.0 1143.0
1 1056.0 1008.0
1 1536.0 897.0
1 1914.0 1111.0
1 1871.0 1950.0
1 143.0 872.0
1 671.0 239.0
1 1229.0 145.0
1 2535.0 1064.0
1 1088.0 1423.0
1 592.0 599.0
1 1351.0 960.0
1 1360.0 48.0
1 2520.0 1183.0
1 2336.0 687.0
1 216.0 1055.0
1 2167.0 1240.0
1 1111.0 1000.0
1 232.0 207.0
1 1976.0 945.0
1 2904.0 39.0
1 1015.0 1080.0
1 2087.0 1024.0
1 2855.0 1384.0
1 1057.0 583.0
1 1264.0 1296.0
1 2143.0 1113.0
1 1792.0 1263.0
1 680.0 1509.0
1 1880.0 327.0
1 765.0 1441.0
1 2157.0 1222.0
1 2647.0 455.0
1 1839.0 1872.0
1 1592.0 1014.0
1 1238.0 999.0
1 2818.0 1335.0
1 741.0 1194.0
1 1325.0 133.0
1 2080.0 271.0
1 975.0 1335.0
1 134.0 1392.0
1 1535.0 1303.0
1 2935.0 871.0
1 1576.0 1719.0
1 1855.0 1896.0
1 1151.0 1584.0
1 1063.0 488.0
1 1055.0 984.0
1 2097.0 1174.0
1 2319.0 64.0
1 2208.0 239.0
1 888.0 1711.0
1 2127.0 1352.0
1 759.0 263.0
1 1864.0 335.0
1 1104.0 1431.0
1 847.0 125.0
1 2791.0 1839.0
1 2462.0 136.0
1 63.0 1119.0
1 1935.0 856.0
1 2231.0 72.0
1 2399.0 1128.0
1 2225.0 1166.0
1 2280.0 167.0
1 1840.0 1594.0
1 839.0 1501.0
1 2376.0 255.0
1 1390.0 1213.0
1 1128.0 1055.0
1 1184.0 431.0
1 1823.0 1104.0
1 318.0 542.0
1 608.0 575.0
1 1927.0 1824.0
1 2064.0 295.0
1 1825.0 1760.0
1 1360.0 326.0
1 1879.0 1095.0
1 2560.0 198.0
1 863.0 1475.0
1 1791.0 1680.0
1 1410.0 1192.0
1 2926.0 112.0
1 2162.0 1138.0
1 1519.0 1376.0
1 1104.0 1166.0
1 2279.0 72.0
1 2423.0 928.0
1 2959.0 1342.0
1 1679.0 672.0
1 744.0 825.0
1 2704.0 1135.0
1 1895.0 385.0
1 2704.0 1847.0
1 1183.0 384.0
1 400.0 1456.0
1 1775.0 992.0
1 1367.0 1280.0
1 1327.0 1887.0
1 1088.0 1463.0
1 1270.0 184.0
1 1376.0 1648.0
1 776.0 1493.0
1 2712.0 1871.0
1 2248.0 503.0
1 2760.0 1959.0
1 1479.0 114.0
1 2927.0 1400.0
1 1311.0 1040.0
1 807.0 762.0
1 2370.0 183.0
1 2552.0 1304.0
1 936.0 1782.0
1 1335.0 296.0
1 2807.0 992.0
1 2302.0 559.0
1 1389.0 971.0
1 639.0 767.0
1 1047.0 288.0
1 1184.0 1527.0
1 2799.0 1138.0
1 1960.0 1271.0
1 2256.0 859.0
1 1088.0 983.0
1 808.0 231.0
1 2768.0 1975.0
1 765.0 827.0
1 1592.0 1607.0
1 2263.0 136.0
1 2087.0 232.0
1 263.0 192.0
1 2495.0 1096.0
1 1463.0 200.0
1 1287.0 336.0
1 1288.0 799.0
1 1775.0 168.0
1 60.0 46.0
1 2304.0 328.0
1 696.0 215.0
1 910.0 56.0
1 1960.0 279.0
1 2335.0 1096.0
1 727.0 664.0
1 576.0 577.0
1 1503.0 240.0
1 1240.0 359.0
1 1145.0 439.0
1 1743.0 271.0
1 1345.0 744.0
1 636.0 680.0
1 2304.0 262.0
1 2464.0 1287.0
1 925.0 701.0
1 2512.0 1095.0
1 2503.0 856.0
1 1311.0 695.0
1 1320.0 80.0
1 1696.0 1543.0
1 1346.0 776.0
1 919.0 1591.0
1 2672.0 983.0
1 351.0 552.0
1 1960.0 295.0
1 1047.0 1416.0
1 1799.0 1271.0
1 2176.0 1799.0
1 2696.0 1831.0
1 2312.0 1640.0
1 1903.0 1759.0
1 2448.0 1839.0
1 968.0 239.0
1 2880.0 1215.0
1 849.0 392.0
1 2304.0 1975.0
1 1152.0 1510.0
1 151.0 1271.0
1 1065.0 446.0
1 1438.0 1543.0
1 2888.0 15.0
1 615.0 1176.0
1 1696.0 1712.0
1 647.0 664.0
1 1706.0 1295.0
1 1416.0 1623.0
1 1039.0 325.0
1 1231.0 528.0
1 952.0 102.0
1 1512.0 223.0
1 1224.0 350.0
1 2639.0 175.0
1 759.0 520.0
1 1776.0 463.0
1 1975.0 968.0
1 1495.0 1111.0
1 2576.0 1287.0
1 2880.0 1544.0
1 2783.0 1272.0
1 36.0 44.0
1 504.0 1215.0
1 2648.0 991.0
1 1063.0 470.0
1 2296.0 1656.0
1 2376.0 1807.0
1 656.0 280.0
1 2056.0 1206.0
1 831.0 1744.0
1 1164.0 126.0
1 311.0 1192.0
1 865.0 1032.0
1 639.0 592.0
1 1391.0 1511.0
1 1240.0 1695.0
1 2583.0 1088.0
1 1269.0 976.0
1 1367.0 1015.0
1 1383.0 991.0
1 1215.0 1088.0
1 1743.0 647.0
1 1536.0 1647.0
1 2624.0 1351.0
1 1137.0 81.0
1 1583.0 959.0
1 1352.0 1168.0
1 2184.0 1602.0
1 856.0 456.0
1 2118.0 1688.0
1 1526.0 1020.0
1 1643.0 995.0
1 1384.0 824.0
1 1255.0 1263.0
1 1006.0 1110.0
1 448.0 1624.0
1 792.0 127.0
1 2360.0 1832.0
1 1367.0 760.0
1 1927.0 1141.0
1 637.0 711.0
1 2144.0 359.0
1 1775.0 1553.0
1 839.0 1560.0
1 1215.0 512.0
1 2135.0 1695.0
1 751.0 814.0
1 1048.0 1392.0
1 1377.0 1507.0
1 2648.0 1304.0
1 1487.0 1095.0
1 720.0 1064.0
1 103.0 1111.0
1 608.0 1455.0
1 1391.0 680.0
1 1735.0 1024.0
1 691.0 1511.0
1 631.0 623.0
1 2297.0 885.0
1 946.0 1475.0
1 1856.0 327.0
1 599.0 1128.0
1 2385.0 15.0
1 1401.0 1968.0
1 543.0 1695.0
1 1679.0 1040.0
1 88.0 943.0
1 1439.0 1711.0
1 648.0 1143.0
1 1487.0 292.0
1 2903.0 871.0
1 1639.0 958.0
1 88.0 1056.0
1 1431.0 144.0
1 1319.0 647.0
1 2119.0 1872.0
1 1375.0 1071.0
1 912.0 1239.0
1 1295.0 1296.0
1 464.0 1615.0
1 2512.0 1703.0
1 297.0 15.0
1 1624.0 327.0
1 1522.0 1001.0
1 904.0 216.0
1 103.0 832.0
1 359.0 1551.0
1 1328.0 704.0
1 1947.0 960.0
1 2381.0 175.0
1 1199.0 400.0
1 827.0 1466.0
1 2040.0 1903.0
1 1093.0 1480.0
1 1695.0 1119.0
1 758.0 696.0
1 2736.0 1039.0
1 264.0 32.0
1 2592.0 967.0
1 1024.0 32.0
1 1831.0 223.0
1 2424.0 968.0
1 2015.0 1832.0
1 1200.0 991.0
1 2912.0 63.0
1 888.0 231.0
1 2240.0 383.0
1 2456.0 94.0
1 208.0 695.0
1 1048.0 975.0
1 2470.0 80.0
1 1640.0 319.0
1 1527.0 1328.0
1 1183.0 1202.0
1 831.0 1527.0
1 710.0 817.0
1 832.0 144.0
1 2927.0 1376.0
1 926.0 1391.0
1 287.0 863.0
1 2016.0 1055.0
1 2144.0 1338.0
1 463.0 1640.0
1 2952.0 1392.0
1 535.0 1176.0
1 511.0 1200.0
1 2226.0 1181.0
1 1139.0 966.0
1 8.0 1319.0
1 1173.0 1456.0
1 1479.0 1215.0
1 2007.0 1760.0
1 2000.0 1743.0
1 1904.0 1823.0
1 2311.0 1088.0
1 496.0 1623.0
1 1510.0 135.0
1 1848.0 376.0
1 2718.0 1839.0
1 2600.0 1007.0
1 1791.0 406.0
1 200.0 1392.0
1 1343.0 207.0
1 619.0 1457.0
1 2983.0 936.0
1 825.0 1504.0
1 975.0 1735.0
1 2759.0 918.0
1 1119.0 959.0
1 1232.0 1263.0
1 1727.0 280.0
1 2104.0 1871.0
1 2560.0 1239.0
1 543.0 208.0
1 728.0 1431.0
1 904.0 109.0
1 2264.0 223.0
1 240.0 192.0
1 1800.0 951.0
1 480.0 551.0
1 1847.0 1248.0
1 708.0 917.0
1 1226.0 1016.0
1 1495.0 1632.0
1 2224.0 1216.0
1 2098.0 1208.0
1 1419.0 251.0
1 2639.0 134.0
1 1391.0 720.0
1 1439.0 1552.0
1 1189.0 141.0
1 1512.0 1168.0
1 792.0 1194.0
1 731.0 1512.0
1 1016.0 71.0
1 2136.0 877.0
1 831.0 1039.0
1 1672.0 1013.0
1 2018.0 1154.0
1 1471.0 951.0
1 248.0 111.0
1 2073.0 1055.0
1 2552.0 1183.0
1 404.0 30.0
1 926.0 1040.0
1 2296.0 178.0
1 1392.0 1000.0
1 443.0 1350.0
1 2919.0 1359.0
1 1512.0 1017.0
1 1063.0 160.0
1 2151.0 392.0
1 511.0 1111.0
1 1023.0 57.0
1 2503.0 159.0
1 2984.0 1783.0
1 2215.0 136.0
1 2079.0 1264.0
1 2127.0 393.0
1 1631.0 15.0
1 1384.0 919.0
1 924.0 1004.0
1 748.0 1457.0
1 2312.0 511.0
1 2280.0 63.0
1 2872.0 1097.0
1 1847.0 1728.0
1 992.0 183.0
1 696.0 799.0
1 2248.0 175.0
1 2407.0 144.0
1 806.0 960.0
1 1423.0 63.0
1 1559.0 1087.0
1 789.0 551.0
1 1272.0 1504.0
1 737.0 1302.0
1 2799.0 1223.0
1 1509.0 1543.0
1 1159.0 1173.0
1 1272.0 1495.0
1 1127.0 912.0
1 1310.0 1647.0
1 2400.0 63.0
1 1527.0 1168.0
1 1943.0 1263.0
1 968.0 792.0
1 464.0 1158.0
1 2319.0 1096.0
1 1879.0 874.0
1 2623.0 175.0
1 1295.0 376.0
1 2343.0 1240.0
1 983.0 1220.0
1 1464.0 975.0
1 880.0 805.0
1 1231.0 1679.0
1 1928.0 1263.0
1 1576.0 1695.0
1 1016.0 304.0
1 2023.0 320.0
1 239.0 1550.0
1 399.0 656.0
1 1151.0 1103.0
1 1523.0 1181.0
1 215.0 1392.0
1 775.0 23.0
1 1432.0 79.0
1 951.0 1687.0
1 2881.0 648.0
1 800.0 927.0
1 2824.0 1640.0
1 2288.0 1895.0
1 1367.0 1320.0
1 2744.0 911.0
1 1200.0 1407.0
1 1279.0 784.0
1 1688.0 1911.0
1 1083.0 944.0
1 511.0 1509.0
1 976.0 1319.0
1 1172.0 1006.0
1 1575.0 72.0
1 128.0 935.0
1 144.0 1632.0
1 1704.0 1183.0
1 1991.0 1584.0
1 1095.0 376.0
1 760.0 800.0
1 2783.0 1216.0
1 1399.0 1400.0
1 1578.0 1286.0
1 944.0 1079.0
1 400.0 223.0
1 1119.0 1167.0
1 911.0 815.0
1 784.0 867.0
1 2095.0 1895.0
1 384.0 991.0
1 1000.0 1487.0
1 2265.0 1219.0
1 1146.0 941.0
