0 207 0 260.9457087644169
0 896 2 350.4617232501423
0 591 12 298.33751484155346
0 57 13 389.1477942351571
0 259 14 443.8607450809231
0 22 18 303.15705174392565
0 60 24 385.48657259356037
0 51 27 111.18992163189738
0 154 38 473.21200962037756
0 365 40 246.39864531689622
0 357 42 115.2920968103045
0 692 51 336.37810039745517
0 601 52 406.75711927925613
0 712 55 294.0356331126795
0 71 58 290.76749272722344
0 20 59 175.61722741264106
0 17 71 387.0440087618419
0 147 85 159.82674116451102
0 472 93 432.797094825314
0 847 96 130.0762258423562
0 898 101 253.86308532206203
0 185 103 124.37115426984093
0 370 105 489.7307252742184
0 671 106 368.4584154888902
0 163 108 343.265177682506
0 116 115 281.1434079363968
0 687 126 456.69388048423025
0 648 132 329.926691221245
0 167 139 301.15319708407327
0 810 140 240.25419617804985
0 731 141 415.8939239973988
0 412 142 163.1816957177636
0 672 143 469.1279371499132
0 980 148 194.3959262313051
0 84 150 435.4596422136571
0 740 152 437.5047322176024
0 221 156 247.23237259709717
0 410 160 298.0781341263267
0 746 171 268.4429294511559
0 763 174 399.5987153556161
0 988 176 423.7166648167027
0 1007 183 360.03432267282506
0 803 191 293.7214671528406
0 602 192 403.8146356550711
0 88 203 434.14641688581906
0 667 206 183.07721367859554
0 203 210 333.50327992684765
0 122 218 141.7737709478465
0 89 229 258.51236577526475
0 384 241 216.44510045273947
0 973 243 330.84865126236355
0 194 254 281.8265931220213
0 786 268 443.279502134066
0 64 286 372.93115288746736
0 634 289 370.4954122605527
0 326 314 107.48275890345806
0 726 322 108.39711119635287
0 408 323 462.8080059761242
0 225 335 353.6128399201141
0 646 342 268.2939899449818
0 769 349 363.683375611135
0 715 355 172.02219187922572
0 242 362 272.51744023377364
0 447 370 363.54081639507456
0 254 377 214.84735270989813
0 939 381 257.9838095216128
0 483 390 330.6543391097734
0 355 394 281.2817746694915
0 881 409 199.0451838732885
0 245 412 143.5128239892664
0 778 416 266.14340768157365
0 815 432 241.48404044506938
0 640 434 334.3274350020794
0 747 440 468.72274904853464
0 567 442 239.5554723270729
0 305 448 451.68630726563623
0 772 475 308.1155643463257
0 233 477 269.18922891122804
0 101 495 339.62470708075097
0 291 501 265.292461921724
0 50 510 458.22473726228384
0 982 515 382.45638151043136
0 628 525 416.3216998471352
0 155 528 105.86070293958585
0 108 537 151.37302689554676
0 866 543 335.901080537639
0 76 547 373.14353085717374
0 966 549 391.7258808698878
0 842 551 163.9566590056167
0 105 575 457.64127245385254
0 366 576 195.06914069644264
0 678 580 380.47046244016605
0 344 582 172.83517637315765
0 918 584 286.90455822149164
0 922 606 238.52231520480922
0 9 634 275.954986542906
0 943 666 272.99190936075854
0 660 673 449.9141655704111
0 164 674 295.88092044111914
0 994 677 311.8209508753112
0 742 681 275.66747080282494
0 333 682 499.9950007104058
0 581 694 385.4358272657704
0 706 697 394.5694193469639
0 65 703 463.453308377839
0 964 705 166.9111488387155
0 622 717 162.27137146027943
0 405 728 454.9841403715258
0 300 755 278.20367672840536
0 281 760 345.15498806518093
0 44 763 372.54190348542136
0 653 764 332.0469360321605
0 292 772 189.37100221763376
0 979 775 146.1369499084315
0 767 777 184.6518097449379
0 719 778 311.75732930149474
0 971 783 285.3927391217852
0 846 787 278.11029002284516
0 477 791 144.77351223336393
0 1009 793 265.4238088277079
0 543 796 200.80231322435625
0 134 798 407.9735094200556
0 990 802 338.04715351519576
0 694 809 313.2008530259
0 464 817 490.23261277440275
0 540 819 247.61273082317445
0 612 822 159.41376170491188
0 434 824 422.91130364442785
0 827 830 212.49928595738137
0 668 837 339.45181776465245
0 195 839 392.56960960218936
0 872 841 426.8664943693824
0 984 860 308.3336587791765
0 123 864 379.7820553987519
0 103 870 209.6417729690176
0 53 877 448.40807094736243
0 498 878 247.9123586347367
0 31 879 399.74467373348904
0 399 880 284.15594010292796
0 61 886 393.0431531321109
0 441 893 353.89251441644666
0 565 898 429.77483861716854
0 560 901 435.6353262282871
0 633 902 291.92665369830917
0 568 927 206.62613921868075
0 614 935 447.1201900869291
0 583 952 374.34829048624937
0 981 961 234.74063501582245
0 345 963 166.3076712774975
0 45 982 432.20728473848374
0 957 1010 423.0855684399932
0 879 1017 435.60167664372153
0 471 1023 236.71533587197868

0 765.0 1329.0
0 1488.0 880.0
0 841.0 959.0
0 1471.0 511.0
0 167.0 840.0
0 607.0 671.0
0 1647.0 183.0
0 1559.0 1896.0
0 777.0 959.0
0 95.0 520.0
0 1016.0 1087.0
0 1087.0 432.0
0 2014.0 1239.0
0 905.0 736.0
0 2231.0 935.0
0 756.0 1510.0
0 200.0 775.0
0 1000.0 1064.0
0 1448.0 1517.0
0 890.0 1503.0
0 780.0 944.0
0 2504.0 55.0
0 1024.0 616.0
0 2720.0 791.0
0 1344.0 1560.0
0 2664.0 999.0
0 1768.0 176.0
0 1600.0 111.0
0 2319.0 1336.0
0 2904.0 936.0
0 2936.0 879.0
0 1320.0 1007.0
0 1079.0 616.0
0 837.0 1137.0
0 671.0 704.0
0 2672.0 1527.0
0 479.0 111.0
0 1144.0 687.0
0 2327.0 999.0
0 1311.0 983.0
0 698.0 869.0
0 1867.0 830.0
0 832.0 1080.0
0 751.0 896.0
0 1560.0 1959.0
0 1255.0 1584.0
0 1447.0 832.0
0 1335.0 1400.0
0 144.0 727.0
0 640.0 143.0
0 519.0 72.0
0 1685.0 823.0
0 2152.0 1319.0
0 2199.0 88.0
0 488.0 1751.0
0 1017.0 735.0
0 623.0 648.0
0 2239.0 1184.0
0 2199.0 1160.0
0 869.0 1477.0
0 2495.0 189.0
0 2864.0 1455.0
0 80.0 767.0
0 2735.0 1152.0
0 2327.0 488.0
0 208.0 767.0
0 2741.0 855.0
0 656.0 871.0
0 1343.0 1408.0
0 1674.0 1911.0
0 1528.0 528.0
0 1400.0 671.0
0 906.0 1462.0
0 1623.0 199.0
0 1967.0 48.0
0 976.0 1239.0
0 2167.0 1319.0
0 829.0 920.0
0 1935.0 1240.0
0 311.0 1399.0
0 1976.0 48.0
0 967.0 1457.0
0 1055.0 616.0
0 1816.0 751.0
0 1352.0 143.0
0 1215.0 120.0
0 1111.0 1085.0
0 2351.0 1168.0
0 2832.0 791.0
0 2168.0 119.0
0 1760.0 159.0
0 1455.0 800.0
0 2304.0 1064.0
0 1792.0 967.0
0 2055.0 1056.0
0 2728.0 1567.0
0 2160.0 1381.0
0 1632.0 159.0
0 1031.0 1839.0
0 2688.0 783.0
0 1448.0 1856.0
0 1744.0 816.0
0 912.0 1023.0
0 2269.0 847.0
0 1768.0 1399.0
0 2239.0 1343.0
0 863.0 775.0
0 1016.0 895.0
0 833.0 997.0
0 1247.0 640.0
0 727.0 1175.0
0 1175.0 1808.0
0 1456.0 560.0
0 911.0 1360.0
0 935.0 1510.0
0 1952.0 1359.0
0 1232.0 1519.0
0 1888.0 735.0
0 2752.0 1463.0
0 424.0 1615.0
0 608.0 143.0
0 1848.0 872.0
0 240.0 1191.0
0 1975.0 1256.0
0 991.0 1800.0
0 2215.0 1335.0
0 825.0 1024.0
0 1783.0 1248.0
0 1207.0 1200.0
0 1839.0 711.0
0 2666.0 1955.0
0 848.0 343.0
0 1392.0 688.0
0 2063.0 664.0
0 2736.0 808.0
0 472.0 1535.0
0 1536.0 1775.0
0 936.0 769.0
0 824.0 1408.0
0 760.0 680.0
0 2544.0 1167.0
0 1224.0 143.0
0 1343.0 559.0
0 1984.0 840.0
0 1143.0 1928.0
0 2327.0 664.0
0 2824.0 887.0
0 120.0 824.0
0 1494.0 1250.0
0 2562.0 1400.0
0 1384.0 344.0
0 680.0 143.0
0 886.0 1410.0
0 159.0 1615.0
0 872.0 1392.0
0 1391.0 1895.0
0 1552.0 647.0
0 2047.0 1415.0
0 2760.0 776.0
0 1855.0 1975.0
0 2023.0 927.0
0 343.0 1744.0
0 761.0 938.0
0 647.0 1423.0
0 1352.0 1847.0
0 1352.0 1464.0
0 895.0 1639.0
0 816.0 167.0
0 1320.0 1320.0
0 1624.0 607.0
0 2664.0 1375.0
0 2086.0 1198.0
0 39.0 687.0
0 1776.0 664.0
0 1145.0 1135.0
0 1271.0 160.0
0 1583.0 1335.0
0 2264.0 975.0
0 1503.0 1000.0
0 1889.0 765.0
0 472.0 1567.0
0 631.0 1472.0
0 1503.0 1376.0
0 1208.0 935.0
0 744.0 439.0
0 656.0 593.0
0 2816.0 1511.0
0 2496.0 64.0
0 1384.0 1927.0
0 1871.0 15.0
0 2655.0 1367.0
0 2285.0 1221.0
0 1503.0 672.0
0 754.0 1072.0
0 1730.0 30.0
0 1976.0 1366.0
0 2759.0 1520.0
0 2296.0 1207.0
0 1047.0 152.0
0 2304.0 1151.0
0 1383.0 1783.0
0 1008.0 1880.0
0 1560.0 616.0
0 1719.0 872.0
0 1304.0 263.0
0 312.0 1383.0
0 890.0 845.0
0 312.0 1592.0
0 1654.0 1225.0
0 2576.0 94.0
0 1367.0 679.0
0 2568.0 1432.0
0 2990.0 767.0
0 1256.0 1712.0
0 1729.0 1351.0
0 583.0 832.0
0 1263.0 1928.0
0 1480.0 1327.0
0 806.0 1004.0
0 480.0 1007.0
0 1424.0 1583.0
0 703.0 1302.0
0 650.0 800.0
0 649.0 823.0
0 1552.0 768.0
0 1168.0 1848.0
0 583.0 879.0
0 1408.0 353.0
0 1255.0 616.0
0 1663.0 415.0
0 2567.0 799.0
0 1150.0 760.0
0 2800.0 976.0
0 223.0 888.0
0 455.0 816.0
0 2239.0 1247.0
0 1448.0 808.0
0 2240.0 87.0
0 1784.0 872.0
0 1792.0 1968.0
0 2951.0 856.0
0 873.0 870.0
0 2952.0 912.0
0 2093.0 992.0
0 207.0 896.0
0 2095.0 391.0
0 2912.0 904.0
0 1976.0 72.0
0 800.0 1271.0
0 1311.0 973.0
0 328.0 111.0
0 216.0 1407.0
0 711.0 1512.0
0 487.0 1623.0
0 1647.0 232.0
0 432.0 816.0
0 1910.0 798.0
0 1624.0 1991.0
0 1656.0 863.0
0 1328.0 784.0
0 287.0 1376.0
0 1335.0 1711.0
0 1919.0 1400.0
0 1343.0 776.0
0 2047.0 47.0
0 2456.0 31.0
0 883.0 1627.0
0 1135.0 1936.0
0 1648.0 296.0
0 1584.0 161.0
0 2544.0 815.0
0 40.0 516.0
0 1503.0 1335.0
0 2647.0 1399.0
0 1351.0 1856.0
0 1464.0 711.0
0 2568.0 696.0
0 2632.0 1408.0
0 944.0 727.0
0 1648.0 856.0
0 1631.0 712.0
0 1951.0 872.0
0 1733.0 1247.0
0 2159.0 784.0
0 2017.0 32.0
0 2783.0 1544.0
0 1503.0 161.0
0 1095.0 1144.0
0 495.0 1792.0
0 1936.0 1431.0
0 769.0 991.0
0 1003.0 1370.0
0 559.0 40.0
0 1063.0 1200.0
0 1047.0 1800.0
0 1895.0 1104.0
0 415.0 904.0
0 920.0 738.0
0 1304.0 807.0
0 360.0 662.0
0 940.0 1386.0
0 1232.0 759.0
0 1590.0 1952.0
0 639.0 664.0
0 1223.0 175.0
0 528.0 823.0
0 1480.0 1312.0
0 215.0 875.0
0 24.0 687.0
0 1887.0 632.0
0 2943.0 736.0
0 2749.0 1984.0
0 1183.0 1336.0
0 1688.0 1231.0
0 1647.0 123.0
0 1058.0 1087.0
0 1327.0 1551.0
0 344.0 1735.0
0 2496.0 78.0
0 1154.0 1881.0
0 1648.0 834.0
0 1432.0 1487.0
0 1549.0 113.0
0 1239.0 143.0
0 2952.0 1094.0
0 2792.0 855.0
0 2280.0 1367.0
0 655.0 143.0
0 1231.0 616.0
0 1000.0 1863.0
0 1615.0 616.0
0 224.0 1192.0
0 336.0 135.0
0 1040.0 799.0
0 2353.0 1249.0
0 1399.0 767.0
0 561.0 416.0
0 1111.0 687.0
0 1439.0 432.0
0 1391.0 1312.0
0 2840.0 143.0
0 820.0 886.0
0 535.0 1863.0
0 272.0 1615.0
0 2600.0 1375.0
0 1473.0 775.0
0 704.0 624.0
0 770.0 1018.0
0 1232.0 1847.0
0 2216.0 1528.0
0 817.0 983.0
0 71.0 760.0
0 780.0 975.0
0 765.0 1343.0
0 2648.0 206.0
0 1783.0 800.0
0 2415.0 777.0
0 904.0 991.0
0 2815.0 229.0
0 103.0 704.0
0 2864.0 799.0
0 1911.0 711.0
0 946.0 1402.0
0 1352.0 1023.0
0 1456.0 663.0
0 1479.0 975.0
0 1751.0 998.0
0 303.0 1086.0
0 2679.0 999.0
0 2655.0 967.0
0 2256.0 593.0
0 2896.0 696.0
0 1103.0 1680.0
0 2216.0 1480.0
0 375.0 1119.0
0 2328.0 808.0
0 344.0 655.0
0 1080.0 143.0
0 2199.0 1238.0
0 2023.0 1095.0
0 1880.0 807.0
0 901.0 767.0
0 80.0 1656.0
0 2951.0 1935.0
0 488.0 1943.0
0 2639.0 1432.0
0 2880.0 774.0
0 664.0 767.0
0 608.0 39.0
0 2767.0 735.0
0 2285.0 1309.0
0 1932.0 830.0
0 2775.0 32.0
0 368.0 1711.0
0 2080.0 1148.0
0 1247.0 1264.0
0 463.0 1792.0
0 592.0 703.0
0 455.0 1784.0
0 804.0 912.0
0 464.0 1615.0
0 1919.0 720.0
0 664.0 951.0
0 832.0 984.0
0 1447.0 1775.0
0 2045.0 1255.0
0 2272.0 984.0
0 2007.0 768.0
0 2943.0 975.0
0 2271.0 1095.0
0 2496.0 831.0
0 1672.0 816.0
0 1623.0 1319.0
0 784.0 535.0
0 1280.0 1765.0
0 336.0 31.0
0 1864.0 1087.0
0 1392.0 159.0
0 904.0 151.0
0 487.0 592.0
0 640.0 1472.0
0 1037.0 1847.0
0 343.0 88.0
0 1279.0 832.0
0 1216.0 1191.0
0 903.0 720.0
0 535.0 167.0
0 2670.0 88.0
0 207.0 727.0
0 2735.0 488.0
0 2145.0 1174.0
0 495.0 1912.0
0 1704.0 1023.0
0 2624.0 1335.0
0 704.0 1103.0
0 503.0 1367.0
0 823.0 120.0
0 1824.0 799.0
0 1352.0 1439.0
0 312.0 903.0
0 1456.0 832.0
0 368.0 127.0
0 1152.0 1463.0
0 656.0 1455.0
0 1265.0 1479.0
0 2300.0 1034.0
0 2624.0 895.0
0 814.0 1218.0
0 2295.0 1367.0
0 1145.0 848.0
0 2911.0 768.0
0 471.0 1016.0
0 1406.0 184.0
0 2144.0 703.0
0 168.0 1607.0
0 2127.0 384.0
0 1735.0 664.0
0 1135.0 640.0
0 1575.0 447.0
0 1055.0 799.0
0 955.0 1475.0
0 2264.0 561.0
0 2879.0 1416.0
0 640.0 799.0
0 1538.0 672.0
0 543.0 360.0
0 1616.0 680.0
0 1631.0 1463.0
0 2688.0 1352.0
0 2312.0 664.0
0 2032.0 871.0
0 440.0 1415.0
0 752.0 960.0
0 2088.0 575.0
0 2896.0 678.0
0 1002.0 1383.0
0 2375.0 1224.0
0 2178.0 1199.0
0 2800.0 903.0
0 144.0 888.0
0 2912.0 961.0
0 1960.0 80.0
0 1838.0 1943.0
0 80.0 1671.0
0 2680.0 775.0
0 416.0 696.0
0 719.0 320.0
0 2056.0 1391.0
0 1016.0 723.0
0 1280.0 199.0
0 1491.0 799.0
0 1743.0 288.0
0 2101.0 1957.0
0 423.0 1391.0
0 2793.0 1543.0
0 1951.0 1217.0
0 1960.0 1496.0
0 1653.0 1792.0
0 2511.0 79.0
0 2255.0 1056.0
0 2488.0 815.0
0 829.0 1505.0
0 2216.0 1463.0
0 1744.0 1984.0
0 1279.0 1562.0
0 1736.0 1960.0
0 1032.0 1519.0
0 1848.0 150.0
0 1224.0 1797.0
0 663.0 1368.0
0 843.0 990.0
0 135.0 736.0
0 1456.0 407.0
0 2210.0 1350.0
0 639.0 447.0
0 1632.0 376.0
0 2337.0 1040.0
0 967.0 695.0
0 744.0 1351.0
0 740.0 834.0
0 2863.0 928.0
0 1113.0 1632.0
0 2744.0 1270.0
0 854.0 1114.0
0 1895.0 1407.0
0 1096.0 591.0
0 2032.0 1400.0
0 1029.0 720.0
0 1549.0 89.0
0 143.0 671.0
0 336.0 1688.0
0 1112.0 1544.0
0 1736.0 647.0
0 1512.0 1336.0
0 1415.0 976.0
0 1511.0 168.0
0 495.0 998.0
0 2008.0 1095.0
0 1951.0 1232.0
0 143.0 767.0
0 1000.0 1792.0
0 2541.0 1416.0
0 1855.0 1935.0
0 1512.0 759.0
0 1832.0 960.0
0 784.0 1304.0
0 1792.0 639.0
0 946.0 1759.0
0 72.0 1591.0
0 1578.0 1248.0
0 2264.0 1210.0
0 1584.0 176.0
0 2464.0 1502.0
0 721.0 817.0
0 560.0 831.0
0 775.0 264.0
0 1296.0 1569.0
0 775.0 1519.0
0 1215.0 1776.0
0 2719.0 1312.0
0 359.0 111.0
0 2255.0 1105.0
0 1495.0 1927.0
0 2230.0 888.0
0 559.0 479.0
0 951.0 760.0
0 1448.0 1832.0
0 39.0 703.0
0 1080.0 720.0
0 1519.0 527.0
0 2679.0 808.0
0 2583.0 824.0
0 1175.0 664.0
0 2358.0 1214.0
0 2791.0 1511.0
0 1279.0 815.0
0 856.0 1185.0
0 400.0 127.0
0 407.0 455.0
0 416.0 111.0
0 1084.0 847.0
0 1664.0 181.0
0 1719.0 224.0
0 1632.0 664.0
0 2136.0 1191.0
0 327.0 1695.0
0 1280.0 1463.0
0 873.0 1420.0
0 1688.0 487.0
0 1879.0 816.0
0 440.0 455.0
0 1927.0 664.0
0 2575.0 1400.0
0 320.0 146.0
0 2192.0 1448.0
0 400.0 1599.0
0 832.0 941.0
0 2207.0 1400.0
0 674.0 791.0
0 48.0 560.0
0 999.0 120.0
0 488.0 815.0
0 208.0 1391.0
0 1583.0 800.0
0 2839.0 591.0
0 2662.0 1456.0
0 1440.0 87.0
0 959.0 1047.0
0 2959.0 1441.0
0 2959.0 1073.0
0 1391.0 776.0
0 1087.0 776.0
0 863.0 1423.0
0 1472.0 1343.0
0 335.0 96.0
0 1536.0 431.0
0 1398.0 1560.0
0 2104.0 103.0
0 1745.0 26.0
0 295.0 146.0
0 1024.0 766.0
0 741.0 695.0
0 1072.0 32.0
0 1023.0 1040.0
0 1384.0 768.0
0 1112.0 1224.0
0 1656.0 1983.0
0 919.0 815.0
0 2719.0 808.0
0 120.0 671.0
0 2831.0 856.0
0 487.0 55.0
0 480.0 1528.0
0 96.0 487.0
0 2200.0 1283.0
0 2441.0 1408.0
0 1871.0 1096.0
0 1292.0 805.0
0 848.0 135.0
0 2400.0 1399.0
0 1901.0 778.0
0 2471.0 664.0
0 1256.0 1871.0
0 199.0 1328.0
0 2513.0 384.0
0 1401.0 838.0
0 2408.0 664.0
0 680.0 1302.0
0 1720.0 856.0
0 1863.0 1144.0
0 1080.0 672.0
0 2247.0 1127.0
0 752.0 979.0
0 1240.0 1575.0
0 1087.0 887.0
0 2704.0 1433.0
0 2448.0 871.0
0 1743.0 1011.0
0 2911.0 1368.0
0 2648.0 1071.0
0 2450.0 1463.0
0 1150.0 208.0
0 2295.0 1471.0
0 1223.0 1296.0
0 648.0 887.0
0 944.0 1287.0
0 1759.0 727.0
0 1776.0 1304.0
0 655.0 15.0
0 375.0 1623.0
0 2295.0 48.0
0 1071.0 127.0
0 1624.0 1880.0
0 1167.0 1088.0
0 2312.0 1238.0
0 2214.0 64.0
0 288.0 839.0
0 1316.0 47.0
0 1439.0 1857.0
0 2319.0 1152.0
0 2648.0 887.0
0 1135.0 1616.0
0 1351.0 767.0
0 2784.0 1535.0
0 1322.0 1472.0
0 855.0 1391.0
0 568.0 343.0
0 438.0 1784.0
0 1727.0 1455.0
0 1175.0 1328.0
0 759.0 16.0
0 2600.0 1448.0
0 416.0 96.0
0 920.0 888.0
0 2240.0 1228.0
0 1847.0 1983.0
0 1897.0 304.0
0 1722.0 843.0
0 679.0 15.0
0 512.0 1359.0
0 2312.0 1028.0
0 2015.0 1400.0
0 2776.0 1487.0
0 815.0 1416.0
0 1655.0 1000.0
0 1536.0 1111.0
0 984.0 1318.0
0 2840.0 736.0
0 861.0 1224.0
0 1159.0 1079.0
0 1064.0 616.0
0 2127.0 1352.0
0 931.0 1492.0
0 2264.0 1359.0
0 2872.0 1424.0
0 1054.0 1368.0
0 110.0 536.0
0 2027.0 1270.0
0 2336.0 200.0
0 2408.0 1023.0
0 1207.0 367.0
0 1448.0 1000.0
0 1199.0 1688.0
0 1384.0 800.0
0 1840.0 1055.0
0 1279.0 751.0
0 2736.0 1248.0
0 2108.0 1335.0
0 2254.0 834.0
0 1367.0 1807.0
0 1238.0 1143.0
0 1031.0 1264.0
0 824.0 495.0
0 679.0 624.0
0 2863.0 1440.0
0 168.0 1591.0
0 695.0 143.0
0 1764.0 23.0
0 2864.0 95.0
0 2606.0 8.0
0 1295.0 1848.0
0 232.0 752.0
0 928.0 663.0
0 1879.0 72.0
0 496.0 1783.0
0 1488.0 424.0
0 207.0 1376.0
0 2575.0 72.0
0 2291.0 993.0
0 656.0 640.0
0 1248.0 1135.0
0 1439.0 1216.0
0 895.0 1415.0
0 2792.0 961.0
0 920.0 655.0
0 2373.0 1246.0
0 2704.0 799.0
0 2263.0 1040.0
0 2838.0 1144.0
0 1567.0 576.0
0 791.0 1256.0
0 471.0 1520.0
0 2376.0 352.0
0 1937.0 1219.0
0 2137.0 1265.0
0 2847.0 87.0
0 1424.0 848.0
0 944.0 1623.0
0 1536.0 592.0
0 664.0 15.0
0 1263.0 1416.0
0 23.0 943.0
0 2000.0 152.0
0 1439.0 847.0
0 399.0 111.0
0 2158.0 1270.0
0 1728.0 809.0
0 1087.0 575.0
0 904.0 1072.0
0 2063.0 456.0
0 63.0 584.0
0 120.0 574.0
0 2959.0 879.0
0 2081.0 1015.0
0 2368.0 664.0
0 2552.0 743.0
0 2824.0 767.0
0 1104.0 1439.0
0 840.0 367.0
0 1039.0 1328.0
0 391.0 352.0
0 1520.0 351.0
0 2912.0 943.0
0 263.0 480.0
0 2815.0 872.0
0 2022.0 1162.0
0 1264.0 78.0
0 2985.0 1439.0
0 2255.0 1333.0
0 159.0 1064.0
0 2879.0 904.0
0 1067.0 15.0
0 1072.0 575.0
0 2400.0 48.0
0 1208.0 174.0
0 2560.0 103.0
0 1623.0 376.0
0 1990.0 40.0
0 511.0 800.0
0 664.0 1520.0
0 1454.0 88.0
0 14.0 1144.0
0 1120.0 1623.0
0 1016.0 23.0
0 1238.0 1200.0
0 1144.0 1383.0
0 1946.0 1247.0
0 1502.0 1415.0
0 1319.0 144.0
0 2168.0 1422.0
0 795.0 1065.0
0 1200.0 616.0
0 1405.0 1022.0
0 1328.0 1871.0
0 2305.0 1224.0
0 1864.0 1323.0
0 1712.0 1247.0
0 216.0 999.0
0 2551.0 184.0
0 1053.0 711.0
0 1639.0 1224.0
0 1095.0 1871.0
0 630.0 248.0
0 1511.0 1296.0
0 710.0 889.0
0 519.0 815.0
0 2856.0 359.0
0 2402.0 1330.0
0 768.0 15.0
0 2415.0 1280.0
0 159.0 751.0
0 1375.0 952.0
0 248.0 943.0
0 2608.0 935.0
0 1564.0 768.0
0 1608.0 727.0
0 1588.0 121.0
0 2568.0 48.0
0 1312.0 744.0
0 2776.0 1351.0
0 415.0 1655.0
0 775.0 1508.0
0 71.0 823.0
0 1336.0 1888.0
0 544.0 1383.0
0 1737.0 711.0
0 528.0 808.0
0 2256.0 736.0
0 2698.0 753.0
0 704.0 1174.0
0 488.0 1767.0
0 1319.0 736.0
0 1303.0 159.0
0 367.0 1511.0
0 2343.0 1285.0
0 152.0 1376.0
0 1469.0 1864.0
0 815.0 1352.0
0 511.0 40.0
0 1112.0 296.0
0 1519.0 634.0
0 2591.0 679.0
0 279.0 927.0
0 2719.0 1328.0
0 750.0 1334.0
0 439.0 1671.0
0 455.0 1392.0
0 1352.0 1455.0
0 2097.0 1263.0
0 1563.0 192.0
0 439.0 1496.0
0 2297.0 1274.0
0 400.0 1399.0
0 1335.0 1471.0
0 2967.0 1522.0
0 416.0 1679.0
0 2054.0 1167.0
0 656.0 1440.0
0 1831.0 642.0
0 1713.0 1135.0
0 1040.0 103.0
0 1119.0 1560.0
0 311.0 512.0
0 1552.0 896.0
0 2392.0 1407.0
0 431.0 111.0
0 1906.0 1233.0
0 1848.0 743.0
0 1343.0 910.0
0 1254.0 1408.0
0 64.0 751.0
0 1744.0 167.0
0 1896.0 928.0
0 95.0 735.0
0 1319.0 1856.0
0 1799.0 621.0
0 2034.0 1298.0
0 2703.0 103.0
0 1759.0 1047.0
0 2344.0 127.0
0 976.0 23.0
0 751.0 605.0
0 352.0 1655.0
0 2791.0 167.0
0 167.0 1376.0
0 784.0 870.0
0 176.0 1631.0
0 2512.0 199.0
0 1888.0 1360.0
0 1327.0 1640.0
0 520.0 1839.0
0 797.0 1480.0
0 177.0 1376.0
0 2896.0 960.0
0 988.0 744.0
0 192.0 935.0
0 2295.0 808.0
0 1911.0 1221.0
0 895.0 865.0
0 2287.0 1504.0
0 2143.0 776.0
0 2919.0 840.0
0 722.0 1284.0
0 194.0 912.0
0 1168.0 1183.0
0 576.0 39.0
0 400.0 1415.0
0 1287.0 847.0
0 999.0 1255.0
0 1705.0 863.0
0 712.0 776.0
0 2520.0 1383.0
0 304.0 960.0
0 2552.0 799.0
0 960.0 807.0
0 383.0 1735.0
0 1272.0 1734.0
0 1184.0 889.0
0 2688.0 1462.0
0 2624.0 206.0
0 527.0 1928.0
0 864.0 1375.0
0 1536.0 800.0
0 2792.0 999.0
0 815.0 576.0
0 528.0 1736.0
0 912.0 1383.0
0 464.0 1655.0
0 2960.0 1455.0
0 1209.0 1175.0
0 1840.0 1327.0
0 975.0 32.0
0 623.0 887.0
0 2071.0 1352.0
0 2599.0 1136.0
0 2904.0 1391.0
0 2088.0 55.0
0 1351.0 823.0
0 58.0 831.0
0 2135.0 79.0
0 1935.0 1368.0
0 1944.0 57.0
0 128.0 1135.0
0 2936.0 1503.0
0 1952.0 48.0
0 1127.0 1184.0
0 2296.0 1055.0
0 967.0 1216.0
0 1848.0 1944.0
0 2560.0 664.0
0 591.0 815.0
0 520.0 1728.0
0 2120.0 160.0
0 495.0 200.0
0 1430.0 768.0
0 167.0 904.0
0 967.0 832.0
0 1575.0 776.0
0 2616.0 863.0
0 2768.0 1079.0
0 927.0 1023.0
0 1463.0 766.0
0 864.0 143.0
0 2743.0 752.0
0 1104.0 759.0
0 1192.0 1040.0
0 408.0 160.0
0 2880.0 1504.0
0 2254.0 15.0
0 2567.0 808.0
0 789.0 1011.0
0 727.0 1350.0
0 184.0 702.0
0 375.0 887.0
0 845.0 1191.0
0 2960.0 863.0
0 215.0 1183.0
0 1793.0 464.0
0 1399.0 264.0
0 1799.0 1399.0
0 1696.0 1415.0
0 1136.0 1191.0
0 1119.0 591.0
0 16.0 1704.0
0 71.0 919.0
0 23.0 912.0
0 1519.0 824.0
0 1729.0 727.0
0 1640.0 1928.0
0 2375.0 127.0
0 1344.0 831.0
0 1583.0 408.0
0 1656.0 1888.0
0 1713.0 1120.0
1 2262.0 1019.0
1 1504.0 1455.0
1 1952.0 1775.0
1 1919.0 616.0
1 1972.0 1010.0
1 1288.0 759.0
1 2192.0 1624.0
1 95.0 64.0
1 2856.0 1775.0
1 1750.0 1383.0
1 199.0 320.0
1 999.0 1783.0
1 1614.0 1191.0
1 1352.0 1695.0
1 1471.0 1344.0
1 1943.0 311.0
1 312.0 615.0
1 1992.0 728.0
1 336.0 615.0
1 1336.0 1393.0
1 519.0 1182.0
1 2399.0 1749.0
1 1240.0 1471.0
1 2168.0 743.0
1 1832.0 1751.0
1 2768.0 1919.0
1 583.0 1168.0
1 1792.0 922.0
1 2152.0 1935.0
1 1415.0 896.0
1 743.0 655.0
1 1552.0 158.0
1 2752.0 1111.0
1 80.0 1015.0
1 2720.0 1823.0
1 2320.0 1751.0
1 1592.0 1687.0
1 1295.0 733.0
1 2334.0 1680.0
1 1479.0 1352.0
1 2108.0 917.0
1 583.0 79.0
1 2223.0 319.0
1 2352.0 351.0
1 1572.0 1215.0
1 2215.0 96.0
1 536.0 1176.0
1 1704.0 1919.0
1 1376.0 1775.0
1 495.0 1159.0
1 664.0 800.0
1 1519.0 57.0
1 1622.0 1255.0
1 1336.0 1407.0
1 2600.0 1746.0
1 1967.0 1887.0
1 1520.0 767.0
1 698.0 603.0
1 1951.0 1360.0
1 1000.0 1871.0
1 1089.0 1471.0
1 1626.0 1218.0
1 1008.0 1511.0
1 384.0 1391.0
1 1447.0 112.0
1 579.0 1181.0
1 872.0 775.0
1 2720.0 1279.0
1 816.0 1847.0
1 2184.0 432.0
1 1135.0 839.0
1 1697.0 1214.0
1 1040.0 1632.0
1 31.0 735.0
1 520.0 119.0
1 1864.0 743.0
1 640.0 1463.0
1 1694.0 1254.0
1 2544.0 1336.0
1 1416.0 1442.0
1 343.0 631.0
1 2143.0 1767.0
1 1432.0 1687.0
1 1616.0 1560.0
1 1808.0 423.0
1 2760.0 1151.0
1 2432.0 1663.0
1 343.0 800.0
1 1711.0 896.0
1 2207.0 511.0
1 735.0 136.0
1 1903.0 15.0
1 216.0 191.0
1 2087.0 847.0
1 1982.0 224.0
1 2639.0 1864.0
1 2120.0 247.0
1 2127.0 832.0
1 1464.0 934.0
1 2288.0 1888.0
1 2102.0 879.0
1 1609.0 1266.0
1 303.0 32.0
1 1815.0 727.0
1 791.0 1776.0
1 1472.0 815.0
1 2592.0 1790.0
1 1576.0 1792.0
1 1655.0 1144.0
1 559.0 1160.0
1 2536.0 1760.0
1 561.0 688.0
1 2063.0 998.0
1 2280.0 831.0
1 2808.0 1719.0
1 2009.0 1200.0
1 1517.0 1441.0
1 2848.0 1871.0
1 942.0 1952.0
1 1332.0 1488.0
1 664.0 711.0
1 231.0 695.0
1 576.0 775.0
1 1864.0 1431.0
1 1335.0 1504.0
1 839.0 232.0
1 2928.0 47.0
1 1176.0 1439.0
1 1656.0 471.0
1 1463.0 775.0
1 1447.0 88.0
1 1824.0 1544.0
1 80.0 1263.0
1 2895.0 1152.0
1 1718.0 1443.0
1 2256.0 240.0
1 1528.0 80.0
1 2472.0 1919.0
1 2344.0 1833.0
1 648.0 231.0
1 1543.0 1656.0
1 1336.0 919.0
1 207.0 312.0
1 1764.0 1488.0
1 871.0 1112.0
1 2904.0 967.0
1 719.0 136.0
1 1631.0 80.0
1 1607.0 1688.0
1 1520.0 151.0
1 2472.0 1199.0
1 1936.0 1895.0
1 2456.0 1768.0
1 2448.0 1351.0
1 1951.0 1071.0
1 1471.0 36.0
1 231.0 343.0
1 2839.0 936.0
1 1367.0 864.0
1 1399.0 712.0
1 2872.0 151.0
1 2040.0 247.0
1 952.0 1703.0
1 589.0 761.0
1 1834.0 1335.0
1 567.0 375.0
1 752.0 1920.0
1 626.0 536.0
1 2496.0 1127.0
1 1968.0 184.0
1 184.0 320.0
1 168.0 112.0
1 2160.0 1130.0
1 528.0 633.0
1 2536.0 1799.0
1 2303.0 888.0
1 48.0 111.0
1 2351.0 1746.0
1 2008.0 1928.0
1 2064.0 671.0
1 663.0 488.0
1 2680.0 1607.0
1 1216.0 1735.0
1 1312.0 823.0
1 2184.0 455.0
1 2093.0 918.0
1 1240.0 135.0
1 895.0 1247.0
1 1511.0 1565.0
1 2912.0 1863.0
1 879.0 1176.0
1 2665.0 1656.0
1 1855.0 1343.0
1 2336.0 1959.0
1 2192.0 287.0
1 1864.0 1447.0
1 287.0 368.0
1 583.0 128.0
1 1743.0 1688.0
1 2375.0 912.0
1 1055.0 1616.0
1 824.0 383.0
1 1032.0 719.0
1 1719.0 759.0
1 2109.0 1752.0
1 1429.0 732.0
1 1351.0 760.0
1 652.0 1093.0
1 1480.0 751.0
1 1936.0 752.0
1 1611.0 1230.0
1 1759.0 1903.0
1 1103.0 855.0
1 1983.0 1887.0
1 1000.0 1623.0
1 1503.0 912.0
1 1311.0 1768.0
1 1931.0 792.0
1 1224.0 1239.0
1 1973.0 997.0
1 423.0 95.0
1 1910.0 751.0
1 1815.0 1735.0
1 1336.0 1736.0
1 2111.0 336.0
1 1550.0 764.0
1 1319.0 1751.0
1 703.0 703.0
1 2464.0 992.0
1 831.0 639.0
1 903.0 832.0
1 1223.0 1104.0
1 2536.0 119.0
1 1738.0 1248.0
1 1279.0 1480.0
1 1671.0 688.0
1 1855.0 1872.0
1 2464.0 1696.0
1 2536.0 1119.0
1 2543.0 1200.0
1 239.0 114.0
1 240.0 287.0
1 615.0 1152.0
1 2016.0 216.0
1 1375.0 1823.0
1 1159.0 1256.0
1 936.0 424.0
1 2935.0 1312.0
1 135.0 719.0
1 1745.0 728.0
1 1680.0 751.0
1 1861.0 1799.0
1 520.0 1255.0
1 104.0 86.0
1 1160.0 119.0
1 272.0 231.0
1 256.0 1176.0
1 976.0 1047.0
1 1408.0 1648.0
1 2049.0 990.0
1 2048.0 1758.0
1 720.0 1173.0
1 2032.0 1873.0
1 2160.0 1100.0
1 1415.0 1528.0
1 310.0 95.0
1 1921.0 1895.0
1 2448.0 1248.0
1 1968.0 1512.0
1 2568.0 119.0
1 128.0 1080.0
1 1119.0 735.0
1 2086.0 999.0
1 632.0 640.0
1 1647.0 1312.0
1 2723.0 1335.0
1 2047.0 1072.0
1 1607.0 1592.0
1 1407.0 1800.0
1 2368.0 1312.0
1 2480.0 1799.0
1 679.0 1039.0
1 2400.0 1639.0
1 1512.0 704.0
1 1119.0 1032.0
1 1320.0 788.0
1 528.0 143.0
1 1144.0 912.0
1 1079.0 288.0
1 2870.0 1840.0
1 280.0 319.0
1 494.0 1190.0
1 2560.0 96.0
1 1104.0 1735.0
1 1343.0 820.0
1 1151.0 959.0
1 2864.0 1254.0
1 2071.0 720.0
1 2616.0 176.0
1 1712.0 1726.0
1 1816.0 1390.0
1 296.0 599.0
1 2064.0 271.0
1 551.0 1263.0
1 1568.0 1784.0
1 1863.0 1559.0
1 927.0 719.0
1 1512.0 543.0
1 1831.0 1304.0
1 1815.0 1480.0
1 1096.0 119.0
1 1375.0 1624.0
1 1040.0 1647.0
1 2160.0 1416.0
1 2191.0 527.0
1 2544.0 1000.0
1 2832.0 1183.0
1 2199.0 1751.0
1 232.0 375.0
1 1416.0 1504.0
1 2776.0 1127.0
1 2207.0 647.0
1 71.0 56.0
1 1920.0 779.0
1 599.0 748.0
1 367.0 488.0
1 1565.0 67.0
1 433.0 527.0
1 1656.0 1736.0
1 1119.0 792.0
1 1559.0 872.0
1 1431.0 112.0
1 1687.0 1967.0
1 1415.0 783.0
1 2308.0 919.0
1 1856.0 1895.0
1 464.0 1223.0
1 199.0 144.0
1 704.0 1440.0
1 623.0 231.0
1 1520.0 1569.0
1 2864.0 959.0
1 2575.0 151.0
1 2424.0 167.0
1 2280.0 304.0
1 1642.0 1505.0
1 2191.0 567.0
1 2528.0 1192.0
1 1560.0 1775.0
1 2216.0 1879.0
1 2303.0 1439.0
1 959.0 935.0
1 1296.0 1055.0
1 2447.0 1944.0
1 1095.0 1120.0
1 1655.0 1199.0
1 2480.0 279.0
1 603.0 852.0
1 1783.0 1815.0
1 1896.0 1496.0
1 279.0 344.0
1 550.0 1185.0
1 2703.0 1944.0
1 999.0 1200.0
1 1191.0 1471.0
1 488.0 653.0
1 637.0 957.0
1 815.0 375.0
1 1175.0 1520.0
1 872.0 23.0
1 1760.0 1463.0
1 1438.0 1527.0
1 2936.0 991.0
1 744.0 1744.0
1 1943.0 1200.0
1 1297.0 815.0
1 2975.0 31.0
1 1815.0 767.0
1 63.0 776.0
1 703.0 943.0
1 1577.0 80.0
1 1697.0 624.0
1 2544.0 1664.0
1 2007.0 208.0
1 632.0 670.0
1 1863.0 1416.0
1 1239.0 1255.0
1 215.0 104.0
1 2560.0 1183.0
1 408.0 431.0
1 64.0 1751.0
1 1367.0 888.0
1 1567.0 1191.0
1 87.0 1601.0
1 423.0 431.0
1 1967.0 1767.0
1 240.0 71.0
1 2607.0 1759.0
1 1359.0 839.0
1 160.0 1079.0
1 1208.0 1616.0
1 303.0 208.0
1 1151.0 1080.0
1 239.0 160.0
1 1512.0 951.0
1 2059.0 982.0
1 2888.0 23.0
1 2144.0 1799.0
1 1280.0 119.0
1 523.0 168.0
1 1784.0 975.0
1 904.0 104.0
1 1903.0 623.0
1 2656.0 1103.0
1 424.0 1663.0
1 2846.0 1856.0
1 848.0 295.0
1 1642.0 1175.0
1 607.0 1127.0
1 840.0 1799.0
1 512.0 1615.0
1 1193.0 1041.0
1 2552.0 135.0
1 1423.0 856.0
1 2367.0 1975.0
1 2536.0 1095.0
1 1168.0 527.0
1 1319.0 679.0
1 255.0 1392.0
1 1776.0 1687.0
1 2527.0 176.0
1 880.0 815.0
1 1879.0 1560.0
1 191.0 96.0
1 1840.0 1343.0
1 1403.0 1568.0
1 478.0 463.0
1 2776.0 1311.0
1 2277.0 871.0
1 2237.0 1109.0
1 232.0 1881.0
1 1408.0 879.0
1 1080.0 192.0
1 2368.0 1944.0
1 1735.0 728.0
1 2167.0 503.0
1 2271.0 1862.0
1 2952.0 807.0
1 2456.0 111.0
1 975.0 1176.0
1 1208.0 1504.0
1 2040.0 1767.0
1 984.0 1655.0
1 1638.0 1215.0
1 2111.0 288.0
1 1191.0 1736.0
1 2912.0 1694.0
1 2975.0 1288.0
1 2952.0 159.0
1 2255.0 1032.0
1 1984.0 968.0
1 1735.0 793.0
1 1207.0 863.0
1 1304.0 1449.0
1 1143.0 1312.0
1 839.0 1839.0
1 1432.0 431.0
1 1648.0 151.0
1 2224.0 1935.0
1 1271.0 1471.0
1 1616.0 727.0
1 1375.0 1096.0
1 1440.0 929.0
1 2039.0 231.0
1 2287.0 935.0
1 791.0 776.0
1 447.0 216.0
1 2080.0 375.0
1 1055.0 1520.0
1 2009.0 1120.0
1 343.0 144.0
1 702.0 619.0
1 2855.0 1824.0
1 1750.0 1422.0
1 1207.0 735.0
1 1464.0 1584.0
1 304.0 54.0
1 2464.0 983.0
1 2279.0 455.0
1 464.0 727.0
1 320.0 311.0
1 743.0 608.0
1 2424.0 991.0
1 668.0 1056.0
1 815.0 1120.0
1 1278.0 136.0
1 1969.0 205.0
1 1960.0 194.0
1 1647.0 1356.0
1 504.0 47.0
1 425.0 392.0
1 2655.0 1664.0
1 592.0 231.0
1 1551.0 1567.0
1 631.0 485.0
1 1376.0 799.0
1 687.0 1392.0
1 760.0 624.0
1 1944.0 1744.0
1 2351.0 72.0
1 390.0 512.0
1 2056.0 1766.0
1 432.0 1047.0
1 1728.0 1848.0
1 2047.0 432.0
1 8.0 1751.0
1 2367.0 23.0
1 848.0 158.0
1 904.0 1255.0
1 1967.0 970.0
1 2591.0 168.0
1 207.0 303.0
1 167.0 88.0
1 2151.0 1920.0
1 2543.0 168.0
1 984.0 1159.0
1 1089.0 1132.0
1 911.0 1216.0
1 471.0 1152.0
1 118.0 112.0
1 743.0 768.0
1 1575.0 959.0
1 2575.0 167.0
1 2167.0 104.0
1 439.0 1663.0
1 2938.0 1239.0
1 511.0 144.0
1 311.0 1663.0
1 2647.0 1728.0
1 2464.0 1727.0
1 1624.0 1543.0
1 2783.0 1716.0
1 2040.0 1927.0
1 1431.0 47.0
1 1103.0 1624.0
1 2856.0 1135.0
1 1959.0 1727.0
1 2103.0 399.0
1 273.0 408.0
1 384.0 1367.0
1 263.0 287.0
1 2487.0 1232.0
1 1103.0 1296.0
1 1208.0 848.0
1 2151.0 513.0
1 1472.0 1015.0
1 1023.0 1520.0
1 1120.0 199.0
1 1223.0 1424.0
1 1242.0 1558.0
1 2496.0 168.0
1 1807.0 704.0
1 2104.0 1839.0
1 1695.0 1768.0
1 496.0 8.0
1 1279.0 863.0
1 1223.0 1935.0
1 816.0 1303.0
1 1529.0 1265.0
1 24.0 63.0
1 2328.0 119.0
1 2128.0 1855.0
1 720.0 768.0
1 1031.0 911.0
1 2447.0 1000.0
1 120.0 1055.0
1 2849.0 959.0
1 2047.0 154.0
1 272.0 632.0
1 247.0 1881.0
1 2776.0 1887.0
1 1751.0 1323.0
1 216.0 1479.0
1 1662.0 824.0
1 2248.0 1728.0
1 888.0 1663.0
1 2456.0 1007.0
1 1183.0 1536.0
1 480.0 1280.0
1 495.0 959.0
1 2240.0 296.0
1 1594.0 1311.0
1 240.0 103.0
1 528.0 1991.0
1 2264.0 871.0
1 2063.0 448.0
1 184.0 55.0
1 1872.0 1719.0
1 766.0 840.0
1 423.0 744.0
1 2936.0 975.0
1 1704.0 1405.0
1 1836.0 759.0
1 119.0 72.0
1 2072.0 975.0
1 488.0 215.0
1 2088.0 1703.0
1 1855.0 1912.0
1 1080.0 1560.0
1 2455.0 976.0
1 685.0 857.0
1 120.0 1199.0
1 1114.0 931.0
1 2048.0 226.0
1 895.0 23.0
1 872.0 1047.0
1 2298.0 679.0
1 2223.0 1743.0
1 2208.0 1911.0
1 2864.0 1120.0
1 2351.0 1664.0
1 2039.0 1640.0
1 1618.0 1373.0
1 1567.0 80.0
1 1696.0 1808.0
1 943.0 992.0
1 1256.0 1312.0
1 16.0 72.0
1 1736.0 639.0
1 2120.0 1936.0
1 2208.0 816.0
1 871.0 791.0
1 780.0 719.0
1 1631.0 936.0
1 1505.0 1536.0
1 343.0 1616.0
1 2497.0 1720.0
1 2647.0 177.0
1 455.0 1223.0
1 863.0 783.0
1 424.0 879.0
1 1928.0 743.0
1 1439.0 1711.0
1 2680.0 1776.0
1 1408.0 863.0
1 1616.0 1575.0
1 391.0 1416.0
1 929.0 1976.0
1 1920.0 791.0
1 2279.0 1687.0
1 2283.0 808.0
1 79.0 1184.0
1 1519.0 864.0
1 1661.0 1350.0
1 1024.0 1624.0
1 2236.0 1034.0
1 448.0 477.0
1 2087.0 559.0
1 2264.0 1903.0
1 540.0 752.0
1 847.0 976.0
1 1551.0 848.0
1 2448.0 127.0
1 888.0 823.0
1 2663.0 1799.0
1 1712.0 1783.0
1 1071.0 903.0
1 652.0 651.0
1 1865.0 1479.0
1 2191.0 232.0
1 1511.0 1072.0
1 591.0 566.0
1 1832.0 888.0
1 1368.0 807.0
1 1688.0 1616.0
1 1065.0 1230.0
1 1015.0 696.0
1 855.0 832.0
1 1224.0 784.0
1 1606.0 23.0
1 1704.0 919.0
1 1016.0 911.0
1 784.0 630.0
1 1975.0 136.0
1 991.0 1143.0
1 784.0 815.0
1 1487.0 741.0
1 664.0 841.0
1 2367.0 1815.0
1 224.0 1463.0
1 792.0 231.0
1 2904.0 1950.0
1 1840.0 880.0
1 319.0 168.0
1 447.0 1215.0
1 480.0 1223.0
1 2167.0 1686.0
1 704.0 687.0
1 2063.0 1792.0
1 1024.0 119.0
1 2696.0 1864.0
1 1303.0 703.0
1 2304.0 1832.0
1 88.0 96.0
1 2104.0 1624.0
1 1184.0 1622.0
1 1895.0 879.0
1 272.0 110.0
1 807.0 1271.0
1 240.0 992.0
1 2952.0 1220.0
1 2584.0 143.0
1 904.0 608.0
1 287.0 128.0
1 2856.0 1160.0
1 1760.0 854.0
1 1224.0 1496.0
1 1865.0 1791.0
1 1023.0 751.0
1 696.0 895.0
1 1070.0 392.0
1 1151.0 1704.0
1 2944.0 1983.0
1 2575.0 176.0
1 2047.0 48.0
1 2056.0 1800.0
1 1469.0 61.0
1 800.0 768.0
1 2088.0 874.0
1 1152.0 1639.0
1 768.0 736.0
1 1632.0 103.0
1 2487.0 1096.0
1 871.0 391.0
1 2520.0 1264.0
1 2696.0 127.0
1 431.0 45.0
1 2472.0 1231.0
1 567.0 1168.0
1 2560.0 151.0
1 586.0 1146.0
1 2456.0 1887.0
1 832.0 1440.0
1 2959.0 1688.0
1 2141.0 471.0
1 1256.0 1895.0
1 1637.0 1249.0
1 1639.0 888.0
1 1568.0 44.0
1 486.0 437.0
1 2816.0 951.0
1 1753.0 888.0
1 1185.0 1599.0
1 2408.0 1113.0
1 432.0 767.0
1 504.0 952.0
1 1735.0 1682.0
1 1032.0 831.0
1 2463.0 416.0
1 971.0 1243.0
1 1351.0 1525.0
1 816.0 327.0
1 343.0 1647.0
1 1031.0 1024.0
1 2111.0 359.0
1 1887.0 1368.0
1 2616.0 1280.0
1 1735.0 624.0
1 2408.0 31.0
1 1591.0 1639.0
1 415.0 1591.0
1 662.0 720.0
1 735.0 1147.0
1 303.0 631.0
1 1936.0 1886.0
1 1248.0 1399.0
1 32.0 749.0
1 592.0 893.0
1 1583.0 1112.0
1 2094.0 1717.0
1 688.0 943.0
1 2208.0 1926.0
1 984.0 1231.0
1 2392.0 1953.0
1 105.0 111.0
1 335.0 415.0
1 2192.0 311.0
1 2074.0 989.0
1 1335.0 104.0
1 1632.0 663.0
1 2259.0 1100.0
1 1527.0 1799.0
1 192.0 22.0
1 2150.0 527.0
1 303.0 351.0
1 567.0 312.0
1 1943.0 839.0
1 2486.0 1176.0
1 287.0 1976.0
1 1680.0 1664.0
1 2488.0 1711.0
1 559.0 1871.0
1 2064.0 150.0
1 1788.0 1279.0
1 1079.0 1519.0
1 1815.0 1312.0
1 2415.0 1688.0
1 1431.0 1616.0
1 775.0 624.0
1 1519.0 15.0
1 2199.0 1408.0
1 1655.0 888.0
1 1895.0 1751.0
1 1599.0 1807.0
1 120.0 391.0
1 1511.0 1064.0
1 1600.0 1856.0
1 1185.0 992.0
1 2829.0 1808.0
1 2284.0 1125.0
1 2142.0 200.0
1 2285.0 864.0
1 2720.0 1111.0
1 1024.0 920.0
1 1136.0 1431.0
1 2367.0 137.0
1 928.0 1952.0
1 1135.0 1151.0
1 311.0 368.0
1 2056.0 795.0
1 2024.0 1838.0
1 320.0 791.0
1 903.0 568.0
1 1937.0 767.0
1 1696.0 1927.0
1 511.0 1655.0
1 784.0 1319.0
1 2624.0 1799.0
1 351.0 615.0
1 2631.0 1872.0
1 1587.0 887.0
1 1624.0 1743.0
1 1527.0 127.0
1 919.0 791.0
1 729.0 678.0
1 1144.0 119.0
1 792.0 1271.0
1 1651.0 1513.0
1 911.0 1120.0
1 2816.0 1871.0
1 759.0 216.0
1 1480.0 887.0
1 287.0 57.0
1 311.0 64.0
1 855.0 681.0
1 1656.0 719.0
1 2231.0 879.0
1 1239.0 1536.0
1 448.0 607.0
1 760.0 704.0
1 1344.0 808.0
1 2368.0 1263.0
1 1240.0 808.0
1 2895.0 1863.0
1 319.0 624.0
1 367.0 1888.0
1 1712.0 791.0
1 2056.0 870.0
1 1344.0 1512.0
1 1192.0 1921.0
1 328.0 647.0
1 2368.0 359.0
1 1287.0 880.0
1 1343.0 1472.0
1 2416.0 328.0
1 2111.0 864.0
1 2391.0 136.0
1 1016.0 1695.0
1 1151.0 735.0
1 1983.0 845.0
1 760.0 768.0
1 1904.0 1207.0
1 23.0 1632.0
1 2511.0 984.0
1 1672.0 783.0
1 2119.0 1719.0
1 2847.0 1288.0
1 1263.0 1415.0
1 2872.0 1079.0
1 2671.0 1015.0
1 273.0 647.0
1 872.0 375.0
1 2344.0 151.0
1 560.0 798.0
1 2036.0 1074.0
1 2367.0 1760.0
1 653.0 760.0
1 1527.0 1032.0
1 1848.0 863.0
1 199.0 535.0
1 840.0 335.0
1 2831.0 1768.0
1 376.0 496.0
1 1866.0 1576.0
1 2520.0 111.0
1 2679.0 1839.0
1 1360.0 1584.0
1 1095.0 1048.0
1 2790.0 1936.0
1 2696.0 967.0
1 487.0 1328.0
1 783.0 768.0
1 1329.0 823.0
1 563.0 448.0
1 506.0 571.0
1 487.0 576.0
1 2712.0 1955.0
1 2831.0 1864.0
1 1680.0 1259.0
1 2975.0 1167.0
1 79.0 848.0
1 1824.0 1839.0
1 1600.0 55.0
1 1631.0 161.0
1 583.0 1136.0
1 48.0 1796.0
1 912.0 847.0
1 2399.0 167.0
1 1824.0 1848.0
1 784.0 575.0
1 231.0 329.0
1 2008.0 1727.0
1 183.0 368.0
1 2319.0 1935.0
1 1191.0 943.0
1 1255.0 959.0
1 1327.0 1671.0
1 727.0 664.0
1 824.0 631.0
1 712.0 603.0
1 704.0 783.0
1 2255.0 1888.0
1 1664.0 1903.0
1 2084.0 858.0
1 568.0 1655.0
1 2832.0 1855.0
1 520.0 783.0
1 2440.0 135.0
1 1840.0 1871.0
1 2120.0 1496.0
1 1584.0 48.0
1 2407.0 359.0
1 1496.0 49.0
1 1504.0 888.0
1 2471.0 1816.0
1 2968.0 1036.0
1 535.0 1120.0
1 1328.0 1448.0
1 1143.0 1456.0
1 975.0 831.0
1 935.0 439.0
1 112.0 791.0
1 1207.0 1840.0
1 2606.0 1680.0
1 1287.0 1088.0
1 2415.0 1720.0
1 1247.0 1248.0
1 1389.0 1314.0
1 1183.0 568.0
1 494.0 1824.0
1 1768.0 895.0
1 1777.0 1078.0
1 1127.0 872.0
1 1841.0 1056.0
1 2679.0 1048.0
1 480.0 806.0
1 1927.0 871.0
1 2320.0 1976.0
1 1320.0 1680.0
1 1691.0 1376.0
1 1075.0 1217.0
1 984.0 15.0
1 2136.0 407.0
1 1991.0 320.0
1 384.0 1343.0
1 168.0 855.0
1 247.0 1895.0
1 736.0 1799.0
1 984.0 1255.0
1 2743.0 1263.0
1 1672.0 599.0
1 824.0 255.0
1 215.0 1880.0
1 416.0 207.0
1 1624.0 31.0
1 2040.0 271.0
1 432.0 447.0
1 1065.0 1488.0
1 2456.0 400.0
1 1247.0 1263.0
1 1208.0 832.0
1 384.0 1647.0
1 2175.0 1679.0
1 303.0 840.0
1 768.0 1159.0
1 2648.0 935.0
1 39.0 1031.0
1 1024.0 839.0
1 966.0 1214.0
1 463.0 375.0
1 1511.0 1575.0
1 2792.0 39.0
1 2760.0 951.0
1 1431.0 1776.0
1 271.0 280.0
1 2040.0 487.0
1 375.0 1719.0
1 2247.0 799.0
1 698.0 11.0
1 1767.0 1888.0
1 231.0 192.0
1 2904.0 1175.0
1 2743.0 119.0
1 360.0 1008.0
