0 0 2 111.27143872641905
0 1 3 123.5179054483601
0 2 4 144.53740999911696
0 3 6 182.79301118000703
0 4 7 117.51704262366782
0 8 8 164.21807041112717
0 5 9 114.02782455151865
0 7 10 158.2165601011019
0 6 11 219.57304148394235
0 9 12 136.10092933907896
0 17 13 213.07865996496318
0 14 15 166.59483430595978
0 16 16 110.39804309041317
0 20 17 249.70240223656174
0 24 18 136.55468111510595
0 21 19 135.5229550005283
0 23 20 186.77943277318408
0 22 21 182.23854748069343
0 27 23 112.6388690738548
0 36 25 126.20159454116866
0 31 26 106.84854908327456
0 29 27 202.59562261668376
0 28 29 169.20783774088005
0 30 30 122.83335571253045
0 32 31 192.76009438309808
0 39 32 115.2737901062873
0 42 33 221.60646437428383
0 41 34 107.49428705686009
0 37 35 170.02001157503472
0 52 36 138.79362042348674
0 43 37 142.74012417728952
0 44 38 107.71707774271006
0 48 39 106.137586120619
0 50 40 110.3333692622964
0 53 41 128.27084533045698
0 56 43 123.14241721261769
0 64 44 124.02074254772597
0 45 45 143.6348173095149
0 47 46 108.24195381404908
0 51 47 119.43895382590928
0 57 48 112.36104231557343
0 61 50 114.4119643763769
0 59 51 106.05577841359994
0 62 52 116.37405665360467
0 73 53 159.40912680325866
0 63 55 176.84527771107796
0 38 56 458.4874563196368
0 70 57 207.80393628377598
0 67 58 222.48400183321166
0 79 60 105.16764077799105
0 69 61 116.87014944098169
0 66 62 123.77355684340105
0 65 63 175.48948561960788
0 68 64 113.85537696251582
0 71 65 125.95882925339441
0 75 66 139.2765301272832
0 77 67 143.90520785701855
0 74 68 117.554763474621
0 76 69 155.42539940904462
0 72 70 110.00818313435028
0 82 71 121.44596509535741
0 83 74 110.06627312209918
0 81 75 216.65429866386182
0 91 76 122.17630504926751
0 80 77 133.67047040054254
0 86 78 123.38963594826218
0 88 79 106.85649771749002
0 89 80 323.8942018433179
0 101 81 252.51478276889122
0 90 82 114.3170734715373
0 92 83 108.6026609477899
0 84 84 219.23302359243385
0 87 85 239.71863963816767
0 102 86 104.42074926913574
0 95 87 138.5123076388344
0 96 88 183.68676275655133
0 93 89 107.17548419672252
0 94 91 133.24587522479047
0 100 92 136.4801429520998
0 120 94 106.66101782303832
0 99 95 103.76917164419723
0 108 96 154.26102317223223
0 103 97 141.7911446793636
0 107 98 111.0946847337394
0 98 99 132.23309959080544
0 97 100 178.00891889913242
0 114 102 168.4024229079754
0 110 103 126.12098287251443
0 115 104 203.7078924469687
0 123 106 129.5960428179751
0 112 107 107.574487817508
0 111 108 105.0847275029066
0 116 109 115.49629586387185
0 121 110 120.74738190918464
0 124 111 181.13429179854523
0 113 112 107.53453790292085
0 140 114 105.49858301575799
0 117 115 132.32828128227666
0 125 116 208.7362660502741
0 119 117 105.66054086516965
0 127 118 108.68627792674054
0 131 119 117.96686718502419
0 122 120 105.64815191475915
0 126 121 159.39696525462617
0 118 122 130.2311948482609
0 136 123 153.71209893885322
0 138 124 112.80151257101774
0 132 125 106.68029281032918
0 130 126 107.47101980722343
0 134 127 115.52774227667358
0 143 128 126.49964083371215
0 135 129 131.782586118069
0 128 130 106.06847103606832
0 156 131 124.23601057736381
0 147 132 118.13692087899723
0 150 133 194.43690686468062
0 151 134 244.42567807511537
0 153 137 266.24749796115475
0 158 138 203.25554812840298
0 159 139 170.0248877477247
0 161 140 169.5572416847327
0 144 141 118.98708591491749
0 149 142 117.43923191237215
0 145 143 113.82047126102326
0 139 144 105.45327258267183
0 162 145 150.8451607891428
0 163 146 127.7693713716673
0 167 147 129.90607269969635
0 168 148 150.3131117002786
0 142 149 107.89000364430339
0 169 150 179.43381483336088
0 173 151 142.7636029573818
0 172 152 173.3472323435713
0 179 153 108.48186380783962
0 180 154 104.76237754645888
0 160 155 144.91019950138474
0 146 156 165.1962710649119
0 170 158 104.60184848046525
0 154 159 274.7258201365686
0 171 160 172.24125209575288
0 174 161 111.38095267495736
0 188 162 173.5895089840235
0 190 163 160.5862466355523
0 182 164 129.830214569584
0 186 165 150.56289624109138
0 177 167 107.86592676449848
0 196 168 130.619891899164
0 192 169 106.33078646375876
0 164 170 217.4630552822414
0 165 171 139.3400348906211
0 194 172 186.17770670236663
0 193 173 182.45399585636727
0 195 174 188.54350807106866
0 199 175 118.41050361116685
0 201 176 125.44018642996457
0 206 177 190.1558845614383
0 207 179 204.38215425787223
0 211 180 159.704100488254
0 213 181 202.1031490980313
0 215 182 104.52944939290273
0 178 184 108.53318483771402
0 210 185 158.4269652311255
0 202 186 155.58178278273311
0 191 187 152.8542292162561
0 197 188 105.49823141663808
0 203 189 106.7937438780735
0 184 191 215.96652658479988
0 185 192 136.61114431958762
0 209 193 121.82987171611109
0 224 194 105.39244690696907
0 227 195 204.15344762631628
0 181 196 111.36422909126512
0 218 197 119.05769288222707
0 223 198 140.15092197936966
0 216 199 166.3385380421759
0 212 200 198.63767354081273
0 205 203 110.07881717677222
0 221 205 105.027120336418
0 155 206 106.93071250553146
0 226 207 119.57862565821922
0 198 208 110.29554974329679
0 234 209 109.8846151075155
0 237 211 120.89568156413952
0 239 212 148.70195245800002
0 246 213 147.87832547867467
0 222 215 135.30250773763603
0 233 216 105.24715920389833
0 241 218 123.65533646945232
0 217 219 107.85687730298663
0 249 220 104.25770766619544
0 250 221 105.83803727315721
0 232 224 106.37531647628265
0 238 225 231.7327354981057
0 228 227 145.75127093089705
0 229 229 201.82906968847783
0 231 230 124.96609787973765
0 242 231 104.54390295120703
0 255 232 148.07575923263906
0 251 233 126.19190279174084
0 230 235 216.16991197602874
0 236 236 182.1276034022479
0 258 237 155.33108741749214
0 262 238 111.30317374820702
0 204 239 218.04203451120264
0 244 240 107.97595224946146
0 248 241 142.46337115777575
0 243 243 128.50893940242312
0 261 244 118.12543397882204
0 260 245 104.90014356447436
0 270 246 119.03169315490373
0 240 248 200.314192054505
0 283 249 179.23175445405525
0 252 251 106.26778008344355
0 287 252 214.4586226224921
0 256 253 110.48046166633499
0 273 254 120.21007150676803
0 284 255 171.21178769358536
0 276 256 104.33747767379613
0 259 257 103.68667288354321
0 290 258 185.20142948891598
0 294 259 173.15656735587123
0 286 260 103.93090012899977
0 247 261 198.47538981806085
0 293 262 158.51697220891316
0 299 263 194.03216240897018
0 269 264 107.92967658632935
0 264 265 301.9264955130021
0 296 266 105.12748195758799
0 272 268 122.382543048346
0 268 269 107.85004093903218
0 305 270 106.46290085047387
0 301 271 235.89863646100642
0 265 272 155.86260484614328
0 274 275 123.7038142489151
0 310 276 186.5716824374442
0 280 277 164.54211599201867
0 313 279 223.3747918994428
0 291 280 103.67376867433936
0 314 281 119.85331748740045
0 297 282 179.50997627999388
0 295 283 112.01156140450554
0 329 284 114.98974139121607
0 320 285 225.99838353359556
0 324 286 185.54651409956188
0 319 287 195.0027314211061
0 345 289 177.4962944938453
0 334 290 160.65095307294496
0 376 292 427.4323067863081
0 389 293 370.80047403148217
0 342 294 158.59914994521372
0 371 295 124.86721167819759
0 362 296 125.07292596280573
0 363 297 134.16791413683927
0 372 298 239.79065860399956
0 357 299 138.60797481708022
0 335 300 108.36429569992345
0 375 302 176.45511012236847
0 385 303 116.84535667043843
0 331 304 117.56423660260057
0 367 305 181.67630154824073
0 413 306 276.92225924851823
0 425 307 227.57637536148835
0 383 309 146.27227164356233
0 336 310 144.28544706885526
0 346 311 165.71137336088404
0 395 312 363.069960778475
0 401 313 245.28150943043144
0 411 315 252.0381749468236
0 380 316 149.24645167282063
0 398 317 134.56355633979328
0 403 318 242.09442094767266
0 426 319 175.471406645069
0 397 320 323.38429440795437
0 352 321 130.2292033967363
0 359 322 151.28030706883007
0 364 323 225.72440732633575
0 368 324 215.15901902498325
0 384 325 119.36152473438186
0 408 327 143.74191799473653
0 365 328 139.3460181953972
0 366 329 117.50387361376875
0 388 330 247.51524931451758
0 415 331 258.7138584769989
0 451 332 166.70029378101742
0 410 333 202.11471407376496
0 443 334 371.7167867838293
0 404 335 162.94284370401598
0 392 336 121.01293235581745
0 354 337 120.81637896723166
0 421 338 163.16807894988682
0 405 339 117.39136610458031
0 409 341 111.07201686562207
0 423 343 256.90478811867786
0 455 344 108.60680183012761
0 387 345 111.4831850409659
0 465 346 478.99829917394055
0 431 347 106.29124973319828
0 416 348 109.53720035086447
0 428 349 104.76067673139657
0 445 350 168.0177515474369
0 420 351 160.8996531164376
0 399 352 299.438637867122
0 439 353 313.66956887208477
0 450 354 229.01505750863026
0 477 355 464.4958127876457
0 457 356 198.04825175708456
0 437 357 112.01417888828644
0 446 359 158.38526708394923
0 436 360 122.44482463619168
0 462 362 229.9464806011453
0 442 363 108.65176724742838
0 414 364 131.92631565455392
0 417 365 290.7699872112767
0 461 366 135.46285925414918
0 466 367 169.55772149777664
0 467 368 179.02760779960008
0 468 369 199.34047513640692
0 470 371 162.09280106415446
0 447 372 105.9420024731901
0 429 374 149.75550900284395
0 430 375 171.6714714686445
0 452 376 352.6564079452926
0 488 377 220.95523419247775
0 422 378 103.27273148087448
0 449 379 150.89508766678563
0 491 380 146.6008688285582
0 469 383 282.7748081683231
0 490 384 193.4970957932656
0 386 385 167.1061750499559
0 459 386 139.84624862704126
0 478 387 173.54846017420826
0 496 388 134.9505743952419
0 499 389 144.40954111547597
0 484 390 103.83490407107794
0 503 392 230.2637973616833
0 489 393 116.25935876828339
0 507 394 320.87291916772637
0 510 395 114.14141311060226
0 492 396 103.42476621692647
0 464 397 184.54318642152742
0 494 399 103.37989425279395
0 514 401 104.41372420668186
0 513 402 138.3928749662828
0 498 404 130.50919946935085
0 512 405 253.37087509310433
0 520 406 105.35415388114569
0 497 407 105.38415191504352
0 518 408 141.229465927662
0 486 410 106.17828532978892
0 487 411 196.7996105583268
0 475 413 173.79997772753524
0 521 414 208.43907087091858
0 524 416 198.17116017757098
0 544 417 217.96863692949455
0 532 419 105.41088857778371
0 537 420 167.38145820026892
0 535 421 113.70205660021877
0 527 422 191.66528910560737
0 543 425 239.7543010920563
0 531 426 179.19687466388334
0 548 427 232.6463672370684
0 549 429 172.14027101919334
0 515 430 232.89499100366703
0 509 431 137.11600942220122
0 560 432 142.670437827716
0 567 433 117.99027114978446
0 563 434 190.2240798792523
0 555 436 113.08829320369476
0 562 437 180.2016402144476
0 566 438 125.36017891073965
0 539 439 115.00355898426918
0 565 440 111.3450571215951
0 533 441 123.41952653180368
0 546 442 118.54168961526132
0 577 443 108.18684737771021
0 559 444 170.85588664122142
0 538 445 104.31086762619574
0 556 447 268.28197724645685
0 542 448 105.46251983093526
0 586 449 386.8325972764126
0 569 450 222.68565100337
0 579 451 107.53535122271576
0 580 452 106.91307060301203
0 576 453 198.15084427093723
0 541 454 111.90932852999447
0 570 456 196.64324215605515
0 568 457 119.39328468566175
0 573 459 163.64571865218215
0 553 460 109.10027087758681
0 593 461 155.75525285416873
0 606 462 231.95030407398866
0 603 463 106.36065554647797
0 588 465 322.1687126878533
0 561 466 104.35046327040976
0 583 468 193.22999993895775
0 605 469 103.3588004939621
0 572 471 106.19134336174665
0 594 472 216.92637502165746
0 627 477 198.3468041594954
0 629 478 118.42484629567657
0 582 479 104.86028704485553
0 610 480 272.2885790068971
0 632 481 122.74868946956816
0 601 482 198.55990592521547
0 607 483 198.8530745143618
0 633 485 154.199773496436
0 626 486 126.70495533324552
0 589 487 105.70962619397508
0 592 488 105.32874204621912
0 631 489 110.1633564242001
0 640 490 212.24551139478183
0 639 491 134.8717047115417
0 642 494 126.34513247278873
0 641 495 146.31440613659677
0 614 496 145.56430233499418
0 646 497 167.69781955659056
0 638 498 127.22974133040994
0 643 499 179.59748714481995
0 600 500 107.22537074147016
0 620 501 106.6475389666605
0 621 502 176.44948700209693
0 649 503 225.2786002586971
0 630 504 287.12106522819903
0 650 505 120.03680117669894
0 647 506 108.51600692366804
0 652 507 170.65574722646022
0 653 508 205.0345934135822
0 645 509 127.29788619334599
0 648 510 137.89862851112167
0 612 512 114.08438885704241
0 625 513 252.5472821975199
0 636 514 140.83699936856274
0 622 515 109.37368027362821
0 657 516 189.2967957724072
0 656 520 126.31393181740498
0 660 521 161.27211947882967
0 662 523 137.26908804900486
0 661 524 288.58891264857897
0 651 525 126.9068478513367
0 659 526 116.81900452299647
0 665 527 325.1076177235532
0 667 528 220.2348988861524
0 678 529 118.2475539204582
0 676 530 130.79970158997904
0 658 532 105.0196584604618
0 680 533 141.64314912981808
0 681 534 168.65115294402898
0 671 535 113.38694898349102
0 663 537 107.12535676332726
0 683 538 146.9955321889085
0 690 539 143.14533616452056
0 685 540 170.36053275440403
0 654 541 111.92507380908938
0 689 542 120.66127887226416
0 695 543 151.10692480876804
0 697 544 203.85286306791266
0 692 545 114.8601927027576
0 694 547 121.50666322606214
0 693 548 148.62802340562243
0 705 550 125.27107806034155
0 704 552 132.39442377049446
0 698 553 151.63006319901604
0 707 554 127.80806168470751
0 679 555 111.94775509506863
0 711 556 201.4565758118453
0 710 558 144.1388388729462
0 709 559 132.68691376837768
0 696 560 246.53262940849388
0 691 561 106.12123864921554
0 703 562 149.8077936373984
0 708 563 115.84797422638448
0 701 566 115.76784378214893
0 723 568 214.755992932869
0 715 569 103.99177745984154
0 717 570 107.59967689086665
0 729 571 134.34358106674333
0 718 574 311.7148135090782
0 726 577 104.0797857412095
0 727 578 105.7841568180596
0 732 579 107.69833197800074
0 731 580 133.90025584939133
0 737 583 110.34783951025318
0 734 584 109.19082420991755
0 735 587 114.461507057334
0 738 588 148.46665485579797
0 751 591 107.84407196283068
0 741 592 105.40500773203034
0 742 593 106.44000361879932
0 746 594 124.08231705896522
0 743 595 105.48193438437934
0 745 596 104.56913297554533
0 755 598 103.16789684154845
0 748 599 106.51616317682637
0 763 600 156.21550851697364
0 771 603 110.41531339394153
0 773 606 103.97581361715467
0 795 607 106.87250065245723
0 780 608 113.0779423678595
0 810 610 148.0219599400932
0 812 613 112.11864896662314
0 823 614 103.89151282226574
0 818 615 116.50292673638651
0 861 617 292.0441916340173
0 864 618 148.9928084387616

0 915.0 17.0
0 915.0 22.0
0 908.0 358.0
0 920.0 359.0
0 967.0 360.0
0 974.0 361.0
0 980.0 361.0
0 918.0 368.0
0 904.0 369.0
0 932.0 369.0
0 954.0 370.0
0 966.0 371.0
0 978.0 372.0
0 899.0 377.0
0 963.0 380.0
0 981.0 381.0
0 992.0 382.0
0 848.0 387.0
0 815.0 389.0
0 870.0 389.0
0 810.0 390.0
0 790.0 392.0
0 801.0 392.0
0 783.0 394.0
0 877.0 394.0
0 795.0 395.0
0 839.0 396.0
0 757.0 397.0
0 1140.0 397.0
0 882.0 398.0
0 810.0 399.0
0 728.0 400.0
0 1131.0 401.0
0 1148.0 401.0
0 767.0 402.0
0 753.0 403.0
0 803.0 403.0
0 864.0 403.0
0 1074.0 403.0
0 824.0 404.0
0 844.0 405.0
0 851.0 405.0
0 880.0 405.0
0 1090.0 406.0
0 1144.0 406.0
0 705.0 407.0
0 786.0 407.0
0 756.0 408.0
0 1139.0 408.0
0 1086.0 411.0
0 796.0 412.0
0 721.0 413.0
0 740.0 413.0
0 1152.0 413.0
0 803.0 414.0
0 1081.0 414.0
0 695.0 415.0
0 704.0 415.0
0 864.0 415.0
0 911.0 415.0
0 1102.0 415.0
0 771.0 417.0
0 784.0 417.0
0 816.0 417.0
0 759.0 418.0
0 822.0 418.0
0 835.0 418.0
0 852.0 418.0
0 746.0 419.0
0 844.0 419.0
0 1070.0 419.0
0 1081.0 419.0
0 688.0 421.0
0 1118.0 421.0
0 810.0 423.0
0 1059.0 423.0
0 824.0 425.0
0 688.0 426.0
0 704.0 426.0
0 800.0 426.0
0 856.0 426.0
0 867.0 426.0
0 1152.0 426.0
0 839.0 427.0
0 1017.0 427.0
0 1047.0 429.0
0 1100.0 429.0
0 1056.0 430.0
0 1065.0 430.0
0 720.0 431.0
0 738.0 431.0
0 746.0 431.0
0 822.0 431.0
0 863.0 431.0
0 1002.0 432.0
0 772.0 433.0
0 1070.0 433.0
0 1164.0 433.0
0 1157.0 434.0
0 673.0 435.0
0 1045.0 435.0
0 1075.0 435.0
0 788.0 436.0
0 821.0 436.0
0 867.0 436.0
0 857.0 437.0
0 1098.0 438.0
0 706.0 439.0
0 1021.0 439.0
0 1036.0 439.0
0 1087.0 439.0
0 1151.0 439.0
0 697.0 440.0
0 1093.0 440.0
0 999.0 441.0
0 1046.0 441.0
0 1146.0 441.0
0 745.0 442.0
0 1116.0 442.0
0 1134.0 442.0
0 1059.0 443.0
0 1073.0 443.0
0 672.0 444.0
0 1095.0 445.0
0 1084.0 446.0
0 819.0 447.0
0 1032.0 447.0
0 1046.0 448.0
0 1146.0 448.0
0 1169.0 448.0
0 696.0 449.0
0 873.0 449.0
0 878.0 449.0
0 883.0 449.0
0 893.0 449.0
0 898.0 449.0
0 888.0 450.0
0 903.0 450.0
0 913.0 450.0
0 919.0 450.0
0 924.0 450.0
0 1105.0 450.0
0 1118.0 450.0
0 1133.0 450.0
0 787.0 451.0
0 932.0 451.0
0 939.0 451.0
0 959.0 452.0
0 965.0 452.0
0 817.0 453.0
0 973.0 453.0
0 978.0 453.0
0 908.0 454.0
0 986.0 455.0
0 996.0 455.0
0 1023.0 455.0
0 840.0 456.0
0 845.0 456.0
0 1046.0 456.0
0 1162.0 457.0
0 1175.0 457.0
0 869.0 458.0
0 932.0 458.0
0 946.0 458.0
0 852.0 459.0
0 896.0 460.0
0 1021.0 460.0
0 1095.0 460.0
0 955.0 461.0
0 1144.0 461.0
0 740.0 462.0
0 753.0 462.0
0 878.0 462.0
0 883.0 462.0
0 890.0 462.0
0 908.0 463.0
0 918.0 464.0
0 928.0 465.0
0 933.0 465.0
0 938.0 465.0
0 961.0 465.0
0 966.0 465.0
0 998.0 465.0
0 732.0 466.0
0 760.0 466.0
0 945.0 466.0
0 976.0 466.0
0 1024.0 466.0
0 1044.0 466.0
0 1138.0 466.0
0 786.0 467.0
0 781.0 468.0
0 791.0 468.0
0 850.0 468.0
0 1015.0 468.0
0 1088.0 468.0
0 710.0 469.0
0 862.0 469.0
0 986.0 469.0
0 1127.0 469.0
0 1177.0 469.0
0 722.0 470.0
0 737.0 470.0
0 840.0 470.0
0 796.0 471.0
0 1145.0 471.0
0 671.0 472.0
0 1036.0 472.0
0 696.0 473.0
0 1052.0 474.0
0 686.0 475.0
0 866.0 475.0
0 1067.0 475.0
0 1097.0 475.0
0 749.0 476.0
0 770.0 476.0
0 828.0 476.0
0 913.0 476.0
0 1045.0 476.0
0 807.0 477.0
0 1002.0 477.0
0 1015.0 477.0
0 710.0 480.0
0 725.0 480.0
0 786.0 480.0
0 1024.0 480.0
0 672.0 481.0
0 730.0 481.0
0 735.0 481.0
0 741.0 481.0
0 759.0 481.0
0 853.0 481.0
0 1034.0 481.0
0 1044.0 481.0
0 702.0 482.0
0 746.0 482.0
0 751.0 483.0
0 1110.0 483.0
0 1076.0 485.0
0 671.0 486.0
0 808.0 486.0
0 695.0 487.0
0 701.0 487.0
0 706.0 487.0
0 867.0 487.0
0 841.0 488.0
0 1136.0 489.0
0 780.0 490.0
0 786.0 490.0
0 1095.0 490.0
0 671.0 491.0
0 768.0 491.0
0 1090.0 491.0
0 802.0 492.0
0 1033.0 492.0
0 1103.0 492.0
0 998.0 493.0
0 824.0 494.0
0 1083.0 494.0
0 1110.0 494.0
0 984.0 495.0
0 672.0 496.0
0 1062.0 496.0
0 1115.0 497.0
0 795.0 498.0
0 1012.0 498.0
0 1024.0 498.0
0 710.0 500.0
0 777.0 500.0
0 741.0 502.0
0 1046.0 502.0
0 1068.0 502.0
0 694.0 503.0
0 755.0 503.0
0 768.0 503.0
0 786.0 503.0
0 1059.0 503.0
0 671.0 504.0
0 684.0 505.0
0 1066.0 507.0
0 823.0 508.0
0 1173.0 508.0
0 672.0 509.0
0 690.0 511.0
0 1012.0 511.0
0 1061.0 511.0
0 1056.0 512.0
0 1131.0 512.0
0 998.0 515.0
0 1003.0 515.0
0 1051.0 515.0
0 794.0 517.0
0 927.0 517.0
0 887.0 518.0
0 1149.0 518.0
0 997.0 520.0
0 1013.0 520.0
0 1061.0 520.0
0 879.0 521.0
0 1049.0 521.0
0 1158.0 521.0
0 673.0 522.0
0 870.0 523.0
0 1171.0 524.0
0 754.0 525.0
0 840.0 525.0
0 912.0 525.0
0 917.0 525.0
0 923.0 525.0
0 989.0 525.0
0 782.0 526.0
0 803.0 527.0
0 862.0 527.0
0 887.0 527.0
0 892.0 527.0
0 938.0 527.0
0 1129.0 527.0
0 1164.0 528.0
0 853.0 530.0
0 950.0 530.0
0 1009.0 530.0
0 756.0 531.0
0 783.0 531.0
0 793.0 531.0
0 832.0 531.0
0 1144.0 531.0
0 392.0 532.0
0 1064.0 532.0
0 804.0 533.0
0 817.0 533.0
0 826.0 533.0
0 865.0 534.0
0 986.0 534.0
0 846.0 535.0
0 964.0 535.0
0 1128.0 535.0
0 1156.0 535.0
0 773.0 537.0
0 1123.0 537.0
0 1180.0 537.0
0 822.0 538.0
0 1171.0 538.0
0 754.0 539.0
0 839.0 539.0
0 925.0 539.0
0 764.0 540.0
0 977.0 540.0
0 1030.0 540.0
0 1163.0 541.0
0 1050.0 542.0
0 1121.0 542.0
0 1071.0 543.0
0 822.0 544.0
0 832.0 545.0
0 847.0 545.0
0 984.0 545.0
0 1116.0 546.0
0 1182.0 546.0
0 753.0 547.0
0 1076.0 547.0
0 1144.0 548.0
0 993.0 549.0
0 1111.0 549.0
0 1131.0 549.0
0 764.0 550.0
0 817.0 550.0
0 1085.0 551.0
0 1091.0 552.0
0 1096.0 552.0
0 1104.0 552.0
0 755.0 553.0
0 1142.0 553.0
0 1160.0 553.0
0 783.0 554.0
0 770.0 555.0
0 793.0 555.0
0 813.0 556.0
0 1001.0 556.0
0 698.0 557.0
0 804.0 557.0
0 884.0 557.0
0 1180.0 558.0
0 755.0 559.0
0 825.0 559.0
0 1140.0 560.0
0 675.0 562.0
0 1168.0 563.0
0 1178.0 563.0
0 1039.0 564.0
0 1010.0 565.0
0 1059.0 566.0
0 820.0 569.0
0 902.0 569.0
0 1090.0 569.0
0 882.0 570.0
0 929.0 570.0
0 1122.0 570.0
0 804.0 571.0
0 890.0 571.0
0 1105.0 571.0
0 755.0 572.0
0 946.0 572.0
0 912.0 573.0
0 561.0 574.0
0 1144.0 575.0
0 886.0 576.0
0 957.0 577.0
0 1165.0 577.0
0 874.0 578.0
0 801.0 580.0
0 755.0 583.0
0 782.0 583.0
0 793.0 583.0
0 675.0 584.0
0 907.0 584.0
0 445.0 585.0
0 893.0 587.0
0 1046.0 587.0
0 805.0 589.0
0 853.0 590.0
0 982.0 590.0
0 972.0 591.0
0 879.0 593.0
0 989.0 596.0
0 890.0 597.0
0 992.0 601.0
0 874.0 602.0
0 993.0 606.0
0 886.0 607.0
0 838.0 608.0
0 1386.0 608.0
0 676.0 611.0
0 992.0 611.0
0 1002.0 613.0
0 940.0 615.0
0 676.0 616.0
0 859.0 616.0
0 829.0 617.0
0 976.0 617.0
0 811.0 618.0
0 837.0 619.0
0 677.0 621.0
0 820.0 621.0
0 1002.0 621.0
0 885.0 622.0
0 756.0 624.0
0 796.0 624.0
0 912.0 626.0
0 701.0 630.0
0 949.0 631.0
0 795.0 632.0
0 825.0 633.0
0 834.0 633.0
0 981.0 633.0
0 677.0 634.0
0 758.0 635.0
0 868.0 636.0
0 1158.0 636.0
0 981.0 639.0
0 869.0 641.0
0 701.0 642.0
0 894.0 642.0
0 981.0 644.0
0 1009.0 644.0
0 805.0 645.0
0 970.0 645.0
0 679.0 648.0
0 947.0 648.0
0 794.0 651.0
0 828.0 653.0
0 955.0 654.0
0 701.0 656.0
0 799.0 657.0
0 943.0 657.0
0 1444.0 658.0
0 953.0 659.0
0 538.0 660.0
0 967.0 662.0
0 1004.0 662.0
0 678.0 663.0
0 924.0 663.0
0 1014.0 664.0
0 796.0 665.0
0 919.0 665.0
0 806.0 667.0
0 952.0 667.0
0 828.0 668.0
0 278.0 671.0
0 702.0 671.0
0 836.0 671.0
0 799.0 672.0
0 980.0 672.0
0 1025.0 672.0
0 1046.0 672.0
0 967.0 673.0
0 943.0 674.0
0 1153.0 674.0
0 1012.0 675.0
0 828.0 676.0
0 1001.0 676.0
0 678.0 678.0
0 1121.0 678.0
0 1153.0 679.0
0 801.0 680.0
0 928.0 681.0
0 940.0 681.0
0 950.0 681.0
0 999.0 681.0
0 1010.0 682.0
0 840.0 683.0
0 835.0 684.0
0 971.0 684.0
0 702.0 687.0
0 1040.0 687.0
0 1150.0 688.0
0 678.0 689.0
0 1006.0 690.0
0 919.0 692.0
0 1119.0 692.0
0 541.0 695.0
0 958.0 695.0
0 991.0 695.0
0 919.0 697.0
0 924.0 697.0
0 811.0 698.0
0 1150.0 700.0
0 851.0 703.0
0 982.0 704.0
0 995.0 705.0
0 975.0 711.0
0 869.0 712.0
0 988.0 713.0
0 711.0 714.0
0 824.0 715.0
0 877.0 717.0
0 1147.0 717.0
0 345.0 718.0
0 680.0 719.0
0 864.0 719.0
0 982.0 719.0
0 882.0 720.0
0 477.0 721.0
0 958.0 721.0
0 949.0 724.0
0 944.0 725.0
0 896.0 726.0
0 936.0 726.0
0 837.0 727.0
0 878.0 727.0
0 972.0 728.0
0 960.0 730.0
0 1145.0 731.0
0 891.0 732.0
0 919.0 732.0
0 952.0 732.0
0 478.0 733.0
0 941.0 735.0
0 946.0 735.0
0 920.0 737.0
0 855.0 739.0
0 887.0 740.0
0 442.0 741.0
0 839.0 743.0
0 1146.0 743.0
0 462.0 744.0
0 903.0 744.0
0 470.0 746.0
0 477.0 755.0
0 922.0 757.0
0 492.0 759.0
0 336.0 765.0
0 1321.0 766.0
0 1137.0 768.0
0 1142.0 768.0
0 396.0 769.0
0 1332.0 776.0
0 455.0 778.0
0 614.0 778.0
0 317.0 781.0
0 635.0 784.0
0 569.0 785.0
0 892.0 785.0
0 1162.0 787.0
0 629.0 788.0
0 537.0 789.0
0 941.0 789.0
0 1048.0 791.0
0 357.0 792.0
0 560.0 792.0
0 149.0 796.0
0 334.0 798.0
0 1370.0 798.0
0 495.0 799.0
0 527.0 799.0
0 568.0 802.0
0 432.0 804.0
0 470.0 804.0
0 977.0 804.0
0 1023.0 807.0
0 548.0 810.0
0 528.0 825.0
0 655.0 831.0
0 463.0 834.0
0 502.0 834.0
0 248.0 836.0
0 766.0 837.0
0 388.0 842.0
0 1139.0 848.0
0 343.0 852.0
0 788.0 853.0
0 1267.0 863.0
0 1124.0 865.0
0 794.0 870.0
0 236.0 878.0
0 590.0 885.0
0 225.0 886.0
0 111.0 890.0
0 418.0 950.0
0 416.0 962.0
0 917.0 975.0
0 1037.0 988.0
1 817.0 284.0
1 830.0 285.0
1 883.0 287.0
1 898.0 288.0
1 825.0 295.0
1 843.0 297.0
1 877.0 297.0
1 865.0 299.0
1 804.0 302.0
1 897.0 302.0
1 815.0 303.0
1 876.0 305.0
1 887.0 306.0
1 826.0 307.0
1 901.0 310.0
1 842.0 311.0
1 913.0 311.0
1 798.0 312.0
1 803.0 312.0
1 790.0 315.0
1 762.0 317.0
1 767.0 319.0
1 690.0 320.0
1 703.0 321.0
1 711.0 321.0
1 884.0 321.0
1 802.0 325.0
1 670.0 327.0
1 779.0 328.0
1 653.0 329.0
1 697.0 329.0
1 735.0 330.0
1 616.0 331.0
1 621.0 331.0
1 610.0 332.0
1 626.0 332.0
1 687.0 332.0
1 639.0 333.0
1 604.0 334.0
1 1067.0 337.0
1 666.0 338.0
1 651.0 339.0
1 1086.0 339.0
1 759.0 340.0
1 1000.0 340.0
1 591.0 341.0
1 723.0 341.0
1 678.0 342.0
1 714.0 342.0
1 901.0 342.0
1 735.0 343.0
1 641.0 344.0
1 699.0 344.0
1 743.0 344.0
1 751.0 344.0
1 932.0 344.0
1 1017.0 344.0
1 1073.0 346.0
1 655.0 347.0
1 607.0 348.0
1 666.0 348.0
1 687.0 348.0
1 624.0 349.0
1 1007.0 353.0
1 1083.0 353.0
1 702.0 354.0
1 675.0 355.0
1 761.0 355.0
1 642.0 356.0
1 655.0 356.0
1 589.0 357.0
1 714.0 357.0
1 995.0 357.0
1 1092.0 357.0
1 626.0 358.0
1 725.0 358.0
1 734.0 358.0
1 743.0 358.0
1 907.0 358.0
1 1030.0 358.0
1 573.0 360.0
1 985.0 361.0
1 1004.0 362.0
1 700.0 363.0
1 942.0 363.0
1 952.0 363.0
1 591.0 364.0
1 974.0 364.0
1 688.0 365.0
1 754.0 365.0
1 1089.0 365.0
1 717.0 367.0
1 733.0 367.0
1 607.0 368.0
1 626.0 370.0
1 979.0 370.0
1 987.0 370.0
1 968.0 371.0
1 554.0 373.0
1 656.0 373.0
1 713.0 373.0
1 751.0 374.0
1 1028.0 374.0
1 1102.0 374.0
1 673.0 375.0
1 989.0 375.0
1 1015.0 376.0
1 1093.0 376.0
1 994.0 377.0
1 551.0 378.0
1 707.0 379.0
1 939.0 379.0
1 593.0 380.0
1 576.0 381.0
1 673.0 381.0
1 746.0 381.0
1 957.0 381.0
1 967.0 381.0
1 552.0 383.0
1 628.0 383.0
1 899.0 384.0
1 1009.0 384.0
1 981.0 385.0
1 1026.0 387.0
1 1081.0 387.0
1 1074.0 388.0
1 993.0 389.0
1 1044.0 389.0
1 576.0 390.0
1 920.0 390.0
1 949.0 390.0
1 1061.0 390.0
1 708.0 391.0
1 914.0 392.0
1 966.0 392.0
1 1108.0 392.0
1 1016.0 393.0
1 991.0 394.0
1 1006.0 394.0
1 673.0 395.0
1 896.0 395.0
1 1086.0 395.0
1 704.0 396.0
1 1076.0 397.0
1 1028.0 398.0
1 1061.0 399.0
1 732.0 400.0
1 758.0 400.0
1 921.0 400.0
1 1044.0 400.0
1 773.0 401.0
1 782.0 401.0
1 1021.0 401.0
1 787.0 402.0
1 1106.0 402.0
1 554.0 403.0
1 751.0 403.0
1 793.0 403.0
1 799.0 403.0
1 804.0 403.0
1 933.0 403.0
1 811.0 404.0
1 820.0 404.0
1 829.0 404.0
1 624.0 405.0
1 638.0 405.0
1 633.0 406.0
1 850.0 406.0
1 858.0 407.0
1 865.0 407.0
1 967.0 407.0
1 1110.0 407.0
1 793.0 408.0
1 872.0 408.0
1 752.0 409.0
1 838.0 409.0
1 843.0 409.0
1 1021.0 410.0
1 646.0 411.0
1 881.0 411.0
1 893.0 411.0
1 592.0 412.0
1 732.0 412.0
1 616.0 413.0
1 668.0 413.0
1 679.0 413.0
1 780.0 413.0
1 816.0 413.0
1 821.0 413.0
1 754.0 414.0
1 837.0 414.0
1 936.0 414.0
1 1070.0 414.0
1 768.0 415.0
1 762.0 416.0
1 773.0 416.0
1 847.0 416.0
1 958.0 416.0
1 577.0 417.0
1 794.0 417.0
1 660.0 418.0
1 805.0 418.0
1 872.0 419.0
1 1064.0 419.0
1 557.0 420.0
1 722.0 420.0
1 817.0 420.0
1 828.0 420.0
1 886.0 420.0
1 731.0 421.0
1 836.0 421.0
1 853.0 421.0
1 1113.0 421.0
1 859.0 422.0
1 864.0 422.0
1 894.0 422.0
1 1048.0 422.0
1 696.0 423.0
1 741.0 423.0
1 1024.0 423.0
1 1057.0 424.0
1 1069.0 424.0
1 655.0 425.0
1 880.0 425.0
1 914.0 425.0
1 940.0 425.0
1 945.0 425.0
1 1014.0 425.0
1 614.0 426.0
1 623.0 426.0
1 631.0 426.0
1 645.0 426.0
1 672.0 427.0
1 711.0 427.0
1 961.0 427.0
1 574.0 428.0
1 636.0 428.0
1 748.0 428.0
1 928.0 428.0
1 995.0 428.0
1 689.0 430.0
1 954.0 430.0
1 735.0 431.0
1 590.0 432.0
1 699.0 433.0
1 1002.0 433.0
1 1012.0 433.0
1 553.0 434.0
1 576.0 435.0
1 899.0 435.0
1 914.0 435.0
1 953.0 435.0
1 655.0 437.0
1 1048.0 437.0
1 931.0 438.0
1 941.0 439.0
1 691.0 440.0
1 1010.0 440.0
1 1027.0 440.0
1 708.0 441.0
1 723.0 441.0
1 750.0 442.0
1 990.0 442.0
1 817.0 444.0
1 919.0 444.0
1 587.0 445.0
1 1027.0 445.0
1 1041.0 445.0
1 628.0 448.0
1 683.0 448.0
1 1058.0 448.0
1 1110.0 448.0
1 666.0 449.0
1 938.0 449.0
1 671.0 450.0
1 978.0 450.0
1 897.0 451.0
1 806.0 452.0
1 827.0 452.0
1 858.0 452.0
1 554.0 453.0
1 780.0 453.0
1 792.0 453.0
1 1007.0 453.0
1 1014.0 453.0
1 1034.0 453.0
1 881.0 454.0
1 999.0 454.0
1 1043.0 454.0
1 843.0 455.0
1 994.0 455.0
1 707.0 456.0
1 772.0 456.0
1 973.0 456.0
1 1023.0 456.0
1 575.0 457.0
1 927.0 457.0
1 561.0 458.0
1 984.0 458.0
1 1028.0 458.0
1 814.0 460.0
1 979.0 460.0
1 745.0 461.0
1 830.0 461.0
1 863.0 461.0
1 955.0 461.0
1 792.0 462.0
1 1033.0 463.0
1 782.0 464.0
1 822.0 464.0
1 968.0 464.0
1 760.0 465.0
1 846.0 465.0
1 976.0 465.0
1 1107.0 465.0
1 754.0 467.0
1 749.0 468.0
1 822.0 469.0
1 1039.0 469.0
1 1056.0 469.0
1 973.0 470.0
1 708.0 471.0
1 799.0 471.0
1 830.0 471.0
1 965.0 471.0
1 1050.0 471.0
1 1082.0 471.0
1 810.0 472.0
1 865.0 472.0
1 914.0 472.0
1 1045.0 472.0
1 643.0 474.0
1 739.0 474.0
1 819.0 474.0
1 959.0 475.0
1 1095.0 475.0
1 674.0 476.0
1 679.0 476.0
1 792.0 476.0
1 801.0 476.0
1 830.0 476.0
1 946.0 476.0
1 1079.0 476.0
1 810.0 477.0
1 1050.0 477.0
1 898.0 478.0
1 684.0 479.0
1 731.0 479.0
1 840.0 479.0
1 822.0 480.0
1 964.0 480.0
1 1044.0 480.0
1 644.0 481.0
1 796.0 481.0
1 666.0 482.0
1 806.0 482.0
1 834.0 482.0
1 959.0 482.0
1 1074.0 482.0
1 674.0 483.0
1 817.0 483.0
1 850.0 483.0
1 910.0 483.0
1 969.0 483.0
1 685.0 484.0
1 695.0 485.0
1 703.0 485.0
1 723.0 485.0
1 714.0 486.0
1 827.0 486.0
1 845.0 486.0
1 891.0 486.0
1 767.0 487.0
1 777.0 487.0
1 787.0 487.0
1 757.0 488.0
1 799.0 488.0
1 806.0 488.0
1 838.0 488.0
1 970.0 488.0
1 1045.0 488.0
1 813.0 489.0
1 853.0 490.0
1 882.0 490.0
1 1072.0 490.0
1 1105.0 490.0
1 564.0 491.0
1 654.0 491.0
1 708.0 491.0
1 748.0 491.0
1 819.0 491.0
1 846.0 491.0
1 1086.0 491.0
1 828.0 493.0
1 833.0 493.0
1 739.0 494.0
1 970.0 494.0
1 892.0 495.0
1 1093.0 495.0
1 707.0 496.0
1 767.0 496.0
1 772.0 496.0
1 839.0 496.0
1 730.0 497.0
1 1044.0 497.0
1 1114.0 497.0
1 754.0 498.0
1 759.0 498.0
1 973.0 499.0
1 1104.0 499.0
1 722.0 500.0
1 810.0 500.0
1 849.0 500.0
1 798.0 501.0
1 653.0 503.0
1 748.0 503.0
1 1095.0 503.0
1 702.0 504.0
1 734.0 504.0
1 763.0 504.0
1 976.0 504.0
1 1041.0 504.0
1 586.0 505.0
1 714.0 505.0
1 773.0 505.0
1 792.0 505.0
1 825.0 505.0
1 859.0 505.0
1 962.0 505.0
1 661.0 506.0
1 675.0 506.0
1 930.0 506.0
1 757.0 507.0
1 808.0 507.0
1 697.0 508.0
1 1010.0 508.0
1 1072.0 508.0
1 1116.0 508.0
1 867.0 509.0
1 706.0 510.0
1 822.0 510.0
1 910.0 510.0
1 1052.0 510.0
1 838.0 511.0
1 733.0 512.0
1 1034.0 512.0
1 985.0 513.0
1 1091.0 513.0
1 851.0 514.0
1 688.0 515.0
1 712.0 515.0
1 877.0 515.0
1 695.0 516.0
1 700.0 516.0
1 856.0 516.0
1 793.0 517.0
1 991.0 517.0
1 1026.0 517.0
1 925.0 518.0
1 1103.0 518.0
1 841.0 519.0
1 999.0 519.0
1 1020.0 519.0
1 567.0 520.0
1 687.0 520.0
1 864.0 520.0
1 1004.0 520.0
1 1010.0 520.0
1 1015.0 520.0
1 704.0 521.0
1 1066.0 521.0
1 768.0 523.0
1 853.0 523.0
1 832.0 524.0
1 1318.0 524.0
1 568.0 525.0
1 911.0 525.0
1 873.0 526.0
1 1110.0 526.0
1 860.0 527.0
1 1105.0 527.0
1 895.0 529.0
1 719.0 530.0
1 731.0 530.0
1 971.0 531.0
1 1009.0 532.0
1 647.0 534.0
1 674.0 535.0
1 881.0 536.0
1 1004.0 536.0
1 1068.0 536.0
1 761.0 537.0
1 1041.0 537.0
1 745.0 538.0
1 1023.0 539.0
1 809.0 540.0
1 947.0 540.0
1 1099.0 540.0
1 1072.0 541.0
1 894.0 542.0
1 729.0 543.0
1 724.0 545.0
1 767.0 547.0
1 775.0 549.0
1 788.0 549.0
1 903.0 550.0
1 747.0 551.0
1 756.0 551.0
1 890.0 551.0
1 571.0 552.0
1 799.0 552.0
1 716.0 553.0
1 768.0 553.0
1 780.0 554.0
1 818.0 555.0
1 1369.0 556.0
1 752.0 557.0
1 729.0 558.0
1 738.0 558.0
1 724.0 561.0
1 829.0 561.0
1 778.0 563.0
1 795.0 563.0
1 768.0 564.0
1 773.0 564.0
1 813.0 565.0
1 853.0 565.0
1 762.0 566.0
1 807.0 566.0
1 843.0 566.0
1 727.0 568.0
1 753.0 569.0
1 716.0 570.0
1 574.0 572.0
1 933.0 572.0
1 847.0 575.0
1 823.0 576.0
1 857.0 576.0
1 652.0 578.0
1 680.0 581.0
1 805.0 581.0
1 574.0 583.0
1 597.0 583.0
1 865.0 583.0
1 952.0 584.0
1 845.0 586.0
1 688.0 587.0
1 698.0 588.0
1 862.0 588.0
1 703.0 589.0
1 708.0 589.0
1 952.0 589.0
1 742.0 591.0
1 597.0 594.0
1 951.0 594.0
1 727.0 595.0
1 810.0 595.0
1 822.0 596.0
1 743.0 597.0
1 769.0 598.0
1 871.0 598.0
1 578.0 599.0
1 693.0 599.0
1 815.0 599.0
1 951.0 599.0
1 703.0 600.0
1 858.0 600.0
1 880.0 601.0
1 1092.0 601.0
1 658.0 602.0
1 743.0 603.0
1 770.0 603.0
1 599.0 608.0
1 743.0 608.0
1 771.0 608.0
1 784.0 609.0
1 863.0 610.0
1 882.0 610.0
1 854.0 612.0
1 689.0 614.0
1 699.0 614.0
1 844.0 615.0
1 578.0 616.0
1 658.0 616.0
1 951.0 618.0
1 783.0 619.0
1 819.0 619.0
1 866.0 619.0
1 848.0 623.0
1 160.0 624.0
1 790.0 624.0
1 819.0 624.0
1 600.0 626.0
1 768.0 626.0
1 667.0 627.0
1 797.0 627.0
1 802.0 628.0
1 819.0 629.0
1 1117.0 629.0
1 839.0 631.0
1 579.0 632.0
1 661.0 633.0
1 830.0 635.0
1 890.0 635.0
1 948.0 635.0
1 694.0 636.0
1 863.0 637.0
1 796.0 638.0
1 820.0 638.0
1 825.0 638.0
1 803.0 639.0
1 808.0 639.0
1 604.0 640.0
1 729.0 641.0
1 1083.0 642.0
1 830.0 643.0
1 896.0 643.0
1 940.0 644.0
1 854.0 646.0
1 764.0 647.0
1 1047.0 647.0
1 1083.0 647.0
1 581.0 648.0
1 896.0 648.0
1 877.0 649.0
1 945.0 650.0
1 696.0 651.0
1 847.0 651.0
1 936.0 651.0
1 887.0 652.0
1 797.0 653.0
1 704.0 654.0
1 896.0 655.0
1 829.0 656.0
1 839.0 656.0
1 935.0 656.0
1 1081.0 656.0
1 1102.0 656.0
1 697.0 659.0
1 863.0 659.0
1 671.0 660.0
1 819.0 662.0
1 845.0 663.0
1 885.0 664.0
1 672.0 665.0
1 708.0 666.0
1 894.0 666.0
1 828.0 668.0
1 703.0 669.0
1 675.0 670.0
1 816.0 670.0
1 1080.0 670.0
1 883.0 673.0
1 892.0 674.0
1 346.0 681.0
1 725.0 681.0
1 841.0 681.0
1 888.0 682.0
1 586.0 684.0
1 724.0 686.0
1 874.0 687.0
1 686.0 688.0
1 805.0 688.0
1 561.0 689.0
1 719.0 690.0
1 867.0 692.0
1 872.0 692.0
1 882.0 692.0
1 899.0 692.0
1 690.0 693.0
1 724.0 694.0
1 1076.0 694.0
1 1445.0 694.0
1 714.0 695.0
1 866.0 697.0
1 878.0 697.0
1 743.0 698.0
1 736.0 700.0
1 857.0 701.0
1 342.0 703.0
1 699.0 703.0
1 751.0 703.0
1 605.0 705.0
1 738.0 705.0
1 871.0 706.0
1 758.0 707.0
1 747.0 709.0
1 765.0 710.0
1 1466.0 710.0
1 840.0 711.0
1 865.0 711.0
1 302.0 712.0
1 774.0 712.0
1 752.0 713.0
1 711.0 714.0
1 829.0 714.0
1 760.0 715.0
1 818.0 715.0
1 798.0 717.0
1 806.0 717.0
1 1016.0 717.0
1 330.0 718.0
1 274.0 719.0
1 717.0 720.0
1 767.0 720.0
1 842.0 721.0
1 411.0 722.0
1 833.0 723.0
1 1074.0 723.0
1 723.0 724.0
1 797.0 724.0
1 820.0 725.0
1 807.0 726.0
1 446.0 734.0
1 425.0 736.0
1 350.0 737.0
1 623.0 738.0
1 188.0 742.0
1 271.0 745.0
1 837.0 745.0
1 779.0 746.0
1 1381.0 746.0
1 832.0 747.0
1 819.0 748.0
1 824.0 748.0
1 925.0 755.0
1 470.0 761.0
1 162.0 762.0
1 447.0 764.0
1 1253.0 764.0
1 1239.0 767.0
1 420.0 771.0
1 490.0 771.0
1 925.0 771.0
1 385.0 776.0
1 198.0 777.0
1 703.0 777.0
1 481.0 778.0
1 423.0 782.0
1 1168.0 783.0
1 1481.0 785.0
1 339.0 787.0
1 372.0 788.0
1 291.0 790.0
1 496.0 792.0
1 313.0 793.0
1 414.0 793.0
1 1274.0 800.0
1 392.0 802.0
1 482.0 803.0
1 381.0 805.0
1 1301.0 807.0
1 1128.0 808.0
1 342.0 809.0
1 337.0 810.0
1 903.0 810.0
1 474.0 811.0
1 1137.0 812.0
1 1003.0 813.0
1 469.0 814.0
1 1236.0 814.0
1 108.0 819.0
1 148.0 820.0
1 366.0 821.0
1 1214.0 823.0
1 355.0 824.0
1 1408.0 826.0
1 385.0 829.0
1 1284.0 829.0
1 1056.0 831.0
1 1103.0 831.0
1 335.0 832.0
1 327.0 837.0
1 215.0 839.0
1 260.0 839.0
1 285.0 839.0
1 1151.0 845.0
1 1428.0 845.0
1 114.0 851.0
1 1271.0 851.0
1 166.0 853.0
1 848.0 853.0
1 1261.0 853.0
1 1365.0 853.0
1 150.0 855.0
1 943.0 855.0
1 865.0 856.0
1 1285.0 858.0
1 191.0 859.0
1 1444.0 860.0
1 1060.0 861.0
1 245.0 863.0
1 1336.0 863.0
1 1357.0 864.0
1 105.0 866.0
1 1021.0 868.0
1 1190.0 868.0
1 804.0 869.0
1 1068.0 869.0
1 994.0 870.0
1 202.0 871.0
1 54.0 872.0
1 136.0 872.0
1 1454.0 874.0
1 34.0 875.0
1 1070.0 876.0
1 184.0 878.0
1 1377.0 880.0
1 271.0 881.0
1 988.0 881.0
1 1185.0 881.0
1 1369.0 882.0
1 53.0 883.0
1 124.0 884.0
1 1140.0 886.0
1 114.0 887.0
1 952.0 887.0
1 982.0 890.0
1 39.0 891.0
1 498.0 891.0
1 904.0 895.0
1 1159.0 895.0
1 1190.0 897.0
1 413.0 898.0
1 682.0 899.0
1 713.0 900.0
1 1139.0 902.0
1 82.0 913.0
1 725.0 913.0
1 1183.0 915.0
1 551.0 916.0
1 816.0 916.0
1 989.0 920.0
1 1033.0 922.0
1 1086.0 922.0
1 1337.0 922.0
1 972.0 926.0
1 1051.0 929.0
1 991.0 933.0
1 598.0 936.0
1 582.0 939.0
1 829.0 940.0
1 955.0 940.0
1 897.0 943.0
1 710.0 944.0
1 1071.0 945.0
1 698.0 947.0
1 1188.0 948.0
1 859.0 950.0
1 1030.0 951.0
1 1089.0 951.0
1 615.0 954.0
1 1075.0 956.0
1 990.0 957.0
1 516.0 959.0
1 570.0 959.0
1 1032.0 964.0
1 1194.0 967.0
1 451.0 968.0
1 176.0 971.0
1 691.0 971.0
1 232.0 975.0
1 151.0 977.0
1 912.0 978.0
1 211.0 979.0
1 804.0 980.0
1 1029.0 984.0
1 903.0 991.0
1 999.0 991.0
