0 0 2 445.21399459113223
0 6 7 408.340981870108
0 9 12 280.2022935307122
0 2 13 445.0985076511679
0 7 14 367.76300733631393
0 10 15 356.6759429138755
0 11 16 319.1410143995858
0 19 27 467.89832009039907
0 17 28 468.2719551288649
0 27 33 498.1065100527775
0 24 38 422.4477329324702
0 25 43 307.03787935215604
0 31 44 218.0000323545981
0 26 48 235.93340258288694
0 42 49 274.5636957234518
0 47 53 463.11090475915756
0 43 60 276.21774739975956
0 48 70 145.26212345606325
0 40 73 330.98999693911685
0 29 81 203.27047158517848
0 55 82 320.7590901204432
0 54 86 222.90238364438113
0 39 94 146.02153661557995
0 68 99 156.4608538622028
0 75 100 450.01031668293797
0 44 104 239.6731447248873
0 56 105 498.741561065959
0 46 108 337.50339219030786
0 50 114 116.16277146388896
0 107 115 202.21805411411776
0 79 116 433.65812686243197
0 87 118 415.49431844776467
0 82 119 333.1333010470024
0 94 122 131.20842601107668
0 117 123 236.83807384532162
0 103 124 452.25181208730316
0 101 126 409.2079755624739
0 93 128 429.1252787587065
0 61 131 148.41832178786882
0 62 132 182.20377389472847
0 63 133 310.94464924747894
0 109 142 451.8681201476464
0 59 144 407.2784581005573
0 74 146 369.9898169757135
0 76 149 234.32160460117518
0 77 154 164.69792500171056
0 121 155 477.88819263628125
0 99 156 453.69724556287264
0 83 161 118.24135359340693
0 91 163 213.0565120137842
0 136 167 237.05624499236256
0 137 169 255.6197842930163
0 95 172 171.181024689461
0 96 173 344.434872940336
0 100 175 276.42356633379944
0 108 179 438.97462008690553
0 114 180 271.0367146062304
0 115 182 123.9536974586088
0 111 186 415.52920406761126
0 132 187 398.00891351038655
0 157 189 262.0714799076693
0 128 193 358.541455808737
0 116 194 173.0155163333434
0 130 197 401.0448737428291
0 154 199 240.17766934744938
0 141 206 302.5406996485942
0 131 217 246.9868238340615
0 164 218 341.2480421509232
0 134 220 168.6165749456704
0 135 221 238.38497078624607
0 140 225 310.24914847626303
0 144 231 215.83598477421972
0 188 232 377.1526700062281
0 169 244 485.50456758940624
0 180 252 326.138929857414
0 174 253 495.38302001112584
0 179 256 143.69010134659453
0 185 258 305.50268310645816
0 209 259 234.71813900025938
0 170 260 304.07317236288293
0 219 263 183.4220001891375
0 201 265 250.75144129406226
0 193 266 329.0117263705671
0 205 271 243.701348329312
0 252 279 377.6414046494741
0 263 285 466.74670095051437
0 258 286 461.67070110811784
0 284 287 338.0742308920344
0 225 289 473.4133049238215
0 216 293 388.1211069394406
0 305 294 125.3186407827037
0 245 295 482.61290517678884
0 277 297 435.44842473492736
0 324 300 144.85064611690953
0 351 303 355.95623897198567
0 228 306 416.4606968570927
0 299 316 228.24766968142805
0 339 317 380.44759898976446
0 231 318 447.38037722184015
0 331 325 319.48693842352736
0 307 327 218.79316070540028
0 262 334 455.0770087283905
0 328 335 348.3544270155274
0 348 336 273.6555561418505
0 335 338 342.01496961310426
0 380 339 423.7074085083353
0 371 348 276.4623296294197
0 334 349 205.29667661545918
0 355 356 264.2433306862615
0 344 359 199.422339983076
0 369 360 210.0451283854114
0 361 362 212.92265354534118
0 377 363 418.22987115485006
0 360 367 234.24653680301924
0 363 368 185.94163256801627
0 364 369 189.92823868364005
0 392 371 243.44815192118344
0 397 372 288.53553376752694
0 281 380 283.1798850179903
0 422 381 424.1266483454673
0 404 384 193.51213838483056
0 395 390 111.2517085076986
0 301 391 283.34873460333927
0 295 392 287.5954317878599
0 406 393 149.94579426990467
0 308 394 340.17771050594627
0 316 395 181.84557058312637
0 413 396 107.22848890755152
0 416 399 133.45780856142656
0 314 402 188.68381770028685
0 440 404 174.26626195838398
0 452 407 374.3318362037614
0 327 408 165.7900078244524
0 352 419 110.13929549703023
0 362 420 291.0965542537513
0 372 422 383.2136448522989
0 393 425 310.7460114233853
0 399 426 433.0869581182785
0 382 429 180.2823488047274
0 414 436 189.8962720390649
0 398 437 123.5345764240422
0 453 438 485.6481276106019
0 402 440 112.64391338595576
0 411 443 369.6096116207978
0 431 444 170.50608872788058
0 405 446 249.3720963693246
0 427 451 121.5378406530983
0 430 452 112.90585386804406
0 443 456 288.28468695687957
0 456 459 299.9997228386579
0 458 461 393.0742322505325
0 478 463 208.68620743977834
0 455 469 107.80047203623519
0 467 470 478.62114836643786
0 474 473 290.80630065850477
0 480 480 218.95106212475324
0 557 496 470.28901154032104
0 498 497 320.7003821134948
0 566 501 324.83273323854564
0 578 502 393.10011224425364
0 497 504 488.34369149836806
0 491 505 430.8689472353488
0 482 510 143.8300144351112
0 554 513 347.89558746256597
0 580 514 283.5457927657967
0 501 517 323.9244690536602
0 583 518 225.39291106303963
0 519 520 344.7118984685821
0 513 523 258.43248551717676
0 584 525 403.73764754556623
0 500 526 213.61936084361818
0 527 529 328.4486789640012
0 514 534 244.01647369973486
0 596 535 318.24868167128767
0 525 538 266.64161917417334
0 534 539 277.6637552922921
0 523 540 263.8223221915165
0 536 542 249.0393545990046
0 540 543 377.6414046494741
0 530 545 171.60386845802554
0 562 549 278.4898531452623
0 550 550 190.75099805590432
0 538 552 248.61934093383167
0 551 558 240.9728761423694
0 558 559 222.3366838016685
0 560 560 297.9775193890696
0 568 562 331.80668361244756
0 600 563 276.9219849985054
0 571 568 330.2244698358386
0 620 571 236.7691872374626
0 619 597 481.7897409857093
0 597 598 221.7755043999273
0 602 605 346.4117413010518

0 915.0 17.0
0 915.0 22.0
0 908.0 358.0
0 920.0 359.0
0 967.0 360.0
0 974.0 361.0
0 980.0 361.0
0 918.0 368.0
0 904.0 369.0
0 932.0 369.0
0 954.0 370.0
0 966.0 371.0
0 978.0 372.0
0 899.0 377.0
0 963.0 380.0
0 981.0 381.0
0 992.0 382.0
0 848.0 387.0
0 815.0 389.0
0 870.0 389.0
0 810.0 390.0
0 790.0 392.0
0 801.0 392.0
0 783.0 394.0
0 877.0 394.0
0 795.0 395.0
0 839.0 396.0
0 757.0 397.0
0 1140.0 397.0
0 882.0 398.0
0 810.0 399.0
0 728.0 400.0
0 1131.0 401.0
0 1148.0 401.0
0 767.0 402.0
0 753.0 403.0
0 803.0 403.0
0 864.0 403.0
0 1074.0 403.0
0 824.0 404.0
0 844.0 405.0
0 851.0 405.0
0 880.0 405.0
0 1090.0 406.0
0 1144.0 406.0
0 705.0 407.0
0 786.0 407.0
0 756.0 408.0
0 1139.0 408.0
0 1086.0 411.0
0 796.0 412.0
0 721.0 413.0
0 740.0 413.0
0 1152.0 413.0
0 803.0 414.0
0 1081.0 414.0
0 695.0 415.0
0 704.0 415.0
0 864.0 415.0
0 911.0 415.0
0 1102.0 415.0
0 771.0 417.0
0 784.0 417.0
0 816.0 417.0
0 759.0 418.0
0 822.0 418.0
0 835.0 418.0
0 852.0 418.0
0 746.0 419.0
0 844.0 419.0
0 1070.0 419.0
0 1081.0 419.0
0 688.0 421.0
0 1118.0 421.0
0 810.0 423.0
0 1059.0 423.0
0 824.0 425.0
0 688.0 426.0
0 704.0 426.0
0 800.0 426.0
0 856.0 426.0
0 867.0 426.0
0 1152.0 426.0
0 839.0 427.0
0 1017.0 427.0
0 1047.0 429.0
0 1100.0 429.0
0 1056.0 430.0
0 1065.0 430.0
0 720.0 431.0
0 738.0 431.0
0 746.0 431.0
0 822.0 431.0
0 863.0 431.0
0 1002.0 432.0
0 772.0 433.0
0 1070.0 433.0
0 1164.0 433.0
0 1157.0 434.0
0 673.0 435.0
0 1045.0 435.0
0 1075.0 435.0
0 788.0 436.0
0 821.0 436.0
0 867.0 436.0
0 857.0 437.0
0 1098.0 438.0
0 706.0 439.0
0 1021.0 439.0
0 1036.0 439.0
0 1087.0 439.0
0 1151.0 439.0
0 697.0 440.0
0 1093.0 440.0
0 999.0 441.0
0 1046.0 441.0
0 1146.0 441.0
0 745.0 442.0
0 1116.0 442.0
0 1134.0 442.0
0 1059.0 443.0
0 1073.0 443.0
0 672.0 444.0
0 1095.0 445.0
0 1084.0 446.0
0 819.0 447.0
0 1032.0 447.0
0 1046.0 448.0
0 1146.0 448.0
0 1169.0 448.0
0 696.0 449.0
0 873.0 449.0
0 878.0 449.0
0 883.0 449.0
0 893.0 449.0
0 898.0 449.0
0 888.0 450.0
0 903.0 450.0
0 913.0 450.0
0 919.0 450.0
0 924.0 450.0
0 1105.0 450.0
0 1118.0 450.0
0 1133.0 450.0
0 787.0 451.0
0 932.0 451.0
0 939.0 451.0
0 959.0 452.0
0 965.0 452.0
0 817.0 453.0
0 973.0 453.0
0 978.0 453.0
0 908.0 454.0
0 986.0 455.0
0 996.0 455.0
0 1023.0 455.0
0 840.0 456.0
0 845.0 456.0
0 1046.0 456.0
0 1162.0 457.0
0 1175.0 457.0
0 869.0 458.0
0 932.0 458.0
0 946.0 458.0
0 852.0 459.0
0 896.0 460.0
0 1021.0 460.0
0 1095.0 460.0
0 955.0 461.0
0 1144.0 461.0
0 740.0 462.0
0 753.0 462.0
0 878.0 462.0
0 883.0 462.0
0 890.0 462.0
0 908.0 463.0
0 918.0 464.0
0 928.0 465.0
0 933.0 465.0
0 938.0 465.0
0 961.0 465.0
0 966.0 465.0
0 998.0 465.0
0 732.0 466.0
0 760.0 466.0
0 945.0 466.0
0 976.0 466.0
0 1024.0 466.0
0 1044.0 466.0
0 1138.0 466.0
0 786.0 467.0
0 781.0 468.0
0 791.0 468.0
0 850.0 468.0
0 1015.0 468.0
0 1088.0 468.0
0 710.0 469.0
0 862.0 469.0
0 986.0 469.0
0 1127.0 469.0
0 1177.0 469.0
0 722.0 470.0
0 737.0 470.0
0 840.0 470.0
0 796.0 471.0
0 1145.0 471.0
0 671.0 472.0
0 1036.0 472.0
0 696.0 473.0
0 1052.0 474.0
0 686.0 475.0
0 866.0 475.0
0 1067.0 475.0
0 1097.0 475.0
0 749.0 476.0
0 770.0 476.0
0 828.0 476.0
0 913.0 476.0
0 1045.0 476.0
0 807.0 477.0
0 1002.0 477.0
0 1015.0 477.0
0 710.0 480.0
0 725.0 480.0
0 786.0 480.0
0 1024.0 480.0
0 672.0 481.0
0 730.0 481.0
0 735.0 481.0
0 741.0 481.0
0 759.0 481.0
0 853.0 481.0
0 1034.0 481.0
0 1044.0 481.0
0 702.0 482.0
0 746.0 482.0
0 751.0 483.0
0 1110.0 483.0
0 1076.0 485.0
0 671.0 486.0
0 808.0 486.0
0 695.0 487.0
0 701.0 487.0
0 706.0 487.0
0 867.0 487.0
0 841.0 488.0
0 1136.0 489.0
0 780.0 490.0
0 786.0 490.0
0 1095.0 490.0
0 671.0 491.0
0 768.0 491.0
0 1090.0 491.0
0 802.0 492.0
0 1033.0 492.0
0 1103.0 492.0
0 998.0 493.0
0 824.0 494.0
0 1083.0 494.0
0 1110.0 494.0
0 984.0 495.0
0 672.0 496.0
0 1062.0 496.0
0 1115.0 497.0
0 795.0 498.0
0 1012.0 498.0
0 1024.0 498.0
0 710.0 500.0
0 777.0 500.0
0 741.0 502.0
0 1046.0 502.0
0 1068.0 502.0
0 694.0 503.0
0 755.0 503.0
0 768.0 503.0
0 786.0 503.0
0 1059.0 503.0
0 671.0 504.0
0 684.0 505.0
0 1066.0 507.0
0 823.0 508.0
0 1173.0 508.0
0 672.0 509.0
0 690.0 511.0
0 1012.0 511.0
0 1061.0 511.0
0 1056.0 512.0
0 1131.0 512.0
0 998.0 515.0
0 1003.0 515.0
0 1051.0 515.0
0 794.0 517.0
0 927.0 517.0
0 887.0 518.0
0 1149.0 518.0
0 997.0 520.0
0 1013.0 520.0
0 1061.0 520.0
0 879.0 521.0
0 1049.0 521.0
0 1158.0 521.0
0 673.0 522.0
0 870.0 523.0
0 1171.0 524.0
0 754.0 525.0
0 840.0 525.0
0 912.0 525.0
0 917.0 525.0
0 923.0 525.0
0 989.0 525.0
0 782.0 526.0
0 803.0 527.0
0 862.0 527.0
0 887.0 527.0
0 892.0 527.0
0 938.0 527.0
0 1129.0 527.0
0 1164.0 528.0
0 853.0 530.0
0 950.0 530.0
0 1009.0 530.0
0 756.0 531.0
0 783.0 531.0
0 793.0 531.0
0 832.0 531.0
0 1144.0 531.0
0 392.0 532.0
0 1064.0 532.0
0 804.0 533.0
0 817.0 533.0
0 826.0 533.0
0 865.0 534.0
0 986.0 534.0
0 846.0 535.0
0 964.0 535.0
0 1128.0 535.0
0 1156.0 535.0
0 773.0 537.0
0 1123.0 537.0
0 1180.0 537.0
0 822.0 538.0
0 1171.0 538.0
0 754.0 539.0
0 839.0 539.0
0 925.0 539.0
0 764.0 540.0
0 977.0 540.0
0 1030.0 540.0
0 1163.0 541.0
0 1050.0 542.0
0 1121.0 542.0
0 1071.0 543.0
0 822.0 544.0
0 832.0 545.0
0 847.0 545.0
0 984.0 545.0
0 1116.0 546.0
0 1182.0 546.0
0 753.0 547.0
0 1076.0 547.0
0 1144.0 548.0
0 993.0 549.0
0 1111.0 549.0
0 1131.0 549.0
0 764.0 550.0
0 817.0 550.0
0 1085.0 551.0
0 1091.0 552.0
0 1096.0 552.0
0 1104.0 552.0
0 755.0 553.0
0 1142.0 553.0
0 1160.0 553.0
0 783.0 554.0
0 770.0 555.0
0 793.0 555.0
0 813.0 556.0
0 1001.0 556.0
0 698.0 557.0
0 804.0 557.0
0 884.0 557.0
0 1180.0 558.0
0 755.0 559.0
0 825.0 559.0
0 1140.0 560.0
0 675.0 562.0
0 1168.0 563.0
0 1178.0 563.0
0 1039.0 564.0
0 1010.0 565.0
0 1059.0 566.0
0 820.0 569.0
0 902.0 569.0
0 1090.0 569.0
0 882.0 570.0
0 929.0 570.0
0 1122.0 570.0
0 804.0 571.0
0 890.0 571.0
0 1105.0 571.0
0 755.0 572.0
0 946.0 572.0
0 912.0 573.0
0 561.0 574.0
0 1144.0 575.0
0 886.0 576.0
0 957.0 577.0
0 1165.0 577.0
0 874.0 578.0
0 801.0 580.0
0 755.0 583.0
0 782.0 583.0
0 793.0 583.0
0 675.0 584.0
0 907.0 584.0
0 445.0 585.0
0 893.0 587.0
0 1046.0 587.0
0 805.0 589.0
0 853.0 590.0
0 982.0 590.0
0 972.0 591.0
0 879.0 593.0
0 989.0 596.0
0 890.0 597.0
0 992.0 601.0
0 874.0 602.0
0 993.0 606.0
0 886.0 607.0
0 838.0 608.0
0 1386.0 608.0
0 676.0 611.0
0 992.0 611.0
0 1002.0 613.0
0 940.0 615.0
0 676.0 616.0
0 859.0 616.0
0 829.0 617.0
0 976.0 617.0
0 811.0 618.0
0 837.0 619.0
0 677.0 621.0
0 820.0 621.0
0 1002.0 621.0
0 885.0 622.0
0 756.0 624.0
0 796.0 624.0
0 912.0 626.0
0 701.0 630.0
0 949.0 631.0
0 795.0 632.0
0 825.0 633.0
0 834.0 633.0
0 981.0 633.0
0 677.0 634.0
0 758.0 635.0
0 868.0 636.0
0 1158.0 636.0
0 981.0 639.0
0 869.0 641.0
0 701.0 642.0
0 894.0 642.0
0 981.0 644.0
0 1009.0 644.0
0 805.0 645.0
0 970.0 645.0
0 679.0 648.0
0 947.0 648.0
0 794.0 651.0
0 828.0 653.0
0 955.0 654.0
0 701.0 656.0
0 799.0 657.0
0 943.0 657.0
0 1444.0 658.0
0 953.0 659.0
0 538.0 660.0
0 967.0 662.0
0 1004.0 662.0
0 678.0 663.0
0 924.0 663.0
0 1014.0 664.0
0 796.0 665.0
0 919.0 665.0
0 806.0 667.0
0 952.0 667.0
0 828.0 668.0
0 278.0 671.0
0 702.0 671.0
0 836.0 671.0
0 799.0 672.0
0 980.0 672.0
0 1025.0 672.0
0 1046.0 672.0
0 967.0 673.0
0 943.0 674.0
0 1153.0 674.0
0 1012.0 675.0
0 828.0 676.0
0 1001.0 676.0
0 678.0 678.0
0 1121.0 678.0
0 1153.0 679.0
0 801.0 680.0
0 928.0 681.0
0 940.0 681.0
0 950.0 681.0
0 999.0 681.0
0 1010.0 682.0
0 840.0 683.0
0 835.0 684.0
0 971.0 684.0
0 702.0 687.0
0 1040.0 687.0
0 1150.0 688.0
0 678.0 689.0
0 1006.0 690.0
0 919.0 692.0
0 1119.0 692.0
0 541.0 695.0
0 958.0 695.0
0 991.0 695.0
0 919.0 697.0
0 924.0 697.0
0 811.0 698.0
0 1150.0 700.0
0 851.0 703.0
0 982.0 704.0
0 995.0 705.0
0 975.0 711.0
0 869.0 712.0
0 988.0 713.0
0 711.0 714.0
0 824.0 715.0
0 877.0 717.0
0 1147.0 717.0
0 345.0 718.0
0 680.0 719.0
0 864.0 719.0
0 982.0 719.0
0 882.0 720.0
0 477.0 721.0
0 958.0 721.0
0 949.0 724.0
0 944.0 725.0
0 896.0 726.0
0 936.0 726.0
0 837.0 727.0
0 878.0 727.0
0 972.0 728.0
0 960.0 730.0
0 1145.0 731.0
0 891.0 732.0
0 919.0 732.0
0 952.0 732.0
0 478.0 733.0
0 941.0 735.0
0 946.0 735.0
0 920.0 737.0
0 855.0 739.0
0 887.0 740.0
0 442.0 741.0
0 839.0 743.0
0 1146.0 743.0
0 462.0 744.0
0 903.0 744.0
0 470.0 746.0
0 477.0 755.0
0 922.0 757.0
0 492.0 759.0
0 336.0 765.0
0 1321.0 766.0
0 1137.0 768.0
0 1142.0 768.0
0 396.0 769.0
0 1332.0 776.0
0 455.0 778.0
0 614.0 778.0
0 317.0 781.0
0 635.0 784.0
0 569.0 785.0
0 892.0 785.0
0 1162.0 787.0
0 629.0 788.0
0 537.0 789.0
0 941.0 789.0
0 1048.0 791.0
0 357.0 792.0
0 560.0 792.0
0 149.0 796.0
0 334.0 798.0
0 1370.0 798.0
0 495.0 799.0
0 527.0 799.0
0 568.0 802.0
0 432.0 804.0
0 470.0 804.0
0 977.0 804.0
0 1023.0 807.0
0 548.0 810.0
0 528.0 825.0
0 655.0 831.0
0 463.0 834.0
0 502.0 834.0
0 248.0 836.0
0 766.0 837.0
0 388.0 842.0
0 1139.0 848.0
0 343.0 852.0
0 788.0 853.0
0 1267.0 863.0
0 1124.0 865.0
0 794.0 870.0
0 236.0 878.0
0 590.0 885.0
0 225.0 886.0
0 111.0 890.0
0 418.0 950.0
0 416.0 962.0
0 917.0 975.0
0 1037.0 988.0
1 828.0 286.0
1 782.0 289.0
1 739.0 290.0
1 728.0 291.0
1 776.0 291.0
1 679.0 292.0
1 771.0 296.0
1 783.0 299.0
1 802.0 302.0
1 830.0 302.0
1 836.0 309.0
1 846.0 313.0
1 818.0 314.0
1 766.0 321.0
1 755.0 322.0
1 635.0 324.0
1 784.0 324.0
1 968.0 324.0
1 746.0 326.0
1 606.0 327.0
1 784.0 330.0
1 794.0 330.0
1 823.0 330.0
1 738.0 331.0
1 881.0 331.0
1 892.0 331.0
1 952.0 333.0
1 975.0 333.0
1 871.0 335.0
1 620.0 336.0
1 783.0 336.0
1 965.0 336.0
1 794.0 338.0
1 864.0 338.0
1 749.0 339.0
1 731.0 340.0
1 740.0 341.0
1 772.0 341.0
1 590.0 342.0
1 713.0 342.0
1 914.0 343.0
1 945.0 343.0
1 887.0 344.0
1 893.0 344.0
1 612.0 346.0
1 760.0 347.0
1 730.0 348.0
1 983.0 350.0
1 867.0 351.0
1 968.0 351.0
1 708.0 352.0
1 747.0 352.0
1 592.0 354.0
1 737.0 356.0
1 888.0 358.0
1 971.0 358.0
1 608.0 359.0
1 934.0 359.0
1 874.0 360.0
1 589.0 361.0
1 760.0 361.0
1 616.0 362.0
1 623.0 362.0
1 629.0 362.0
1 906.0 362.0
1 647.0 363.0
1 863.0 363.0
1 991.0 363.0
1 559.0 364.0
1 659.0 364.0
1 676.0 365.0
1 963.0 365.0
1 970.0 365.0
1 681.0 366.0
1 686.0 366.0
1 853.0 366.0
1 590.0 367.0
1 702.0 368.0
1 875.0 368.0
1 953.0 368.0
1 726.0 369.0
1 750.0 369.0
1 936.0 369.0
1 613.0 370.0
1 884.0 370.0
1 890.0 370.0
1 895.0 370.0
1 900.0 370.0
1 910.0 370.0
1 917.0 370.0
1 982.0 373.0
1 673.0 375.0
1 883.0 375.0
1 954.0 375.0
1 560.0 376.0
1 617.0 376.0
1 627.0 376.0
1 777.0 376.0
1 863.0 377.0
1 602.0 378.0
1 638.0 378.0
1 752.0 378.0
1 809.0 378.0
1 874.0 378.0
1 936.0 378.0
1 990.0 378.0
1 647.0 379.0
1 852.0 379.0
1 663.0 380.0
1 910.0 380.0
1 916.0 380.0
1 686.0 381.0
1 897.0 381.0
1 1014.0 381.0
1 680.0 382.0
1 702.0 382.0
1 719.0 383.0
1 880.0 383.0
1 603.0 384.0
1 609.0 384.0
1 691.0 384.0
1 780.0 384.0
1 786.0 384.0
1 792.0 384.0
1 990.0 384.0
1 930.0 386.0
1 807.0 387.0
1 1015.0 388.0
1 609.0 389.0
1 914.0 389.0
1 614.0 390.0
1 626.0 391.0
1 735.0 391.0
1 951.0 393.0
1 706.0 395.0
1 717.0 395.0
1 877.0 395.0
1 905.0 395.0
1 1018.0 395.0
1 825.0 397.0
1 726.0 398.0
1 562.0 399.0
1 704.0 400.0
1 834.0 400.0
1 604.0 401.0
1 813.0 401.0
1 875.0 401.0
1 950.0 401.0
1 617.0 403.0
1 661.0 403.0
1 553.0 404.0
1 638.0 404.0
1 820.0 404.0
1 773.0 405.0
1 884.0 405.0
1 633.0 406.0
1 796.0 407.0
1 905.0 407.0
1 920.0 407.0
1 925.0 407.0
1 952.0 407.0
1 993.0 407.0
1 614.0 408.0
1 726.0 408.0
1 751.0 408.0
1 559.0 409.0
1 603.0 409.0
1 840.0 410.0
1 584.0 411.0
1 620.0 411.0
1 677.0 411.0
1 827.0 411.0
1 879.0 412.0
1 562.0 414.0
1 570.0 414.0
1 999.0 414.0
1 849.0 415.0
1 987.0 415.0
1 722.0 416.0
1 710.0 417.0
1 789.0 417.0
1 794.0 417.0
1 818.0 417.0
1 554.0 418.0
1 727.0 418.0
1 784.0 418.0
1 651.0 420.0
1 745.0 420.0
1 753.0 420.0
1 902.0 420.0
1 676.0 421.0
1 878.0 421.0
1 1018.0 422.0
1 736.0 423.0
1 641.0 424.0
1 855.0 424.0
1 832.0 425.0
1 850.0 425.0
1 860.0 425.0
1 543.0 426.0
1 587.0 426.0
1 714.0 426.0
1 837.0 426.0
1 988.0 426.0
1 665.0 427.0
1 776.0 427.0
1 843.0 427.0
1 1018.0 427.0
1 530.0 428.0
1 816.0 428.0
1 525.0 429.0
1 648.0 429.0
1 520.0 430.0
1 748.0 430.0
1 829.0 430.0
1 1007.0 430.0
1 615.0 432.0
1 667.0 432.0
1 653.0 433.0
1 819.0 433.0
1 514.0 434.0
1 602.0 434.0
1 638.0 434.0
1 998.0 434.0
1 1019.0 435.0
1 704.0 436.0
1 667.0 437.0
1 572.0 438.0
1 583.0 438.0
1 693.0 438.0
1 771.0 438.0
1 547.0 439.0
1 608.0 439.0
1 660.0 440.0
1 679.0 440.0
1 759.0 440.0
1 541.0 441.0
1 992.0 441.0
1 506.0 442.0
1 731.0 442.0
1 845.0 442.0
1 583.0 443.0
1 689.0 443.0
1 710.0 443.0
1 749.0 443.0
1 671.0 444.0
1 827.0 444.0
1 839.0 444.0
1 592.0 445.0
1 616.0 445.0
1 700.0 446.0
1 652.0 447.0
1 769.0 447.0
1 583.0 448.0
1 712.0 448.0
1 760.0 449.0
1 597.0 450.0
1 668.0 450.0
1 751.0 450.0
1 620.0 451.0
1 588.0 452.0
1 633.0 452.0
1 680.0 452.0
1 769.0 452.0
1 645.0 453.0
1 497.0 454.0
1 655.0 455.0
1 699.0 455.0
1 752.0 455.0
1 850.0 455.0
1 738.0 456.0
1 723.0 457.0
1 605.0 458.0
1 633.0 458.0
1 829.0 458.0
1 986.0 458.0
1 595.0 459.0
1 769.0 460.0
1 1018.0 461.0
1 489.0 462.0
1 684.0 462.0
1 542.0 463.0
1 619.0 463.0
1 712.0 463.0
1 902.0 463.0
1 970.0 463.0
1 609.0 465.0
1 952.0 465.0
1 484.0 466.0
1 638.0 466.0
1 600.0 467.0
1 926.0 467.0
1 699.0 468.0
1 770.0 468.0
1 999.0 468.0
1 523.0 469.0
1 535.0 470.0
1 690.0 470.0
1 638.0 471.0
1 830.0 471.0
1 934.0 471.0
1 481.0 472.0
1 552.0 472.0
1 717.0 472.0
1 725.0 472.0
1 921.0 472.0
1 628.0 473.0
1 772.0 473.0
1 519.0 474.0
1 543.0 474.0
1 644.0 475.0
1 864.0 475.0
1 849.0 476.0
1 479.0 477.0
1 526.0 477.0
1 509.0 478.0
1 544.0 479.0
1 732.0 479.0
1 987.0 479.0
1 1018.0 479.0
1 559.0 480.0
1 687.0 480.0
1 714.0 480.0
1 723.0 480.0
1 933.0 480.0
1 602.0 481.0
1 709.0 481.0
1 514.0 482.0
1 826.0 482.0
1 971.0 482.0
1 635.0 483.0
1 913.0 483.0
1 553.0 485.0
1 947.0 485.0
1 754.0 487.0
1 824.0 487.0
1 542.0 488.0
1 637.0 488.0
1 647.0 488.0
1 927.0 488.0
1 698.0 489.0
1 850.0 490.0
1 567.0 491.0
1 740.0 491.0
1 782.0 491.0
1 735.0 492.0
1 999.0 492.0
1 648.0 493.0
1 919.0 494.0
1 611.0 495.0
1 912.0 495.0
1 945.0 495.0
1 503.0 496.0
1 553.0 496.0
1 730.0 496.0
1 816.0 496.0
1 934.0 496.0
1 869.0 498.0
1 877.0 498.0
1 1017.0 498.0
1 792.0 499.0
1 811.0 500.0
1 573.0 501.0
1 800.0 501.0
1 806.0 501.0
1 956.0 501.0
1 717.0 503.0
1 542.0 504.0
1 615.0 505.0
1 898.0 505.0
1 923.0 505.0
1 932.0 505.0
1 563.0 506.0
1 571.0 506.0
1 637.0 506.0
1 959.0 506.0
1 602.0 509.0
1 851.0 510.0
1 895.0 510.0
1 493.0 511.0
1 958.0 511.0
1 530.0 512.0
1 500.0 514.0
1 999.0 515.0
1 1017.0 515.0
1 621.0 516.0
1 865.0 516.0
1 722.0 517.0
1 551.0 518.0
1 642.0 518.0
1 742.0 519.0
1 664.0 520.0
1 892.0 520.0
1 582.0 521.0
1 712.0 521.0
1 792.0 521.0
1 967.0 521.0
1 946.0 522.0
1 490.0 523.0
1 553.0 524.0
1 624.0 524.0
1 659.0 524.0
1 498.0 526.0
1 807.0 527.0
1 892.0 527.0
1 469.0 528.0
1 819.0 528.0
1 646.0 529.0
1 1017.0 529.0
1 773.0 530.0
1 563.0 531.0
1 569.0 531.0
1 753.0 532.0
1 850.0 532.0
1 534.0 533.0
1 557.0 533.0
1 833.0 533.0
1 893.0 533.0
1 627.0 534.0
1 743.0 534.0
1 1017.0 534.0
1 648.0 536.0
1 956.0 537.0
1 714.0 538.0
1 872.0 538.0
1 963.0 538.0
1 999.0 538.0
1 490.0 540.0
1 629.0 540.0
1 881.0 540.0
1 498.0 541.0
1 545.0 541.0
1 649.0 541.0
1 780.0 543.0
1 959.0 543.0
1 631.0 546.0
1 850.0 546.0
1 651.0 548.0
1 756.0 550.0
1 632.0 551.0
1 904.0 551.0
1 952.0 551.0
1 595.0 553.0
1 529.0 554.0
1 910.0 554.0
1 946.0 555.0
1 915.0 557.0
1 941.0 557.0
1 585.0 558.0
1 634.0 558.0
1 922.0 559.0
1 927.0 559.0
1 935.0 559.0
1 654.0 560.0
1 597.0 562.0
1 495.0 564.0
1 532.0 565.0
1 635.0 565.0
1 556.0 567.0
1 636.0 570.0
1 999.0 570.0
1 672.0 572.0
1 657.0 573.0
1 601.0 575.0
1 756.0 575.0
1 637.0 576.0
1 747.0 576.0
1 582.0 577.0
1 589.0 578.0
1 519.0 579.0
1 999.0 583.0
1 541.0 589.0
1 639.0 589.0
1 1015.0 589.0
1 574.0 590.0
1 590.0 590.0
1 603.0 593.0
1 1015.0 594.0
1 723.0 597.0
1 821.0 597.0
1 563.0 598.0
1 732.0 599.0
1 504.0 600.0
1 577.0 600.0
1 601.0 600.0
1 596.0 601.0
1 998.0 601.0
1 541.0 602.0
1 640.0 602.0
1 585.0 605.0
1 639.0 607.0
1 572.0 609.0
1 722.0 609.0
1 731.0 610.0
1 639.0 613.0
1 577.0 614.0
1 751.0 616.0
1 584.0 617.0
1 603.0 619.0
1 709.0 619.0
1 517.0 620.0
1 553.0 621.0
1 750.0 621.0
1 590.0 624.0
1 639.0 624.0
1 693.0 624.0
1 702.0 624.0
1 516.0 625.0
1 714.0 625.0
1 511.0 627.0
1 675.0 627.0
1 686.0 630.0
1 694.0 632.0
1 569.0 634.0
1 527.0 636.0
1 513.0 637.0
1 574.0 637.0
1 593.0 637.0
1 638.0 637.0
1 579.0 638.0
1 712.0 641.0
1 723.0 641.0
1 602.0 642.0
1 534.0 644.0
1 740.0 644.0
1 519.0 645.0
1 1015.0 653.0
1 593.0 655.0
1 526.0 656.0
1 715.0 656.0
1 547.0 657.0
1 1015.0 658.0
1 997.0 661.0
1 810.0 662.0
1 594.0 663.0
1 1014.0 663.0
1 582.0 665.0
1 559.0 666.0
1 537.0 667.0
1 631.0 667.0
1 574.0 668.0
1 824.0 668.0
1 871.0 668.0
1 985.0 668.0
1 792.0 669.0
1 829.0 669.0
1 1013.0 670.0
1 881.0 671.0
1 704.0 672.0
1 699.0 674.0
1 582.0 675.0
1 557.0 676.0
1 774.0 677.0
1 904.0 678.0
1 811.0 683.0
1 946.0 683.0
1 955.0 683.0
1 989.0 684.0
1 528.0 685.0
1 1014.0 686.0
1 559.0 687.0
1 880.0 688.0
1 580.0 690.0
1 646.0 692.0
1 540.0 693.0
1 1010.0 693.0
1 906.0 695.0
1 641.0 696.0
1 551.0 700.0
1 955.0 700.0
1 450.0 701.0
1 566.0 701.0
1 626.0 702.0
1 1014.0 704.0
1 905.0 708.0
1 23.0 712.0
1 529.0 714.0
1 902.0 714.0
1 1014.0 715.0
1 956.0 720.0
1 1013.0 720.0
1 951.0 721.0
1 518.0 722.0
1 946.0 722.0
1 1012.0 725.0
1 516.0 727.0
1 905.0 728.0
1 505.0 742.0
1 1009.0 744.0
1 805.0 745.0
1 900.0 745.0
1 851.0 753.0
1 1008.0 753.0
1 776.0 758.0
1 38.0 765.0
1 301.0 765.0
1 1008.0 766.0
1 582.0 770.0
1 239.0 772.0
1 442.0 777.0
1 1006.0 783.0
1 509.0 789.0
1 492.0 803.0
1 101.0 812.0
1 45.0 813.0
1 10.0 825.0
1 442.0 829.0
1 689.0 830.0
1 359.0 833.0
1 582.0 833.0
1 507.0 837.0
1 184.0 838.0
1 548.0 840.0
1 654.0 840.0
1 420.0 845.0
1 706.0 845.0
1 691.0 846.0
1 630.0 847.0
1 874.0 848.0
1 653.0 850.0
1 1007.0 855.0
1 111.0 858.0
1 232.0 858.0
1 650.0 859.0
1 701.0 859.0
1 67.0 861.0
1 533.0 864.0
1 910.0 864.0
1 184.0 868.0
1 765.0 874.0
1 928.0 888.0
1 664.0 891.0
1 510.0 895.0
1 464.0 912.0
1 992.0 981.0
