0 1 0 161.93944139382148
0 5 1 425.6282657977132
0 13 3 214.51180461406048
0 6 4 390.66227428553464
0 12 5 338.3548305646018
0 16 6 190.50747440099417
0 29 7 320.5306943306231
0 18 8 284.5605701518343
0 28 9 338.89415314618884
0 22 10 239.49561106424932
0 23 11 223.4016359361879
0 27 12 166.87882427787568
0 38 13 128.25795042657433
0 43 14 209.84681329821547
0 32 15 195.91133622726122
0 40 16 113.58305758242282
0 46 17 125.64358839519623
0 81 18 161.53193890229596
0 94 19 117.45480390053862
0 70 20 118.99747496240816
0 61 21 117.35145984469686
0 104 22 178.21572631294714
0 52 23 112.1040551718313
0 45 25 127.58671956234295
0 62 26 123.93306799277848
0 114 27 112.45500383134366
0 51 28 119.89562061817949
0 71 29 318.91464348151385
0 74 30 132.35346068248762
0 93 31 246.5395489047081
0 82 32 309.1940601299789
0 76 33 139.0601241421165
0 96 34 432.07335237295405
0 101 35 180.38244413398513
0 106 36 209.25288191402123
0 91 38 124.57294202424526
0 132 39 197.94457434500504
0 139 40 215.7912198915347
0 146 41 151.0235025443311
0 113 42 171.65845594505936
0 116 44 186.5227512691044
0 133 45 170.05480565632485
0 136 46 206.3230047926408
0 137 47 303.9380733016295
0 140 49 339.8528039217176
0 145 50 226.44065902466838
0 147 51 210.86561691035763
0 148 53 220.72124411663174
0 150 54 219.2933439111785
0 151 55 163.98723619624886
0 118 56 144.51018250926467
0 119 57 130.0640039692384
0 95 58 103.6993751972114
0 154 59 109.7783026374197
0 100 60 370.16381694722594
0 153 61 115.01973759082102
0 105 62 168.99553558162896
0 78 63 126.4654371703947
0 152 64 168.19810488080014
0 111 65 150.24596785026642
0 103 66 113.87594882958454
0 84 67 175.12393274626115
0 102 68 103.78188776062515
0 128 69 153.63676348457284
0 131 70 214.81355813713193
0 163 71 116.77829150345677
0 124 72 178.68434124616692
0 86 73 311.6435068572949
0 123 74 153.02486318739105
0 142 75 207.5691169536763
0 143 76 151.60822199922015
0 99 77 135.22761867447045
0 89 78 120.16175395942457
0 120 79 264.4154943562038
0 112 80 129.1419632697182
0 198 81 122.52618171939041
0 127 82 163.15275090259448
0 117 83 108.91423314188167
0 164 84 238.23758429603274
0 161 85 182.24393194286455
0 186 86 139.6585223690915
0 172 87 217.12765309667583
0 174 88 183.08296747948404
0 175 89 132.6376947253537
0 180 90 127.75047760184594
0 182 91 113.15615408922002
0 176 92 156.71777404403343
0 177 93 210.1941141519631
0 179 94 208.02669928854965
0 181 95 176.80086758505266
0 194 96 120.66685903685826
0 159 97 127.61634867833548
0 97 98 372.427531623301
0 155 99 365.46803900395827
0 149 100 156.663393744657
0 169 101 112.92470064940458
0 187 102 240.54740928814758
0 158 103 168.45374068016602
0 122 104 124.95995478648487
0 144 105 103.31726230823324
0 167 106 125.83234130793748
0 193 108 124.07924284606622
0 130 109 105.79565035835867
0 197 110 135.41488222438824
0 220 111 107.40888320271407
0 221 112 111.76298797502488
0 207 115 192.2489943640384
0 212 117 122.8381042891377
0 189 118 228.12090728324102
0 203 119 125.63418913299597
0 199 120 201.5297904571221
0 231 122 119.65984432937537
0 200 123 321.49748407552073
0 171 124 118.72281456275758
0 225 125 133.1171473736302
0 170 127 111.42185863240644
0 218 128 159.2692373012732
0 205 129 230.29937228889193
0 232 130 160.80869331511428
0 184 131 116.14593201981731
0 216 132 110.37962351407695
0 190 134 191.74517751715308
0 249 135 187.5250554592874
0 246 136 379.925508203552
0 183 137 112.19769223613602
0 192 138 178.9058274541251
0 252 139 194.4525692281409
0 196 141 103.56990885014683
0 244 142 131.795723265381
0 204 145 151.05288637668522
0 256 146 108.3626928916035
0 254 147 114.99862431145314
0 238 148 184.91877158731054
0 259 149 239.79053865062997
0 245 150 107.14185771001135
0 208 151 108.00530665721797
0 219 152 111.94994379887571
0 263 153 247.20490542990657
0 224 154 103.9334239938467
0 266 158 109.46535244688485
0 215 159 105.57090300249928
0 271 161 260.38984717716875
0 210 162 118.01783518670138
0 265 165 192.01070860504078
0 226 167 254.26432859251724
0 230 168 110.47345599414327
0 227 170 145.77290096067946
0 229 171 186.5039862671158
0 236 173 139.40144315237137
0 240 174 113.48637325368219
0 315 175 261.966026830522
0 270 176 118.63001036876722
0 239 178 267.01721010953577
0 234 179 221.1970552705351
0 319 181 172.48741393732178
0 279 183 226.4183047604858
0 241 184 148.48328976038715
0 243 185 157.77313010637818
0 289 186 134.57754529129443
0 251 189 104.62388984706101
0 334 190 335.68013618309965
0 253 191 109.13039603734987
0 257 192 169.914888695382
0 318 193 455.3600434916576
0 284 194 166.04325125067746
0 248 195 173.52304335041512
0 344 196 111.96985522257867
0 295 197 123.93638216207808
0 332 198 321.90553651399233
0 346 199 341.4690817435154
0 261 200 186.4288604206191
0 290 203 218.93841876741487
0 268 204 117.94076127718
0 264 205 127.74062431522178
0 281 206 132.73222084009072
0 275 207 125.24952157642899
0 355 208 346.2888670811333
0 287 209 248.3598351197336
0 267 211 202.35725008758106
0 272 213 120.25077378588385
0 285 214 243.78932990402288
0 269 216 106.07397681058113
0 309 217 319.8960908808193
0 320 218 108.23818287094906
0 316 219 203.65118062026082
0 273 220 109.29729719869754
0 389 221 373.42051188911796
0 299 222 174.9650976395294
0 278 223 132.64028484286635
0 294 224 122.67858966993326
0 277 225 270.06502838125243
0 335 226 267.8749758305702
0 297 227 213.70504650511978
0 377 229 208.86709516010242
0 317 230 195.64378945374955
0 292 231 470.0764680471827
0 282 232 173.8789450408865
0 327 233 192.5522921312465
0 338 234 268.6765125670752
0 347 235 170.6525011758464
0 283 236 108.053254749223
0 336 238 174.18583937296813
0 380 239 162.1309121889334
0 350 241 217.56584598657975
0 392 243 224.2601828411422
0 303 244 182.15592007261387
0 325 249 114.51042050521671
0 395 250 111.48791893071323
0 356 251 196.58492430868955
0 304 252 107.16101941475648
0 401 254 119.28169413231488
0 351 255 179.91471185169823
0 339 256 272.38026308376857
0 394 260 253.01954206571048
0 349 261 114.74561709120698
0 359 263 160.04592687549288
0 402 264 119.26827081859264
0 362 265 188.92599594766443
0 348 266 129.51159772735045
0 366 268 147.95978283166528
0 341 269 145.03345270178275
0 337 270 126.95635276052543
0 369 272 164.14064667666673
0 408 273 188.8996828030429
0 406 275 114.57262849594989
0 367 276 169.20759882309596
0 368 277 166.58783708977765
0 405 280 340.40392645405814
0 360 283 132.9929269791272
0 357 284 148.50291217569233
0 388 286 177.8502583072927
0 345 287 111.76352403167948
0 342 289 135.24767692916512
0 420 292 235.623324653288
0 421 293 182.97213061797478
0 363 294 118.35281693643194
0 414 295 275.581006952512
0 372 296 107.42347000681465
0 419 298 109.02797454014792
0 371 300 193.47940030807308
0 364 301 142.47321899729425
0 425 303 363.92659089750555
0 422 304 230.52328331444164
0 390 305 128.49055449198406
0 384 307 143.233888785444
0 385 308 282.04628781127536
0 386 309 106.21631243008613
0 374 310 161.52578039381282
0 396 312 110.05745716427626
0 387 313 187.97194473335205
0 393 314 107.33356394472926
0 382 315 183.49259444054235
0 416 316 181.60287123031682
0 399 318 104.07526622379572
0 378 319 104.83449054699005
0 438 323 222.4605487996739
0 426 324 390.97759219443805
0 417 325 174.48127925360373
0 432 327 237.28945022452183
0 433 328 148.64311413459362
0 404 329 154.09090612680959
0 407 330 107.27380158381077
0 429 331 147.43166225762886
0 424 335 293.47310195430765
0 400 336 113.28556453797614
0 434 337 125.59639929184216
0 437 338 322.8746229336949
0 443 339 122.29987876598337
0 440 340 131.457602119467
0 436 341 138.7336756219037
0 428 342 226.34587854649962
0 410 343 105.0267192747121
0 411 345 257.43023123694655
0 447 348 306.8511029542886
0 449 349 150.48931945025865
0 451 353 146.86879446407107
0 452 354 124.73623722077829
0 463 356 118.55887071391209
0 444 357 450.32887112565334
0 464 358 315.3831968357192
0 467 360 154.34380165867083
0 453 361 450.47490632400013
0 475 365 245.0883585697174
0 431 370 236.76940442966327
0 469 371 183.6918510057867
0 461 372 246.27530823467413
0 478 374 174.13675387196812
0 481 375 228.30491329607588
0 462 376 473.8202569037472
0 450 377 385.67004911902416
0 459 378 253.5371659059541
0 455 383 346.05051752728355
0 485 384 306.10112610266236
0 441 385 266.5663566828654
0 483 386 343.3411512002614
0 486 387 196.63741111903025
0 448 389 108.9791222931765
0 497 390 255.6732885810513
0 495 392 165.66925389263918
0 489 393 121.14566493722631
0 499 394 287.8245372019619
0 482 395 490.85480545553645
0 491 396 418.6141286125885
0 498 397 214.36241641608848
0 454 398 129.0831016876608
0 494 402 207.92881854214863
0 506 403 191.1239955781287
0 460 404 118.47488900669296
0 509 406 209.28540625757427
0 505 407 135.8090075741061
0 510 408 174.84517173207774
0 508 409 359.23900638301063
0 504 410 215.03554218616313
0 490 411 370.34174109589236
0 466 412 116.84390817330619
0 516 413 375.16383437681446
0 521 415 246.11026249125158
0 471 417 113.13932047552564
0 511 418 231.69958023376816
0 520 422 162.1520196447199
0 523 424 228.56960687337576
0 522 425 238.64223321419868
0 526 426 128.71572787434894
0 528 427 352.48695812945016
0 503 428 315.00868342166336
0 527 429 259.2547476177404
0 479 430 166.42397601271855
0 493 432 282.9088700999257
0 496 435 206.41076998333676
0 488 436 146.85380474866415
0 529 437 216.08478523558566
0 531 438 258.345016351349
0 501 439 107.04288723304303
0 500 440 223.02379658662468
0 530 442 197.09035554867936
0 539 445 216.71959071694613
0 534 446 228.62856989063053
0 502 447 226.57955906486524
0 538 448 145.10249282994306
0 524 449 221.15941167371042
0 513 450 191.354344059509
0 540 453 254.1532818292135
0 542 458 282.8387357809069
0 545 459 163.61584309933198
0 543 460 315.9087881371818
0 514 461 143.47909710845067
0 544 462 234.61632048257871
0 548 463 165.11626487941462
0 518 464 105.55654928839746
0 512 465 169.47882875342992
0 553 466 273.52717530947285
0 549 467 185.5913004077934
0 559 468 356.9754101430181
0 552 470 130.37290584853702
0 537 471 371.3596153333223
0 550 472 253.78706938476677
0 558 473 160.30721411396217
0 557 474 297.91955316726563
0 560 475 153.0030648553375
0 525 477 244.9367172230546
0 565 478 179.82353789815068
0 570 479 118.29419387955117
0 578 483 123.74858758999908
0 551 485 209.1927150450855
0 562 487 223.47046347113476
0 584 489 116.39953005083994
0 583 491 109.34050607898536
0 474 492 334.9618882686784
0 592 493 121.80216090237998
0 593 494 106.89369779386533
0 563 495 368.7607385318469
0 571 497 109.29161548607793
0 600 503 221.12575905971954
0 603 505 114.40895276547025
0 573 506 396.15070297721945
0 581 507 156.23607855005994
0 598 508 104.33832121759022
0 599 509 451.90171284489907
0 601 510 111.27314349779442
0 604 511 129.46843231852233
0 608 514 267.2289067966568
0 616 516 248.99899300446063
0 615 517 229.69978472682448
0 582 518 358.75520794575783
0 589 520 241.32634137967068

0 926.0 134.0
0 923.0 373.0
0 928.0 373.0
0 837.0 374.0
0 933.0 374.0
0 935.0 384.0
0 949.0 396.0
0 811.0 401.0
0 768.0 403.0
0 1104.0 403.0
0 750.0 406.0
0 738.0 407.0
0 704.0 408.0
0 1027.0 408.0
0 1055.0 408.0
0 1088.0 408.0
0 789.0 409.0
0 728.0 414.0
0 801.0 414.0
0 936.0 416.0
0 1024.0 419.0
0 716.0 421.0
0 798.0 421.0
0 688.0 422.0
0 1114.0 422.0
0 658.0 423.0
0 728.0 424.0
0 934.0 424.0
0 672.0 426.0
0 1043.0 426.0
0 756.0 428.0
0 792.0 429.0
0 1105.0 429.0
0 771.0 430.0
0 1014.0 433.0
0 1028.0 433.0
0 1053.0 434.0
0 1123.0 434.0
0 690.0 435.0
0 807.0 435.0
0 851.0 435.0
0 873.0 435.0
0 1046.0 435.0
0 1058.0 435.0
0 1100.0 435.0
0 815.0 436.0
0 824.0 436.0
0 835.0 436.0
0 856.0 436.0
0 861.0 436.0
0 866.0 436.0
0 889.0 436.0
0 896.0 436.0
0 902.0 436.0
0 907.0 436.0
0 912.0 436.0
0 1071.0 436.0
0 1087.0 436.0
0 718.0 437.0
0 930.0 437.0
0 1001.0 437.0
0 920.0 438.0
0 786.0 439.0
0 657.0 440.0
0 840.0 440.0
0 1111.0 440.0
0 762.0 441.0
0 976.0 441.0
0 731.0 442.0
0 1099.0 442.0
0 802.0 443.0
0 880.0 443.0
0 1034.0 443.0
0 1054.0 443.0
0 1047.0 444.0
0 1070.0 444.0
0 1085.0 444.0
0 624.0 445.0
0 673.0 446.0
0 1012.0 446.0
0 643.0 447.0
0 924.0 447.0
0 1000.0 447.0
0 690.0 448.0
0 783.0 448.0
0 804.0 448.0
0 912.0 448.0
0 813.0 449.0
0 823.0 449.0
0 841.0 449.0
0 894.0 449.0
0 931.0 449.0
0 852.0 450.0
0 861.0 450.0
0 875.0 450.0
0 904.0 450.0
0 950.0 450.0
0 1122.0 450.0
0 1132.0 450.0
0 969.0 451.0
0 762.0 454.0
0 1096.0 454.0
0 962.0 455.0
0 1000.0 455.0
0 621.0 456.0
0 731.0 456.0
0 1046.0 456.0
0 1072.0 456.0
0 782.0 457.0
0 642.0 458.0
0 797.0 458.0
0 937.0 460.0
0 950.0 460.0
0 1075.0 461.0
0 971.0 462.0
0 983.0 462.0
0 818.0 463.0
0 1016.0 464.0
0 1095.0 464.0
0 775.0 465.0
0 1083.0 465.0
0 767.0 467.0
0 787.0 467.0
0 1137.0 467.0
0 698.0 468.0
0 964.0 468.0
0 1068.0 468.0
0 685.0 469.0
0 986.0 469.0
0 1094.0 469.0
0 976.0 470.0
0 704.0 472.0
0 764.0 472.0
0 1137.0 472.0
0 728.0 473.0
0 1039.0 474.0
0 1095.0 474.0
0 677.0 475.0
0 737.0 475.0
0 1034.0 475.0
0 1082.0 475.0
0 655.0 477.0
0 801.0 478.0
0 826.0 478.0
0 954.0 478.0
0 742.0 479.0
0 935.0 479.0
0 974.0 480.0
0 1017.0 480.0
0 1059.0 480.0
0 776.0 481.0
0 642.0 483.0
0 751.0 483.0
0 1064.0 483.0
0 729.0 484.0
0 834.0 484.0
0 844.0 484.0
0 853.0 484.0
0 962.0 484.0
0 713.0 485.0
0 863.0 485.0
0 1010.0 485.0
0 630.0 486.0
0 825.0 486.0
0 807.0 487.0
0 943.0 487.0
0 1068.0 488.0
0 621.0 489.0
0 703.0 489.0
0 797.0 489.0
0 676.0 490.0
0 684.0 490.0
0 1007.0 490.0
0 695.0 491.0
0 753.0 492.0
0 852.0 493.0
0 990.0 493.0
0 1071.0 493.0
0 620.0 494.0
0 646.0 495.0
0 782.0 495.0
0 868.0 495.0
0 890.0 495.0
0 1007.0 495.0
0 639.0 496.0
0 651.0 497.0
0 938.0 497.0
0 876.0 498.0
0 899.0 498.0
0 712.0 499.0
0 881.0 499.0
0 746.0 500.0
0 759.0 500.0
0 773.0 501.0
0 952.0 501.0
0 728.0 502.0
0 840.0 502.0
0 931.0 502.0
0 908.0 503.0
0 896.0 505.0
0 619.0 506.0
0 633.0 506.0
0 639.0 506.0
0 993.0 506.0
0 721.0 508.0
0 736.0 508.0
0 1134.0 508.0
0 728.0 509.0
0 904.0 509.0
0 1086.0 509.0
0 1094.0 509.0
0 649.0 510.0
0 1079.0 510.0
0 640.0 511.0
0 1004.0 511.0
0 1107.0 511.0
0 686.0 512.0
0 924.0 512.0
0 943.0 512.0
0 1074.0 512.0
0 698.0 513.0
0 912.0 514.0
0 994.0 514.0
0 631.0 516.0
0 1108.0 516.0
0 616.0 517.0
0 1075.0 517.0
0 1006.0 518.0
0 757.0 520.0
0 921.0 521.0
0 1128.0 521.0
0 871.0 522.0
0 623.0 523.0
0 1008.0 523.0
0 1073.0 523.0
0 967.0 524.0
0 637.0 525.0
0 779.0 525.0
0 1112.0 525.0
0 800.0 527.0
0 1009.0 528.0
0 1071.0 528.0
0 791.0 531.0
0 815.0 531.0
0 1136.0 531.0
0 825.0 532.0
0 830.0 532.0
0 835.0 532.0
0 966.0 532.0
0 1103.0 532.0
0 844.0 534.0
0 1064.0 534.0
0 699.0 535.0
0 783.0 535.0
0 862.0 535.0
0 1017.0 535.0
0 1141.0 535.0
0 652.0 536.0
0 804.0 536.0
0 1011.0 536.0
0 796.0 537.0
0 998.0 537.0
0 816.0 539.0
0 1023.0 539.0
0 827.0 540.0
0 1055.0 540.0
0 1124.0 540.0
0 772.0 541.0
0 1031.0 541.0
0 1135.0 541.0
0 719.0 542.0
0 736.0 542.0
0 1050.0 542.0
0 787.0 543.0
0 808.0 543.0
0 873.0 543.0
0 1039.0 543.0
0 1045.0 543.0
0 895.0 544.0
0 779.0 545.0
0 800.0 545.0
0 886.0 546.0
0 827.0 549.0
0 1099.0 549.0
0 1146.0 549.0
0 792.0 550.0
0 979.0 550.0
0 708.0 551.0
0 774.0 551.0
0 699.0 552.0
0 882.0 552.0
0 847.0 555.0
0 899.0 555.0
0 889.0 556.0
0 1083.0 556.0
0 825.0 557.0
0 1122.0 557.0
0 778.0 558.0
0 765.0 559.0
0 919.0 559.0
0 1097.0 559.0
0 708.0 562.0
0 895.0 562.0
0 906.0 562.0
0 809.0 564.0
0 1008.0 564.0
0 1013.0 564.0
0 1098.0 564.0
0 623.0 565.0
0 1135.0 565.0
0 713.0 566.0
0 771.0 566.0
0 1075.0 566.0
0 1143.0 566.0
0 1041.0 567.0
0 701.0 568.0
0 825.0 568.0
0 966.0 568.0
0 1057.0 568.0
0 645.0 570.0
0 903.0 570.0
0 850.0 573.0
0 917.0 574.0
0 887.0 576.0
0 792.0 577.0
0 988.0 578.0
0 748.0 579.0
0 911.0 579.0
0 921.0 580.0
0 1106.0 580.0
0 1133.0 581.0
0 758.0 582.0
0 805.0 582.0
0 1111.0 583.0
0 914.0 584.0
0 820.0 587.0
0 701.0 588.0
0 860.0 589.0
0 743.0 592.0
0 921.0 592.0
0 753.0 594.0
0 776.0 594.0
0 808.0 595.0
0 700.0 596.0
0 793.0 598.0
0 712.0 599.0
0 742.0 600.0
0 887.0 600.0
0 830.0 601.0
0 862.0 601.0
0 792.0 603.0
0 816.0 606.0
0 948.0 606.0
0 739.0 609.0
0 750.0 609.0
0 827.0 613.0
0 931.0 618.0
0 815.0 619.0
0 717.0 620.0
0 991.0 620.0
0 864.0 623.0
0 911.0 624.0
0 991.0 625.0
0 929.0 626.0
0 711.0 629.0
0 874.0 629.0
0 892.0 629.0
0 793.0 631.0
0 938.0 631.0
0 749.0 632.0
0 625.0 633.0
0 741.0 634.0
0 826.0 635.0
0 794.0 636.0
0 928.0 638.0
0 937.0 639.0
0 908.0 640.0
0 713.0 642.0
0 797.0 642.0
0 775.0 645.0
0 894.0 645.0
0 907.0 645.0
0 742.0 646.0
0 686.0 647.0
0 874.0 647.0
0 626.0 648.0
0 841.0 648.0
0 744.0 651.0
0 906.0 651.0
0 648.0 653.0
0 936.0 653.0
0 808.0 654.0
0 863.0 654.0
0 753.0 655.0
0 927.0 655.0
0 717.0 656.0
0 905.0 656.0
0 744.0 659.0
0 626.0 660.0
0 900.0 660.0
0 924.0 662.0
0 934.0 662.0
0 889.0 663.0
0 873.0 665.0
0 647.0 666.0
0 760.0 666.0
0 755.0 667.0
0 860.0 668.0
0 750.0 670.0
0 931.0 670.0
0 849.0 671.0
0 723.0 673.0
0 628.0 677.0
0 928.0 678.0
0 976.0 678.0
0 916.0 679.0
0 871.0 680.0
0 647.0 682.0
0 887.0 682.0
0 924.0 683.0
0 772.0 684.0
0 824.0 684.0
0 879.0 684.0
0 914.0 684.0
0 846.0 685.0
0 831.0 686.0
0 771.0 689.0
0 921.0 689.0
0 731.0 690.0
0 907.0 691.0
0 626.0 692.0
0 765.0 694.0
0 982.0 694.0
0 967.0 695.0
0 626.0 698.0
0 1127.0 698.0
0 647.0 699.0
0 897.0 699.0
0 914.0 699.0
0 1089.0 702.0
0 626.0 703.0
0 782.0 703.0
0 789.0 703.0
0 931.0 704.0
0 888.0 706.0
0 907.0 706.0
0 796.0 707.0
0 1129.0 707.0
0 782.0 708.0
0 744.0 709.0
0 976.0 709.0
0 881.0 710.0
0 1145.0 710.0
0 802.0 711.0
0 904.0 711.0
0 649.0 713.0
0 791.0 713.0
0 809.0 714.0
0 872.0 714.0
0 819.0 716.0
0 867.0 716.0
0 1126.0 716.0
0 860.0 717.0
0 797.0 718.0
0 1087.0 718.0
0 650.0 719.0
0 841.0 719.0
0 893.0 719.0
0 783.0 721.0
0 804.0 721.0
0 811.0 723.0
0 627.0 724.0
0 878.0 726.0
0 841.0 729.0
0 865.0 730.0
0 809.0 735.0
0 884.0 737.0
0 1124.0 738.0
0 833.0 739.0
0 239.0 742.0
0 627.0 744.0
0 627.0 749.0
0 873.0 749.0
0 213.0 751.0
0 770.0 751.0
0 1125.0 753.0
0 627.0 754.0
0 770.0 757.0
0 774.0 762.0
0 429.0 767.0
0 628.0 770.0
0 524.0 771.0
0 1439.0 772.0
0 382.0 773.0
0 415.0 773.0
0 1124.0 773.0
0 1176.0 778.0
0 1306.0 779.0
0 628.0 782.0
0 746.0 783.0
0 62.0 784.0
0 1122.0 784.0
0 1124.0 790.0
0 392.0 795.0
0 628.0 795.0
0 377.0 796.0
0 1122.0 796.0
0 814.0 798.0
0 948.0 799.0
0 438.0 803.0
0 532.0 803.0
0 146.0 807.0
0 1121.0 812.0
0 10.0 813.0
0 248.0 813.0
0 1107.0 814.0
0 42.0 816.0
0 56.0 816.0
0 1134.0 820.0
0 1121.0 823.0
0 31.0 826.0
0 881.0 837.0
0 626.0 840.0
0 1120.0 846.0
0 652.0 857.0
0 905.0 857.0
0 791.0 864.0
0 1036.0 866.0
0 647.0 874.0
0 713.0 878.0
0 788.0 879.0
0 647.0 892.0
0 1115.0 914.0
0 642.0 919.0
1 915.0 17.0
1 915.0 22.0
1 908.0 358.0
1 920.0 359.0
1 967.0 360.0
1 974.0 361.0
1 980.0 361.0
1 918.0 368.0
1 904.0 369.0
1 932.0 369.0
1 954.0 370.0
1 966.0 371.0
1 978.0 372.0
1 899.0 377.0
1 963.0 380.0
1 981.0 381.0
1 992.0 382.0
1 848.0 387.0
1 815.0 389.0
1 870.0 389.0
1 810.0 390.0
1 790.0 392.0
1 801.0 392.0
1 783.0 394.0
1 877.0 394.0
1 795.0 395.0
1 839.0 396.0
1 757.0 397.0
1 1140.0 397.0
1 882.0 398.0
1 810.0 399.0
1 728.0 400.0
1 1131.0 401.0
1 1148.0 401.0
1 767.0 402.0
1 753.0 403.0
1 803.0 403.0
1 864.0 403.0
1 1074.0 403.0
1 824.0 404.0
1 844.0 405.0
1 851.0 405.0
1 880.0 405.0
1 1090.0 406.0
1 1144.0 406.0
1 705.0 407.0
1 786.0 407.0
1 756.0 408.0
1 1139.0 408.0
1 1086.0 411.0
1 796.0 412.0
1 721.0 413.0
1 740.0 413.0
1 1152.0 413.0
1 803.0 414.0
1 1081.0 414.0
1 695.0 415.0
1 704.0 415.0
1 864.0 415.0
1 911.0 415.0
1 1102.0 415.0
1 771.0 417.0
1 784.0 417.0
1 816.0 417.0
1 759.0 418.0
1 822.0 418.0
1 835.0 418.0
1 852.0 418.0
1 746.0 419.0
1 844.0 419.0
1 1070.0 419.0
1 1081.0 419.0
1 688.0 421.0
1 1118.0 421.0
1 810.0 423.0
1 1059.0 423.0
1 824.0 425.0
1 688.0 426.0
1 704.0 426.0
1 800.0 426.0
1 856.0 426.0
1 867.0 426.0
1 1152.0 426.0
1 839.0 427.0
1 1017.0 427.0
1 1047.0 429.0
1 1100.0 429.0
1 1056.0 430.0
1 1065.0 430.0
1 720.0 431.0
1 738.0 431.0
1 746.0 431.0
1 822.0 431.0
1 863.0 431.0
1 1002.0 432.0
1 772.0 433.0
1 1070.0 433.0
1 1164.0 433.0
1 1157.0 434.0
1 673.0 435.0
1 1045.0 435.0
1 1075.0 435.0
1 788.0 436.0
1 821.0 436.0
1 867.0 436.0
1 857.0 437.0
1 1098.0 438.0
1 706.0 439.0
1 1021.0 439.0
1 1036.0 439.0
1 1087.0 439.0
1 1151.0 439.0
1 697.0 440.0
1 1093.0 440.0
1 999.0 441.0
1 1046.0 441.0
1 1146.0 441.0
1 745.0 442.0
1 1116.0 442.0
1 1134.0 442.0
1 1059.0 443.0
1 1073.0 443.0
1 672.0 444.0
1 1095.0 445.0
1 1084.0 446.0
1 819.0 447.0
1 1032.0 447.0
1 1046.0 448.0
1 1146.0 448.0
1 1169.0 448.0
1 696.0 449.0
1 873.0 449.0
1 878.0 449.0
1 883.0 449.0
1 893.0 449.0
1 898.0 449.0
1 888.0 450.0
1 903.0 450.0
1 913.0 450.0
1 919.0 450.0
1 924.0 450.0
1 1105.0 450.0
1 1118.0 450.0
1 1133.0 450.0
1 787.0 451.0
1 932.0 451.0
1 939.0 451.0
1 959.0 452.0
1 965.0 452.0
1 817.0 453.0
1 973.0 453.0
1 978.0 453.0
1 908.0 454.0
1 986.0 455.0
1 996.0 455.0
1 1023.0 455.0
1 840.0 456.0
1 845.0 456.0
1 1046.0 456.0
1 1162.0 457.0
1 1175.0 457.0
1 869.0 458.0
1 932.0 458.0
1 946.0 458.0
1 852.0 459.0
1 896.0 460.0
1 1021.0 460.0
1 1095.0 460.0
1 955.0 461.0
1 1144.0 461.0
1 740.0 462.0
1 753.0 462.0
1 878.0 462.0
1 883.0 462.0
1 890.0 462.0
1 908.0 463.0
1 918.0 464.0
1 928.0 465.0
1 933.0 465.0
1 938.0 465.0
1 961.0 465.0
1 966.0 465.0
1 998.0 465.0
1 732.0 466.0
1 760.0 466.0
1 945.0 466.0
1 976.0 466.0
1 1024.0 466.0
1 1044.0 466.0
1 1138.0 466.0
1 786.0 467.0
1 781.0 468.0
1 791.0 468.0
1 850.0 468.0
1 1015.0 468.0
1 1088.0 468.0
1 710.0 469.0
1 862.0 469.0
1 986.0 469.0
1 1127.0 469.0
1 1177.0 469.0
1 722.0 470.0
1 737.0 470.0
1 840.0 470.0
1 796.0 471.0
1 1145.0 471.0
1 671.0 472.0
1 1036.0 472.0
1 696.0 473.0
1 1052.0 474.0
1 686.0 475.0
1 866.0 475.0
1 1067.0 475.0
1 1097.0 475.0
1 749.0 476.0
1 770.0 476.0
1 828.0 476.0
1 913.0 476.0
1 1045.0 476.0
1 807.0 477.0
1 1002.0 477.0
1 1015.0 477.0
1 710.0 480.0
1 725.0 480.0
1 786.0 480.0
1 1024.0 480.0
1 672.0 481.0
1 730.0 481.0
1 735.0 481.0
1 741.0 481.0
1 759.0 481.0
1 853.0 481.0
1 1034.0 481.0
1 1044.0 481.0
1 702.0 482.0
1 746.0 482.0
1 751.0 483.0
1 1110.0 483.0
1 1076.0 485.0
1 671.0 486.0
1 808.0 486.0
1 695.0 487.0
1 701.0 487.0
1 706.0 487.0
1 867.0 487.0
1 841.0 488.0
1 1136.0 489.0
1 780.0 490.0
1 786.0 490.0
1 1095.0 490.0
1 671.0 491.0
1 768.0 491.0
1 1090.0 491.0
1 802.0 492.0
1 1033.0 492.0
1 1103.0 492.0
1 998.0 493.0
1 824.0 494.0
1 1083.0 494.0
1 1110.0 494.0
1 984.0 495.0
1 672.0 496.0
1 1062.0 496.0
1 1115.0 497.0
1 795.0 498.0
1 1012.0 498.0
1 1024.0 498.0
1 710.0 500.0
1 777.0 500.0
1 741.0 502.0
1 1046.0 502.0
1 1068.0 502.0
1 694.0 503.0
1 755.0 503.0
1 768.0 503.0
1 786.0 503.0
1 1059.0 503.0
1 671.0 504.0
1 684.0 505.0
1 1066.0 507.0
1 823.0 508.0
1 1173.0 508.0
1 672.0 509.0
1 690.0 511.0
1 1012.0 511.0
1 1061.0 511.0
1 1056.0 512.0
1 1131.0 512.0
1 998.0 515.0
1 1003.0 515.0
1 1051.0 515.0
1 794.0 517.0
1 927.0 517.0
1 887.0 518.0
1 1149.0 518.0
1 997.0 520.0
1 1013.0 520.0
1 1061.0 520.0
1 879.0 521.0
1 1049.0 521.0
1 1158.0 521.0
1 673.0 522.0
1 870.0 523.0
1 1171.0 524.0
1 754.0 525.0
1 840.0 525.0
1 912.0 525.0
1 917.0 525.0
1 923.0 525.0
1 989.0 525.0
1 782.0 526.0
1 803.0 527.0
1 862.0 527.0
1 887.0 527.0
1 892.0 527.0
1 938.0 527.0
1 1129.0 527.0
1 1164.0 528.0
1 853.0 530.0
1 950.0 530.0
1 1009.0 530.0
1 756.0 531.0
1 783.0 531.0
1 793.0 531.0
1 832.0 531.0
1 1144.0 531.0
1 392.0 532.0
1 1064.0 532.0
1 804.0 533.0
1 817.0 533.0
1 826.0 533.0
1 865.0 534.0
1 986.0 534.0
1 846.0 535.0
1 964.0 535.0
1 1128.0 535.0
1 1156.0 535.0
1 773.0 537.0
1 1123.0 537.0
1 1180.0 537.0
1 822.0 538.0
1 1171.0 538.0
1 754.0 539.0
1 839.0 539.0
1 925.0 539.0
1 764.0 540.0
1 977.0 540.0
1 1030.0 540.0
1 1163.0 541.0
1 1050.0 542.0
1 1121.0 542.0
1 1071.0 543.0
1 822.0 544.0
1 832.0 545.0
1 847.0 545.0
1 984.0 545.0
1 1116.0 546.0
1 1182.0 546.0
1 753.0 547.0
1 1076.0 547.0
1 1144.0 548.0
1 993.0 549.0
1 1111.0 549.0
1 1131.0 549.0
1 764.0 550.0
1 817.0 550.0
1 1085.0 551.0
1 1091.0 552.0
1 1096.0 552.0
1 1104.0 552.0
1 755.0 553.0
1 1142.0 553.0
1 1160.0 553.0
1 783.0 554.0
1 770.0 555.0
1 793.0 555.0
1 813.0 556.0
1 1001.0 556.0
1 698.0 557.0
1 804.0 557.0
1 884.0 557.0
1 1180.0 558.0
1 755.0 559.0
1 825.0 559.0
1 1140.0 560.0
1 675.0 562.0
1 1168.0 563.0
1 1178.0 563.0
1 1039.0 564.0
1 1010.0 565.0
1 1059.0 566.0
1 820.0 569.0
1 902.0 569.0
1 1090.0 569.0
1 882.0 570.0
1 929.0 570.0
1 1122.0 570.0
1 804.0 571.0
1 890.0 571.0
1 1105.0 571.0
1 755.0 572.0
1 946.0 572.0
1 912.0 573.0
1 561.0 574.0
1 1144.0 575.0
1 886.0 576.0
1 957.0 577.0
1 1165.0 577.0
1 874.0 578.0
1 801.0 580.0
1 755.0 583.0
1 782.0 583.0
1 793.0 583.0
1 675.0 584.0
1 907.0 584.0
1 445.0 585.0
1 893.0 587.0
1 1046.0 587.0
1 805.0 589.0
1 853.0 590.0
1 982.0 590.0
1 972.0 591.0
1 879.0 593.0
1 989.0 596.0
1 890.0 597.0
1 992.0 601.0
1 874.0 602.0
1 993.0 606.0
1 886.0 607.0
1 838.0 608.0
1 1386.0 608.0
1 676.0 611.0
1 992.0 611.0
1 1002.0 613.0
1 940.0 615.0
1 676.0 616.0
1 859.0 616.0
1 829.0 617.0
1 976.0 617.0
1 811.0 618.0
1 837.0 619.0
1 677.0 621.0
1 820.0 621.0
1 1002.0 621.0
1 885.0 622.0
1 756.0 624.0
1 796.0 624.0
1 912.0 626.0
1 701.0 630.0
1 949.0 631.0
1 795.0 632.0
1 825.0 633.0
1 834.0 633.0
1 981.0 633.0
1 677.0 634.0
1 758.0 635.0
1 868.0 636.0
1 1158.0 636.0
1 981.0 639.0
1 869.0 641.0
1 701.0 642.0
1 894.0 642.0
1 981.0 644.0
1 1009.0 644.0
1 805.0 645.0
1 970.0 645.0
1 679.0 648.0
1 947.0 648.0
1 794.0 651.0
1 828.0 653.0
1 955.0 654.0
1 701.0 656.0
1 799.0 657.0
1 943.0 657.0
1 1444.0 658.0
1 953.0 659.0
1 538.0 660.0
1 967.0 662.0
1 1004.0 662.0
1 678.0 663.0
1 924.0 663.0
1 1014.0 664.0
1 796.0 665.0
1 919.0 665.0
1 806.0 667.0
1 952.0 667.0
1 828.0 668.0
1 278.0 671.0
1 702.0 671.0
1 836.0 671.0
1 799.0 672.0
1 980.0 672.0
1 1025.0 672.0
1 1046.0 672.0
1 967.0 673.0
1 943.0 674.0
1 1153.0 674.0
1 1012.0 675.0
1 828.0 676.0
1 1001.0 676.0
1 678.0 678.0
1 1121.0 678.0
1 1153.0 679.0
1 801.0 680.0
1 928.0 681.0
1 940.0 681.0
1 950.0 681.0
1 999.0 681.0
1 1010.0 682.0
1 840.0 683.0
1 835.0 684.0
1 971.0 684.0
1 702.0 687.0
1 1040.0 687.0
1 1150.0 688.0
1 678.0 689.0
1 1006.0 690.0
1 919.0 692.0
1 1119.0 692.0
1 541.0 695.0
1 958.0 695.0
1 991.0 695.0
1 919.0 697.0
1 924.0 697.0
1 811.0 698.0
1 1150.0 700.0
1 851.0 703.0
1 982.0 704.0
1 995.0 705.0
1 975.0 711.0
1 869.0 712.0
1 988.0 713.0
1 711.0 714.0
1 824.0 715.0
1 877.0 717.0
1 1147.0 717.0
1 345.0 718.0
1 680.0 719.0
1 864.0 719.0
1 982.0 719.0
1 882.0 720.0
1 477.0 721.0
1 958.0 721.0
1 949.0 724.0
1 944.0 725.0
1 896.0 726.0
1 936.0 726.0
1 837.0 727.0
1 878.0 727.0
1 972.0 728.0
1 960.0 730.0
1 1145.0 731.0
1 891.0 732.0
1 919.0 732.0
1 952.0 732.0
1 478.0 733.0
1 941.0 735.0
1 946.0 735.0
1 920.0 737.0
1 855.0 739.0
1 887.0 740.0
1 442.0 741.0
1 839.0 743.0
1 1146.0 743.0
1 462.0 744.0
1 903.0 744.0
1 470.0 746.0
1 477.0 755.0
1 922.0 757.0
1 492.0 759.0
1 336.0 765.0
1 1321.0 766.0
1 1137.0 768.0
1 1142.0 768.0
1 396.0 769.0
1 1332.0 776.0
1 455.0 778.0
1 614.0 778.0
1 317.0 781.0
1 635.0 784.0
1 569.0 785.0
1 892.0 785.0
1 1162.0 787.0
1 629.0 788.0
1 537.0 789.0
1 941.0 789.0
1 1048.0 791.0
1 357.0 792.0
1 560.0 792.0
1 149.0 796.0
1 334.0 798.0
1 1370.0 798.0
1 495.0 799.0
1 527.0 799.0
1 568.0 802.0
1 432.0 804.0
1 470.0 804.0
1 977.0 804.0
1 1023.0 807.0
1 548.0 810.0
1 528.0 825.0
1 655.0 831.0
1 463.0 834.0
1 502.0 834.0
1 248.0 836.0
1 766.0 837.0
1 388.0 842.0
1 1139.0 848.0
1 343.0 852.0
1 788.0 853.0
1 1267.0 863.0
1 1124.0 865.0
1 794.0 870.0
1 236.0 878.0
1 590.0 885.0
1 225.0 886.0
1 111.0 890.0
1 418.0 950.0
1 416.0 962.0
1 917.0 975.0
1 1037.0 988.0
