0 2 2 482.4721049691873
0 10 6 495.1879329416675
0 14 7 350.5472882245354
0 16 10 316.106459637218
0 43 17 207.2122060584428
0 48 18 231.8863783813967
0 38 21 220.33542244574028
0 27 22 456.36166760953085
0 73 27 208.52723338436138
0 60 30 254.83505198328137
0 94 31 150.5978596116049
0 55 32 260.9643798395985
0 108 33 381.5452896978981
0 104 36 311.367216128603
0 53 37 418.4065591497605
0 70 39 199.95709386242004
0 114 41 115.28094257465473
0 82 48 303.5944911437667
0 91 52 249.1381700393267
0 131 53 132.64939824660263
0 132 54 229.68182898144326
0 135 56 478.7758996213033
0 139 58 438.3316440307965
0 101 61 327.3292079367287
0 111 62 233.47295560891132
0 146 65 287.07535036319433
0 84 66 413.6676732072387
0 119 67 222.54023549804657
0 95 68 172.98952404520332
0 154 70 229.27301969465006
0 110 71 321.5636952227984
0 113 72 316.6121483179642
0 89 74 316.3501540247341
0 118 79 311.77100169337587
0 161 82 109.68976313540395
0 163 84 265.63778015047757
0 153 85 218.30826351265148
0 143 86 365.2095225791031
0 99 87 196.1578254530004
0 121 88 335.0136583651496
0 141 89 314.1949903427063
0 117 91 247.89179072362947
0 126 92 267.17766903105587
0 123 93 127.07445602274572
0 164 95 459.42369179439373
0 115 96 284.60449780260063
0 172 97 160.60055813647168
0 174 98 323.96400004364006
0 175 99 235.72906638820353
0 182 100 123.82556356438555
0 176 102 351.81189074071625
0 177 103 411.9237335862247
0 179 104 374.65220287053984
0 186 105 287.6324606119873
0 194 106 269.91183052709033
0 180 107 338.8728306040421
0 198 108 349.68516859581234
0 130 112 195.2340101482675
0 193 113 343.2678114304029
0 187 117 353.1494560532767
0 169 118 381.91915947452134
0 167 120 277.9289531828187
0 220 121 199.40807099629893
0 221 122 234.03897283923197
0 197 124 290.13730890864156
0 188 125 477.2587715118556
0 171 131 359.3352608150982
0 203 132 397.14782552706566
0 199 135 292.0547914682175
0 205 136 340.6419587848231
0 159 138 495.1605665187284
0 217 139 208.4216699843055
0 209 140 267.84965808378445
0 225 143 230.4064794790906
0 218 146 196.48633964961772
0 212 147 304.4536088049238
0 244 148 441.8040763584142
0 238 150 310.77922483282424
0 245 155 265.2962794087149
0 249 157 262.757168486147
0 208 158 304.7130014443577
0 258 161 224.23654867011206
0 256 163 215.64597651331025
0 232 168 397.76644816703083
0 255 173 201.4991357099084
0 234 179 470.09708148900637
0 266 180 239.67715073437236
0 254 184 233.3959465974357
0 262 185 262.4491381307549
0 260 189 341.5925230539408
0 271 190 253.27253582521595
0 265 192 284.2529742657542
0 263 195 203.65660687357993
0 279 210 282.1070876622574
0 246 212 492.05320980885193
0 288 214 432.797094825314
0 284 227 245.8989905622436
0 270 228 489.3208634971467
0 285 232 291.5026938067465
0 324 233 462.18082657457325
0 299 237 384.26941251879435
0 354 242 421.479925163594
0 296 244 239.52826517066578
0 297 247 262.5803141172625
0 380 264 498.3925361799299
0 361 265 339.2634274709649
0 327 269 213.0571207841295
0 294 270 137.72599471825927
0 300 278 152.77539146767208
0 394 280 279.8591264310756
0 316 282 234.5241462613926
0 383 290 490.76869016804227
0 395 292 176.6930567168247
0 351 293 217.35140698148035
0 402 294 145.65053783744247
0 388 297 422.17827926128433
0 405 301 316.8090561243518
0 377 303 358.229068280118
0 401 304 229.80243162551383
0 335 306 355.5586073395618
0 408 307 232.513400496231
0 363 308 493.09373465714816
0 359 310 181.87922169660982
0 336 312 284.38665815399213
0 303 313 354.289979986052
0 391 314 365.3986702551954
0 350 316 272.80165743938363
0 317 317 326.3517102947593
0 366 322 170.3988757089409
0 418 323 176.14424302784036
0 356 324 247.053945037132
0 349 326 494.26415555701226
0 362 327 218.70438774509907
0 419 329 108.82058734210452
0 368 330 210.3611533641208
0 369 331 175.72763102050803
0 406 336 317.57743985565435
0 348 338 251.3931333712034
0 420 341 393.97683698699075
0 360 343 197.76497920470905
0 421 349 368.3049333280501
0 371 351 237.15549939022685
0 439 355 355.32403654514775
0 422 356 449.98110798341423
0 429 364 128.72609760852748
0 417 367 383.94082943149937
0 390 368 108.00958290245187
0 425 369 339.7063340636814
0 393 371 138.7303028990018
0 384 374 183.12967055421527
0 396 375 121.5360973933715
0 437 376 152.07885409600993
0 399 377 146.90884203487974
0 424 378 248.79865401023432
0 436 380 252.55376407820077
0 444 381 350.49547560184294
0 440 384 112.05905410070945
0 427 386 327.7783975384798
0 386 388 239.17446880700135
0 443 392 190.90977572458186
0 404 403 189.80286301437278
0 451 405 108.87145228961627
0 452 407 109.43743347376437
0 450 410 170.53373209746673
0 407 416 291.4957551488031
0 438 417 485.5494956306317
0 449 420 170.23579540755864
0 456 422 294.1534575166138
0 469 424 105.43557144376183
0 459 426 236.0849771143912
0 467 429 449.079979413306
0 482 432 355.80552319619824
0 470 436 367.78054194813325
0 462 437 344.6336889113479
0 486 441 135.13590621203957
0 489 442 117.78211074450786
0 473 444 468.3929821524665
0 481 445 252.8410493921351
0 463 446 187.75588222193923
0 498 447 127.9548401572748
0 495 450 361.1871250083826
0 509 453 131.6745551086668
0 510 457 131.870714129242
0 478 458 486.55769358903893
0 504 461 302.40453299946756
0 505 462 394.3406719194603
0 497 466 310.5285729066429
0 499 467 273.2565541761157
0 526 471 144.15409691546682
0 524 473 179.35246437290465
0 522 475 244.86781074035912
0 538 481 257.8377272274256
0 516 483 289.5242394693752
0 520 486 282.38001360294385
0 540 492 266.03100393895875
0 548 493 303.21660840043955
0 527 498 285.15767221397175
0 545 501 272.9007897136742
0 539 508 155.9634207877404
0 546 513 295.82900926064946
0 542 516 250.64791584840248
0 547 518 204.74326572104653
0 544 520 324.252079215288
0 543 523 365.2617612087076
0 558 528 459.3640981748405
0 496 533 322.8210389558412
0 550 534 274.907954867305
0 557 538 268.86467156168106
0 554 539 290.8529090637386
0 513 542 424.9144521480356
0 501 546 287.3161002406372
0 549 547 375.7553252222711
0 568 552 193.97731152549395
0 514 555 207.8420881313686
0 518 557 188.75688590363004
0 562 559 266.0781947706324
0 525 565 401.11064882225025
0 535 569 256.9054962245623
0 598 573 221.8380094311344
0 563 579 437.4479800623075
0 612 580 307.4293241873508
0 582 581 239.24803756960094
0 597 584 240.41807587624038
0 591 587 138.16822277204034
0 607 588 185.36957147442433

0 1098.0 69.0
0 766.0 340.0
0 841.0 340.0
0 802.0 341.0
0 784.0 342.0
0 698.0 343.0
0 797.0 344.0
0 803.0 350.0
0 820.0 354.0
0 842.0 357.0
0 859.0 366.0
0 782.0 370.0
0 792.0 370.0
0 993.0 371.0
0 807.0 374.0
0 770.0 378.0
0 808.0 379.0
0 923.0 379.0
0 978.0 379.0
0 1000.0 379.0
0 646.0 380.0
0 900.0 381.0
0 610.0 382.0
0 765.0 384.0
0 781.0 385.0
0 635.0 387.0
0 817.0 387.0
0 942.0 387.0
0 620.0 388.0
0 773.0 388.0
0 924.0 388.0
0 748.0 389.0
0 915.0 389.0
0 764.0 393.0
0 789.0 394.0
0 609.0 395.0
0 634.0 395.0
0 1008.0 395.0
0 617.0 396.0
0 896.0 396.0
0 994.0 396.0
0 744.0 397.0
0 590.0 398.0
0 778.0 398.0
0 976.0 399.0
0 934.0 401.0
0 773.0 402.0
0 967.0 402.0
0 994.0 404.0
0 902.0 405.0
0 792.0 408.0
0 1014.0 409.0
0 595.0 410.0
0 640.0 410.0
0 647.0 410.0
0 652.0 410.0
0 660.0 410.0
0 665.0 410.0
0 674.0 410.0
0 690.0 410.0
0 761.0 410.0
0 901.0 410.0
0 986.0 410.0
0 681.0 411.0
0 709.0 411.0
0 720.0 411.0
0 884.0 411.0
0 970.0 411.0
0 615.0 412.0
0 626.0 412.0
0 737.0 412.0
0 906.0 412.0
0 911.0 412.0
0 954.0 412.0
0 589.0 413.0
0 621.0 413.0
0 876.0 413.0
0 927.0 413.0
0 783.0 414.0
0 941.0 417.0
0 987.0 417.0
0 621.0 418.0
0 635.0 418.0
0 695.0 419.0
0 705.0 420.0
0 729.0 420.0
0 971.0 420.0
0 556.0 421.0
0 896.0 421.0
0 916.0 421.0
0 952.0 421.0
0 593.0 422.0
0 785.0 422.0
0 908.0 422.0
0 929.0 422.0
0 621.0 423.0
0 877.0 424.0
0 640.0 425.0
0 651.0 425.0
0 665.0 425.0
0 737.0 425.0
0 1037.0 425.0
0 674.0 426.0
0 684.0 426.0
0 693.0 426.0
0 720.0 426.0
0 756.0 426.0
0 714.0 427.0
0 725.0 427.0
0 1013.0 427.0
0 809.0 429.0
0 821.0 430.0
0 560.0 432.0
0 621.0 433.0
0 836.0 433.0
0 841.0 433.0
0 631.0 434.0
0 772.0 434.0
0 943.0 435.0
0 987.0 435.0
0 912.0 437.0
0 743.0 438.0
0 755.0 438.0
0 1040.0 438.0
0 634.0 439.0
0 860.0 439.0
0 763.0 441.0
0 903.0 441.0
0 881.0 442.0
0 740.0 443.0
0 914.0 443.0
0 587.0 445.0
0 622.0 445.0
0 850.0 446.0
0 990.0 446.0
0 925.0 447.0
0 942.0 447.0
0 960.0 447.0
0 965.0 447.0
0 689.0 448.0
0 808.0 449.0
0 842.0 449.0
0 1021.0 449.0
0 763.0 451.0
0 871.0 451.0
0 614.0 452.0
0 787.0 452.0
0 885.0 452.0
0 639.0 453.0
0 892.0 453.0
0 835.0 454.0
0 651.0 455.0
0 656.0 455.0
0 920.0 455.0
0 1028.0 455.0
0 622.0 456.0
0 645.0 456.0
0 843.0 456.0
0 560.0 457.0
0 608.0 457.0
0 757.0 459.0
0 834.0 459.0
0 596.0 460.0
0 746.0 460.0
0 940.0 460.0
0 549.0 461.0
0 764.0 461.0
0 673.0 462.0
0 782.0 462.0
0 874.0 462.0
0 898.0 462.0
0 589.0 463.0
0 736.0 463.0
0 857.0 463.0
0 822.0 464.0
0 1041.0 464.0
0 612.0 465.0
0 684.0 465.0
0 889.0 465.0
0 559.0 466.0
0 772.0 466.0
0 862.0 466.0
0 1018.0 466.0
0 725.0 467.0
0 794.0 468.0
0 810.0 468.0
0 631.0 469.0
0 653.0 469.0
0 664.0 469.0
0 738.0 469.0
0 817.0 469.0
0 1040.0 469.0
0 747.0 470.0
0 568.0 471.0
0 700.0 471.0
0 864.0 471.0
0 557.0 472.0
0 638.0 472.0
0 785.0 472.0
0 657.0 474.0
0 814.0 474.0
0 644.0 475.0
0 693.0 476.0
0 1041.0 476.0
0 548.0 477.0
0 680.0 477.0
0 738.0 477.0
0 1019.0 477.0
0 667.0 478.0
0 628.0 479.0
0 812.0 479.0
0 651.0 480.0
0 891.0 480.0
0 587.0 481.0
0 731.0 481.0
0 582.0 482.0
0 701.0 482.0
0 787.0 482.0
0 876.0 482.0
0 871.0 484.0
0 638.0 485.0
0 659.0 485.0
0 778.0 486.0
0 631.0 487.0
0 747.0 487.0
0 708.0 488.0
0 739.0 488.0
0 766.0 488.0
0 797.0 490.0
0 872.0 490.0
0 644.0 491.0
0 666.0 491.0
0 810.0 491.0
0 531.0 493.0
0 720.0 494.0
0 873.0 495.0
0 878.0 495.0
0 787.0 496.0
0 1018.0 496.0
0 577.0 497.0
0 712.0 497.0
0 1041.0 497.0
0 528.0 498.0
0 644.0 499.0
0 760.0 499.0
0 582.0 500.0
0 679.0 500.0
0 809.0 500.0
0 927.0 501.0
0 939.0 501.0
0 1005.0 501.0
0 991.0 502.0
0 1040.0 502.0
0 751.0 503.0
0 590.0 504.0
0 658.0 504.0
0 727.0 504.0
0 965.0 504.0
0 521.0 506.0
0 650.0 506.0
0 810.0 506.0
0 1027.0 506.0
0 684.0 507.0
0 879.0 507.0
0 574.0 508.0
0 672.0 509.0
0 968.0 509.0
0 666.0 510.0
0 561.0 511.0
0 812.0 511.0
0 958.0 511.0
0 731.0 512.0
0 893.0 512.0
0 537.0 513.0
0 765.0 513.0
0 759.0 514.0
0 582.0 515.0
0 691.0 515.0
0 969.0 515.0
0 974.0 515.0
0 548.0 516.0
0 554.0 516.0
0 873.0 516.0
0 979.0 516.0
0 1019.0 516.0
0 512.0 517.0
0 609.0 519.0
0 652.0 519.0
0 956.0 519.0
0 1005.0 519.0
0 530.0 520.0
0 563.0 520.0
0 585.0 520.0
0 816.0 520.0
0 573.0 521.0
0 763.0 521.0
0 872.0 521.0
0 693.0 522.0
0 985.0 522.0
0 543.0 523.0
0 751.0 523.0
0 554.0 524.0
0 956.0 524.0
0 685.0 525.0
0 603.0 526.0
0 697.0 527.0
0 871.0 527.0
0 548.0 528.0
0 894.0 528.0
0 742.0 530.0
0 824.0 530.0
0 955.0 530.0
0 962.0 530.0
0 984.0 530.0
0 503.0 531.0
0 623.0 531.0
0 866.0 531.0
0 975.0 531.0
0 935.0 532.0
0 776.0 533.0
0 610.0 534.0
0 662.0 534.0
0 831.0 535.0
0 501.0 536.0
0 860.0 536.0
0 994.0 536.0
0 907.0 537.0
0 855.0 538.0
0 954.0 538.0
0 531.0 539.0
0 840.0 539.0
0 849.0 539.0
0 942.0 540.0
0 618.0 541.0
0 662.0 541.0
0 972.0 541.0
0 607.0 542.0
0 668.0 543.0
0 963.0 543.0
0 652.0 544.0
0 1000.0 544.0
0 626.0 545.0
0 632.0 545.0
0 938.0 545.0
0 660.0 546.0
0 1040.0 547.0
0 576.0 549.0
0 910.0 549.0
0 1002.0 549.0
0 620.0 550.0
0 602.0 551.0
0 935.0 551.0
0 1039.0 552.0
0 1027.0 553.0
0 674.0 554.0
0 496.0 555.0
0 559.0 557.0
0 765.0 557.0
0 904.0 557.0
0 520.0 558.0
0 630.0 558.0
0 714.0 558.0
0 1005.0 558.0
0 933.0 559.0
0 527.0 560.0
0 695.0 561.0
0 756.0 561.0
0 783.0 561.0
0 830.0 561.0
0 636.0 563.0
0 679.0 566.0
0 860.0 566.0
0 846.0 567.0
0 699.0 568.0
0 934.0 568.0
0 894.0 569.0
0 517.0 570.0
0 876.0 570.0
0 612.0 571.0
0 810.0 571.0
0 567.0 572.0
0 577.0 572.0
0 884.0 572.0
0 1039.0 572.0
0 525.0 573.0
0 572.0 573.0
0 640.0 573.0
0 935.0 573.0
0 996.0 573.0
0 1026.0 574.0
0 790.0 575.0
0 785.0 576.0
0 601.0 577.0
0 684.0 577.0
0 764.0 577.0
0 759.0 578.0
0 1039.0 578.0
0 702.0 579.0
0 684.0 582.0
0 1039.0 583.0
0 645.0 585.0
0 891.0 585.0
0 704.0 586.0
0 944.0 586.0
0 992.0 586.0
0 515.0 588.0
0 1039.0 588.0
0 524.0 589.0
0 793.0 590.0
0 950.0 590.0
0 492.0 591.0
0 984.0 591.0
0 955.0 592.0
0 976.0 594.0
0 688.0 595.0
0 963.0 595.0
0 968.0 595.0
0 707.0 598.0
0 1039.0 604.0
0 627.0 605.0
0 597.0 606.0
0 690.0 608.0
0 563.0 609.0
0 654.0 612.0
0 520.0 613.0
0 691.0 613.0
0 564.0 614.0
0 618.0 616.0
0 710.0 616.0
0 606.0 618.0
0 975.0 618.0
0 989.0 621.0
0 495.0 622.0
0 710.0 622.0
0 693.0 624.0
0 1038.0 625.0
0 621.0 626.0
0 656.0 627.0
0 557.0 628.0
0 693.0 629.0
0 637.0 630.0
0 521.0 631.0
0 529.0 636.0
0 577.0 637.0
0 609.0 637.0
0 657.0 638.0
0 766.0 638.0
0 521.0 639.0
0 774.0 640.0
0 850.0 640.0
0 600.0 643.0
0 632.0 643.0
0 1026.0 647.0
0 532.0 649.0
0 571.0 650.0
0 610.0 650.0
0 765.0 650.0
0 526.0 651.0
0 649.0 651.0
0 789.0 656.0
0 659.0 657.0
0 586.0 658.0
0 604.0 658.0
0 622.0 658.0
0 771.0 659.0
0 983.0 659.0
0 659.0 662.0
0 652.0 663.0
0 848.0 663.0
0 769.0 665.0
0 786.0 666.0
0 544.0 669.0
0 642.0 671.0
0 510.0 672.0
0 605.0 672.0
0 590.0 675.0
0 654.0 675.0
0 537.0 678.0
0 637.0 679.0
0 632.0 681.0
0 779.0 681.0
0 542.0 682.0
0 920.0 683.0
0 651.0 684.0
0 754.0 684.0
0 610.0 685.0
0 615.0 685.0
0 759.0 685.0
0 806.0 685.0
0 550.0 688.0
0 1038.0 689.0
0 687.0 690.0
0 562.0 692.0
0 549.0 693.0
0 772.0 693.0
0 1038.0 694.0
0 685.0 696.0
0 1025.0 698.0
0 637.0 699.0
0 865.0 699.0
0 1038.0 699.0
0 571.0 700.0
0 872.0 701.0
0 877.0 702.0
0 883.0 703.0
0 1016.0 703.0
0 554.0 705.0
0 892.0 705.0
0 638.0 706.0
0 681.0 707.0
0 748.0 707.0
0 903.0 707.0
0 1037.0 707.0
0 583.0 708.0
0 839.0 708.0
0 844.0 709.0
0 623.0 711.0
0 853.0 711.0
0 535.0 712.0
0 679.0 712.0
0 596.0 713.0
0 859.0 713.0
0 563.0 714.0
0 612.0 714.0
0 617.0 714.0
0 939.0 715.0
0 951.0 716.0
0 133.0 717.0
0 569.0 717.0
0 737.0 718.0
0 981.0 718.0
0 992.0 718.0
0 674.0 719.0
0 1020.0 719.0
0 622.0 720.0
0 808.0 720.0
0 1038.0 722.0
0 578.0 723.0
0 593.0 724.0
0 607.0 724.0
0 640.0 725.0
0 76.0 727.0
0 837.0 728.0
0 942.0 732.0
0 1033.0 732.0
0 664.0 733.0
0 990.0 735.0
0 623.0 737.0
0 689.0 737.0
0 191.0 738.0
0 618.0 738.0
0 1038.0 740.0
0 569.0 741.0
0 661.0 750.0
0 939.0 752.0
0 1037.0 755.0
0 992.0 756.0
0 987.0 757.0
0 1464.0 760.0
0 566.0 761.0
0 939.0 762.0
0 1035.0 773.0
0 542.0 774.0
0 940.0 778.0
0 1019.0 779.0
0 1034.0 780.0
0 1148.0 787.0
0 531.0 790.0
0 1034.0 791.0
0 1032.0 807.0
0 1052.0 808.0
0 520.0 810.0
0 1127.0 812.0
0 637.0 815.0
0 271.0 819.0
0 514.0 823.0
0 883.0 823.0
0 615.0 827.0
0 266.0 831.0
0 1031.0 837.0
0 509.0 878.0
0 977.0 881.0
0 598.0 883.0
0 1030.0 883.0
0 738.0 889.0
0 599.0 903.0
0 1028.0 903.0
0 1101.0 918.0
0 785.0 948.0
1 915.0 17.0
1 915.0 22.0
1 908.0 358.0
1 920.0 359.0
1 967.0 360.0
1 974.0 361.0
1 980.0 361.0
1 918.0 368.0
1 904.0 369.0
1 932.0 369.0
1 954.0 370.0
1 966.0 371.0
1 978.0 372.0
1 899.0 377.0
1 963.0 380.0
1 981.0 381.0
1 992.0 382.0
1 848.0 387.0
1 815.0 389.0
1 870.0 389.0
1 810.0 390.0
1 790.0 392.0
1 801.0 392.0
1 783.0 394.0
1 877.0 394.0
1 795.0 395.0
1 839.0 396.0
1 757.0 397.0
1 1140.0 397.0
1 882.0 398.0
1 810.0 399.0
1 728.0 400.0
1 1131.0 401.0
1 1148.0 401.0
1 767.0 402.0
1 753.0 403.0
1 803.0 403.0
1 864.0 403.0
1 1074.0 403.0
1 824.0 404.0
1 844.0 405.0
1 851.0 405.0
1 880.0 405.0
1 1090.0 406.0
1 1144.0 406.0
1 705.0 407.0
1 786.0 407.0
1 756.0 408.0
1 1139.0 408.0
1 1086.0 411.0
1 796.0 412.0
1 721.0 413.0
1 740.0 413.0
1 1152.0 413.0
1 803.0 414.0
1 1081.0 414.0
1 695.0 415.0
1 704.0 415.0
1 864.0 415.0
1 911.0 415.0
1 1102.0 415.0
1 771.0 417.0
1 784.0 417.0
1 816.0 417.0
1 759.0 418.0
1 822.0 418.0
1 835.0 418.0
1 852.0 418.0
1 746.0 419.0
1 844.0 419.0
1 1070.0 419.0
1 1081.0 419.0
1 688.0 421.0
1 1118.0 421.0
1 810.0 423.0
1 1059.0 423.0
1 824.0 425.0
1 688.0 426.0
1 704.0 426.0
1 800.0 426.0
1 856.0 426.0
1 867.0 426.0
1 1152.0 426.0
1 839.0 427.0
1 1017.0 427.0
1 1047.0 429.0
1 1100.0 429.0
1 1056.0 430.0
1 1065.0 430.0
1 720.0 431.0
1 738.0 431.0
1 746.0 431.0
1 822.0 431.0
1 863.0 431.0
1 1002.0 432.0
1 772.0 433.0
1 1070.0 433.0
1 1164.0 433.0
1 1157.0 434.0
1 673.0 435.0
1 1045.0 435.0
1 1075.0 435.0
1 788.0 436.0
1 821.0 436.0
1 867.0 436.0
1 857.0 437.0
1 1098.0 438.0
1 706.0 439.0
1 1021.0 439.0
1 1036.0 439.0
1 1087.0 439.0
1 1151.0 439.0
1 697.0 440.0
1 1093.0 440.0
1 999.0 441.0
1 1046.0 441.0
1 1146.0 441.0
1 745.0 442.0
1 1116.0 442.0
1 1134.0 442.0
1 1059.0 443.0
1 1073.0 443.0
1 672.0 444.0
1 1095.0 445.0
1 1084.0 446.0
1 819.0 447.0
1 1032.0 447.0
1 1046.0 448.0
1 1146.0 448.0
1 1169.0 448.0
1 696.0 449.0
1 873.0 449.0
1 878.0 449.0
1 883.0 449.0
1 893.0 449.0
1 898.0 449.0
1 888.0 450.0
1 903.0 450.0
1 913.0 450.0
1 919.0 450.0
1 924.0 450.0
1 1105.0 450.0
1 1118.0 450.0
1 1133.0 450.0
1 787.0 451.0
1 932.0 451.0
1 939.0 451.0
1 959.0 452.0
1 965.0 452.0
1 817.0 453.0
1 973.0 453.0
1 978.0 453.0
1 908.0 454.0
1 986.0 455.0
1 996.0 455.0
1 1023.0 455.0
1 840.0 456.0
1 845.0 456.0
1 1046.0 456.0
1 1162.0 457.0
1 1175.0 457.0
1 869.0 458.0
1 932.0 458.0
1 946.0 458.0
1 852.0 459.0
1 896.0 460.0
1 1021.0 460.0
1 1095.0 460.0
1 955.0 461.0
1 1144.0 461.0
1 740.0 462.0
1 753.0 462.0
1 878.0 462.0
1 883.0 462.0
1 890.0 462.0
1 908.0 463.0
1 918.0 464.0
1 928.0 465.0
1 933.0 465.0
1 938.0 465.0
1 961.0 465.0
1 966.0 465.0
1 998.0 465.0
1 732.0 466.0
1 760.0 466.0
1 945.0 466.0
1 976.0 466.0
1 1024.0 466.0
1 1044.0 466.0
1 1138.0 466.0
1 786.0 467.0
1 781.0 468.0
1 791.0 468.0
1 850.0 468.0
1 1015.0 468.0
1 1088.0 468.0
1 710.0 469.0
1 862.0 469.0
1 986.0 469.0
1 1127.0 469.0
1 1177.0 469.0
1 722.0 470.0
1 737.0 470.0
1 840.0 470.0
1 796.0 471.0
1 1145.0 471.0
1 671.0 472.0
1 1036.0 472.0
1 696.0 473.0
1 1052.0 474.0
1 686.0 475.0
1 866.0 475.0
1 1067.0 475.0
1 1097.0 475.0
1 749.0 476.0
1 770.0 476.0
1 828.0 476.0
1 913.0 476.0
1 1045.0 476.0
1 807.0 477.0
1 1002.0 477.0
1 1015.0 477.0
1 710.0 480.0
1 725.0 480.0
1 786.0 480.0
1 1024.0 480.0
1 672.0 481.0
1 730.0 481.0
1 735.0 481.0
1 741.0 481.0
1 759.0 481.0
1 853.0 481.0
1 1034.0 481.0
1 1044.0 481.0
1 702.0 482.0
1 746.0 482.0
1 751.0 483.0
1 1110.0 483.0
1 1076.0 485.0
1 671.0 486.0
1 808.0 486.0
1 695.0 487.0
1 701.0 487.0
1 706.0 487.0
1 867.0 487.0
1 841.0 488.0
1 1136.0 489.0
1 780.0 490.0
1 786.0 490.0
1 1095.0 490.0
1 671.0 491.0
1 768.0 491.0
1 1090.0 491.0
1 802.0 492.0
1 1033.0 492.0
1 1103.0 492.0
1 998.0 493.0
1 824.0 494.0
1 1083.0 494.0
1 1110.0 494.0
1 984.0 495.0
1 672.0 496.0
1 1062.0 496.0
1 1115.0 497.0
1 795.0 498.0
1 1012.0 498.0
1 1024.0 498.0
1 710.0 500.0
1 777.0 500.0
1 741.0 502.0
1 1046.0 502.0
1 1068.0 502.0
1 694.0 503.0
1 755.0 503.0
1 768.0 503.0
1 786.0 503.0
1 1059.0 503.0
1 671.0 504.0
1 684.0 505.0
1 1066.0 507.0
1 823.0 508.0
1 1173.0 508.0
1 672.0 509.0
1 690.0 511.0
1 1012.0 511.0
1 1061.0 511.0
1 1056.0 512.0
1 1131.0 512.0
1 998.0 515.0
1 1003.0 515.0
1 1051.0 515.0
1 794.0 517.0
1 927.0 517.0
1 887.0 518.0
1 1149.0 518.0
1 997.0 520.0
1 1013.0 520.0
1 1061.0 520.0
1 879.0 521.0
1 1049.0 521.0
1 1158.0 521.0
1 673.0 522.0
1 870.0 523.0
1 1171.0 524.0
1 754.0 525.0
1 840.0 525.0
1 912.0 525.0
1 917.0 525.0
1 923.0 525.0
1 989.0 525.0
1 782.0 526.0
1 803.0 527.0
1 862.0 527.0
1 887.0 527.0
1 892.0 527.0
1 938.0 527.0
1 1129.0 527.0
1 1164.0 528.0
1 853.0 530.0
1 950.0 530.0
1 1009.0 530.0
1 756.0 531.0
1 783.0 531.0
1 793.0 531.0
1 832.0 531.0
1 1144.0 531.0
1 392.0 532.0
1 1064.0 532.0
1 804.0 533.0
1 817.0 533.0
1 826.0 533.0
1 865.0 534.0
1 986.0 534.0
1 846.0 535.0
1 964.0 535.0
1 1128.0 535.0
1 1156.0 535.0
1 773.0 537.0
1 1123.0 537.0
1 1180.0 537.0
1 822.0 538.0
1 1171.0 538.0
1 754.0 539.0
1 839.0 539.0
1 925.0 539.0
1 764.0 540.0
1 977.0 540.0
1 1030.0 540.0
1 1163.0 541.0
1 1050.0 542.0
1 1121.0 542.0
1 1071.0 543.0
1 822.0 544.0
1 832.0 545.0
1 847.0 545.0
1 984.0 545.0
1 1116.0 546.0
1 1182.0 546.0
1 753.0 547.0
1 1076.0 547.0
1 1144.0 548.0
1 993.0 549.0
1 1111.0 549.0
1 1131.0 549.0
1 764.0 550.0
1 817.0 550.0
1 1085.0 551.0
1 1091.0 552.0
1 1096.0 552.0
1 1104.0 552.0
1 755.0 553.0
1 1142.0 553.0
1 1160.0 553.0
1 783.0 554.0
1 770.0 555.0
1 793.0 555.0
1 813.0 556.0
1 1001.0 556.0
1 698.0 557.0
1 804.0 557.0
1 884.0 557.0
1 1180.0 558.0
1 755.0 559.0
1 825.0 559.0
1 1140.0 560.0
1 675.0 562.0
1 1168.0 563.0
1 1178.0 563.0
1 1039.0 564.0
1 1010.0 565.0
1 1059.0 566.0
1 820.0 569.0
1 902.0 569.0
1 1090.0 569.0
1 882.0 570.0
1 929.0 570.0
1 1122.0 570.0
1 804.0 571.0
1 890.0 571.0
1 1105.0 571.0
1 755.0 572.0
1 946.0 572.0
1 912.0 573.0
1 561.0 574.0
1 1144.0 575.0
1 886.0 576.0
1 957.0 577.0
1 1165.0 577.0
1 874.0 578.0
1 801.0 580.0
1 755.0 583.0
1 782.0 583.0
1 793.0 583.0
1 675.0 584.0
1 907.0 584.0
1 445.0 585.0
1 893.0 587.0
1 1046.0 587.0
1 805.0 589.0
1 853.0 590.0
1 982.0 590.0
1 972.0 591.0
1 879.0 593.0
1 989.0 596.0
1 890.0 597.0
1 992.0 601.0
1 874.0 602.0
1 993.0 606.0
1 886.0 607.0
1 838.0 608.0
1 1386.0 608.0
1 676.0 611.0
1 992.0 611.0
1 1002.0 613.0
1 940.0 615.0
1 676.0 616.0
1 859.0 616.0
1 829.0 617.0
1 976.0 617.0
1 811.0 618.0
1 837.0 619.0
1 677.0 621.0
1 820.0 621.0
1 1002.0 621.0
1 885.0 622.0
1 756.0 624.0
1 796.0 624.0
1 912.0 626.0
1 701.0 630.0
1 949.0 631.0
1 795.0 632.0
1 825.0 633.0
1 834.0 633.0
1 981.0 633.0
1 677.0 634.0
1 758.0 635.0
1 868.0 636.0
1 1158.0 636.0
1 981.0 639.0
1 869.0 641.0
1 701.0 642.0
1 894.0 642.0
1 981.0 644.0
1 1009.0 644.0
1 805.0 645.0
1 970.0 645.0
1 679.0 648.0
1 947.0 648.0
1 794.0 651.0
1 828.0 653.0
1 955.0 654.0
1 701.0 656.0
1 799.0 657.0
1 943.0 657.0
1 1444.0 658.0
1 953.0 659.0
1 538.0 660.0
1 967.0 662.0
1 1004.0 662.0
1 678.0 663.0
1 924.0 663.0
1 1014.0 664.0
1 796.0 665.0
1 919.0 665.0
1 806.0 667.0
1 952.0 667.0
1 828.0 668.0
1 278.0 671.0
1 702.0 671.0
1 836.0 671.0
1 799.0 672.0
1 980.0 672.0
1 1025.0 672.0
1 1046.0 672.0
1 967.0 673.0
1 943.0 674.0
1 1153.0 674.0
1 1012.0 675.0
1 828.0 676.0
1 1001.0 676.0
1 678.0 678.0
1 1121.0 678.0
1 1153.0 679.0
1 801.0 680.0
1 928.0 681.0
1 940.0 681.0
1 950.0 681.0
1 999.0 681.0
1 1010.0 682.0
1 840.0 683.0
1 835.0 684.0
1 971.0 684.0
1 702.0 687.0
1 1040.0 687.0
1 1150.0 688.0
1 678.0 689.0
1 1006.0 690.0
1 919.0 692.0
1 1119.0 692.0
1 541.0 695.0
1 958.0 695.0
1 991.0 695.0
1 919.0 697.0
1 924.0 697.0
1 811.0 698.0
1 1150.0 700.0
1 851.0 703.0
1 982.0 704.0
1 995.0 705.0
1 975.0 711.0
1 869.0 712.0
1 988.0 713.0
1 711.0 714.0
1 824.0 715.0
1 877.0 717.0
1 1147.0 717.0
1 345.0 718.0
1 680.0 719.0
1 864.0 719.0
1 982.0 719.0
1 882.0 720.0
1 477.0 721.0
1 958.0 721.0
1 949.0 724.0
1 944.0 725.0
1 896.0 726.0
1 936.0 726.0
1 837.0 727.0
1 878.0 727.0
1 972.0 728.0
1 960.0 730.0
1 1145.0 731.0
1 891.0 732.0
1 919.0 732.0
1 952.0 732.0
1 478.0 733.0
1 941.0 735.0
1 946.0 735.0
1 920.0 737.0
1 855.0 739.0
1 887.0 740.0
1 442.0 741.0
1 839.0 743.0
1 1146.0 743.0
1 462.0 744.0
1 903.0 744.0
1 470.0 746.0
1 477.0 755.0
1 922.0 757.0
1 492.0 759.0
1 336.0 765.0
1 1321.0 766.0
1 1137.0 768.0
1 1142.0 768.0
1 396.0 769.0
1 1332.0 776.0
1 455.0 778.0
1 614.0 778.0
1 317.0 781.0
1 635.0 784.0
1 569.0 785.0
1 892.0 785.0
1 1162.0 787.0
1 629.0 788.0
1 537.0 789.0
1 941.0 789.0
1 1048.0 791.0
1 357.0 792.0
1 560.0 792.0
1 149.0 796.0
1 334.0 798.0
1 1370.0 798.0
1 495.0 799.0
1 527.0 799.0
1 568.0 802.0
1 432.0 804.0
1 470.0 804.0
1 977.0 804.0
1 1023.0 807.0
1 548.0 810.0
1 528.0 825.0
1 655.0 831.0
1 463.0 834.0
1 502.0 834.0
1 248.0 836.0
1 766.0 837.0
1 388.0 842.0
1 1139.0 848.0
1 343.0 852.0
1 788.0 853.0
1 1267.0 863.0
1 1124.0 865.0
1 794.0 870.0
1 236.0 878.0
1 590.0 885.0
1 225.0 886.0
1 111.0 890.0
1 418.0 950.0
1 416.0 962.0
1 917.0 975.0
1 1037.0 988.0
