0 0 1 378.11764430128585
0 3 3 430.11579354118066
0 4 5 234.47874991186373
0 7 6 178.90283228424636
0 9 7 352.4343114553226
0 13 8 481.7095775405119
0 10 9 163.48740046491528
0 8 10 280.22780053823357
0 12 12 135.4554330557866
0 17 15 149.07226655345482
0 20 16 240.140231959853
0 35 17 218.75403468022384
0 27 18 145.27792217058717
0 29 19 154.43744420504817
0 16 21 132.98328143376912
0 18 22 385.3511043817878
0 11 24 311.20497862197533
0 24 26 144.36981326908182
0 48 27 133.93422674356736
0 28 28 150.42181582266144
0 79 29 305.0201595785587
0 15 31 336.2246369303649
0 33 32 396.6722236789249
0 21 34 361.40194230848147
0 23 35 255.23258087065793
0 38 36 142.49992631752127
0 39 37 147.29239037450432
0 26 39 239.24781580622388
0 84 41 365.1577757504797
0 43 43 168.95234280016197
0 98 44 213.695369753381
0 53 47 481.06088372616813
0 36 48 221.14970397864644
0 42 49 126.6538487002351
0 58 50 147.66961476920068
0 59 51 397.8163419625749
0 92 52 245.07819079786114
0 96 53 135.1690259777875
0 56 54 130.5243788502037
0 50 56 146.0335095455872
0 47 57 234.97302298769037
0 108 60 110.19209577452872
0 61 62 143.7633006333233
0 65 63 293.70591273141054
0 62 65 123.16808280852796
0 49 66 113.60044656852794
0 51 67 174.6664181924752
0 55 68 122.40868770193399
0 57 69 142.3371394616218
0 106 70 139.05754232613577
0 125 73 433.20283880153323
0 70 74 148.64368042578332
0 117 75 129.70101969030483
0 115 78 163.6673341590898
0 66 79 126.65947099345209
0 120 80 142.80118750634648
0 54 81 193.67507842371734
0 64 82 157.96840390128065
0 68 83 150.13509926758067
0 109 86 214.07027238008448
0 63 87 122.0845902807451
0 72 88 352.29318344459637
0 110 90 137.65141501732415
0 60 92 184.37123098548489
0 118 93 165.70449925825548
0 75 94 148.19067408002087
0 141 96 208.7278000961576
0 67 98 131.07960876166484
0 78 99 136.9314910624725
0 86 100 472.57813163484946
0 83 101 159.25383179131438
0 135 103 145.3801307425149
0 71 105 111.24921505893275
0 131 107 162.45307275590434
0 129 108 206.65738114381918
0 147 110 293.1607766170552
0 162 111 125.28278994169202
0 77 112 197.20964348265608
0 158 114 129.31690689842128
0 155 115 145.06395070189143
0 88 116 108.65705187946367
0 80 117 159.82430507996972
0 137 119 158.9519632451174
0 146 122 174.05574650456117
0 161 123 152.00194319348194
0 104 124 118.88053209495666
0 102 125 175.80900494767556
0 151 126 119.57816542357438
0 192 128 177.8083005954917
0 85 130 148.13437151731543
0 138 131 117.51390648543453
0 181 132 110.68272822122537
0 194 133 255.62136163816797
0 202 134 250.4829240238951
0 89 135 161.55142838819836
0 95 136 114.41572521156954
0 207 138 197.22016832090296
0 100 139 169.0911214748402
0 212 140 194.37209827174763
0 213 141 273.2113432788668
0 111 142 154.15535539394838
0 173 143 110.15043149958457
0 112 144 121.5457828025038
0 189 145 112.35145617050468
0 220 148 346.58868022518783
0 99 149 106.96482715077535
0 222 151 144.152375270105
0 232 152 210.42607187731957
0 116 153 108.82240136430671
0 169 154 111.23759765155572
0 235 155 169.23849307555452
0 119 156 112.80419744279261
0 242 157 192.32335126432892
0 243 158 328.67066602606394
0 130 160 412.882394879015
0 211 161 220.46176006166593
0 140 162 201.17694853859908
0 142 163 139.07623960661587
0 148 165 267.54931127710535
0 150 166 356.71863900525744
0 157 169 398.09834969394376
0 165 171 434.2567674119301
0 246 173 174.30183802594414
0 266 174 194.55774140121983
0 172 176 459.7679704767924
0 176 177 335.1770999692737
0 121 178 148.09940513833084
0 126 179 167.08736912637247
0 258 180 187.08293542805836
0 128 181 207.78639679841908
0 188 182 340.94533737292574
0 191 183 374.5152119593309
0 197 184 291.67996945718704
0 206 187 266.157003006344
0 270 190 152.42669403413035
0 219 192 113.00307341232288
0 227 193 242.75946691129923
0 153 195 166.83818316681388
0 164 196 112.02919065043402
0 240 197 125.21566342176409
0 127 198 110.92783456077255
0 132 199 233.9203738439202
0 149 200 164.92087595970781
0 160 201 288.8151046788495
0 195 204 301.12952180935287
0 253 205 107.65109891960805
0 205 210 165.46715291968295
0 139 212 200.1346062956715
0 190 217 211.71393836360625
0 136 220 163.01953731498025
0 183 221 128.27758309091243
0 200 222 224.97233138774172
0 279 223 166.60826796167333
0 290 224 181.09948869224903
0 215 226 238.05225617481324
0 277 227 160.35515672299718
0 291 228 180.84277013883116
0 175 229 151.2920664893785
0 218 230 312.2124059148202
0 225 231 240.65033420159216
0 239 232 154.36359763668574
0 245 233 179.9465326389548
0 252 234 109.2938581968068
0 226 236 213.29548468921868
0 231 237 242.8942334970101
0 234 238 253.55712934163952
0 264 239 148.1368435877139
0 134 240 190.11427559993953
0 187 242 334.0155974137567
0 229 243 219.12131095469678
0 199 244 147.8580859141627
0 262 245 201.63312677731446
0 163 248 179.23207996060086
0 168 249 215.805834104472
0 171 250 230.63532291828767
0 180 251 145.25139587417584
0 182 252 108.47405025975053
0 282 254 207.11749356122507
0 210 259 381.9655914379976
0 223 260 143.07436300236878
0 300 261 182.66605608190548
0 152 262 234.1710268135424
0 159 263 189.74458267360325
0 179 265 126.3113451379002
0 323 267 263.3016426989193
0 271 272 117.15013430510064
0 276 273 302.3931686014419
0 293 274 210.6810938097073
0 214 275 154.01553832176174
0 174 277 181.5400090547013
0 299 279 317.943628412693
0 233 280 305.7421358793718
0 336 281 234.89729063737664
0 250 282 129.2283257263656
0 251 283 158.7815966766551
0 248 284 236.5780122767418
0 269 285 169.46453452044184
0 217 287 129.25125374490227
0 257 288 283.30725083801013
0 318 289 144.58434453599813
0 327 290 227.95486614260957
0 230 291 184.72553026566135
0 346 293 268.70202990983296
0 249 295 285.41327614820716
0 254 296 274.40335580008804
0 312 297 115.8916753864641
0 344 298 181.62044662444393
0 355 299 192.31821451395197
0 286 301 363.75047779984203
0 350 303 239.6380721817375
0 373 304 216.1615564256278
0 292 305 276.2568851329867
0 281 306 265.9136795745753
0 284 307 332.2048309370058
0 343 308 164.91025791113282
0 306 310 268.58930395330447
0 329 311 154.9357773290236
0 334 313 111.72388460350551
0 390 314 220.40015835186892
0 228 315 178.16483555460405
0 247 316 173.45696933003484
0 345 317 138.53641796189024
0 408 318 306.7333474476026
0 326 319 181.6834038781874
0 349 320 191.91441804706687
0 307 321 257.0215603031581
0 308 322 340.1746411454149
0 333 323 124.6053891638304
0 311 324 230.43437563588566
0 316 325 301.59682289266044
0 322 326 227.9787795078021
0 404 327 204.39452935832492
0 403 328 181.07273068128208
0 412 329 198.01926629359374
0 330 331 187.03012866419155
0 304 332 281.8907320772889
0 364 333 207.00019833613564
0 392 334 366.8765696115657
0 381 335 177.61025864154303
0 363 336 122.3551781347249
0 426 337 148.98727785623058
0 414 338 203.4550039712445
0 342 339 174.48926380144778
0 369 341 164.55906203425025
0 280 342 291.3516374664664
0 305 344 405.49547207184986
0 437 345 125.54885102242011
0 298 347 409.9405328767366
0 384 349 121.43263915608986
0 301 350 353.3490485319523
0 391 351 218.1255343938533
0 427 352 146.02487917874097
0 366 354 130.53782494275964
0 449 356 239.44480120535792
0 370 358 375.59936285270055
0 339 361 396.35421188553573
0 386 362 164.17508391149906
0 314 365 457.3317393122707
0 383 367 139.22958078883906
0 417 368 243.41367873826957
0 445 369 119.85897730181534
0 309 370 336.6706178850727
0 441 372 219.14240493969905
0 325 374 438.32600393605253
0 462 376 130.67278443474058
0 368 377 465.11172608024907
0 389 379 339.0970054160433
0 423 380 223.26031988479028
0 328 383 329.0197272016994
0 395 386 273.9348180027246
0 401 392 289.0476521921304
0 418 393 243.28161605240672
0 440 394 197.53715768918528
0 465 395 245.06791647698628
0 358 402 468.20073432922504
0 385 403 230.93950782864115
0 446 405 173.64763181090092
0 420 406 295.97333610420696
0 394 408 306.64647728013176
0 416 409 364.7321170897417
0 422 412 402.74451840188317
0 467 413 234.8085925934427
0 484 414 140.91928554329704
0 365 415 415.52027629005875
0 439 416 173.39668013246066
0 513 418 209.7646782434807
0 428 421 160.09478267773278
0 360 423 310.94390006332037
0 463 426 131.36073705758713
0 480 427 242.49104780598074
0 443 431 234.9506140223673
0 444 432 192.1770503212856
0 477 433 147.6078631210501
0 487 436 230.5346075026046
0 491 438 216.24960066777822
0 496 440 220.47668055781972
0 499 441 241.57009758646834
0 442 442 215.66119480188271
0 518 443 132.5219453816298
0 371 444 152.09677716182563
0 398 447 245.70959833873923
0 393 449 216.8538806644301
0 424 450 203.89087864693155
0 549 451 332.59856106436513
0 461 455 386.7405729597202
0 483 456 317.7238862147636
0 511 457 104.29947395869566
0 536 458 140.6920143278091
0 464 459 244.48455582659437
0 530 463 115.35335681028458
0 542 465 104.1189993409874
0 548 466 163.98919172950704
0 562 467 219.84973699157783
0 450 473 230.70573015216453
0 482 474 386.6752818755526
0 455 476 289.2268896002576
0 502 477 378.05020587213
0 451 479 338.0437478629491
0 436 481 140.67430732609648
0 476 482 341.98610710792775
0 495 483 359.53732425983134
0 494 484 322.7697703077374
0 501 486 229.70418761484973
0 564 488 263.821430242208
0 466 489 235.32711478532934
0 504 490 193.96120987599798
0 486 493 277.2056438058257
0 488 494 158.74789763697945
0 545 495 305.8471156000438
0 505 497 282.03727914270644
0 526 499 325.57255359933805
0 515 500 114.00520678458493
0 485 502 206.00645295210006
0 557 503 244.3845552755802
0 563 504 340.10033813975394
0 516 506 205.15713419337948
0 573 507 456.1782990589966
0 570 508 273.4803591239743
0 500 511 165.2455880084681
0 541 513 112.04126580892124
0 534 514 204.4360479341953
0 544 515 109.62759247262743
0 559 516 180.34451733712285
0 565 517 457.9938546844365
0 556 521 241.9214461170428
0 583 525 221.46312680471908
0 555 528 120.7276928649895
0 558 530 117.66423406808771
0 552 535 175.96391365052088
0 597 536 212.1848996159676
0 579 537 220.46700373404033
0 580 538 477.54992744121205
0 578 543 113.15491009234108
0 576 545 110.23261100813872
0 590 551 412.69303150086165
0 607 552 403.886864505369
0 589 553 296.4722430839644
0 594 555 349.3736469416195
0 604 556 260.07306661602826
0 572 558 157.73137499618065
0 630 559 382.70323191535516
0 582 560 220.2715632311533
0 623 561 115.24015451886773
0 666 562 151.73914407996588
0 591 564 147.75553972659102
0 603 566 258.39268328575713
0 615 567 321.22762246274465
0 665 569 113.7755401674636
0 675 570 218.2699496289088
0 584 572 161.83493781970236
0 619 573 179.92860432239203
0 585 574 142.68371195015345
0 600 575 113.15906957557564
0 622 576 262.8590587833466
0 633 577 145.55209052864305
0 612 578 212.477702286566
0 629 579 353.69361255732133
0 684 581 157.31480023753036
0 637 583 355.3150439261754
0 650 584 114.00956072397075
0 683 585 112.0104396631892
0 652 587 253.50224703269672
0 599 589 201.1897950107804
0 645 591 299.8025227976181
0 739 592 235.53548289276583
0 634 594 260.28273443373524
0 614 597 141.8612819657288
0 659 601 174.21982672323486
0 664 602 400.21407133794946
0 571 603 154.5856058946141
0 649 604 185.87859382443855
0 621 605 208.07253237952997
0 648 606 201.2569611165929
0 661 607 126.39472374930575
0 625 608 167.86263796186145
0 671 609 209.21028405507585
0 655 613 180.8462204952387
0 638 614 221.22100104873255
0 715 616 267.48349294793803
0 670 617 240.80988127380283
0 676 618 161.6278607122382
0 681 619 142.689561113415
0 646 621 140.11650975829565
0 653 622 130.29585406368798
0 620 624 163.8531850609854
0 690 626 254.83905830304465
0 587 627 114.20500095334114
0 657 628 208.32807356318872
0 662 629 219.84344234992145
0 698 630 145.94642651160953
0 674 632 315.7619595396262
0 704 633 302.24697928057606
0 669 635 188.85041589443335
0 673 636 203.62582073730607
0 680 637 335.61402703341486
0 708 638 135.2518092326693
0 705 639 151.34654927634784
0 677 640 283.20297307808653
0 692 642 132.23953041659212
0 706 645 201.93042859924893
0 688 646 231.10209568484345
0 602 648 111.07450237747484
0 682 649 190.40676408001136
0 710 650 200.38842150374063
0 701 651 149.89318561669347
0 703 652 289.94714499408644
0 713 653 185.58475147261822
0 709 657 193.0587876404842
0 712 658 178.37811228692212
0 755 661 114.51407838854276
0 719 666 193.7593142322855
0 732 667 251.8648069213966
0 730 668 288.10369607537825
0 722 670 247.5035647238863
0 749 673 108.8479876357233
0 744 674 106.94570145265033
0 616 676 151.105196395498
0 687 680 112.42262374822802
0 695 681 185.95342102451403
0 702 683 109.97577640508847
0 686 684 135.585065420952
0 707 687 107.78582422328809
0 802 688 109.20186163442432
0 685 689 111.26146944288213
0 714 692 252.92582201906743
0 775 693 204.36197634744912
0 699 696 110.90652505647387
0 696 698 118.51127679228428
0 691 702 141.8692592290993
0 694 703 118.10977513531552
0 711 705 111.10925236032101
0 736 706 116.96381544341696
0 782 708 398.75414997141354
0 789 712 196.94351173569598
0 727 714 148.96717010771633
0 827 719 113.13187438228209
0 721 722 144.81515007471128
0 678 728 151.32294708040305
0 776 729 143.58188589387964
0 804 731 110.50548709950509
0 725 732 157.80616419041692
0 729 733 146.8552701604997
0 717 736 122.72177100955113
0 820 737 106.42802533483449
0 800 744 379.15327893757996
0 805 745 127.98821397596214
0 718 746 135.895361675701
0 814 747 107.60398318816036
0 720 749 281.9089918014386
0 828 751 123.76682739106029
0 808 753 461.80171779934784
0 728 756 178.47357854863927
0 773 757 108.505865592345
0 734 758 123.02685128938575
0 724 767 200.118958137602
0 758 773 142.92660020868362
0 757 777 197.83314356437978
0 823 782 472.53214484077137
0 752 793 224.95774638066996

0 1426.0 217.0
0 912.0 331.0
0 927.0 331.0
0 977.0 333.0
0 991.0 334.0
0 926.0 341.0
0 939.0 343.0
0 976.0 343.0
0 962.0 344.0
0 909.0 349.0
0 900.0 350.0
0 943.0 351.0
0 955.0 352.0
0 990.0 352.0
0 978.0 353.0
0 927.0 354.0
0 972.0 354.0
0 1003.0 355.0
0 944.0 356.0
0 954.0 358.0
0 855.0 360.0
0 905.0 360.0
0 866.0 363.0
0 787.0 365.0
0 814.0 365.0
0 871.0 365.0
0 827.0 366.0
0 992.0 366.0
0 850.0 367.0
0 1011.0 368.0
0 800.0 369.0
0 770.0 371.0
0 872.0 374.0
0 882.0 374.0
0 719.0 375.0
0 727.0 375.0
0 806.0 375.0
0 841.0 375.0
0 714.0 376.0
0 751.0 377.0
0 796.0 378.0
0 1094.0 378.0
0 790.0 379.0
0 825.0 379.0
0 1150.0 379.0
0 884.0 381.0
0 1169.0 382.0
0 891.0 383.0
0 699.0 384.0
0 763.0 385.0
0 803.0 385.0
0 868.0 385.0
0 1089.0 385.0
0 1107.0 386.0
0 825.0 387.0
0 832.0 387.0
0 752.0 388.0
0 789.0 388.0
0 850.0 388.0
0 889.0 388.0
0 1158.0 388.0
0 686.0 389.0
0 845.0 389.0
0 855.0 389.0
0 879.0 389.0
0 837.0 391.0
0 716.0 392.0
0 736.0 393.0
0 767.0 393.0
0 776.0 393.0
0 1097.0 394.0
0 797.0 395.0
0 1103.0 395.0
0 1173.0 395.0
0 802.0 396.0
0 1086.0 397.0
0 868.0 398.0
0 684.0 399.0
0 1161.0 399.0
0 784.0 400.0
0 1122.0 400.0
0 697.0 401.0
0 755.0 401.0
0 768.0 401.0
0 837.0 402.0
0 854.0 402.0
0 1029.0 402.0
0 742.0 403.0
0 846.0 403.0
0 1015.0 403.0
0 1039.0 403.0
0 1098.0 403.0
0 681.0 404.0
0 1069.0 404.0
0 810.0 405.0
0 918.0 405.0
0 1174.0 405.0
0 670.0 406.0
0 698.0 406.0
0 799.0 408.0
0 865.0 408.0
0 825.0 409.0
0 842.0 410.0
0 1078.0 410.0
0 1053.0 411.0
0 715.0 412.0
0 735.0 412.0
0 1060.0 412.0
0 1071.0 412.0
0 1184.0 412.0
0 1083.0 414.0
0 1120.0 415.0
0 743.0 416.0
0 824.0 416.0
0 1107.0 416.0
0 1178.0 416.0
0 770.0 417.0
0 666.0 418.0
0 873.0 418.0
0 1033.0 419.0
0 1186.0 419.0
0 787.0 420.0
0 1049.0 420.0
0 1095.0 420.0
0 821.0 421.0
0 868.0 421.0
0 1060.0 421.0
0 860.0 422.0
0 1101.0 423.0
0 1171.0 423.0
0 691.0 424.0
0 1015.0 426.0
0 1075.0 426.0
0 1116.0 426.0
0 1166.0 426.0
0 664.0 427.0
0 742.0 427.0
0 814.0 427.0
0 1089.0 428.0
0 787.0 429.0
0 1138.0 429.0
0 1153.0 429.0
0 872.0 430.0
0 1046.0 430.0
0 821.0 431.0
0 1059.0 431.0
0 1191.0 431.0
0 854.0 432.0
0 1114.0 432.0
0 690.0 433.0
0 1086.0 433.0
0 1101.0 433.0
0 1166.0 435.0
0 786.0 437.0
0 1013.0 437.0
0 1122.0 437.0
0 817.0 438.0
0 1138.0 438.0
0 1153.0 438.0
0 842.0 442.0
0 850.0 442.0
0 1036.0 442.0
0 883.0 443.0
0 877.0 444.0
0 890.0 444.0
0 895.0 444.0
0 903.0 444.0
0 1196.0 444.0
0 908.0 445.0
0 915.0 445.0
0 921.0 445.0
0 926.0 445.0
0 932.0 445.0
0 1081.0 445.0
0 1181.0 445.0
0 937.0 446.0
0 942.0 446.0
0 948.0 446.0
0 737.0 447.0
0 749.0 447.0
0 1114.0 447.0
0 742.0 448.0
0 969.0 448.0
0 976.0 448.0
0 981.0 448.0
0 1109.0 448.0
0 888.0 449.0
0 990.0 449.0
0 883.0 450.0
0 915.0 450.0
0 1164.0 450.0
0 758.0 451.0
0 1009.0 451.0
0 998.0 452.0
0 786.0 453.0
0 791.0 453.0
0 874.0 453.0
0 1038.0 453.0
0 704.0 454.0
0 728.0 454.0
0 781.0 454.0
0 856.0 454.0
0 902.0 454.0
0 931.0 454.0
0 936.0 454.0
0 1059.0 454.0
0 716.0 455.0
0 721.0 455.0
0 733.0 455.0
0 941.0 455.0
0 956.0 455.0
0 1157.0 455.0
0 760.0 456.0
0 844.0 456.0
0 889.0 456.0
0 1003.0 456.0
0 676.0 457.0
0 896.0 457.0
0 966.0 457.0
0 1198.0 457.0
0 690.0 458.0
0 883.0 458.0
0 915.0 459.0
0 1144.0 459.0
0 1150.0 459.0
0 703.0 460.0
0 926.0 460.0
0 1106.0 460.0
0 1164.0 460.0
0 770.0 461.0
0 937.0 461.0
0 947.0 461.0
0 989.0 461.0
0 1002.0 461.0
0 1011.0 461.0
0 835.0 462.0
0 955.0 462.0
0 971.0 462.0
0 980.0 462.0
0 1050.0 462.0
0 667.0 463.0
0 807.0 463.0
0 844.0 463.0
0 854.0 463.0
0 865.0 464.0
0 1030.0 464.0
0 706.0 465.0
0 719.0 465.0
0 727.0 466.0
0 735.0 466.0
0 743.0 466.0
0 758.0 466.0
0 784.0 467.0
0 1040.0 467.0
0 1061.0 467.0
0 665.0 468.0
0 748.0 468.0
0 800.0 468.0
0 1092.0 468.0
0 830.0 469.0
0 870.0 469.0
0 1115.0 469.0
0 688.0 471.0
0 697.0 471.0
0 335.0 472.0
0 702.0 472.0
0 809.0 472.0
0 1145.0 472.0
0 664.0 473.0
0 837.0 473.0
0 1059.0 473.0
0 1154.0 473.0
0 1015.0 474.0
0 1028.0 474.0
0 1047.0 475.0
0 767.0 476.0
0 781.0 477.0
0 664.0 478.0
0 803.0 479.0
0 1093.0 479.0
0 827.0 480.0
0 1130.0 480.0
0 844.0 481.0
0 871.0 481.0
0 773.0 484.0
0 941.0 484.0
0 1156.0 484.0
0 706.0 485.0
0 795.0 485.0
0 1046.0 485.0
0 1082.0 485.0
0 738.0 487.0
0 1110.0 488.0
0 1115.0 488.0
0 752.0 489.0
0 783.0 489.0
0 788.0 489.0
0 1010.0 489.0
0 1104.0 489.0
0 1120.0 489.0
0 689.0 490.0
0 928.0 490.0
0 936.0 490.0
0 1079.0 490.0
0 1127.0 490.0
0 948.0 491.0
0 903.0 492.0
0 915.0 492.0
0 1095.0 492.0
0 808.0 493.0
0 962.0 493.0
0 1025.0 493.0
0 825.0 494.0
0 1038.0 494.0
0 1134.0 494.0
0 667.0 495.0
0 687.0 495.0
0 1060.0 496.0
0 1192.0 497.0
0 982.0 498.0
0 1074.0 498.0
0 938.0 499.0
0 953.0 499.0
0 995.0 499.0
0 933.0 500.0
0 944.0 500.0
0 1009.0 500.0
0 1154.0 501.0
0 1143.0 502.0
0 1171.0 502.0
0 794.0 503.0
0 968.0 503.0
0 885.0 504.0
0 1082.0 504.0
0 1148.0 504.0
0 1071.0 506.0
0 1024.0 507.0
0 1143.0 507.0
0 1167.0 507.0
0 986.0 509.0
0 1007.0 509.0
0 1063.0 509.0
0 835.0 510.0
0 872.0 510.0
0 920.0 510.0
0 1175.0 510.0
0 752.0 511.0
0 849.0 511.0
0 940.0 511.0
0 1053.0 511.0
0 782.0 512.0
0 1077.0 512.0
0 1164.0 512.0
0 864.0 513.0
0 1015.0 513.0
0 925.0 514.0
0 1189.0 514.0
0 914.0 515.0
0 934.0 515.0
0 822.0 516.0
0 858.0 517.0
0 896.0 518.0
0 1025.0 518.0
0 783.0 519.0
0 919.0 519.0
0 794.0 520.0
0 853.0 520.0
0 1008.0 520.0
0 1076.0 520.0
0 1161.0 520.0
0 805.0 521.0
0 904.0 521.0
0 1148.0 521.0
0 669.0 522.0
0 820.0 522.0
0 890.0 522.0
0 1174.0 522.0
0 914.0 525.0
0 923.0 525.0
0 934.0 525.0
0 1077.0 525.0
0 1199.0 525.0
0 844.0 526.0
0 858.0 526.0
0 904.0 526.0
0 909.0 526.0
0 993.0 526.0
0 894.0 527.0
0 899.0 527.0
0 763.0 528.0
0 885.0 529.0
0 958.0 529.0
0 963.0 530.0
0 1011.0 530.0
0 1079.0 530.0
0 1186.0 530.0
0 876.0 531.0
0 837.0 532.0
0 1023.0 532.0
0 751.0 533.0
0 1144.0 533.0
0 818.0 534.0
0 867.0 534.0
0 906.0 534.0
0 921.0 535.0
0 1081.0 535.0
0 981.0 536.0
0 1064.0 536.0
0 933.0 537.0
0 942.0 537.0
0 1200.0 537.0
0 832.0 538.0
0 948.0 538.0
0 1139.0 538.0
0 1162.0 538.0
0 859.0 539.0
0 1043.0 539.0
0 991.0 540.0
0 1177.0 540.0
0 783.0 541.0
0 769.0 542.0
0 961.0 542.0
0 794.0 543.0
0 805.0 543.0
0 851.0 543.0
0 883.0 543.0
0 1088.0 543.0
0 1134.0 543.0
0 900.0 544.0
0 827.0 545.0
0 869.0 545.0
0 973.0 545.0
0 999.0 545.0
0 1095.0 546.0
0 670.0 547.0
0 843.0 547.0
0 1127.0 547.0
0 821.0 549.0
0 1103.0 549.0
0 1110.0 549.0
0 1120.0 549.0
0 1115.0 550.0
0 991.0 551.0
0 1157.0 551.0
0 670.0 552.0
0 816.0 552.0
0 836.0 552.0
0 850.0 552.0
0 1194.0 552.0
0 864.0 553.0
0 934.0 553.0
0 1184.0 553.0
0 830.0 557.0
0 804.0 558.0
0 814.0 558.0
0 990.0 558.0
0 1034.0 558.0
0 1072.0 560.0
0 1157.0 560.0
0 1006.0 561.0
0 784.0 563.0
0 794.0 563.0
0 812.0 563.0
0 1106.0 563.0
0 824.0 564.0
0 1139.0 565.0
0 1160.0 565.0
0 1180.0 567.0
0 754.0 568.0
0 780.0 569.0
0 785.0 569.0
0 793.0 570.0
0 818.0 570.0
0 829.0 570.0
0 1016.0 571.0
0 809.0 572.0
0 891.0 573.0
0 953.0 573.0
0 822.0 575.0
0 877.0 577.0
0 909.0 583.0
0 672.0 584.0
0 890.0 585.0
0 939.0 585.0
0 899.0 586.0
0 1059.0 586.0
0 920.0 587.0
0 957.0 587.0
0 1060.0 591.0
0 848.0 592.0
0 881.0 592.0
0 967.0 593.0
0 914.0 595.0
0 843.0 596.0
0 866.0 596.0
0 981.0 596.0
0 991.0 596.0
0 810.0 597.0
0 901.0 597.0
0 955.0 598.0
0 858.0 603.0
0 887.0 603.0
0 674.0 604.0
0 983.0 605.0
0 994.0 606.0
0 1174.0 607.0
0 877.0 610.0
0 975.0 613.0
0 1002.0 613.0
0 958.0 614.0
0 699.0 615.0
0 675.0 616.0
0 996.0 617.0
0 838.0 620.0
0 820.0 621.0
0 846.0 621.0
0 872.0 622.0
0 910.0 622.0
0 944.0 624.0
0 957.0 624.0
0 699.0 626.0
0 865.0 626.0
0 986.0 626.0
0 1004.0 626.0
0 949.0 627.0
0 1014.0 627.0
0 1252.0 628.0
0 958.0 629.0
0 834.0 630.0
0 678.0 631.0
0 842.0 631.0
0 988.0 631.0
0 814.0 632.0
0 891.0 633.0
0 101.0 634.0
0 797.0 634.0
0 1015.0 636.0
0 888.0 638.0
0 920.0 638.0
0 700.0 639.0
0 961.0 640.0
0 902.0 643.0
0 951.0 643.0
0 838.0 644.0
0 991.0 644.0
0 829.0 645.0
0 937.0 645.0
0 533.0 647.0
0 677.0 647.0
0 795.0 648.0
0 991.0 649.0
0 910.0 650.0
0 957.0 650.0
0 889.0 652.0
0 918.0 652.0
0 924.0 653.0
0 986.0 653.0
0 701.0 655.0
0 808.0 657.0
0 1063.0 658.0
0 862.0 659.0
0 1021.0 659.0
0 1164.0 660.0
0 955.0 661.0
0 831.0 664.0
0 910.0 664.0
0 923.0 664.0
0 929.0 664.0
0 934.0 664.0
0 1133.0 664.0
0 1162.0 665.0
0 678.0 666.0
0 797.0 666.0
0 964.0 666.0
0 808.0 667.0
0 861.0 668.0
0 975.0 669.0
0 1017.0 671.0
0 896.0 672.0
0 1006.0 672.0
0 1038.0 672.0
0 1161.0 672.0
0 1060.0 673.0
0 979.0 677.0
0 1025.0 677.0
0 1127.0 677.0
0 809.0 678.0
0 1005.0 678.0
0 679.0 679.0
0 832.0 679.0
0 961.0 679.0
0 990.0 681.0
0 1463.0 681.0
0 840.0 682.0
0 952.0 683.0
0 877.0 685.0
0 1160.0 685.0
0 832.0 686.0
0 934.0 686.0
0 929.0 687.0
0 1037.0 688.0
0 1024.0 689.0
0 1054.0 689.0
0 534.0 691.0
0 958.0 691.0
0 807.0 692.0
0 948.0 692.0
0 1010.0 693.0
0 840.0 694.0
0 1022.0 695.0
0 489.0 696.0
0 957.0 696.0
0 809.0 697.0
0 946.0 697.0
0 919.0 698.0
0 924.0 698.0
0 1207.0 701.0
0 966.0 703.0
0 1018.0 703.0
0 1002.0 706.0
0 1155.0 706.0
0 820.0 712.0
0 856.0 712.0
0 1252.0 713.0
0 683.0 717.0
0 678.0 718.0
0 1007.0 719.0
0 471.0 720.0
0 827.0 720.0
0 875.0 721.0
0 984.0 721.0
0 164.0 723.0
0 883.0 725.0
0 1000.0 725.0
0 1005.0 725.0
0 833.0 727.0
0 870.0 728.0
0 889.0 729.0
0 991.0 729.0
0 966.0 730.0
0 894.0 731.0
0 839.0 732.0
0 903.0 734.0
0 944.0 735.0
0 952.0 735.0
0 957.0 735.0
0 884.0 736.0
0 890.0 738.0
0 473.0 739.0
0 847.0 739.0
0 969.0 739.0
0 897.0 740.0
0 926.0 740.0
0 961.0 741.0
0 954.0 744.0
0 972.0 744.0
0 817.0 745.0
0 926.0 745.0
0 948.0 745.0
0 935.0 746.0
0 568.0 747.0
0 1447.0 747.0
0 437.0 749.0
0 893.0 749.0
0 456.0 752.0
0 512.0 759.0
0 978.0 759.0
0 971.0 761.0
0 963.0 763.0
0 958.0 764.0
0 910.0 765.0
0 953.0 765.0
0 79.0 766.0
0 1336.0 766.0
0 1224.0 770.0
0 489.0 771.0
0 329.0 781.0
0 575.0 781.0
0 1175.0 783.0
0 1263.0 787.0
0 614.0 791.0
0 592.0 794.0
0 1107.0 796.0
0 636.0 798.0
0 569.0 800.0
0 310.0 802.0
0 190.0 805.0
0 629.0 805.0
0 1386.0 805.0
0 535.0 807.0
0 585.0 807.0
0 560.0 810.0
0 643.0 810.0
0 1234.0 810.0
0 1341.0 811.0
0 1221.0 816.0
0 525.0 820.0
0 570.0 821.0
0 492.0 822.0
0 448.0 823.0
0 138.0 824.0
0 177.0 827.0
0 429.0 827.0
0 468.0 827.0
0 638.0 830.0
0 549.0 831.0
0 760.0 832.0
0 1216.0 832.0
0 1123.0 837.0
0 1051.0 838.0
0 565.0 839.0
0 585.0 840.0
0 1201.0 840.0
0 500.0 841.0
0 608.0 841.0
0 627.0 841.0
0 556.0 845.0
0 1337.0 846.0
0 90.0 847.0
0 1360.0 847.0
0 1459.0 849.0
0 1383.0 851.0
0 529.0 852.0
0 655.0 855.0
0 423.0 858.0
0 550.0 858.0
0 1434.0 858.0
0 102.0 859.0
0 265.0 859.0
0 1079.0 859.0
0 991.0 861.0
0 1184.0 861.0
0 501.0 863.0
0 495.0 866.0
0 135.0 867.0
0 243.0 871.0
0 386.0 874.0
0 1195.0 875.0
0 1288.0 876.0
0 957.0 877.0
0 1181.0 877.0
0 947.0 882.0
0 834.0 885.0
0 752.0 887.0
0 1030.0 887.0
0 1099.0 888.0
0 339.0 889.0
0 1119.0 889.0
0 1316.0 889.0
0 287.0 890.0
0 322.0 893.0
0 1194.0 894.0
0 359.0 902.0
0 991.0 903.0
0 380.0 905.0
0 1180.0 905.0
0 315.0 909.0
0 879.0 910.0
0 364.0 913.0
0 1381.0 914.0
0 98.0 915.0
0 214.0 915.0
0 25.0 916.0
0 1173.0 916.0
0 1196.0 919.0
0 183.0 921.0
0 222.0 921.0
0 232.0 921.0
0 304.0 923.0
0 1138.0 927.0
0 87.0 929.0
0 149.0 929.0
0 659.0 929.0
0 756.0 929.0
0 905.0 934.0
0 106.0 938.0
0 1188.0 938.0
0 713.0 941.0
0 1058.0 941.0
0 1175.0 942.0
0 179.0 949.0
0 1024.0 949.0
0 887.0 951.0
0 875.0 954.0
0 1002.0 959.0
0 109.0 960.0
0 986.0 966.0
0 1088.0 967.0
0 53.0 971.0
0 1180.0 972.0
0 835.0 974.0
0 1168.0 976.0
0 27.0 981.0
0 424.0 986.0
1 820.0 310.0
1 827.0 310.0
1 832.0 313.0
1 884.0 319.0
1 822.0 320.0
1 893.0 320.0
1 898.0 321.0
1 845.0 325.0
1 792.0 327.0
1 868.0 329.0
1 802.0 330.0
1 725.0 335.0
1 852.0 335.0
1 860.0 336.0
1 898.0 336.0
1 700.0 337.0
1 792.0 337.0
1 818.0 338.0
1 759.0 339.0
1 764.0 339.0
1 871.0 339.0
1 623.0 340.0
1 628.0 340.0
1 662.0 340.0
1 724.0 340.0
1 615.0 341.0
1 642.0 341.0
1 831.0 341.0
1 747.0 343.0
1 841.0 343.0
1 676.0 344.0
1 903.0 345.0
1 700.0 346.0
1 756.0 346.0
1 884.0 347.0
1 914.0 347.0
1 600.0 348.0
1 635.0 348.0
1 692.0 348.0
1 730.0 349.0
1 860.0 349.0
1 873.0 349.0
1 645.0 351.0
1 709.0 351.0
1 721.0 351.0
1 685.0 352.0
1 773.0 352.0
1 675.0 355.0
1 851.0 355.0
1 612.0 356.0
1 637.0 356.0
1 625.0 357.0
1 899.0 357.0
1 744.0 358.0
1 598.0 360.0
1 649.0 360.0
1 706.0 360.0
1 660.0 361.0
1 684.0 361.0
1 739.0 361.0
1 586.0 364.0
1 725.0 364.0
1 716.0 365.0
1 621.0 366.0
1 636.0 366.0
1 736.0 366.0
1 669.0 368.0
1 599.0 369.0
1 648.0 369.0
1 658.0 370.0
1 684.0 373.0
1 612.0 375.0
1 727.0 377.0
1 559.0 378.0
1 685.0 378.0
1 690.0 379.0
1 885.0 379.0
1 621.0 380.0
1 680.0 380.0
1 932.0 380.0
1 567.0 381.0
1 873.0 382.0
1 668.0 383.0
1 704.0 383.0
1 995.0 383.0
1 577.0 384.0
1 719.0 384.0
1 989.0 384.0
1 647.0 385.0
1 560.0 386.0
1 884.0 386.0
1 600.0 387.0
1 987.0 389.0
1 1066.0 389.0
1 865.0 391.0
1 621.0 392.0
1 1006.0 392.0
1 893.0 393.0
1 1059.0 393.0
1 576.0 394.0
1 658.0 395.0
1 1081.0 395.0
1 708.0 396.0
1 981.0 396.0
1 690.0 397.0
1 862.0 400.0
1 990.0 400.0
1 559.0 401.0
1 1064.0 401.0
1 943.0 403.0
1 953.0 405.0
1 705.0 406.0
1 691.0 407.0
1 871.0 407.0
1 891.0 407.0
1 1074.0 407.0
1 658.0 408.0
1 980.0 408.0
1 971.0 410.0
1 686.0 411.0
1 1012.0 411.0
1 615.0 413.0
1 861.0 413.0
1 934.0 413.0
1 878.0 414.0
1 1090.0 414.0
1 629.0 415.0
1 589.0 416.0
1 624.0 416.0
1 966.0 416.0
1 697.0 417.0
1 955.0 417.0
1 608.0 418.0
1 1011.0 418.0
1 562.0 419.0
1 972.0 420.0
1 577.0 421.0
1 927.0 421.0
1 850.0 422.0
1 635.0 423.0
1 714.0 423.0
1 1079.0 423.0
1 708.0 424.0
1 719.0 424.0
1 872.0 424.0
1 863.0 425.0
1 943.0 425.0
1 985.0 425.0
1 728.0 426.0
1 650.0 427.0
1 739.0 428.0
1 952.0 428.0
1 571.0 429.0
1 665.0 429.0
1 882.0 429.0
1 1086.0 429.0
1 1095.0 429.0
1 750.0 430.0
1 1000.0 430.0
1 578.0 431.0
1 689.0 431.0
1 980.0 431.0
1 1009.0 431.0
1 607.0 432.0
1 706.0 432.0
1 759.0 432.0
1 869.0 432.0
1 875.0 432.0
1 615.0 433.0
1 843.0 433.0
1 1074.0 433.0
1 621.0 434.0
1 771.0 434.0
1 929.0 434.0
1 556.0 435.0
1 643.0 435.0
1 779.0 435.0
1 1016.0 435.0
1 1021.0 435.0
1 588.0 436.0
1 633.0 437.0
1 962.0 437.0
1 656.0 438.0
1 713.0 439.0
1 1011.0 439.0
1 1095.0 439.0
1 572.0 440.0
1 687.0 440.0
1 799.0 440.0
1 952.0 440.0
1 728.0 441.0
1 805.0 441.0
1 996.0 441.0
1 1001.0 441.0
1 1006.0 441.0
1 766.0 442.0
1 1072.0 442.0
1 814.0 443.0
1 879.0 443.0
1 699.0 444.0
1 747.0 444.0
1 821.0 444.0
1 1066.0 444.0
1 1080.0 444.0
1 1111.0 444.0
1 787.0 445.0
1 826.0 445.0
1 978.0 445.0
1 1017.0 445.0
1 1059.0 445.0
1 677.0 446.0
1 901.0 446.0
1 1035.0 446.0
1 1051.0 446.0
1 641.0 447.0
1 757.0 447.0
1 831.0 447.0
1 586.0 448.0
1 766.0 449.0
1 839.0 449.0
1 1006.0 449.0
1 771.0 450.0
1 992.0 450.0
1 706.0 451.0
1 922.0 451.0
1 780.0 452.0
1 785.0 452.0
1 830.0 452.0
1 554.0 453.0
1 695.0 453.0
1 619.0 454.0
1 800.0 454.0
1 1068.0 454.0
1 671.0 456.0
1 807.0 456.0
1 1015.0 456.0
1 1095.0 456.0
1 1111.0 456.0
1 812.0 457.0
1 819.0 457.0
1 904.0 457.0
1 1001.0 457.0
1 1034.0 457.0
1 1052.0 457.0
1 566.0 458.0
1 832.0 458.0
1 960.0 458.0
1 575.0 459.0
1 648.0 459.0
1 653.0 461.0
1 686.0 461.0
1 708.0 462.0
1 840.0 462.0
1 925.0 462.0
1 658.0 463.0
1 829.0 463.0
1 1076.0 463.0
1 665.0 464.0
1 999.0 465.0
1 1031.0 465.0
1 1090.0 465.0
1 709.0 467.0
1 860.0 467.0
1 867.0 467.0
1 903.0 467.0
1 961.0 470.0
1 1088.0 470.0
1 1102.0 470.0
1 876.0 471.0
1 767.0 473.0
1 1042.0 474.0
1 845.0 475.0
1 1088.0 475.0
1 858.0 477.0
1 779.0 478.0
1 839.0 478.0
1 867.0 479.0
1 975.0 479.0
1 952.0 480.0
1 1020.0 480.0
1 675.0 481.0
1 738.0 481.0
1 908.0 481.0
1 584.0 482.0
1 751.0 482.0
1 887.0 482.0
1 760.0 483.0
1 919.0 483.0
1 1000.0 483.0
1 925.0 484.0
1 1029.0 484.0
1 1042.0 485.0
1 774.0 486.0
1 894.0 486.0
1 1063.0 486.0
1 1089.0 486.0
1 1105.0 486.0
1 865.0 487.0
1 697.0 488.0
1 941.0 488.0
1 968.0 488.0
1 631.0 489.0
1 723.0 489.0
1 1015.0 489.0
1 706.0 490.0
1 734.0 490.0
1 788.0 490.0
1 755.0 491.0
1 780.0 491.0
1 663.0 492.0
1 687.0 492.0
1 743.0 492.0
1 844.0 492.0
1 984.0 492.0
1 650.0 494.0
1 677.0 494.0
1 771.0 494.0
1 799.0 494.0
1 888.0 494.0
1 682.0 495.0
1 866.0 496.0
1 999.0 496.0
1 840.0 497.0
1 1004.0 497.0
1 634.0 498.0
1 671.0 498.0
1 807.0 498.0
1 938.0 498.0
1 642.0 499.0
1 853.0 499.0
1 786.0 500.0
1 895.0 501.0
1 980.0 501.0
1 825.0 502.0
1 875.0 502.0
1 968.0 502.0
1 1000.0 502.0
1 815.0 503.0
1 848.0 503.0
1 687.0 505.0
1 820.0 505.0
1 661.0 506.0
1 802.0 508.0
1 936.0 508.0
1 954.0 508.0
1 910.0 509.0
1 959.0 509.0
1 729.0 510.0
1 793.0 510.0
1 918.0 510.0
1 931.0 510.0
1 1012.0 510.0
1 652.0 511.0
1 682.0 512.0
1 687.0 512.0
1 968.0 512.0
1 692.0 513.0
1 700.0 513.0
1 674.0 514.0
1 1000.0 514.0
1 634.0 515.0
1 709.0 515.0
1 738.0 515.0
1 863.0 515.0
1 924.0 515.0
1 666.0 516.0
1 842.0 516.0
1 714.0 517.0
1 719.0 517.0
1 911.0 517.0
1 748.0 518.0
1 571.0 519.0
1 727.0 519.0
1 976.0 519.0
1 876.0 520.0
1 992.0 521.0
1 682.0 522.0
1 737.0 522.0
1 809.0 522.0
1 757.0 523.0
1 823.0 523.0
1 916.0 523.0
1 656.0 524.0
1 833.0 524.0
1 897.0 524.0
1 697.0 525.0
1 851.0 525.0
1 1012.0 525.0
1 651.0 526.0
1 745.0 526.0
1 984.0 527.0
1 917.0 528.0
1 1005.0 528.0
1 673.0 529.0
1 711.0 530.0
1 818.0 530.0
1 845.0 530.0
1 856.0 530.0
1 648.0 531.0
1 688.0 531.0
1 724.0 531.0
1 755.0 531.0
1 1025.0 531.0
1 988.0 532.0
1 1030.0 532.0
1 1095.0 532.0
1 916.0 533.0
1 701.0 534.0
1 1086.0 534.0
1 765.0 535.0
1 860.0 535.0
1 1011.0 535.0
1 1058.0 535.0
1 998.0 536.0
1 1053.0 536.0
1 717.0 537.0
1 736.0 538.0
1 916.0 538.0
1 827.0 539.0
1 1067.0 540.0
1 778.0 541.0
1 730.0 543.0
1 763.0 543.0
1 916.0 543.0
1 704.0 544.0
1 858.0 544.0
1 991.0 544.0
1 1047.0 544.0
1 751.0 545.0
1 1072.0 545.0
1 1012.0 546.0
1 1086.0 546.0
1 676.0 548.0
1 742.0 548.0
1 764.0 548.0
1 836.0 548.0
1 574.0 549.0
1 1059.0 549.0
1 1073.0 550.0
1 871.0 551.0
1 919.0 551.0
1 992.0 551.0
1 776.0 552.0
1 764.0 553.0
1 791.0 555.0
1 1044.0 555.0
1 920.0 556.0
1 992.0 556.0
1 842.0 557.0
1 1072.0 559.0
1 606.0 560.0
1 651.0 560.0
1 759.0 560.0
1 772.0 560.0
1 673.0 562.0
1 678.0 562.0
1 875.0 562.0
1 990.0 562.0
1 862.0 564.0
1 1083.0 564.0
1 602.0 565.0
1 767.0 565.0
1 1060.0 565.0
1 929.0 566.0
1 781.0 568.0
1 1072.0 568.0
1 626.0 569.0
1 986.0 569.0
1 1008.0 569.0
1 831.0 571.0
1 882.0 571.0
1 657.0 572.0
1 675.0 572.0
1 708.0 572.0
1 776.0 572.0
1 1092.0 572.0
1 665.0 573.0
1 938.0 573.0
1 1064.0 573.0
1 810.0 574.0
1 982.0 574.0
1 1085.0 574.0
1 790.0 575.0
1 855.0 575.0
1 1036.0 575.0
1 575.0 576.0
1 614.0 576.0
1 977.0 576.0
1 643.0 577.0
1 694.0 577.0
1 1092.0 577.0
1 950.0 578.0
1 595.0 579.0
1 665.0 579.0
1 670.0 579.0
1 704.0 579.0
1 967.0 579.0
1 677.0 580.0
1 784.0 580.0
1 962.0 580.0
1 577.0 581.0
1 689.0 581.0
1 726.0 581.0
1 800.0 581.0
1 654.0 582.0
1 607.0 583.0
1 1030.0 583.0
1 761.0 584.0
1 766.0 584.0
1 1091.0 584.0
1 883.0 585.0
1 924.0 585.0
1 803.0 586.0
1 1069.0 586.0
1 720.0 587.0
1 632.0 588.0
1 685.0 590.0
1 698.0 590.0
1 1028.0 591.0
1 1088.0 591.0
1 672.0 592.0
1 638.0 593.0
1 713.0 593.0
1 944.0 593.0
1 591.0 594.0
1 874.0 594.0
1 731.0 595.0
1 746.0 595.0
1 792.0 595.0
1 811.0 595.0
1 960.0 595.0
1 828.0 596.0
1 1089.0 596.0
1 696.0 598.0
1 610.0 599.0
1 660.0 599.0
1 1029.0 599.0
1 797.0 600.0
1 781.0 601.0
1 976.0 601.0
1 1086.0 602.0
1 616.0 603.0
1 995.0 603.0
1 868.0 604.0
1 625.0 606.0
1 740.0 606.0
1 710.0 607.0
1 787.0 608.0
1 1034.0 608.0
1 1077.0 608.0
1 821.0 609.0
1 894.0 609.0
1 588.0 610.0
1 1039.0 612.0
1 337.0 613.0
1 613.0 613.0
1 650.0 613.0
1 750.0 613.0
1 622.0 615.0
1 671.0 615.0
1 1048.0 615.0
1 1056.0 615.0
1 1061.0 615.0
1 757.0 616.0
1 874.0 617.0
1 710.0 618.0
1 658.0 620.0
1 809.0 620.0
1 847.0 622.0
1 710.0 623.0
1 764.0 623.0
1 404.0 625.0
1 602.0 625.0
1 748.0 625.0
1 304.0 627.0
1 464.0 628.0
1 610.0 628.0
1 815.0 628.0
1 620.0 629.0
1 670.0 629.0
1 712.0 631.0
1 1053.0 640.0
1 661.0 641.0
1 779.0 644.0
1 586.0 645.0
1 603.0 646.0
1 721.0 646.0
1 335.0 647.0
1 622.0 647.0
1 673.0 647.0
1 686.0 649.0
1 614.0 650.0
1 774.0 654.0
1 676.0 655.0
1 711.0 655.0
1 736.0 655.0
1 779.0 655.0
1 784.0 655.0
1 703.0 656.0
1 614.0 659.0
1 653.0 660.0
1 1056.0 661.0
1 326.0 662.0
1 721.0 663.0
1 777.0 663.0
1 1078.0 664.0
1 617.0 666.0
1 735.0 668.0
1 741.0 669.0
1 755.0 669.0
1 760.0 669.0
1 746.0 670.0
1 679.0 671.0
1 1449.0 672.0
1 617.0 673.0
1 721.0 673.0
1 186.0 674.0
1 593.0 675.0
1 883.0 677.0
1 733.0 678.0
1 522.0 680.0
1 595.0 680.0
1 769.0 680.0
1 789.0 680.0
1 878.0 681.0
1 628.0 682.0
1 633.0 682.0
1 623.0 684.0
1 618.0 687.0
1 778.0 688.0
1 875.0 688.0
1 905.0 688.0
1 685.0 690.0
1 795.0 690.0
1 735.0 691.0
1 740.0 691.0
1 1072.0 691.0
1 767.0 693.0
1 690.0 694.0
1 724.0 694.0
1 758.0 695.0
1 1072.0 696.0
1 676.0 697.0
1 623.0 698.0
1 645.0 699.0
1 774.0 699.0
1 606.0 701.0
1 553.0 702.0
1 724.0 702.0
1 738.0 702.0
1 795.0 702.0
1 895.0 703.0
1 782.0 704.0
1 643.0 705.0
1 383.0 707.0
1 715.0 709.0
1 634.0 711.0
1 614.0 712.0
1 647.0 713.0
1 793.0 714.0
1 719.0 718.0
1 784.0 718.0
1 661.0 719.0
1 747.0 719.0
1 856.0 719.0
1 1013.0 719.0
1 1058.0 719.0
1 654.0 720.0
1 737.0 720.0
1 620.0 721.0
1 742.0 721.0
1 792.0 721.0
1 662.0 724.0
1 654.0 725.0
1 667.0 726.0
1 1059.0 727.0
1 789.0 729.0
1 678.0 730.0
1 92.0 731.0
1 659.0 731.0
1 673.0 731.0
1 777.0 731.0
1 629.0 732.0
1 1009.0 732.0
1 1054.0 734.0
1 331.0 735.0
1 362.0 736.0
1 408.0 736.0
1 667.0 736.0
1 677.0 736.0
1 784.0 737.0
1 204.0 738.0
1 689.0 738.0
1 770.0 739.0
1 264.0 740.0
1 399.0 740.0
1 285.0 741.0
1 779.0 742.0
1 762.0 743.0
1 314.0 744.0
1 643.0 744.0
1 680.0 745.0
1 421.0 748.0
1 708.0 748.0
1 773.0 748.0
1 746.0 750.0
1 736.0 751.0
1 411.0 752.0
1 767.0 752.0
1 707.0 754.0
1 747.0 759.0
1 326.0 760.0
1 728.0 760.0
1 739.0 760.0
1 407.0 764.0
1 1088.0 765.0
1 1251.0 765.0
1 167.0 766.0
1 124.0 769.0
1 756.0 770.0
1 71.0 772.0
1 295.0 774.0
1 688.0 774.0
1 599.0 776.0
1 26.0 777.0
1 265.0 778.0
1 1343.0 780.0
1 368.0 781.0
1 93.0 782.0
1 257.0 782.0
1 718.0 782.0
1 1151.0 782.0
1 723.0 783.0
1 953.0 789.0
1 128.0 796.0
1 1190.0 801.0
1 492.0 806.0
1 37.0 809.0
1 717.0 819.0
1 1442.0 822.0
1 1083.0 828.0
1 634.0 843.0
1 1160.0 845.0
1 1468.0 851.0
1 1049.0 860.0
1 503.0 861.0
1 787.0 862.0
1 716.0 871.0
1 1334.0 878.0
1 1191.0 885.0
1 135.0 886.0
1 108.0 889.0
1 124.0 889.0
1 257.0 892.0
1 408.0 895.0
1 1356.0 895.0
1 236.0 899.0
1 389.0 899.0
1 434.0 899.0
1 540.0 899.0
1 556.0 899.0
1 325.0 900.0
1 726.0 901.0
1 758.0 901.0
1 1199.0 902.0
1 207.0 903.0
1 84.0 905.0
1 413.0 905.0
1 547.0 907.0
1 245.0 910.0
1 258.0 910.0
1 289.0 912.0
1 473.0 912.0
1 560.0 913.0
1 1175.0 913.0
1 1035.0 914.0
1 808.0 916.0
1 505.0 917.0
1 819.0 917.0
1 27.0 919.0
1 1237.0 919.0
1 215.0 920.0
1 875.0 921.0
1 423.0 923.0
1 441.0 923.0
1 812.0 924.0
1 301.0 925.0
1 489.0 925.0
1 263.0 927.0
1 984.0 927.0
1 360.0 930.0
1 810.0 935.0
1 208.0 938.0
1 368.0 938.0
1 318.0 940.0
1 169.0 941.0
1 963.0 942.0
1 446.0 943.0
1 245.0 944.0
1 633.0 944.0
1 714.0 945.0
1 358.0 946.0
1 1224.0 947.0
1 969.0 948.0
1 924.0 949.0
1 805.0 952.0
1 62.0 956.0
1 90.0 957.0
1 690.0 957.0
1 609.0 958.0
1 618.0 958.0
1 927.0 958.0
1 156.0 959.0
1 213.0 959.0
1 826.0 961.0
1 968.0 962.0
1 786.0 966.0
1 953.0 966.0
1 347.0 967.0
1 1207.0 967.0
1 925.0 968.0
1 368.0 976.0
1 543.0 976.0
1 581.0 976.0
1 290.0 982.0
1 1199.0 982.0
1 748.0 983.0
1 1151.0 987.0
1 907.0 989.0
