0 4 4 418.30067445346975
0 6 17 240.54271886621632
0 3 21 456.5909070807147
0 8 24 237.57371777761196
0 2 27 327.3752596703928
0 5 29 423.631233216382
0 10 30 315.7122548578217
0 12 39 167.41474625821334
0 9 46 362.43465156430113
0 25 48 205.19773342409357
0 13 52 215.86131118264797
0 14 53 210.14792083749452
0 15 60 320.09643408157956
0 16 62 140.18153262222154
0 28 66 292.3904436593595
0 23 67 205.9448770352323
0 26 68 243.96236190682262
0 17 69 236.19229750188717
0 20 75 179.2103884928266
0 63 81 185.34110687328595
0 21 83 205.10284717277852
0 67 86 235.86635096382435
0 38 87 193.6875324766183
0 30 94 125.25107376944662
0 24 96 462.32079599058915
0 33 101 125.86054737868047
0 78 105 120.63958795679063
0 60 107 333.2071715778359
0 34 110 476.6422114982025
0 29 114 246.47446303577055
0 58 116 111.77200483430849
0 77 117 378.4405144712666
0 18 118 215.1291675209789
0 68 121 112.73665943746629
0 35 123 183.37041790254574
0 66 124 135.81477942383606
0 22 125 250.16826906050923
0 62 127 176.5932395458506
0 42 128 241.14633370876763
0 65 129 171.54438675588455
0 80 130 216.31570882194296
0 19 131 115.70669348086659
0 36 133 219.9689566791815
0 44 134 191.11953229687134
0 104 135 350.8755462949195
0 83 136 156.23428900391843
0 56 140 197.48676983982554
0 57 141 164.65324876590165
0 82 145 187.3054597102513
0 73 148 241.84716557243178
0 109 149 113.17525249251167
0 79 150 459.513315738101
0 69 152 163.62083755781808
0 105 153 110.5749030035229
0 27 154 111.18769622616176
0 100 156 130.2033705918011
0 75 157 233.93130034958872
0 76 158 188.74985683906507
0 84 159 409.5060465558469
0 99 161 237.6140609288031
0 39 162 183.03067712623826
0 70 163 219.43854956086045
0 45 164 198.26246932803159
0 46 165 189.2376731183208
0 47 168 343.39076463278263
0 40 171 242.79767277873992
0 103 173 221.18576959415762
0 97 174 161.4004417795591
0 49 175 368.39397380477436
0 50 176 288.30242203051
0 41 177 182.5185649353899
0 127 178 116.88631191613332
0 124 179 139.76824944791545
0 52 182 212.07707588449108
0 53 183 249.6467982990845
0 54 184 238.5162961883022
0 106 185 189.84629064451292
0 55 187 154.41549742098056
0 64 189 183.39236639786154
0 101 190 123.32369734635841
0 131 191 134.7861373153955
0 59 192 117.81991923852948
0 61 193 129.71654319643673
0 138 195 176.08763440324145
0 85 196 145.5826933675038
0 114 197 151.3171056838562
0 141 198 107.63446837680752
0 137 199 133.87234805181416
0 134 200 186.30044743956503
0 71 210 114.22024800663486
0 118 211 174.83057741908289
0 162 216 137.203776101564
0 88 217 146.23390865906794
0 151 220 137.60619806359725
0 87 221 222.55901097359526
0 89 222 132.47190722901033
0 113 223 183.91349325792578
0 120 224 157.62529931932715
0 92 226 153.87394238821722
0 129 228 245.4510289294043
0 159 229 120.97767915924011
0 93 230 181.07970772036998
0 94 231 154.35616999955286
0 86 232 129.13629734664002
0 81 233 152.77422287575354
0 91 234 128.7754705728389
0 121 235 337.28959126102103
0 90 237 139.68823206948068
0 95 238 142.65499490548729
0 115 239 178.47731882157765
0 167 240 231.60934741589858
0 152 241 145.48242015392478
0 119 242 415.0652110584496
0 108 243 196.51950481049002
0 110 244 154.55384930581093
0 96 245 146.7005223947352
0 170 248 129.01479856125397
0 171 249 136.61315775330962
0 173 250 197.73582023656334
0 168 251 143.24502977651602
0 154 252 111.08700515951675
0 125 253 225.32318190056455
0 128 254 204.09124879256893
0 178 255 280.24973091644927
0 132 259 139.60399639898387
0 184 262 139.0639048313496
0 179 263 166.4381746738069
0 185 265 159.66428012388502
0 174 266 134.8027178744881
0 140 267 133.58183571580534
0 136 271 383.17469750326427
0 111 272 108.37292648286419
0 112 273 118.83552459998977
0 189 275 111.082128739729
0 195 276 196.4891470920812
0 200 277 246.43637640222505
0 191 278 116.29085134038088
0 148 279 240.25980433047792
0 150 282 113.1337129268826
0 142 283 135.50466458120698
0 204 284 162.88744250784208
0 211 287 225.74840175432115
0 205 288 179.70893033805882
0 147 289 151.8030416858978
0 161 290 243.38814803327372
0 216 291 111.10051132595432
0 135 292 218.29149065783778
0 220 294 113.37645912786331
0 207 296 255.18609202749562
0 146 297 112.05643451929596
0 139 298 181.25940007011732
0 213 300 125.73655589096697
0 149 304 203.62174298307778
0 144 311 166.67374667466464
0 158 313 108.33737621062731
0 153 314 266.0866980726448
0 232 315 200.55676288792523
0 236 316 122.68432210051692
0 176 317 137.71568434792786
0 206 318 276.66739555391973
0 160 325 414.4410478353719
0 165 326 227.11574367535738
0 210 327 199.61412636362166
0 215 329 160.60369440220478
0 182 331 483.8860478458991
0 116 332 420.9257914899921
0 183 333 236.98922325264192
0 212 334 272.62208057676776
0 177 337 204.08386294869106
0 224 338 153.76890271348165
0 203 341 252.250612726396
0 230 345 243.12205448170909
0 252 346 106.97222698299996
0 214 351 224.71480058140875
0 186 354 136.0756284282068
0 244 356 167.1347914727188
0 192 359 382.1499524624973
0 194 362 181.12177678207846
0 270 363 228.35326504419564
0 197 367 123.13989552803963
0 227 368 275.6657722473356
0 249 369 141.3487140861612
0 226 372 257.12476390558555
0 308 373 334.9342707193118
0 238 376 182.49279534202844
0 233 380 296.7950282298378
0 287 389 117.19840119883543
0 231 391 401.5609622762663
0 269 395 170.0130510216004
0 169 396 346.9670297671833
0 218 398 119.89613470900889
0 289 399 192.09724160751847
0 234 400 175.13261607514457
0 255 405 230.34803496516508
0 261 407 132.01435559930533
0 284 410 267.0468763343119
0 241 413 203.16019811527357
0 283 414 118.68591055723653
0 235 416 201.7503605623468
0 296 418 117.82845866530174
0 301 420 180.1885764039884
0 263 426 164.3344798822394
0 251 427 168.63199769303702
0 190 431 367.0280604292316
0 268 433 178.61600937559618
0 265 436 175.80541251967398
0 276 438 211.91310979653218
0 272 440 216.15413445343287
0 277 441 246.51207246365422
0 307 443 166.35090774946093
0 228 447 278.8253588041626
0 313 448 129.5022106252969
0 196 450 116.42667895803453
0 309 451 111.26417004941334
0 305 457 132.5661866310654
0 329 458 221.97980627658774
0 221 459 208.1471623798047
0 314 463 109.06526285872124
0 312 465 105.38470796305421
0 333 466 177.45187590776726
0 330 467 109.71210702668324
0 343 468 106.97956644533481
0 229 474 206.55423597862043
0 239 476 199.35198664999342
0 291 477 485.0244381000481
0 271 478 482.3195658748567
0 242 479 395.688030054639
0 243 480 164.47441508270867
0 370 481 245.04336183421
0 260 482 172.67619857476296
0 250 483 110.87384342134419
0 258 484 275.53595133733484
0 325 485 331.18908418622584
0 264 486 148.52720751994627
0 254 487 166.78799408331258
0 362 488 338.1927411754188
0 267 489 499.9485143395871
0 273 490 159.07464256548246
0 275 491 115.44161957752365
0 288 494 178.6764819429595
0 281 495 259.0672925461631
0 278 496 198.05570987366482
0 285 498 406.1499318381607
0 298 500 123.33269965974227
0 280 501 290.8779965686998
0 385 502 124.15102644352478
0 293 503 210.03862009270148
0 292 504 310.0026155036822
0 344 506 413.47384411741405
0 323 507 273.80919138056436
0 303 508 281.6464547325505
0 389 510 145.81383575317565
0 398 511 119.277428532042
0 320 512 398.1040175432123
0 326 513 111.86936930479251
0 331 515 108.24236584042144
0 350 516 438.1345844786874
0 295 517 386.0345509935482
0 404 520 135.8540300157667
0 341 521 278.95222258561125
0 327 523 245.73653624039952
0 337 524 318.40182069522564
0 328 525 167.33070812582244
0 338 528 202.9941278621492
0 412 529 121.25246393658327
0 340 530 138.55490670230603
0 357 533 200.88572016310127
0 345 535 343.6735043368838
0 339 536 122.11008340309004
0 348 538 325.22345133879867
0 417 539 129.37919453253664
0 372 541 348.16860008743015
0 354 543 138.7225600229666
0 353 545 122.2035811008116
0 430 548 202.4679483678985
0 364 549 426.8589733559418
0 436 557 260.88985355710344
0 358 558 310.64779424297075
0 356 561 120.02998242678369
0 435 562 254.82326600483134
0 371 564 132.01491654139693
0 439 569 115.28407156357119
0 447 570 282.6007865118101
0 440 571 359.2548913507238
0 395 572 475.16715036211303
0 365 573 323.81437107776765
0 379 575 172.72371716173402
0 402 576 453.77838943743444
0 374 577 264.112192949128
0 361 579 355.8953031737319
0 461 581 174.71856842798948
0 399 583 464.7610103857942
0 375 584 224.49803049906382
0 464 585 106.45497688852042
0 471 588 458.0759800575556
0 387 589 237.00820582845924
0 384 590 283.26781185734984
0 393 593 123.28548161477579
0 392 594 137.27451292599184
0 477 596 210.7738379478227
0 397 597 186.42556663108658
0 410 599 292.04208192669745
0 390 601 286.38037077902925
0 403 604 283.4596807998201
0 428 605 377.27513801892513
0 407 606 172.1751609560981
0 415 607 421.0988462662627
0 408 608 163.52114972689483
0 409 609 430.62923626089173
0 416 611 482.9312747874376
0 425 614 224.53035858416408
0 418 617 247.9524419830974
0 423 619 421.1478408951705
0 495 620 397.85351107072364
0 449 621 334.28583412028735
0 426 622 190.65850146188197
0 442 629 221.67760230820795
0 429 630 322.5030078684185
0 516 631 437.3368284377629
0 446 632 242.2827748869346
0 448 636 158.28773314637564
0 453 637 253.33162202931464
0 438 638 411.25193557029735
0 458 639 412.26505301267895
0 457 640 173.8782242118242
0 459 642 126.3753204537672
0 462 644 247.65514837307632
0 460 645 392.8169532154172
0 463 646 186.558508529685
0 469 647 159.83749127440677
0 470 651 119.48566204759197
0 466 652 299.24121381532365
0 473 657 164.16420827969142
0 492 661 105.15465532913886
0 475 663 131.92512266432948
0 476 667 366.87163572304513
0 482 668 486.3704812837325
0 478 670 318.35810774718664
0 497 673 105.60513917831611
0 496 674 346.9203589505262
0 479 676 151.8809475829631
0 483 685 363.4383988293522
0 491 687 130.6923489366787
0 489 689 141.9688765783648
0 494 696 130.08558539698194
0 493 698 156.22929886009115
0 509 710 263.27904119768846
0 510 723 122.26215227297405
0 511 728 412.76308941211227
0 525 730 219.86513661617536
0 505 732 148.89189364763317
0 514 754 222.14784286853958
0 520 780 402.0541233561993

0 1426.0 217.0
0 912.0 331.0
0 927.0 331.0
0 977.0 333.0
0 991.0 334.0
0 926.0 341.0
0 939.0 343.0
0 976.0 343.0
0 962.0 344.0
0 909.0 349.0
0 900.0 350.0
0 943.0 351.0
0 955.0 352.0
0 990.0 352.0
0 978.0 353.0
0 927.0 354.0
0 972.0 354.0
0 1003.0 355.0
0 944.0 356.0
0 954.0 358.0
0 855.0 360.0
0 905.0 360.0
0 866.0 363.0
0 787.0 365.0
0 814.0 365.0
0 871.0 365.0
0 827.0 366.0
0 992.0 366.0
0 850.0 367.0
0 1011.0 368.0
0 800.0 369.0
0 770.0 371.0
0 872.0 374.0
0 882.0 374.0
0 719.0 375.0
0 727.0 375.0
0 806.0 375.0
0 841.0 375.0
0 714.0 376.0
0 751.0 377.0
0 796.0 378.0
0 1094.0 378.0
0 790.0 379.0
0 825.0 379.0
0 1150.0 379.0
0 884.0 381.0
0 1169.0 382.0
0 891.0 383.0
0 699.0 384.0
0 763.0 385.0
0 803.0 385.0
0 868.0 385.0
0 1089.0 385.0
0 1107.0 386.0
0 825.0 387.0
0 832.0 387.0
0 752.0 388.0
0 789.0 388.0
0 850.0 388.0
0 889.0 388.0
0 1158.0 388.0
0 686.0 389.0
0 845.0 389.0
0 855.0 389.0
0 879.0 389.0
0 837.0 391.0
0 716.0 392.0
0 736.0 393.0
0 767.0 393.0
0 776.0 393.0
0 1097.0 394.0
0 797.0 395.0
0 1103.0 395.0
0 1173.0 395.0
0 802.0 396.0
0 1086.0 397.0
0 868.0 398.0
0 684.0 399.0
0 1161.0 399.0
0 784.0 400.0
0 1122.0 400.0
0 697.0 401.0
0 755.0 401.0
0 768.0 401.0
0 837.0 402.0
0 854.0 402.0
0 1029.0 402.0
0 742.0 403.0
0 846.0 403.0
0 1015.0 403.0
0 1039.0 403.0
0 1098.0 403.0
0 681.0 404.0
0 1069.0 404.0
0 810.0 405.0
0 918.0 405.0
0 1174.0 405.0
0 670.0 406.0
0 698.0 406.0
0 799.0 408.0
0 865.0 408.0
0 825.0 409.0
0 842.0 410.0
0 1078.0 410.0
0 1053.0 411.0
0 715.0 412.0
0 735.0 412.0
0 1060.0 412.0
0 1071.0 412.0
0 1184.0 412.0
0 1083.0 414.0
0 1120.0 415.0
0 743.0 416.0
0 824.0 416.0
0 1107.0 416.0
0 1178.0 416.0
0 770.0 417.0
0 666.0 418.0
0 873.0 418.0
0 1033.0 419.0
0 1186.0 419.0
0 787.0 420.0
0 1049.0 420.0
0 1095.0 420.0
0 821.0 421.0
0 868.0 421.0
0 1060.0 421.0
0 860.0 422.0
0 1101.0 423.0
0 1171.0 423.0
0 691.0 424.0
0 1015.0 426.0
0 1075.0 426.0
0 1116.0 426.0
0 1166.0 426.0
0 664.0 427.0
0 742.0 427.0
0 814.0 427.0
0 1089.0 428.0
0 787.0 429.0
0 1138.0 429.0
0 1153.0 429.0
0 872.0 430.0
0 1046.0 430.0
0 821.0 431.0
0 1059.0 431.0
0 1191.0 431.0
0 854.0 432.0
0 1114.0 432.0
0 690.0 433.0
0 1086.0 433.0
0 1101.0 433.0
0 1166.0 435.0
0 786.0 437.0
0 1013.0 437.0
0 1122.0 437.0
0 817.0 438.0
0 1138.0 438.0
0 1153.0 438.0
0 842.0 442.0
0 850.0 442.0
0 1036.0 442.0
0 883.0 443.0
0 877.0 444.0
0 890.0 444.0
0 895.0 444.0
0 903.0 444.0
0 1196.0 444.0
0 908.0 445.0
0 915.0 445.0
0 921.0 445.0
0 926.0 445.0
0 932.0 445.0
0 1081.0 445.0
0 1181.0 445.0
0 937.0 446.0
0 942.0 446.0
0 948.0 446.0
0 737.0 447.0
0 749.0 447.0
0 1114.0 447.0
0 742.0 448.0
0 969.0 448.0
0 976.0 448.0
0 981.0 448.0
0 1109.0 448.0
0 888.0 449.0
0 990.0 449.0
0 883.0 450.0
0 915.0 450.0
0 1164.0 450.0
0 758.0 451.0
0 1009.0 451.0
0 998.0 452.0
0 786.0 453.0
0 791.0 453.0
0 874.0 453.0
0 1038.0 453.0
0 704.0 454.0
0 728.0 454.0
0 781.0 454.0
0 856.0 454.0
0 902.0 454.0
0 931.0 454.0
0 936.0 454.0
0 1059.0 454.0
0 716.0 455.0
0 721.0 455.0
0 733.0 455.0
0 941.0 455.0
0 956.0 455.0
0 1157.0 455.0
0 760.0 456.0
0 844.0 456.0
0 889.0 456.0
0 1003.0 456.0
0 676.0 457.0
0 896.0 457.0
0 966.0 457.0
0 1198.0 457.0
0 690.0 458.0
0 883.0 458.0
0 915.0 459.0
0 1144.0 459.0
0 1150.0 459.0
0 703.0 460.0
0 926.0 460.0
0 1106.0 460.0
0 1164.0 460.0
0 770.0 461.0
0 937.0 461.0
0 947.0 461.0
0 989.0 461.0
0 1002.0 461.0
0 1011.0 461.0
0 835.0 462.0
0 955.0 462.0
0 971.0 462.0
0 980.0 462.0
0 1050.0 462.0
0 667.0 463.0
0 807.0 463.0
0 844.0 463.0
0 854.0 463.0
0 865.0 464.0
0 1030.0 464.0
0 706.0 465.0
0 719.0 465.0
0 727.0 466.0
0 735.0 466.0
0 743.0 466.0
0 758.0 466.0
0 784.0 467.0
0 1040.0 467.0
0 1061.0 467.0
0 665.0 468.0
0 748.0 468.0
0 800.0 468.0
0 1092.0 468.0
0 830.0 469.0
0 870.0 469.0
0 1115.0 469.0
0 688.0 471.0
0 697.0 471.0
0 335.0 472.0
0 702.0 472.0
0 809.0 472.0
0 1145.0 472.0
0 664.0 473.0
0 837.0 473.0
0 1059.0 473.0
0 1154.0 473.0
0 1015.0 474.0
0 1028.0 474.0
0 1047.0 475.0
0 767.0 476.0
0 781.0 477.0
0 664.0 478.0
0 803.0 479.0
0 1093.0 479.0
0 827.0 480.0
0 1130.0 480.0
0 844.0 481.0
0 871.0 481.0
0 773.0 484.0
0 941.0 484.0
0 1156.0 484.0
0 706.0 485.0
0 795.0 485.0
0 1046.0 485.0
0 1082.0 485.0
0 738.0 487.0
0 1110.0 488.0
0 1115.0 488.0
0 752.0 489.0
0 783.0 489.0
0 788.0 489.0
0 1010.0 489.0
0 1104.0 489.0
0 1120.0 489.0
0 689.0 490.0
0 928.0 490.0
0 936.0 490.0
0 1079.0 490.0
0 1127.0 490.0
0 948.0 491.0
0 903.0 492.0
0 915.0 492.0
0 1095.0 492.0
0 808.0 493.0
0 962.0 493.0
0 1025.0 493.0
0 825.0 494.0
0 1038.0 494.0
0 1134.0 494.0
0 667.0 495.0
0 687.0 495.0
0 1060.0 496.0
0 1192.0 497.0
0 982.0 498.0
0 1074.0 498.0
0 938.0 499.0
0 953.0 499.0
0 995.0 499.0
0 933.0 500.0
0 944.0 500.0
0 1009.0 500.0
0 1154.0 501.0
0 1143.0 502.0
0 1171.0 502.0
0 794.0 503.0
0 968.0 503.0
0 885.0 504.0
0 1082.0 504.0
0 1148.0 504.0
0 1071.0 506.0
0 1024.0 507.0
0 1143.0 507.0
0 1167.0 507.0
0 986.0 509.0
0 1007.0 509.0
0 1063.0 509.0
0 835.0 510.0
0 872.0 510.0
0 920.0 510.0
0 1175.0 510.0
0 752.0 511.0
0 849.0 511.0
0 940.0 511.0
0 1053.0 511.0
0 782.0 512.0
0 1077.0 512.0
0 1164.0 512.0
0 864.0 513.0
0 1015.0 513.0
0 925.0 514.0
0 1189.0 514.0
0 914.0 515.0
0 934.0 515.0
0 822.0 516.0
0 858.0 517.0
0 896.0 518.0
0 1025.0 518.0
0 783.0 519.0
0 919.0 519.0
0 794.0 520.0
0 853.0 520.0
0 1008.0 520.0
0 1076.0 520.0
0 1161.0 520.0
0 805.0 521.0
0 904.0 521.0
0 1148.0 521.0
0 669.0 522.0
0 820.0 522.0
0 890.0 522.0
0 1174.0 522.0
0 914.0 525.0
0 923.0 525.0
0 934.0 525.0
0 1077.0 525.0
0 1199.0 525.0
0 844.0 526.0
0 858.0 526.0
0 904.0 526.0
0 909.0 526.0
0 993.0 526.0
0 894.0 527.0
0 899.0 527.0
0 763.0 528.0
0 885.0 529.0
0 958.0 529.0
0 963.0 530.0
0 1011.0 530.0
0 1079.0 530.0
0 1186.0 530.0
0 876.0 531.0
0 837.0 532.0
0 1023.0 532.0
0 751.0 533.0
0 1144.0 533.0
0 818.0 534.0
0 867.0 534.0
0 906.0 534.0
0 921.0 535.0
0 1081.0 535.0
0 981.0 536.0
0 1064.0 536.0
0 933.0 537.0
0 942.0 537.0
0 1200.0 537.0
0 832.0 538.0
0 948.0 538.0
0 1139.0 538.0
0 1162.0 538.0
0 859.0 539.0
0 1043.0 539.0
0 991.0 540.0
0 1177.0 540.0
0 783.0 541.0
0 769.0 542.0
0 961.0 542.0
0 794.0 543.0
0 805.0 543.0
0 851.0 543.0
0 883.0 543.0
0 1088.0 543.0
0 1134.0 543.0
0 900.0 544.0
0 827.0 545.0
0 869.0 545.0
0 973.0 545.0
0 999.0 545.0
0 1095.0 546.0
0 670.0 547.0
0 843.0 547.0
0 1127.0 547.0
0 821.0 549.0
0 1103.0 549.0
0 1110.0 549.0
0 1120.0 549.0
0 1115.0 550.0
0 991.0 551.0
0 1157.0 551.0
0 670.0 552.0
0 816.0 552.0
0 836.0 552.0
0 850.0 552.0
0 1194.0 552.0
0 864.0 553.0
0 934.0 553.0
0 1184.0 553.0
0 830.0 557.0
0 804.0 558.0
0 814.0 558.0
0 990.0 558.0
0 1034.0 558.0
0 1072.0 560.0
0 1157.0 560.0
0 1006.0 561.0
0 784.0 563.0
0 794.0 563.0
0 812.0 563.0
0 1106.0 563.0
0 824.0 564.0
0 1139.0 565.0
0 1160.0 565.0
0 1180.0 567.0
0 754.0 568.0
0 780.0 569.0
0 785.0 569.0
0 793.0 570.0
0 818.0 570.0
0 829.0 570.0
0 1016.0 571.0
0 809.0 572.0
0 891.0 573.0
0 953.0 573.0
0 822.0 575.0
0 877.0 577.0
0 909.0 583.0
0 672.0 584.0
0 890.0 585.0
0 939.0 585.0
0 899.0 586.0
0 1059.0 586.0
0 920.0 587.0
0 957.0 587.0
0 1060.0 591.0
0 848.0 592.0
0 881.0 592.0
0 967.0 593.0
0 914.0 595.0
0 843.0 596.0
0 866.0 596.0
0 981.0 596.0
0 991.0 596.0
0 810.0 597.0
0 901.0 597.0
0 955.0 598.0
0 858.0 603.0
0 887.0 603.0
0 674.0 604.0
0 983.0 605.0
0 994.0 606.0
0 1174.0 607.0
0 877.0 610.0
0 975.0 613.0
0 1002.0 613.0
0 958.0 614.0
0 699.0 615.0
0 675.0 616.0
0 996.0 617.0
0 838.0 620.0
0 820.0 621.0
0 846.0 621.0
0 872.0 622.0
0 910.0 622.0
0 944.0 624.0
0 957.0 624.0
0 699.0 626.0
0 865.0 626.0
0 986.0 626.0
0 1004.0 626.0
0 949.0 627.0
0 1014.0 627.0
0 1252.0 628.0
0 958.0 629.0
0 834.0 630.0
0 678.0 631.0
0 842.0 631.0
0 988.0 631.0
0 814.0 632.0
0 891.0 633.0
0 101.0 634.0
0 797.0 634.0
0 1015.0 636.0
0 888.0 638.0
0 920.0 638.0
0 700.0 639.0
0 961.0 640.0
0 902.0 643.0
0 951.0 643.0
0 838.0 644.0
0 991.0 644.0
0 829.0 645.0
0 937.0 645.0
0 533.0 647.0
0 677.0 647.0
0 795.0 648.0
0 991.0 649.0
0 910.0 650.0
0 957.0 650.0
0 889.0 652.0
0 918.0 652.0
0 924.0 653.0
0 986.0 653.0
0 701.0 655.0
0 808.0 657.0
0 1063.0 658.0
0 862.0 659.0
0 1021.0 659.0
0 1164.0 660.0
0 955.0 661.0
0 831.0 664.0
0 910.0 664.0
0 923.0 664.0
0 929.0 664.0
0 934.0 664.0
0 1133.0 664.0
0 1162.0 665.0
0 678.0 666.0
0 797.0 666.0
0 964.0 666.0
0 808.0 667.0
0 861.0 668.0
0 975.0 669.0
0 1017.0 671.0
0 896.0 672.0
0 1006.0 672.0
0 1038.0 672.0
0 1161.0 672.0
0 1060.0 673.0
0 979.0 677.0
0 1025.0 677.0
0 1127.0 677.0
0 809.0 678.0
0 1005.0 678.0
0 679.0 679.0
0 832.0 679.0
0 961.0 679.0
0 990.0 681.0
0 1463.0 681.0
0 840.0 682.0
0 952.0 683.0
0 877.0 685.0
0 1160.0 685.0
0 832.0 686.0
0 934.0 686.0
0 929.0 687.0
0 1037.0 688.0
0 1024.0 689.0
0 1054.0 689.0
0 534.0 691.0
0 958.0 691.0
0 807.0 692.0
0 948.0 692.0
0 1010.0 693.0
0 840.0 694.0
0 1022.0 695.0
0 489.0 696.0
0 957.0 696.0
0 809.0 697.0
0 946.0 697.0
0 919.0 698.0
0 924.0 698.0
0 1207.0 701.0
0 966.0 703.0
0 1018.0 703.0
0 1002.0 706.0
0 1155.0 706.0
0 820.0 712.0
0 856.0 712.0
0 1252.0 713.0
0 683.0 717.0
0 678.0 718.0
0 1007.0 719.0
0 471.0 720.0
0 827.0 720.0
0 875.0 721.0
0 984.0 721.0
0 164.0 723.0
0 883.0 725.0
0 1000.0 725.0
0 1005.0 725.0
0 833.0 727.0
0 870.0 728.0
0 889.0 729.0
0 991.0 729.0
0 966.0 730.0
0 894.0 731.0
0 839.0 732.0
0 903.0 734.0
0 944.0 735.0
0 952.0 735.0
0 957.0 735.0
0 884.0 736.0
0 890.0 738.0
0 473.0 739.0
0 847.0 739.0
0 969.0 739.0
0 897.0 740.0
0 926.0 740.0
0 961.0 741.0
0 954.0 744.0
0 972.0 744.0
0 817.0 745.0
0 926.0 745.0
0 948.0 745.0
0 935.0 746.0
0 568.0 747.0
0 1447.0 747.0
0 437.0 749.0
0 893.0 749.0
0 456.0 752.0
0 512.0 759.0
0 978.0 759.0
0 971.0 761.0
0 963.0 763.0
0 958.0 764.0
0 910.0 765.0
0 953.0 765.0
0 79.0 766.0
0 1336.0 766.0
0 1224.0 770.0
0 489.0 771.0
0 329.0 781.0
0 575.0 781.0
0 1175.0 783.0
0 1263.0 787.0
0 614.0 791.0
0 592.0 794.0
0 1107.0 796.0
0 636.0 798.0
0 569.0 800.0
0 310.0 802.0
0 190.0 805.0
0 629.0 805.0
0 1386.0 805.0
0 535.0 807.0
0 585.0 807.0
0 560.0 810.0
0 643.0 810.0
0 1234.0 810.0
0 1341.0 811.0
0 1221.0 816.0
0 525.0 820.0
0 570.0 821.0
0 492.0 822.0
0 448.0 823.0
0 138.0 824.0
0 177.0 827.0
0 429.0 827.0
0 468.0 827.0
0 638.0 830.0
0 549.0 831.0
0 760.0 832.0
0 1216.0 832.0
0 1123.0 837.0
0 1051.0 838.0
0 565.0 839.0
0 585.0 840.0
0 1201.0 840.0
0 500.0 841.0
0 608.0 841.0
0 627.0 841.0
0 556.0 845.0
0 1337.0 846.0
0 90.0 847.0
0 1360.0 847.0
0 1459.0 849.0
0 1383.0 851.0
0 529.0 852.0
0 655.0 855.0
0 423.0 858.0
0 550.0 858.0
0 1434.0 858.0
0 102.0 859.0
0 265.0 859.0
0 1079.0 859.0
0 991.0 861.0
0 1184.0 861.0
0 501.0 863.0
0 495.0 866.0
0 135.0 867.0
0 243.0 871.0
0 386.0 874.0
0 1195.0 875.0
0 1288.0 876.0
0 957.0 877.0
0 1181.0 877.0
0 947.0 882.0
0 834.0 885.0
0 752.0 887.0
0 1030.0 887.0
0 1099.0 888.0
0 339.0 889.0
0 1119.0 889.0
0 1316.0 889.0
0 287.0 890.0
0 322.0 893.0
0 1194.0 894.0
0 359.0 902.0
0 991.0 903.0
0 380.0 905.0
0 1180.0 905.0
0 315.0 909.0
0 879.0 910.0
0 364.0 913.0
0 1381.0 914.0
0 98.0 915.0
0 214.0 915.0
0 25.0 916.0
0 1173.0 916.0
0 1196.0 919.0
0 183.0 921.0
0 222.0 921.0
0 232.0 921.0
0 304.0 923.0
0 1138.0 927.0
0 87.0 929.0
0 149.0 929.0
0 659.0 929.0
0 756.0 929.0
0 905.0 934.0
0 106.0 938.0
0 1188.0 938.0
0 713.0 941.0
0 1058.0 941.0
0 1175.0 942.0
0 179.0 949.0
0 1024.0 949.0
0 887.0 951.0
0 875.0 954.0
0 1002.0 959.0
0 109.0 960.0
0 986.0 966.0
0 1088.0 967.0
0 53.0 971.0
0 1180.0 972.0
0 835.0 974.0
0 1168.0 976.0
0 27.0 981.0
0 424.0 986.0
1 926.0 134.0
1 923.0 373.0
1 928.0 373.0
1 837.0 374.0
1 933.0 374.0
1 935.0 384.0
1 949.0 396.0
1 811.0 401.0
1 768.0 403.0
1 1104.0 403.0
1 750.0 406.0
1 738.0 407.0
1 704.0 408.0
1 1027.0 408.0
1 1055.0 408.0
1 1088.0 408.0
1 789.0 409.0
1 728.0 414.0
1 801.0 414.0
1 936.0 416.0
1 1024.0 419.0
1 716.0 421.0
1 798.0 421.0
1 688.0 422.0
1 1114.0 422.0
1 658.0 423.0
1 728.0 424.0
1 934.0 424.0
1 672.0 426.0
1 1043.0 426.0
1 756.0 428.0
1 792.0 429.0
1 1105.0 429.0
1 771.0 430.0
1 1014.0 433.0
1 1028.0 433.0
1 1053.0 434.0
1 1123.0 434.0
1 690.0 435.0
1 807.0 435.0
1 851.0 435.0
1 873.0 435.0
1 1046.0 435.0
1 1058.0 435.0
1 1100.0 435.0
1 815.0 436.0
1 824.0 436.0
1 835.0 436.0
1 856.0 436.0
1 861.0 436.0
1 866.0 436.0
1 889.0 436.0
1 896.0 436.0
1 902.0 436.0
1 907.0 436.0
1 912.0 436.0
1 1071.0 436.0
1 1087.0 436.0
1 718.0 437.0
1 930.0 437.0
1 1001.0 437.0
1 920.0 438.0
1 786.0 439.0
1 657.0 440.0
1 840.0 440.0
1 1111.0 440.0
1 762.0 441.0
1 976.0 441.0
1 731.0 442.0
1 1099.0 442.0
1 802.0 443.0
1 880.0 443.0
1 1034.0 443.0
1 1054.0 443.0
1 1047.0 444.0
1 1070.0 444.0
1 1085.0 444.0
1 624.0 445.0
1 673.0 446.0
1 1012.0 446.0
1 643.0 447.0
1 924.0 447.0
1 1000.0 447.0
1 690.0 448.0
1 783.0 448.0
1 804.0 448.0
1 912.0 448.0
1 813.0 449.0
1 823.0 449.0
1 841.0 449.0
1 894.0 449.0
1 931.0 449.0
1 852.0 450.0
1 861.0 450.0
1 875.0 450.0
1 904.0 450.0
1 950.0 450.0
1 1122.0 450.0
1 1132.0 450.0
1 969.0 451.0
1 762.0 454.0
1 1096.0 454.0
1 962.0 455.0
1 1000.0 455.0
1 621.0 456.0
1 731.0 456.0
1 1046.0 456.0
1 1072.0 456.0
1 782.0 457.0
1 642.0 458.0
1 797.0 458.0
1 937.0 460.0
1 950.0 460.0
1 1075.0 461.0
1 971.0 462.0
1 983.0 462.0
1 818.0 463.0
1 1016.0 464.0
1 1095.0 464.0
1 775.0 465.0
1 1083.0 465.0
1 767.0 467.0
1 787.0 467.0
1 1137.0 467.0
1 698.0 468.0
1 964.0 468.0
1 1068.0 468.0
1 685.0 469.0
1 986.0 469.0
1 1094.0 469.0
1 976.0 470.0
1 704.0 472.0
1 764.0 472.0
1 1137.0 472.0
1 728.0 473.0
1 1039.0 474.0
1 1095.0 474.0
1 677.0 475.0
1 737.0 475.0
1 1034.0 475.0
1 1082.0 475.0
1 655.0 477.0
1 801.0 478.0
1 826.0 478.0
1 954.0 478.0
1 742.0 479.0
1 935.0 479.0
1 974.0 480.0
1 1017.0 480.0
1 1059.0 480.0
1 776.0 481.0
1 642.0 483.0
1 751.0 483.0
1 1064.0 483.0
1 729.0 484.0
1 834.0 484.0
1 844.0 484.0
1 853.0 484.0
1 962.0 484.0
1 713.0 485.0
1 863.0 485.0
1 1010.0 485.0
1 630.0 486.0
1 825.0 486.0
1 807.0 487.0
1 943.0 487.0
1 1068.0 488.0
1 621.0 489.0
1 703.0 489.0
1 797.0 489.0
1 676.0 490.0
1 684.0 490.0
1 1007.0 490.0
1 695.0 491.0
1 753.0 492.0
1 852.0 493.0
1 990.0 493.0
1 1071.0 493.0
1 620.0 494.0
1 646.0 495.0
1 782.0 495.0
1 868.0 495.0
1 890.0 495.0
1 1007.0 495.0
1 639.0 496.0
1 651.0 497.0
1 938.0 497.0
1 876.0 498.0
1 899.0 498.0
1 712.0 499.0
1 881.0 499.0
1 746.0 500.0
1 759.0 500.0
1 773.0 501.0
1 952.0 501.0
1 728.0 502.0
1 840.0 502.0
1 931.0 502.0
1 908.0 503.0
1 896.0 505.0
1 619.0 506.0
1 633.0 506.0
1 639.0 506.0
1 993.0 506.0
1 721.0 508.0
1 736.0 508.0
1 1134.0 508.0
1 728.0 509.0
1 904.0 509.0
1 1086.0 509.0
1 1094.0 509.0
1 649.0 510.0
1 1079.0 510.0
1 640.0 511.0
1 1004.0 511.0
1 1107.0 511.0
1 686.0 512.0
1 924.0 512.0
1 943.0 512.0
1 1074.0 512.0
1 698.0 513.0
1 912.0 514.0
1 994.0 514.0
1 631.0 516.0
1 1108.0 516.0
1 616.0 517.0
1 1075.0 517.0
1 1006.0 518.0
1 757.0 520.0
1 921.0 521.0
1 1128.0 521.0
1 871.0 522.0
1 623.0 523.0
1 1008.0 523.0
1 1073.0 523.0
1 967.0 524.0
1 637.0 525.0
1 779.0 525.0
1 1112.0 525.0
1 800.0 527.0
1 1009.0 528.0
1 1071.0 528.0
1 791.0 531.0
1 815.0 531.0
1 1136.0 531.0
1 825.0 532.0
1 830.0 532.0
1 835.0 532.0
1 966.0 532.0
1 1103.0 532.0
1 844.0 534.0
1 1064.0 534.0
1 699.0 535.0
1 783.0 535.0
1 862.0 535.0
1 1017.0 535.0
1 1141.0 535.0
1 652.0 536.0
1 804.0 536.0
1 1011.0 536.0
1 796.0 537.0
1 998.0 537.0
1 816.0 539.0
1 1023.0 539.0
1 827.0 540.0
1 1055.0 540.0
1 1124.0 540.0
1 772.0 541.0
1 1031.0 541.0
1 1135.0 541.0
1 719.0 542.0
1 736.0 542.0
1 1050.0 542.0
1 787.0 543.0
1 808.0 543.0
1 873.0 543.0
1 1039.0 543.0
1 1045.0 543.0
1 895.0 544.0
1 779.0 545.0
1 800.0 545.0
1 886.0 546.0
1 827.0 549.0
1 1099.0 549.0
1 1146.0 549.0
1 792.0 550.0
1 979.0 550.0
1 708.0 551.0
1 774.0 551.0
1 699.0 552.0
1 882.0 552.0
1 847.0 555.0
1 899.0 555.0
1 889.0 556.0
1 1083.0 556.0
1 825.0 557.0
1 1122.0 557.0
1 778.0 558.0
1 765.0 559.0
1 919.0 559.0
1 1097.0 559.0
1 708.0 562.0
1 895.0 562.0
1 906.0 562.0
1 809.0 564.0
1 1008.0 564.0
1 1013.0 564.0
1 1098.0 564.0
1 623.0 565.0
1 1135.0 565.0
1 713.0 566.0
1 771.0 566.0
1 1075.0 566.0
1 1143.0 566.0
1 1041.0 567.0
1 701.0 568.0
1 825.0 568.0
1 966.0 568.0
1 1057.0 568.0
1 645.0 570.0
1 903.0 570.0
1 850.0 573.0
1 917.0 574.0
1 887.0 576.0
1 792.0 577.0
1 988.0 578.0
1 748.0 579.0
1 911.0 579.0
1 921.0 580.0
1 1106.0 580.0
1 1133.0 581.0
1 758.0 582.0
1 805.0 582.0
1 1111.0 583.0
1 914.0 584.0
1 820.0 587.0
1 701.0 588.0
1 860.0 589.0
1 743.0 592.0
1 921.0 592.0
1 753.0 594.0
1 776.0 594.0
1 808.0 595.0
1 700.0 596.0
1 793.0 598.0
1 712.0 599.0
1 742.0 600.0
1 887.0 600.0
1 830.0 601.0
1 862.0 601.0
1 792.0 603.0
1 816.0 606.0
1 948.0 606.0
1 739.0 609.0
1 750.0 609.0
1 827.0 613.0
1 931.0 618.0
1 815.0 619.0
1 717.0 620.0
1 991.0 620.0
1 864.0 623.0
1 911.0 624.0
1 991.0 625.0
1 929.0 626.0
1 711.0 629.0
1 874.0 629.0
1 892.0 629.0
1 793.0 631.0
1 938.0 631.0
1 749.0 632.0
1 625.0 633.0
1 741.0 634.0
1 826.0 635.0
1 794.0 636.0
1 928.0 638.0
1 937.0 639.0
1 908.0 640.0
1 713.0 642.0
1 797.0 642.0
1 775.0 645.0
1 894.0 645.0
1 907.0 645.0
1 742.0 646.0
1 686.0 647.0
1 874.0 647.0
1 626.0 648.0
1 841.0 648.0
1 744.0 651.0
1 906.0 651.0
1 648.0 653.0
1 936.0 653.0
1 808.0 654.0
1 863.0 654.0
1 753.0 655.0
1 927.0 655.0
1 717.0 656.0
1 905.0 656.0
1 744.0 659.0
1 626.0 660.0
1 900.0 660.0
1 924.0 662.0
1 934.0 662.0
1 889.0 663.0
1 873.0 665.0
1 647.0 666.0
1 760.0 666.0
1 755.0 667.0
1 860.0 668.0
1 750.0 670.0
1 931.0 670.0
1 849.0 671.0
1 723.0 673.0
1 628.0 677.0
1 928.0 678.0
1 976.0 678.0
1 916.0 679.0
1 871.0 680.0
1 647.0 682.0
1 887.0 682.0
1 924.0 683.0
1 772.0 684.0
1 824.0 684.0
1 879.0 684.0
1 914.0 684.0
1 846.0 685.0
1 831.0 686.0
1 771.0 689.0
1 921.0 689.0
1 731.0 690.0
1 907.0 691.0
1 626.0 692.0
1 765.0 694.0
1 982.0 694.0
1 967.0 695.0
1 626.0 698.0
1 1127.0 698.0
1 647.0 699.0
1 897.0 699.0
1 914.0 699.0
1 1089.0 702.0
1 626.0 703.0
1 782.0 703.0
1 789.0 703.0
1 931.0 704.0
1 888.0 706.0
1 907.0 706.0
1 796.0 707.0
1 1129.0 707.0
1 782.0 708.0
1 744.0 709.0
1 976.0 709.0
1 881.0 710.0
1 1145.0 710.0
1 802.0 711.0
1 904.0 711.0
1 649.0 713.0
1 791.0 713.0
1 809.0 714.0
1 872.0 714.0
1 819.0 716.0
1 867.0 716.0
1 1126.0 716.0
1 860.0 717.0
1 797.0 718.0
1 1087.0 718.0
1 650.0 719.0
1 841.0 719.0
1 893.0 719.0
1 783.0 721.0
1 804.0 721.0
1 811.0 723.0
1 627.0 724.0
1 878.0 726.0
1 841.0 729.0
1 865.0 730.0
1 809.0 735.0
1 884.0 737.0
1 1124.0 738.0
1 833.0 739.0
1 239.0 742.0
1 627.0 744.0
1 627.0 749.0
1 873.0 749.0
1 213.0 751.0
1 770.0 751.0
1 1125.0 753.0
1 627.0 754.0
1 770.0 757.0
1 774.0 762.0
1 429.0 767.0
1 628.0 770.0
1 524.0 771.0
1 1439.0 772.0
1 382.0 773.0
1 415.0 773.0
1 1124.0 773.0
1 1176.0 778.0
1 1306.0 779.0
1 628.0 782.0
1 746.0 783.0
1 62.0 784.0
1 1122.0 784.0
1 1124.0 790.0
1 392.0 795.0
1 628.0 795.0
1 377.0 796.0
1 1122.0 796.0
1 814.0 798.0
1 948.0 799.0
1 438.0 803.0
1 532.0 803.0
1 146.0 807.0
1 1121.0 812.0
1 10.0 813.0
1 248.0 813.0
1 1107.0 814.0
1 42.0 816.0
1 56.0 816.0
1 1134.0 820.0
1 1121.0 823.0
1 31.0 826.0
1 881.0 837.0
1 626.0 840.0
1 1120.0 846.0
1 652.0 857.0
1 905.0 857.0
1 791.0 864.0
1 1036.0 866.0
1 647.0 874.0
1 713.0 878.0
1 788.0 879.0
1 647.0 892.0
1 1115.0 914.0
1 642.0 919.0
