0 0 0 303.40680384207855
0 2 1 378.39143646947764
0 12 17 444.4382750814188
0 40 48 389.9306816900885
0 21 53 306.7734212969545
0 22 60 273.5486938368856
0 44 61 267.09706466063335
0 45 69 365.68957437394147
0 30 70 242.2827748869346
0 38 75 360.1719022089093
0 31 80 252.41545481250566
0 86 81 251.30840613324224
0 41 83 289.86366199674916
0 56 87 190.44435042989335
0 90 105 274.7435008408661
0 48 111 142.21842458057463
0 47 114 290.24758525145353
0 69 116 132.32809341231956
0 93 117 164.14103208814603
0 27 118 264.1912967906217
0 33 119 363.7230740913896
0 91 121 132.21821832787126
0 58 128 269.6045259295166
0 35 131 128.61896503122517
0 101 132 323.3860085742353
0 79 133 211.67294988391697
0 59 134 330.1985052594019
0 125 135 337.5483105649933
0 103 136 188.5198645038644
0 109 139 119.50235180193222
0 82 140 350.2687422524368
0 68 141 315.27299175785123
0 42 142 296.75255847840083
0 50 143 440.06378049186725
0 110 144 461.87831630080893
0 88 145 363.8354752695578
0 111 148 232.55154356057653
0 126 149 156.85220369039678
0 127 153 154.40334693038375
0 97 155 305.9889121711692
0 102 157 303.0467666290866
0 92 158 322.7263708216182
0 124 161 415.51232651710694
0 60 163 230.27928398435543
0 67 177 427.8309407397259
0 152 178 143.00159526935641
0 148 179 194.73976105946724
0 130 180 374.3659574809916
0 73 182 478.61408246108937
0 74 183 467.13475600583905
0 75 184 402.2485541344251
0 85 187 234.80119863649955
0 131 190 359.4039630755046
0 87 192 144.0052214417641
0 76 193 226.9235042830127
0 104 196 131.14750202675273
0 167 198 121.96728509785719
0 160 199 228.1701896228032
0 161 200 360.7136176721382
0 143 205 416.6770242659645
0 94 209 296.40493725083854
0 95 210 137.82151813331424
0 153 211 288.10424029133236
0 77 215 433.7497254681648
0 114 217 380.41149758938263
0 184 220 232.53201120136504
0 113 221 210.09381531692802
0 115 222 310.070909533629
0 155 224 278.60868496633475
0 116 226 370.6182199906822
0 175 229 212.5670796532833
0 117 232 187.95061299095403
0 118 234 159.2441122817422
0 120 236 242.46097977716192
0 121 237 211.9329056622698
0 122 238 279.38430334047035
0 186 240 219.78620214476447
0 135 244 269.1138813302784
0 123 245 233.793244818105
0 196 248 243.4125133197248
0 197 249 353.9520941913532
0 198 251 183.40363332819908
0 146 253 310.3561270821406
0 157 254 238.9773490792076
0 159 258 303.7727576542208
0 210 262 342.1518539580823
0 211 263 200.27235830587787
0 219 265 139.48255854459134
0 192 267 389.85262264125294
0 215 268 310.3309540736633
0 180 271 439.2440685174748
0 139 272 168.0981190626744
0 140 273 338.26048403470185
0 191 274 353.6612543440308
0 182 279 245.41638111677133
0 181 282 220.35119406691987
0 132 283 440.49795819077843
0 158 285 265.0574158601257
0 241 287 476.15106199590355
0 206 290 377.4576304933783
0 185 293 258.7880048051857
0 187 297 196.70860569431076
0 179 298 358.79848005023155
0 194 299 245.67514730691036
0 209 308 243.76306511871292
0 188 311 339.5468301241373
0 205 313 141.67307524232186
0 221 314 227.71542087381223
0 256 315 191.53739172288732
0 228 320 257.03355051267783
0 212 323 256.68546330158097
0 213 326 273.3851933441657
0 264 327 333.17888320082744
0 274 329 243.9065366023008
0 200 331 281.1615002907605
0 224 333 249.0563421669731
0 237 335 380.99314461883915
0 248 336 267.4125921385663
0 260 337 216.8995782878522
0 283 338 202.3159615615475
0 217 339 257.34432724659536
0 233 340 233.05906610599112
0 289 345 135.7924972960425
0 254 349 259.87744234135454
0 259 351 271.181110507668
0 271 362 297.81005831335915
0 246 367 305.7975289901967
0 267 368 305.50515866779836
0 304 369 182.43217219583332
0 281 372 144.5557417323529
0 306 376 193.13383909488772
0 282 380 318.23971714075435
0 293 394 310.3054981830799
0 346 395 344.78472296790125
0 297 400 182.05493393770843
0 296 407 414.6232835643106
0 310 413 220.70136931880035
0 343 414 159.6196502132199
0 292 416 322.0527570793299
0 334 418 398.14653155757725
0 325 427 238.95707979036936
0 321 433 231.3980506237578
0 328 436 209.01563772401505
0 330 438 254.95620689254298
0 333 440 241.5170999952423
0 336 441 277.02697101978856
0 280 442 250.51802599354235
0 366 443 141.28739905601324
0 277 449 381.0832760837491
0 376 451 304.82909976642543
0 359 457 109.15246288948619
0 381 458 190.70951848427387
0 370 463 137.18029561290356
0 375 465 171.0410974545514
0 400 466 247.71089261294495
0 406 467 345.9368154345588
0 308 473 269.46777627218773
0 299 474 435.141849177321
0 279 477 435.3788723165454
0 295 480 436.2912290325879
0 301 482 296.1193195291416
0 298 483 272.21393789782707
0 311 486 197.10239594338722
0 313 490 218.11097294546124
0 347 491 423.4240028751172
0 318 492 236.59222458273956
0 338 496 284.3504602691151
0 332 497 212.9877298456116
0 326 498 199.34578068943262
0 344 500 162.37524526069663
0 351 501 375.0828119290314
0 353 503 450.74673360927574
0 363 506 410.8505061670862
0 352 507 416.093279883673
0 404 508 270.80895567584184
0 367 513 115.50085986002662
0 373 515 115.33910614959133
0 389 516 423.84217318063725
0 377 517 239.54117540143548
0 391 523 337.5386332607579
0 386 528 151.20666811289172
0 388 530 139.47803612930946
0 399 531 431.9239903887401
0 372 532 308.51940818070693
0 408 536 313.9699090936226
0 423 538 309.6117363427125
0 413 543 138.41873665755685
0 412 545 123.5945581965814
0 424 549 199.8062105978222
0 411 558 276.3256361073586
0 554 562 235.19182529328856
0 430 564 133.1610260148387
0 552 569 284.43752428101703
0 432 572 290.80229338604465
0 445 577 377.04383861958377
0 572 581 296.3102632468295
0 551 582 389.8611383022541
0 453 584 451.81360350237884
0 574 585 174.968181376375
0 435 586 318.7618587736139
0 442 589 153.8539896108398
0 446 593 121.39866070281806
0 447 594 277.5473809232926
0 438 595 204.31842257540316
0 580 596 429.8504587006703
0 452 597 142.89443833763195
0 490 600 424.1668860434344
0 469 601 288.7867180819865
0 467 604 444.68250185486295
0 458 605 189.70557738750392
0 485 607 257.68053032633634
0 463 608 133.26341270997435
0 468 613 309.17975815477143
0 466 614 252.08636457511702
0 494 617 411.48967793995376
0 491 618 293.73728036080706
0 501 619 326.5551705103281
0 592 620 350.246366556485
0 483 621 255.46247866066113
0 488 622 210.44172374601766
0 517 630 278.7809269907293
0 511 632 381.4730668975591
0 522 633 329.5366040783681
0 532 634 433.4520034043772
0 516 635 246.48313554480671
0 535 638 181.97993397956694
0 540 639 183.00536159428265
0 513 642 405.7329813414687
0 543 643 350.67551248558686
0 545 644 341.92414586809446
0 546 645 272.385591853053
0 515 646 404.08336433305124
0 542 649 404.7316591516739
0 556 653 277.8583207451018
0 566 654 225.4998816534008
0 555 655 251.2290967376801
0 569 656 332.600440243362
0 604 661 398.26576093252385
0 538 663 458.8910117107741
0 520 665 163.7378237603683
0 577 666 284.3040816437197
0 609 682 335.38109002348557
0 571 683 125.71946434021586
0 561 689 157.0696978097312
0 565 703 297.3256366735295
0 582 723 195.29136999491553
0 616 729 451.28351346200634
0 589 733 345.1762563270526
0 624 763 453.2282540968516
0 603 772 200.56480675099837

0 1426.0 217.0
0 912.0 331.0
0 927.0 331.0
0 977.0 333.0
0 991.0 334.0
0 926.0 341.0
0 939.0 343.0
0 976.0 343.0
0 962.0 344.0
0 909.0 349.0
0 900.0 350.0
0 943.0 351.0
0 955.0 352.0
0 990.0 352.0
0 978.0 353.0
0 927.0 354.0
0 972.0 354.0
0 1003.0 355.0
0 944.0 356.0
0 954.0 358.0
0 855.0 360.0
0 905.0 360.0
0 866.0 363.0
0 787.0 365.0
0 814.0 365.0
0 871.0 365.0
0 827.0 366.0
0 992.0 366.0
0 850.0 367.0
0 1011.0 368.0
0 800.0 369.0
0 770.0 371.0
0 872.0 374.0
0 882.0 374.0
0 719.0 375.0
0 727.0 375.0
0 806.0 375.0
0 841.0 375.0
0 714.0 376.0
0 751.0 377.0
0 796.0 378.0
0 1094.0 378.0
0 790.0 379.0
0 825.0 379.0
0 1150.0 379.0
0 884.0 381.0
0 1169.0 382.0
0 891.0 383.0
0 699.0 384.0
0 763.0 385.0
0 803.0 385.0
0 868.0 385.0
0 1089.0 385.0
0 1107.0 386.0
0 825.0 387.0
0 832.0 387.0
0 752.0 388.0
0 789.0 388.0
0 850.0 388.0
0 889.0 388.0
0 1158.0 388.0
0 686.0 389.0
0 845.0 389.0
0 855.0 389.0
0 879.0 389.0
0 837.0 391.0
0 716.0 392.0
0 736.0 393.0
0 767.0 393.0
0 776.0 393.0
0 1097.0 394.0
0 797.0 395.0
0 1103.0 395.0
0 1173.0 395.0
0 802.0 396.0
0 1086.0 397.0
0 868.0 398.0
0 684.0 399.0
0 1161.0 399.0
0 784.0 400.0
0 1122.0 400.0
0 697.0 401.0
0 755.0 401.0
0 768.0 401.0
0 837.0 402.0
0 854.0 402.0
0 1029.0 402.0
0 742.0 403.0
0 846.0 403.0
0 1015.0 403.0
0 1039.0 403.0
0 1098.0 403.0
0 681.0 404.0
0 1069.0 404.0
0 810.0 405.0
0 918.0 405.0
0 1174.0 405.0
0 670.0 406.0
0 698.0 406.0
0 799.0 408.0
0 865.0 408.0
0 825.0 409.0
0 842.0 410.0
0 1078.0 410.0
0 1053.0 411.0
0 715.0 412.0
0 735.0 412.0
0 1060.0 412.0
0 1071.0 412.0
0 1184.0 412.0
0 1083.0 414.0
0 1120.0 415.0
0 743.0 416.0
0 824.0 416.0
0 1107.0 416.0
0 1178.0 416.0
0 770.0 417.0
0 666.0 418.0
0 873.0 418.0
0 1033.0 419.0
0 1186.0 419.0
0 787.0 420.0
0 1049.0 420.0
0 1095.0 420.0
0 821.0 421.0
0 868.0 421.0
0 1060.0 421.0
0 860.0 422.0
0 1101.0 423.0
0 1171.0 423.0
0 691.0 424.0
0 1015.0 426.0
0 1075.0 426.0
0 1116.0 426.0
0 1166.0 426.0
0 664.0 427.0
0 742.0 427.0
0 814.0 427.0
0 1089.0 428.0
0 787.0 429.0
0 1138.0 429.0
0 1153.0 429.0
0 872.0 430.0
0 1046.0 430.0
0 821.0 431.0
0 1059.0 431.0
0 1191.0 431.0
0 854.0 432.0
0 1114.0 432.0
0 690.0 433.0
0 1086.0 433.0
0 1101.0 433.0
0 1166.0 435.0
0 786.0 437.0
0 1013.0 437.0
0 1122.0 437.0
0 817.0 438.0
0 1138.0 438.0
0 1153.0 438.0
0 842.0 442.0
0 850.0 442.0
0 1036.0 442.0
0 883.0 443.0
0 877.0 444.0
0 890.0 444.0
0 895.0 444.0
0 903.0 444.0
0 1196.0 444.0
0 908.0 445.0
0 915.0 445.0
0 921.0 445.0
0 926.0 445.0
0 932.0 445.0
0 1081.0 445.0
0 1181.0 445.0
0 937.0 446.0
0 942.0 446.0
0 948.0 446.0
0 737.0 447.0
0 749.0 447.0
0 1114.0 447.0
0 742.0 448.0
0 969.0 448.0
0 976.0 448.0
0 981.0 448.0
0 1109.0 448.0
0 888.0 449.0
0 990.0 449.0
0 883.0 450.0
0 915.0 450.0
0 1164.0 450.0
0 758.0 451.0
0 1009.0 451.0
0 998.0 452.0
0 786.0 453.0
0 791.0 453.0
0 874.0 453.0
0 1038.0 453.0
0 704.0 454.0
0 728.0 454.0
0 781.0 454.0
0 856.0 454.0
0 902.0 454.0
0 931.0 454.0
0 936.0 454.0
0 1059.0 454.0
0 716.0 455.0
0 721.0 455.0
0 733.0 455.0
0 941.0 455.0
0 956.0 455.0
0 1157.0 455.0
0 760.0 456.0
0 844.0 456.0
0 889.0 456.0
0 1003.0 456.0
0 676.0 457.0
0 896.0 457.0
0 966.0 457.0
0 1198.0 457.0
0 690.0 458.0
0 883.0 458.0
0 915.0 459.0
0 1144.0 459.0
0 1150.0 459.0
0 703.0 460.0
0 926.0 460.0
0 1106.0 460.0
0 1164.0 460.0
0 770.0 461.0
0 937.0 461.0
0 947.0 461.0
0 989.0 461.0
0 1002.0 461.0
0 1011.0 461.0
0 835.0 462.0
0 955.0 462.0
0 971.0 462.0
0 980.0 462.0
0 1050.0 462.0
0 667.0 463.0
0 807.0 463.0
0 844.0 463.0
0 854.0 463.0
0 865.0 464.0
0 1030.0 464.0
0 706.0 465.0
0 719.0 465.0
0 727.0 466.0
0 735.0 466.0
0 743.0 466.0
0 758.0 466.0
0 784.0 467.0
0 1040.0 467.0
0 1061.0 467.0
0 665.0 468.0
0 748.0 468.0
0 800.0 468.0
0 1092.0 468.0
0 830.0 469.0
0 870.0 469.0
0 1115.0 469.0
0 688.0 471.0
0 697.0 471.0
0 335.0 472.0
0 702.0 472.0
0 809.0 472.0
0 1145.0 472.0
0 664.0 473.0
0 837.0 473.0
0 1059.0 473.0
0 1154.0 473.0
0 1015.0 474.0
0 1028.0 474.0
0 1047.0 475.0
0 767.0 476.0
0 781.0 477.0
0 664.0 478.0
0 803.0 479.0
0 1093.0 479.0
0 827.0 480.0
0 1130.0 480.0
0 844.0 481.0
0 871.0 481.0
0 773.0 484.0
0 941.0 484.0
0 1156.0 484.0
0 706.0 485.0
0 795.0 485.0
0 1046.0 485.0
0 1082.0 485.0
0 738.0 487.0
0 1110.0 488.0
0 1115.0 488.0
0 752.0 489.0
0 783.0 489.0
0 788.0 489.0
0 1010.0 489.0
0 1104.0 489.0
0 1120.0 489.0
0 689.0 490.0
0 928.0 490.0
0 936.0 490.0
0 1079.0 490.0
0 1127.0 490.0
0 948.0 491.0
0 903.0 492.0
0 915.0 492.0
0 1095.0 492.0
0 808.0 493.0
0 962.0 493.0
0 1025.0 493.0
0 825.0 494.0
0 1038.0 494.0
0 1134.0 494.0
0 667.0 495.0
0 687.0 495.0
0 1060.0 496.0
0 1192.0 497.0
0 982.0 498.0
0 1074.0 498.0
0 938.0 499.0
0 953.0 499.0
0 995.0 499.0
0 933.0 500.0
0 944.0 500.0
0 1009.0 500.0
0 1154.0 501.0
0 1143.0 502.0
0 1171.0 502.0
0 794.0 503.0
0 968.0 503.0
0 885.0 504.0
0 1082.0 504.0
0 1148.0 504.0
0 1071.0 506.0
0 1024.0 507.0
0 1143.0 507.0
0 1167.0 507.0
0 986.0 509.0
0 1007.0 509.0
0 1063.0 509.0
0 835.0 510.0
0 872.0 510.0
0 920.0 510.0
0 1175.0 510.0
0 752.0 511.0
0 849.0 511.0
0 940.0 511.0
0 1053.0 511.0
0 782.0 512.0
0 1077.0 512.0
0 1164.0 512.0
0 864.0 513.0
0 1015.0 513.0
0 925.0 514.0
0 1189.0 514.0
0 914.0 515.0
0 934.0 515.0
0 822.0 516.0
0 858.0 517.0
0 896.0 518.0
0 1025.0 518.0
0 783.0 519.0
0 919.0 519.0
0 794.0 520.0
0 853.0 520.0
0 1008.0 520.0
0 1076.0 520.0
0 1161.0 520.0
0 805.0 521.0
0 904.0 521.0
0 1148.0 521.0
0 669.0 522.0
0 820.0 522.0
0 890.0 522.0
0 1174.0 522.0
0 914.0 525.0
0 923.0 525.0
0 934.0 525.0
0 1077.0 525.0
0 1199.0 525.0
0 844.0 526.0
0 858.0 526.0
0 904.0 526.0
0 909.0 526.0
0 993.0 526.0
0 894.0 527.0
0 899.0 527.0
0 763.0 528.0
0 885.0 529.0
0 958.0 529.0
0 963.0 530.0
0 1011.0 530.0
0 1079.0 530.0
0 1186.0 530.0
0 876.0 531.0
0 837.0 532.0
0 1023.0 532.0
0 751.0 533.0
0 1144.0 533.0
0 818.0 534.0
0 867.0 534.0
0 906.0 534.0
0 921.0 535.0
0 1081.0 535.0
0 981.0 536.0
0 1064.0 536.0
0 933.0 537.0
0 942.0 537.0
0 1200.0 537.0
0 832.0 538.0
0 948.0 538.0
0 1139.0 538.0
0 1162.0 538.0
0 859.0 539.0
0 1043.0 539.0
0 991.0 540.0
0 1177.0 540.0
0 783.0 541.0
0 769.0 542.0
0 961.0 542.0
0 794.0 543.0
0 805.0 543.0
0 851.0 543.0
0 883.0 543.0
0 1088.0 543.0
0 1134.0 543.0
0 900.0 544.0
0 827.0 545.0
0 869.0 545.0
0 973.0 545.0
0 999.0 545.0
0 1095.0 546.0
0 670.0 547.0
0 843.0 547.0
0 1127.0 547.0
0 821.0 549.0
0 1103.0 549.0
0 1110.0 549.0
0 1120.0 549.0
0 1115.0 550.0
0 991.0 551.0
0 1157.0 551.0
0 670.0 552.0
0 816.0 552.0
0 836.0 552.0
0 850.0 552.0
0 1194.0 552.0
0 864.0 553.0
0 934.0 553.0
0 1184.0 553.0
0 830.0 557.0
0 804.0 558.0
0 814.0 558.0
0 990.0 558.0
0 1034.0 558.0
0 1072.0 560.0
0 1157.0 560.0
0 1006.0 561.0
0 784.0 563.0
0 794.0 563.0
0 812.0 563.0
0 1106.0 563.0
0 824.0 564.0
0 1139.0 565.0
0 1160.0 565.0
0 1180.0 567.0
0 754.0 568.0
0 780.0 569.0
0 785.0 569.0
0 793.0 570.0
0 818.0 570.0
0 829.0 570.0
0 1016.0 571.0
0 809.0 572.0
0 891.0 573.0
0 953.0 573.0
0 822.0 575.0
0 877.0 577.0
0 909.0 583.0
0 672.0 584.0
0 890.0 585.0
0 939.0 585.0
0 899.0 586.0
0 1059.0 586.0
0 920.0 587.0
0 957.0 587.0
0 1060.0 591.0
0 848.0 592.0
0 881.0 592.0
0 967.0 593.0
0 914.0 595.0
0 843.0 596.0
0 866.0 596.0
0 981.0 596.0
0 991.0 596.0
0 810.0 597.0
0 901.0 597.0
0 955.0 598.0
0 858.0 603.0
0 887.0 603.0
0 674.0 604.0
0 983.0 605.0
0 994.0 606.0
0 1174.0 607.0
0 877.0 610.0
0 975.0 613.0
0 1002.0 613.0
0 958.0 614.0
0 699.0 615.0
0 675.0 616.0
0 996.0 617.0
0 838.0 620.0
0 820.0 621.0
0 846.0 621.0
0 872.0 622.0
0 910.0 622.0
0 944.0 624.0
0 957.0 624.0
0 699.0 626.0
0 865.0 626.0
0 986.0 626.0
0 1004.0 626.0
0 949.0 627.0
0 1014.0 627.0
0 1252.0 628.0
0 958.0 629.0
0 834.0 630.0
0 678.0 631.0
0 842.0 631.0
0 988.0 631.0
0 814.0 632.0
0 891.0 633.0
0 101.0 634.0
0 797.0 634.0
0 1015.0 636.0
0 888.0 638.0
0 920.0 638.0
0 700.0 639.0
0 961.0 640.0
0 902.0 643.0
0 951.0 643.0
0 838.0 644.0
0 991.0 644.0
0 829.0 645.0
0 937.0 645.0
0 533.0 647.0
0 677.0 647.0
0 795.0 648.0
0 991.0 649.0
0 910.0 650.0
0 957.0 650.0
0 889.0 652.0
0 918.0 652.0
0 924.0 653.0
0 986.0 653.0
0 701.0 655.0
0 808.0 657.0
0 1063.0 658.0
0 862.0 659.0
0 1021.0 659.0
0 1164.0 660.0
0 955.0 661.0
0 831.0 664.0
0 910.0 664.0
0 923.0 664.0
0 929.0 664.0
0 934.0 664.0
0 1133.0 664.0
0 1162.0 665.0
0 678.0 666.0
0 797.0 666.0
0 964.0 666.0
0 808.0 667.0
0 861.0 668.0
0 975.0 669.0
0 1017.0 671.0
0 896.0 672.0
0 1006.0 672.0
0 1038.0 672.0
0 1161.0 672.0
0 1060.0 673.0
0 979.0 677.0
0 1025.0 677.0
0 1127.0 677.0
0 809.0 678.0
0 1005.0 678.0
0 679.0 679.0
0 832.0 679.0
0 961.0 679.0
0 990.0 681.0
0 1463.0 681.0
0 840.0 682.0
0 952.0 683.0
0 877.0 685.0
0 1160.0 685.0
0 832.0 686.0
0 934.0 686.0
0 929.0 687.0
0 1037.0 688.0
0 1024.0 689.0
0 1054.0 689.0
0 534.0 691.0
0 958.0 691.0
0 807.0 692.0
0 948.0 692.0
0 1010.0 693.0
0 840.0 694.0
0 1022.0 695.0
0 489.0 696.0
0 957.0 696.0
0 809.0 697.0
0 946.0 697.0
0 919.0 698.0
0 924.0 698.0
0 1207.0 701.0
0 966.0 703.0
0 1018.0 703.0
0 1002.0 706.0
0 1155.0 706.0
0 820.0 712.0
0 856.0 712.0
0 1252.0 713.0
0 683.0 717.0
0 678.0 718.0
0 1007.0 719.0
0 471.0 720.0
0 827.0 720.0
0 875.0 721.0
0 984.0 721.0
0 164.0 723.0
0 883.0 725.0
0 1000.0 725.0
0 1005.0 725.0
0 833.0 727.0
0 870.0 728.0
0 889.0 729.0
0 991.0 729.0
0 966.0 730.0
0 894.0 731.0
0 839.0 732.0
0 903.0 734.0
0 944.0 735.0
0 952.0 735.0
0 957.0 735.0
0 884.0 736.0
0 890.0 738.0
0 473.0 739.0
0 847.0 739.0
0 969.0 739.0
0 897.0 740.0
0 926.0 740.0
0 961.0 741.0
0 954.0 744.0
0 972.0 744.0
0 817.0 745.0
0 926.0 745.0
0 948.0 745.0
0 935.0 746.0
0 568.0 747.0
0 1447.0 747.0
0 437.0 749.0
0 893.0 749.0
0 456.0 752.0
0 512.0 759.0
0 978.0 759.0
0 971.0 761.0
0 963.0 763.0
0 958.0 764.0
0 910.0 765.0
0 953.0 765.0
0 79.0 766.0
0 1336.0 766.0
0 1224.0 770.0
0 489.0 771.0
0 329.0 781.0
0 575.0 781.0
0 1175.0 783.0
0 1263.0 787.0
0 614.0 791.0
0 592.0 794.0
0 1107.0 796.0
0 636.0 798.0
0 569.0 800.0
0 310.0 802.0
0 190.0 805.0
0 629.0 805.0
0 1386.0 805.0
0 535.0 807.0
0 585.0 807.0
0 560.0 810.0
0 643.0 810.0
0 1234.0 810.0
0 1341.0 811.0
0 1221.0 816.0
0 525.0 820.0
0 570.0 821.0
0 492.0 822.0
0 448.0 823.0
0 138.0 824.0
0 177.0 827.0
0 429.0 827.0
0 468.0 827.0
0 638.0 830.0
0 549.0 831.0
0 760.0 832.0
0 1216.0 832.0
0 1123.0 837.0
0 1051.0 838.0
0 565.0 839.0
0 585.0 840.0
0 1201.0 840.0
0 500.0 841.0
0 608.0 841.0
0 627.0 841.0
0 556.0 845.0
0 1337.0 846.0
0 90.0 847.0
0 1360.0 847.0
0 1459.0 849.0
0 1383.0 851.0
0 529.0 852.0
0 655.0 855.0
0 423.0 858.0
0 550.0 858.0
0 1434.0 858.0
0 102.0 859.0
0 265.0 859.0
0 1079.0 859.0
0 991.0 861.0
0 1184.0 861.0
0 501.0 863.0
0 495.0 866.0
0 135.0 867.0
0 243.0 871.0
0 386.0 874.0
0 1195.0 875.0
0 1288.0 876.0
0 957.0 877.0
0 1181.0 877.0
0 947.0 882.0
0 834.0 885.0
0 752.0 887.0
0 1030.0 887.0
0 1099.0 888.0
0 339.0 889.0
0 1119.0 889.0
0 1316.0 889.0
0 287.0 890.0
0 322.0 893.0
0 1194.0 894.0
0 359.0 902.0
0 991.0 903.0
0 380.0 905.0
0 1180.0 905.0
0 315.0 909.0
0 879.0 910.0
0 364.0 913.0
0 1381.0 914.0
0 98.0 915.0
0 214.0 915.0
0 25.0 916.0
0 1173.0 916.0
0 1196.0 919.0
0 183.0 921.0
0 222.0 921.0
0 232.0 921.0
0 304.0 923.0
0 1138.0 927.0
0 87.0 929.0
0 149.0 929.0
0 659.0 929.0
0 756.0 929.0
0 905.0 934.0
0 106.0 938.0
0 1188.0 938.0
0 713.0 941.0
0 1058.0 941.0
0 1175.0 942.0
0 179.0 949.0
0 1024.0 949.0
0 887.0 951.0
0 875.0 954.0
0 1002.0 959.0
0 109.0 960.0
0 986.0 966.0
0 1088.0 967.0
0 53.0 971.0
0 1180.0 972.0
0 835.0 974.0
0 1168.0 976.0
0 27.0 981.0
0 424.0 986.0
1 1050.0 94.0
1 895.0 191.0
1 870.0 363.0
1 811.0 364.0
1 838.0 364.0
1 738.0 367.0
1 828.0 368.0
1 833.0 368.0
1 840.0 372.0
1 874.0 373.0
1 855.0 377.0
1 871.0 380.0
1 887.0 388.0
1 835.0 393.0
1 1031.0 393.0
1 828.0 394.0
1 849.0 396.0
1 699.0 398.0
1 672.0 401.0
1 819.0 401.0
1 944.0 401.0
1 968.0 401.0
1 1017.0 401.0
1 1037.0 401.0
1 636.0 403.0
1 818.0 407.0
1 858.0 408.0
1 686.0 409.0
1 830.0 409.0
1 660.0 410.0
1 960.0 410.0
1 965.0 410.0
1 983.0 410.0
1 818.0 412.0
1 1034.0 412.0
1 804.0 413.0
1 1045.0 416.0
1 818.0 417.0
1 938.0 417.0
1 1033.0 417.0
1 620.0 418.0
1 645.0 418.0
1 678.0 418.0
1 854.0 418.0
1 608.0 419.0
1 656.0 420.0
1 830.0 420.0
1 954.0 422.0
1 964.0 423.0
1 976.0 423.0
1 827.0 425.0
1 1033.0 425.0
1 944.0 426.0
1 1051.0 429.0
1 841.0 430.0
1 1030.0 430.0
1 621.0 431.0
1 926.0 431.0
1 943.0 431.0
1 1017.0 432.0
1 687.0 433.0
1 692.0 433.0
1 704.0 433.0
1 709.0 433.0
1 714.0 433.0
1 719.0 433.0
1 737.0 433.0
1 743.0 433.0
1 1002.0 433.0
1 645.0 434.0
1 699.0 434.0
1 726.0 434.0
1 732.0 434.0
1 760.0 434.0
1 765.0 434.0
1 774.0 434.0
1 785.0 434.0
1 790.0 434.0
1 915.0 434.0
1 957.0 434.0
1 977.0 434.0
1 982.0 434.0
1 988.0 434.0
1 672.0 435.0
1 682.0 435.0
1 779.0 435.0
1 606.0 436.0
1 795.0 436.0
1 836.0 436.0
1 1033.0 437.0
1 613.0 440.0
1 651.0 440.0
1 1018.0 441.0
1 576.0 442.0
1 733.0 442.0
1 750.0 442.0
1 900.0 442.0
1 967.0 442.0
1 984.0 442.0
1 1002.0 442.0
1 1052.0 442.0
1 925.0 443.0
1 977.0 443.0
1 620.0 444.0
1 682.0 444.0
1 839.0 444.0
1 876.0 444.0
1 916.0 444.0
1 1070.0 444.0
1 651.0 445.0
1 667.0 445.0
1 957.0 446.0
1 1056.0 447.0
1 688.0 448.0
1 699.0 448.0
1 715.0 448.0
1 724.0 448.0
1 777.0 448.0
1 795.0 448.0
1 733.0 449.0
1 744.0 449.0
1 763.0 449.0
1 772.0 449.0
1 814.0 449.0
1 859.0 451.0
1 570.0 452.0
1 582.0 453.0
1 651.0 453.0
1 1037.0 453.0
1 888.0 454.0
1 916.0 454.0
1 994.0 455.0
1 667.0 456.0
1 953.0 456.0
1 1073.0 456.0
1 677.0 457.0
1 830.0 457.0
1 958.0 457.0
1 913.0 459.0
1 800.0 460.0
1 813.0 460.0
1 1038.0 460.0
1 867.0 461.0
1 878.0 461.0
1 681.0 462.0
1 958.0 462.0
1 821.0 463.0
1 926.0 463.0
1 627.0 465.0
1 664.0 465.0
1 797.0 465.0
1 1039.0 465.0
1 614.0 466.0
1 993.0 466.0
1 949.0 467.0
1 977.0 467.0
1 1061.0 467.0
1 864.0 469.0
1 740.0 470.0
1 891.0 470.0
1 609.0 471.0
1 650.0 471.0
1 932.0 471.0
1 821.0 472.0
1 843.0 472.0
1 945.0 472.0
1 991.0 472.0
1 592.0 473.0
1 658.0 473.0
1 964.0 473.0
1 672.0 474.0
1 711.0 474.0
1 974.0 474.0
1 684.0 475.0
1 782.0 475.0
1 643.0 476.0
1 698.0 477.0
1 703.0 477.0
1 658.0 478.0
1 897.0 478.0
1 992.0 478.0
1 665.0 479.0
1 892.0 479.0
1 1074.0 479.0
1 582.0 480.0
1 907.0 480.0
1 570.0 481.0
1 802.0 481.0
1 814.0 481.0
1 727.0 482.0
1 822.0 482.0
1 847.0 482.0
1 953.0 483.0
1 1060.0 483.0
1 919.0 484.0
1 948.0 485.0
1 609.0 486.0
1 615.0 486.0
1 629.0 487.0
1 675.0 487.0
1 744.0 487.0
1 926.0 487.0
1 1073.0 487.0
1 659.0 488.0
1 687.0 488.0
1 831.0 488.0
1 866.0 488.0
1 645.0 489.0
1 692.0 489.0
1 880.0 489.0
1 577.0 490.0
1 582.0 490.0
1 788.0 491.0
1 801.0 491.0
1 851.0 491.0
1 565.0 492.0
1 699.0 492.0
1 759.0 492.0
1 1074.0 492.0
1 590.0 493.0
1 668.0 493.0
1 931.0 493.0
1 1060.0 493.0
1 708.0 495.0
1 874.0 495.0
1 632.0 496.0
1 715.0 498.0
1 824.0 498.0
1 869.0 498.0
1 952.0 498.0
1 959.0 498.0
1 661.0 499.0
1 843.0 499.0
1 793.0 501.0
1 701.0 503.0
1 723.0 503.0
1 767.0 503.0
1 870.0 503.0
1 959.0 503.0
1 779.0 504.0
1 936.0 504.0
1 592.0 506.0
1 657.0 506.0
1 607.0 507.0
1 582.0 508.0
1 731.0 508.0
1 786.0 508.0
1 802.0 508.0
1 822.0 508.0
1 691.0 509.0
1 713.0 509.0
1 773.0 509.0
1 835.0 509.0
1 812.0 511.0
1 854.0 511.0
1 1060.0 511.0
1 560.0 513.0
1 720.0 513.0
1 740.0 513.0
1 870.0 513.0
1 940.0 513.0
1 782.0 515.0
1 1074.0 515.0
1 1051.0 516.0
1 991.0 517.0
1 1041.0 517.0
1 728.0 518.0
1 870.0 518.0
1 979.0 518.0
1 574.0 519.0
1 749.0 519.0
1 819.0 519.0
1 1065.0 519.0
1 624.0 520.0
1 1015.0 520.0
1 720.0 524.0
1 791.0 524.0
1 606.0 525.0
1 1023.0 525.0
1 669.0 527.0
1 735.0 527.0
1 940.0 527.0
1 873.0 528.0
1 1006.0 529.0
1 1061.0 530.0
1 963.0 531.0
1 1030.0 531.0
1 744.0 532.0
1 796.0 532.0
1 1016.0 532.0
1 751.0 533.0
1 763.0 533.0
1 824.0 533.0
1 875.0 533.0
1 1050.0 533.0
1 630.0 534.0
1 843.0 535.0
1 936.0 536.0
1 656.0 537.0
1 731.0 537.0
1 1035.0 537.0
1 615.0 539.0
1 623.0 540.0
1 824.0 540.0
1 1003.0 541.0
1 817.0 542.0
1 1016.0 542.0
1 633.0 543.0
1 575.0 544.0
1 880.0 544.0
1 931.0 544.0
1 644.0 545.0
1 658.0 545.0
1 610.0 547.0
1 680.0 547.0
1 875.0 547.0
1 1018.0 547.0
1 1030.0 547.0
1 622.0 548.0
1 808.0 548.0
1 835.0 548.0
1 887.0 548.0
1 953.0 548.0
1 1045.0 549.0
1 570.0 550.0
1 925.0 551.0
1 614.0 552.0
1 680.0 552.0
1 920.0 552.0
1 1007.0 552.0
1 895.0 553.0
1 1073.0 553.0
1 567.0 555.0
1 911.0 555.0
1 1024.0 555.0
1 840.0 556.0
1 904.0 556.0
1 687.0 557.0
1 708.0 557.0
1 727.0 557.0
1 732.0 558.0
1 647.0 560.0
1 749.0 560.0
1 992.0 560.0
1 595.0 562.0
1 878.0 562.0
1 1050.0 562.0
1 667.0 563.0
1 964.0 563.0
1 695.0 565.0
1 991.0 565.0
1 601.0 568.0
1 681.0 569.0
1 700.0 571.0
1 641.0 572.0
1 663.0 572.0
1 843.0 573.0
1 830.0 575.0
1 1033.0 575.0
1 886.0 577.0
1 921.0 577.0
1 789.0 579.0
1 823.0 579.0
1 622.0 580.0
1 709.0 580.0
1 953.0 580.0
1 989.0 580.0
1 582.0 581.0
1 759.0 581.0
1 1048.0 581.0
1 917.0 582.0
1 689.0 583.0
1 556.0 584.0
1 590.0 584.0
1 935.0 585.0
1 952.0 585.0
1 1048.0 586.0
1 646.0 587.0
1 867.0 587.0
1 715.0 588.0
1 848.0 588.0
1 991.0 589.0
1 1072.0 590.0
1 673.0 591.0
1 951.0 591.0
1 615.0 592.0
1 578.0 594.0
1 828.0 594.0
1 587.0 596.0
1 637.0 596.0
1 679.0 596.0
1 719.0 596.0
1 942.0 598.0
1 947.0 598.0
1 999.0 598.0
1 850.0 599.0
1 1040.0 599.0
1 662.0 600.0
1 688.0 600.0
1 700.0 601.0
1 1004.0 601.0
1 578.0 602.0
1 1009.0 603.0
1 1032.0 603.0
1 731.0 604.0
1 1016.0 605.0
1 1024.0 605.0
1 675.0 607.0
1 723.0 607.0
1 652.0 608.0
1 665.0 610.0
1 568.0 611.0
1 576.0 611.0
1 586.0 612.0
1 704.0 613.0
1 1072.0 613.0
1 1034.0 614.0
1 674.0 616.0
1 689.0 616.0
1 713.0 618.0
1 623.0 622.0
1 740.0 624.0
1 635.0 625.0
1 660.0 625.0
1 553.0 626.0
1 1025.0 628.0
1 676.0 629.0
1 740.0 629.0
1 677.0 634.0
1 586.0 635.0
1 580.0 636.0
1 680.0 639.0
1 554.0 641.0
1 637.0 641.0
1 1047.0 645.0
1 555.0 646.0
1 639.0 646.0
1 650.0 648.0
1 617.0 650.0
1 692.0 651.0
1 898.0 651.0
1 833.0 653.0
1 582.0 654.0
1 840.0 654.0
1 702.0 656.0
1 740.0 657.0
1 591.0 658.0
1 684.0 659.0
1 709.0 659.0
1 715.0 659.0
1 721.0 660.0
1 728.0 661.0
1 582.0 662.0
1 740.0 662.0
1 659.0 664.0
1 693.0 664.0
1 673.0 665.0
1 831.0 665.0
1 559.0 666.0
1 1031.0 666.0
1 706.0 667.0
1 727.0 668.0
1 596.0 671.0
1 587.0 674.0
1 848.0 675.0
1 581.0 676.0
1 639.0 676.0
1 691.0 678.0
1 676.0 679.0
1 745.0 679.0
1 653.0 680.0
1 732.0 680.0
1 845.0 682.0
1 843.0 687.0
1 894.0 687.0
1 639.0 688.0
1 701.0 688.0
1 586.0 689.0
1 607.0 690.0
1 651.0 690.0
1 1071.0 691.0
1 715.0 692.0
1 589.0 694.0
1 572.0 696.0
1 709.0 696.0
1 727.0 696.0
1 862.0 696.0
1 1072.0 696.0
1 600.0 698.0
1 703.0 698.0
1 770.0 699.0
1 734.0 700.0
1 835.0 700.0
1 1063.0 700.0
1 696.0 701.0
1 861.0 701.0
1 595.0 702.0
1 668.0 702.0
1 604.0 703.0
1 673.0 703.0
1 678.0 703.0
1 724.0 703.0
1 609.0 704.0
1 769.0 704.0
1 860.0 706.0
1 1058.0 707.0
1 1071.0 708.0
1 614.0 709.0
1 719.0 709.0
1 729.0 709.0
1 767.0 709.0
1 622.0 710.0
1 827.0 710.0
1 628.0 714.0
1 725.0 714.0
1 614.0 715.0
1 585.0 716.0
1 713.0 716.0
1 886.0 716.0
1 1071.0 716.0
1 311.0 718.0
1 893.0 718.0
1 725.0 719.0
1 987.0 719.0
1 636.0 720.0
1 1039.0 720.0
1 1060.0 720.0
1 618.0 721.0
1 809.0 721.0
1 1072.0 721.0
1 623.0 722.0
1 641.0 723.0
1 734.0 724.0
1 760.0 724.0
1 632.0 725.0
1 718.0 725.0
1 646.0 726.0
1 1072.0 726.0
1 626.0 729.0
1 638.0 729.0
1 699.0 729.0
1 863.0 729.0
1 585.0 730.0
1 666.0 731.0
1 729.0 731.0
1 684.0 732.0
1 689.0 732.0
1 1066.0 732.0
1 671.0 733.0
1 97.0 734.0
1 584.0 736.0
1 884.0 736.0
1 993.0 736.0
1 636.0 737.0
1 1040.0 737.0
1 700.0 738.0
1 692.0 740.0
1 584.0 741.0
1 1071.0 741.0
1 1436.0 741.0
1 1456.0 741.0
1 311.0 742.0
1 647.0 742.0
1 722.0 742.0
1 1282.0 742.0
1 248.0 743.0
1 682.0 743.0
1 662.0 746.0
1 745.0 746.0
1 584.0 748.0
1 992.0 749.0
1 395.0 751.0
1 1071.0 752.0
1 113.0 755.0
1 990.0 755.0
1 1039.0 756.0
1 738.0 762.0
1 720.0 763.0
1 655.0 766.0
1 992.0 766.0
1 1069.0 771.0
1 585.0 775.0
1 360.0 781.0
1 993.0 781.0
1 1006.0 783.0
1 1067.0 786.0
1 586.0 792.0
1 585.0 799.0
1 1066.0 802.0
1 251.0 807.0
1 585.0 814.0
1 1068.0 816.0
1 1064.0 826.0
1 729.0 830.0
1 935.0 834.0
1 980.0 836.0
1 694.0 843.0
1 1065.0 846.0
1 573.0 850.0
1 23.0 857.0
1 527.0 863.0
1 1064.0 864.0
1 359.0 865.0
1 364.0 866.0
1 1360.0 867.0
1 288.0 868.0
1 889.0 870.0
1 543.0 875.0
1 680.0 878.0
1 902.0 879.0
1 114.0 880.0
1 367.0 880.0
1 729.0 891.0
1 859.0 896.0
1 1064.0 901.0
1 733.0 907.0
1 814.0 910.0
1 744.0 916.0
1 735.0 917.0
1 734.0 922.0
1 691.0 926.0
1 717.0 926.0
1 736.0 931.0
1 847.0 945.0
1 842.0 954.0
1 751.0 959.0
