0 9 21 339.1269246574664
0 6 31 375.292317455588
0 7 32 286.391443429627
0 12 74 264.47551697937126
0 14 75 180.7331096380989
0 38 83 395.54632408588407
0 18 94 236.62122164763653
0 74 96 391.9864029641706
0 32 98 336.13406722093913
0 52 99 316.64564153087144
0 39 101 469.2675526237472
0 87 103 229.20733563325547
0 24 106 316.3444276524876
0 68 112 189.34717204040646
0 48 122 499.4684006276246
0 30 126 212.62010894976942
0 91 128 216.0207094972822
0 36 133 287.5172883888777
0 112 135 265.9942248430049
0 40 144 259.4746544919144
0 31 149 112.13945244006946
0 71 151 256.9229050551385
0 110 153 443.60601275790447
0 88 154 357.38858963692945
0 72 158 335.8460104712063
0 131 159 261.3713617510986
0 67 161 266.64390758222396
0 62 162 207.11304465156303
0 73 165 265.8491478818147
0 93 168 142.7155483598046
0 54 170 235.7387381823902
0 41 171 110.49821625757758
0 55 178 357.83092455883565
0 56 180 426.7529199938876
0 53 181 164.1918419519484
0 80 183 274.7022494037374
0 158 186 492.3677235498091
0 58 189 350.400860984629
0 111 191 389.82753078214165
0 89 192 175.15132014810365
0 165 193 342.39974497394485
0 59 195 280.8470298971767
0 82 199 126.79470925902343
0 94 202 447.22298878364955
0 86 203 308.89669769065085
0 64 204 255.9827745966191
0 95 207 385.29654556939363
0 65 211 303.445436864827
0 97 213 198.93472814698666
0 60 215 323.16204315449244
0 98 228 210.67766775779728
0 85 229 169.78458270184845
0 83 231 194.94359292555708
0 70 232 164.10073427212964
0 120 233 319.60275814562686
0 99 238 209.2565749803228
0 84 239 275.02571007299633
0 179 240 403.2639514503086
0 102 243 244.01925977608028
0 116 246 206.19209870546902
0 103 248 321.1937678834873
0 118 252 259.10250100113865
0 104 253 226.7965984327755
0 107 257 266.6492473537664
0 100 259 194.73585060933533
0 105 260 310.64647129538207
0 124 262 176.57110423770456
0 136 264 244.75528433816845
0 127 265 286.5375946164349
0 130 268 262.49894779597287
0 106 271 197.32083693913302
0 140 274 199.3793495945974
0 135 275 317.83102488719203
0 117 276 242.28798828390842
0 164 278 383.25527037743547
0 129 289 205.5420539851821
0 122 290 144.5999961560012
0 146 291 309.6287068641754
0 147 292 371.19746534933864
0 139 296 137.30443045583715
0 184 297 313.21041300602707
0 149 300 438.2969468649188
0 143 302 137.77479772773464
0 150 303 262.65071067573643
0 141 304 397.87988270793414
0 198 307 310.3636769103367
0 172 312 335.174689352582
0 163 313 142.2361124675804
0 157 321 306.7478165731278
0 180 325 161.16379956272985
0 185 326 323.2107279073468
0 161 327 245.33999302609905
0 173 332 252.67762999657668
0 174 336 242.7153562901847
0 192 342 369.39220825200164
0 195 343 234.26943318963214
0 167 344 359.6674689068078
0 206 345 229.90504428633298
0 210 348 353.80206318966475
0 200 352 267.8637276596832
0 238 353 342.1190614879571
0 194 359 307.64342977391516
0 227 360 161.69292637009306
0 249 361 216.98141953193038
0 188 364 451.54115671179085
0 266 365 264.48435594466537
0 219 367 205.6571474591918
0 226 372 406.541534242602
0 228 373 277.19968967648913
0 278 375 266.77082737882233
0 232 382 266.82729854476264
0 244 384 146.8710187563003
0 229 387 253.71180875121317
0 270 388 147.29392921009875
0 214 393 434.0218062300096
0 225 401 354.61955404581204
0 235 402 255.98765684515942
0 247 404 302.8729868827736
0 288 409 287.7131336173386
0 313 414 224.8197274392382
0 234 416 294.4669465678465
0 282 420 274.16049744039003
0 312 422 223.5687344409551
0 269 426 227.84000017382812
0 317 433 319.3562476152569
0 246 440 466.9011764077264
0 275 444 283.2722598527314
0 293 445 186.54152004753485
0 326 446 474.9662436321526
0 335 447 176.90381088522784
0 306 451 264.284414697975
0 271 453 217.83149249460263
0 262 454 447.636896096855
0 343 456 181.56623727459134
0 316 459 225.51267281028564
0 242 460 413.2737575158471
0 310 461 171.79045909147086
0 300 464 111.08991797647721
0 338 465 181.4055292887172
0 351 467 214.88280923795907
0 322 470 212.3840041217942
0 324 472 201.24189733508757
0 330 475 236.06315272865626
0 331 476 232.6809880292256
0 327 477 242.9335019187402
0 363 478 220.98346451958383
0 388 485 227.51084212100784
0 368 486 112.33865211423215
0 303 490 251.68269097342807
0 372 491 280.3129433089951
0 371 492 185.75782726039907
0 273 493 308.6781754534187
0 254 495 356.40495128200143
0 377 496 152.5649995644174
0 375 497 109.62759247262743
0 367 498 291.05241755847345
0 403 499 255.07088437624668
0 290 500 248.88407850732594
0 268 503 392.60442658892526
0 280 505 353.9816301997701
0 291 509 382.1851221942433
0 292 510 222.88580056248813
0 323 511 257.79420613559824
0 307 513 165.94400468360215
0 304 514 461.2640512302508
0 299 515 410.35574183068843
0 301 519 279.09658843456725
0 294 521 472.9430820878461
0 329 524 113.41192862894064
0 356 528 262.70181035184004
0 336 529 427.0248773086046
0 320 534 490.6558778549604
0 359 538 114.20189917008139
0 364 540 113.32246211814699
0 355 541 281.11688611553143
0 380 545 389.145176628859
0 376 549 120.09106961849582
0 385 551 365.3986702551954
0 392 552 380.40407975118626
0 384 553 116.61469338730844
0 386 563 440.79359955020027
0 405 570 109.98044081680388
0 407 571 113.26060993600792
0 410 579 332.69673537227516
0 432 583 358.3975007986776
0 424 587 106.22861976310634
0 438 590 164.14674923763783
0 423 597 430.09999817984703
0 443 600 331.1008146273748
0 441 602 152.5252065182163
0 442 604 118.39689966004289
0 447 612 154.15028471541092
0 445 619 254.34703149135615
0 453 620 126.46146208733877
0 444 622 265.68771366527375
0 555 624 350.76767204345305
0 457 626 118.37748518430686
0 463 629 355.5677630059151
0 450 630 255.7134071387582
0 467 632 340.60492580615005
0 454 633 249.07333205262466
0 565 640 436.5111636806677
0 471 645 200.14291477912985
0 477 648 170.4911355811344
0 475 649 321.81313288350026
0 485 651 294.01685076729575
0 481 653 309.89399146431015
0 473 657 211.20816451238667
0 492 664 358.51237975795544
0 569 666 270.88219399965806
0 493 671 406.3089569664851
0 501 672 224.95462449975997
0 516 674 263.79741210790473
0 506 676 495.0033321642176
0 508 677 234.85865371323382
0 518 678 122.75752718875566
0 513 679 447.8230533147341
0 520 681 466.6234083012117
0 523 683 304.8327275337066
0 572 684 363.5058044371751
0 534 688 313.7293973395147
0 538 690 208.64669419817437
0 539 692 280.6347143867223
0 579 696 438.3788891025695
0 576 697 366.49588721412863
0 547 701 402.5438852842676
0 552 703 454.02144240676705
0 559 720 272.99268671494457
0 567 723 483.36092424264245
0 581 724 305.2961846201998
0 586 743 455.27190864394925
0 527 744 380.8534667162146
0 587 752 148.04829293082696
0 584 788 130.9989373895294
0 582 793 320.590289757189
0 585 803 134.19018143955407

0 879.0 338.0
0 884.0 338.0
0 891.0 340.0
0 942.0 343.0
0 956.0 345.0
0 886.0 350.0
0 904.0 351.0
0 937.0 352.0
0 925.0 354.0
0 865.0 358.0
0 876.0 359.0
0 925.0 359.0
0 955.0 359.0
0 904.0 361.0
0 918.0 361.0
0 887.0 363.0
0 934.0 364.0
0 944.0 364.0
0 969.0 366.0
0 822.0 367.0
0 864.0 367.0
0 959.0 367.0
0 757.0 368.0
0 859.0 368.0
0 902.0 368.0
0 775.0 369.0
0 925.0 369.0
0 831.0 370.0
0 913.0 370.0
0 789.0 371.0
0 852.0 372.0
0 933.0 372.0
0 947.0 374.0
0 732.0 375.0
0 684.0 376.0
0 689.0 376.0
0 696.0 376.0
0 844.0 376.0
0 679.0 377.0
0 701.0 377.0
0 759.0 377.0
0 710.0 378.0
0 787.0 379.0
0 977.0 379.0
0 754.0 380.0
0 764.0 380.0
0 799.0 380.0
0 940.0 380.0
0 830.0 381.0
0 842.0 383.0
0 663.0 385.0
0 781.0 385.0
0 720.0 388.0
0 960.0 389.0
0 746.0 390.0
0 709.0 391.0
0 767.0 391.0
0 787.0 392.0
0 822.0 392.0
0 677.0 393.0
0 779.0 393.0
0 794.0 393.0
0 799.0 394.0
0 1060.0 394.0
0 695.0 395.0
0 724.0 396.0
0 737.0 396.0
0 809.0 396.0
0 789.0 397.0
0 814.0 397.0
0 754.0 398.0
0 1118.0 398.0
0 661.0 399.0
0 1054.0 399.0
0 956.0 401.0
0 964.0 401.0
0 646.0 402.0
0 789.0 402.0
0 1136.0 402.0
0 710.0 403.0
0 742.0 403.0
0 635.0 404.0
0 695.0 404.0
0 724.0 404.0
0 747.0 404.0
0 1051.0 404.0
0 1069.0 404.0
0 735.0 405.0
0 823.0 405.0
0 661.0 406.0
0 779.0 407.0
0 789.0 409.0
0 798.0 409.0
0 806.0 409.0
0 1123.0 409.0
0 766.0 411.0
0 677.0 413.0
0 754.0 413.0
0 1059.0 413.0
0 694.0 414.0
0 819.0 415.0
0 1047.0 415.0
0 1133.0 415.0
0 627.0 416.0
0 781.0 416.0
0 859.0 416.0
0 962.0 417.0
0 997.0 417.0
0 1008.0 417.0
0 797.0 418.0
0 1142.0 418.0
0 1027.0 419.0
0 723.0 420.0
0 1035.0 420.0
0 1081.0 420.0
0 1123.0 420.0
0 778.0 422.0
0 1056.0 422.0
0 648.0 423.0
0 739.0 423.0
0 664.0 424.0
0 625.0 425.0
0 1138.0 426.0
0 772.0 427.0
0 784.0 427.0
0 1021.0 427.0
0 1080.0 427.0
0 648.0 428.0
0 697.0 428.0
0 1032.0 428.0
0 1039.0 428.0
0 1146.0 428.0
0 739.0 429.0
0 810.0 430.0
0 764.0 432.0
0 647.0 433.0
0 993.0 435.0
0 1045.0 435.0
0 1142.0 436.0
0 1010.0 437.0
0 1152.0 437.0
0 772.0 438.0
0 1020.0 438.0
0 1071.0 438.0
0 1132.0 438.0
0 809.0 439.0
0 1076.0 439.0
0 739.0 441.0
0 768.0 443.0
0 952.0 443.0
0 1033.0 443.0
0 1058.0 443.0
0 1002.0 446.0
0 974.0 447.0
0 1044.0 447.0
0 365.0 448.0
0 796.0 448.0
0 1018.0 448.0
0 1076.0 448.0
0 692.0 449.0
0 704.0 449.0
0 1123.0 449.0
0 1132.0 449.0
0 967.0 450.0
0 1094.0 450.0
0 1109.0 451.0
0 1157.0 451.0
0 1043.0 452.0
0 1067.0 452.0
0 818.0 453.0
0 823.0 453.0
0 949.0 453.0
0 662.0 454.0
0 712.0 454.0
0 1056.0 454.0
0 1123.0 454.0
0 672.0 455.0
0 682.0 455.0
0 832.0 455.0
0 837.0 455.0
0 842.0 455.0
0 812.0 456.0
0 847.0 456.0
0 1134.0 456.0
0 733.0 457.0
0 857.0 457.0
0 648.0 458.0
0 738.0 458.0
0 743.0 458.0
0 863.0 458.0
0 974.0 458.0
0 986.0 458.0
0 1077.0 458.0
0 628.0 459.0
0 869.0 459.0
0 878.0 459.0
0 1124.0 459.0
0 727.0 460.0
0 886.0 460.0
0 811.0 461.0
0 852.0 461.0
0 1070.0 461.0
0 1092.0 461.0
0 1109.0 461.0
0 906.0 462.0
0 1154.0 462.0
0 751.0 463.0
0 794.0 463.0
0 913.0 463.0
0 893.0 464.0
0 919.0 464.0
0 927.0 465.0
0 644.0 466.0
0 815.0 466.0
0 898.0 466.0
0 969.0 466.0
0 682.0 467.0
0 840.0 467.0
0 873.0 467.0
0 1155.0 467.0
0 690.0 468.0
0 695.0 468.0
0 701.0 468.0
0 721.0 468.0
0 749.0 468.0
0 760.0 468.0
0 784.0 468.0
0 821.0 468.0
0 833.0 468.0
0 935.0 468.0
0 711.0 469.0
0 893.0 469.0
0 946.0 469.0
0 1069.0 469.0
0 1145.0 469.0
0 987.0 470.0
0 1160.0 470.0
0 736.0 471.0
0 852.0 471.0
0 903.0 471.0
0 659.0 472.0
0 793.0 472.0
0 798.0 472.0
0 863.0 472.0
0 1009.0 472.0
0 624.0 473.0
0 803.0 473.0
0 647.0 474.0
0 873.0 474.0
0 1112.0 474.0
0 774.0 475.0
0 884.0 475.0
0 1117.0 475.0
0 892.0 476.0
0 908.0 476.0
0 1049.0 476.0
0 762.0 477.0
0 914.0 477.0
0 926.0 477.0
0 939.0 477.0
0 919.0 478.0
0 720.0 479.0
0 808.0 479.0
0 947.0 479.0
0 1112.0 479.0
0 1088.0 480.0
0 732.0 481.0
0 996.0 481.0
0 1096.0 481.0
0 939.0 482.0
0 1158.0 482.0
0 966.0 483.0
0 657.0 484.0
0 755.0 484.0
0 1011.0 484.0
0 1106.0 484.0
0 979.0 485.0
0 1062.0 485.0
0 1117.0 485.0
0 771.0 486.0
0 647.0 487.0
0 1042.0 487.0
0 694.0 489.0
0 785.0 489.0
0 625.0 490.0
0 746.0 491.0
0 810.0 491.0
0 735.0 492.0
0 740.0 492.0
0 951.0 492.0
0 965.0 492.0
0 1003.0 492.0
0 1061.0 492.0
0 981.0 493.0
0 630.0 494.0
0 644.0 494.0
0 873.0 496.0
0 991.0 496.0
0 1158.0 496.0
0 1094.0 497.0
0 1073.0 498.0
0 770.0 499.0
0 969.0 501.0
0 1038.0 501.0
0 1058.0 501.0
0 837.0 504.0
0 863.0 504.0
0 987.0 505.0
0 831.0 506.0
0 849.0 506.0
0 883.0 506.0
0 911.0 506.0
0 934.0 506.0
0 949.0 506.0
0 808.0 507.0
0 895.0 507.0
0 1026.0 507.0
0 844.0 509.0
0 1103.0 509.0
0 802.0 510.0
0 1047.0 512.0
0 1052.0 512.0
0 1059.0 512.0
0 707.0 513.0
0 870.0 513.0
0 978.0 513.0
0 1021.0 513.0
0 1040.0 513.0
0 1082.0 513.0
0 770.0 514.0
0 878.0 514.0
0 886.0 514.0
0 1066.0 514.0
0 1089.0 514.0
0 841.0 515.0
0 916.0 515.0
0 1032.0 515.0
0 812.0 516.0
0 1005.0 516.0
0 632.0 517.0
0 735.0 517.0
0 740.0 517.0
0 950.0 517.0
0 1071.0 517.0
0 900.0 518.0
0 935.0 518.0
0 766.0 519.0
0 1076.0 519.0
0 1017.0 520.0
0 729.0 522.0
0 737.0 523.0
0 797.0 523.0
0 1024.0 523.0
0 1152.0 524.0
0 747.0 525.0
0 752.0 525.0
0 865.0 525.0
0 1015.0 525.0
0 757.0 526.0
0 918.0 526.0
0 964.0 526.0
0 1102.0 526.0
0 765.0 527.0
0 791.0 527.0
0 874.0 527.0
0 1130.0 527.0
0 847.0 528.0
0 1085.0 528.0
0 858.0 530.0
0 884.0 530.0
0 1009.0 530.0
0 717.0 531.0
0 949.0 531.0
0 995.0 531.0
0 783.0 532.0
0 1138.0 532.0
0 878.0 533.0
0 772.0 535.0
0 1009.0 535.0
0 866.0 536.0
0 871.0 536.0
0 925.0 536.0
0 1016.0 536.0
0 777.0 537.0
0 961.0 537.0
0 767.0 538.0
0 885.0 538.0
0 1089.0 538.0
0 1120.0 538.0
0 815.0 539.0
0 824.0 539.0
0 829.0 539.0
0 834.0 539.0
0 942.0 539.0
0 653.0 540.0
0 843.0 540.0
0 806.0 541.0
0 853.0 541.0
0 862.0 541.0
0 891.0 542.0
0 798.0 543.0
0 933.0 543.0
0 1090.0 543.0
0 873.0 544.0
0 1018.0 544.0
0 723.0 545.0
0 737.0 545.0
0 764.0 545.0
0 789.0 546.0
0 1117.0 546.0
0 634.0 547.0
0 882.0 547.0
0 1130.0 547.0
0 887.0 548.0
0 1150.0 548.0
0 781.0 549.0
0 943.0 549.0
0 837.0 550.0
0 802.0 551.0
0 892.0 551.0
0 1090.0 551.0
0 774.0 552.0
0 1136.0 552.0
0 758.0 553.0
0 853.0 553.0
0 864.0 553.0
0 1020.0 553.0
0 793.0 554.0
0 820.0 555.0
0 902.0 555.0
0 1157.0 555.0
0 835.0 556.0
0 1089.0 556.0
0 1149.0 556.0
0 766.0 557.0
0 847.0 557.0
0 1010.0 557.0
0 878.0 558.0
0 797.0 559.0
0 815.0 559.0
0 910.0 559.0
0 749.0 560.0
0 792.0 560.0
0 862.0 560.0
0 979.0 560.0
0 1024.0 560.0
0 1098.0 560.0
0 1139.0 560.0
0 760.0 562.0
0 771.0 562.0
0 889.0 562.0
0 1086.0 562.0
0 876.0 563.0
0 958.0 563.0
0 919.0 564.0
0 748.0 565.0
0 1116.0 565.0
0 1160.0 565.0
0 890.0 567.0
0 1080.0 567.0
0 764.0 568.0
0 1032.0 568.0
0 848.0 569.0
0 906.0 569.0
0 972.0 569.0
0 1135.0 569.0
0 710.0 570.0
0 1111.0 571.0
0 732.0 572.0
0 741.0 572.0
0 1039.0 572.0
0 914.0 573.0
0 1069.0 573.0
0 824.0 574.0
0 1047.0 574.0
0 1052.0 575.0
0 1058.0 575.0
0 1063.0 575.0
0 1110.0 576.0
0 904.0 577.0
0 959.0 578.0
0 789.0 579.0
0 637.0 580.0
0 923.0 580.0
0 911.0 581.0
0 1152.0 582.0
0 1018.0 583.0
0 945.0 584.0
0 1054.0 584.0
0 802.0 587.0
0 921.0 588.0
0 1049.0 589.0
0 1054.0 589.0
0 788.0 590.0
0 930.0 590.0
0 862.0 592.0
0 1067.0 592.0
0 1086.0 592.0
0 995.0 593.0
0 1113.0 593.0
0 778.0 594.0
0 1143.0 594.0
0 942.0 595.0
0 823.0 597.0
0 833.0 597.0
0 803.0 598.0
0 811.0 598.0
0 842.0 599.0
0 822.0 602.0
0 834.0 602.0
0 852.0 602.0
0 734.0 603.0
0 937.0 604.0
0 795.0 605.0
0 869.0 605.0
0 783.0 608.0
0 698.0 610.0
0 823.0 610.0
0 828.0 610.0
0 833.0 610.0
0 639.0 611.0
0 847.0 611.0
0 880.0 612.0
0 660.0 613.0
0 773.0 614.0
0 859.0 614.0
0 997.0 614.0
0 268.0 616.0
0 806.0 616.0
0 869.0 616.0
0 785.0 622.0
0 961.0 622.0
0 660.0 623.0
0 979.0 624.0
0 897.0 625.0
0 641.0 626.0
0 906.0 627.0
0 857.0 628.0
0 755.0 630.0
0 998.0 631.0
0 764.0 632.0
0 719.0 633.0
0 661.0 636.0
0 864.0 636.0
0 783.0 637.0
0 798.0 637.0
0 916.0 637.0
0 138.0 639.0
0 724.0 639.0
0 751.0 639.0
0 731.0 640.0
0 815.0 640.0
0 823.0 640.0
0 760.0 641.0
0 997.0 641.0
0 861.0 642.0
0 918.0 642.0
0 642.0 643.0
0 923.0 644.0
0 824.0 645.0
0 717.0 646.0
0 996.0 646.0
0 906.0 648.0
0 918.0 648.0
0 1134.0 649.0
0 798.0 650.0
0 927.0 650.0
0 662.0 652.0
0 875.0 652.0
0 896.0 652.0
0 747.0 654.0
0 757.0 654.0
0 718.0 656.0
0 833.0 657.0
0 864.0 658.0
0 929.0 659.0
0 899.0 660.0
0 912.0 661.0
0 838.0 662.0
0 719.0 664.0
0 843.0 665.0
0 848.0 667.0
0 820.0 668.0
0 720.0 669.0
0 854.0 669.0
0 868.0 670.0
0 890.0 671.0
0 751.0 673.0
0 880.0 677.0
0 993.0 678.0
0 783.0 679.0
0 849.0 679.0
0 874.0 679.0
0 912.0 679.0
0 854.0 680.0
0 869.0 680.0
0 897.0 681.0
0 935.0 682.0
0 424.0 684.0
0 725.0 687.0
0 816.0 687.0
0 878.0 687.0
0 751.0 688.0
0 1125.0 691.0
0 761.0 692.0
0 856.0 692.0
0 983.0 692.0
0 988.0 692.0
0 1090.0 693.0
0 296.0 694.0
0 847.0 694.0
0 727.0 695.0
0 752.0 695.0
0 932.0 696.0
0 1125.0 696.0
0 888.0 697.0
0 729.0 700.0
0 877.0 700.0
0 423.0 701.0
0 940.0 701.0
0 765.0 702.0
0 910.0 702.0
0 867.0 703.0
0 896.0 703.0
0 1123.0 704.0
0 18.0 705.0
0 758.0 705.0
0 886.0 709.0
0 645.0 710.0
0 876.0 710.0
0 864.0 711.0
0 938.0 711.0
0 928.0 712.0
0 827.0 713.0
0 900.0 713.0
0 624.0 714.0
0 779.0 716.0
0 950.0 716.0
0 895.0 717.0
0 927.0 717.0
0 1122.0 717.0
0 972.0 718.0
0 936.0 719.0
0 419.0 720.0
0 741.0 721.0
0 778.0 721.0
0 887.0 722.0
0 383.0 726.0
0 774.0 726.0
0 853.0 726.0
0 932.0 726.0
0 868.0 727.0
0 918.0 729.0
0 783.0 730.0
0 968.0 730.0
0 456.0 731.0
0 795.0 733.0
0 751.0 734.0
0 926.0 735.0
0 790.0 736.0
0 909.0 737.0
0 802.0 738.0
0 1164.0 738.0
0 922.0 740.0
0 808.0 742.0
0 902.0 742.0
0 1117.0 742.0
0 793.0 744.0
0 798.0 744.0
0 814.0 746.0
0 916.0 747.0
0 803.0 748.0
0 824.0 748.0
0 277.0 749.0
0 885.0 750.0
0 425.0 751.0
0 810.0 752.0
0 910.0 753.0
0 771.0 754.0
0 845.0 754.0
0 854.0 754.0
0 859.0 754.0
0 864.0 754.0
0 871.0 754.0
0 1207.0 754.0
0 817.0 755.0
0 1412.0 755.0
0 334.0 759.0
0 887.0 759.0
0 899.0 759.0
0 845.0 761.0
0 879.0 761.0
0 866.0 763.0
0 871.0 763.0
0 254.0 767.0
0 502.0 768.0
0 1113.0 768.0
0 1023.0 778.0
0 537.0 781.0
0 516.0 783.0
0 871.0 783.0
0 880.0 783.0
0 1470.0 783.0
0 856.0 784.0
0 861.0 784.0
0 866.0 784.0
0 491.0 787.0
0 555.0 790.0
0 458.0 791.0
0 981.0 791.0
0 1413.0 792.0
0 51.0 794.0
0 547.0 796.0
0 478.0 798.0
0 372.0 800.0
0 354.0 802.0
0 415.0 802.0
0 559.0 802.0
0 391.0 803.0
0 445.0 803.0
0 858.0 806.0
0 487.0 807.0
0 1413.0 807.0
0 728.0 808.0
0 1160.0 813.0
0 464.0 816.0
0 207.0 818.0
0 1284.0 818.0
0 863.0 819.0
0 415.0 821.0
0 548.0 822.0
0 495.0 828.0
0 517.0 830.0
0 974.0 830.0
0 342.0 831.0
0 441.0 833.0
0 1198.0 834.0
0 431.0 836.0
0 1241.0 839.0
0 374.0 841.0
0 315.0 842.0
0 412.0 842.0
0 304.0 843.0
0 1278.0 843.0
0 404.0 847.0
0 364.0 849.0
0 212.0 850.0
0 258.0 854.0
0 1159.0 856.0
0 1175.0 860.0
0 1476.0 861.0
0 203.0 863.0
0 1329.0 864.0
0 491.0 866.0
0 142.0 868.0
0 1263.0 868.0
0 232.0 870.0
0 292.0 872.0
0 147.0 874.0
0 156.0 875.0
0 274.0 879.0
0 43.0 880.0
0 57.0 880.0
0 221.0 881.0
0 11.0 883.0
0 145.0 883.0
0 1113.0 884.0
0 354.0 885.0
0 1310.0 885.0
0 887.0 886.0
0 903.0 890.0
0 979.0 893.0
0 1117.0 893.0
0 30.0 894.0
0 1335.0 895.0
0 43.0 896.0
0 1319.0 896.0
0 102.0 897.0
0 1126.0 897.0
0 40.0 902.0
0 63.0 902.0
0 20.0 903.0
0 1089.0 904.0
0 184.0 905.0
0 8.0 906.0
0 1284.0 907.0
0 989.0 909.0
0 1451.0 909.0
0 1095.0 912.0
0 1378.0 924.0
0 759.0 925.0
0 1468.0 925.0
0 1011.0 928.0
0 913.0 931.0
0 1208.0 931.0
0 1141.0 937.0
0 1432.0 939.0
0 796.0 941.0
0 1088.0 941.0
0 856.0 944.0
0 653.0 952.0
0 55.0 956.0
0 792.0 956.0
0 1018.0 958.0
0 329.0 965.0
0 465.0 969.0
0 1019.0 970.0
0 318.0 971.0
0 302.0 973.0
0 930.0 975.0
0 1057.0 975.0
0 516.0 976.0
0 1011.0 982.0
0 1068.0 987.0
0 297.0 988.0
0 443.0 989.0
0 1055.0 989.0
1 1098.0 69.0
1 766.0 340.0
1 841.0 340.0
1 802.0 341.0
1 784.0 342.0
1 698.0 343.0
1 797.0 344.0
1 803.0 350.0
1 820.0 354.0
1 842.0 357.0
1 859.0 366.0
1 782.0 370.0
1 792.0 370.0
1 993.0 371.0
1 807.0 374.0
1 770.0 378.0
1 808.0 379.0
1 923.0 379.0
1 978.0 379.0
1 1000.0 379.0
1 646.0 380.0
1 900.0 381.0
1 610.0 382.0
1 765.0 384.0
1 781.0 385.0
1 635.0 387.0
1 817.0 387.0
1 942.0 387.0
1 620.0 388.0
1 773.0 388.0
1 924.0 388.0
1 748.0 389.0
1 915.0 389.0
1 764.0 393.0
1 789.0 394.0
1 609.0 395.0
1 634.0 395.0
1 1008.0 395.0
1 617.0 396.0
1 896.0 396.0
1 994.0 396.0
1 744.0 397.0
1 590.0 398.0
1 778.0 398.0
1 976.0 399.0
1 934.0 401.0
1 773.0 402.0
1 967.0 402.0
1 994.0 404.0
1 902.0 405.0
1 792.0 408.0
1 1014.0 409.0
1 595.0 410.0
1 640.0 410.0
1 647.0 410.0
1 652.0 410.0
1 660.0 410.0
1 665.0 410.0
1 674.0 410.0
1 690.0 410.0
1 761.0 410.0
1 901.0 410.0
1 986.0 410.0
1 681.0 411.0
1 709.0 411.0
1 720.0 411.0
1 884.0 411.0
1 970.0 411.0
1 615.0 412.0
1 626.0 412.0
1 737.0 412.0
1 906.0 412.0
1 911.0 412.0
1 954.0 412.0
1 589.0 413.0
1 621.0 413.0
1 876.0 413.0
1 927.0 413.0
1 783.0 414.0
1 941.0 417.0
1 987.0 417.0
1 621.0 418.0
1 635.0 418.0
1 695.0 419.0
1 705.0 420.0
1 729.0 420.0
1 971.0 420.0
1 556.0 421.0
1 896.0 421.0
1 916.0 421.0
1 952.0 421.0
1 593.0 422.0
1 785.0 422.0
1 908.0 422.0
1 929.0 422.0
1 621.0 423.0
1 877.0 424.0
1 640.0 425.0
1 651.0 425.0
1 665.0 425.0
1 737.0 425.0
1 1037.0 425.0
1 674.0 426.0
1 684.0 426.0
1 693.0 426.0
1 720.0 426.0
1 756.0 426.0
1 714.0 427.0
1 725.0 427.0
1 1013.0 427.0
1 809.0 429.0
1 821.0 430.0
1 560.0 432.0
1 621.0 433.0
1 836.0 433.0
1 841.0 433.0
1 631.0 434.0
1 772.0 434.0
1 943.0 435.0
1 987.0 435.0
1 912.0 437.0
1 743.0 438.0
1 755.0 438.0
1 1040.0 438.0
1 634.0 439.0
1 860.0 439.0
1 763.0 441.0
1 903.0 441.0
1 881.0 442.0
1 740.0 443.0
1 914.0 443.0
1 587.0 445.0
1 622.0 445.0
1 850.0 446.0
1 990.0 446.0
1 925.0 447.0
1 942.0 447.0
1 960.0 447.0
1 965.0 447.0
1 689.0 448.0
1 808.0 449.0
1 842.0 449.0
1 1021.0 449.0
1 763.0 451.0
1 871.0 451.0
1 614.0 452.0
1 787.0 452.0
1 885.0 452.0
1 639.0 453.0
1 892.0 453.0
1 835.0 454.0
1 651.0 455.0
1 656.0 455.0
1 920.0 455.0
1 1028.0 455.0
1 622.0 456.0
1 645.0 456.0
1 843.0 456.0
1 560.0 457.0
1 608.0 457.0
1 757.0 459.0
1 834.0 459.0
1 596.0 460.0
1 746.0 460.0
1 940.0 460.0
1 549.0 461.0
1 764.0 461.0
1 673.0 462.0
1 782.0 462.0
1 874.0 462.0
1 898.0 462.0
1 589.0 463.0
1 736.0 463.0
1 857.0 463.0
1 822.0 464.0
1 1041.0 464.0
1 612.0 465.0
1 684.0 465.0
1 889.0 465.0
1 559.0 466.0
1 772.0 466.0
1 862.0 466.0
1 1018.0 466.0
1 725.0 467.0
1 794.0 468.0
1 810.0 468.0
1 631.0 469.0
1 653.0 469.0
1 664.0 469.0
1 738.0 469.0
1 817.0 469.0
1 1040.0 469.0
1 747.0 470.0
1 568.0 471.0
1 700.0 471.0
1 864.0 471.0
1 557.0 472.0
1 638.0 472.0
1 785.0 472.0
1 657.0 474.0
1 814.0 474.0
1 644.0 475.0
1 693.0 476.0
1 1041.0 476.0
1 548.0 477.0
1 680.0 477.0
1 738.0 477.0
1 1019.0 477.0
1 667.0 478.0
1 628.0 479.0
1 812.0 479.0
1 651.0 480.0
1 891.0 480.0
1 587.0 481.0
1 731.0 481.0
1 582.0 482.0
1 701.0 482.0
1 787.0 482.0
1 876.0 482.0
1 871.0 484.0
1 638.0 485.0
1 659.0 485.0
1 778.0 486.0
1 631.0 487.0
1 747.0 487.0
1 708.0 488.0
1 739.0 488.0
1 766.0 488.0
1 797.0 490.0
1 872.0 490.0
1 644.0 491.0
1 666.0 491.0
1 810.0 491.0
1 531.0 493.0
1 720.0 494.0
1 873.0 495.0
1 878.0 495.0
1 787.0 496.0
1 1018.0 496.0
1 577.0 497.0
1 712.0 497.0
1 1041.0 497.0
1 528.0 498.0
1 644.0 499.0
1 760.0 499.0
1 582.0 500.0
1 679.0 500.0
1 809.0 500.0
1 927.0 501.0
1 939.0 501.0
1 1005.0 501.0
1 991.0 502.0
1 1040.0 502.0
1 751.0 503.0
1 590.0 504.0
1 658.0 504.0
1 727.0 504.0
1 965.0 504.0
1 521.0 506.0
1 650.0 506.0
1 810.0 506.0
1 1027.0 506.0
1 684.0 507.0
1 879.0 507.0
1 574.0 508.0
1 672.0 509.0
1 968.0 509.0
1 666.0 510.0
1 561.0 511.0
1 812.0 511.0
1 958.0 511.0
1 731.0 512.0
1 893.0 512.0
1 537.0 513.0
1 765.0 513.0
1 759.0 514.0
1 582.0 515.0
1 691.0 515.0
1 969.0 515.0
1 974.0 515.0
1 548.0 516.0
1 554.0 516.0
1 873.0 516.0
1 979.0 516.0
1 1019.0 516.0
1 512.0 517.0
1 609.0 519.0
1 652.0 519.0
1 956.0 519.0
1 1005.0 519.0
1 530.0 520.0
1 563.0 520.0
1 585.0 520.0
1 816.0 520.0
1 573.0 521.0
1 763.0 521.0
1 872.0 521.0
1 693.0 522.0
1 985.0 522.0
1 543.0 523.0
1 751.0 523.0
1 554.0 524.0
1 956.0 524.0
1 685.0 525.0
1 603.0 526.0
1 697.0 527.0
1 871.0 527.0
1 548.0 528.0
1 894.0 528.0
1 742.0 530.0
1 824.0 530.0
1 955.0 530.0
1 962.0 530.0
1 984.0 530.0
1 503.0 531.0
1 623.0 531.0
1 866.0 531.0
1 975.0 531.0
1 935.0 532.0
1 776.0 533.0
1 610.0 534.0
1 662.0 534.0
1 831.0 535.0
1 501.0 536.0
1 860.0 536.0
1 994.0 536.0
1 907.0 537.0
1 855.0 538.0
1 954.0 538.0
1 531.0 539.0
1 840.0 539.0
1 849.0 539.0
1 942.0 540.0
1 618.0 541.0
1 662.0 541.0
1 972.0 541.0
1 607.0 542.0
1 668.0 543.0
1 963.0 543.0
1 652.0 544.0
1 1000.0 544.0
1 626.0 545.0
1 632.0 545.0
1 938.0 545.0
1 660.0 546.0
1 1040.0 547.0
1 576.0 549.0
1 910.0 549.0
1 1002.0 549.0
1 620.0 550.0
1 602.0 551.0
1 935.0 551.0
1 1039.0 552.0
1 1027.0 553.0
1 674.0 554.0
1 496.0 555.0
1 559.0 557.0
1 765.0 557.0
1 904.0 557.0
1 520.0 558.0
1 630.0 558.0
1 714.0 558.0
1 1005.0 558.0
1 933.0 559.0
1 527.0 560.0
1 695.0 561.0
1 756.0 561.0
1 783.0 561.0
1 830.0 561.0
1 636.0 563.0
1 679.0 566.0
1 860.0 566.0
1 846.0 567.0
1 699.0 568.0
1 934.0 568.0
1 894.0 569.0
1 517.0 570.0
1 876.0 570.0
1 612.0 571.0
1 810.0 571.0
1 567.0 572.0
1 577.0 572.0
1 884.0 572.0
1 1039.0 572.0
1 525.0 573.0
1 572.0 573.0
1 640.0 573.0
1 935.0 573.0
1 996.0 573.0
1 1026.0 574.0
1 790.0 575.0
1 785.0 576.0
1 601.0 577.0
1 684.0 577.0
1 764.0 577.0
1 759.0 578.0
1 1039.0 578.0
1 702.0 579.0
1 684.0 582.0
1 1039.0 583.0
1 645.0 585.0
1 891.0 585.0
1 704.0 586.0
1 944.0 586.0
1 992.0 586.0
1 515.0 588.0
1 1039.0 588.0
1 524.0 589.0
1 793.0 590.0
1 950.0 590.0
1 492.0 591.0
1 984.0 591.0
1 955.0 592.0
1 976.0 594.0
1 688.0 595.0
1 963.0 595.0
1 968.0 595.0
1 707.0 598.0
1 1039.0 604.0
1 627.0 605.0
1 597.0 606.0
1 690.0 608.0
1 563.0 609.0
1 654.0 612.0
1 520.0 613.0
1 691.0 613.0
1 564.0 614.0
1 618.0 616.0
1 710.0 616.0
1 606.0 618.0
1 975.0 618.0
1 989.0 621.0
1 495.0 622.0
1 710.0 622.0
1 693.0 624.0
1 1038.0 625.0
1 621.0 626.0
1 656.0 627.0
1 557.0 628.0
1 693.0 629.0
1 637.0 630.0
1 521.0 631.0
1 529.0 636.0
1 577.0 637.0
1 609.0 637.0
1 657.0 638.0
1 766.0 638.0
1 521.0 639.0
1 774.0 640.0
1 850.0 640.0
1 600.0 643.0
1 632.0 643.0
1 1026.0 647.0
1 532.0 649.0
1 571.0 650.0
1 610.0 650.0
1 765.0 650.0
1 526.0 651.0
1 649.0 651.0
1 789.0 656.0
1 659.0 657.0
1 586.0 658.0
1 604.0 658.0
1 622.0 658.0
1 771.0 659.0
1 983.0 659.0
1 659.0 662.0
1 652.0 663.0
1 848.0 663.0
1 769.0 665.0
1 786.0 666.0
1 544.0 669.0
1 642.0 671.0
1 510.0 672.0
1 605.0 672.0
1 590.0 675.0
1 654.0 675.0
1 537.0 678.0
1 637.0 679.0
1 632.0 681.0
1 779.0 681.0
1 542.0 682.0
1 920.0 683.0
1 651.0 684.0
1 754.0 684.0
1 610.0 685.0
1 615.0 685.0
1 759.0 685.0
1 806.0 685.0
1 550.0 688.0
1 1038.0 689.0
1 687.0 690.0
1 562.0 692.0
1 549.0 693.0
1 772.0 693.0
1 1038.0 694.0
1 685.0 696.0
1 1025.0 698.0
1 637.0 699.0
1 865.0 699.0
1 1038.0 699.0
1 571.0 700.0
1 872.0 701.0
1 877.0 702.0
1 883.0 703.0
1 1016.0 703.0
1 554.0 705.0
1 892.0 705.0
1 638.0 706.0
1 681.0 707.0
1 748.0 707.0
1 903.0 707.0
1 1037.0 707.0
1 583.0 708.0
1 839.0 708.0
1 844.0 709.0
1 623.0 711.0
1 853.0 711.0
1 535.0 712.0
1 679.0 712.0
1 596.0 713.0
1 859.0 713.0
1 563.0 714.0
1 612.0 714.0
1 617.0 714.0
1 939.0 715.0
1 951.0 716.0
1 133.0 717.0
1 569.0 717.0
1 737.0 718.0
1 981.0 718.0
1 992.0 718.0
1 674.0 719.0
1 1020.0 719.0
1 622.0 720.0
1 808.0 720.0
1 1038.0 722.0
1 578.0 723.0
1 593.0 724.0
1 607.0 724.0
1 640.0 725.0
1 76.0 727.0
1 837.0 728.0
1 942.0 732.0
1 1033.0 732.0
1 664.0 733.0
1 990.0 735.0
1 623.0 737.0
1 689.0 737.0
1 191.0 738.0
1 618.0 738.0
1 1038.0 740.0
1 569.0 741.0
1 661.0 750.0
1 939.0 752.0
1 1037.0 755.0
1 992.0 756.0
1 987.0 757.0
1 1464.0 760.0
1 566.0 761.0
1 939.0 762.0
1 1035.0 773.0
1 542.0 774.0
1 940.0 778.0
1 1019.0 779.0
1 1034.0 780.0
1 1148.0 787.0
1 531.0 790.0
1 1034.0 791.0
1 1032.0 807.0
1 1052.0 808.0
1 520.0 810.0
1 1127.0 812.0
1 637.0 815.0
1 271.0 819.0
1 514.0 823.0
1 883.0 823.0
1 615.0 827.0
1 266.0 831.0
1 1031.0 837.0
1 509.0 878.0
1 977.0 881.0
1 598.0 883.0
1 1030.0 883.0
1 738.0 889.0
1 599.0 903.0
1 1028.0 903.0
1 1101.0 918.0
1 785.0 948.0
