0 47 2 225.53633421266323
0 30 3 224.65917745429493
0 32 4 415.53355231721616
0 18 6 381.089638388591
0 100 7 270.23816072254795
0 25 8 214.1476549302022
0 78 9 289.81208837867973
0 22 11 436.77100036180167
0 41 12 224.6748370100593
0 73 13 266.2175443941435
0 114 14 182.71684481247996
0 94 15 268.9798281353735
0 62 16 115.43809282790305
0 66 17 151.8965136047801
0 133 18 209.26833363207044
0 149 19 109.26697309046422
0 101 20 217.16016996962165
0 83 21 140.7620602259547
0 145 22 166.65872969279542
0 64 23 175.17161940981381
0 110 24 349.3291631751378
0 50 25 178.53408768521197
0 80 26 158.27617511495086
0 171 27 109.45861774407237
0 59 28 338.0016937138075
0 143 29 379.55428453400117
0 95 30 117.75812804538273
0 144 32 239.04447841364393
0 104 33 113.96509956313147
0 137 35 346.63082154393254
0 146 36 243.81407675735667
0 131 37 414.12790628788986
0 82 38 126.34157405853882
0 169 39 125.85280549799471
0 189 40 214.71227939547566
0 198 41 135.789068234484
0 168 42 213.58789562806723
0 158 43 254.04592876841932
0 161 44 218.7808351394767
0 170 45 141.49410180359857
0 178 46 182.3572972250896
0 180 47 242.17570496660943
0 194 48 233.36322259931737
0 195 50 174.65476277104216
0 214 51 195.3328200435881
0 204 52 178.67802330143576
0 208 53 230.81564496369003
0 210 54 196.15408718262896
0 211 55 134.39067266884408
0 164 56 140.5902687345413
0 165 57 136.60528233946135
0 112 58 105.71033221550366
0 232 59 106.03509320122633
0 125 60 312.8849713549916
0 229 61 109.39511092242358
0 124 62 330.5001604511623
0 72 63 198.84357658300655
0 200 64 125.96717057140847
0 183 65 240.81459940346153
0 123 66 117.77576070284064
0 107 67 278.4141302520597
0 132 68 125.9134820329621
0 196 69 185.85122854421883
0 181 70 129.93885199878807
0 231 71 145.0929306656365
0 174 72 173.162500856667
0 192 73 182.60718605589992
0 202 75 128.703878795141
0 203 76 135.57342975997662
0 103 77 268.09731022456
0 96 78 121.97310199479472
0 167 79 353.7504774473532
0 118 80 197.33513371732639
0 259 81 113.10598090146809
0 157 82 175.11766300413788
0 128 83 116.70648887236703
0 207 84 196.06134115589745
0 213 85 178.86804224587647
0 258 86 128.66694342063457
0 227 87 120.17602477268959
0 228 88 133.05191646379095
0 238 89 116.20071428892997
0 254 90 121.40028582282602
0 263 91 110.18657393521123
0 243 92 122.72522718907035
0 248 93 137.34097156619248
0 251 94 169.8002886071819
0 260 95 198.4936587434284
0 271 96 109.24508755057005
0 234 97 121.94657577449834
0 140 98 401.10760409130705
0 191 99 180.7378603291483
0 141 100 155.79514349228654
0 252 101 130.3148604797641
0 276 102 193.43382646775265
0 274 103 496.6621385844778
0 121 104 378.67177905733
0 147 105 104.93151113315442
0 233 106 146.58291124050254
0 241 108 191.6188586986441
0 135 109 190.6846133921227
0 246 110 164.87157439172634
0 289 111 105.51201851131296
0 290 112 107.72021074031859
0 268 113 162.9252004564993
0 235 114 126.49662688800967
0 244 115 180.10062403735378
0 308 116 270.4903386438366
0 255 117 270.6208819946359
0 264 118 179.3129570941265
0 226 119 169.83753730744206
0 275 120 137.31627524352106
0 242 122 173.61483748744885
0 270 123 393.81342727584706
0 160 124 119.89378706345757
0 293 125 144.61916652953724
0 265 126 208.45078962284524
0 159 127 106.50696688924688
0 291 128 127.11930467082608
0 278 129 187.7818566357652
0 267 130 194.02845983956342
0 173 131 116.109109738271
0 250 132 129.32837065772307
0 187 134 167.47935584218112
0 321 135 210.12878598301108
0 177 137 105.08944044179465
0 188 138 161.99629548199624
0 320 139 190.28830967472652
0 299 140 236.26944960714388
0 172 141 105.72182304246058
0 286 142 231.49881930498952
0 302 144 109.58792153770443
0 206 145 149.42268119281886
0 313 146 106.59243179970208
0 307 147 152.12281449243798
0 336 148 194.60989610538147
0 343 149 215.44874904056104
0 283 150 104.84838644804088
0 186 151 158.45552946198822
0 225 152 110.6100265178471
0 347 153 230.8491035878844
0 237 154 105.9700403681472
0 334 155 240.6279337222505
0 366 156 293.31333063689715
0 324 157 262.7782193382826
0 325 158 106.85257769528766
0 223 159 111.45448657159133
0 364 160 451.1068707139164
0 342 165 119.79035066411852
0 367 166 201.96788851833895
0 193 167 226.08461643831092
0 230 168 108.31103647298306
0 400 169 407.523604554164
0 216 170 115.33855110328494
0 220 171 163.68865193783716
0 222 173 138.53383267736285
0 256 174 111.03648180172092
0 443 175 410.9949092969528
0 338 176 121.50932966996993
0 387 177 172.3625185952281
0 408 180 474.883797979838
0 452 181 495.1676544608344
0 344 182 326.47967706230065
0 352 183 209.348983206814
0 212 184 133.1255869844733
0 240 185 122.34187496189854
0 372 186 125.72599325403337
0 359 188 459.6835685036009
0 261 189 105.90997446123404
0 273 191 106.22901660436233
0 279 192 154.97433308180464
0 384 194 188.0420598169368
0 266 195 156.97139764777032
0 462 196 115.03421704511297
0 393 197 131.0804178205819
0 479 199 439.56278776997857
0 245 200 144.84643169275444
0 247 202 155.61220235503149
0 370 203 222.3253404623531
0 287 204 160.58701517980978
0 285 205 135.9407277860259
0 353 206 132.23864444720317
0 288 207 202.9718657056608
0 361 209 142.80288918265654
0 272 211 115.22142116997583
0 280 213 134.38587160254912
0 382 214 223.12676408116297
0 365 215 120.84685492852105
0 282 216 106.91658625349656
0 416 217 262.1172148971027
0 453 218 387.9112978491281
0 402 219 254.48360606378225
0 378 222 204.99274372663018
0 388 224 113.65126736771825
0 284 225 172.28520541283018
0 420 226 256.97117034103496
0 404 227 222.94767394963654
0 460 228 336.94797788627864
0 490 229 422.45900863288915
0 375 230 115.00093393786246
0 411 231 286.235258911873
0 294 232 145.6508160186575
0 426 233 231.62976439357777
0 432 234 244.53036330736288
0 444 235 155.06000006284762
0 295 236 126.80449382628711
0 412 238 111.8732035553309
0 489 239 358.5431798333651
0 451 241 211.2684855183721
0 503 243 157.73506754117918
0 414 244 125.35587961716625
0 504 245 224.31406399119064
0 507 247 196.00906978613475
0 464 248 177.10646783395467
0 409 249 109.84108307399967
0 510 250 118.42117671173817
0 459 251 180.7336353170328
0 323 252 105.69939660074058
0 493 253 342.8591864571446
0 514 254 178.09569040940994
0 430 256 221.02330483354632
0 506 258 124.46067795737561
0 505 260 144.03605516792345
0 436 261 147.22897694334569
0 428 262 309.93183231605065
0 461 263 216.19794956726173
0 472 265 184.41853289509626
0 447 266 113.13327807898837
0 500 267 228.2686784492624
0 474 268 198.07432254542474
0 433 269 137.1081655658873
0 349 270 142.61051662729494
0 511 271 297.00750688006013
0 477 272 199.75087718044975
0 513 273 141.559633453274
0 439 274 366.40364070847755
0 522 275 114.28235900764928
0 475 276 184.19696667940963
0 476 277 192.98406087437436
0 437 281 473.8080465278764
0 456 283 110.46239277016257
0 457 284 126.12085961945023
0 438 285 430.30920846516085
0 498 286 170.6173406491979
0 371 287 128.03124786086326
0 515 288 190.30862109527513
0 458 290 346.9718015881247
0 495 291 283.78682482880316
0 536 292 282.85683240000094
0 534 293 223.20251912137272
0 446 294 175.31701541697734
0 465 296 107.88973999595508
0 524 298 110.42131603507215
0 454 299 450.77186332602184
0 467 300 182.5225759579837
0 405 301 159.14124592607166
0 546 303 292.5783164886869
0 517 304 312.88885175540565
0 486 305 135.12379248306766
0 478 307 167.2219996212461
0 339 308 211.04968031926373
0 422 309 312.7847270099567
0 530 311 235.67669680963292
0 497 312 105.63641769400122
0 485 313 115.4102914772279
0 491 314 198.72388147742438
0 519 316 392.42475825208214
0 533 317 120.67025251527383
0 496 318 104.75163717202318
0 394 319 104.80234951136697
0 537 321 264.9698203307587
0 558 322 414.06512526036846
0 526 325 186.32939374146983
0 538 326 116.12228944774343
0 563 327 291.72269886187536
0 566 328 232.65790097903798
0 499 329 169.47398385103534
0 501 330 120.76436517430025
0 540 331 112.72295705120487
0 582 335 305.6562716572817
0 549 338 215.9992805695654
0 575 339 132.88053522833306
0 553 340 129.8501506604572
0 544 341 112.71166588008458
0 466 343 106.40164075978305
0 541 345 331.5615365111211
0 543 349 289.5811337135795
0 552 351 417.02544034959385
0 570 353 126.56637546540475
0 571 354 125.39694569650428
0 597 356 127.90213542814568
0 559 357 232.21145378595506
0 550 358 231.7336157140358
0 554 359 193.1028958040456
0 595 360 180.44885442750092
0 561 362 174.5941287717367
0 601 365 142.46343164403504
0 565 367 389.9119229194236
0 410 370 281.0099074942101
0 587 371 129.15926232126316
0 613 374 295.80389496267105
0 619 375 226.6748722715632
0 577 376 438.52979792131663
0 590 379 110.03158784745386
0 516 383 104.69121294662378
0 617 384 138.90206110883432
0 482 385 264.97134778530193
0 610 386 189.13439856892364
0 602 387 254.82580115611083
0 523 389 120.43032487989424
0 631 390 212.610260768317
0 600 391 151.59449568258978
0 622 392 113.43599890412648
0 604 393 125.34104510389157
0 612 397 179.0752462853332
0 520 398 145.46189778817006
0 623 399 428.03355339813754
0 632 400 302.85103583486534
0 627 402 423.0766864219274
0 629 403 151.62977541331847
0 532 404 126.10882938357277
0 620 406 201.21186099685957
0 630 407 141.80371633029182
0 626 408 120.3034243189915
0 642 409 384.28811640319014
0 605 410 406.0223247691484
0 611 411 319.2569782926318
0 535 412 142.01206591841483
0 650 413 421.12355356733957
0 652 415 268.0824664547697
0 651 416 440.14416195060824
0 542 417 122.39439069286429
0 658 419 344.06325744160256
0 636 420 129.6325019585251
0 633 421 146.22478304285
0 646 422 253.08492400648626
0 649 424 432.5515818919538
0 645 426 135.7888044676912
0 644 428 272.5026341149025
0 660 429 256.9522988756165
0 557 430 175.40782028400082
0 648 431 114.68528294437085
0 589 432 224.55593320882107
0 603 435 213.75549957522102
0 567 436 160.28298558350633
0 665 437 227.2937429318781
0 663 438 343.6867400328134
0 608 439 113.46163704294526
0 659 441 203.27144439482302
0 656 442 163.3323299416618
0 670 445 282.72248626765287
0 661 446 198.3635483976234
0 614 447 271.25599756314136
0 657 449 139.30117327989302
0 664 453 182.20717743896486
0 677 454 214.79429297490105
0 668 456 204.50127386551372
0 669 457 139.9361575045126
0 672 459 110.55824572543713
0 683 460 322.1318452135802
0 624 461 192.25972341863343
0 682 462 247.9310430437152
0 671 463 167.07159538622648
0 679 466 204.9412473489419
0 689 467 235.20562422582532
0 667 468 245.74461696294208
0 676 469 132.51732923951656
0 685 470 118.52817273904081
0 628 471 159.2242990405856
0 688 472 340.18840196948645
0 690 473 144.76634174546942
0 692 474 383.7036566073733
0 701 476 216.99104537068234
0 640 477 307.1365537313169
0 673 479 149.17373114379666
0 694 483 157.7078446445918
0 678 487 208.64391780403517
0 708 489 124.76816637405486
0 712 491 140.92009042557035
0 722 492 105.92179628729849
0 716 493 127.13288682431639
0 719 494 110.26047346001415
0 724 496 220.8654835018491
0 727 497 120.42061762198146
0 696 502 267.6992616146189
0 737 503 368.8170384814967
0 741 505 124.94141747590457
0 751 511 367.3314981226421
0 757 514 274.22639347245956
0 777 520 282.5672547555977

0 926.0 134.0
0 923.0 373.0
0 928.0 373.0
0 837.0 374.0
0 933.0 374.0
0 935.0 384.0
0 949.0 396.0
0 811.0 401.0
0 768.0 403.0
0 1104.0 403.0
0 750.0 406.0
0 738.0 407.0
0 704.0 408.0
0 1027.0 408.0
0 1055.0 408.0
0 1088.0 408.0
0 789.0 409.0
0 728.0 414.0
0 801.0 414.0
0 936.0 416.0
0 1024.0 419.0
0 716.0 421.0
0 798.0 421.0
0 688.0 422.0
0 1114.0 422.0
0 658.0 423.0
0 728.0 424.0
0 934.0 424.0
0 672.0 426.0
0 1043.0 426.0
0 756.0 428.0
0 792.0 429.0
0 1105.0 429.0
0 771.0 430.0
0 1014.0 433.0
0 1028.0 433.0
0 1053.0 434.0
0 1123.0 434.0
0 690.0 435.0
0 807.0 435.0
0 851.0 435.0
0 873.0 435.0
0 1046.0 435.0
0 1058.0 435.0
0 1100.0 435.0
0 815.0 436.0
0 824.0 436.0
0 835.0 436.0
0 856.0 436.0
0 861.0 436.0
0 866.0 436.0
0 889.0 436.0
0 896.0 436.0
0 902.0 436.0
0 907.0 436.0
0 912.0 436.0
0 1071.0 436.0
0 1087.0 436.0
0 718.0 437.0
0 930.0 437.0
0 1001.0 437.0
0 920.0 438.0
0 786.0 439.0
0 657.0 440.0
0 840.0 440.0
0 1111.0 440.0
0 762.0 441.0
0 976.0 441.0
0 731.0 442.0
0 1099.0 442.0
0 802.0 443.0
0 880.0 443.0
0 1034.0 443.0
0 1054.0 443.0
0 1047.0 444.0
0 1070.0 444.0
0 1085.0 444.0
0 624.0 445.0
0 673.0 446.0
0 1012.0 446.0
0 643.0 447.0
0 924.0 447.0
0 1000.0 447.0
0 690.0 448.0
0 783.0 448.0
0 804.0 448.0
0 912.0 448.0
0 813.0 449.0
0 823.0 449.0
0 841.0 449.0
0 894.0 449.0
0 931.0 449.0
0 852.0 450.0
0 861.0 450.0
0 875.0 450.0
0 904.0 450.0
0 950.0 450.0
0 1122.0 450.0
0 1132.0 450.0
0 969.0 451.0
0 762.0 454.0
0 1096.0 454.0
0 962.0 455.0
0 1000.0 455.0
0 621.0 456.0
0 731.0 456.0
0 1046.0 456.0
0 1072.0 456.0
0 782.0 457.0
0 642.0 458.0
0 797.0 458.0
0 937.0 460.0
0 950.0 460.0
0 1075.0 461.0
0 971.0 462.0
0 983.0 462.0
0 818.0 463.0
0 1016.0 464.0
0 1095.0 464.0
0 775.0 465.0
0 1083.0 465.0
0 767.0 467.0
0 787.0 467.0
0 1137.0 467.0
0 698.0 468.0
0 964.0 468.0
0 1068.0 468.0
0 685.0 469.0
0 986.0 469.0
0 1094.0 469.0
0 976.0 470.0
0 704.0 472.0
0 764.0 472.0
0 1137.0 472.0
0 728.0 473.0
0 1039.0 474.0
0 1095.0 474.0
0 677.0 475.0
0 737.0 475.0
0 1034.0 475.0
0 1082.0 475.0
0 655.0 477.0
0 801.0 478.0
0 826.0 478.0
0 954.0 478.0
0 742.0 479.0
0 935.0 479.0
0 974.0 480.0
0 1017.0 480.0
0 1059.0 480.0
0 776.0 481.0
0 642.0 483.0
0 751.0 483.0
0 1064.0 483.0
0 729.0 484.0
0 834.0 484.0
0 844.0 484.0
0 853.0 484.0
0 962.0 484.0
0 713.0 485.0
0 863.0 485.0
0 1010.0 485.0
0 630.0 486.0
0 825.0 486.0
0 807.0 487.0
0 943.0 487.0
0 1068.0 488.0
0 621.0 489.0
0 703.0 489.0
0 797.0 489.0
0 676.0 490.0
0 684.0 490.0
0 1007.0 490.0
0 695.0 491.0
0 753.0 492.0
0 852.0 493.0
0 990.0 493.0
0 1071.0 493.0
0 620.0 494.0
0 646.0 495.0
0 782.0 495.0
0 868.0 495.0
0 890.0 495.0
0 1007.0 495.0
0 639.0 496.0
0 651.0 497.0
0 938.0 497.0
0 876.0 498.0
0 899.0 498.0
0 712.0 499.0
0 881.0 499.0
0 746.0 500.0
0 759.0 500.0
0 773.0 501.0
0 952.0 501.0
0 728.0 502.0
0 840.0 502.0
0 931.0 502.0
0 908.0 503.0
0 896.0 505.0
0 619.0 506.0
0 633.0 506.0
0 639.0 506.0
0 993.0 506.0
0 721.0 508.0
0 736.0 508.0
0 1134.0 508.0
0 728.0 509.0
0 904.0 509.0
0 1086.0 509.0
0 1094.0 509.0
0 649.0 510.0
0 1079.0 510.0
0 640.0 511.0
0 1004.0 511.0
0 1107.0 511.0
0 686.0 512.0
0 924.0 512.0
0 943.0 512.0
0 1074.0 512.0
0 698.0 513.0
0 912.0 514.0
0 994.0 514.0
0 631.0 516.0
0 1108.0 516.0
0 616.0 517.0
0 1075.0 517.0
0 1006.0 518.0
0 757.0 520.0
0 921.0 521.0
0 1128.0 521.0
0 871.0 522.0
0 623.0 523.0
0 1008.0 523.0
0 1073.0 523.0
0 967.0 524.0
0 637.0 525.0
0 779.0 525.0
0 1112.0 525.0
0 800.0 527.0
0 1009.0 528.0
0 1071.0 528.0
0 791.0 531.0
0 815.0 531.0
0 1136.0 531.0
0 825.0 532.0
0 830.0 532.0
0 835.0 532.0
0 966.0 532.0
0 1103.0 532.0
0 844.0 534.0
0 1064.0 534.0
0 699.0 535.0
0 783.0 535.0
0 862.0 535.0
0 1017.0 535.0
0 1141.0 535.0
0 652.0 536.0
0 804.0 536.0
0 1011.0 536.0
0 796.0 537.0
0 998.0 537.0
0 816.0 539.0
0 1023.0 539.0
0 827.0 540.0
0 1055.0 540.0
0 1124.0 540.0
0 772.0 541.0
0 1031.0 541.0
0 1135.0 541.0
0 719.0 542.0
0 736.0 542.0
0 1050.0 542.0
0 787.0 543.0
0 808.0 543.0
0 873.0 543.0
0 1039.0 543.0
0 1045.0 543.0
0 895.0 544.0
0 779.0 545.0
0 800.0 545.0
0 886.0 546.0
0 827.0 549.0
0 1099.0 549.0
0 1146.0 549.0
0 792.0 550.0
0 979.0 550.0
0 708.0 551.0
0 774.0 551.0
0 699.0 552.0
0 882.0 552.0
0 847.0 555.0
0 899.0 555.0
0 889.0 556.0
0 1083.0 556.0
0 825.0 557.0
0 1122.0 557.0
0 778.0 558.0
0 765.0 559.0
0 919.0 559.0
0 1097.0 559.0
0 708.0 562.0
0 895.0 562.0
0 906.0 562.0
0 809.0 564.0
0 1008.0 564.0
0 1013.0 564.0
0 1098.0 564.0
0 623.0 565.0
0 1135.0 565.0
0 713.0 566.0
0 771.0 566.0
0 1075.0 566.0
0 1143.0 566.0
0 1041.0 567.0
0 701.0 568.0
0 825.0 568.0
0 966.0 568.0
0 1057.0 568.0
0 645.0 570.0
0 903.0 570.0
0 850.0 573.0
0 917.0 574.0
0 887.0 576.0
0 792.0 577.0
0 988.0 578.0
0 748.0 579.0
0 911.0 579.0
0 921.0 580.0
0 1106.0 580.0
0 1133.0 581.0
0 758.0 582.0
0 805.0 582.0
0 1111.0 583.0
0 914.0 584.0
0 820.0 587.0
0 701.0 588.0
0 860.0 589.0
0 743.0 592.0
0 921.0 592.0
0 753.0 594.0
0 776.0 594.0
0 808.0 595.0
0 700.0 596.0
0 793.0 598.0
0 712.0 599.0
0 742.0 600.0
0 887.0 600.0
0 830.0 601.0
0 862.0 601.0
0 792.0 603.0
0 816.0 606.0
0 948.0 606.0
0 739.0 609.0
0 750.0 609.0
0 827.0 613.0
0 931.0 618.0
0 815.0 619.0
0 717.0 620.0
0 991.0 620.0
0 864.0 623.0
0 911.0 624.0
0 991.0 625.0
0 929.0 626.0
0 711.0 629.0
0 874.0 629.0
0 892.0 629.0
0 793.0 631.0
0 938.0 631.0
0 749.0 632.0
0 625.0 633.0
0 741.0 634.0
0 826.0 635.0
0 794.0 636.0
0 928.0 638.0
0 937.0 639.0
0 908.0 640.0
0 713.0 642.0
0 797.0 642.0
0 775.0 645.0
0 894.0 645.0
0 907.0 645.0
0 742.0 646.0
0 686.0 647.0
0 874.0 647.0
0 626.0 648.0
0 841.0 648.0
0 744.0 651.0
0 906.0 651.0
0 648.0 653.0
0 936.0 653.0
0 808.0 654.0
0 863.0 654.0
0 753.0 655.0
0 927.0 655.0
0 717.0 656.0
0 905.0 656.0
0 744.0 659.0
0 626.0 660.0
0 900.0 660.0
0 924.0 662.0
0 934.0 662.0
0 889.0 663.0
0 873.0 665.0
0 647.0 666.0
0 760.0 666.0
0 755.0 667.0
0 860.0 668.0
0 750.0 670.0
0 931.0 670.0
0 849.0 671.0
0 723.0 673.0
0 628.0 677.0
0 928.0 678.0
0 976.0 678.0
0 916.0 679.0
0 871.0 680.0
0 647.0 682.0
0 887.0 682.0
0 924.0 683.0
0 772.0 684.0
0 824.0 684.0
0 879.0 684.0
0 914.0 684.0
0 846.0 685.0
0 831.0 686.0
0 771.0 689.0
0 921.0 689.0
0 731.0 690.0
0 907.0 691.0
0 626.0 692.0
0 765.0 694.0
0 982.0 694.0
0 967.0 695.0
0 626.0 698.0
0 1127.0 698.0
0 647.0 699.0
0 897.0 699.0
0 914.0 699.0
0 1089.0 702.0
0 626.0 703.0
0 782.0 703.0
0 789.0 703.0
0 931.0 704.0
0 888.0 706.0
0 907.0 706.0
0 796.0 707.0
0 1129.0 707.0
0 782.0 708.0
0 744.0 709.0
0 976.0 709.0
0 881.0 710.0
0 1145.0 710.0
0 802.0 711.0
0 904.0 711.0
0 649.0 713.0
0 791.0 713.0
0 809.0 714.0
0 872.0 714.0
0 819.0 716.0
0 867.0 716.0
0 1126.0 716.0
0 860.0 717.0
0 797.0 718.0
0 1087.0 718.0
0 650.0 719.0
0 841.0 719.0
0 893.0 719.0
0 783.0 721.0
0 804.0 721.0
0 811.0 723.0
0 627.0 724.0
0 878.0 726.0
0 841.0 729.0
0 865.0 730.0
0 809.0 735.0
0 884.0 737.0
0 1124.0 738.0
0 833.0 739.0
0 239.0 742.0
0 627.0 744.0
0 627.0 749.0
0 873.0 749.0
0 213.0 751.0
0 770.0 751.0
0 1125.0 753.0
0 627.0 754.0
0 770.0 757.0
0 774.0 762.0
0 429.0 767.0
0 628.0 770.0
0 524.0 771.0
0 1439.0 772.0
0 382.0 773.0
0 415.0 773.0
0 1124.0 773.0
0 1176.0 778.0
0 1306.0 779.0
0 628.0 782.0
0 746.0 783.0
0 62.0 784.0
0 1122.0 784.0
0 1124.0 790.0
0 392.0 795.0
0 628.0 795.0
0 377.0 796.0
0 1122.0 796.0
0 814.0 798.0
0 948.0 799.0
0 438.0 803.0
0 532.0 803.0
0 146.0 807.0
0 1121.0 812.0
0 10.0 813.0
0 248.0 813.0
0 1107.0 814.0
0 42.0 816.0
0 56.0 816.0
0 1134.0 820.0
0 1121.0 823.0
0 31.0 826.0
0 881.0 837.0
0 626.0 840.0
0 1120.0 846.0
0 652.0 857.0
0 905.0 857.0
0 791.0 864.0
0 1036.0 866.0
0 647.0 874.0
0 713.0 878.0
0 788.0 879.0
0 647.0 892.0
0 1115.0 914.0
0 642.0 919.0
1 879.0 338.0
1 884.0 338.0
1 891.0 340.0
1 942.0 343.0
1 956.0 345.0
1 886.0 350.0
1 904.0 351.0
1 937.0 352.0
1 925.0 354.0
1 865.0 358.0
1 876.0 359.0
1 925.0 359.0
1 955.0 359.0
1 904.0 361.0
1 918.0 361.0
1 887.0 363.0
1 934.0 364.0
1 944.0 364.0
1 969.0 366.0
1 822.0 367.0
1 864.0 367.0
1 959.0 367.0
1 757.0 368.0
1 859.0 368.0
1 902.0 368.0
1 775.0 369.0
1 925.0 369.0
1 831.0 370.0
1 913.0 370.0
1 789.0 371.0
1 852.0 372.0
1 933.0 372.0
1 947.0 374.0
1 732.0 375.0
1 684.0 376.0
1 689.0 376.0
1 696.0 376.0
1 844.0 376.0
1 679.0 377.0
1 701.0 377.0
1 759.0 377.0
1 710.0 378.0
1 787.0 379.0
1 977.0 379.0
1 754.0 380.0
1 764.0 380.0
1 799.0 380.0
1 940.0 380.0
1 830.0 381.0
1 842.0 383.0
1 663.0 385.0
1 781.0 385.0
1 720.0 388.0
1 960.0 389.0
1 746.0 390.0
1 709.0 391.0
1 767.0 391.0
1 787.0 392.0
1 822.0 392.0
1 677.0 393.0
1 779.0 393.0
1 794.0 393.0
1 799.0 394.0
1 1060.0 394.0
1 695.0 395.0
1 724.0 396.0
1 737.0 396.0
1 809.0 396.0
1 789.0 397.0
1 814.0 397.0
1 754.0 398.0
1 1118.0 398.0
1 661.0 399.0
1 1054.0 399.0
1 956.0 401.0
1 964.0 401.0
1 646.0 402.0
1 789.0 402.0
1 1136.0 402.0
1 710.0 403.0
1 742.0 403.0
1 635.0 404.0
1 695.0 404.0
1 724.0 404.0
1 747.0 404.0
1 1051.0 404.0
1 1069.0 404.0
1 735.0 405.0
1 823.0 405.0
1 661.0 406.0
1 779.0 407.0
1 789.0 409.0
1 798.0 409.0
1 806.0 409.0
1 1123.0 409.0
1 766.0 411.0
1 677.0 413.0
1 754.0 413.0
1 1059.0 413.0
1 694.0 414.0
1 819.0 415.0
1 1047.0 415.0
1 1133.0 415.0
1 627.0 416.0
1 781.0 416.0
1 859.0 416.0
1 962.0 417.0
1 997.0 417.0
1 1008.0 417.0
1 797.0 418.0
1 1142.0 418.0
1 1027.0 419.0
1 723.0 420.0
1 1035.0 420.0
1 1081.0 420.0
1 1123.0 420.0
1 778.0 422.0
1 1056.0 422.0
1 648.0 423.0
1 739.0 423.0
1 664.0 424.0
1 625.0 425.0
1 1138.0 426.0
1 772.0 427.0
1 784.0 427.0
1 1021.0 427.0
1 1080.0 427.0
1 648.0 428.0
1 697.0 428.0
1 1032.0 428.0
1 1039.0 428.0
1 1146.0 428.0
1 739.0 429.0
1 810.0 430.0
1 764.0 432.0
1 647.0 433.0
1 993.0 435.0
1 1045.0 435.0
1 1142.0 436.0
1 1010.0 437.0
1 1152.0 437.0
1 772.0 438.0
1 1020.0 438.0
1 1071.0 438.0
1 1132.0 438.0
1 809.0 439.0
1 1076.0 439.0
1 739.0 441.0
1 768.0 443.0
1 952.0 443.0
1 1033.0 443.0
1 1058.0 443.0
1 1002.0 446.0
1 974.0 447.0
1 1044.0 447.0
1 365.0 448.0
1 796.0 448.0
1 1018.0 448.0
1 1076.0 448.0
1 692.0 449.0
1 704.0 449.0
1 1123.0 449.0
1 1132.0 449.0
1 967.0 450.0
1 1094.0 450.0
1 1109.0 451.0
1 1157.0 451.0
1 1043.0 452.0
1 1067.0 452.0
1 818.0 453.0
1 823.0 453.0
1 949.0 453.0
1 662.0 454.0
1 712.0 454.0
1 1056.0 454.0
1 1123.0 454.0
1 672.0 455.0
1 682.0 455.0
1 832.0 455.0
1 837.0 455.0
1 842.0 455.0
1 812.0 456.0
1 847.0 456.0
1 1134.0 456.0
1 733.0 457.0
1 857.0 457.0
1 648.0 458.0
1 738.0 458.0
1 743.0 458.0
1 863.0 458.0
1 974.0 458.0
1 986.0 458.0
1 1077.0 458.0
1 628.0 459.0
1 869.0 459.0
1 878.0 459.0
1 1124.0 459.0
1 727.0 460.0
1 886.0 460.0
1 811.0 461.0
1 852.0 461.0
1 1070.0 461.0
1 1092.0 461.0
1 1109.0 461.0
1 906.0 462.0
1 1154.0 462.0
1 751.0 463.0
1 794.0 463.0
1 913.0 463.0
1 893.0 464.0
1 919.0 464.0
1 927.0 465.0
1 644.0 466.0
1 815.0 466.0
1 898.0 466.0
1 969.0 466.0
1 682.0 467.0
1 840.0 467.0
1 873.0 467.0
1 1155.0 467.0
1 690.0 468.0
1 695.0 468.0
1 701.0 468.0
1 721.0 468.0
1 749.0 468.0
1 760.0 468.0
1 784.0 468.0
1 821.0 468.0
1 833.0 468.0
1 935.0 468.0
1 711.0 469.0
1 893.0 469.0
1 946.0 469.0
1 1069.0 469.0
1 1145.0 469.0
1 987.0 470.0
1 1160.0 470.0
1 736.0 471.0
1 852.0 471.0
1 903.0 471.0
1 659.0 472.0
1 793.0 472.0
1 798.0 472.0
1 863.0 472.0
1 1009.0 472.0
1 624.0 473.0
1 803.0 473.0
1 647.0 474.0
1 873.0 474.0
1 1112.0 474.0
1 774.0 475.0
1 884.0 475.0
1 1117.0 475.0
1 892.0 476.0
1 908.0 476.0
1 1049.0 476.0
1 762.0 477.0
1 914.0 477.0
1 926.0 477.0
1 939.0 477.0
1 919.0 478.0
1 720.0 479.0
1 808.0 479.0
1 947.0 479.0
1 1112.0 479.0
1 1088.0 480.0
1 732.0 481.0
1 996.0 481.0
1 1096.0 481.0
1 939.0 482.0
1 1158.0 482.0
1 966.0 483.0
1 657.0 484.0
1 755.0 484.0
1 1011.0 484.0
1 1106.0 484.0
1 979.0 485.0
1 1062.0 485.0
1 1117.0 485.0
1 771.0 486.0
1 647.0 487.0
1 1042.0 487.0
1 694.0 489.0
1 785.0 489.0
1 625.0 490.0
1 746.0 491.0
1 810.0 491.0
1 735.0 492.0
1 740.0 492.0
1 951.0 492.0
1 965.0 492.0
1 1003.0 492.0
1 1061.0 492.0
1 981.0 493.0
1 630.0 494.0
1 644.0 494.0
1 873.0 496.0
1 991.0 496.0
1 1158.0 496.0
1 1094.0 497.0
1 1073.0 498.0
1 770.0 499.0
1 969.0 501.0
1 1038.0 501.0
1 1058.0 501.0
1 837.0 504.0
1 863.0 504.0
1 987.0 505.0
1 831.0 506.0
1 849.0 506.0
1 883.0 506.0
1 911.0 506.0
1 934.0 506.0
1 949.0 506.0
1 808.0 507.0
1 895.0 507.0
1 1026.0 507.0
1 844.0 509.0
1 1103.0 509.0
1 802.0 510.0
1 1047.0 512.0
1 1052.0 512.0
1 1059.0 512.0
1 707.0 513.0
1 870.0 513.0
1 978.0 513.0
1 1021.0 513.0
1 1040.0 513.0
1 1082.0 513.0
1 770.0 514.0
1 878.0 514.0
1 886.0 514.0
1 1066.0 514.0
1 1089.0 514.0
1 841.0 515.0
1 916.0 515.0
1 1032.0 515.0
1 812.0 516.0
1 1005.0 516.0
1 632.0 517.0
1 735.0 517.0
1 740.0 517.0
1 950.0 517.0
1 1071.0 517.0
1 900.0 518.0
1 935.0 518.0
1 766.0 519.0
1 1076.0 519.0
1 1017.0 520.0
1 729.0 522.0
1 737.0 523.0
1 797.0 523.0
1 1024.0 523.0
1 1152.0 524.0
1 747.0 525.0
1 752.0 525.0
1 865.0 525.0
1 1015.0 525.0
1 757.0 526.0
1 918.0 526.0
1 964.0 526.0
1 1102.0 526.0
1 765.0 527.0
1 791.0 527.0
1 874.0 527.0
1 1130.0 527.0
1 847.0 528.0
1 1085.0 528.0
1 858.0 530.0
1 884.0 530.0
1 1009.0 530.0
1 717.0 531.0
1 949.0 531.0
1 995.0 531.0
1 783.0 532.0
1 1138.0 532.0
1 878.0 533.0
1 772.0 535.0
1 1009.0 535.0
1 866.0 536.0
1 871.0 536.0
1 925.0 536.0
1 1016.0 536.0
1 777.0 537.0
1 961.0 537.0
1 767.0 538.0
1 885.0 538.0
1 1089.0 538.0
1 1120.0 538.0
1 815.0 539.0
1 824.0 539.0
1 829.0 539.0
1 834.0 539.0
1 942.0 539.0
1 653.0 540.0
1 843.0 540.0
1 806.0 541.0
1 853.0 541.0
1 862.0 541.0
1 891.0 542.0
1 798.0 543.0
1 933.0 543.0
1 1090.0 543.0
1 873.0 544.0
1 1018.0 544.0
1 723.0 545.0
1 737.0 545.0
1 764.0 545.0
1 789.0 546.0
1 1117.0 546.0
1 634.0 547.0
1 882.0 547.0
1 1130.0 547.0
1 887.0 548.0
1 1150.0 548.0
1 781.0 549.0
1 943.0 549.0
1 837.0 550.0
1 802.0 551.0
1 892.0 551.0
1 1090.0 551.0
1 774.0 552.0
1 1136.0 552.0
1 758.0 553.0
1 853.0 553.0
1 864.0 553.0
1 1020.0 553.0
1 793.0 554.0
1 820.0 555.0
1 902.0 555.0
1 1157.0 555.0
1 835.0 556.0
1 1089.0 556.0
1 1149.0 556.0
1 766.0 557.0
1 847.0 557.0
1 1010.0 557.0
1 878.0 558.0
1 797.0 559.0
1 815.0 559.0
1 910.0 559.0
1 749.0 560.0
1 792.0 560.0
1 862.0 560.0
1 979.0 560.0
1 1024.0 560.0
1 1098.0 560.0
1 1139.0 560.0
1 760.0 562.0
1 771.0 562.0
1 889.0 562.0
1 1086.0 562.0
1 876.0 563.0
1 958.0 563.0
1 919.0 564.0
1 748.0 565.0
1 1116.0 565.0
1 1160.0 565.0
1 890.0 567.0
1 1080.0 567.0
1 764.0 568.0
1 1032.0 568.0
1 848.0 569.0
1 906.0 569.0
1 972.0 569.0
1 1135.0 569.0
1 710.0 570.0
1 1111.0 571.0
1 732.0 572.0
1 741.0 572.0
1 1039.0 572.0
1 914.0 573.0
1 1069.0 573.0
1 824.0 574.0
1 1047.0 574.0
1 1052.0 575.0
1 1058.0 575.0
1 1063.0 575.0
1 1110.0 576.0
1 904.0 577.0
1 959.0 578.0
1 789.0 579.0
1 637.0 580.0
1 923.0 580.0
1 911.0 581.0
1 1152.0 582.0
1 1018.0 583.0
1 945.0 584.0
1 1054.0 584.0
1 802.0 587.0
1 921.0 588.0
1 1049.0 589.0
1 1054.0 589.0
1 788.0 590.0
1 930.0 590.0
1 862.0 592.0
1 1067.0 592.0
1 1086.0 592.0
1 995.0 593.0
1 1113.0 593.0
1 778.0 594.0
1 1143.0 594.0
1 942.0 595.0
1 823.0 597.0
1 833.0 597.0
1 803.0 598.0
1 811.0 598.0
1 842.0 599.0
1 822.0 602.0
1 834.0 602.0
1 852.0 602.0
1 734.0 603.0
1 937.0 604.0
1 795.0 605.0
1 869.0 605.0
1 783.0 608.0
1 698.0 610.0
1 823.0 610.0
1 828.0 610.0
1 833.0 610.0
1 639.0 611.0
1 847.0 611.0
1 880.0 612.0
1 660.0 613.0
1 773.0 614.0
1 859.0 614.0
1 997.0 614.0
1 268.0 616.0
1 806.0 616.0
1 869.0 616.0
1 785.0 622.0
1 961.0 622.0
1 660.0 623.0
1 979.0 624.0
1 897.0 625.0
1 641.0 626.0
1 906.0 627.0
1 857.0 628.0
1 755.0 630.0
1 998.0 631.0
1 764.0 632.0
1 719.0 633.0
1 661.0 636.0
1 864.0 636.0
1 783.0 637.0
1 798.0 637.0
1 916.0 637.0
1 138.0 639.0
1 724.0 639.0
1 751.0 639.0
1 731.0 640.0
1 815.0 640.0
1 823.0 640.0
1 760.0 641.0
1 997.0 641.0
1 861.0 642.0
1 918.0 642.0
1 642.0 643.0
1 923.0 644.0
1 824.0 645.0
1 717.0 646.0
1 996.0 646.0
1 906.0 648.0
1 918.0 648.0
1 1134.0 649.0
1 798.0 650.0
1 927.0 650.0
1 662.0 652.0
1 875.0 652.0
1 896.0 652.0
1 747.0 654.0
1 757.0 654.0
1 718.0 656.0
1 833.0 657.0
1 864.0 658.0
1 929.0 659.0
1 899.0 660.0
1 912.0 661.0
1 838.0 662.0
1 719.0 664.0
1 843.0 665.0
1 848.0 667.0
1 820.0 668.0
1 720.0 669.0
1 854.0 669.0
1 868.0 670.0
1 890.0 671.0
1 751.0 673.0
1 880.0 677.0
1 993.0 678.0
1 783.0 679.0
1 849.0 679.0
1 874.0 679.0
1 912.0 679.0
1 854.0 680.0
1 869.0 680.0
1 897.0 681.0
1 935.0 682.0
1 424.0 684.0
1 725.0 687.0
1 816.0 687.0
1 878.0 687.0
1 751.0 688.0
1 1125.0 691.0
1 761.0 692.0
1 856.0 692.0
1 983.0 692.0
1 988.0 692.0
1 1090.0 693.0
1 296.0 694.0
1 847.0 694.0
1 727.0 695.0
1 752.0 695.0
1 932.0 696.0
1 1125.0 696.0
1 888.0 697.0
1 729.0 700.0
1 877.0 700.0
1 423.0 701.0
1 940.0 701.0
1 765.0 702.0
1 910.0 702.0
1 867.0 703.0
1 896.0 703.0
1 1123.0 704.0
1 18.0 705.0
1 758.0 705.0
1 886.0 709.0
1 645.0 710.0
1 876.0 710.0
1 864.0 711.0
1 938.0 711.0
1 928.0 712.0
1 827.0 713.0
1 900.0 713.0
1 624.0 714.0
1 779.0 716.0
1 950.0 716.0
1 895.0 717.0
1 927.0 717.0
1 1122.0 717.0
1 972.0 718.0
1 936.0 719.0
1 419.0 720.0
1 741.0 721.0
1 778.0 721.0
1 887.0 722.0
1 383.0 726.0
1 774.0 726.0
1 853.0 726.0
1 932.0 726.0
1 868.0 727.0
1 918.0 729.0
1 783.0 730.0
1 968.0 730.0
1 456.0 731.0
1 795.0 733.0
1 751.0 734.0
1 926.0 735.0
1 790.0 736.0
1 909.0 737.0
1 802.0 738.0
1 1164.0 738.0
1 922.0 740.0
1 808.0 742.0
1 902.0 742.0
1 1117.0 742.0
1 793.0 744.0
1 798.0 744.0
1 814.0 746.0
1 916.0 747.0
1 803.0 748.0
1 824.0 748.0
1 277.0 749.0
1 885.0 750.0
1 425.0 751.0
1 810.0 752.0
1 910.0 753.0
1 771.0 754.0
1 845.0 754.0
1 854.0 754.0
1 859.0 754.0
1 864.0 754.0
1 871.0 754.0
1 1207.0 754.0
1 817.0 755.0
1 1412.0 755.0
1 334.0 759.0
1 887.0 759.0
1 899.0 759.0
1 845.0 761.0
1 879.0 761.0
1 866.0 763.0
1 871.0 763.0
1 254.0 767.0
1 502.0 768.0
1 1113.0 768.0
1 1023.0 778.0
1 537.0 781.0
1 516.0 783.0
1 871.0 783.0
1 880.0 783.0
1 1470.0 783.0
1 856.0 784.0
1 861.0 784.0
1 866.0 784.0
1 491.0 787.0
1 555.0 790.0
1 458.0 791.0
1 981.0 791.0
1 1413.0 792.0
1 51.0 794.0
1 547.0 796.0
1 478.0 798.0
1 372.0 800.0
1 354.0 802.0
1 415.0 802.0
1 559.0 802.0
1 391.0 803.0
1 445.0 803.0
1 858.0 806.0
1 487.0 807.0
1 1413.0 807.0
1 728.0 808.0
1 1160.0 813.0
1 464.0 816.0
1 207.0 818.0
1 1284.0 818.0
1 863.0 819.0
1 415.0 821.0
1 548.0 822.0
1 495.0 828.0
1 517.0 830.0
1 974.0 830.0
1 342.0 831.0
1 441.0 833.0
1 1198.0 834.0
1 431.0 836.0
1 1241.0 839.0
1 374.0 841.0
1 315.0 842.0
1 412.0 842.0
1 304.0 843.0
1 1278.0 843.0
1 404.0 847.0
1 364.0 849.0
1 212.0 850.0
1 258.0 854.0
1 1159.0 856.0
1 1175.0 860.0
1 1476.0 861.0
1 203.0 863.0
1 1329.0 864.0
1 491.0 866.0
1 142.0 868.0
1 1263.0 868.0
1 232.0 870.0
1 292.0 872.0
1 147.0 874.0
1 156.0 875.0
1 274.0 879.0
1 43.0 880.0
1 57.0 880.0
1 221.0 881.0
1 11.0 883.0
1 145.0 883.0
1 1113.0 884.0
1 354.0 885.0
1 1310.0 885.0
1 887.0 886.0
1 903.0 890.0
1 979.0 893.0
1 1117.0 893.0
1 30.0 894.0
1 1335.0 895.0
1 43.0 896.0
1 1319.0 896.0
1 102.0 897.0
1 1126.0 897.0
1 40.0 902.0
1 63.0 902.0
1 20.0 903.0
1 1089.0 904.0
1 184.0 905.0
1 8.0 906.0
1 1284.0 907.0
1 989.0 909.0
1 1451.0 909.0
1 1095.0 912.0
1 1378.0 924.0
1 759.0 925.0
1 1468.0 925.0
1 1011.0 928.0
1 913.0 931.0
1 1208.0 931.0
1 1141.0 937.0
1 1432.0 939.0
1 796.0 941.0
1 1088.0 941.0
1 856.0 944.0
1 653.0 952.0
1 55.0 956.0
1 792.0 956.0
1 1018.0 958.0
1 329.0 965.0
1 465.0 969.0
1 1019.0 970.0
1 318.0 971.0
1 302.0 973.0
1 930.0 975.0
1 1057.0 975.0
1 516.0 976.0
1 1011.0 982.0
1 1068.0 987.0
1 297.0 988.0
1 443.0 989.0
1 1055.0 989.0
