0 0 0 311.7711755026867
0 2 1 427.4728474345812
0 35 3 336.3994473952788
0 25 4 443.5732315712891
0 36 6 426.3772309814969
0 41 8 351.3376500448145
0 50 11 364.55827348884753
0 5 13 161.78548236756703
0 6 14 279.7701301997437
0 29 16 162.54823363200472
0 55 19 359.2363910750702
0 8 20 467.33839835245624
0 10 22 168.26509258873872
0 59 25 155.70885038007896
0 48 26 338.8012502992517
0 65 27 330.2807025003918
0 89 29 405.62390043448005
0 20 30 267.8467288899
0 45 31 176.19640989077476
0 46 32 345.0758320962465
0 15 34 169.05227453848778
0 14 35 498.0312109294728
0 96 36 219.43728669818037
0 13 37 182.89509716197384
0 51 39 353.3312259111003
0 61 41 434.9398099479826
0 12 42 195.0435601751684
0 66 45 195.42262437662302
0 16 46 315.32620298442436
0 56 47 223.28226290339464
0 24 50 187.40276868192328
0 28 52 286.3801263593151
0 17 53 145.71507905399415
0 121 54 210.4118341305875
0 21 55 163.7755453664232
0 120 56 207.05449793787386
0 83 57 216.5728018037131
0 84 58 221.99007163940342
0 60 59 167.28619360757
0 49 60 435.19083613046473
0 87 62 131.3314205967475
0 31 63 144.84194241275233
0 18 64 414.5105739972269
0 127 65 171.5402999999489
0 99 66 282.93787833726685
0 32 67 123.62173341862044
0 95 69 189.87091275500313
0 135 71 122.82322124769713
0 112 72 119.4904446622567
0 53 73 442.4080219405395
0 47 74 137.31563462872873
0 128 75 119.81189125388025
0 119 76 156.0192167967771
0 100 77 222.79812892882978
0 43 78 433.8424005085435
0 132 79 118.2203823069836
0 193 82 180.46081075630252
0 186 83 138.40542210305392
0 159 84 158.00245726115395
0 147 85 140.34458891870057
0 160 87 189.7290258376236
0 133 88 117.87369192413661
0 74 89 231.68267022266974
0 75 90 268.4164521151902
0 245 92 145.21067567318437
0 240 100 133.94283444201795
0 145 101 130.28634281695219
0 247 104 206.4696392193488
0 197 106 135.57220276336827
0 106 110 391.1467268607237
0 272 115 279.0059652826057
0 230 116 234.30774558196208
0 107 118 317.3583534426516
0 284 121 199.0519143061516
0 237 122 126.92918030013671
0 282 124 299.31285774535417
0 101 128 365.3640156466209
0 86 129 224.736654147374
0 295 131 361.0102735009778
0 261 134 153.2009006201283
0 181 135 141.77254895598205
0 170 136 243.4788893227312
0 207 139 489.0108347864485
0 178 142 210.99959409165982
0 71 143 265.2260720021734
0 98 145 258.4153491535031
0 213 147 123.64377197012541
0 180 148 351.6654741663773
0 78 154 498.5216365841293
0 241 155 264.3104994761357
0 136 156 230.35594182506097
0 227 158 153.47113632675493
0 189 159 172.2642429850482
0 125 161 185.86601179569823
0 129 162 166.58332146801138
0 94 164 112.81835201522104
0 228 165 164.18363120938275
0 195 167 177.81048658208917
0 149 168 133.8234626672283
0 139 170 188.41597516000328
0 198 172 203.7456807674059
0 102 174 135.48773584067618
0 262 176 130.6598193090718
0 238 179 144.37669604075438
0 209 182 206.63866030603364
0 130 183 170.5137309198486
0 283 184 166.02029722168703
0 153 185 276.5885108520892
0 142 186 195.61169462349343
0 114 187 205.64822361176977
0 243 188 187.99705205771593
0 214 189 299.481906720361
0 163 190 178.9792881907088
0 152 192 108.40590130944786
0 115 194 118.19462205542288
0 323 196 108.50178152237868
0 208 197 282.43724871244984
0 171 198 137.5592851404022
0 286 202 133.5859093960477
0 248 203 162.21118740985898
0 126 204 132.78502012406776
0 410 205 220.5622878970616
0 210 206 238.78507399722807
0 301 208 312.0097084968223
0 211 209 160.30608063128653
0 190 210 243.8418587379235
0 251 211 170.17777602409907
0 239 213 155.60404793474157
0 253 215 184.86897193260793
0 231 216 495.2514829383677
0 157 217 143.53445779331082
0 215 218 388.13017566267513
0 150 219 199.12501013296708
0 122 220 227.15410454884557
0 229 222 115.10978067193278
0 137 224 250.51157337518976
0 191 225 193.1011399806982
0 254 226 160.41650192880743
0 232 228 114.12094705630314
0 154 229 222.06183820415077
0 146 230 191.3641222155065
0 329 231 193.19415365191784
0 144 233 207.5487157029297
0 260 235 228.2892406626385
0 151 237 175.72083945656593
0 138 238 200.73424931837138
0 258 241 193.58588983919668
0 259 243 206.2486373560192
0 371 248 261.99762929319724
0 314 249 193.80607143389346
0 235 250 142.82325166993874
0 296 253 145.0027419400144
0 269 254 156.42623656671907
0 263 256 156.90314934804715
0 158 257 127.93977444394538
0 168 258 138.73538498966465
0 309 260 345.7195018051799
0 174 262 303.8848929203085
0 244 265 120.30686640251173
0 162 266 243.51233831247265
0 377 267 496.67989293854447
0 164 268 188.8695072265832
0 161 269 312.2862401496244
0 306 272 208.76640886331845
0 271 274 131.1042332048356
0 165 275 245.1707701225188
0 267 279 217.06742284563484
0 233 280 117.46331515337071
0 337 282 265.40999439192757
0 317 285 373.7227942352492
0 310 286 183.96374764538317
0 201 287 156.83956408193058
0 276 291 202.5897390228072
0 192 292 215.48582971251503
0 324 295 154.37427878088124
0 330 296 380.88524200499205
0 274 298 173.13848341020937
0 334 299 413.8111038417687
0 289 300 184.53941087181292
0 290 303 187.8726554013953
0 202 304 208.28516612070675
0 315 305 418.1642509187494
0 183 306 245.76981639208051
0 196 308 192.27878311113312
0 331 310 483.5981638379911
0 203 312 234.35088246421594
0 423 314 456.43501285126746
0 255 315 248.71927972108577
0 291 326 219.59346086657868
0 356 327 436.43894391563833
0 302 328 112.3503276111321
0 344 330 424.89723403743415
0 313 331 118.74783902170651
0 281 332 375.46932501882134
0 297 338 239.32974269637853
0 335 341 192.8046865519055
0 277 350 118.14103874049486
0 249 360 268.33250218556145
0 418 362 416.53793454887176
0 369 363 416.75012367336024
0 268 364 201.924267639787
0 307 367 156.55787261707698
0 342 370 135.6902933394369
0 325 378 114.4521135234104
0 292 379 152.83877261214013
0 252 380 292.6004875798125
0 359 382 188.50675293124394
0 460 384 264.62120593761523
0 427 385 369.6055810451198
0 345 386 188.69684780108636
0 303 389 382.67294190206786
0 304 392 249.37598836091914
0 300 393 412.8866879103981
0 372 399 181.2244901486309
0 275 400 225.779191950484
0 316 405 197.83410001854855
0 438 408 426.5647216295493
0 338 409 151.10295087825827
0 381 416 192.37819711258686
0 360 417 119.59829973997667
0 481 427 213.25520982621393
0 384 433 176.5833142125793
0 393 436 180.7219153497253
0 352 437 245.64937381959288
0 336 438 224.79239094855487
0 327 441 284.4673533109576
0 357 446 387.38137074485155
0 321 447 228.24766968142805
0 373 448 352.0362686902109
0 419 450 474.1667584610453
0 401 451 179.92534325810928
0 473 453 282.6608970463437
0 437 455 439.5965338166554
0 332 464 235.09830891004393
0 382 468 239.75351306827028
0 500 470 247.65960845131775
0 416 472 267.62638930994933
0 333 473 378.5581827997083
0 440 474 373.7990659265495
0 343 476 188.67921302988802
0 511 480 166.1562736233852
0 489 482 300.1166051680319
0 454 489 387.33446236131533
0 505 491 310.2806489973387
0 479 492 391.5266390226639
0 404 493 194.96971366886626
0 618 494 115.66962279861177
0 367 499 166.73589640385006
0 463 501 345.2397571479369
0 444 503 148.0539369335589
0 484 504 390.34928097969265
0 541 508 262.843533422623
0 513 509 167.13534092401133
0 361 512 129.214033432247
0 510 513 192.43104365858582
0 453 514 260.6416452665806
0 426 516 195.51957460560084
0 524 519 137.8640444814334
0 483 522 313.44245793116255
0 550 523 331.97870274318683
0 436 526 467.3023088369749
0 387 528 188.0287828159349
0 365 532 119.9692147098083
0 464 534 116.49336502552725
0 353 535 286.2381157561246
0 643 536 112.78021256749449
0 514 537 335.487622591782
0 549 540 198.70559368527748
0 402 542 203.51166829080483
0 388 543 122.07119488676928
0 445 545 202.9718657056608
0 522 546 362.89706970391404
0 375 547 112.45741594055471
0 560 549 297.4802099835357
0 540 550 160.35745574671017
0 519 551 423.65425944505847
0 480 555 238.41417182552607
0 502 556 234.19224119940841
0 490 558 371.9095214328474
0 420 559 218.19980391273236
0 525 560 334.1516427832081
0 494 561 310.98453410799493
0 461 564 167.02221355889918
0 412 566 181.2486887538673
0 409 567 135.29128054608685
0 544 570 116.39209276559994
0 432 571 222.22221339190483
0 446 580 294.3219419910622
0 570 582 113.42934194115082
0 414 583 183.14050539448112
0 571 584 111.89752807489974
0 470 586 253.23499503483467
0 459 587 219.15034843568546
0 422 588 171.27352173212194
0 537 589 219.33560222548837
0 498 590 158.84642077048565
0 552 593 219.36070976926433
0 512 594 320.9290812674479
0 456 598 161.9985323085242
0 433 599 189.2367766343358
0 447 608 207.19355088890654
0 559 609 310.1510730734028
0 491 610 185.94029306526002
0 565 612 186.63922014133536
0 467 616 184.0107801267845
0 555 617 441.8396510362339
0 492 618 217.28239905068872
0 587 620 117.71906237696825
0 526 622 313.6395166121461
0 546 623 460.8957820145133
0 478 626 180.3868272970774
0 496 627 117.17392725462446
0 582 631 210.12586473689518
0 556 632 446.34034296624947
0 590 633 174.21192108406456
0 573 634 477.60821485801614
0 497 636 105.32311500292354
0 533 643 233.96299298921912
0 612 644 131.5031866205049
0 499 649 138.1097945971505
0 566 650 488.4571139258344
0 485 651 224.32787576591497
0 600 652 236.48755728779878
0 575 653 220.12308733054894
0 644 654 156.83259997096525
0 708 656 148.45037833255836
0 620 657 124.37554302862446
0 577 658 481.2664629120219
0 501 660 330.57912077962624
0 626 661 116.88346992785254
0 706 666 131.61975411578075
0 747 667 144.69462599676254
0 561 669 287.87656659665885
0 740 670 148.34564505872208
0 586 672 410.57710032463126
0 595 674 422.7743868596649
0 592 677 478.7619638119457
0 645 680 154.35800198895413
0 725 682 122.01666654787826
0 597 683 293.52893979278804
0 707 684 133.57699654911295
0 648 685 174.61344492685626
0 601 686 338.1433915504744
0 617 690 332.3287403413313
0 593 693 350.40203191714767
0 741 694 138.81810445437625
0 657 695 111.16569013908686
0 744 697 139.5339839512618
0 623 700 462.0488312156138
0 659 702 160.38888234565314
0 589 703 448.8870709840198
0 649 704 311.2762290957614
0 651 708 329.90609290973543
0 621 710 290.388526607456
0 661 714 280.4381880118522
0 667 717 162.90174006569
0 638 718 410.4341954778694
0 730 720 112.37186443534218
0 664 721 267.9065014036287
0 607 722 473.64880058462137
0 606 724 238.04931758749905
0 678 725 105.94912764391043
0 671 729 247.22683495813467
0 631 732 447.67849322383665
0 676 733 275.504414385359
0 672 734 249.9950976141027
0 685 736 220.4289420775459
0 690 741 331.0615480031091
0 642 742 296.98074641804885
0 652 745 285.3134104589648
0 658 750 327.63232693680317
0 665 751 360.5103851955632
0 674 752 233.5866619096929
0 677 754 340.3699835152847
0 608 755 109.23998740210965
0 688 756 378.00697784191595
0 603 760 158.06846348163333
0 689 762 469.1773638609302
0 614 764 223.5191712484265
0 703 766 303.558731127451
0 624 768 207.52200370385577
0 701 771 354.86937032596717
0 814 773 163.34867780503953
0 728 777 106.91888245236908
0 805 778 129.34546041595706
0 811 785 131.55136082590954
0 684 792 397.1495177549138
0 800 806 364.5534017574694
0 790 807 107.30296070365071
0 769 814 112.27155004481571
0 770 819 161.17048788004314
0 797 831 246.92170149924593
0 802 834 284.36426836170017
0 686 835 309.02884189078196
0 724 836 108.90218636320972
0 771 844 165.16311136242996
0 799 845 136.53345555566497
0 793 850 295.7930473220469
0 786 870 160.40608787620178
0 748 879 133.88946316977885
0 736 884 114.91382361869569
0 792 896 134.2606484440946
0 766 906 207.67069498726877
0 749 909 202.4744113389038
0 727 918 109.69808275040292
0 782 919 109.98641789790386
0 809 921 171.7449117757225
0 778 927 133.3585044899117
0 788 928 112.51625066637372
0 803 938 166.4430126779589
0 743 941 170.8715477430468
0 806 951 264.83505520469873
0 798 957 121.18616301102385
0 755 970 206.30332974476485
0 810 971 213.99128076794545

0 832.0 275.0
0 840.0 277.0
0 644.0 282.0
0 671.0 282.0
0 732.0 282.0
0 831.0 282.0
0 676.0 283.0
0 805.0 283.0
0 682.0 284.0
0 709.0 286.0
0 760.0 289.0
0 629.0 290.0
0 683.0 290.0
0 832.0 290.0
0 853.0 291.0
0 901.0 292.0
0 738.0 293.0
0 783.0 294.0
0 722.0 295.0
0 687.0 296.0
0 869.0 297.0
0 712.0 298.0
0 794.0 298.0
0 837.0 298.0
0 784.0 299.0
0 638.0 300.0
0 757.0 300.0
0 649.0 301.0
0 770.0 302.0
0 622.0 303.0
0 783.0 304.0
0 697.0 305.0
0 736.0 305.0
0 752.0 305.0
0 813.0 305.0
0 853.0 305.0
0 638.0 307.0
0 830.0 307.0
0 707.0 308.0
0 713.0 308.0
0 792.0 308.0
0 724.0 309.0
0 900.0 309.0
0 736.0 310.0
0 813.0 310.0
0 674.0 311.0
0 843.0 311.0
0 692.0 313.0
0 592.0 314.0
0 781.0 314.0
0 819.0 314.0
0 631.0 316.0
0 829.0 317.0
0 853.0 317.0
0 593.0 319.0
0 906.0 319.0
0 618.0 320.0
0 654.0 320.0
0 682.0 320.0
0 704.0 320.0
0 727.0 320.0
0 911.0 320.0
0 668.0 322.0
0 842.0 322.0
0 916.0 322.0
0 596.0 324.0
0 633.0 327.0
0 855.0 329.0
0 841.0 330.0
0 689.0 332.0
0 675.0 335.0
0 599.0 336.0
0 655.0 336.0
0 890.0 336.0
0 813.0 337.0
0 633.0 338.0
0 661.0 340.0
0 704.0 341.0
0 928.0 345.0
0 662.0 347.0
0 931.0 350.0
0 691.0 352.0
0 590.0 358.0
0 601.0 359.0
0 628.0 359.0
0 662.0 360.0
0 859.0 360.0
0 638.0 362.0
0 679.0 366.0
0 838.0 366.0
0 867.0 367.0
0 1174.0 367.0
0 587.0 370.0
0 805.0 370.0
0 940.0 370.0
0 856.0 371.0
0 869.0 372.0
0 602.0 373.0
0 828.0 373.0
0 850.0 374.0
0 609.0 375.0
0 673.0 375.0
0 999.0 375.0
0 1004.0 375.0
0 593.0 376.0
0 1009.0 376.0
0 654.0 377.0
0 979.0 378.0
0 1027.0 378.0
0 868.0 379.0
0 844.0 380.0
0 1032.0 380.0
0 821.0 381.0
0 970.0 381.0
0 1037.0 381.0
0 602.0 383.0
0 644.0 383.0
0 856.0 383.0
0 946.0 383.0
0 667.0 385.0
0 963.0 386.0
0 583.0 388.0
0 657.0 388.0
0 837.0 388.0
0 612.0 389.0
0 849.0 389.0
0 951.0 390.0
0 863.0 391.0
0 957.0 391.0
0 982.0 391.0
0 814.0 392.0
0 601.0 393.0
0 968.0 393.0
0 1055.0 393.0
0 650.0 394.0
0 676.0 394.0
0 684.0 395.0
0 842.0 395.0
0 923.0 395.0
0 661.0 396.0
0 826.0 396.0
0 934.0 396.0
0 691.0 398.0
0 1042.0 398.0
0 923.0 400.0
0 964.0 401.0
0 969.0 401.0
0 674.0 402.0
0 700.0 402.0
0 836.0 402.0
0 974.0 402.0
0 818.0 403.0
0 809.0 404.0
0 952.0 404.0
0 1063.0 405.0
0 658.0 407.0
0 913.0 407.0
0 1054.0 407.0
0 681.0 408.0
0 714.0 408.0
0 851.0 408.0
0 934.0 408.0
0 943.0 409.0
0 808.0 410.0
0 1039.0 410.0
0 691.0 412.0
0 951.0 412.0
0 725.0 413.0
0 793.0 413.0
0 824.0 414.0
0 926.0 414.0
0 843.0 415.0
0 731.0 416.0
0 810.0 416.0
0 1051.0 416.0
0 888.0 417.0
0 674.0 418.0
0 791.0 418.0
0 972.0 418.0
0 705.0 419.0
0 837.0 419.0
0 1058.0 419.0
0 741.0 421.0
0 944.0 421.0
0 663.0 422.0
0 828.0 422.0
0 932.0 422.0
0 979.0 422.0
0 713.0 423.0
0 746.0 423.0
0 817.0 423.0
0 924.0 423.0
0 903.0 424.0
0 970.0 424.0
0 1035.0 424.0
0 1073.0 424.0
0 645.0 425.0
0 751.0 425.0
0 785.0 425.0
0 999.0 425.0
0 944.0 426.0
0 956.0 426.0
0 678.0 427.0
0 721.0 427.0
0 977.0 427.0
0 604.0 429.0
0 759.0 429.0
0 1074.0 429.0
0 659.0 430.0
0 764.0 430.0
0 854.0 430.0
0 731.0 431.0
0 1067.0 431.0
0 746.0 432.0
0 643.0 433.0
0 736.0 433.0
0 741.0 433.0
0 924.0 433.0
0 828.0 434.0
0 932.0 434.0
0 1054.0 434.0
0 1078.0 434.0
0 774.0 435.0
0 955.0 435.0
0 949.0 436.0
0 866.0 437.0
0 750.0 438.0
0 861.0 438.0
0 781.0 440.0
0 941.0 440.0
0 972.0 440.0
0 659.0 441.0
0 1034.0 441.0
0 1053.0 441.0
0 690.0 442.0
0 756.0 442.0
0 855.0 442.0
0 952.0 442.0
0 1064.0 442.0
0 883.0 443.0
0 701.0 444.0
0 763.0 444.0
0 982.0 444.0
0 781.0 445.0
0 987.0 445.0
0 1025.0 446.0
0 1077.0 446.0
0 1061.0 447.0
0 648.0 448.0
0 668.0 448.0
0 867.0 448.0
0 932.0 448.0
0 1056.0 449.0
0 727.0 450.0
0 771.0 450.0
0 1100.0 451.0
0 780.0 452.0
0 967.0 453.0
0 956.0 455.0
0 1043.0 455.0
0 693.0 456.0
0 720.0 456.0
0 946.0 456.0
0 951.0 456.0
0 1100.0 456.0
0 889.0 457.0
0 1038.0 457.0
0 656.0 458.0
0 988.0 458.0
0 1033.0 458.0
0 1075.0 458.0
0 702.0 459.0
0 711.0 459.0
0 683.0 460.0
0 798.0 460.0
0 1008.0 460.0
0 1026.0 460.0
0 806.0 461.0
0 812.0 461.0
0 877.0 461.0
0 930.0 461.0
0 646.0 462.0
0 660.0 463.0
0 976.0 463.0
0 988.0 463.0
0 693.0 464.0
0 723.0 464.0
0 961.0 464.0
0 996.0 465.0
0 1100.0 465.0
0 806.0 466.0
0 816.0 466.0
0 968.0 466.0
0 669.0 467.0
0 659.0 468.0
0 703.0 468.0
0 716.0 468.0
0 782.0 468.0
0 871.0 468.0
0 676.0 469.0
0 790.0 469.0
0 827.0 469.0
0 1043.0 469.0
0 796.0 470.0
0 986.0 470.0
0 734.0 471.0
0 1036.0 471.0
0 805.0 472.0
0 1026.0 472.0
0 684.0 473.0
0 721.0 473.0
0 726.0 473.0
0 1006.0 473.0
0 663.0 474.0
0 611.0 475.0
0 911.0 475.0
0 691.0 476.0
0 985.0 476.0
0 1054.0 476.0
0 716.0 477.0
0 742.0 477.0
0 651.0 478.0
0 737.0 478.0
0 659.0 479.0
0 668.0 479.0
0 829.0 479.0
0 854.0 479.0
0 702.0 480.0
0 805.0 480.0
0 1042.0 480.0
0 726.0 481.0
0 788.0 481.0
0 896.0 481.0
0 711.0 482.0
0 1003.0 482.0
0 649.0 483.0
0 675.0 483.0
0 737.0 483.0
0 834.0 483.0
0 668.0 484.0
0 732.0 484.0
0 751.0 484.0
0 663.0 485.0
0 693.0 485.0
0 799.0 485.0
0 593.0 486.0
0 610.0 487.0
0 654.0 487.0
0 744.0 487.0
0 874.0 487.0
0 919.0 487.0
0 645.0 488.0
0 682.0 488.0
0 718.0 488.0
0 943.0 488.0
0 677.0 489.0
0 806.0 489.0
0 1098.0 489.0
0 666.0 490.0
0 671.0 490.0
0 992.0 490.0
0 1083.0 490.0
0 635.0 491.0
0 701.0 491.0
0 967.0 491.0
0 640.0 492.0
0 729.0 492.0
0 833.0 492.0
0 689.0 493.0
0 760.0 493.0
0 794.0 493.0
0 678.0 494.0
0 734.0 494.0
0 954.0 494.0
0 648.0 495.0
0 653.0 495.0
0 667.0 495.0
0 673.0 495.0
0 817.0 495.0
0 907.0 495.0
0 1040.0 495.0
0 1176.0 495.0
0 742.0 496.0
0 856.0 496.0
0 583.0 497.0
0 617.0 497.0
0 780.0 497.0
0 697.0 498.0
0 767.0 498.0
0 897.0 498.0
0 660.0 499.0
0 725.0 499.0
0 902.0 499.0
0 960.0 499.0
0 655.0 500.0
0 685.0 500.0
0 678.0 501.0
0 734.0 501.0
0 640.0 502.0
0 781.0 502.0
0 989.0 502.0
0 1041.0 502.0
0 624.0 503.0
0 669.0 503.0
0 773.0 503.0
0 873.0 503.0
0 664.0 504.0
0 910.0 504.0
0 599.0 505.0
0 855.0 505.0
0 650.0 506.0
0 694.0 506.0
0 563.0 507.0
0 682.0 507.0
0 780.0 507.0
0 889.0 507.0
0 745.0 508.0
0 809.0 508.0
0 670.0 509.0
0 720.0 509.0
0 1040.0 509.0
0 633.0 510.0
0 676.0 510.0
0 715.0 510.0
0 1072.0 510.0
0 687.0 511.0
0 738.0 511.0
0 578.0 512.0
0 624.0 512.0
0 658.0 512.0
0 757.0 512.0
0 820.0 512.0
0 1095.0 512.0
0 794.0 513.0
0 559.0 514.0
0 645.0 514.0
0 768.0 514.0
0 865.0 514.0
0 871.0 514.0
0 931.0 514.0
0 860.0 515.0
0 879.0 515.0
0 912.0 515.0
0 676.0 516.0
0 788.0 516.0
0 936.0 516.0
0 855.0 517.0
0 884.0 517.0
0 814.0 518.0
0 636.0 519.0
0 683.0 519.0
0 751.0 519.0
0 723.0 520.0
0 654.0 521.0
0 625.0 522.0
0 670.0 522.0
0 1092.0 522.0
0 778.0 523.0
0 684.0 524.0
0 620.0 525.0
0 645.0 526.0
0 912.0 526.0
0 760.0 527.0
0 796.0 527.0
0 897.0 527.0
0 676.0 528.0
0 784.0 528.0
0 789.0 528.0
0 853.0 528.0
0 938.0 528.0
0 567.0 529.0
0 572.0 529.0
0 755.0 529.0
0 921.0 529.0
0 699.0 530.0
0 691.0 531.0
0 902.0 531.0
0 666.0 532.0
0 773.0 533.0
0 799.0 533.0
0 553.0 534.0
0 655.0 534.0
0 590.0 535.0
0 852.0 535.0
0 787.0 536.0
0 809.0 536.0
0 1066.0 536.0
0 1076.0 536.0
0 919.0 537.0
0 706.0 538.0
0 698.0 539.0
0 598.0 540.0
0 766.0 540.0
0 850.0 540.0
0 393.0 541.0
0 675.0 542.0
0 545.0 543.0
0 780.0 543.0
0 790.0 543.0
0 909.0 543.0
0 972.0 543.0
0 693.0 544.0
0 935.0 545.0
0 806.0 546.0
0 705.0 547.0
0 717.0 547.0
0 722.0 547.0
0 949.0 547.0
0 543.0 548.0
0 588.0 548.0
0 608.0 548.0
0 668.0 548.0
0 984.0 548.0
0 682.0 549.0
0 771.0 549.0
0 799.0 549.0
0 853.0 549.0
0 1052.0 549.0
0 1087.0 549.0
0 574.0 550.0
0 599.0 550.0
0 614.0 552.0
0 700.0 552.0
0 542.0 553.0
0 1065.0 553.0
0 674.0 554.0
0 818.0 554.0
0 855.0 554.0
0 915.0 554.0
0 1073.0 554.0
0 558.0 555.0
0 760.0 555.0
0 1008.0 555.0
0 727.0 556.0
0 795.0 556.0
0 1039.0 557.0
0 374.0 558.0
0 689.0 558.0
0 813.0 558.0
0 540.0 559.0
0 564.0 560.0
0 895.0 560.0
0 915.0 560.0
0 1000.0 560.0
0 808.0 561.0
0 858.0 561.0
0 682.0 563.0
0 1022.0 563.0
0 1050.0 563.0
0 540.0 564.0
0 572.0 564.0
0 628.0 564.0
0 937.0 564.0
0 944.0 564.0
0 747.0 565.0
0 766.0 565.0
0 784.0 565.0
0 735.0 566.0
0 720.0 567.0
0 917.0 567.0
0 669.0 568.0
0 697.0 568.0
0 711.0 568.0
0 779.0 569.0
0 864.0 569.0
0 944.0 569.0
0 1010.0 569.0
0 994.0 570.0
0 688.0 572.0
0 1028.0 572.0
0 598.0 573.0
0 917.0 573.0
0 944.0 574.0
0 1018.0 574.0
0 1082.0 575.0
0 815.0 576.0
0 1171.0 576.0
0 641.0 578.0
0 709.0 578.0
0 915.0 578.0
0 950.0 579.0
0 602.0 581.0
0 563.0 582.0
0 1025.0 582.0
0 571.0 583.0
0 1016.0 583.0
0 870.0 584.0
0 912.0 584.0
0 1002.0 584.0
0 670.0 585.0
0 827.0 585.0
0 1033.0 586.0
0 989.0 587.0
0 619.0 588.0
0 692.0 588.0
0 716.0 588.0
0 635.0 589.0
0 851.0 589.0
0 984.0 589.0
0 1016.0 589.0
0 1301.0 589.0
0 804.0 591.0
0 1038.0 591.0
0 640.0 592.0
0 735.0 592.0
0 1004.0 593.0
0 696.0 594.0
0 832.0 594.0
0 1014.0 594.0
0 624.0 595.0
0 896.0 595.0
0 795.0 598.0
0 601.0 599.0
0 699.0 599.0
0 723.0 599.0
0 831.0 599.0
0 973.0 599.0
0 687.0 600.0
0 899.0 600.0
0 1036.0 600.0
0 569.0 601.0
0 1078.0 601.0
0 831.0 604.0
0 702.0 605.0
0 725.0 605.0
0 1045.0 605.0
0 971.0 606.0
0 919.0 607.0
0 651.0 608.0
0 802.0 611.0
0 854.0 611.0
0 606.0 614.0
0 707.0 614.0
0 594.0 615.0
0 625.0 615.0
0 892.0 615.0
0 930.0 615.0
0 973.0 615.0
0 730.0 616.0
0 741.0 616.0
0 796.0 616.0
0 1055.0 616.0
0 1040.0 617.0
0 754.0 619.0
0 572.0 621.0
0 988.0 621.0
0 1038.0 622.0
0 610.0 623.0
0 890.0 623.0
0 976.0 623.0
0 713.0 624.0
0 1033.0 624.0
0 613.0 629.0
0 746.0 629.0
0 555.0 631.0
0 992.0 631.0
0 350.0 632.0
0 584.0 632.0
0 701.0 632.0
0 1016.0 632.0
0 1021.0 632.0
0 579.0 633.0
0 998.0 634.0
0 1003.0 634.0
0 718.0 635.0
0 1008.0 635.0
0 380.0 637.0
0 186.0 638.0
0 721.0 641.0
0 851.0 641.0
0 226.0 643.0
0 832.0 643.0
0 651.0 644.0
0 682.0 644.0
0 667.0 645.0
0 641.0 647.0
0 1070.0 647.0
0 673.0 648.0
0 832.0 648.0
0 1022.0 650.0
0 595.0 651.0
0 831.0 653.0
0 337.0 654.0
0 687.0 655.0
0 419.0 656.0
0 594.0 656.0
0 663.0 656.0
0 677.0 656.0
0 812.0 657.0
0 829.0 658.0
0 654.0 659.0
0 804.0 659.0
0 761.0 661.0
0 690.0 663.0
0 287.0 664.0
0 573.0 664.0
0 668.0 664.0
0 279.0 666.0
0 641.0 667.0
0 824.0 667.0
0 691.0 668.0
0 803.0 668.0
0 602.0 669.0
0 879.0 671.0
0 646.0 672.0
0 822.0 672.0
0 656.0 673.0
0 1067.0 673.0
0 651.0 674.0
0 666.0 674.0
0 694.0 675.0
0 817.0 676.0
0 862.0 676.0
0 877.0 676.0
0 614.0 677.0
0 1013.0 677.0
0 1066.0 678.0
0 603.0 681.0
0 682.0 681.0
0 1053.0 681.0
0 391.0 682.0
0 618.0 682.0
0 873.0 683.0
0 1064.0 684.0
0 765.0 685.0
0 588.0 686.0
0 1418.0 686.0
0 622.0 687.0
0 732.0 687.0
0 612.0 688.0
0 796.0 689.0
0 1062.0 689.0
0 697.0 690.0
0 616.0 693.0
0 629.0 694.0
0 391.0 699.0
0 622.0 699.0
0 637.0 699.0
0 843.0 700.0
0 698.0 702.0
0 1046.0 704.0
0 626.0 707.0
0 698.0 707.0
0 967.0 708.0
0 379.0 710.0
0 690.0 710.0
0 612.0 712.0
0 1058.0 712.0
0 633.0 713.0
0 661.0 715.0
0 694.0 715.0
0 682.0 716.0
0 670.0 717.0
0 933.0 718.0
0 684.0 724.0
0 970.0 724.0
0 669.0 725.0
0 747.0 725.0
0 745.0 730.0
0 692.0 733.0
0 1014.0 733.0
0 639.0 734.0
0 679.0 735.0
0 731.0 736.0
0 1013.0 739.0
0 1054.0 739.0
0 644.0 740.0
0 631.0 743.0
0 1012.0 745.0
0 658.0 746.0
0 688.0 747.0
0 667.0 749.0
0 672.0 749.0
0 127.0 754.0
0 1172.0 755.0
0 1487.0 773.0
0 111.0 774.0
0 639.0 774.0
0 236.0 785.0
0 257.0 792.0
0 90.0 794.0
0 642.0 801.0
0 191.0 802.0
0 373.0 803.0
0 853.0 804.0
0 262.0 805.0
0 179.0 806.0
0 107.0 808.0
0 160.0 813.0
0 303.0 818.0
0 1090.0 819.0
0 1206.0 820.0
0 1103.0 821.0
0 269.0 822.0
0 187.0 823.0
0 447.0 826.0
0 369.0 827.0
0 1458.0 827.0
0 492.0 828.0
0 516.0 828.0
0 307.0 829.0
0 830.0 829.0
0 459.0 831.0
0 421.0 833.0
0 828.0 834.0
0 334.0 835.0
0 406.0 838.0
0 467.0 839.0
0 1005.0 841.0
0 423.0 845.0
0 1244.0 845.0
0 346.0 846.0
0 556.0 846.0
0 366.0 847.0
0 601.0 848.0
0 408.0 851.0
0 1125.0 851.0
0 236.0 854.0
0 991.0 857.0
0 611.0 858.0
0 428.0 859.0
0 642.0 859.0
0 1315.0 859.0
0 273.0 860.0
0 625.0 862.0
0 669.0 862.0
0 338.0 863.0
0 639.0 864.0
0 439.0 868.0
0 446.0 870.0
0 422.0 871.0
0 517.0 872.0
0 231.0 874.0
0 509.0 876.0
0 468.0 878.0
0 1306.0 882.0
0 938.0 884.0
0 756.0 886.0
0 461.0 887.0
0 596.0 888.0
0 645.0 888.0
0 470.0 889.0
0 421.0 890.0
0 604.0 890.0
0 678.0 890.0
0 524.0 891.0
0 496.0 892.0
0 566.0 892.0
0 687.0 893.0
0 1122.0 895.0
0 598.0 897.0
0 628.0 897.0
0 781.0 897.0
0 19.0 898.0
0 583.0 899.0
0 1400.0 899.0
0 607.0 900.0
0 815.0 900.0
0 196.0 902.0
0 462.0 903.0
0 239.0 905.0
0 575.0 905.0
0 524.0 906.0
0 558.0 907.0
0 641.0 907.0
0 736.0 908.0
0 497.0 909.0
0 592.0 909.0
0 606.0 909.0
0 189.0 910.0
0 669.0 910.0
0 503.0 911.0
0 802.0 911.0
0 625.0 913.0
0 1402.0 913.0
0 768.0 915.0
0 204.0 916.0
0 279.0 916.0
0 779.0 916.0
0 891.0 916.0
0 938.0 918.0
0 830.0 920.0
0 849.0 920.0
0 463.0 922.0
0 957.0 923.0
0 576.0 924.0
0 695.0 924.0
0 133.0 925.0
0 659.0 925.0
0 584.0 926.0
0 702.0 926.0
0 526.0 927.0
0 771.0 927.0
0 866.0 928.0
0 479.0 930.0
0 453.0 933.0
0 684.0 933.0
0 501.0 934.0
0 636.0 934.0
0 1407.0 934.0
0 727.0 936.0
0 435.0 938.0
0 528.0 938.0
0 672.0 938.0
0 893.0 938.0
0 464.0 939.0
0 813.0 939.0
0 512.0 940.0
0 838.0 940.0
0 902.0 940.0
0 12.0 941.0
0 484.0 941.0
0 568.0 941.0
0 444.0 942.0
0 144.0 943.0
0 595.0 943.0
0 455.0 944.0
0 702.0 944.0
0 1072.0 945.0
0 769.0 946.0
0 428.0 948.0
0 563.0 948.0
0 689.0 949.0
0 896.0 949.0
0 128.0 950.0
0 658.0 951.0
0 906.0 951.0
0 812.0 957.0
0 767.0 958.0
0 825.0 960.0
0 746.0 962.0
0 415.0 964.0
0 714.0 965.0
0 632.0 967.0
0 761.0 967.0
0 449.0 968.0
0 1030.0 968.0
0 549.0 969.0
0 652.0 969.0
0 846.0 969.0
0 219.0 970.0
0 1040.0 970.0
0 606.0 971.0
0 965.0 972.0
0 1238.0 972.0
0 739.0 973.0
0 1420.0 976.0
0 447.0 977.0
0 575.0 978.0
0 412.0 979.0
0 626.0 979.0
0 639.0 980.0
0 186.0 981.0
0 689.0 981.0
0 147.0 983.0
0 541.0 984.0
0 598.0 984.0
0 734.0 984.0
0 434.0 985.0
0 1054.0 985.0
0 465.0 986.0
0 556.0 986.0
0 709.0 986.0
0 473.0 988.0
0 608.0 988.0
0 958.0 988.0
0 1065.0 988.0
0 225.0 989.0
0 525.0 990.0
0 570.0 990.0
0 992.0 990.0
0 686.0 991.0
1 879.0 338.0
1 884.0 338.0
1 891.0 340.0
1 942.0 343.0
1 956.0 345.0
1 886.0 350.0
1 904.0 351.0
1 937.0 352.0
1 925.0 354.0
1 865.0 358.0
1 876.0 359.0
1 925.0 359.0
1 955.0 359.0
1 904.0 361.0
1 918.0 361.0
1 887.0 363.0
1 934.0 364.0
1 944.0 364.0
1 969.0 366.0
1 822.0 367.0
1 864.0 367.0
1 959.0 367.0
1 757.0 368.0
1 859.0 368.0
1 902.0 368.0
1 775.0 369.0
1 925.0 369.0
1 831.0 370.0
1 913.0 370.0
1 789.0 371.0
1 852.0 372.0
1 933.0 372.0
1 947.0 374.0
1 732.0 375.0
1 684.0 376.0
1 689.0 376.0
1 696.0 376.0
1 844.0 376.0
1 679.0 377.0
1 701.0 377.0
1 759.0 377.0
1 710.0 378.0
1 787.0 379.0
1 977.0 379.0
1 754.0 380.0
1 764.0 380.0
1 799.0 380.0
1 940.0 380.0
1 830.0 381.0
1 842.0 383.0
1 663.0 385.0
1 781.0 385.0
1 720.0 388.0
1 960.0 389.0
1 746.0 390.0
1 709.0 391.0
1 767.0 391.0
1 787.0 392.0
1 822.0 392.0
1 677.0 393.0
1 779.0 393.0
1 794.0 393.0
1 799.0 394.0
1 1060.0 394.0
1 695.0 395.0
1 724.0 396.0
1 737.0 396.0
1 809.0 396.0
1 789.0 397.0
1 814.0 397.0
1 754.0 398.0
1 1118.0 398.0
1 661.0 399.0
1 1054.0 399.0
1 956.0 401.0
1 964.0 401.0
1 646.0 402.0
1 789.0 402.0
1 1136.0 402.0
1 710.0 403.0
1 742.0 403.0
1 635.0 404.0
1 695.0 404.0
1 724.0 404.0
1 747.0 404.0
1 1051.0 404.0
1 1069.0 404.0
1 735.0 405.0
1 823.0 405.0
1 661.0 406.0
1 779.0 407.0
1 789.0 409.0
1 798.0 409.0
1 806.0 409.0
1 1123.0 409.0
1 766.0 411.0
1 677.0 413.0
1 754.0 413.0
1 1059.0 413.0
1 694.0 414.0
1 819.0 415.0
1 1047.0 415.0
1 1133.0 415.0
1 627.0 416.0
1 781.0 416.0
1 859.0 416.0
1 962.0 417.0
1 997.0 417.0
1 1008.0 417.0
1 797.0 418.0
1 1142.0 418.0
1 1027.0 419.0
1 723.0 420.0
1 1035.0 420.0
1 1081.0 420.0
1 1123.0 420.0
1 778.0 422.0
1 1056.0 422.0
1 648.0 423.0
1 739.0 423.0
1 664.0 424.0
1 625.0 425.0
1 1138.0 426.0
1 772.0 427.0
1 784.0 427.0
1 1021.0 427.0
1 1080.0 427.0
1 648.0 428.0
1 697.0 428.0
1 1032.0 428.0
1 1039.0 428.0
1 1146.0 428.0
1 739.0 429.0
1 810.0 430.0
1 764.0 432.0
1 647.0 433.0
1 993.0 435.0
1 1045.0 435.0
1 1142.0 436.0
1 1010.0 437.0
1 1152.0 437.0
1 772.0 438.0
1 1020.0 438.0
1 1071.0 438.0
1 1132.0 438.0
1 809.0 439.0
1 1076.0 439.0
1 739.0 441.0
1 768.0 443.0
1 952.0 443.0
1 1033.0 443.0
1 1058.0 443.0
1 1002.0 446.0
1 974.0 447.0
1 1044.0 447.0
1 365.0 448.0
1 796.0 448.0
1 1018.0 448.0
1 1076.0 448.0
1 692.0 449.0
1 704.0 449.0
1 1123.0 449.0
1 1132.0 449.0
1 967.0 450.0
1 1094.0 450.0
1 1109.0 451.0
1 1157.0 451.0
1 1043.0 452.0
1 1067.0 452.0
1 818.0 453.0
1 823.0 453.0
1 949.0 453.0
1 662.0 454.0
1 712.0 454.0
1 1056.0 454.0
1 1123.0 454.0
1 672.0 455.0
1 682.0 455.0
1 832.0 455.0
1 837.0 455.0
1 842.0 455.0
1 812.0 456.0
1 847.0 456.0
1 1134.0 456.0
1 733.0 457.0
1 857.0 457.0
1 648.0 458.0
1 738.0 458.0
1 743.0 458.0
1 863.0 458.0
1 974.0 458.0
1 986.0 458.0
1 1077.0 458.0
1 628.0 459.0
1 869.0 459.0
1 878.0 459.0
1 1124.0 459.0
1 727.0 460.0
1 886.0 460.0
1 811.0 461.0
1 852.0 461.0
1 1070.0 461.0
1 1092.0 461.0
1 1109.0 461.0
1 906.0 462.0
1 1154.0 462.0
1 751.0 463.0
1 794.0 463.0
1 913.0 463.0
1 893.0 464.0
1 919.0 464.0
1 927.0 465.0
1 644.0 466.0
1 815.0 466.0
1 898.0 466.0
1 969.0 466.0
1 682.0 467.0
1 840.0 467.0
1 873.0 467.0
1 1155.0 467.0
1 690.0 468.0
1 695.0 468.0
1 701.0 468.0
1 721.0 468.0
1 749.0 468.0
1 760.0 468.0
1 784.0 468.0
1 821.0 468.0
1 833.0 468.0
1 935.0 468.0
1 711.0 469.0
1 893.0 469.0
1 946.0 469.0
1 1069.0 469.0
1 1145.0 469.0
1 987.0 470.0
1 1160.0 470.0
1 736.0 471.0
1 852.0 471.0
1 903.0 471.0
1 659.0 472.0
1 793.0 472.0
1 798.0 472.0
1 863.0 472.0
1 1009.0 472.0
1 624.0 473.0
1 803.0 473.0
1 647.0 474.0
1 873.0 474.0
1 1112.0 474.0
1 774.0 475.0
1 884.0 475.0
1 1117.0 475.0
1 892.0 476.0
1 908.0 476.0
1 1049.0 476.0
1 762.0 477.0
1 914.0 477.0
1 926.0 477.0
1 939.0 477.0
1 919.0 478.0
1 720.0 479.0
1 808.0 479.0
1 947.0 479.0
1 1112.0 479.0
1 1088.0 480.0
1 732.0 481.0
1 996.0 481.0
1 1096.0 481.0
1 939.0 482.0
1 1158.0 482.0
1 966.0 483.0
1 657.0 484.0
1 755.0 484.0
1 1011.0 484.0
1 1106.0 484.0
1 979.0 485.0
1 1062.0 485.0
1 1117.0 485.0
1 771.0 486.0
1 647.0 487.0
1 1042.0 487.0
1 694.0 489.0
1 785.0 489.0
1 625.0 490.0
1 746.0 491.0
1 810.0 491.0
1 735.0 492.0
1 740.0 492.0
1 951.0 492.0
1 965.0 492.0
1 1003.0 492.0
1 1061.0 492.0
1 981.0 493.0
1 630.0 494.0
1 644.0 494.0
1 873.0 496.0
1 991.0 496.0
1 1158.0 496.0
1 1094.0 497.0
1 1073.0 498.0
1 770.0 499.0
1 969.0 501.0
1 1038.0 501.0
1 1058.0 501.0
1 837.0 504.0
1 863.0 504.0
1 987.0 505.0
1 831.0 506.0
1 849.0 506.0
1 883.0 506.0
1 911.0 506.0
1 934.0 506.0
1 949.0 506.0
1 808.0 507.0
1 895.0 507.0
1 1026.0 507.0
1 844.0 509.0
1 1103.0 509.0
1 802.0 510.0
1 1047.0 512.0
1 1052.0 512.0
1 1059.0 512.0
1 707.0 513.0
1 870.0 513.0
1 978.0 513.0
1 1021.0 513.0
1 1040.0 513.0
1 1082.0 513.0
1 770.0 514.0
1 878.0 514.0
1 886.0 514.0
1 1066.0 514.0
1 1089.0 514.0
1 841.0 515.0
1 916.0 515.0
1 1032.0 515.0
1 812.0 516.0
1 1005.0 516.0
1 632.0 517.0
1 735.0 517.0
1 740.0 517.0
1 950.0 517.0
1 1071.0 517.0
1 900.0 518.0
1 935.0 518.0
1 766.0 519.0
1 1076.0 519.0
1 1017.0 520.0
1 729.0 522.0
1 737.0 523.0
1 797.0 523.0
1 1024.0 523.0
1 1152.0 524.0
1 747.0 525.0
1 752.0 525.0
1 865.0 525.0
1 1015.0 525.0
1 757.0 526.0
1 918.0 526.0
1 964.0 526.0
1 1102.0 526.0
1 765.0 527.0
1 791.0 527.0
1 874.0 527.0
1 1130.0 527.0
1 847.0 528.0
1 1085.0 528.0
1 858.0 530.0
1 884.0 530.0
1 1009.0 530.0
1 717.0 531.0
1 949.0 531.0
1 995.0 531.0
1 783.0 532.0
1 1138.0 532.0
1 878.0 533.0
1 772.0 535.0
1 1009.0 535.0
1 866.0 536.0
1 871.0 536.0
1 925.0 536.0
1 1016.0 536.0
1 777.0 537.0
1 961.0 537.0
1 767.0 538.0
1 885.0 538.0
1 1089.0 538.0
1 1120.0 538.0
1 815.0 539.0
1 824.0 539.0
1 829.0 539.0
1 834.0 539.0
1 942.0 539.0
1 653.0 540.0
1 843.0 540.0
1 806.0 541.0
1 853.0 541.0
1 862.0 541.0
1 891.0 542.0
1 798.0 543.0
1 933.0 543.0
1 1090.0 543.0
1 873.0 544.0
1 1018.0 544.0
1 723.0 545.0
1 737.0 545.0
1 764.0 545.0
1 789.0 546.0
1 1117.0 546.0
1 634.0 547.0
1 882.0 547.0
1 1130.0 547.0
1 887.0 548.0
1 1150.0 548.0
1 781.0 549.0
1 943.0 549.0
1 837.0 550.0
1 802.0 551.0
1 892.0 551.0
1 1090.0 551.0
1 774.0 552.0
1 1136.0 552.0
1 758.0 553.0
1 853.0 553.0
1 864.0 553.0
1 1020.0 553.0
1 793.0 554.0
1 820.0 555.0
1 902.0 555.0
1 1157.0 555.0
1 835.0 556.0
1 1089.0 556.0
1 1149.0 556.0
1 766.0 557.0
1 847.0 557.0
1 1010.0 557.0
1 878.0 558.0
1 797.0 559.0
1 815.0 559.0
1 910.0 559.0
1 749.0 560.0
1 792.0 560.0
1 862.0 560.0
1 979.0 560.0
1 1024.0 560.0
1 1098.0 560.0
1 1139.0 560.0
1 760.0 562.0
1 771.0 562.0
1 889.0 562.0
1 1086.0 562.0
1 876.0 563.0
1 958.0 563.0
1 919.0 564.0
1 748.0 565.0
1 1116.0 565.0
1 1160.0 565.0
1 890.0 567.0
1 1080.0 567.0
1 764.0 568.0
1 1032.0 568.0
1 848.0 569.0
1 906.0 569.0
1 972.0 569.0
1 1135.0 569.0
1 710.0 570.0
1 1111.0 571.0
1 732.0 572.0
1 741.0 572.0
1 1039.0 572.0
1 914.0 573.0
1 1069.0 573.0
1 824.0 574.0
1 1047.0 574.0
1 1052.0 575.0
1 1058.0 575.0
1 1063.0 575.0
1 1110.0 576.0
1 904.0 577.0
1 959.0 578.0
1 789.0 579.0
1 637.0 580.0
1 923.0 580.0
1 911.0 581.0
1 1152.0 582.0
1 1018.0 583.0
1 945.0 584.0
1 1054.0 584.0
1 802.0 587.0
1 921.0 588.0
1 1049.0 589.0
1 1054.0 589.0
1 788.0 590.0
1 930.0 590.0
1 862.0 592.0
1 1067.0 592.0
1 1086.0 592.0
1 995.0 593.0
1 1113.0 593.0
1 778.0 594.0
1 1143.0 594.0
1 942.0 595.0
1 823.0 597.0
1 833.0 597.0
1 803.0 598.0
1 811.0 598.0
1 842.0 599.0
1 822.0 602.0
1 834.0 602.0
1 852.0 602.0
1 734.0 603.0
1 937.0 604.0
1 795.0 605.0
1 869.0 605.0
1 783.0 608.0
1 698.0 610.0
1 823.0 610.0
1 828.0 610.0
1 833.0 610.0
1 639.0 611.0
1 847.0 611.0
1 880.0 612.0
1 660.0 613.0
1 773.0 614.0
1 859.0 614.0
1 997.0 614.0
1 268.0 616.0
1 806.0 616.0
1 869.0 616.0
1 785.0 622.0
1 961.0 622.0
1 660.0 623.0
1 979.0 624.0
1 897.0 625.0
1 641.0 626.0
1 906.0 627.0
1 857.0 628.0
1 755.0 630.0
1 998.0 631.0
1 764.0 632.0
1 719.0 633.0
1 661.0 636.0
1 864.0 636.0
1 783.0 637.0
1 798.0 637.0
1 916.0 637.0
1 138.0 639.0
1 724.0 639.0
1 751.0 639.0
1 731.0 640.0
1 815.0 640.0
1 823.0 640.0
1 760.0 641.0
1 997.0 641.0
1 861.0 642.0
1 918.0 642.0
1 642.0 643.0
1 923.0 644.0
1 824.0 645.0
1 717.0 646.0
1 996.0 646.0
1 906.0 648.0
1 918.0 648.0
1 1134.0 649.0
1 798.0 650.0
1 927.0 650.0
1 662.0 652.0
1 875.0 652.0
1 896.0 652.0
1 747.0 654.0
1 757.0 654.0
1 718.0 656.0
1 833.0 657.0
1 864.0 658.0
1 929.0 659.0
1 899.0 660.0
1 912.0 661.0
1 838.0 662.0
1 719.0 664.0
1 843.0 665.0
1 848.0 667.0
1 820.0 668.0
1 720.0 669.0
1 854.0 669.0
1 868.0 670.0
1 890.0 671.0
1 751.0 673.0
1 880.0 677.0
1 993.0 678.0
1 783.0 679.0
1 849.0 679.0
1 874.0 679.0
1 912.0 679.0
1 854.0 680.0
1 869.0 680.0
1 897.0 681.0
1 935.0 682.0
1 424.0 684.0
1 725.0 687.0
1 816.0 687.0
1 878.0 687.0
1 751.0 688.0
1 1125.0 691.0
1 761.0 692.0
1 856.0 692.0
1 983.0 692.0
1 988.0 692.0
1 1090.0 693.0
1 296.0 694.0
1 847.0 694.0
1 727.0 695.0
1 752.0 695.0
1 932.0 696.0
1 1125.0 696.0
1 888.0 697.0
1 729.0 700.0
1 877.0 700.0
1 423.0 701.0
1 940.0 701.0
1 765.0 702.0
1 910.0 702.0
1 867.0 703.0
1 896.0 703.0
1 1123.0 704.0
1 18.0 705.0
1 758.0 705.0
1 886.0 709.0
1 645.0 710.0
1 876.0 710.0
1 864.0 711.0
1 938.0 711.0
1 928.0 712.0
1 827.0 713.0
1 900.0 713.0
1 624.0 714.0
1 779.0 716.0
1 950.0 716.0
1 895.0 717.0
1 927.0 717.0
1 1122.0 717.0
1 972.0 718.0
1 936.0 719.0
1 419.0 720.0
1 741.0 721.0
1 778.0 721.0
1 887.0 722.0
1 383.0 726.0
1 774.0 726.0
1 853.0 726.0
1 932.0 726.0
1 868.0 727.0
1 918.0 729.0
1 783.0 730.0
1 968.0 730.0
1 456.0 731.0
1 795.0 733.0
1 751.0 734.0
1 926.0 735.0
1 790.0 736.0
1 909.0 737.0
1 802.0 738.0
1 1164.0 738.0
1 922.0 740.0
1 808.0 742.0
1 902.0 742.0
1 1117.0 742.0
1 793.0 744.0
1 798.0 744.0
1 814.0 746.0
1 916.0 747.0
1 803.0 748.0
1 824.0 748.0
1 277.0 749.0
1 885.0 750.0
1 425.0 751.0
1 810.0 752.0
1 910.0 753.0
1 771.0 754.0
1 845.0 754.0
1 854.0 754.0
1 859.0 754.0
1 864.0 754.0
1 871.0 754.0
1 1207.0 754.0
1 817.0 755.0
1 1412.0 755.0
1 334.0 759.0
1 887.0 759.0
1 899.0 759.0
1 845.0 761.0
1 879.0 761.0
1 866.0 763.0
1 871.0 763.0
1 254.0 767.0
1 502.0 768.0
1 1113.0 768.0
1 1023.0 778.0
1 537.0 781.0
1 516.0 783.0
1 871.0 783.0
1 880.0 783.0
1 1470.0 783.0
1 856.0 784.0
1 861.0 784.0
1 866.0 784.0
1 491.0 787.0
1 555.0 790.0
1 458.0 791.0
1 981.0 791.0
1 1413.0 792.0
1 51.0 794.0
1 547.0 796.0
1 478.0 798.0
1 372.0 800.0
1 354.0 802.0
1 415.0 802.0
1 559.0 802.0
1 391.0 803.0
1 445.0 803.0
1 858.0 806.0
1 487.0 807.0
1 1413.0 807.0
1 728.0 808.0
1 1160.0 813.0
1 464.0 816.0
1 207.0 818.0
1 1284.0 818.0
1 863.0 819.0
1 415.0 821.0
1 548.0 822.0
1 495.0 828.0
1 517.0 830.0
1 974.0 830.0
1 342.0 831.0
1 441.0 833.0
1 1198.0 834.0
1 431.0 836.0
1 1241.0 839.0
1 374.0 841.0
1 315.0 842.0
1 412.0 842.0
1 304.0 843.0
1 1278.0 843.0
1 404.0 847.0
1 364.0 849.0
1 212.0 850.0
1 258.0 854.0
1 1159.0 856.0
1 1175.0 860.0
1 1476.0 861.0
1 203.0 863.0
1 1329.0 864.0
1 491.0 866.0
1 142.0 868.0
1 1263.0 868.0
1 232.0 870.0
1 292.0 872.0
1 147.0 874.0
1 156.0 875.0
1 274.0 879.0
1 43.0 880.0
1 57.0 880.0
1 221.0 881.0
1 11.0 883.0
1 145.0 883.0
1 1113.0 884.0
1 354.0 885.0
1 1310.0 885.0
1 887.0 886.0
1 903.0 890.0
1 979.0 893.0
1 1117.0 893.0
1 30.0 894.0
1 1335.0 895.0
1 43.0 896.0
1 1319.0 896.0
1 102.0 897.0
1 1126.0 897.0
1 40.0 902.0
1 63.0 902.0
1 20.0 903.0
1 1089.0 904.0
1 184.0 905.0
1 8.0 906.0
1 1284.0 907.0
1 989.0 909.0
1 1451.0 909.0
1 1095.0 912.0
1 1378.0 924.0
1 759.0 925.0
1 1468.0 925.0
1 1011.0 928.0
1 913.0 931.0
1 1208.0 931.0
1 1141.0 937.0
1 1432.0 939.0
1 796.0 941.0
1 1088.0 941.0
1 856.0 944.0
1 653.0 952.0
1 55.0 956.0
1 792.0 956.0
1 1018.0 958.0
1 329.0 965.0
1 465.0 969.0
1 1019.0 970.0
1 318.0 971.0
1 302.0 973.0
1 930.0 975.0
1 1057.0 975.0
1 516.0 976.0
1 1011.0 982.0
1 1068.0 987.0
1 297.0 988.0
1 443.0 989.0
1 1055.0 989.0
