0 253 0 190.1700241175151
0 619 1 122.31585693085711
0 524 2 126.39200997622939
0 58 5 111.8520736868801
0 51 6 156.6347846115051
0 48 7 109.47589538475353
0 220 8 222.40848304374228
0 217 10 227.3871925612804
0 274 11 121.07463122579685
0 129 13 137.95032158530069
0 216 14 152.45948044128258
0 207 15 251.3981623161299
0 79 16 162.5397770219748
0 16 17 284.19064429070346
0 8 18 414.52818962944224
0 134 19 141.30793860423043
0 248 20 338.45329220113956
0 91 21 115.06291069547319
0 88 24 118.92503417358338
0 28 25 167.1798917973296
0 29 26 141.88915231351103
0 281 27 156.1627116877121
0 358 28 302.7600399067135
0 128 29 142.88135617759096
0 93 30 126.96513418990749
0 256 31 120.59777253886708
0 67 32 157.74288325681974
0 356 34 416.6382467098928
0 541 35 255.20569486069928
0 444 36 149.5025719511407
0 153 37 186.12507927992033
0 238 39 236.61127708929425
0 218 40 265.40812598442136
0 21 41 278.3602458172876
0 671 42 174.3251830925972
0 44 43 288.1414744918131
0 583 45 409.3039890767474
0 24 46 145.2419020912331
0 273 49 124.02411641809184
0 235 50 250.53916298417764
0 439 51 215.22798227935903
0 677 52 212.32363567494846
0 198 53 253.9340156936981
0 353 54 426.6544328594704
0 570 55 109.49129200736911
0 691 56 158.594007592601
0 108 57 195.46130639449774
0 289 58 107.9182492317911
0 456 59 335.6836622882158
0 377 63 460.10898000387783
0 674 65 115.01409190698408
0 82 66 212.59354385149484
0 794 67 198.69867485785298
0 182 68 295.7683562608006
0 417 71 233.55357554268804
0 279 73 248.31462154227785
0 349 74 172.29210555556583
0 62 75 142.33271984934322
0 278 76 164.86985698556884
0 355 79 225.46622844419352
0 212 80 183.55026966564785
0 639 81 211.70171628612815
0 180 82 318.9545073155458
0 502 83 207.88717015513706
0 231 84 166.23490273694014
0 505 85 162.62009519216005
0 92 86 116.3939822789547
0 37 89 485.99606619681185
0 159 90 194.55765115335706
0 721 91 107.07250860503554
0 46 92 134.5218550098062
0 68 93 127.30571994984021
0 360 94 140.98656044028718
0 532 96 167.41203996084025
0 243 97 361.89013927317035
0 251 98 297.71931873071736
0 415 99 283.8923977566071
0 510 100 269.04806768820333
0 66 101 181.76859639873777
0 3 102 253.39310858760044
0 362 103 233.10452971693664
0 261 104 115.70520923980096
0 506 105 147.93932528826062
0 326 106 150.75952094727916
0 440 107 259.25821303435293
0 553 110 115.46005114393927
0 540 111 112.20689944834268
0 608 112 137.24669671815525
0 647 113 137.60153693122913
0 203 115 182.50490495333932
0 661 116 294.9523572019214
0 11 117 258.0953112775984
0 613 118 113.5955700397014
0 650 119 237.5176336203531
0 816 121 182.52509782977765
0 17 124 334.62120049419667
0 631 126 161.33502170210343
0 405 128 135.2631607377629
0 665 130 159.9076308708015
0 328 134 163.54797742000514
0 663 135 260.44623644354584
0 567 136 218.52895061018836
0 10 138 142.64737779030094
0 452 139 147.9176735936188
0 388 140 196.71291867936125
0 232 141 109.09663143695651
0 98 144 154.3845067935394
0 667 146 255.30014119162323
0 381 147 178.1271168049522
0 528 148 322.7209699855281
0 313 151 108.93438776117101
0 266 152 126.39068645900602
0 152 153 113.11758002020139
0 244 155 125.51765734711744
0 378 156 202.58479755727686
0 523 157 179.52332606845874
0 194 158 326.8531954763259
0 142 159 118.71438021836455
0 136 160 220.01322134314526
0 672 163 159.94560565664563
0 549 165 117.58335225632098
0 143 166 139.7344671193882
0 26 168 314.4806866413785
0 497 169 104.47901376368891
0 208 170 258.5476028444339
0 202 171 135.8432720633572
0 241 172 251.86828555674006
0 125 173 150.1539378005367
0 685 174 168.70190996620576
0 9 175 247.03180973980716
0 6 177 177.8066799849507
0 562 179 173.94754124059898
0 374 180 395.94712261163613
0 617 181 249.30763671454596
0 788 182 142.7405978062966
0 145 183 118.6714793885495
0 325 184 111.97625976342391
0 14 186 113.39229810118164
0 291 187 122.83698906012938
0 303 188 164.7152104100008
0 290 189 132.40874907740456
0 525 190 366.2645783792723
0 670 191 208.82206801509943
0 225 192 152.77662963813887
0 398 193 377.7404602736506
0 791 194 130.65825227036916
0 4 195 478.53261774465494
0 365 196 308.506303132732
0 283 197 167.84975694263457
0 301 199 182.37111353539956
0 450 203 273.7069645510241
0 344 206 244.6248297056484
0 286 207 127.801782041388
0 348 209 152.4678351263848
0 427 210 314.31695582036707
0 20 212 262.7599256883088
0 698 213 109.00074559006477
0 803 217 109.0647949134348
0 513 218 116.74622569815982
0 563 219 174.4056800403341
0 229 222 115.48318632022661
0 189 223 233.51884088067916
0 174 226 118.93190500626906
0 87 227 195.67541555560456
0 542 228 167.9792952689962
0 277 230 161.66771636425867
0 59 231 114.33418927833479
0 621 236 183.2779311719772
0 612 240 152.07139658788702
0 148 242 114.00128697417694
0 310 243 229.60943700838507
0 72 245 117.16382143421559
0 494 246 286.41165994733797
0 548 247 280.17824163488257
0 656 248 239.4867053901087
0 70 249 156.9282896430346
0 258 252 175.95402202412166
0 276 253 204.80007500002748
0 557 254 201.24189733508757
0 735 255 236.19914751465436
0 195 256 280.84782912378097
0 397 259 337.0321822718573
0 719 260 168.07046827413976
0 133 261 144.27215860944654
0 522 262 117.24485612898907
0 211 263 167.6257891609047
0 692 264 285.20037843768745
0 237 265 108.36072619159418
0 318 266 416.14385191154713
0 486 267 105.45774022630158
0 592 268 264.8627122795526
0 172 269 145.74578845962228
0 89 270 114.52363844771921
0 706 271 109.0508080393792
0 544 272 205.0727251958797
0 675 273 202.68066095973984
0 5 274 362.22611280487473
0 438 276 450.93179028864216
0 204 277 219.13728133249214
0 139 278 124.90628426791469
0 442 279 339.7426214966202
0 151 284 113.09503979779187
0 806 285 145.61318269675579
0 123 287 192.41846376874756
0 173 290 129.14818641777626
0 396 291 426.14774019445133
0 245 292 184.05527225940872
0 458 293 267.1901787652396
0 2 294 386.2376215969823
0 643 295 108.43935178961084
0 119 297 119.25132427896419
0 219 302 330.1992851121048
0 69 303 145.2225788469595
0 176 307 189.54065819030035
0 708 308 117.77593432768722
0 795 309 187.17564875826616
0 618 311 109.54565419761045
0 110 312 466.59670726356177
0 604 314 108.99133479047356
0 712 315 106.22354852742957
0 481 316 310.709553922609
0 30 317 178.19083560516555
0 616 319 172.90507183398523
0 435 321 193.86163192947905
0 268 322 236.61534825037776
0 54 323 118.77332808888268
0 393 324 121.26668823037265
0 100 326 142.58522198032915
0 529 327 235.30724542592984
0 101 328 227.2452077911717
0 424 330 333.9192684879764
0 483 332 237.25253869109616
0 178 334 220.2290302545531
0 71 335 148.66785059467705
0 414 336 246.56813669960079
0 688 338 139.02697123321477
0 230 339 116.18626155485092
0 642 340 228.53026839463132
0 587 342 104.09402478705114
0 520 344 115.7246829562506
0 52 347 168.97337482428838
0 284 349 194.02789885652575
0 33 352 194.74997869931394
0 13 353 126.42148683981095
0 147 354 119.24342488692028
0 47 355 144.13127297365955
0 514 356 218.67298864204153
0 40 357 229.9087619160772
0 308 358 393.92387813147195
0 86 359 139.62815130946
0 78 360 333.3802156680127
0 96 361 124.92748089215704
0 200 362 234.17047117250243
0 678 366 136.070882795629
0 85 367 409.8410667944762
0 406 368 133.131059043662
0 224 369 166.31100143469519
0 132 370 111.21733385048915
0 55 371 159.9624569314472
0 239 374 147.141469303152
0 135 377 123.34463224334363
0 519 380 370.8181355737589
0 372 381 106.97166087672021
0 462 382 131.12136514520586
0 32 383 195.45850547526084
0 468 385 171.6064837919011
0 418 387 383.7281418209115
0 463 388 314.8797979630203
0 227 389 227.67665391687487
0 104 390 139.17859884286725
0 660 394 263.1882817541978
0 199 398 183.37931693313544
0 73 399 261.8254116572998
0 603 400 149.13042446379472
0 683 402 204.61716337452373
0 580 404 353.6259951070107
0 60 405 126.94467169142271
0 693 406 257.47086359591174
0 324 407 471.65399366478755
0 337 408 186.06686853503035
0 186 409 221.62549248191067
0 169 411 200.00553146401637
0 41 415 243.29982064174524
0 546 416 201.42909926861782
0 752 418 104.31126323933006
0 392 419 450.251131131706
0 590 420 173.56758154788383
0 407 421 423.87025548294713
0 384 422 120.20439571147304
0 130 423 136.69403336637455
0 95 424 117.88903971383763
0 22 425 279.76518503251356
0 165 426 242.1004297634959
0 103 427 303.6822240033479
0 50 428 157.65016790931526
0 699 430 117.96652710368588
0 729 432 274.29151399380436
0 306 433 296.5040210089755
0 94 436 110.41962999731739
0 267 437 257.8775766675213
0 359 439 179.84102116912845
0 531 443 184.927597319141
0 61 445 241.03791079413406
0 262 446 219.80895065668994
0 561 447 231.07553346950414
0 679 450 243.00950733306544
0 162 452 185.7399355537109
0 600 454 228.41783847239623
0 321 455 265.09875342617596
0 350 458 258.13591557216364
0 707 459 107.83533113543287
0 254 460 171.1302488736476
0 63 461 312.5670766048688
0 786 463 188.12089636653377
0 184 464 169.4494212059226
0 252 465 134.6584165202408
0 111 467 229.55076793916083
0 117 468 143.70717246052
0 150 469 185.67140314290484
0 164 473 176.77583033363388
0 499 474 180.09401222223295
0 171 475 147.34458648450283
0 158 477 172.66516264556634
0 575 480 112.62091892035943
0 263 481 141.5829166296054
0 156 482 265.1880061072911
0 64 486 323.7425757686713
0 292 489 124.12143250727836
0 334 490 306.37007629935573
0 288 491 179.61940703982955
0 45 492 177.9634316746221
0 579 497 355.8927363242547
0 206 498 192.16448160699073
0 645 499 133.91914188126154
0 626 502 111.5060507055224
0 192 503 176.84125136684713
0 609 504 123.6634757473226
0 491 505 169.4778700228449
0 112 507 138.6316946132732
0 97 509 190.63742210890658
0 118 511 199.7924100582519
0 550 513 245.22162000434253
0 410 514 118.55491635827616
0 629 517 272.1582543293199
0 479 518 226.96559216430222
0 114 519 232.0715518687834
0 287 520 154.81162490503758
0 315 523 254.5309591272721
0 223 525 173.35914381504242
0 323 526 129.1048356706751
0 280 528 117.56115560910918
0 812 529 268.99496552829885
0 477 531 227.0104140380123
0 694 533 312.2018319686503
0 345 534 249.3816041628964
0 731 535 109.39391971422975
0 443 536 125.69795104563511
0 689 538 166.0746939457115
0 478 539 441.8988870030734
0 126 541 136.0660823180684
0 327 544 185.9607792628413
0 411 546 420.1956287644336
0 461 547 165.39663430019996
0 496 549 196.8859629872768
0 177 552 302.3754287666947
0 487 553 217.58026419249737
0 297 555 270.55302037990947
0 597 556 111.87677695537444
0 80 558 184.83149725246125
0 571 560 111.57588382530967
0 466 561 106.4125534370996
0 122 562 237.30097904311526
0 534 563 150.25062344653315
0 259 566 181.94567337197483
0 673 567 133.66020455476118
0 228 568 257.86895577943255
0 31 569 126.87156976836955
0 282 570 108.1079395260594
0 354 575 233.50458916832127
0 485 579 492.3461221749228
0 187 583 225.22381639038275
0 221 584 241.04757291408424
0 191 585 204.9532646116957
0 640 587 108.04944823166865
0 632 588 208.6246148259971
0 644 589 234.1247052110392
0 369 595 228.76946601691537
0 730 596 104.5575068855501
0 157 598 152.6239991485115
0 787 600 159.2281676003655
0 489 605 310.7848378519463
0 624 610 134.88695072183327
0 669 611 260.72032444709146
0 109 613 153.04749145647122
0 464 615 195.88807307207088
0 34 617 400.1047170050364
0 459 619 227.13534530843003
0 271 620 172.58301509559888
0 196 621 192.6915517379401
0 652 622 218.6486081775377
0 83 624 208.48557812093995
0 399 627 432.39322457792787
0 247 628 230.4329355668252
0 431 629 124.59290607113951
0 620 638 110.97111672731957
0 404 640 167.45802548998336
0 240 645 149.33286621239867
0 160 648 156.44540329002024
0 340 649 280.7332100836089
0 436 650 152.57401795324822
0 772 651 122.6293433468499
0 454 652 318.85412407327146
0 210 654 245.17392299019193
0 222 659 151.2655899061159
0 681 661 320.8750670831977
0 296 665 197.29872279033745
0 715 666 158.43142350553035
0 368 667 380.6864202640469
0 338 669 322.80100777573494
0 584 670 389.07207840245263
0 657 673 194.84397700970547
0 651 678 204.58769531276198
0 727 679 104.0028847922365
0 782 680 112.09325461450858
0 460 684 274.599557016074
0 201 689 169.79494414914316
0 25 690 205.63577185349882
0 545 692 246.46984639574626
0 508 694 242.8746655757208
0 149 695 278.8158828446598
0 535 702 180.4715650416977
0 810 708 190.24439916224145
0 295 709 111.96242776958125
0 330 711 389.2665713137874
0 714 712 126.64648692814775
0 560 713 236.14329492294934
0 387 714 146.89169632640653
0 495 717 212.64261095452133
0 394 721 104.36166034483381
0 343 723 223.48432039968506
0 437 728 268.2804113846526
0 364 730 420.7080640964068
0 472 731 190.7270795088747
0 573 732 324.81289182942595
0 193 736 347.53810321875136
0 317 741 397.48166139841044
0 473 742 261.63520129448267
0 339 745 110.99371405378531
0 716 746 185.91183834377588
0 586 748 331.5703826498648
0 568 749 301.738829224532
0 426 751 144.489784177569
0 65 754 145.46382742595546
0 319 756 318.59999352439655
0 285 757 157.82293880834632
0 536 759 267.07297786197756
0 371 760 125.8763267694467
0 366 763 397.96185052131455
0 115 764 111.25891653102387
0 77 770 433.25838286201997
0 796 772 153.23816376698892
0 226 776 357.8660731673865
0 90 777 133.45640724099673
0 515 778 133.65809620486638
0 175 779 253.69535023857824
0 713 783 108.07511088072448
0 320 786 274.9827062411355
0 774 788 258.8569814689825
0 509 793 343.6094171566764
0 181 794 136.89885371839574
0 809 795 122.20527234992169
0 311 798 247.92395362757196
0 379 800 485.830669038018
0 576 802 335.82997697841785
0 370 804 203.94755052444674
0 137 805 138.10999924265624
0 653 806 242.98516986909715
0 658 808 278.5357644564418
0 185 814 341.583725211983
0 432 815 277.9276179911958
0 56 817 185.63563591806908
0 503 819 269.57714756921337
0 633 825 316.0500971666813
0 449 828 400.22989603925527
0 250 832 496.58826763534216
0 798 834 159.81524654211202
0 336 841 186.32380654958007
0 766 843 111.67967882038168
0 480 844 199.11257958258938
0 476 845 311.10214447622326
0 138 847 275.4296730486497
0 257 850 259.29728049694427
0 538 851 117.29306171918219
0 146 853 219.3344409076671
0 511 856 197.7636504316395
0 599 857 486.4356665799993
0 755 861 235.06971681238244
0 602 864 151.01976409822956
0 725 870 389.72380072099253
0 789 872 419.75145739597576
0 680 873 227.3056759299842
0 581 875 473.982497170783
0 209 881 207.17368388459056
0 578 882 314.8852054844913
0 127 886 162.07928711922438
0 107 888 292.42209157101604
0 335 891 218.2473765804991
0 614 894 181.74171906148948
0 566 895 270.8599996980976
0 167 897 234.51488529019184
0 445 899 168.14965597766985
0 648 900 149.40958725743297
0 299 901 392.66585366510134
0 732 904 147.8502678622494
0 771 905 138.57551785294217
0 382 907 220.2706088781816
0 144 909 203.48596059552443
0 367 911 140.45780769424613
0 790 912 125.11055067993357
0 255 916 142.7288308781687
0 577 926 222.82968809757202
0 352 930 151.0253786343024
0 492 931 271.3294779178298
0 99 932 134.86076570862122
0 329 936 381.92789721202143
0 42 939 122.64185741870612
0 76 940 222.09435042772833
0 314 941 274.2415444028319
0 416 944 266.17845435555205
0 793 948 148.77557249525623
0 233 949 146.11367195991326
0 121 957 203.07748546417503
0 703 958 200.77453430948128
0 316 969 221.2002195493016
0 38 973 424.52276280118156
0 512 974 128.21312771810318
0 482 976 284.77367344822244
0 154 978 213.07926886188278
0 15 983 175.56196738630766
0 116 985 307.73498630462126
0 49 986 222.88793253478917
0 272 987 142.20011435532228
0 785 990 114.96555874378669
0 474 991 268.1090707416419
0 718 992 111.09711976296761
0 351 1001 467.39701908343784
0 35 1003 387.6494896121926
0 322 1006 239.34584115741063
0 684 1008 104.21391623301702
0 769 1010 342.18234961848395
0 741 1015 197.30512679781208
0 696 1017 256.18595529011765
0 422 1022 271.64119149162156

0 873.0 410.0
0 987.0 648.0
0 801.0 605.0
0 310.0 863.0
0 637.0 300.0
0 741.0 319.0
0 685.0 316.0
0 738.0 300.0
0 584.0 435.0
0 723.0 492.0
0 810.0 410.0
0 981.0 388.0
0 844.0 403.0
0 963.0 320.0
0 575.0 436.0
0 744.0 411.0
0 596.0 346.0
0 864.0 266.0
0 831.0 250.0
0 682.0 377.0
0 852.0 411.0
0 698.0 345.0
0 660.0 325.0
0 703.0 437.0
0 741.0 333.0
0 836.0 275.0
0 677.0 295.0
0 1013.0 384.0
0 695.0 485.0
0 592.0 388.0
0 719.0 343.0
0 678.0 430.0
0 718.0 329.0
0 1106.0 359.0
0 883.0 464.0
0 707.0 619.0
0 975.0 485.0
0 938.0 358.0
0 622.0 498.0
0 828.0 412.0
0 857.0 403.0
0 878.0 265.0
0 830.0 733.0
0 645.0 307.0
0 627.0 312.0
0 746.0 675.0
0 824.0 276.0
0 788.0 502.0
0 1180.0 858.0
0 671.0 439.0
0 950.0 376.0
0 849.0 532.0
0 948.0 704.0
0 864.0 393.0
0 1097.0 403.0
0 768.0 654.0
0 914.0 723.0
0 917.0 308.0
0 940.0 414.0
0 1088.0 442.0
0 643.0 489.0
0 754.0 415.0
0 1007.0 300.0
0 790.0 525.0
0 591.0 374.0
0 920.0 711.0
0 590.0 359.0
0 1268.0 792.0
0 821.0 396.0
0 761.0 579.0
0 946.0 521.0
0 869.0 516.0
0 746.0 560.0
0 716.0 439.0
0 635.0 496.0
0 708.0 331.0
0 1076.0 369.0
0 537.0 447.0
0 680.0 540.0
0 678.0 486.0
0 525.0 446.0
0 969.0 666.0
0 811.0 396.0
0 965.0 529.0
0 873.0 402.0
0 840.0 581.0
0 709.0 345.0
0 963.0 390.0
0 80.0 828.0
0 748.0 299.0
0 588.0 413.0
0 494.0 930.0
0 700.0 306.0
0 697.0 331.0
0 944.0 445.0
0 939.0 316.0
0 555.0 618.0
0 839.0 411.0
0 863.0 410.0
0 776.0 518.0
0 897.0 570.0
0 635.0 339.0
0 848.0 238.0
0 708.0 488.0
0 627.0 441.0
0 850.0 579.0
0 1001.0 419.0
0 934.0 504.0
0 550.0 461.0
0 693.0 539.0
0 781.0 636.0
0 786.0 625.0
0 1035.0 577.0
0 282.0 865.0
0 1237.0 888.0
0 1050.0 348.0
0 828.0 723.0
0 836.0 257.0
0 977.0 646.0
0 976.0 674.0
0 738.0 364.0
0 1192.0 904.0
0 735.0 528.0
0 864.0 237.0
0 846.0 260.0
0 977.0 293.0
0 984.0 659.0
0 1079.0 482.0
0 636.0 515.0
0 751.0 514.0
0 940.0 698.0
0 323.0 863.0
0 654.0 441.0
0 712.0 297.0
0 1058.0 403.0
0 963.0 690.0
0 559.0 647.0
0 1178.0 874.0
0 799.0 268.0
0 918.0 523.0
0 1078.0 419.0
0 934.0 390.0
0 760.0 544.0
0 1106.0 432.0
0 993.0 299.0
0 1000.0 312.0
0 813.0 728.0
0 925.0 471.0
0 814.0 605.0
0 753.0 551.0
0 727.0 435.0
0 932.0 429.0
0 646.0 442.0
0 942.0 345.0
0 802.0 538.0
0 967.0 375.0
0 993.0 454.0
0 552.0 606.0
0 846.0 395.0
0 951.0 330.0
0 923.0 332.0
0 677.0 511.0
0 653.0 296.0
0 850.0 727.0
0 862.0 456.0
0 773.0 638.0
0 1011.0 325.0
0 820.0 488.0
0 851.0 268.0
0 1059.0 487.0
0 897.0 391.0
0 1032.0 349.0
0 754.0 425.0
0 951.0 319.0
0 844.0 734.0
0 785.0 269.0
0 582.0 421.0
0 805.0 251.0
0 851.0 519.0
0 933.0 592.0
0 759.0 508.0
0 914.0 657.0
0 1179.0 818.0
0 773.0 384.0
0 962.0 430.0
0 616.0 492.0
0 833.0 265.0
0 979.0 401.0
0 1016.0 406.0
0 950.0 413.0
0 909.0 580.0
0 955.0 699.0
0 676.0 419.0
0 866.0 498.0
0 1432.0 711.0
0 854.0 250.0
0 1080.0 408.0
0 736.0 446.0
0 46.0 851.0
0 698.0 451.0
0 666.0 541.0
0 756.0 565.0
0 1020.0 839.0
0 900.0 515.0
0 732.0 376.0
0 625.0 515.0
0 894.0 456.0
0 772.0 441.0
0 724.0 422.0
0 996.0 429.0
0 799.0 520.0
0 1111.0 802.0
0 782.0 278.0
0 532.0 870.0
0 733.0 389.0
0 805.0 546.0
0 964.0 301.0
0 1142.0 886.0
0 829.0 588.0
0 967.0 601.0
0 1217.0 860.0
0 490.0 969.0
0 921.0 392.0
0 837.0 395.0
0 733.0 576.0
0 785.0 511.0
0 993.0 341.0
0 634.0 352.0
0 527.0 628.0
0 1098.0 858.0
0 1031.0 381.0
0 544.0 345.0
0 1153.0 932.0
0 1295.0 819.0
0 1019.0 594.0
0 706.0 605.0
0 941.0 653.0
0 1229.0 899.0
0 766.0 524.0
0 1245.0 839.0
0 771.0 695.0
0 738.0 419.0
0 686.0 391.0
0 867.0 444.0
0 829.0 448.0
0 519.0 352.0
0 958.0 532.0
0 709.0 636.0
0 819.0 721.0
0 651.0 339.0
0 1285.0 828.0
0 981.0 505.0
0 910.0 405.0
0 963.0 401.0
0 528.0 642.0
0 460.0 987.0
0 856.0 394.0
0 569.0 355.0
0 779.0 508.0
0 856.0 500.0
0 438.0 943.0
0 771.0 368.0
0 928.0 575.0
0 912.0 391.0
0 901.0 727.0
0 649.0 430.0
0 1075.0 392.0
0 990.0 491.0
0 917.0 645.0
0 548.0 425.0
0 521.0 362.0
0 482.0 898.0
0 797.0 629.0
0 362.0 880.0
0 795.0 251.0
0 976.0 541.0
0 838.0 531.0
0 889.0 392.0
0 940.0 332.0
0 826.0 536.0
0 956.0 685.0
0 1234.0 820.0
0 730.0 483.0
0 742.0 457.0
0 996.0 331.0
0 1152.0 899.0
0 770.0 536.0
0 688.0 369.0
0 1021.0 611.0
0 1267.0 805.0
0 611.0 413.0
0 821.0 512.0
0 494.0 459.0
0 934.0 526.0
0 773.0 240.0
0 326.0 838.0
0 717.0 733.0
0 648.0 371.0
0 1084.0 463.0
0 614.0 522.0
0 509.0 430.0
0 297.0 864.0
0 1104.0 347.0
0 727.0 325.0
0 768.0 501.0
0 831.0 631.0
0 485.0 427.0
0 561.0 424.0
0 443.0 917.0
0 1223.0 821.0
0 747.0 697.0
0 310.0 803.0
0 1075.0 293.0
0 1193.0 807.0
0 779.0 689.0
0 559.0 886.0
0 824.0 560.0
0 793.0 293.0
0 691.0 437.0
0 735.0 702.0
0 635.0 480.0
0 885.0 524.0
0 1060.0 370.0
0 643.0 332.0
0 939.0 469.0
0 746.0 444.0
0 742.0 346.0
0 918.0 570.0
0 969.0 307.0
0 1015.0 311.0
0 881.0 515.0
0 761.0 307.0
0 955.0 524.0
0 831.0 508.0
0 801.0 399.0
0 1043.0 273.0
0 1093.0 417.0
0 559.0 632.0
0 924.0 718.0
0 614.0 430.0
0 980.0 667.0
0 739.0 568.0
0 770.0 672.0
0 643.0 321.0
0 519.0 609.0
0 574.0 367.0
0 848.0 853.0
0 613.0 334.0
0 498.0 358.0
0 496.0 479.0
0 816.0 497.0
0 1229.0 850.0
0 586.0 308.0
0 815.0 262.0
0 650.0 394.0
0 896.0 288.0
0 920.0 560.0
0 657.0 305.0
0 811.0 459.0
0 1002.0 288.0
0 1065.0 278.0
0 546.0 372.0
0 825.0 401.0
0 1314.0 751.0
0 751.0 538.0
0 796.0 507.0
0 783.0 743.0
0 988.0 291.0
0 651.0 513.0
0 662.0 421.0
0 652.0 380.0
0 594.0 334.0
0 1296.0 830.0
0 1192.0 956.0
0 886.0 402.0
0 481.0 402.0
0 596.0 320.0
0 526.0 403.0
0 874.0 637.0
0 676.0 500.0
0 900.0 578.0
0 945.0 459.0
0 890.0 537.0
0 882.0 272.0
0 1165.0 924.0
0 653.0 542.0
0 1256.0 818.0
0 837.0 522.0
0 927.0 516.0
0 794.0 414.0
0 686.0 353.0
0 1246.0 825.0
0 1251.0 884.0
0 733.0 551.0
0 948.0 692.0
0 752.0 527.0
0 1352.0 817.0
0 1145.0 940.0
0 777.0 412.0
0 980.0 284.0
0 1060.0 567.0
0 577.0 347.0
0 909.0 716.0
0 1323.0 794.0
0 853.0 624.0
0 682.0 326.0
0 906.0 726.0
0 871.0 464.0
0 801.0 471.0
0 530.0 433.0
0 521.0 915.0
0 785.0 398.0
0 741.0 657.0
0 1321.0 535.0
0 635.0 449.0
0 565.0 315.0
0 966.0 589.0
0 820.0 412.0
0 1310.0 690.0
0 843.0 504.0
0 817.0 680.0
0 779.0 531.0
0 954.0 463.0
0 973.0 317.0
0 667.0 349.0
0 620.0 293.0
0 1051.0 337.0
0 486.0 385.0
0 519.0 332.0
0 715.0 455.0
0 508.0 882.0
0 489.0 439.0
0 415.0 983.0
0 848.0 450.0
0 959.0 483.0
0 769.0 263.0
0 1056.0 285.0
0 972.0 389.0
0 810.0 515.0
0 915.0 461.0
0 1199.0 872.0
0 968.0 347.0
0 823.0 527.0
0 1010.0 556.0
0 577.0 378.0
0 699.0 320.0
0 772.0 428.0
0 1014.0 579.0
0 369.0 881.0
0 1405.0 780.0
0 877.0 729.0
0 1087.0 319.0
0 1070.0 331.0
0 696.0 313.0
0 852.0 670.0
0 1041.0 415.0
0 859.0 437.0
0 283.0 714.0
0 656.0 487.0
0 563.0 869.0
0 892.0 407.0
0 988.0 273.0
0 1369.0 743.0
0 1117.0 846.0
0 636.0 413.0
0 1077.0 357.0
0 677.0 526.0
0 946.0 306.0
0 981.0 311.0
0 967.0 334.0
0 1261.0 826.0
0 1306.0 788.0
0 833.0 724.0
0 1036.0 338.0
0 1068.0 478.0
0 940.0 373.0
0 914.0 318.0
0 1017.0 336.0
0 510.0 577.0
0 707.0 588.0
0 978.0 609.0
0 936.0 400.0
0 713.0 390.0
0 798.0 497.0
0 916.0 470.0
0 1247.0 812.0
0 572.0 344.0
0 691.0 508.0
0 61.0 831.0
0 1037.0 391.0
0 858.0 463.0
0 655.0 452.0
0 668.0 312.0
0 723.0 293.0
0 1294.0 800.0
0 1129.0 938.0
0 768.0 513.0
0 721.0 671.0
0 664.0 415.0
0 799.0 714.0
0 704.0 294.0
0 806.0 502.0
0 778.0 702.0
0 1014.0 348.0
0 129.0 857.0
0 1021.0 492.0
0 730.0 537.0
0 633.0 370.0
0 1450.0 141.0
0 654.0 353.0
0 1315.0 790.0
0 525.0 392.0
0 807.0 258.0
0 751.0 629.0
0 503.0 530.0
0 737.0 290.0
0 819.0 459.0
0 906.0 670.0
0 950.0 530.0
0 1038.0 308.0
0 647.0 453.0
0 1231.0 863.0
0 118.0 823.0
0 882.0 444.0
0 561.0 940.0
0 626.0 425.0
0 610.0 483.0
0 1080.0 400.0
0 533.0 469.0
0 1146.0 925.0
0 551.0 439.0
0 1047.0 476.0
0 1207.0 943.0
0 135.0 991.0
0 933.0 453.0
0 524.0 952.0
0 904.0 523.0
0 1459.0 144.0
0 940.0 716.0
0 1075.0 472.0
0 1230.0 877.0
0 1024.0 313.0
0 687.0 594.0
0 1058.0 884.0
0 1022.0 423.0
0 718.0 485.0
0 905.0 500.0
0 1015.0 476.0
0 490.0 990.0
0 1040.0 490.0
0 883.0 496.0
0 323.0 770.0
0 573.0 424.0
0 960.0 513.0
0 1175.0 893.0
0 973.0 412.0
0 983.0 631.0
0 1197.0 856.0
0 644.0 346.0
0 316.0 898.0
0 775.0 651.0
0 618.0 546.0
0 1076.0 305.0
0 945.0 584.0
0 398.0 959.0
0 1460.0 130.0
0 931.0 404.0
0 152.0 952.0
0 802.0 412.0
0 866.0 277.0
0 591.0 458.0
0 802.0 621.0
0 671.0 378.0
0 1288.0 805.0
0 213.0 796.0
0 665.0 487.0
0 1031.0 819.0
0 798.0 657.0
0 858.0 684.0
0 1096.0 464.0
0 1446.0 153.0
0 729.0 584.0
0 1043.0 663.0
0 644.0 411.0
0 591.0 434.0
0 945.0 366.0
0 809.0 492.0
0 1053.0 600.0
0 974.0 660.0
0 752.0 720.0
0 767.0 464.0
0 624.0 456.0
0 641.0 840.0
0 1138.0 930.0
0 1096.0 791.0
0 904.0 471.0
0 583.0 919.0
0 889.0 517.0
0 954.0 346.0
0 659.0 349.0
0 1414.0 700.0
0 871.0 712.0
0 1467.0 138.0
0 591.0 329.0
0 791.0 493.0
0 846.0 569.0
0 760.0 521.0
0 1215.0 951.0
0 1249.0 871.0
0 1477.0 51.0
0 1056.0 581.0
0 838.0 725.0
0 772.0 527.0
0 711.0 354.0
0 867.0 856.0
0 981.0 497.0
0 767.0 289.0
0 540.0 318.0
0 545.0 359.0
0 1067.0 465.0
0 957.0 400.0
0 1065.0 345.0
0 959.0 680.0
0 1159.0 869.0
0 616.0 353.0
0 721.0 554.0
0 1479.0 954.0
0 937.0 495.0
0 533.0 458.0
0 870.0 525.0
0 864.0 508.0
0 1432.0 728.0
0 764.0 535.0
0 958.0 593.0
0 728.0 339.0
0 606.0 354.0
0 904.0 718.0
0 541.0 491.0
0 784.0 698.0
0 562.0 605.0
0 1003.0 455.0
0 1329.0 817.0
0 707.0 416.0
0 502.0 442.0
0 625.0 600.0
0 544.0 447.0
0 726.0 285.0
0 1373.0 754.0
0 600.0 411.0
0 649.0 478.0
0 979.0 468.0
0 1177.0 783.0
0 943.0 507.0
0 1070.0 874.0
0 907.0 391.0
0 613.0 600.0
0 585.0 323.0
0 1038.0 977.0
0 962.0 334.0
0 604.0 435.0
0 669.0 428.0
0 899.0 719.0
0 1272.0 833.0
0 754.0 446.0
0 973.0 534.0
0 853.0 430.0
0 316.0 988.0
0 842.0 482.0
0 865.0 540.0
0 984.0 441.0
0 866.0 623.0
0 965.0 676.0
0 1176.0 840.0
0 772.0 735.0
0 772.0 568.0
0 750.0 476.0
0 1261.0 848.0
0 795.0 277.0
0 906.0 684.0
0 1252.0 655.0
0 1163.0 803.0
0 1003.0 677.0
0 937.0 306.0
0 1185.0 759.0
0 780.0 558.0
0 1444.0 722.0
0 888.0 496.0
0 725.0 544.0
0 1098.0 879.0
0 1009.0 348.0
0 663.0 299.0
0 1263.0 882.0
0 821.0 612.0
0 709.0 401.0
0 860.0 578.0
0 945.0 371.0
0 1115.0 833.0
0 502.0 454.0
0 760.0 726.0
0 1196.0 796.0
0 796.0 481.0
0 828.0 493.0
0 523.0 621.0
0 963.0 647.0
0 612.0 510.0
0 776.0 496.0
0 1046.0 431.0
0 1257.0 890.0
0 1185.0 889.0
0 528.0 477.0
0 896.0 728.0
0 875.0 455.0
0 338.0 975.0
0 713.0 651.0
0 1075.0 431.0
0 1133.0 968.0
0 528.0 323.0
0 906.0 560.0
0 864.0 721.0
0 827.0 474.0
0 1392.0 760.0
0 539.0 527.0
0 758.0 531.0
0 1063.0 419.0
0 1384.0 772.0
0 149.0 814.0
0 609.0 314.0
0 958.0 583.0
0 915.0 513.0
0 527.0 488.0
0 895.0 466.0
0 1056.0 472.0
0 838.0 622.0
0 503.0 434.0
0 565.0 792.0
0 1218.0 778.0
0 496.0 442.0
0 514.0 584.0
0 957.0 576.0
0 931.0 608.0
0 1005.0 441.0
0 831.0 461.0
0 861.0 548.0
0 851.0 394.0
0 698.0 417.0
0 500.0 506.0
0 398.0 951.0
0 801.0 406.0
0 924.0 625.0
0 884.0 614.0
0 817.0 451.0
0 1005.0 463.0
0 988.0 632.0
0 566.0 424.0
0 613.0 342.0
0 715.0 283.0
0 758.0 469.0
0 665.0 445.0
0 443.0 810.0
0 943.0 576.0
0 628.0 503.0
0 694.0 550.0
0 1047.0 880.0
0 831.0 485.0
0 1065.0 302.0
0 904.0 604.0
0 665.0 514.0
0 1276.0 825.0
0 902.0 806.0
0 848.0 838.0
0 661.0 338.0
0 1260.0 871.0
0 1418.0 735.0
0 962.0 916.0
0 595.0 415.0
0 1013.0 653.0
0 718.0 415.0
0 685.0 346.0
0 811.0 596.0
0 1063.0 335.0
0 1069.0 381.0
0 1266.0 952.0
0 718.0 563.0
0 475.0 920.0
0 968.0 681.0
0 804.0 478.0
0 1036.0 415.0
0 731.0 287.0
0 1324.0 724.0
0 1432.0 990.0
0 508.0 557.0
0 1170.0 938.0
0 1239.0 808.0
0 874.0 577.0
0 775.0 402.0
0 1082.0 939.0
0 616.0 423.0
0 1016.0 642.0
0 911.0 442.0
0 977.0 380.0
0 849.0 486.0
0 545.0 438.0
0 902.0 610.0
0 905.0 544.0
0 991.0 443.0
0 983.0 324.0
0 800.0 721.0
0 1287.0 766.0
0 968.0 686.0
0 746.0 524.0
0 191.0 411.0
0 743.0 482.0
0 505.0 461.0
0 819.0 730.0
0 830.0 396.0
0 1073.0 455.0
0 1104.0 449.0
0 668.0 317.0
0 783.0 525.0
0 863.0 573.0
0 210.0 991.0
0 806.0 456.0
0 1396.0 796.0
0 454.0 502.0
0 1039.0 885.0
0 853.0 684.0
0 1260.0 861.0
0 578.0 319.0
0 794.0 544.0
0 734.0 494.0
0 575.0 418.0
0 1422.0 722.0
0 717.0 431.0
0 543.0 805.0
0 1187.0 842.0
0 813.0 506.0
0 722.0 676.0
0 749.0 573.0
0 1018.0 637.0
0 367.0 901.0
0 1296.0 868.0
0 1017.0 426.0
0 1212.0 911.0
0 1168.0 775.0
0 954.0 499.0
0 1040.0 478.0
0 1055.0 958.0
0 1075.0 310.0
0 444.0 929.0
0 1105.0 443.0
0 897.0 404.0
0 777.0 628.0
0 699.0 282.0
0 1023.0 326.0
0 611.0 498.0
0 985.0 703.0
0 728.0 605.0
0 735.0 681.0
0 1470.0 71.0
0 288.0 895.0
0 911.0 421.0
0 1276.0 707.0
0 1288.0 952.0
0 408.0 592.0
0 771.0 690.0
0 1304.0 860.0
0 684.0 476.0
0 1012.0 335.0
0 682.0 452.0
0 600.0 427.0
0 516.0 942.0
0 875.0 669.0
0 1383.0 729.0
0 886.0 723.0
0 1035.0 479.0
0 861.0 624.0
0 812.0 275.0
0 1380.0 747.0
0 612.0 457.0
0 1309.0 816.0
0 888.0 731.0
0 877.0 394.0
0 846.0 623.0
0 1394.0 783.0
0 647.0 362.0
0 604.0 515.0
0 525.0 397.0
0 659.0 344.0
0 912.0 312.0
0 1241.0 878.0
0 735.0 405.0
0 906.0 447.0
0 808.0 846.0
0 899.0 801.0
0 1058.0 572.0
0 974.0 597.0
0 789.0 415.0
0 980.0 353.0
0 233.0 811.0
0 1010.0 472.0
0 795.0 720.0
0 1052.0 383.0
0 564.0 958.0
0 713.0 562.0
0 554.0 944.0
0 1067.0 828.0
0 713.0 509.0
0 1002.0 448.0
0 508.0 448.0
0 1066.0 323.0
0 1275.0 812.0
0 1072.0 424.0
0 892.0 952.0
0 824.0 501.0
0 623.0 396.0
0 1314.0 991.0
0 1010.0 373.0
0 782.0 407.0
0 1467.0 94.0
0 387.0 495.0
0 1212.0 879.0
0 1252.0 834.0
0 1479.0 56.0
0 612.0 505.0
0 1044.0 806.0
0 721.0 284.0
0 951.0 629.0
0 1298.0 520.0
0 839.0 490.0
0 1034.0 386.0
0 1011.0 433.0
0 1026.0 490.0
0 579.0 364.0
0 1112.0 947.0
0 591.0 874.0
0 1088.0 324.0
0 711.0 472.0
0 608.0 422.0
0 1434.0 191.0
0 684.0 305.0
0 498.0 363.0
0 782.0 457.0
0 835.0 498.0
0 878.0 497.0
0 950.0 476.0
0 1093.0 422.0
0 1255.0 712.0
0 890.0 628.0
0 1036.0 896.0
0 1008.0 362.0
0 184.0 807.0
0 543.0 433.0
0 575.0 975.0
0 706.0 600.0
0 1019.0 632.0
0 533.0 343.0
0 738.0 475.0
0 483.0 390.0
0 904.0 751.0
0 716.0 698.0
0 737.0 434.0
0 422.0 964.0
0 773.0 509.0
0 386.0 854.0
0 146.0 603.0
0 661.0 468.0
0 964.0 472.0
0 1158.0 912.0
0 523.0 324.0
0 1006.0 412.0
0 1118.0 969.0
0 355.0 698.0
0 844.0 411.0
0 533.0 320.0
0 984.0 549.0
0 690.0 522.0
0 509.0 567.0
0 1001.0 305.0
0 979.0 332.0
0 72.0 634.0
0 891.0 605.0
0 285.0 484.0
0 343.0 514.0
0 807.0 273.0
0 1041.0 338.0
0 716.0 354.0
0 784.0 321.0
0 538.0 457.0
0 768.0 600.0
0 1173.0 887.0
0 1307.0 745.0
0 1029.0 479.0
0 367.0 970.0
0 706.0 593.0
0 468.0 755.0
0 624.0 333.0
0 563.0 436.0
0 791.0 450.0
0 1309.0 87.0
0 572.0 377.0
0 726.0 440.0
0 792.0 488.0
0 847.0 684.0
0 545.0 317.0
0 744.0 510.0
0 1259.0 799.0
0 1048.0 415.0
0 984.0 804.0
0 1159.0 609.0
0 1260.0 919.0
0 1035.0 877.0
0 880.0 455.0
0 766.0 377.0
0 600.0 421.0
0 1027.0 989.0
0 421.0 978.0
0 830.0 401.0
0 1099.0 645.0
0 1021.0 616.0
0 611.0 354.0
0 1168.0 823.0
0 796.0 472.0
0 1096.0 441.0
0 532.0 441.0
1 879.0 338.0
1 884.0 338.0
1 891.0 340.0
1 942.0 343.0
1 956.0 345.0
1 886.0 350.0
1 904.0 351.0
1 937.0 352.0
1 925.0 354.0
1 865.0 358.0
1 876.0 359.0
1 925.0 359.0
1 955.0 359.0
1 904.0 361.0
1 918.0 361.0
1 887.0 363.0
1 934.0 364.0
1 944.0 364.0
1 969.0 366.0
1 822.0 367.0
1 864.0 367.0
1 959.0 367.0
1 757.0 368.0
1 859.0 368.0
1 902.0 368.0
1 775.0 369.0
1 925.0 369.0
1 831.0 370.0
1 913.0 370.0
1 789.0 371.0
1 852.0 372.0
1 933.0 372.0
1 947.0 374.0
1 732.0 375.0
1 684.0 376.0
1 689.0 376.0
1 696.0 376.0
1 844.0 376.0
1 679.0 377.0
1 701.0 377.0
1 759.0 377.0
1 710.0 378.0
1 787.0 379.0
1 977.0 379.0
1 754.0 380.0
1 764.0 380.0
1 799.0 380.0
1 940.0 380.0
1 830.0 381.0
1 842.0 383.0
1 663.0 385.0
1 781.0 385.0
1 720.0 388.0
1 960.0 389.0
1 746.0 390.0
1 709.0 391.0
1 767.0 391.0
1 787.0 392.0
1 822.0 392.0
1 677.0 393.0
1 779.0 393.0
1 794.0 393.0
1 799.0 394.0
1 1060.0 394.0
1 695.0 395.0
1 724.0 396.0
1 737.0 396.0
1 809.0 396.0
1 789.0 397.0
1 814.0 397.0
1 754.0 398.0
1 1118.0 398.0
1 661.0 399.0
1 1054.0 399.0
1 956.0 401.0
1 964.0 401.0
1 646.0 402.0
1 789.0 402.0
1 1136.0 402.0
1 710.0 403.0
1 742.0 403.0
1 635.0 404.0
1 695.0 404.0
1 724.0 404.0
1 747.0 404.0
1 1051.0 404.0
1 1069.0 404.0
1 735.0 405.0
1 823.0 405.0
1 661.0 406.0
1 779.0 407.0
1 789.0 409.0
1 798.0 409.0
1 806.0 409.0
1 1123.0 409.0
1 766.0 411.0
1 677.0 413.0
1 754.0 413.0
1 1059.0 413.0
1 694.0 414.0
1 819.0 415.0
1 1047.0 415.0
1 1133.0 415.0
1 627.0 416.0
1 781.0 416.0
1 859.0 416.0
1 962.0 417.0
1 997.0 417.0
1 1008.0 417.0
1 797.0 418.0
1 1142.0 418.0
1 1027.0 419.0
1 723.0 420.0
1 1035.0 420.0
1 1081.0 420.0
1 1123.0 420.0
1 778.0 422.0
1 1056.0 422.0
1 648.0 423.0
1 739.0 423.0
1 664.0 424.0
1 625.0 425.0
1 1138.0 426.0
1 772.0 427.0
1 784.0 427.0
1 1021.0 427.0
1 1080.0 427.0
1 648.0 428.0
1 697.0 428.0
1 1032.0 428.0
1 1039.0 428.0
1 1146.0 428.0
1 739.0 429.0
1 810.0 430.0
1 764.0 432.0
1 647.0 433.0
1 993.0 435.0
1 1045.0 435.0
1 1142.0 436.0
1 1010.0 437.0
1 1152.0 437.0
1 772.0 438.0
1 1020.0 438.0
1 1071.0 438.0
1 1132.0 438.0
1 809.0 439.0
1 1076.0 439.0
1 739.0 441.0
1 768.0 443.0
1 952.0 443.0
1 1033.0 443.0
1 1058.0 443.0
1 1002.0 446.0
1 974.0 447.0
1 1044.0 447.0
1 365.0 448.0
1 796.0 448.0
1 1018.0 448.0
1 1076.0 448.0
1 692.0 449.0
1 704.0 449.0
1 1123.0 449.0
1 1132.0 449.0
1 967.0 450.0
1 1094.0 450.0
1 1109.0 451.0
1 1157.0 451.0
1 1043.0 452.0
1 1067.0 452.0
1 818.0 453.0
1 823.0 453.0
1 949.0 453.0
1 662.0 454.0
1 712.0 454.0
1 1056.0 454.0
1 1123.0 454.0
1 672.0 455.0
1 682.0 455.0
1 832.0 455.0
1 837.0 455.0
1 842.0 455.0
1 812.0 456.0
1 847.0 456.0
1 1134.0 456.0
1 733.0 457.0
1 857.0 457.0
1 648.0 458.0
1 738.0 458.0
1 743.0 458.0
1 863.0 458.0
1 974.0 458.0
1 986.0 458.0
1 1077.0 458.0
1 628.0 459.0
1 869.0 459.0
1 878.0 459.0
1 1124.0 459.0
1 727.0 460.0
1 886.0 460.0
1 811.0 461.0
1 852.0 461.0
1 1070.0 461.0
1 1092.0 461.0
1 1109.0 461.0
1 906.0 462.0
1 1154.0 462.0
1 751.0 463.0
1 794.0 463.0
1 913.0 463.0
1 893.0 464.0
1 919.0 464.0
1 927.0 465.0
1 644.0 466.0
1 815.0 466.0
1 898.0 466.0
1 969.0 466.0
1 682.0 467.0
1 840.0 467.0
1 873.0 467.0
1 1155.0 467.0
1 690.0 468.0
1 695.0 468.0
1 701.0 468.0
1 721.0 468.0
1 749.0 468.0
1 760.0 468.0
1 784.0 468.0
1 821.0 468.0
1 833.0 468.0
1 935.0 468.0
1 711.0 469.0
1 893.0 469.0
1 946.0 469.0
1 1069.0 469.0
1 1145.0 469.0
1 987.0 470.0
1 1160.0 470.0
1 736.0 471.0
1 852.0 471.0
1 903.0 471.0
1 659.0 472.0
1 793.0 472.0
1 798.0 472.0
1 863.0 472.0
1 1009.0 472.0
1 624.0 473.0
1 803.0 473.0
1 647.0 474.0
1 873.0 474.0
1 1112.0 474.0
1 774.0 475.0
1 884.0 475.0
1 1117.0 475.0
1 892.0 476.0
1 908.0 476.0
1 1049.0 476.0
1 762.0 477.0
1 914.0 477.0
1 926.0 477.0
1 939.0 477.0
1 919.0 478.0
1 720.0 479.0
1 808.0 479.0
1 947.0 479.0
1 1112.0 479.0
1 1088.0 480.0
1 732.0 481.0
1 996.0 481.0
1 1096.0 481.0
1 939.0 482.0
1 1158.0 482.0
1 966.0 483.0
1 657.0 484.0
1 755.0 484.0
1 1011.0 484.0
1 1106.0 484.0
1 979.0 485.0
1 1062.0 485.0
1 1117.0 485.0
1 771.0 486.0
1 647.0 487.0
1 1042.0 487.0
1 694.0 489.0
1 785.0 489.0
1 625.0 490.0
1 746.0 491.0
1 810.0 491.0
1 735.0 492.0
1 740.0 492.0
1 951.0 492.0
1 965.0 492.0
1 1003.0 492.0
1 1061.0 492.0
1 981.0 493.0
1 630.0 494.0
1 644.0 494.0
1 873.0 496.0
1 991.0 496.0
1 1158.0 496.0
1 1094.0 497.0
1 1073.0 498.0
1 770.0 499.0
1 969.0 501.0
1 1038.0 501.0
1 1058.0 501.0
1 837.0 504.0
1 863.0 504.0
1 987.0 505.0
1 831.0 506.0
1 849.0 506.0
1 883.0 506.0
1 911.0 506.0
1 934.0 506.0
1 949.0 506.0
1 808.0 507.0
1 895.0 507.0
1 1026.0 507.0
1 844.0 509.0
1 1103.0 509.0
1 802.0 510.0
1 1047.0 512.0
1 1052.0 512.0
1 1059.0 512.0
1 707.0 513.0
1 870.0 513.0
1 978.0 513.0
1 1021.0 513.0
1 1040.0 513.0
1 1082.0 513.0
1 770.0 514.0
1 878.0 514.0
1 886.0 514.0
1 1066.0 514.0
1 1089.0 514.0
1 841.0 515.0
1 916.0 515.0
1 1032.0 515.0
1 812.0 516.0
1 1005.0 516.0
1 632.0 517.0
1 735.0 517.0
1 740.0 517.0
1 950.0 517.0
1 1071.0 517.0
1 900.0 518.0
1 935.0 518.0
1 766.0 519.0
1 1076.0 519.0
1 1017.0 520.0
1 729.0 522.0
1 737.0 523.0
1 797.0 523.0
1 1024.0 523.0
1 1152.0 524.0
1 747.0 525.0
1 752.0 525.0
1 865.0 525.0
1 1015.0 525.0
1 757.0 526.0
1 918.0 526.0
1 964.0 526.0
1 1102.0 526.0
1 765.0 527.0
1 791.0 527.0
1 874.0 527.0
1 1130.0 527.0
1 847.0 528.0
1 1085.0 528.0
1 858.0 530.0
1 884.0 530.0
1 1009.0 530.0
1 717.0 531.0
1 949.0 531.0
1 995.0 531.0
1 783.0 532.0
1 1138.0 532.0
1 878.0 533.0
1 772.0 535.0
1 1009.0 535.0
1 866.0 536.0
1 871.0 536.0
1 925.0 536.0
1 1016.0 536.0
1 777.0 537.0
1 961.0 537.0
1 767.0 538.0
1 885.0 538.0
1 1089.0 538.0
1 1120.0 538.0
1 815.0 539.0
1 824.0 539.0
1 829.0 539.0
1 834.0 539.0
1 942.0 539.0
1 653.0 540.0
1 843.0 540.0
1 806.0 541.0
1 853.0 541.0
1 862.0 541.0
1 891.0 542.0
1 798.0 543.0
1 933.0 543.0
1 1090.0 543.0
1 873.0 544.0
1 1018.0 544.0
1 723.0 545.0
1 737.0 545.0
1 764.0 545.0
1 789.0 546.0
1 1117.0 546.0
1 634.0 547.0
1 882.0 547.0
1 1130.0 547.0
1 887.0 548.0
1 1150.0 548.0
1 781.0 549.0
1 943.0 549.0
1 837.0 550.0
1 802.0 551.0
1 892.0 551.0
1 1090.0 551.0
1 774.0 552.0
1 1136.0 552.0
1 758.0 553.0
1 853.0 553.0
1 864.0 553.0
1 1020.0 553.0
1 793.0 554.0
1 820.0 555.0
1 902.0 555.0
1 1157.0 555.0
1 835.0 556.0
1 1089.0 556.0
1 1149.0 556.0
1 766.0 557.0
1 847.0 557.0
1 1010.0 557.0
1 878.0 558.0
1 797.0 559.0
1 815.0 559.0
1 910.0 559.0
1 749.0 560.0
1 792.0 560.0
1 862.0 560.0
1 979.0 560.0
1 1024.0 560.0
1 1098.0 560.0
1 1139.0 560.0
1 760.0 562.0
1 771.0 562.0
1 889.0 562.0
1 1086.0 562.0
1 876.0 563.0
1 958.0 563.0
1 919.0 564.0
1 748.0 565.0
1 1116.0 565.0
1 1160.0 565.0
1 890.0 567.0
1 1080.0 567.0
1 764.0 568.0
1 1032.0 568.0
1 848.0 569.0
1 906.0 569.0
1 972.0 569.0
1 1135.0 569.0
1 710.0 570.0
1 1111.0 571.0
1 732.0 572.0
1 741.0 572.0
1 1039.0 572.0
1 914.0 573.0
1 1069.0 573.0
1 824.0 574.0
1 1047.0 574.0
1 1052.0 575.0
1 1058.0 575.0
1 1063.0 575.0
1 1110.0 576.0
1 904.0 577.0
1 959.0 578.0
1 789.0 579.0
1 637.0 580.0
1 923.0 580.0
1 911.0 581.0
1 1152.0 582.0
1 1018.0 583.0
1 945.0 584.0
1 1054.0 584.0
1 802.0 587.0
1 921.0 588.0
1 1049.0 589.0
1 1054.0 589.0
1 788.0 590.0
1 930.0 590.0
1 862.0 592.0
1 1067.0 592.0
1 1086.0 592.0
1 995.0 593.0
1 1113.0 593.0
1 778.0 594.0
1 1143.0 594.0
1 942.0 595.0
1 823.0 597.0
1 833.0 597.0
1 803.0 598.0
1 811.0 598.0
1 842.0 599.0
1 822.0 602.0
1 834.0 602.0
1 852.0 602.0
1 734.0 603.0
1 937.0 604.0
1 795.0 605.0
1 869.0 605.0
1 783.0 608.0
1 698.0 610.0
1 823.0 610.0
1 828.0 610.0
1 833.0 610.0
1 639.0 611.0
1 847.0 611.0
1 880.0 612.0
1 660.0 613.0
1 773.0 614.0
1 859.0 614.0
1 997.0 614.0
1 268.0 616.0
1 806.0 616.0
1 869.0 616.0
1 785.0 622.0
1 961.0 622.0
1 660.0 623.0
1 979.0 624.0
1 897.0 625.0
1 641.0 626.0
1 906.0 627.0
1 857.0 628.0
1 755.0 630.0
1 998.0 631.0
1 764.0 632.0
1 719.0 633.0
1 661.0 636.0
1 864.0 636.0
1 783.0 637.0
1 798.0 637.0
1 916.0 637.0
1 138.0 639.0
1 724.0 639.0
1 751.0 639.0
1 731.0 640.0
1 815.0 640.0
1 823.0 640.0
1 760.0 641.0
1 997.0 641.0
1 861.0 642.0
1 918.0 642.0
1 642.0 643.0
1 923.0 644.0
1 824.0 645.0
1 717.0 646.0
1 996.0 646.0
1 906.0 648.0
1 918.0 648.0
1 1134.0 649.0
1 798.0 650.0
1 927.0 650.0
1 662.0 652.0
1 875.0 652.0
1 896.0 652.0
1 747.0 654.0
1 757.0 654.0
1 718.0 656.0
1 833.0 657.0
1 864.0 658.0
1 929.0 659.0
1 899.0 660.0
1 912.0 661.0
1 838.0 662.0
1 719.0 664.0
1 843.0 665.0
1 848.0 667.0
1 820.0 668.0
1 720.0 669.0
1 854.0 669.0
1 868.0 670.0
1 890.0 671.0
1 751.0 673.0
1 880.0 677.0
1 993.0 678.0
1 783.0 679.0
1 849.0 679.0
1 874.0 679.0
1 912.0 679.0
1 854.0 680.0
1 869.0 680.0
1 897.0 681.0
1 935.0 682.0
1 424.0 684.0
1 725.0 687.0
1 816.0 687.0
1 878.0 687.0
1 751.0 688.0
1 1125.0 691.0
1 761.0 692.0
1 856.0 692.0
1 983.0 692.0
1 988.0 692.0
1 1090.0 693.0
1 296.0 694.0
1 847.0 694.0
1 727.0 695.0
1 752.0 695.0
1 932.0 696.0
1 1125.0 696.0
1 888.0 697.0
1 729.0 700.0
1 877.0 700.0
1 423.0 701.0
1 940.0 701.0
1 765.0 702.0
1 910.0 702.0
1 867.0 703.0
1 896.0 703.0
1 1123.0 704.0
1 18.0 705.0
1 758.0 705.0
1 886.0 709.0
1 645.0 710.0
1 876.0 710.0
1 864.0 711.0
1 938.0 711.0
1 928.0 712.0
1 827.0 713.0
1 900.0 713.0
1 624.0 714.0
1 779.0 716.0
1 950.0 716.0
1 895.0 717.0
1 927.0 717.0
1 1122.0 717.0
1 972.0 718.0
1 936.0 719.0
1 419.0 720.0
1 741.0 721.0
1 778.0 721.0
1 887.0 722.0
1 383.0 726.0
1 774.0 726.0
1 853.0 726.0
1 932.0 726.0
1 868.0 727.0
1 918.0 729.0
1 783.0 730.0
1 968.0 730.0
1 456.0 731.0
1 795.0 733.0
1 751.0 734.0
1 926.0 735.0
1 790.0 736.0
1 909.0 737.0
1 802.0 738.0
1 1164.0 738.0
1 922.0 740.0
1 808.0 742.0
1 902.0 742.0
1 1117.0 742.0
1 793.0 744.0
1 798.0 744.0
1 814.0 746.0
1 916.0 747.0
1 803.0 748.0
1 824.0 748.0
1 277.0 749.0
1 885.0 750.0
1 425.0 751.0
1 810.0 752.0
1 910.0 753.0
1 771.0 754.0
1 845.0 754.0
1 854.0 754.0
1 859.0 754.0
1 864.0 754.0
1 871.0 754.0
1 1207.0 754.0
1 817.0 755.0
1 1412.0 755.0
1 334.0 759.0
1 887.0 759.0
1 899.0 759.0
1 845.0 761.0
1 879.0 761.0
1 866.0 763.0
1 871.0 763.0
1 254.0 767.0
1 502.0 768.0
1 1113.0 768.0
1 1023.0 778.0
1 537.0 781.0
1 516.0 783.0
1 871.0 783.0
1 880.0 783.0
1 1470.0 783.0
1 856.0 784.0
1 861.0 784.0
1 866.0 784.0
1 491.0 787.0
1 555.0 790.0
1 458.0 791.0
1 981.0 791.0
1 1413.0 792.0
1 51.0 794.0
1 547.0 796.0
1 478.0 798.0
1 372.0 800.0
1 354.0 802.0
1 415.0 802.0
1 559.0 802.0
1 391.0 803.0
1 445.0 803.0
1 858.0 806.0
1 487.0 807.0
1 1413.0 807.0
1 728.0 808.0
1 1160.0 813.0
1 464.0 816.0
1 207.0 818.0
1 1284.0 818.0
1 863.0 819.0
1 415.0 821.0
1 548.0 822.0
1 495.0 828.0
1 517.0 830.0
1 974.0 830.0
1 342.0 831.0
1 441.0 833.0
1 1198.0 834.0
1 431.0 836.0
1 1241.0 839.0
1 374.0 841.0
1 315.0 842.0
1 412.0 842.0
1 304.0 843.0
1 1278.0 843.0
1 404.0 847.0
1 364.0 849.0
1 212.0 850.0
1 258.0 854.0
1 1159.0 856.0
1 1175.0 860.0
1 1476.0 861.0
1 203.0 863.0
1 1329.0 864.0
1 491.0 866.0
1 142.0 868.0
1 1263.0 868.0
1 232.0 870.0
1 292.0 872.0
1 147.0 874.0
1 156.0 875.0
1 274.0 879.0
1 43.0 880.0
1 57.0 880.0
1 221.0 881.0
1 11.0 883.0
1 145.0 883.0
1 1113.0 884.0
1 354.0 885.0
1 1310.0 885.0
1 887.0 886.0
1 903.0 890.0
1 979.0 893.0
1 1117.0 893.0
1 30.0 894.0
1 1335.0 895.0
1 43.0 896.0
1 1319.0 896.0
1 102.0 897.0
1 1126.0 897.0
1 40.0 902.0
1 63.0 902.0
1 20.0 903.0
1 1089.0 904.0
1 184.0 905.0
1 8.0 906.0
1 1284.0 907.0
1 989.0 909.0
1 1451.0 909.0
1 1095.0 912.0
1 1378.0 924.0
1 759.0 925.0
1 1468.0 925.0
1 1011.0 928.0
1 913.0 931.0
1 1208.0 931.0
1 1141.0 937.0
1 1432.0 939.0
1 796.0 941.0
1 1088.0 941.0
1 856.0 944.0
1 653.0 952.0
1 55.0 956.0
1 792.0 956.0
1 1018.0 958.0
1 329.0 965.0
1 465.0 969.0
1 1019.0 970.0
1 318.0 971.0
1 302.0 973.0
1 930.0 975.0
1 1057.0 975.0
1 516.0 976.0
1 1011.0 982.0
1 1068.0 987.0
1 297.0 988.0
1 443.0 989.0
1 1055.0 989.0
