0 1 0 398.239763504123
0 5 11 406.7144720319219
0 8 15 386.43583236957875
0 12 18 451.6135075842205
0 35 25 383.1054432949247
0 10 30 270.40778877872896
0 21 32 343.8329637232919
0 103 36 206.1206364557683
0 9 42 401.4665772669038
0 22 47 191.9045177221432
0 2 48 231.5182423662717
0 36 49 275.20964226897974
0 24 55 265.94120408453927
0 15 58 352.11565749621855
0 6 61 428.55150269201437
0 14 62 311.1908651994433
0 66 63 143.45377555095862
0 33 66 148.38704028315317
0 77 67 195.7265500691048
0 28 68 284.09497560365594
0 32 69 232.3612268243366
0 90 71 161.1725626097918
0 30 72 483.9725566832975
0 128 73 304.56511395584454
0 39 74 226.90975466079038
0 199 80 323.5382366380689
0 40 83 179.0183047247761
0 112 85 378.8075516685087
0 42 86 277.8974184627884
0 73 88 117.14879276221524
0 117 95 130.53290928254663
0 130 99 144.22230218709268
0 78 100 118.40446166714611
0 19 102 245.48742864337717
0 83 104 107.9019940677499
0 26 106 217.65476988561824
0 202 107 474.61394088718026
0 18 108 188.71970787910666
0 25 111 146.04750587290226
0 118 112 116.81588926299851
0 122 116 125.69519177316567
0 31 117 282.9744333689977
0 129 119 119.14628528226056
0 17 120 414.66896362517394
0 150 121 176.09360413844556
0 37 125 371.4417919660502
0 151 126 168.8093244896645
0 181 127 116.18853062148533
0 147 128 187.8586029779298
0 76 130 351.785408002496
0 175 132 178.22754000188453
0 221 134 494.50085258813425
0 195 136 313.118433371646
0 23 138 140.34192396873183
0 177 139 191.30509742785358
0 51 140 175.71874135596312
0 61 142 134.1862210752915
0 52 143 161.1142428073793
0 53 148 143.5733339905599
0 160 149 232.43922898003416
0 43 150 238.0380705614814
0 229 152 217.32892497792506
0 171 153 203.29247906273162
0 46 157 263.06885143081143
0 230 159 253.28802177611843
0 113 160 270.37684829132314
0 64 161 230.43163793759405
0 209 163 173.54795750948594
0 94 164 122.95629834558225
0 47 165 376.8251369249964
0 210 168 240.10919768681228
0 27 169 118.71115465047455
0 216 171 226.75227467365667
0 54 172 208.49244393940637
0 246 174 159.620956248228
0 200 175 155.95836094585945
0 50 176 149.06593539380552
0 38 178 280.1993453136482
0 232 179 118.56593391643813
0 203 180 126.10377717929093
0 192 182 105.57532746997273
0 96 183 150.05759124935
0 247 186 137.87982724193188
0 133 187 246.80176132133522
0 55 188 300.99616121359975
0 101 189 240.87821714797659
0 105 190 173.37037613043998
0 56 191 248.08691107380974
0 60 193 336.04048377429274
0 81 195 250.96220260512973
0 58 197 241.98870411791626
0 127 199 149.23150367505755
0 106 200 128.38791031067836
0 89 203 255.8714903243404
0 84 205 140.54323024616906
0 59 206 210.5319587339082
0 70 209 304.6534087757102
0 157 210 413.95065064632234
0 69 212 276.6311061960728
0 234 214 120.37612948479077
0 107 215 141.88766433855042
0 67 216 215.460259286138
0 258 217 181.67197353083063
0 115 218 175.9659253300302
0 62 219 125.81536523519566
0 87 222 298.6517764585432
0 134 223 155.51132088745888
0 116 225 186.37729179073978
0 108 226 165.9860340830426
0 280 228 309.9022629944112
0 145 229 144.90080032543315
0 260 230 185.52006708138794
0 98 231 134.54513551456657
0 224 233 290.40639581690004
0 109 234 158.05655029839772
0 110 238 163.33350662408776
0 99 239 132.35761641336384
0 93 242 258.1844192010282
0 270 244 303.73844034120305
0 95 245 148.48159456399924
0 288 247 233.2933414985647
0 248 248 212.7797470075419
0 254 249 348.9925380585639
0 186 250 117.79272874994436
0 154 251 339.65612916848784
0 100 252 124.31719601754394
0 136 253 270.0434024354617
0 255 254 481.33370496089805
0 237 257 275.7521533357494
0 111 262 185.84519650021346
0 120 266 324.2957019919951
0 119 268 288.37487116158644
0 123 270 110.96116448926014
0 131 271 115.5232795656981
0 132 273 122.76543191808913
0 138 276 329.92513409365705
0 125 279 237.007871012419
0 149 282 178.7518302994995
0 329 283 285.6794808420804
0 141 289 116.8420691219505
0 142 290 116.23951141927469
0 143 291 130.9312489074245
0 148 293 306.87304834400067
0 159 295 372.44423231678553
0 135 298 413.73910826153144
0 137 300 282.0933556074979
0 146 301 439.0709204118635
0 172 310 379.5256928709153
0 179 311 215.4343629628707
0 168 312 115.25400860948794
0 174 318 192.24148253549237
0 167 320 122.25381334151797
0 163 327 281.5373010725532
0 166 329 259.57909490729764
0 191 333 267.54050091956395
0 188 334 108.19674774192096
0 193 338 165.5257112571031
0 164 343 252.0809482400801
0 156 344 226.13680231015914
0 212 345 155.15897648368804
0 158 346 216.38215043711804
0 205 348 291.14512513465314
0 201 349 229.47461357783686
0 161 355 211.12468156945025
0 215 363 156.48226210539383
0 206 364 261.1177257385582
0 225 366 142.94766787081863
0 242 369 246.16919618876238
0 379 371 441.2394310485804
0 169 373 170.7424294512193
0 240 384 188.32515793931805
0 241 386 436.6489698625128
0 204 389 351.1907456976966
0 196 390 199.92199603402383
0 223 391 362.0613687953387
0 282 400 264.5754275088511
0 213 403 214.14735425415978
0 250 404 230.33759874119798
0 233 406 305.10960626418677
0 245 408 346.65399110306845
0 251 412 389.83980455514404
0 306 415 421.0420172664656
0 284 416 273.02134085812577
0 252 417 281.0088484739969
0 257 419 152.4232735358828
0 302 421 180.2081825083556
0 228 424 306.5314269688275
0 267 427 129.91431124348705
0 290 428 185.18756940167205
0 381 436 430.9005691823506
0 279 437 117.81761910068892
0 277 438 287.56198584730583
0 249 441 273.08382330009664
0 235 442 352.19426883998335
0 313 443 215.1926739747263
0 291 445 118.7437123688772
0 275 446 231.55931945596336
0 259 447 270.52102158464555
0 278 448 454.65231482987
0 287 449 229.81582574658876
0 333 450 267.06458145563846
0 295 451 168.43126522708664
0 326 453 459.72478932691547
0 276 456 239.15051841768124
0 268 457 196.9532914325306
0 301 459 322.5234670912841
0 359 460 390.7524432194075
0 294 462 259.9177234741553
0 298 463 144.27106685605602
0 311 465 178.75531560343234
0 299 467 198.04967787387312
0 351 468 297.91077157221685
0 325 471 306.7373010847376
0 296 472 281.0088484739969
0 350 473 382.7497674146963
0 310 477 170.7295717884336
0 316 478 191.08947045309844
0 309 480 233.532639235623
0 342 482 403.9482987987105
0 336 484 174.56775086234444
0 458 485 410.25557257969416
0 323 486 237.4879794225975
0 319 487 226.54735713231494
0 338 488 172.03490980921669
0 283 489 467.5053482583685
0 327 491 187.6019486109002
0 383 492 196.71056611861528
0 322 496 205.9347527759161
0 308 497 311.32682865275916
0 344 498 439.99141900585306
0 328 499 217.5620089778024
0 413 500 159.17639585901918
0 307 501 222.49927108787375
0 340 504 212.04704155718406
0 348 506 191.97775160181556
0 365 511 104.96469022520228
0 352 513 119.0935181221841
0 353 515 112.90149264659173
0 384 516 205.05209743644178
0 369 517 396.98994772019444
0 362 518 198.67613317772918
0 360 521 133.99426843841061
0 375 522 370.83903655592076
0 371 523 116.94200693515653
0 416 524 233.98831412383788
0 286 525 209.0856170712962
0 355 528 414.51712847617193
0 372 530 137.8865923884162
0 382 536 196.3136292466449
0 370 537 410.1429186779961
0 373 539 116.77450379827205
0 390 541 133.20870932529948
0 367 542 104.77117033267369
0 358 543 119.72268253567051
0 395 544 185.34825291883558
0 339 545 428.28836708004116
0 377 549 367.7443862000638
0 422 552 185.17714503939806
0 391 553 182.04434567906594
0 402 555 155.6870897746255
0 404 556 119.74729271251783
0 403 558 114.03173843656798
0 406 559 369.266797934404
0 396 561 208.16870170449343
0 361 570 427.01020476857127
0 430 572 229.54048234348554
0 418 576 118.51783198164321
0 420 578 106.21271492334957
0 419 579 442.89880491855007
0 443 582 240.54925446749573
0 387 583 266.9156171228531
0 439 584 199.78620043738766
0 437 585 219.74020119257
0 438 588 107.6189682003097
0 442 591 110.12516903047317
0 436 593 218.94051874937074
0 399 596 274.9465195180099
0 400 597 206.5054852428701
0 447 598 146.8279591771544
0 449 600 144.77889681229917
0 424 604 157.51701475441388
0 456 606 164.93157644519962
0 453 612 126.88954224905244
0 467 614 156.58392536483203
0 428 615 189.897174782496
0 563 616 322.8373452401443
0 465 617 202.78476451760733
0 435 618 442.3061710829158
0 433 619 136.88364093885124
0 484 621 240.32545294110906
0 425 623 123.770543565313
0 445 624 309.5389613336812
0 475 625 151.61886777038455
0 476 627 117.87144765519845
0 452 629 387.94089787148584
0 451 630 252.91146690078676
0 495 631 179.52880101622887
0 434 633 287.602013445311
0 450 634 200.20399614060068
0 448 635 196.74002331486432
0 469 637 405.7761345175191
0 457 639 148.0348770868396
0 455 640 366.81689050109094
0 493 644 128.86914308538422
0 459 645 373.1755682029238
0 500 646 224.0481182443892
0 470 648 131.92071397461683
0 468 649 130.47478226421265
0 444 650 138.9377777612151
0 513 651 164.84005110693036
0 496 653 217.101059455576
0 490 655 186.85604851935443
0 517 656 321.5005336874642
0 503 658 160.0022125550099
0 454 659 263.8756634259466
0 498 660 140.65928169532117
0 463 661 164.648223398177
0 506 662 141.0326276552873
0 486 663 231.81009198916254
0 488 664 319.5884206740587
0 502 665 112.28182891540108
0 499 666 126.18480341462497
0 507 667 154.7993691478689
0 483 668 222.8934551249191
0 524 669 179.5818965111231
0 464 671 381.7990018099775
0 518 672 223.30728647605423
0 514 673 181.83110462951834
0 511 674 236.0392900397612
0 473 676 271.09204964974765
0 521 677 198.39901611816043
0 519 680 267.9309099448646
0 481 681 276.60764064980276
0 539 682 194.38554300902908
0 520 683 111.2464561659993
0 515 684 176.7881245262783
0 574 685 161.14912436744717
0 572 686 172.1110450228162
0 570 687 258.6507000183074
0 528 688 143.42293311466966
0 531 689 210.62273386847664
0 482 690 249.16693813983542
0 527 692 107.04401413011286
0 485 693 280.3225681407152
0 578 696 133.6050898766759
0 512 698 222.6066723955159
0 576 699 109.58139362329018
0 535 701 107.91418845226919
0 533 703 150.46772465361792
0 522 705 244.7912279579295
0 523 706 250.0457884772807
0 573 707 225.11709238926977
0 530 708 430.9663455246236
0 540 709 139.54615851680572
0 537 712 184.55701112355018
0 532 713 197.9631894920033
0 588 718 252.33758956707223
0 548 719 140.84061718238445
0 556 722 191.452913425758
0 577 723 146.6726790879467
0 584 725 136.3318422373964
0 557 730 237.90327343571255
0 566 749 157.1385473586743
0 560 755 408.1918576784676

0 820.0 310.0
0 827.0 310.0
0 832.0 313.0
0 884.0 319.0
0 822.0 320.0
0 893.0 320.0
0 898.0 321.0
0 845.0 325.0
0 792.0 327.0
0 868.0 329.0
0 802.0 330.0
0 725.0 335.0
0 852.0 335.0
0 860.0 336.0
0 898.0 336.0
0 700.0 337.0
0 792.0 337.0
0 818.0 338.0
0 759.0 339.0
0 764.0 339.0
0 871.0 339.0
0 623.0 340.0
0 628.0 340.0
0 662.0 340.0
0 724.0 340.0
0 615.0 341.0
0 642.0 341.0
0 831.0 341.0
0 747.0 343.0
0 841.0 343.0
0 676.0 344.0
0 903.0 345.0
0 700.0 346.0
0 756.0 346.0
0 884.0 347.0
0 914.0 347.0
0 600.0 348.0
0 635.0 348.0
0 692.0 348.0
0 730.0 349.0
0 860.0 349.0
0 873.0 349.0
0 645.0 351.0
0 709.0 351.0
0 721.0 351.0
0 685.0 352.0
0 773.0 352.0
0 675.0 355.0
0 851.0 355.0
0 612.0 356.0
0 637.0 356.0
0 625.0 357.0
0 899.0 357.0
0 744.0 358.0
0 598.0 360.0
0 649.0 360.0
0 706.0 360.0
0 660.0 361.0
0 684.0 361.0
0 739.0 361.0
0 586.0 364.0
0 725.0 364.0
0 716.0 365.0
0 621.0 366.0
0 636.0 366.0
0 736.0 366.0
0 669.0 368.0
0 599.0 369.0
0 648.0 369.0
0 658.0 370.0
0 684.0 373.0
0 612.0 375.0
0 727.0 377.0
0 559.0 378.0
0 685.0 378.0
0 690.0 379.0
0 885.0 379.0
0 621.0 380.0
0 680.0 380.0
0 932.0 380.0
0 567.0 381.0
0 873.0 382.0
0 668.0 383.0
0 704.0 383.0
0 995.0 383.0
0 577.0 384.0
0 719.0 384.0
0 989.0 384.0
0 647.0 385.0
0 560.0 386.0
0 884.0 386.0
0 600.0 387.0
0 987.0 389.0
0 1066.0 389.0
0 865.0 391.0
0 621.0 392.0
0 1006.0 392.0
0 893.0 393.0
0 1059.0 393.0
0 576.0 394.0
0 658.0 395.0
0 1081.0 395.0
0 708.0 396.0
0 981.0 396.0
0 690.0 397.0
0 862.0 400.0
0 990.0 400.0
0 559.0 401.0
0 1064.0 401.0
0 943.0 403.0
0 953.0 405.0
0 705.0 406.0
0 691.0 407.0
0 871.0 407.0
0 891.0 407.0
0 1074.0 407.0
0 658.0 408.0
0 980.0 408.0
0 971.0 410.0
0 686.0 411.0
0 1012.0 411.0
0 615.0 413.0
0 861.0 413.0
0 934.0 413.0
0 878.0 414.0
0 1090.0 414.0
0 629.0 415.0
0 589.0 416.0
0 624.0 416.0
0 966.0 416.0
0 697.0 417.0
0 955.0 417.0
0 608.0 418.0
0 1011.0 418.0
0 562.0 419.0
0 972.0 420.0
0 577.0 421.0
0 927.0 421.0
0 850.0 422.0
0 635.0 423.0
0 714.0 423.0
0 1079.0 423.0
0 708.0 424.0
0 719.0 424.0
0 872.0 424.0
0 863.0 425.0
0 943.0 425.0
0 985.0 425.0
0 728.0 426.0
0 650.0 427.0
0 739.0 428.0
0 952.0 428.0
0 571.0 429.0
0 665.0 429.0
0 882.0 429.0
0 1086.0 429.0
0 1095.0 429.0
0 750.0 430.0
0 1000.0 430.0
0 578.0 431.0
0 689.0 431.0
0 980.0 431.0
0 1009.0 431.0
0 607.0 432.0
0 706.0 432.0
0 759.0 432.0
0 869.0 432.0
0 875.0 432.0
0 615.0 433.0
0 843.0 433.0
0 1074.0 433.0
0 621.0 434.0
0 771.0 434.0
0 929.0 434.0
0 556.0 435.0
0 643.0 435.0
0 779.0 435.0
0 1016.0 435.0
0 1021.0 435.0
0 588.0 436.0
0 633.0 437.0
0 962.0 437.0
0 656.0 438.0
0 713.0 439.0
0 1011.0 439.0
0 1095.0 439.0
0 572.0 440.0
0 687.0 440.0
0 799.0 440.0
0 952.0 440.0
0 728.0 441.0
0 805.0 441.0
0 996.0 441.0
0 1001.0 441.0
0 1006.0 441.0
0 766.0 442.0
0 1072.0 442.0
0 814.0 443.0
0 879.0 443.0
0 699.0 444.0
0 747.0 444.0
0 821.0 444.0
0 1066.0 444.0
0 1080.0 444.0
0 1111.0 444.0
0 787.0 445.0
0 826.0 445.0
0 978.0 445.0
0 1017.0 445.0
0 1059.0 445.0
0 677.0 446.0
0 901.0 446.0
0 1035.0 446.0
0 1051.0 446.0
0 641.0 447.0
0 757.0 447.0
0 831.0 447.0
0 586.0 448.0
0 766.0 449.0
0 839.0 449.0
0 1006.0 449.0
0 771.0 450.0
0 992.0 450.0
0 706.0 451.0
0 922.0 451.0
0 780.0 452.0
0 785.0 452.0
0 830.0 452.0
0 554.0 453.0
0 695.0 453.0
0 619.0 454.0
0 800.0 454.0
0 1068.0 454.0
0 671.0 456.0
0 807.0 456.0
0 1015.0 456.0
0 1095.0 456.0
0 1111.0 456.0
0 812.0 457.0
0 819.0 457.0
0 904.0 457.0
0 1001.0 457.0
0 1034.0 457.0
0 1052.0 457.0
0 566.0 458.0
0 832.0 458.0
0 960.0 458.0
0 575.0 459.0
0 648.0 459.0
0 653.0 461.0
0 686.0 461.0
0 708.0 462.0
0 840.0 462.0
0 925.0 462.0
0 658.0 463.0
0 829.0 463.0
0 1076.0 463.0
0 665.0 464.0
0 999.0 465.0
0 1031.0 465.0
0 1090.0 465.0
0 709.0 467.0
0 860.0 467.0
0 867.0 467.0
0 903.0 467.0
0 961.0 470.0
0 1088.0 470.0
0 1102.0 470.0
0 876.0 471.0
0 767.0 473.0
0 1042.0 474.0
0 845.0 475.0
0 1088.0 475.0
0 858.0 477.0
0 779.0 478.0
0 839.0 478.0
0 867.0 479.0
0 975.0 479.0
0 952.0 480.0
0 1020.0 480.0
0 675.0 481.0
0 738.0 481.0
0 908.0 481.0
0 584.0 482.0
0 751.0 482.0
0 887.0 482.0
0 760.0 483.0
0 919.0 483.0
0 1000.0 483.0
0 925.0 484.0
0 1029.0 484.0
0 1042.0 485.0
0 774.0 486.0
0 894.0 486.0
0 1063.0 486.0
0 1089.0 486.0
0 1105.0 486.0
0 865.0 487.0
0 697.0 488.0
0 941.0 488.0
0 968.0 488.0
0 631.0 489.0
0 723.0 489.0
0 1015.0 489.0
0 706.0 490.0
0 734.0 490.0
0 788.0 490.0
0 755.0 491.0
0 780.0 491.0
0 663.0 492.0
0 687.0 492.0
0 743.0 492.0
0 844.0 492.0
0 984.0 492.0
0 650.0 494.0
0 677.0 494.0
0 771.0 494.0
0 799.0 494.0
0 888.0 494.0
0 682.0 495.0
0 866.0 496.0
0 999.0 496.0
0 840.0 497.0
0 1004.0 497.0
0 634.0 498.0
0 671.0 498.0
0 807.0 498.0
0 938.0 498.0
0 642.0 499.0
0 853.0 499.0
0 786.0 500.0
0 895.0 501.0
0 980.0 501.0
0 825.0 502.0
0 875.0 502.0
0 968.0 502.0
0 1000.0 502.0
0 815.0 503.0
0 848.0 503.0
0 687.0 505.0
0 820.0 505.0
0 661.0 506.0
0 802.0 508.0
0 936.0 508.0
0 954.0 508.0
0 910.0 509.0
0 959.0 509.0
0 729.0 510.0
0 793.0 510.0
0 918.0 510.0
0 931.0 510.0
0 1012.0 510.0
0 652.0 511.0
0 682.0 512.0
0 687.0 512.0
0 968.0 512.0
0 692.0 513.0
0 700.0 513.0
0 674.0 514.0
0 1000.0 514.0
0 634.0 515.0
0 709.0 515.0
0 738.0 515.0
0 863.0 515.0
0 924.0 515.0
0 666.0 516.0
0 842.0 516.0
0 714.0 517.0
0 719.0 517.0
0 911.0 517.0
0 748.0 518.0
0 571.0 519.0
0 727.0 519.0
0 976.0 519.0
0 876.0 520.0
0 992.0 521.0
0 682.0 522.0
0 737.0 522.0
0 809.0 522.0
0 757.0 523.0
0 823.0 523.0
0 916.0 523.0
0 656.0 524.0
0 833.0 524.0
0 897.0 524.0
0 697.0 525.0
0 851.0 525.0
0 1012.0 525.0
0 651.0 526.0
0 745.0 526.0
0 984.0 527.0
0 917.0 528.0
0 1005.0 528.0
0 673.0 529.0
0 711.0 530.0
0 818.0 530.0
0 845.0 530.0
0 856.0 530.0
0 648.0 531.0
0 688.0 531.0
0 724.0 531.0
0 755.0 531.0
0 1025.0 531.0
0 988.0 532.0
0 1030.0 532.0
0 1095.0 532.0
0 916.0 533.0
0 701.0 534.0
0 1086.0 534.0
0 765.0 535.0
0 860.0 535.0
0 1011.0 535.0
0 1058.0 535.0
0 998.0 536.0
0 1053.0 536.0
0 717.0 537.0
0 736.0 538.0
0 916.0 538.0
0 827.0 539.0
0 1067.0 540.0
0 778.0 541.0
0 730.0 543.0
0 763.0 543.0
0 916.0 543.0
0 704.0 544.0
0 858.0 544.0
0 991.0 544.0
0 1047.0 544.0
0 751.0 545.0
0 1072.0 545.0
0 1012.0 546.0
0 1086.0 546.0
0 676.0 548.0
0 742.0 548.0
0 764.0 548.0
0 836.0 548.0
0 574.0 549.0
0 1059.0 549.0
0 1073.0 550.0
0 871.0 551.0
0 919.0 551.0
0 992.0 551.0
0 776.0 552.0
0 764.0 553.0
0 791.0 555.0
0 1044.0 555.0
0 920.0 556.0
0 992.0 556.0
0 842.0 557.0
0 1072.0 559.0
0 606.0 560.0
0 651.0 560.0
0 759.0 560.0
0 772.0 560.0
0 673.0 562.0
0 678.0 562.0
0 875.0 562.0
0 990.0 562.0
0 862.0 564.0
0 1083.0 564.0
0 602.0 565.0
0 767.0 565.0
0 1060.0 565.0
0 929.0 566.0
0 781.0 568.0
0 1072.0 568.0
0 626.0 569.0
0 986.0 569.0
0 1008.0 569.0
0 831.0 571.0
0 882.0 571.0
0 657.0 572.0
0 675.0 572.0
0 708.0 572.0
0 776.0 572.0
0 1092.0 572.0
0 665.0 573.0
0 938.0 573.0
0 1064.0 573.0
0 810.0 574.0
0 982.0 574.0
0 1085.0 574.0
0 790.0 575.0
0 855.0 575.0
0 1036.0 575.0
0 575.0 576.0
0 614.0 576.0
0 977.0 576.0
0 643.0 577.0
0 694.0 577.0
0 1092.0 577.0
0 950.0 578.0
0 595.0 579.0
0 665.0 579.0
0 670.0 579.0
0 704.0 579.0
0 967.0 579.0
0 677.0 580.0
0 784.0 580.0
0 962.0 580.0
0 577.0 581.0
0 689.0 581.0
0 726.0 581.0
0 800.0 581.0
0 654.0 582.0
0 607.0 583.0
0 1030.0 583.0
0 761.0 584.0
0 766.0 584.0
0 1091.0 584.0
0 883.0 585.0
0 924.0 585.0
0 803.0 586.0
0 1069.0 586.0
0 720.0 587.0
0 632.0 588.0
0 685.0 590.0
0 698.0 590.0
0 1028.0 591.0
0 1088.0 591.0
0 672.0 592.0
0 638.0 593.0
0 713.0 593.0
0 944.0 593.0
0 591.0 594.0
0 874.0 594.0
0 731.0 595.0
0 746.0 595.0
0 792.0 595.0
0 811.0 595.0
0 960.0 595.0
0 828.0 596.0
0 1089.0 596.0
0 696.0 598.0
0 610.0 599.0
0 660.0 599.0
0 1029.0 599.0
0 797.0 600.0
0 781.0 601.0
0 976.0 601.0
0 1086.0 602.0
0 616.0 603.0
0 995.0 603.0
0 868.0 604.0
0 625.0 606.0
0 740.0 606.0
0 710.0 607.0
0 787.0 608.0
0 1034.0 608.0
0 1077.0 608.0
0 821.0 609.0
0 894.0 609.0
0 588.0 610.0
0 1039.0 612.0
0 337.0 613.0
0 613.0 613.0
0 650.0 613.0
0 750.0 613.0
0 622.0 615.0
0 671.0 615.0
0 1048.0 615.0
0 1056.0 615.0
0 1061.0 615.0
0 757.0 616.0
0 874.0 617.0
0 710.0 618.0
0 658.0 620.0
0 809.0 620.0
0 847.0 622.0
0 710.0 623.0
0 764.0 623.0
0 404.0 625.0
0 602.0 625.0
0 748.0 625.0
0 304.0 627.0
0 464.0 628.0
0 610.0 628.0
0 815.0 628.0
0 620.0 629.0
0 670.0 629.0
0 712.0 631.0
0 1053.0 640.0
0 661.0 641.0
0 779.0 644.0
0 586.0 645.0
0 603.0 646.0
0 721.0 646.0
0 335.0 647.0
0 622.0 647.0
0 673.0 647.0
0 686.0 649.0
0 614.0 650.0
0 774.0 654.0
0 676.0 655.0
0 711.0 655.0
0 736.0 655.0
0 779.0 655.0
0 784.0 655.0
0 703.0 656.0
0 614.0 659.0
0 653.0 660.0
0 1056.0 661.0
0 326.0 662.0
0 721.0 663.0
0 777.0 663.0
0 1078.0 664.0
0 617.0 666.0
0 735.0 668.0
0 741.0 669.0
0 755.0 669.0
0 760.0 669.0
0 746.0 670.0
0 679.0 671.0
0 1449.0 672.0
0 617.0 673.0
0 721.0 673.0
0 186.0 674.0
0 593.0 675.0
0 883.0 677.0
0 733.0 678.0
0 522.0 680.0
0 595.0 680.0
0 769.0 680.0
0 789.0 680.0
0 878.0 681.0
0 628.0 682.0
0 633.0 682.0
0 623.0 684.0
0 618.0 687.0
0 778.0 688.0
0 875.0 688.0
0 905.0 688.0
0 685.0 690.0
0 795.0 690.0
0 735.0 691.0
0 740.0 691.0
0 1072.0 691.0
0 767.0 693.0
0 690.0 694.0
0 724.0 694.0
0 758.0 695.0
0 1072.0 696.0
0 676.0 697.0
0 623.0 698.0
0 645.0 699.0
0 774.0 699.0
0 606.0 701.0
0 553.0 702.0
0 724.0 702.0
0 738.0 702.0
0 795.0 702.0
0 895.0 703.0
0 782.0 704.0
0 643.0 705.0
0 383.0 707.0
0 715.0 709.0
0 634.0 711.0
0 614.0 712.0
0 647.0 713.0
0 793.0 714.0
0 719.0 718.0
0 784.0 718.0
0 661.0 719.0
0 747.0 719.0
0 856.0 719.0
0 1013.0 719.0
0 1058.0 719.0
0 654.0 720.0
0 737.0 720.0
0 620.0 721.0
0 742.0 721.0
0 792.0 721.0
0 662.0 724.0
0 654.0 725.0
0 667.0 726.0
0 1059.0 727.0
0 789.0 729.0
0 678.0 730.0
0 92.0 731.0
0 659.0 731.0
0 673.0 731.0
0 777.0 731.0
0 629.0 732.0
0 1009.0 732.0
0 1054.0 734.0
0 331.0 735.0
0 362.0 736.0
0 408.0 736.0
0 667.0 736.0
0 677.0 736.0
0 784.0 737.0
0 204.0 738.0
0 689.0 738.0
0 770.0 739.0
0 264.0 740.0
0 399.0 740.0
0 285.0 741.0
0 779.0 742.0
0 762.0 743.0
0 314.0 744.0
0 643.0 744.0
0 680.0 745.0
0 421.0 748.0
0 708.0 748.0
0 773.0 748.0
0 746.0 750.0
0 736.0 751.0
0 411.0 752.0
0 767.0 752.0
0 707.0 754.0
0 747.0 759.0
0 326.0 760.0
0 728.0 760.0
0 739.0 760.0
0 407.0 764.0
0 1088.0 765.0
0 1251.0 765.0
0 167.0 766.0
0 124.0 769.0
0 756.0 770.0
0 71.0 772.0
0 295.0 774.0
0 688.0 774.0
0 599.0 776.0
0 26.0 777.0
0 265.0 778.0
0 1343.0 780.0
0 368.0 781.0
0 93.0 782.0
0 257.0 782.0
0 718.0 782.0
0 1151.0 782.0
0 723.0 783.0
0 953.0 789.0
0 128.0 796.0
0 1190.0 801.0
0 492.0 806.0
0 37.0 809.0
0 717.0 819.0
0 1442.0 822.0
0 1083.0 828.0
0 634.0 843.0
0 1160.0 845.0
0 1468.0 851.0
0 1049.0 860.0
0 503.0 861.0
0 787.0 862.0
0 716.0 871.0
0 1334.0 878.0
0 1191.0 885.0
0 135.0 886.0
0 108.0 889.0
0 124.0 889.0
0 257.0 892.0
0 408.0 895.0
0 1356.0 895.0
0 236.0 899.0
0 389.0 899.0
0 434.0 899.0
0 540.0 899.0
0 556.0 899.0
0 325.0 900.0
0 726.0 901.0
0 758.0 901.0
0 1199.0 902.0
0 207.0 903.0
0 84.0 905.0
0 413.0 905.0
0 547.0 907.0
0 245.0 910.0
0 258.0 910.0
0 289.0 912.0
0 473.0 912.0
0 560.0 913.0
0 1175.0 913.0
0 1035.0 914.0
0 808.0 916.0
0 505.0 917.0
0 819.0 917.0
0 27.0 919.0
0 1237.0 919.0
0 215.0 920.0
0 875.0 921.0
0 423.0 923.0
0 441.0 923.0
0 812.0 924.0
0 301.0 925.0
0 489.0 925.0
0 263.0 927.0
0 984.0 927.0
0 360.0 930.0
0 810.0 935.0
0 208.0 938.0
0 368.0 938.0
0 318.0 940.0
0 169.0 941.0
0 963.0 942.0
0 446.0 943.0
0 245.0 944.0
0 633.0 944.0
0 714.0 945.0
0 358.0 946.0
0 1224.0 947.0
0 969.0 948.0
0 924.0 949.0
0 805.0 952.0
0 62.0 956.0
0 90.0 957.0
0 690.0 957.0
0 609.0 958.0
0 618.0 958.0
0 927.0 958.0
0 156.0 959.0
0 213.0 959.0
0 826.0 961.0
0 968.0 962.0
0 786.0 966.0
0 953.0 966.0
0 347.0 967.0
0 1207.0 967.0
0 925.0 968.0
0 368.0 976.0
0 543.0 976.0
0 581.0 976.0
0 290.0 982.0
0 1199.0 982.0
0 748.0 983.0
0 1151.0 987.0
0 907.0 989.0
1 864.0 117.0
1 841.0 342.0
1 931.0 343.0
1 813.0 375.0
1 1103.0 375.0
1 774.0 376.0
1 785.0 377.0
1 1114.0 377.0
1 739.0 378.0
1 701.0 379.0
1 727.0 379.0
1 734.0 379.0
1 808.0 379.0
1 689.0 380.0
1 774.0 381.0
1 765.0 382.0
1 1034.0 382.0
1 1066.0 382.0
1 1093.0 382.0
1 808.0 384.0
1 1120.0 386.0
1 716.0 387.0
1 728.0 387.0
1 957.0 387.0
1 700.0 388.0
1 806.0 391.0
1 1043.0 391.0
1 954.0 392.0
1 702.0 394.0
1 774.0 394.0
1 783.0 394.0
1 1031.0 394.0
1 707.0 395.0
1 719.0 396.0
1 672.0 397.0
1 635.0 398.0
1 651.0 398.0
1 1122.0 398.0
1 1076.0 400.0
1 747.0 402.0
1 763.0 403.0
1 779.0 403.0
1 795.0 403.0
1 841.0 406.0
1 846.0 406.0
1 852.0 406.0
1 859.0 406.0
1 864.0 406.0
1 870.0 406.0
1 875.0 406.0
1 888.0 406.0
1 818.0 407.0
1 823.0 407.0
1 832.0 407.0
1 880.0 407.0
1 906.0 407.0
1 911.0 407.0
1 916.0 407.0
1 923.0 407.0
1 930.0 407.0
1 1061.0 407.0
1 813.0 408.0
1 950.0 408.0
1 1020.0 408.0
1 1036.0 408.0
1 1115.0 409.0
1 676.0 410.0
1 939.0 410.0
1 1086.0 410.0
1 1091.0 410.0
1 1104.0 410.0
1 1135.0 410.0
1 1007.0 411.0
1 706.0 412.0
1 852.0 412.0
1 901.0 412.0
1 789.0 414.0
1 633.0 415.0
1 722.0 415.0
1 816.0 415.0
1 870.0 415.0
1 875.0 415.0
1 880.0 415.0
1 756.0 416.0
1 895.0 416.0
1 906.0 416.0
1 952.0 416.0
1 1048.0 417.0
1 1102.0 417.0
1 1116.0 417.0
1 651.0 418.0
1 839.0 418.0
1 844.0 418.0
1 1085.0 418.0
1 810.0 419.0
1 944.0 419.0
1 815.0 421.0
1 827.0 421.0
1 911.0 421.0
1 930.0 421.0
1 952.0 421.0
1 1006.0 421.0
1 1019.0 421.0
1 598.0 422.0
1 822.0 422.0
1 832.0 422.0
1 853.0 422.0
1 864.0 422.0
1 895.0 422.0
1 917.0 422.0
1 922.0 422.0
1 972.0 422.0
1 622.0 423.0
1 784.0 423.0
1 844.0 423.0
1 876.0 423.0
1 887.0 423.0
1 675.0 424.0
1 757.0 424.0
1 980.0 425.0
1 1132.0 425.0
1 1148.0 428.0
1 722.0 429.0
1 1114.0 429.0
1 1060.0 430.0
1 1088.0 430.0
1 788.0 431.0
1 804.0 431.0
1 596.0 432.0
1 756.0 432.0
1 621.0 433.0
1 958.0 433.0
1 971.0 433.0
1 779.0 436.0
1 807.0 436.0
1 827.0 436.0
1 996.0 437.0
1 1064.0 437.0
1 985.0 438.0
1 990.0 438.0
1 1008.0 438.0
1 1024.0 438.0
1 1101.0 439.0
1 1116.0 439.0
1 1151.0 440.0
1 792.0 443.0
1 767.0 444.0
1 682.0 445.0
1 996.0 445.0
1 1005.0 445.0
1 671.0 447.0
1 689.0 447.0
1 793.0 448.0
1 799.0 448.0
1 805.0 448.0
1 1058.0 448.0
1 1063.0 448.0
1 765.0 449.0
1 1072.0 449.0
1 1107.0 449.0
1 718.0 450.0
1 1079.0 450.0
1 723.0 451.0
1 1034.0 451.0
1 1048.0 451.0
1 772.0 452.0
1 969.0 452.0
1 974.0 452.0
1 954.0 453.0
1 1084.0 453.0
1 1098.0 453.0
1 732.0 454.0
1 818.0 454.0
1 823.0 454.0
1 993.0 454.0
1 661.0 455.0
1 666.0 455.0
1 693.0 455.0
1 813.0 455.0
1 869.0 455.0
1 1039.0 455.0
1 636.0 456.0
1 647.0 456.0
1 922.0 456.0
1 1028.0 456.0
1 1033.0 456.0
1 780.0 457.0
1 705.0 458.0
1 983.0 459.0
1 693.0 460.0
1 744.0 461.0
1 936.0 461.0
1 720.0 462.0
1 960.0 462.0
1 972.0 462.0
1 621.0 463.0
1 1096.0 463.0
1 612.0 464.0
1 885.0 464.0
1 603.0 465.0
1 701.0 465.0
1 1023.0 465.0
1 596.0 467.0
1 690.0 467.0
1 901.0 467.0
1 922.0 467.0
1 1028.0 467.0
1 637.0 468.0
1 649.0 468.0
1 659.0 468.0
1 667.0 468.0
1 672.0 468.0
1 1009.0 468.0
1 1099.0 468.0
1 800.0 469.0
1 973.0 469.0
1 681.0 470.0
1 931.0 470.0
1 624.0 471.0
1 745.0 471.0
1 911.0 471.0
1 596.0 472.0
1 917.0 472.0
1 1027.0 472.0
1 721.0 473.0
1 960.0 473.0
1 790.0 474.0
1 604.0 475.0
1 871.0 475.0
1 619.0 476.0
1 627.0 476.0
1 1020.0 476.0
1 632.0 477.0
1 1027.0 477.0
1 701.0 478.0
1 932.0 478.0
1 738.0 479.0
1 758.0 479.0
1 717.0 481.0
1 939.0 481.0
1 1001.0 482.0
1 976.0 483.0
1 1012.0 483.0
1 1024.0 483.0
1 604.0 485.0
1 1149.0 485.0
1 594.0 486.0
1 620.0 486.0
1 710.0 486.0
1 1104.0 486.0
1 1109.0 486.0
1 1116.0 486.0
1 1027.0 488.0
1 726.0 489.0
1 715.0 490.0
1 720.0 490.0
1 1013.0 491.0
1 1131.0 491.0
1 637.0 492.0
1 1103.0 492.0
1 671.0 493.0
1 766.0 493.0
1 986.0 493.0
1 959.0 494.0
1 618.0 495.0
1 755.0 495.0
1 1030.0 495.0
1 1122.0 496.0
1 1101.0 497.0
1 592.0 498.0
1 608.0 498.0
1 1045.0 498.0
1 1149.0 498.0
1 808.0 499.0
1 887.0 499.0
1 1031.0 500.0
1 993.0 501.0
1 1142.0 502.0
1 967.0 503.0
1 1130.0 503.0
1 596.0 505.0
1 845.0 506.0
1 856.0 506.0
1 861.0 506.0
1 866.0 506.0
1 917.0 506.0
1 1027.0 506.0
1 1151.0 506.0
1 613.0 507.0
1 729.0 508.0
1 877.0 509.0
1 1120.0 509.0
1 897.0 510.0
1 974.0 510.0
1 1142.0 510.0
1 808.0 511.0
1 823.0 512.0
1 832.0 512.0
1 1041.0 512.0
1 1090.0 512.0
1 1128.0 512.0
1 1155.0 512.0
1 868.0 513.0
1 1018.0 513.0
1 1033.0 513.0
1 1160.0 514.0
1 844.0 515.0
1 857.0 515.0
1 839.0 516.0
1 1084.0 516.0
1 1050.0 517.0
1 1149.0 517.0
1 686.0 518.0
1 909.0 518.0
1 934.0 518.0
1 1129.0 518.0
1 1141.0 518.0
1 716.0 519.0
1 1055.0 519.0
1 1079.0 519.0
1 827.0 520.0
1 1039.0 520.0
1 1073.0 520.0
1 792.0 521.0
1 804.0 521.0
1 813.0 521.0
1 923.0 521.0
1 1063.0 521.0
1 1068.0 521.0
1 656.0 522.0
1 686.0 524.0
1 717.0 524.0
1 729.0 524.0
1 750.0 524.0
1 929.0 524.0
1 706.0 526.0
1 1120.0 527.0
1 1163.0 527.0
1 798.0 528.0
1 919.0 528.0
1 810.0 529.0
1 691.0 530.0
1 939.0 531.0
1 737.0 533.0
1 927.0 533.0
1 1165.0 533.0
1 684.0 534.0
1 696.0 535.0
1 1118.0 535.0
1 801.0 536.0
1 851.0 536.0
1 1106.0 536.0
1 1138.0 536.0
1 789.0 538.0
1 838.0 538.0
1 933.0 538.0
1 946.0 538.0
1 1164.0 538.0
1 1002.0 540.0
1 733.0 543.0
1 793.0 543.0
1 950.0 543.0
1 1118.0 543.0
1 1162.0 543.0
1 840.0 544.0
1 1027.0 544.0
1 1065.0 544.0
1 1098.0 544.0
1 695.0 546.0
1 835.0 547.0
1 942.0 547.0
1 1047.0 547.0
1 1060.0 547.0
1 1079.0 548.0
1 1160.0 548.0
1 840.0 549.0
1 1088.0 549.0
1 1148.0 549.0
1 957.0 551.0
1 686.0 552.0
1 703.0 552.0
1 717.0 552.0
1 1120.0 552.0
1 730.0 553.0
1 818.0 555.0
1 951.0 556.0
1 596.0 558.0
1 962.0 558.0
1 622.0 559.0
1 686.0 560.0
1 769.0 560.0
1 1126.0 560.0
1 727.0 562.0
1 774.0 562.0
1 954.0 562.0
1 779.0 563.0
1 1147.0 563.0
1 885.0 565.0
1 892.0 569.0
1 962.0 569.0
1 968.0 569.0
1 835.0 572.0
1 763.0 574.0
1 772.0 576.0
1 798.0 577.0
1 824.0 579.0
1 814.0 580.0
1 717.0 581.0
1 839.0 581.0
1 859.0 583.0
1 761.0 584.0
1 898.0 584.0
1 903.0 584.0
1 686.0 586.0
1 910.0 586.0
1 719.0 587.0
1 724.0 589.0
1 1024.0 590.0
1 758.0 593.0
1 809.0 593.0
1 769.0 594.0
1 831.0 594.0
1 724.0 597.0
1 809.0 598.0
1 941.0 598.0
1 971.0 599.0
1 977.0 600.0
1 826.0 603.0
1 901.0 605.0
1 991.0 605.0
1 735.0 606.0
1 906.0 606.0
1 947.0 606.0
1 910.0 611.0
1 979.0 612.0
1 1024.0 612.0
1 811.0 616.0
1 735.0 618.0
1 768.0 618.0
1 725.0 619.0
1 882.0 619.0
1 967.0 620.0
1 760.0 621.0
1 796.0 621.0
1 978.0 622.0
1 1023.0 623.0
1 992.0 630.0
1 836.0 631.0
1 909.0 631.0
1 795.0 633.0
1 904.0 633.0
1 1021.0 633.0
1 936.0 635.0
1 821.0 636.0
1 977.0 636.0
1 925.0 637.0
1 762.0 639.0
1 898.0 639.0
1 599.0 641.0
1 940.0 641.0
1 976.0 641.0
1 1018.0 643.0
1 772.0 644.0
1 962.0 646.0
1 974.0 646.0
1 730.0 647.0
1 625.0 648.0
1 763.0 648.0
1 907.0 652.0
1 922.0 652.0
1 893.0 654.0
1 1015.0 654.0
1 933.0 655.0
1 971.0 655.0
1 598.0 656.0
1 776.0 657.0
1 769.0 660.0
1 625.0 662.0
1 878.0 662.0
1 908.0 663.0
1 1011.0 664.0
1 953.0 665.0
1 965.0 667.0
1 898.0 668.0
1 738.0 669.0
1 951.0 670.0
1 917.0 671.0
1 847.0 672.0
1 1007.0 672.0
1 600.0 674.0
1 871.0 674.0
1 960.0 676.0
1 944.0 678.0
1 791.0 679.0
1 624.0 680.0
1 1000.0 683.0
1 787.0 684.0
1 792.0 684.0
1 874.0 684.0
1 1139.0 684.0
1 746.0 687.0
1 955.0 687.0
1 1104.0 688.0
1 791.0 689.0
1 971.0 691.0
1 599.0 693.0
1 811.0 694.0
1 803.0 695.0
1 949.0 695.0
1 599.0 698.0
1 625.0 699.0
1 820.0 700.0
1 915.0 700.0
1 988.0 700.0
1 804.0 701.0
1 1138.0 702.0
1 599.0 703.0
1 790.0 703.0
1 814.0 703.0
1 826.0 704.0
1 1105.0 705.0
1 834.0 706.0
1 906.0 706.0
1 900.0 707.0
1 763.0 708.0
1 889.0 708.0
1 894.0 708.0
1 845.0 709.0
1 822.0 711.0
1 626.0 713.0
1 923.0 713.0
1 829.0 714.0
1 910.0 715.0
1 871.0 716.0
1 805.0 717.0
1 837.0 717.0
1 901.0 718.0
1 895.0 719.0
1 890.0 720.0
1 779.0 721.0
1 871.0 721.0
1 627.0 722.0
1 932.0 722.0
1 600.0 725.0
1 1138.0 725.0
1 834.0 728.0
1 1241.0 728.0
1 702.0 729.0
1 919.0 729.0
1 862.0 734.0
1 804.0 737.0
1 309.0 739.0
1 599.0 739.0
1 329.0 741.0
1 907.0 741.0
1 340.0 742.0
1 852.0 743.0
1 875.0 743.0
1 1136.0 743.0
1 862.0 746.0
1 1466.0 748.0
1 599.0 750.0
1 365.0 754.0
1 174.0 756.0
1 774.0 758.0
1 779.0 760.0
1 1346.0 760.0
1 600.0 762.0
1 1136.0 763.0
1 145.0 768.0
1 505.0 770.0
1 1136.0 773.0
1 449.0 775.0
1 520.0 778.0
1 408.0 779.0
1 599.0 779.0
1 394.0 786.0
1 748.0 786.0
1 354.0 787.0
1 446.0 788.0
1 1134.0 791.0
1 1133.0 796.0
1 598.0 806.0
1 547.0 810.0
1 355.0 814.0
1 1027.0 825.0
1 1130.0 825.0
1 1141.0 826.0
1 151.0 827.0
1 1131.0 837.0
1 955.0 867.0
1 1137.0 881.0
1 891.0 890.0
1 724.0 906.0
