0 2 6 429.98701110975566
0 3 20 353.75637006821484
0 9 31 208.4900602832605
0 8 34 140.5260079493292
0 10 35 215.8855045629787
0 22 36 479.5932100286489
0 6 40 485.98149574760805
0 7 41 162.79117335246528
0 1 48 192.5942677511439
0 42 49 360.61352301571077
0 28 55 370.0252730822816
0 52 63 251.55321653209785
0 74 71 210.53366277238155
0 14 76 128.72561365043248
0 87 80 249.04281107628768
0 12 81 168.51465240998363
0 68 88 185.25973407172728
0 16 90 154.72233660274628
0 11 94 223.31632249326262
0 91 95 146.4590316316707
0 26 97 111.71221992235311
0 112 99 128.59101715511002
0 19 101 493.7814854487616
0 15 105 203.6341744650378
0 18 108 210.77031620291174
0 36 111 285.8259530269826
0 81 112 463.6104793631124
0 24 113 117.93390500232393
0 113 116 341.32663207601007
0 39 117 318.21059344838295
0 75 119 451.84636667222816
0 17 120 264.9565761550837
0 131 121 200.24629129295528
0 23 122 226.91159603141773
0 34 124 113.69164704121246
0 37 125 350.4615402290807
0 69 130 330.42751771714296
0 32 133 182.91106899170168
0 158 136 449.3818099806638
0 31 138 110.53062581915269
0 40 141 178.97903997548926
0 53 142 160.36173210616178
0 54 143 195.87622631217693
0 43 144 159.27508884999492
0 33 145 149.84537820890233
0 49 147 298.10045804570365
0 55 148 223.0811191994021
0 56 150 224.81275336668745
0 50 154 111.90799236364685
0 101 156 459.5023350043041
0 57 157 227.14238734853365
0 179 159 429.3244502845898
0 61 161 346.6650577195985
0 82 164 125.55082404342535
0 58 165 196.93384859213538
0 46 166 161.25581261233552
0 78 167 197.02494634641866
0 41 169 110.90001504471508
0 63 172 222.01991854433984
0 165 174 331.5544271787734
0 59 176 178.90880364582378
0 45 178 146.78022470549627
0 97 183 124.09160486019812
0 96 189 260.06216176039527
0 98 190 147.6499650483229
0 64 191 201.34661793461976
0 71 192 236.13237683382184
0 72 193 288.9897726635593
0 62 196 253.46211083314114
0 65 197 212.47405610182562
0 92 198 151.41533656875623
0 116 199 164.46124270792825
0 99 200 182.5385820904941
0 67 202 293.174198486355
0 80 203 231.658389396349
0 83 205 143.36303981445505
0 88 207 178.47467972946492
0 77 208 207.02566489186944
0 111 211 206.56625240674842
0 79 212 320.0771975739159
0 73 213 247.9562164943075
0 102 215 211.70989089642154
0 70 219 158.80158547763668
0 89 220 130.3688738122167
0 103 221 255.12113307786066
0 93 222 259.6081958197692
0 124 223 160.2043622540961
0 114 224 261.13329175467885
0 104 226 204.52907138450573
0 85 227 139.30403018300927
0 86 232 269.90295073148116
0 107 234 212.44832109484503
0 94 235 165.7097038835249
0 105 239 248.7577249273471
0 90 243 197.58917691158325
0 148 251 170.42960059016218
0 100 252 168.22642180680492
0 108 255 288.1657994350979
0 120 258 186.1512653451876
0 106 262 158.77469945387773
0 125 265 326.1157590102241
0 119 266 219.1560022655974
0 142 267 175.8610840060507
0 117 268 127.88859314296674
0 118 270 174.5110798598687
0 121 271 157.0224501682188
0 122 273 122.08854372735884
0 139 274 208.3927526164431
0 129 275 140.84800708554494
0 126 276 138.28152328114248
0 128 277 433.2949725310485
0 133 278 255.6786655687017
0 130 279 289.9009766860548
0 140 282 307.51243932013807
0 146 285 152.12100758899695
0 135 290 200.4745391233089
0 136 291 190.04719231175721
0 137 294 277.42727342704427
0 143 297 146.8743103181267
0 150 299 243.69170237313475
0 144 300 352.78069065230466
0 155 302 445.4966306050147
0 153 303 352.20986962188573
0 163 312 125.70700193297222
0 167 316 333.1216924913566
0 168 318 214.53624509117356
0 171 319 404.86563705217355
0 166 320 131.79717275647602
0 172 322 221.01139635855577
0 192 329 222.58214518027702
0 177 330 276.20260468692186
0 184 331 229.3924405382921
0 169 332 370.77130134034627
0 183 333 294.9957914803809
0 180 334 119.15015225768771
0 147 336 398.3938123306011
0 194 342 200.85641525179366
0 174 343 274.6018042761024
0 161 344 301.067486466987
0 173 346 251.8078768308067
0 202 348 292.3996417422869
0 190 350 289.5307348268615
0 170 351 309.050644453573
0 181 355 257.34334040454706
0 178 359 275.87355889492494
0 227 363 195.77014964315612
0 200 364 304.65675574967076
0 206 366 223.18091835031822
0 208 370 389.30125651703423
0 195 373 178.37284004669084
0 218 375 194.411131432261
0 214 383 213.8274629463011
0 228 384 185.84970505587327
0 219 390 225.25056234716197
0 212 392 161.92609366266856
0 225 395 253.90267618177788
0 226 396 154.62320376222524
0 244 397 254.3786736469164
0 248 402 278.8256136677137
0 229 403 274.5305840265576
0 249 404 212.0732289784344
0 261 405 310.39488484992006
0 232 406 303.7162811970688
0 238 408 347.14543441452525
0 257 412 199.9980926695569
0 236 413 231.75450279926605
0 230 416 469.67296043286507
0 247 417 298.94456660500583
0 234 418 254.6986220233516
0 262 420 365.9261031596463
0 265 422 456.0282333210678
0 260 423 288.878733791782
0 253 425 165.32550780992096
0 235 426 228.35435288330578
0 270 427 213.97760718798375
0 255 428 323.69704068078727
0 283 429 239.855725286168
0 272 430 428.48916988219895
0 353 431 361.64499903484256
0 256 435 165.99465602435995
0 323 436 392.274510528286
0 278 437 197.81107770219046
0 298 438 277.6506591656554
0 275 439 353.7762497880786
0 269 440 252.86431427658934
0 303 442 368.41504735511836
0 302 445 210.38312698132938
0 293 446 206.94897768681585
0 282 447 273.82825149112637
0 271 448 169.554242914731
0 313 449 153.844889814842
0 280 451 351.12426545715886
0 319 456 114.73543929457317
0 296 457 270.5838484633835
0 300 458 105.24776002439545
0 325 459 179.2431095869951
0 312 462 146.8844688024014
0 310 463 171.0097682351585
0 317 465 183.3451485631737
0 290 466 317.0374191744038
0 306 467 254.38087211472205
0 326 468 265.9339746607511
0 295 470 278.7073144071071
0 281 471 299.79764768109675
0 286 473 426.84512669583336
0 322 477 171.3594676393492
0 338 478 200.22949057067535
0 305 479 253.16859956047284
0 316 480 278.4692603903864
0 348 481 204.05855652292684
0 309 483 122.75893738972361
0 343 484 191.18517442274546
0 324 487 222.35343575835103
0 299 488 228.3125406978841
0 330 491 147.8403271003331
0 292 495 474.0247822175609
0 327 496 227.7662442743532
0 291 497 350.24402677953435
0 331 499 185.21547567594718
0 294 501 259.9795685374071
0 315 502 303.0990790798929
0 307 504 178.44650896241555
0 351 506 174.67083711303027
0 344 507 383.3055306938056
0 367 510 230.78714847007643
0 368 511 105.86085657032402
0 329 515 154.02825005338633
0 363 518 193.69963031636698
0 388 519 216.80073584920777
0 336 522 341.2016480455846
0 372 523 115.93843794505582
0 355 524 332.03441737734585
0 357 525 106.8131484739038
0 333 526 288.2323118744445
0 342 527 197.57579725877562
0 365 529 325.9938414247012
0 371 530 113.09201325998075
0 361 531 170.04239602938836
0 387 536 209.6299854109305
0 370 537 325.48996745433243
0 377 539 123.12915015192607
0 404 540 252.09670549745405
0 359 541 129.2834244246896
0 375 542 109.20394428346809
0 366 543 140.14584101666867
0 364 544 114.89201748045468
0 349 545 158.82475172887845
0 350 546 285.94072426419615
0 403 548 167.73846134311617
0 411 549 190.3473780743565
0 373 550 311.58985296573
0 408 551 273.8817814640235
0 409 553 181.36340674725454
0 376 555 128.32474761033896
0 356 556 221.3531168075531
0 360 557 329.68405406536647
0 384 558 122.1812609989575
0 381 559 273.1277247607355
0 412 560 162.55590360908798
0 415 561 212.79405062028408
0 413 562 218.1336454106875
0 369 563 353.9871944243884
0 394 564 136.88827589898222
0 392 565 338.11500840893314
0 393 567 403.20568061592076
0 386 570 390.8554923785092
0 405 576 113.87177512253088
0 407 578 115.75834643708028
0 430 581 200.2851612357162
0 410 584 228.81387982372954
0 424 591 125.2338708882809
0 426 593 213.28023240470267
0 400 596 480.4607461006561
0 438 600 109.98867479349937
0 465 601 126.69075650405976
0 420 603 289.41728287298633
0 490 605 468.74311297074865
0 441 606 193.5272726098242
0 451 611 454.85246189419337
0 443 612 167.5895041993731
0 447 614 169.25479818110688
0 459 618 402.66769614376904
0 429 619 478.0319821702663
0 448 624 349.7817306290038
0 453 625 184.82675290114886
0 457 627 144.26088208929235
0 437 629 497.5261094423247
0 456 630 498.6010478451875
0 517 631 264.570504245776
0 454 632 176.44948700209693
0 445 633 212.50203132708515
0 444 634 172.2347627015984
0 461 638 186.0669510776761
0 450 639 151.11563552462445
0 471 644 227.5745231858314
0 473 646 248.91648096834192
0 462 648 226.26719698580425
0 463 649 239.37174322649608
0 460 650 392.77837431365043
0 542 651 114.17657813042734
0 477 656 292.6144450992639
0 481 658 250.57871557098076
0 466 659 496.90967449384846
0 475 660 242.19799246910648
0 467 661 313.6493672550874
0 535 664 303.4403602315392
0 543 665 188.6630241988672
0 546 666 411.903102497356
0 489 667 348.703591525928
0 485 668 200.38002082721476
0 486 670 278.2030308766234
0 476 671 400.2583502337147
0 493 673 341.0913868977012
0 555 675 470.60732935462033
0 483 676 389.3844268194384
0 492 677 244.9482679918844
0 506 679 478.7852589290396
0 518 682 292.8031425538695
0 554 683 176.56209186919776
0 556 684 179.92036505658405
0 501 692 218.29159006598042
0 498 693 344.7649907239129
0 528 701 433.55827577977533
0 520 703 223.0581480655203
0 516 705 280.87368890956634
0 523 706 231.71473254847083
0 508 708 175.96258485992396
0 538 709 186.62443819837264
0 534 710 219.6544110893871
0 539 712 154.6178315185917
0 550 719 179.22311938860034
0 552 722 132.28039171270112
0 572 735 188.6944283955084
0 575 741 224.12303323783144
0 573 746 106.23256812929749
0 587 749 257.18238912725894
0 584 811 159.85555349642004

0 820.0 310.0
0 827.0 310.0
0 832.0 313.0
0 884.0 319.0
0 822.0 320.0
0 893.0 320.0
0 898.0 321.0
0 845.0 325.0
0 792.0 327.0
0 868.0 329.0
0 802.0 330.0
0 725.0 335.0
0 852.0 335.0
0 860.0 336.0
0 898.0 336.0
0 700.0 337.0
0 792.0 337.0
0 818.0 338.0
0 759.0 339.0
0 764.0 339.0
0 871.0 339.0
0 623.0 340.0
0 628.0 340.0
0 662.0 340.0
0 724.0 340.0
0 615.0 341.0
0 642.0 341.0
0 831.0 341.0
0 747.0 343.0
0 841.0 343.0
0 676.0 344.0
0 903.0 345.0
0 700.0 346.0
0 756.0 346.0
0 884.0 347.0
0 914.0 347.0
0 600.0 348.0
0 635.0 348.0
0 692.0 348.0
0 730.0 349.0
0 860.0 349.0
0 873.0 349.0
0 645.0 351.0
0 709.0 351.0
0 721.0 351.0
0 685.0 352.0
0 773.0 352.0
0 675.0 355.0
0 851.0 355.0
0 612.0 356.0
0 637.0 356.0
0 625.0 357.0
0 899.0 357.0
0 744.0 358.0
0 598.0 360.0
0 649.0 360.0
0 706.0 360.0
0 660.0 361.0
0 684.0 361.0
0 739.0 361.0
0 586.0 364.0
0 725.0 364.0
0 716.0 365.0
0 621.0 366.0
0 636.0 366.0
0 736.0 366.0
0 669.0 368.0
0 599.0 369.0
0 648.0 369.0
0 658.0 370.0
0 684.0 373.0
0 612.0 375.0
0 727.0 377.0
0 559.0 378.0
0 685.0 378.0
0 690.0 379.0
0 885.0 379.0
0 621.0 380.0
0 680.0 380.0
0 932.0 380.0
0 567.0 381.0
0 873.0 382.0
0 668.0 383.0
0 704.0 383.0
0 995.0 383.0
0 577.0 384.0
0 719.0 384.0
0 989.0 384.0
0 647.0 385.0
0 560.0 386.0
0 884.0 386.0
0 600.0 387.0
0 987.0 389.0
0 1066.0 389.0
0 865.0 391.0
0 621.0 392.0
0 1006.0 392.0
0 893.0 393.0
0 1059.0 393.0
0 576.0 394.0
0 658.0 395.0
0 1081.0 395.0
0 708.0 396.0
0 981.0 396.0
0 690.0 397.0
0 862.0 400.0
0 990.0 400.0
0 559.0 401.0
0 1064.0 401.0
0 943.0 403.0
0 953.0 405.0
0 705.0 406.0
0 691.0 407.0
0 871.0 407.0
0 891.0 407.0
0 1074.0 407.0
0 658.0 408.0
0 980.0 408.0
0 971.0 410.0
0 686.0 411.0
0 1012.0 411.0
0 615.0 413.0
0 861.0 413.0
0 934.0 413.0
0 878.0 414.0
0 1090.0 414.0
0 629.0 415.0
0 589.0 416.0
0 624.0 416.0
0 966.0 416.0
0 697.0 417.0
0 955.0 417.0
0 608.0 418.0
0 1011.0 418.0
0 562.0 419.0
0 972.0 420.0
0 577.0 421.0
0 927.0 421.0
0 850.0 422.0
0 635.0 423.0
0 714.0 423.0
0 1079.0 423.0
0 708.0 424.0
0 719.0 424.0
0 872.0 424.0
0 863.0 425.0
0 943.0 425.0
0 985.0 425.0
0 728.0 426.0
0 650.0 427.0
0 739.0 428.0
0 952.0 428.0
0 571.0 429.0
0 665.0 429.0
0 882.0 429.0
0 1086.0 429.0
0 1095.0 429.0
0 750.0 430.0
0 1000.0 430.0
0 578.0 431.0
0 689.0 431.0
0 980.0 431.0
0 1009.0 431.0
0 607.0 432.0
0 706.0 432.0
0 759.0 432.0
0 869.0 432.0
0 875.0 432.0
0 615.0 433.0
0 843.0 433.0
0 1074.0 433.0
0 621.0 434.0
0 771.0 434.0
0 929.0 434.0
0 556.0 435.0
0 643.0 435.0
0 779.0 435.0
0 1016.0 435.0
0 1021.0 435.0
0 588.0 436.0
0 633.0 437.0
0 962.0 437.0
0 656.0 438.0
0 713.0 439.0
0 1011.0 439.0
0 1095.0 439.0
0 572.0 440.0
0 687.0 440.0
0 799.0 440.0
0 952.0 440.0
0 728.0 441.0
0 805.0 441.0
0 996.0 441.0
0 1001.0 441.0
0 1006.0 441.0
0 766.0 442.0
0 1072.0 442.0
0 814.0 443.0
0 879.0 443.0
0 699.0 444.0
0 747.0 444.0
0 821.0 444.0
0 1066.0 444.0
0 1080.0 444.0
0 1111.0 444.0
0 787.0 445.0
0 826.0 445.0
0 978.0 445.0
0 1017.0 445.0
0 1059.0 445.0
0 677.0 446.0
0 901.0 446.0
0 1035.0 446.0
0 1051.0 446.0
0 641.0 447.0
0 757.0 447.0
0 831.0 447.0
0 586.0 448.0
0 766.0 449.0
0 839.0 449.0
0 1006.0 449.0
0 771.0 450.0
0 992.0 450.0
0 706.0 451.0
0 922.0 451.0
0 780.0 452.0
0 785.0 452.0
0 830.0 452.0
0 554.0 453.0
0 695.0 453.0
0 619.0 454.0
0 800.0 454.0
0 1068.0 454.0
0 671.0 456.0
0 807.0 456.0
0 1015.0 456.0
0 1095.0 456.0
0 1111.0 456.0
0 812.0 457.0
0 819.0 457.0
0 904.0 457.0
0 1001.0 457.0
0 1034.0 457.0
0 1052.0 457.0
0 566.0 458.0
0 832.0 458.0
0 960.0 458.0
0 575.0 459.0
0 648.0 459.0
0 653.0 461.0
0 686.0 461.0
0 708.0 462.0
0 840.0 462.0
0 925.0 462.0
0 658.0 463.0
0 829.0 463.0
0 1076.0 463.0
0 665.0 464.0
0 999.0 465.0
0 1031.0 465.0
0 1090.0 465.0
0 709.0 467.0
0 860.0 467.0
0 867.0 467.0
0 903.0 467.0
0 961.0 470.0
0 1088.0 470.0
0 1102.0 470.0
0 876.0 471.0
0 767.0 473.0
0 1042.0 474.0
0 845.0 475.0
0 1088.0 475.0
0 858.0 477.0
0 779.0 478.0
0 839.0 478.0
0 867.0 479.0
0 975.0 479.0
0 952.0 480.0
0 1020.0 480.0
0 675.0 481.0
0 738.0 481.0
0 908.0 481.0
0 584.0 482.0
0 751.0 482.0
0 887.0 482.0
0 760.0 483.0
0 919.0 483.0
0 1000.0 483.0
0 925.0 484.0
0 1029.0 484.0
0 1042.0 485.0
0 774.0 486.0
0 894.0 486.0
0 1063.0 486.0
0 1089.0 486.0
0 1105.0 486.0
0 865.0 487.0
0 697.0 488.0
0 941.0 488.0
0 968.0 488.0
0 631.0 489.0
0 723.0 489.0
0 1015.0 489.0
0 706.0 490.0
0 734.0 490.0
0 788.0 490.0
0 755.0 491.0
0 780.0 491.0
0 663.0 492.0
0 687.0 492.0
0 743.0 492.0
0 844.0 492.0
0 984.0 492.0
0 650.0 494.0
0 677.0 494.0
0 771.0 494.0
0 799.0 494.0
0 888.0 494.0
0 682.0 495.0
0 866.0 496.0
0 999.0 496.0
0 840.0 497.0
0 1004.0 497.0
0 634.0 498.0
0 671.0 498.0
0 807.0 498.0
0 938.0 498.0
0 642.0 499.0
0 853.0 499.0
0 786.0 500.0
0 895.0 501.0
0 980.0 501.0
0 825.0 502.0
0 875.0 502.0
0 968.0 502.0
0 1000.0 502.0
0 815.0 503.0
0 848.0 503.0
0 687.0 505.0
0 820.0 505.0
0 661.0 506.0
0 802.0 508.0
0 936.0 508.0
0 954.0 508.0
0 910.0 509.0
0 959.0 509.0
0 729.0 510.0
0 793.0 510.0
0 918.0 510.0
0 931.0 510.0
0 1012.0 510.0
0 652.0 511.0
0 682.0 512.0
0 687.0 512.0
0 968.0 512.0
0 692.0 513.0
0 700.0 513.0
0 674.0 514.0
0 1000.0 514.0
0 634.0 515.0
0 709.0 515.0
0 738.0 515.0
0 863.0 515.0
0 924.0 515.0
0 666.0 516.0
0 842.0 516.0
0 714.0 517.0
0 719.0 517.0
0 911.0 517.0
0 748.0 518.0
0 571.0 519.0
0 727.0 519.0
0 976.0 519.0
0 876.0 520.0
0 992.0 521.0
0 682.0 522.0
0 737.0 522.0
0 809.0 522.0
0 757.0 523.0
0 823.0 523.0
0 916.0 523.0
0 656.0 524.0
0 833.0 524.0
0 897.0 524.0
0 697.0 525.0
0 851.0 525.0
0 1012.0 525.0
0 651.0 526.0
0 745.0 526.0
0 984.0 527.0
0 917.0 528.0
0 1005.0 528.0
0 673.0 529.0
0 711.0 530.0
0 818.0 530.0
0 845.0 530.0
0 856.0 530.0
0 648.0 531.0
0 688.0 531.0
0 724.0 531.0
0 755.0 531.0
0 1025.0 531.0
0 988.0 532.0
0 1030.0 532.0
0 1095.0 532.0
0 916.0 533.0
0 701.0 534.0
0 1086.0 534.0
0 765.0 535.0
0 860.0 535.0
0 1011.0 535.0
0 1058.0 535.0
0 998.0 536.0
0 1053.0 536.0
0 717.0 537.0
0 736.0 538.0
0 916.0 538.0
0 827.0 539.0
0 1067.0 540.0
0 778.0 541.0
0 730.0 543.0
0 763.0 543.0
0 916.0 543.0
0 704.0 544.0
0 858.0 544.0
0 991.0 544.0
0 1047.0 544.0
0 751.0 545.0
0 1072.0 545.0
0 1012.0 546.0
0 1086.0 546.0
0 676.0 548.0
0 742.0 548.0
0 764.0 548.0
0 836.0 548.0
0 574.0 549.0
0 1059.0 549.0
0 1073.0 550.0
0 871.0 551.0
0 919.0 551.0
0 992.0 551.0
0 776.0 552.0
0 764.0 553.0
0 791.0 555.0
0 1044.0 555.0
0 920.0 556.0
0 992.0 556.0
0 842.0 557.0
0 1072.0 559.0
0 606.0 560.0
0 651.0 560.0
0 759.0 560.0
0 772.0 560.0
0 673.0 562.0
0 678.0 562.0
0 875.0 562.0
0 990.0 562.0
0 862.0 564.0
0 1083.0 564.0
0 602.0 565.0
0 767.0 565.0
0 1060.0 565.0
0 929.0 566.0
0 781.0 568.0
0 1072.0 568.0
0 626.0 569.0
0 986.0 569.0
0 1008.0 569.0
0 831.0 571.0
0 882.0 571.0
0 657.0 572.0
0 675.0 572.0
0 708.0 572.0
0 776.0 572.0
0 1092.0 572.0
0 665.0 573.0
0 938.0 573.0
0 1064.0 573.0
0 810.0 574.0
0 982.0 574.0
0 1085.0 574.0
0 790.0 575.0
0 855.0 575.0
0 1036.0 575.0
0 575.0 576.0
0 614.0 576.0
0 977.0 576.0
0 643.0 577.0
0 694.0 577.0
0 1092.0 577.0
0 950.0 578.0
0 595.0 579.0
0 665.0 579.0
0 670.0 579.0
0 704.0 579.0
0 967.0 579.0
0 677.0 580.0
0 784.0 580.0
0 962.0 580.0
0 577.0 581.0
0 689.0 581.0
0 726.0 581.0
0 800.0 581.0
0 654.0 582.0
0 607.0 583.0
0 1030.0 583.0
0 761.0 584.0
0 766.0 584.0
0 1091.0 584.0
0 883.0 585.0
0 924.0 585.0
0 803.0 586.0
0 1069.0 586.0
0 720.0 587.0
0 632.0 588.0
0 685.0 590.0
0 698.0 590.0
0 1028.0 591.0
0 1088.0 591.0
0 672.0 592.0
0 638.0 593.0
0 713.0 593.0
0 944.0 593.0
0 591.0 594.0
0 874.0 594.0
0 731.0 595.0
0 746.0 595.0
0 792.0 595.0
0 811.0 595.0
0 960.0 595.0
0 828.0 596.0
0 1089.0 596.0
0 696.0 598.0
0 610.0 599.0
0 660.0 599.0
0 1029.0 599.0
0 797.0 600.0
0 781.0 601.0
0 976.0 601.0
0 1086.0 602.0
0 616.0 603.0
0 995.0 603.0
0 868.0 604.0
0 625.0 606.0
0 740.0 606.0
0 710.0 607.0
0 787.0 608.0
0 1034.0 608.0
0 1077.0 608.0
0 821.0 609.0
0 894.0 609.0
0 588.0 610.0
0 1039.0 612.0
0 337.0 613.0
0 613.0 613.0
0 650.0 613.0
0 750.0 613.0
0 622.0 615.0
0 671.0 615.0
0 1048.0 615.0
0 1056.0 615.0
0 1061.0 615.0
0 757.0 616.0
0 874.0 617.0
0 710.0 618.0
0 658.0 620.0
0 809.0 620.0
0 847.0 622.0
0 710.0 623.0
0 764.0 623.0
0 404.0 625.0
0 602.0 625.0
0 748.0 625.0
0 304.0 627.0
0 464.0 628.0
0 610.0 628.0
0 815.0 628.0
0 620.0 629.0
0 670.0 629.0
0 712.0 631.0
0 1053.0 640.0
0 661.0 641.0
0 779.0 644.0
0 586.0 645.0
0 603.0 646.0
0 721.0 646.0
0 335.0 647.0
0 622.0 647.0
0 673.0 647.0
0 686.0 649.0
0 614.0 650.0
0 774.0 654.0
0 676.0 655.0
0 711.0 655.0
0 736.0 655.0
0 779.0 655.0
0 784.0 655.0
0 703.0 656.0
0 614.0 659.0
0 653.0 660.0
0 1056.0 661.0
0 326.0 662.0
0 721.0 663.0
0 777.0 663.0
0 1078.0 664.0
0 617.0 666.0
0 735.0 668.0
0 741.0 669.0
0 755.0 669.0
0 760.0 669.0
0 746.0 670.0
0 679.0 671.0
0 1449.0 672.0
0 617.0 673.0
0 721.0 673.0
0 186.0 674.0
0 593.0 675.0
0 883.0 677.0
0 733.0 678.0
0 522.0 680.0
0 595.0 680.0
0 769.0 680.0
0 789.0 680.0
0 878.0 681.0
0 628.0 682.0
0 633.0 682.0
0 623.0 684.0
0 618.0 687.0
0 778.0 688.0
0 875.0 688.0
0 905.0 688.0
0 685.0 690.0
0 795.0 690.0
0 735.0 691.0
0 740.0 691.0
0 1072.0 691.0
0 767.0 693.0
0 690.0 694.0
0 724.0 694.0
0 758.0 695.0
0 1072.0 696.0
0 676.0 697.0
0 623.0 698.0
0 645.0 699.0
0 774.0 699.0
0 606.0 701.0
0 553.0 702.0
0 724.0 702.0
0 738.0 702.0
0 795.0 702.0
0 895.0 703.0
0 782.0 704.0
0 643.0 705.0
0 383.0 707.0
0 715.0 709.0
0 634.0 711.0
0 614.0 712.0
0 647.0 713.0
0 793.0 714.0
0 719.0 718.0
0 784.0 718.0
0 661.0 719.0
0 747.0 719.0
0 856.0 719.0
0 1013.0 719.0
0 1058.0 719.0
0 654.0 720.0
0 737.0 720.0
0 620.0 721.0
0 742.0 721.0
0 792.0 721.0
0 662.0 724.0
0 654.0 725.0
0 667.0 726.0
0 1059.0 727.0
0 789.0 729.0
0 678.0 730.0
0 92.0 731.0
0 659.0 731.0
0 673.0 731.0
0 777.0 731.0
0 629.0 732.0
0 1009.0 732.0
0 1054.0 734.0
0 331.0 735.0
0 362.0 736.0
0 408.0 736.0
0 667.0 736.0
0 677.0 736.0
0 784.0 737.0
0 204.0 738.0
0 689.0 738.0
0 770.0 739.0
0 264.0 740.0
0 399.0 740.0
0 285.0 741.0
0 779.0 742.0
0 762.0 743.0
0 314.0 744.0
0 643.0 744.0
0 680.0 745.0
0 421.0 748.0
0 708.0 748.0
0 773.0 748.0
0 746.0 750.0
0 736.0 751.0
0 411.0 752.0
0 767.0 752.0
0 707.0 754.0
0 747.0 759.0
0 326.0 760.0
0 728.0 760.0
0 739.0 760.0
0 407.0 764.0
0 1088.0 765.0
0 1251.0 765.0
0 167.0 766.0
0 124.0 769.0
0 756.0 770.0
0 71.0 772.0
0 295.0 774.0
0 688.0 774.0
0 599.0 776.0
0 26.0 777.0
0 265.0 778.0
0 1343.0 780.0
0 368.0 781.0
0 93.0 782.0
0 257.0 782.0
0 718.0 782.0
0 1151.0 782.0
0 723.0 783.0
0 953.0 789.0
0 128.0 796.0
0 1190.0 801.0
0 492.0 806.0
0 37.0 809.0
0 717.0 819.0
0 1442.0 822.0
0 1083.0 828.0
0 634.0 843.0
0 1160.0 845.0
0 1468.0 851.0
0 1049.0 860.0
0 503.0 861.0
0 787.0 862.0
0 716.0 871.0
0 1334.0 878.0
0 1191.0 885.0
0 135.0 886.0
0 108.0 889.0
0 124.0 889.0
0 257.0 892.0
0 408.0 895.0
0 1356.0 895.0
0 236.0 899.0
0 389.0 899.0
0 434.0 899.0
0 540.0 899.0
0 556.0 899.0
0 325.0 900.0
0 726.0 901.0
0 758.0 901.0
0 1199.0 902.0
0 207.0 903.0
0 84.0 905.0
0 413.0 905.0
0 547.0 907.0
0 245.0 910.0
0 258.0 910.0
0 289.0 912.0
0 473.0 912.0
0 560.0 913.0
0 1175.0 913.0
0 1035.0 914.0
0 808.0 916.0
0 505.0 917.0
0 819.0 917.0
0 27.0 919.0
0 1237.0 919.0
0 215.0 920.0
0 875.0 921.0
0 423.0 923.0
0 441.0 923.0
0 812.0 924.0
0 301.0 925.0
0 489.0 925.0
0 263.0 927.0
0 984.0 927.0
0 360.0 930.0
0 810.0 935.0
0 208.0 938.0
0 368.0 938.0
0 318.0 940.0
0 169.0 941.0
0 963.0 942.0
0 446.0 943.0
0 245.0 944.0
0 633.0 944.0
0 714.0 945.0
0 358.0 946.0
0 1224.0 947.0
0 969.0 948.0
0 924.0 949.0
0 805.0 952.0
0 62.0 956.0
0 90.0 957.0
0 690.0 957.0
0 609.0 958.0
0 618.0 958.0
0 927.0 958.0
0 156.0 959.0
0 213.0 959.0
0 826.0 961.0
0 968.0 962.0
0 786.0 966.0
0 953.0 966.0
0 347.0 967.0
0 1207.0 967.0
0 925.0 968.0
0 368.0 976.0
0 543.0 976.0
0 581.0 976.0
0 290.0 982.0
0 1199.0 982.0
0 748.0 983.0
0 1151.0 987.0
0 907.0 989.0
1 1098.0 69.0
1 766.0 340.0
1 841.0 340.0
1 802.0 341.0
1 784.0 342.0
1 698.0 343.0
1 797.0 344.0
1 803.0 350.0
1 820.0 354.0
1 842.0 357.0
1 859.0 366.0
1 782.0 370.0
1 792.0 370.0
1 993.0 371.0
1 807.0 374.0
1 770.0 378.0
1 808.0 379.0
1 923.0 379.0
1 978.0 379.0
1 1000.0 379.0
1 646.0 380.0
1 900.0 381.0
1 610.0 382.0
1 765.0 384.0
1 781.0 385.0
1 635.0 387.0
1 817.0 387.0
1 942.0 387.0
1 620.0 388.0
1 773.0 388.0
1 924.0 388.0
1 748.0 389.0
1 915.0 389.0
1 764.0 393.0
1 789.0 394.0
1 609.0 395.0
1 634.0 395.0
1 1008.0 395.0
1 617.0 396.0
1 896.0 396.0
1 994.0 396.0
1 744.0 397.0
1 590.0 398.0
1 778.0 398.0
1 976.0 399.0
1 934.0 401.0
1 773.0 402.0
1 967.0 402.0
1 994.0 404.0
1 902.0 405.0
1 792.0 408.0
1 1014.0 409.0
1 595.0 410.0
1 640.0 410.0
1 647.0 410.0
1 652.0 410.0
1 660.0 410.0
1 665.0 410.0
1 674.0 410.0
1 690.0 410.0
1 761.0 410.0
1 901.0 410.0
1 986.0 410.0
1 681.0 411.0
1 709.0 411.0
1 720.0 411.0
1 884.0 411.0
1 970.0 411.0
1 615.0 412.0
1 626.0 412.0
1 737.0 412.0
1 906.0 412.0
1 911.0 412.0
1 954.0 412.0
1 589.0 413.0
1 621.0 413.0
1 876.0 413.0
1 927.0 413.0
1 783.0 414.0
1 941.0 417.0
1 987.0 417.0
1 621.0 418.0
1 635.0 418.0
1 695.0 419.0
1 705.0 420.0
1 729.0 420.0
1 971.0 420.0
1 556.0 421.0
1 896.0 421.0
1 916.0 421.0
1 952.0 421.0
1 593.0 422.0
1 785.0 422.0
1 908.0 422.0
1 929.0 422.0
1 621.0 423.0
1 877.0 424.0
1 640.0 425.0
1 651.0 425.0
1 665.0 425.0
1 737.0 425.0
1 1037.0 425.0
1 674.0 426.0
1 684.0 426.0
1 693.0 426.0
1 720.0 426.0
1 756.0 426.0
1 714.0 427.0
1 725.0 427.0
1 1013.0 427.0
1 809.0 429.0
1 821.0 430.0
1 560.0 432.0
1 621.0 433.0
1 836.0 433.0
1 841.0 433.0
1 631.0 434.0
1 772.0 434.0
1 943.0 435.0
1 987.0 435.0
1 912.0 437.0
1 743.0 438.0
1 755.0 438.0
1 1040.0 438.0
1 634.0 439.0
1 860.0 439.0
1 763.0 441.0
1 903.0 441.0
1 881.0 442.0
1 740.0 443.0
1 914.0 443.0
1 587.0 445.0
1 622.0 445.0
1 850.0 446.0
1 990.0 446.0
1 925.0 447.0
1 942.0 447.0
1 960.0 447.0
1 965.0 447.0
1 689.0 448.0
1 808.0 449.0
1 842.0 449.0
1 1021.0 449.0
1 763.0 451.0
1 871.0 451.0
1 614.0 452.0
1 787.0 452.0
1 885.0 452.0
1 639.0 453.0
1 892.0 453.0
1 835.0 454.0
1 651.0 455.0
1 656.0 455.0
1 920.0 455.0
1 1028.0 455.0
1 622.0 456.0
1 645.0 456.0
1 843.0 456.0
1 560.0 457.0
1 608.0 457.0
1 757.0 459.0
1 834.0 459.0
1 596.0 460.0
1 746.0 460.0
1 940.0 460.0
1 549.0 461.0
1 764.0 461.0
1 673.0 462.0
1 782.0 462.0
1 874.0 462.0
1 898.0 462.0
1 589.0 463.0
1 736.0 463.0
1 857.0 463.0
1 822.0 464.0
1 1041.0 464.0
1 612.0 465.0
1 684.0 465.0
1 889.0 465.0
1 559.0 466.0
1 772.0 466.0
1 862.0 466.0
1 1018.0 466.0
1 725.0 467.0
1 794.0 468.0
1 810.0 468.0
1 631.0 469.0
1 653.0 469.0
1 664.0 469.0
1 738.0 469.0
1 817.0 469.0
1 1040.0 469.0
1 747.0 470.0
1 568.0 471.0
1 700.0 471.0
1 864.0 471.0
1 557.0 472.0
1 638.0 472.0
1 785.0 472.0
1 657.0 474.0
1 814.0 474.0
1 644.0 475.0
1 693.0 476.0
1 1041.0 476.0
1 548.0 477.0
1 680.0 477.0
1 738.0 477.0
1 1019.0 477.0
1 667.0 478.0
1 628.0 479.0
1 812.0 479.0
1 651.0 480.0
1 891.0 480.0
1 587.0 481.0
1 731.0 481.0
1 582.0 482.0
1 701.0 482.0
1 787.0 482.0
1 876.0 482.0
1 871.0 484.0
1 638.0 485.0
1 659.0 485.0
1 778.0 486.0
1 631.0 487.0
1 747.0 487.0
1 708.0 488.0
1 739.0 488.0
1 766.0 488.0
1 797.0 490.0
1 872.0 490.0
1 644.0 491.0
1 666.0 491.0
1 810.0 491.0
1 531.0 493.0
1 720.0 494.0
1 873.0 495.0
1 878.0 495.0
1 787.0 496.0
1 1018.0 496.0
1 577.0 497.0
1 712.0 497.0
1 1041.0 497.0
1 528.0 498.0
1 644.0 499.0
1 760.0 499.0
1 582.0 500.0
1 679.0 500.0
1 809.0 500.0
1 927.0 501.0
1 939.0 501.0
1 1005.0 501.0
1 991.0 502.0
1 1040.0 502.0
1 751.0 503.0
1 590.0 504.0
1 658.0 504.0
1 727.0 504.0
1 965.0 504.0
1 521.0 506.0
1 650.0 506.0
1 810.0 506.0
1 1027.0 506.0
1 684.0 507.0
1 879.0 507.0
1 574.0 508.0
1 672.0 509.0
1 968.0 509.0
1 666.0 510.0
1 561.0 511.0
1 812.0 511.0
1 958.0 511.0
1 731.0 512.0
1 893.0 512.0
1 537.0 513.0
1 765.0 513.0
1 759.0 514.0
1 582.0 515.0
1 691.0 515.0
1 969.0 515.0
1 974.0 515.0
1 548.0 516.0
1 554.0 516.0
1 873.0 516.0
1 979.0 516.0
1 1019.0 516.0
1 512.0 517.0
1 609.0 519.0
1 652.0 519.0
1 956.0 519.0
1 1005.0 519.0
1 530.0 520.0
1 563.0 520.0
1 585.0 520.0
1 816.0 520.0
1 573.0 521.0
1 763.0 521.0
1 872.0 521.0
1 693.0 522.0
1 985.0 522.0
1 543.0 523.0
1 751.0 523.0
1 554.0 524.0
1 956.0 524.0
1 685.0 525.0
1 603.0 526.0
1 697.0 527.0
1 871.0 527.0
1 548.0 528.0
1 894.0 528.0
1 742.0 530.0
1 824.0 530.0
1 955.0 530.0
1 962.0 530.0
1 984.0 530.0
1 503.0 531.0
1 623.0 531.0
1 866.0 531.0
1 975.0 531.0
1 935.0 532.0
1 776.0 533.0
1 610.0 534.0
1 662.0 534.0
1 831.0 535.0
1 501.0 536.0
1 860.0 536.0
1 994.0 536.0
1 907.0 537.0
1 855.0 538.0
1 954.0 538.0
1 531.0 539.0
1 840.0 539.0
1 849.0 539.0
1 942.0 540.0
1 618.0 541.0
1 662.0 541.0
1 972.0 541.0
1 607.0 542.0
1 668.0 543.0
1 963.0 543.0
1 652.0 544.0
1 1000.0 544.0
1 626.0 545.0
1 632.0 545.0
1 938.0 545.0
1 660.0 546.0
1 1040.0 547.0
1 576.0 549.0
1 910.0 549.0
1 1002.0 549.0
1 620.0 550.0
1 602.0 551.0
1 935.0 551.0
1 1039.0 552.0
1 1027.0 553.0
1 674.0 554.0
1 496.0 555.0
1 559.0 557.0
1 765.0 557.0
1 904.0 557.0
1 520.0 558.0
1 630.0 558.0
1 714.0 558.0
1 1005.0 558.0
1 933.0 559.0
1 527.0 560.0
1 695.0 561.0
1 756.0 561.0
1 783.0 561.0
1 830.0 561.0
1 636.0 563.0
1 679.0 566.0
1 860.0 566.0
1 846.0 567.0
1 699.0 568.0
1 934.0 568.0
1 894.0 569.0
1 517.0 570.0
1 876.0 570.0
1 612.0 571.0
1 810.0 571.0
1 567.0 572.0
1 577.0 572.0
1 884.0 572.0
1 1039.0 572.0
1 525.0 573.0
1 572.0 573.0
1 640.0 573.0
1 935.0 573.0
1 996.0 573.0
1 1026.0 574.0
1 790.0 575.0
1 785.0 576.0
1 601.0 577.0
1 684.0 577.0
1 764.0 577.0
1 759.0 578.0
1 1039.0 578.0
1 702.0 579.0
1 684.0 582.0
1 1039.0 583.0
1 645.0 585.0
1 891.0 585.0
1 704.0 586.0
1 944.0 586.0
1 992.0 586.0
1 515.0 588.0
1 1039.0 588.0
1 524.0 589.0
1 793.0 590.0
1 950.0 590.0
1 492.0 591.0
1 984.0 591.0
1 955.0 592.0
1 976.0 594.0
1 688.0 595.0
1 963.0 595.0
1 968.0 595.0
1 707.0 598.0
1 1039.0 604.0
1 627.0 605.0
1 597.0 606.0
1 690.0 608.0
1 563.0 609.0
1 654.0 612.0
1 520.0 613.0
1 691.0 613.0
1 564.0 614.0
1 618.0 616.0
1 710.0 616.0
1 606.0 618.0
1 975.0 618.0
1 989.0 621.0
1 495.0 622.0
1 710.0 622.0
1 693.0 624.0
1 1038.0 625.0
1 621.0 626.0
1 656.0 627.0
1 557.0 628.0
1 693.0 629.0
1 637.0 630.0
1 521.0 631.0
1 529.0 636.0
1 577.0 637.0
1 609.0 637.0
1 657.0 638.0
1 766.0 638.0
1 521.0 639.0
1 774.0 640.0
1 850.0 640.0
1 600.0 643.0
1 632.0 643.0
1 1026.0 647.0
1 532.0 649.0
1 571.0 650.0
1 610.0 650.0
1 765.0 650.0
1 526.0 651.0
1 649.0 651.0
1 789.0 656.0
1 659.0 657.0
1 586.0 658.0
1 604.0 658.0
1 622.0 658.0
1 771.0 659.0
1 983.0 659.0
1 659.0 662.0
1 652.0 663.0
1 848.0 663.0
1 769.0 665.0
1 786.0 666.0
1 544.0 669.0
1 642.0 671.0
1 510.0 672.0
1 605.0 672.0
1 590.0 675.0
1 654.0 675.0
1 537.0 678.0
1 637.0 679.0
1 632.0 681.0
1 779.0 681.0
1 542.0 682.0
1 920.0 683.0
1 651.0 684.0
1 754.0 684.0
1 610.0 685.0
1 615.0 685.0
1 759.0 685.0
1 806.0 685.0
1 550.0 688.0
1 1038.0 689.0
1 687.0 690.0
1 562.0 692.0
1 549.0 693.0
1 772.0 693.0
1 1038.0 694.0
1 685.0 696.0
1 1025.0 698.0
1 637.0 699.0
1 865.0 699.0
1 1038.0 699.0
1 571.0 700.0
1 872.0 701.0
1 877.0 702.0
1 883.0 703.0
1 1016.0 703.0
1 554.0 705.0
1 892.0 705.0
1 638.0 706.0
1 681.0 707.0
1 748.0 707.0
1 903.0 707.0
1 1037.0 707.0
1 583.0 708.0
1 839.0 708.0
1 844.0 709.0
1 623.0 711.0
1 853.0 711.0
1 535.0 712.0
1 679.0 712.0
1 596.0 713.0
1 859.0 713.0
1 563.0 714.0
1 612.0 714.0
1 617.0 714.0
1 939.0 715.0
1 951.0 716.0
1 133.0 717.0
1 569.0 717.0
1 737.0 718.0
1 981.0 718.0
1 992.0 718.0
1 674.0 719.0
1 1020.0 719.0
1 622.0 720.0
1 808.0 720.0
1 1038.0 722.0
1 578.0 723.0
1 593.0 724.0
1 607.0 724.0
1 640.0 725.0
1 76.0 727.0
1 837.0 728.0
1 942.0 732.0
1 1033.0 732.0
1 664.0 733.0
1 990.0 735.0
1 623.0 737.0
1 689.0 737.0
1 191.0 738.0
1 618.0 738.0
1 1038.0 740.0
1 569.0 741.0
1 661.0 750.0
1 939.0 752.0
1 1037.0 755.0
1 992.0 756.0
1 987.0 757.0
1 1464.0 760.0
1 566.0 761.0
1 939.0 762.0
1 1035.0 773.0
1 542.0 774.0
1 940.0 778.0
1 1019.0 779.0
1 1034.0 780.0
1 1148.0 787.0
1 531.0 790.0
1 1034.0 791.0
1 1032.0 807.0
1 1052.0 808.0
1 520.0 810.0
1 1127.0 812.0
1 637.0 815.0
1 271.0 819.0
1 514.0 823.0
1 883.0 823.0
1 615.0 827.0
1 266.0 831.0
1 1031.0 837.0
1 509.0 878.0
1 977.0 881.0
1 598.0 883.0
1 1030.0 883.0
1 738.0 889.0
1 599.0 903.0
1 1028.0 903.0
1 1101.0 918.0
1 785.0 948.0
