0 0 0 244.36684647166317
0 2 1 217.5370153066186
0 3 2 217.37793525105099
0 4 4 116.88174362995034
0 7 5 123.49229384737028
0 9 6 173.8186143176539
0 13 7 272.4549512004663
0 8 8 163.33403136631145
0 14 9 134.34793802153047
0 10 10 112.54534005434871
0 20 12 194.86839612609822
0 17 13 116.58961996734672
0 31 14 182.26687886138825
0 27 15 118.25415498319568
0 35 16 112.00253576297665
0 16 18 137.31589312169754
0 19 19 239.47653561262996
0 18 21 223.2303019291669
0 15 23 262.69765583292224
0 32 24 345.41198037289683
0 48 25 108.4885910942599
0 46 26 105.93659066001997
0 30 27 198.6510092328845
0 53 28 276.83603439012705
0 23 29 313.7280480147144
0 38 30 128.53129773799475
0 39 31 156.06274130717443
0 21 32 245.4217840955361
0 22 33 256.2317721474136
0 45 36 374.9533409573088
0 26 37 156.52211717577916
0 25 38 192.41160069779704
0 93 39 169.21631975935423
0 42 41 120.17190155385562
0 101 42 153.98630506004213
0 59 43 176.17121054850526
0 84 44 194.52397198529115
0 36 45 109.650857003516
0 43 46 235.01648750339697
0 47 47 148.9002715617722
0 56 48 119.4047815529852
0 81 49 136.40207076116937
0 62 50 185.07272093881636
0 50 51 113.34353864686568
0 61 53 166.18132281482596
0 65 54 164.9247993098354
0 79 55 105.8244652265423
0 96 56 110.04139567974529
0 108 57 105.51372390287455
0 55 58 114.77773175112634
0 49 59 106.2133200943493
0 57 60 123.3573380862955
0 58 61 197.51590190330734
0 51 62 113.46483686993656
0 106 63 106.41523302048111
0 115 64 104.5104619686672
0 70 65 307.4183394474475
0 66 66 110.12223430325463
0 64 68 108.92732218770409
0 68 69 110.26920601344258
0 54 70 109.7362759308871
0 117 72 154.9129305802886
0 125 73 213.41918329701235
0 63 74 105.53551396995564
0 72 77 242.27791158464714
0 90 78 165.02692067193036
0 120 79 108.03791201601544
0 60 80 109.82390565359668
0 118 81 240.5656553895828
0 133 82 396.40487592748553
0 75 83 158.79620453846334
0 109 84 144.47462917120234
0 110 85 125.23327261223822
0 67 86 108.71411077641883
0 78 88 113.2301562099803
0 86 89 184.2388782185383
0 141 90 111.05226173814641
0 83 91 136.53775569879298
0 71 93 105.1074338009302
0 77 94 109.53322420412181
0 129 95 180.10097204107157
0 135 96 173.80618948018355
0 131 97 130.89828366058262
0 80 98 244.38291777094827
0 88 99 106.16912041563438
0 102 101 138.6187399184195
0 162 102 113.50839394489869
0 156 103 346.58570887918967
0 82 104 156.6879743504612
0 158 106 119.75580608674585
0 155 107 119.0810837552198
0 161 108 150.77397719771787
0 73 109 170.9676130754249
0 104 110 108.80413685162354
0 137 111 122.34070627677696
0 91 112 106.61952767718842
0 85 113 107.4171217499168
0 100 114 109.83128934460362
0 111 115 141.2091987724713
0 146 116 125.32615792984201
0 151 117 113.65223743737928
0 89 118 147.49064733907952
0 95 119 106.73229268408124
0 138 120 105.17431272258042
0 192 121 222.63607969146383
0 181 122 119.71708684132992
0 193 123 246.56989421380933
0 202 124 218.53758981815776
0 208 127 202.51361339409266
0 99 128 104.91014686981342
0 154 129 171.13857557863466
0 173 130 107.32983542927799
0 213 131 196.02778074101218
0 112 132 111.200526692787
0 166 133 216.00350761387435
0 189 134 111.57120181990989
0 236 135 450.6745088447796
0 222 136 196.5702984310431
0 207 137 211.93552932702397
0 116 139 106.82771675234677
0 169 140 104.37987289299492
0 119 142 113.525014935618
0 232 143 196.41027009839937
0 220 144 128.3099381218625
0 242 145 190.34303737151416
0 130 146 128.44007226603665
0 140 147 147.5041592437109
0 198 148 233.68379647917416
0 235 149 175.68917082941772
0 148 150 254.4289007613433
0 241 152 127.77674749036585
0 150 153 268.99149369644977
0 260 154 192.03928049552982
0 107 155 103.6010743695094
0 142 156 137.7833403961066
0 157 158 248.54074374308178
0 165 159 213.24240259843012
0 211 160 113.66107661269015
0 172 162 179.4746233402796
0 176 163 165.79831448621022
0 121 164 112.99892538913812
0 126 165 156.36208993691446
0 128 166 164.5007661634605
0 188 167 262.1375899167466
0 191 168 264.2845187770418
0 197 169 212.06613870542097
0 224 170 109.076806780372
0 266 171 300.1163098959293
0 201 173 218.8399933971879
0 164 174 177.31991537963327
0 258 177 148.68458332561576
0 139 178 119.22915438999549
0 216 179 236.79087500984443
0 219 180 106.90700051824726
0 127 181 103.44147967811415
0 160 182 200.47692268719027
0 132 183 106.7182527463042
0 153 185 125.05019794825508
0 195 187 158.12620829224008
0 205 190 132.01133282676003
0 240 191 110.70912382019624
0 270 192 110.5298320965619
0 183 194 179.1299098468292
0 190 195 162.69168901220254
0 253 197 111.40931735661373
0 136 198 109.44598616237487
0 200 199 184.24907580131446
0 149 200 200.08212122242077
0 215 201 177.2651333259232
0 239 202 129.25457963025823
0 134 204 108.472654600799
0 218 206 220.2106458276251
0 225 207 210.45135885326874
0 245 208 127.15022032544793
0 187 209 178.64691584344655
0 226 210 184.68886595979345
0 231 211 143.67571651314307
0 296 212 382.0056850421096
0 234 213 195.29518912088147
0 238 214 218.08911315555557
0 252 215 104.73914657142439
0 279 216 126.63090574010197
0 199 218 127.00697314340898
0 290 220 136.121380055217
0 291 221 114.86101838245564
0 175 222 127.28580420043056
0 255 223 140.24049635652742
0 262 224 127.03265917115229
0 264 226 169.76838151403274
0 277 227 164.75943487760213
0 163 228 129.86959022364036
0 168 229 174.77406339205035
0 171 230 211.6089546630782
0 180 231 132.7758355364088
0 182 232 110.39957591105292
0 287 234 222.45588828262473
0 152 235 122.68373896494926
0 223 237 118.24186192908441
0 268 238 143.94995407509035
0 282 241 173.22643688224926
0 229 242 110.73192882411955
0 179 243 120.72705868215128
0 210 244 340.3826552142778
0 278 245 193.46112804016727
0 300 246 162.99047581297944
0 174 247 104.79879477628116
0 186 248 122.3941049653271
0 271 249 115.40512337946865
0 273 250 124.83892882628214
0 214 252 111.05237200033547
0 323 253 355.2208557288762
0 285 254 122.28670348753514
0 293 255 120.68400196147641
0 313 258 312.48557215116455
0 233 259 198.10503174634476
0 250 260 108.86236754205538
0 251 261 117.26717118556861
0 299 262 153.9780092460874
0 269 263 125.37678875594602
0 297 264 104.99451941547524
0 217 265 106.40442776756403
0 332 266 213.3506144639859
0 336 267 203.58387709744846
0 230 268 117.45496835750544
0 254 269 242.06106347077653
0 351 270 155.6062704707676
0 248 272 190.8754582396906
0 318 273 125.73276783668754
0 249 274 227.97507756413458
0 327 275 167.2992051470493
0 312 276 108.04507141592606
0 286 277 203.86890245162047
0 292 278 188.51446290811924
0 274 279 262.8420098123078
0 228 280 115.5199784951212
0 281 281 353.2672058149261
0 284 282 267.42736181689503
0 346 283 202.83757371083823
0 375 285 250.5799131950499
0 333 286 270.55365301589984
0 344 287 190.0622415523253
0 359 288 132.7859029202471
0 306 289 266.6961702560581
0 355 294 197.9344857910659
0 247 295 117.16666888980407
0 334 296 110.46033457126939
0 244 297 123.28154086054066
0 343 298 200.89090382560113
0 373 299 189.86983835864578
0 307 300 208.07848068077513
0 350 301 220.90919349365822
0 308 303 311.92846542541423
0 326 304 145.99898149247207
0 345 305 116.45549762895995
0 305 306 262.92876018391144
0 390 307 214.71513720308755
0 302 308 190.43963781405762
0 316 309 284.9411387665181
0 349 310 129.36304345060313
0 304 311 233.07418629301924
0 330 312 168.13122103564373
0 364 313 160.35682734034847
0 408 314 183.2292513864882
0 298 316 254.99003542411475
0 403 318 173.668986225909
0 404 319 178.5457536093937
0 391 320 248.7925848100121
0 280 321 153.76487209414756
0 311 322 362.98049077999883
0 381 324 234.22084911468536
0 392 325 324.06737663621544
0 412 326 157.61905007959766
0 342 328 133.75826301620882
0 363 329 105.58137351310401
0 413 330 307.6972849370024
0 310 332 388.3153240928422
0 369 334 160.28070400699468
0 429 335 196.85958039187895
0 384 341 127.24969744739347
0 414 342 181.53065910242753
0 411 344 264.8787489206926
0 366 345 105.8102827198966
0 301 346 370.80916116917535
0 319 347 377.31904740592836
0 426 351 125.76282412726133
0 347 353 379.8767754204754
0 374 357 499.2890646180713
0 427 358 126.02413289384327
0 314 359 256.8098389490724
0 386 362 146.04041203113073
0 406 363 236.33333488285544
0 328 364 478.71220456444223
0 309 365 237.00797145713173
0 325 366 197.17712558541533
0 315 368 309.67639998851905
0 383 371 156.3111017652576
0 357 372 325.3555821946665
0 356 375 416.22066233482224
0 368 376 458.18735120692526
0 417 379 227.71389095893025
0 441 380 159.68871713845158
0 395 383 176.5994852712852
0 445 384 114.35015670547652
0 449 385 156.92379814118266
0 324 387 305.99326520722445
0 353 389 312.69334686698886
0 377 390 465.9534978730401
0 437 392 141.96398728779928
0 389 393 348.8659040941986
0 358 395 418.4442837398316
0 423 396 197.1496687147939
0 418 397 170.63988267629298
0 462 398 115.41574587041627
0 409 402 349.3679721758658
0 447 404 219.73843120279605
0 459 405 342.8939781055091
0 385 407 408.3762173145928
0 440 408 177.52414723743837
0 465 409 165.44442314413132
0 400 411 178.32216278817148
0 394 413 271.88962884958636
0 376 415 266.1750126168537
0 478 416 133.36620081176102
0 382 418 345.29507303801313
0 446 420 159.85936139975428
0 467 421 174.38970884247448
0 407 425 322.98100487247063
0 428 426 237.24609712781358
0 420 427 331.3344180181038
0 439 431 111.20163964133309
0 399 432 274.3790102187162
0 415 433 177.13687276621897
0 352 434 330.1978553849633
0 484 436 103.68246296475745
0 490 437 484.3777693762688
0 421 440 184.92926879972453
0 448 441 139.2807041633577
0 468 442 107.9141329223597
0 443 443 276.8233816303643
0 393 444 319.5181826111367
0 480 445 186.66094055787283
0 463 446 138.12448513746324
0 513 447 175.7644139735572
0 434 448 283.3767083120512
0 398 450 160.59788318308048
0 444 451 191.89775711160365
0 424 455 157.76560810444198
0 477 456 199.5833986627359
0 487 457 175.96568540253534
0 458 458 103.74700131925256
0 433 460 294.95108677976174
0 496 462 204.8201019728987
0 371 463 186.55326023116427
0 453 465 337.3011530556906
0 491 466 185.8798500615843
0 499 468 224.8056742971245
0 518 470 194.3539271858106
0 474 472 238.12332790133755
0 469 476 119.7222809951443
0 482 477 251.02335173878228
0 479 481 113.82655639715398
0 432 483 203.39546147971475
0 511 484 104.52904561045031
0 523 485 241.58368109348723
0 503 488 252.16449173772494
0 530 489 153.45137208108187
0 536 490 136.47975436726335
0 455 491 223.40791286870672
0 542 492 103.30824747206859
0 454 493 246.86353302973006
0 539 494 106.39986605851821
0 473 495 203.5021521073185
0 510 496 148.34797989560158
0 562 497 260.2574183733446
0 548 498 156.22942979273725
0 512 499 134.9188527067299
0 451 500 248.72283793892856
0 472 502 245.9719225866231
0 489 504 263.6066668986832
0 529 505 132.4990039207417
0 476 506 304.3965475558371
0 528 508 213.79870175382257
0 436 509 106.87683064110429
0 495 510 362.29502532599
0 466 511 165.49793699913891
0 497 512 216.19496857372047
0 501 513 351.94632074825546
0 502 514 368.49200044191235
0 613 515 402.53905612680694
0 494 516 258.5186396211503
0 504 518 170.09502874099567
0 488 519 166.4108856730176
0 526 520 413.13957532891357
0 533 521 403.970450846119
0 517 523 436.2916261340702
0 527 526 295.2493916290123
0 545 529 217.3642619637715
0 521 530 154.9425596897975
0 516 531 174.29343605678255
0 515 532 111.43152362996018
0 485 533 154.8050539780751
0 568 534 109.74046064366722
0 557 535 230.08940072542302
0 546 536 375.00303986152534
0 563 537 317.9172698085567
0 492 538 134.6220140628725
0 505 539 119.31440437795801
0 500 541 140.31695818630226
0 570 543 292.33969899173985
0 573 545 190.9916227510363
0 534 546 110.03472702957086
0 541 547 126.19858528821905
0 544 550 146.97814734577634
0 559 552 129.6011684889287
0 556 555 110.54454330312753
0 565 559 341.54839931149684
0 555 562 113.23679745594741
0 558 565 115.5868719199995
0 583 567 184.96949536512787
0 552 569 169.84603099222434
0 566 570 270.1447591432124
0 569 571 361.9969581168201
0 579 573 162.20662365318609
0 597 577 175.8239289125875
0 576 579 115.1182240087949
0 578 580 110.34931287274561
0 604 587 172.11349927157647
0 610 588 442.4173258594239
0 590 590 349.8024059890772
0 586 591 402.2186350310851
0 589 593 243.13456224096547
0 584 594 203.24731161432524
0 598 595 318.4765260176615
0 594 596 318.282823952044
0 611 599 231.0223160112432
0 607 602 334.4577003772444
0 623 603 115.00186412077831
0 631 604 247.5148658963812
0 591 605 112.57357581867251
0 615 608 383.64675591478294
0 603 610 480.19870588157846
0 600 613 106.09163133275476
0 666 614 147.06992134924243
0 619 615 118.77672521556279
0 633 616 211.77875899144016
0 630 617 375.83474416090996
0 622 618 213.56396977682937
0 612 619 129.42096262438295
0 665 620 116.03693159615159
0 675 621 226.84236571759251
0 629 624 236.715903655596
0 651 625 187.99542998932796
0 599 626 200.89357393712152
0 637 627 211.83933953745955
0 650 632 126.48781478206371
0 634 633 224.34648911023567
0 664 635 244.2319345192582
0 684 636 157.46423617172644
0 614 638 131.75116697268427
0 645 639 172.23280006561947
0 639 641 174.35819198588277
0 640 642 306.725440479083
0 652 643 292.7461757393198
0 617 644 212.7021227340232
0 625 645 136.67813117770763
0 659 646 192.60364237418443
0 649 647 161.89057816106174
0 627 648 124.94666543337696
0 621 649 165.35105675675624
0 648 650 182.9999719673438
0 661 652 155.03301928855018
0 671 653 224.27076513082983
0 587 654 106.67927530751524
0 644 655 149.18318876405493
0 663 656 216.26052761243497
0 676 657 214.12132164387464
0 653 659 160.4094619425157
0 681 660 204.84275892550815
0 646 661 165.6867274364484
0 660 662 154.1629337057381
0 620 663 124.19555414214638
0 690 667 240.0161258087761
0 657 669 235.60893072320138
0 658 670 130.58258056873402
0 743 672 192.99638181019003
0 656 673 134.87819956764284
0 693 674 258.7117640015319
0 697 675 265.69288897824214
0 662 676 173.5563954816953
0 667 677 182.41590704508627
0 698 678 151.8991953529603
0 602 679 106.38190644422438
0 669 680 180.91574300396064
0 674 681 245.43932297830793
0 647 682 108.93511629584596
0 673 683 188.48625254450917
0 704 684 221.76493642366512
0 680 685 280.984610860082
0 679 686 240.02666769674937
0 677 687 264.23640135979906
0 705 689 136.84630466308158
0 708 690 149.88531156258674
0 692 692 198.45825108211997
0 688 693 204.47094205754203
0 706 695 140.69845648811378
0 703 698 215.74182657046862
0 733 700 103.31751044523689
0 682 703 220.3692690952334
0 701 704 121.83863955551581
0 710 705 140.03595297717177
0 713 707 136.66789916275798
0 700 709 154.39385524600596
0 709 710 162.2025933324832
0 712 711 130.37906582274564
0 654 714 112.92185042991125
0 616 717 104.18688391145949
0 719 719 208.12074792748726
0 722 720 110.99371405378531
0 755 721 106.5897365132079
0 732 722 317.6127009368574
0 730 724 264.6946639555416
0 687 726 111.85863629296304
0 695 728 220.51326604766373
0 749 729 107.27978991668643
0 686 731 110.44037474858797
0 702 732 105.4795204374392
0 685 734 108.55042437771618
0 723 736 226.1951418622468
0 707 737 105.18068218671442
0 696 741 124.58548587751066
0 699 742 107.5001278297633
0 714 744 146.62331559491096
0 694 745 108.0960913363809
0 711 748 110.50111283469346
0 802 751 107.37441604672932
0 746 755 103.22556510608587
0 775 757 123.64636900975621
0 727 759 227.61249881375622
0 678 761 112.29687492469908
0 721 763 127.41704214604081
0 819 768 263.33778423971046
0 789 770 104.15181522413366
0 725 771 134.0597091396429
0 729 772 129.57101094284423
0 717 773 104.6288812655535
0 718 780 123.06510542187343
0 827 782 114.74666086865051
0 776 785 109.90170353635638
0 762 786 105.94083845186795
0 804 790 104.26948102595821
0 720 794 133.5911959781581
0 782 795 325.1449804875794
0 811 798 115.15238121515942
0 728 802 123.6377673032612
0 820 805 111.17517813676191
0 734 806 106.75494224413727
0 724 812 161.7806929277666
0 805 816 106.86282072048321
0 814 817 110.40757487425235
0 759 824 170.43041430097662
0 773 825 106.43310260965507
0 737 827 152.8405826834405
0 754 830 119.79772389397215
0 784 839 120.1795800924949
0 783 840 132.03071836865425
0 797 851 108.22404417409031
0 790 854 113.62238843552038
0 786 858 106.23200982460894
0 752 861 148.64821091064
0 751 864 107.99855574631887

0 817.0 284.0
0 830.0 285.0
0 883.0 287.0
0 898.0 288.0
0 825.0 295.0
0 843.0 297.0
0 877.0 297.0
0 865.0 299.0
0 804.0 302.0
0 897.0 302.0
0 815.0 303.0
0 876.0 305.0
0 887.0 306.0
0 826.0 307.0
0 901.0 310.0
0 842.0 311.0
0 913.0 311.0
0 798.0 312.0
0 803.0 312.0
0 790.0 315.0
0 762.0 317.0
0 767.0 319.0
0 690.0 320.0
0 703.0 321.0
0 711.0 321.0
0 884.0 321.0
0 802.0 325.0
0 670.0 327.0
0 779.0 328.0
0 653.0 329.0
0 697.0 329.0
0 735.0 330.0
0 616.0 331.0
0 621.0 331.0
0 610.0 332.0
0 626.0 332.0
0 687.0 332.0
0 639.0 333.0
0 604.0 334.0
0 1067.0 337.0
0 666.0 338.0
0 651.0 339.0
0 1086.0 339.0
0 759.0 340.0
0 1000.0 340.0
0 591.0 341.0
0 723.0 341.0
0 678.0 342.0
0 714.0 342.0
0 901.0 342.0
0 735.0 343.0
0 641.0 344.0
0 699.0 344.0
0 743.0 344.0
0 751.0 344.0
0 932.0 344.0
0 1017.0 344.0
0 1073.0 346.0
0 655.0 347.0
0 607.0 348.0
0 666.0 348.0
0 687.0 348.0
0 624.0 349.0
0 1007.0 353.0
0 1083.0 353.0
0 702.0 354.0
0 675.0 355.0
0 761.0 355.0
0 642.0 356.0
0 655.0 356.0
0 589.0 357.0
0 714.0 357.0
0 995.0 357.0
0 1092.0 357.0
0 626.0 358.0
0 725.0 358.0
0 734.0 358.0
0 743.0 358.0
0 907.0 358.0
0 1030.0 358.0
0 573.0 360.0
0 985.0 361.0
0 1004.0 362.0
0 700.0 363.0
0 942.0 363.0
0 952.0 363.0
0 591.0 364.0
0 974.0 364.0
0 688.0 365.0
0 754.0 365.0
0 1089.0 365.0
0 717.0 367.0
0 733.0 367.0
0 607.0 368.0
0 626.0 370.0
0 979.0 370.0
0 987.0 370.0
0 968.0 371.0
0 554.0 373.0
0 656.0 373.0
0 713.0 373.0
0 751.0 374.0
0 1028.0 374.0
0 1102.0 374.0
0 673.0 375.0
0 989.0 375.0
0 1015.0 376.0
0 1093.0 376.0
0 994.0 377.0
0 551.0 378.0
0 707.0 379.0
0 939.0 379.0
0 593.0 380.0
0 576.0 381.0
0 673.0 381.0
0 746.0 381.0
0 957.0 381.0
0 967.0 381.0
0 552.0 383.0
0 628.0 383.0
0 899.0 384.0
0 1009.0 384.0
0 981.0 385.0
0 1026.0 387.0
0 1081.0 387.0
0 1074.0 388.0
0 993.0 389.0
0 1044.0 389.0
0 576.0 390.0
0 920.0 390.0
0 949.0 390.0
0 1061.0 390.0
0 708.0 391.0
0 914.0 392.0
0 966.0 392.0
0 1108.0 392.0
0 1016.0 393.0
0 991.0 394.0
0 1006.0 394.0
0 673.0 395.0
0 896.0 395.0
0 1086.0 395.0
0 704.0 396.0
0 1076.0 397.0
0 1028.0 398.0
0 1061.0 399.0
0 732.0 400.0
0 758.0 400.0
0 921.0 400.0
0 1044.0 400.0
0 773.0 401.0
0 782.0 401.0
0 1021.0 401.0
0 787.0 402.0
0 1106.0 402.0
0 554.0 403.0
0 751.0 403.0
0 793.0 403.0
0 799.0 403.0
0 804.0 403.0
0 933.0 403.0
0 811.0 404.0
0 820.0 404.0
0 829.0 404.0
0 624.0 405.0
0 638.0 405.0
0 633.0 406.0
0 850.0 406.0
0 858.0 407.0
0 865.0 407.0
0 967.0 407.0
0 1110.0 407.0
0 793.0 408.0
0 872.0 408.0
0 752.0 409.0
0 838.0 409.0
0 843.0 409.0
0 1021.0 410.0
0 646.0 411.0
0 881.0 411.0
0 893.0 411.0
0 592.0 412.0
0 732.0 412.0
0 616.0 413.0
0 668.0 413.0
0 679.0 413.0
0 780.0 413.0
0 816.0 413.0
0 821.0 413.0
0 754.0 414.0
0 837.0 414.0
0 936.0 414.0
0 1070.0 414.0
0 768.0 415.0
0 762.0 416.0
0 773.0 416.0
0 847.0 416.0
0 958.0 416.0
0 577.0 417.0
0 794.0 417.0
0 660.0 418.0
0 805.0 418.0
0 872.0 419.0
0 1064.0 419.0
0 557.0 420.0
0 722.0 420.0
0 817.0 420.0
0 828.0 420.0
0 886.0 420.0
0 731.0 421.0
0 836.0 421.0
0 853.0 421.0
0 1113.0 421.0
0 859.0 422.0
0 864.0 422.0
0 894.0 422.0
0 1048.0 422.0
0 696.0 423.0
0 741.0 423.0
0 1024.0 423.0
0 1057.0 424.0
0 1069.0 424.0
0 655.0 425.0
0 880.0 425.0
0 914.0 425.0
0 940.0 425.0
0 945.0 425.0
0 1014.0 425.0
0 614.0 426.0
0 623.0 426.0
0 631.0 426.0
0 645.0 426.0
0 672.0 427.0
0 711.0 427.0
0 961.0 427.0
0 574.0 428.0
0 636.0 428.0
0 748.0 428.0
0 928.0 428.0
0 995.0 428.0
0 689.0 430.0
0 954.0 430.0
0 735.0 431.0
0 590.0 432.0
0 699.0 433.0
0 1002.0 433.0
0 1012.0 433.0
0 553.0 434.0
0 576.0 435.0
0 899.0 435.0
0 914.0 435.0
0 953.0 435.0
0 655.0 437.0
0 1048.0 437.0
0 931.0 438.0
0 941.0 439.0
0 691.0 440.0
0 1010.0 440.0
0 1027.0 440.0
0 708.0 441.0
0 723.0 441.0
0 750.0 442.0
0 990.0 442.0
0 817.0 444.0
0 919.0 444.0
0 587.0 445.0
0 1027.0 445.0
0 1041.0 445.0
0 628.0 448.0
0 683.0 448.0
0 1058.0 448.0
0 1110.0 448.0
0 666.0 449.0
0 938.0 449.0
0 671.0 450.0
0 978.0 450.0
0 897.0 451.0
0 806.0 452.0
0 827.0 452.0
0 858.0 452.0
0 554.0 453.0
0 780.0 453.0
0 792.0 453.0
0 1007.0 453.0
0 1014.0 453.0
0 1034.0 453.0
0 881.0 454.0
0 999.0 454.0
0 1043.0 454.0
0 843.0 455.0
0 994.0 455.0
0 707.0 456.0
0 772.0 456.0
0 973.0 456.0
0 1023.0 456.0
0 575.0 457.0
0 927.0 457.0
0 561.0 458.0
0 984.0 458.0
0 1028.0 458.0
0 814.0 460.0
0 979.0 460.0
0 745.0 461.0
0 830.0 461.0
0 863.0 461.0
0 955.0 461.0
0 792.0 462.0
0 1033.0 463.0
0 782.0 464.0
0 822.0 464.0
0 968.0 464.0
0 760.0 465.0
0 846.0 465.0
0 976.0 465.0
0 1107.0 465.0
0 754.0 467.0
0 749.0 468.0
0 822.0 469.0
0 1039.0 469.0
0 1056.0 469.0
0 973.0 470.0
0 708.0 471.0
0 799.0 471.0
0 830.0 471.0
0 965.0 471.0
0 1050.0 471.0
0 1082.0 471.0
0 810.0 472.0
0 865.0 472.0
0 914.0 472.0
0 1045.0 472.0
0 643.0 474.0
0 739.0 474.0
0 819.0 474.0
0 959.0 475.0
0 1095.0 475.0
0 674.0 476.0
0 679.0 476.0
0 792.0 476.0
0 801.0 476.0
0 830.0 476.0
0 946.0 476.0
0 1079.0 476.0
0 810.0 477.0
0 1050.0 477.0
0 898.0 478.0
0 684.0 479.0
0 731.0 479.0
0 840.0 479.0
0 822.0 480.0
0 964.0 480.0
0 1044.0 480.0
0 644.0 481.0
0 796.0 481.0
0 666.0 482.0
0 806.0 482.0
0 834.0 482.0
0 959.0 482.0
0 1074.0 482.0
0 674.0 483.0
0 817.0 483.0
0 850.0 483.0
0 910.0 483.0
0 969.0 483.0
0 685.0 484.0
0 695.0 485.0
0 703.0 485.0
0 723.0 485.0
0 714.0 486.0
0 827.0 486.0
0 845.0 486.0
0 891.0 486.0
0 767.0 487.0
0 777.0 487.0
0 787.0 487.0
0 757.0 488.0
0 799.0 488.0
0 806.0 488.0
0 838.0 488.0
0 970.0 488.0
0 1045.0 488.0
0 813.0 489.0
0 853.0 490.0
0 882.0 490.0
0 1072.0 490.0
0 1105.0 490.0
0 564.0 491.0
0 654.0 491.0
0 708.0 491.0
0 748.0 491.0
0 819.0 491.0
0 846.0 491.0
0 1086.0 491.0
0 828.0 493.0
0 833.0 493.0
0 739.0 494.0
0 970.0 494.0
0 892.0 495.0
0 1093.0 495.0
0 707.0 496.0
0 767.0 496.0
0 772.0 496.0
0 839.0 496.0
0 730.0 497.0
0 1044.0 497.0
0 1114.0 497.0
0 754.0 498.0
0 759.0 498.0
0 973.0 499.0
0 1104.0 499.0
0 722.0 500.0
0 810.0 500.0
0 849.0 500.0
0 798.0 501.0
0 653.0 503.0
0 748.0 503.0
0 1095.0 503.0
0 702.0 504.0
0 734.0 504.0
0 763.0 504.0
0 976.0 504.0
0 1041.0 504.0
0 586.0 505.0
0 714.0 505.0
0 773.0 505.0
0 792.0 505.0
0 825.0 505.0
0 859.0 505.0
0 962.0 505.0
0 661.0 506.0
0 675.0 506.0
0 930.0 506.0
0 757.0 507.0
0 808.0 507.0
0 697.0 508.0
0 1010.0 508.0
0 1072.0 508.0
0 1116.0 508.0
0 867.0 509.0
0 706.0 510.0
0 822.0 510.0
0 910.0 510.0
0 1052.0 510.0
0 838.0 511.0
0 733.0 512.0
0 1034.0 512.0
0 985.0 513.0
0 1091.0 513.0
0 851.0 514.0
0 688.0 515.0
0 712.0 515.0
0 877.0 515.0
0 695.0 516.0
0 700.0 516.0
0 856.0 516.0
0 793.0 517.0
0 991.0 517.0
0 1026.0 517.0
0 925.0 518.0
0 1103.0 518.0
0 841.0 519.0
0 999.0 519.0
0 1020.0 519.0
0 567.0 520.0
0 687.0 520.0
0 864.0 520.0
0 1004.0 520.0
0 1010.0 520.0
0 1015.0 520.0
0 704.0 521.0
0 1066.0 521.0
0 768.0 523.0
0 853.0 523.0
0 832.0 524.0
0 1318.0 524.0
0 568.0 525.0
0 911.0 525.0
0 873.0 526.0
0 1110.0 526.0
0 860.0 527.0
0 1105.0 527.0
0 895.0 529.0
0 719.0 530.0
0 731.0 530.0
0 971.0 531.0
0 1009.0 532.0
0 647.0 534.0
0 674.0 535.0
0 881.0 536.0
0 1004.0 536.0
0 1068.0 536.0
0 761.0 537.0
0 1041.0 537.0
0 745.0 538.0
0 1023.0 539.0
0 809.0 540.0
0 947.0 540.0
0 1099.0 540.0
0 1072.0 541.0
0 894.0 542.0
0 729.0 543.0
0 724.0 545.0
0 767.0 547.0
0 775.0 549.0
0 788.0 549.0
0 903.0 550.0
0 747.0 551.0
0 756.0 551.0
0 890.0 551.0
0 571.0 552.0
0 799.0 552.0
0 716.0 553.0
0 768.0 553.0
0 780.0 554.0
0 818.0 555.0
0 1369.0 556.0
0 752.0 557.0
0 729.0 558.0
0 738.0 558.0
0 724.0 561.0
0 829.0 561.0
0 778.0 563.0
0 795.0 563.0
0 768.0 564.0
0 773.0 564.0
0 813.0 565.0
0 853.0 565.0
0 762.0 566.0
0 807.0 566.0
0 843.0 566.0
0 727.0 568.0
0 753.0 569.0
0 716.0 570.0
0 574.0 572.0
0 933.0 572.0
0 847.0 575.0
0 823.0 576.0
0 857.0 576.0
0 652.0 578.0
0 680.0 581.0
0 805.0 581.0
0 574.0 583.0
0 597.0 583.0
0 865.0 583.0
0 952.0 584.0
0 845.0 586.0
0 688.0 587.0
0 698.0 588.0
0 862.0 588.0
0 703.0 589.0
0 708.0 589.0
0 952.0 589.0
0 742.0 591.0
0 597.0 594.0
0 951.0 594.0
0 727.0 595.0
0 810.0 595.0
0 822.0 596.0
0 743.0 597.0
0 769.0 598.0
0 871.0 598.0
0 578.0 599.0
0 693.0 599.0
0 815.0 599.0
0 951.0 599.0
0 703.0 600.0
0 858.0 600.0
0 880.0 601.0
0 1092.0 601.0
0 658.0 602.0
0 743.0 603.0
0 770.0 603.0
0 599.0 608.0
0 743.0 608.0
0 771.0 608.0
0 784.0 609.0
0 863.0 610.0
0 882.0 610.0
0 854.0 612.0
0 689.0 614.0
0 699.0 614.0
0 844.0 615.0
0 578.0 616.0
0 658.0 616.0
0 951.0 618.0
0 783.0 619.0
0 819.0 619.0
0 866.0 619.0
0 848.0 623.0
0 160.0 624.0
0 790.0 624.0
0 819.0 624.0
0 600.0 626.0
0 768.0 626.0
0 667.0 627.0
0 797.0 627.0
0 802.0 628.0
0 819.0 629.0
0 1117.0 629.0
0 839.0 631.0
0 579.0 632.0
0 661.0 633.0
0 830.0 635.0
0 890.0 635.0
0 948.0 635.0
0 694.0 636.0
0 863.0 637.0
0 796.0 638.0
0 820.0 638.0
0 825.0 638.0
0 803.0 639.0
0 808.0 639.0
0 604.0 640.0
0 729.0 641.0
0 1083.0 642.0
0 830.0 643.0
0 896.0 643.0
0 940.0 644.0
0 854.0 646.0
0 764.0 647.0
0 1047.0 647.0
0 1083.0 647.0
0 581.0 648.0
0 896.0 648.0
0 877.0 649.0
0 945.0 650.0
0 696.0 651.0
0 847.0 651.0
0 936.0 651.0
0 887.0 652.0
0 797.0 653.0
0 704.0 654.0
0 896.0 655.0
0 829.0 656.0
0 839.0 656.0
0 935.0 656.0
0 1081.0 656.0
0 1102.0 656.0
0 697.0 659.0
0 863.0 659.0
0 671.0 660.0
0 819.0 662.0
0 845.0 663.0
0 885.0 664.0
0 672.0 665.0
0 708.0 666.0
0 894.0 666.0
0 828.0 668.0
0 703.0 669.0
0 675.0 670.0
0 816.0 670.0
0 1080.0 670.0
0 883.0 673.0
0 892.0 674.0
0 346.0 681.0
0 725.0 681.0
0 841.0 681.0
0 888.0 682.0
0 586.0 684.0
0 724.0 686.0
0 874.0 687.0
0 686.0 688.0
0 805.0 688.0
0 561.0 689.0
0 719.0 690.0
0 867.0 692.0
0 872.0 692.0
0 882.0 692.0
0 899.0 692.0
0 690.0 693.0
0 724.0 694.0
0 1076.0 694.0
0 1445.0 694.0
0 714.0 695.0
0 866.0 697.0
0 878.0 697.0
0 743.0 698.0
0 736.0 700.0
0 857.0 701.0
0 342.0 703.0
0 699.0 703.0
0 751.0 703.0
0 605.0 705.0
0 738.0 705.0
0 871.0 706.0
0 758.0 707.0
0 747.0 709.0
0 765.0 710.0
0 1466.0 710.0
0 840.0 711.0
0 865.0 711.0
0 302.0 712.0
0 774.0 712.0
0 752.0 713.0
0 711.0 714.0
0 829.0 714.0
0 760.0 715.0
0 818.0 715.0
0 798.0 717.0
0 806.0 717.0
0 1016.0 717.0
0 330.0 718.0
0 274.0 719.0
0 717.0 720.0
0 767.0 720.0
0 842.0 721.0
0 411.0 722.0
0 833.0 723.0
0 1074.0 723.0
0 723.0 724.0
0 797.0 724.0
0 820.0 725.0
0 807.0 726.0
0 446.0 734.0
0 425.0 736.0
0 350.0 737.0
0 623.0 738.0
0 188.0 742.0
0 271.0 745.0
0 837.0 745.0
0 779.0 746.0
0 1381.0 746.0
0 832.0 747.0
0 819.0 748.0
0 824.0 748.0
0 925.0 755.0
0 470.0 761.0
0 162.0 762.0
0 447.0 764.0
0 1253.0 764.0
0 1239.0 767.0
0 420.0 771.0
0 490.0 771.0
0 925.0 771.0
0 385.0 776.0
0 198.0 777.0
0 703.0 777.0
0 481.0 778.0
0 423.0 782.0
0 1168.0 783.0
0 1481.0 785.0
0 339.0 787.0
0 372.0 788.0
0 291.0 790.0
0 496.0 792.0
0 313.0 793.0
0 414.0 793.0
0 1274.0 800.0
0 392.0 802.0
0 482.0 803.0
0 381.0 805.0
0 1301.0 807.0
0 1128.0 808.0
0 342.0 809.0
0 337.0 810.0
0 903.0 810.0
0 474.0 811.0
0 1137.0 812.0
0 1003.0 813.0
0 469.0 814.0
0 1236.0 814.0
0 108.0 819.0
0 148.0 820.0
0 366.0 821.0
0 1214.0 823.0
0 355.0 824.0
0 1408.0 826.0
0 385.0 829.0
0 1284.0 829.0
0 1056.0 831.0
0 1103.0 831.0
0 335.0 832.0
0 327.0 837.0
0 215.0 839.0
0 260.0 839.0
0 285.0 839.0
0 1151.0 845.0
0 1428.0 845.0
0 114.0 851.0
0 1271.0 851.0
0 166.0 853.0
0 848.0 853.0
0 1261.0 853.0
0 1365.0 853.0
0 150.0 855.0
0 943.0 855.0
0 865.0 856.0
0 1285.0 858.0
0 191.0 859.0
0 1444.0 860.0
0 1060.0 861.0
0 245.0 863.0
0 1336.0 863.0
0 1357.0 864.0
0 105.0 866.0
0 1021.0 868.0
0 1190.0 868.0
0 804.0 869.0
0 1068.0 869.0
0 994.0 870.0
0 202.0 871.0
0 54.0 872.0
0 136.0 872.0
0 1454.0 874.0
0 34.0 875.0
0 1070.0 876.0
0 184.0 878.0
0 1377.0 880.0
0 271.0 881.0
0 988.0 881.0
0 1185.0 881.0
0 1369.0 882.0
0 53.0 883.0
0 124.0 884.0
0 1140.0 886.0
0 114.0 887.0
0 952.0 887.0
0 982.0 890.0
0 39.0 891.0
0 498.0 891.0
0 904.0 895.0
0 1159.0 895.0
0 1190.0 897.0
0 413.0 898.0
0 682.0 899.0
0 713.0 900.0
0 1139.0 902.0
0 82.0 913.0
0 725.0 913.0
0 1183.0 915.0
0 551.0 916.0
0 816.0 916.0
0 989.0 920.0
0 1033.0 922.0
0 1086.0 922.0
0 1337.0 922.0
0 972.0 926.0
0 1051.0 929.0
0 991.0 933.0
0 598.0 936.0
0 582.0 939.0
0 829.0 940.0
0 955.0 940.0
0 897.0 943.0
0 710.0 944.0
0 1071.0 945.0
0 698.0 947.0
0 1188.0 948.0
0 859.0 950.0
0 1030.0 951.0
0 1089.0 951.0
0 615.0 954.0
0 1075.0 956.0
0 990.0 957.0
0 516.0 959.0
0 570.0 959.0
0 1032.0 964.0
0 1194.0 967.0
0 451.0 968.0
0 176.0 971.0
0 691.0 971.0
0 232.0 975.0
0 151.0 977.0
0 912.0 978.0
0 211.0 979.0
0 804.0 980.0
0 1029.0 984.0
0 903.0 991.0
0 999.0 991.0
1 820.0 310.0
1 827.0 310.0
1 832.0 313.0
1 884.0 319.0
1 822.0 320.0
1 893.0 320.0
1 898.0 321.0
1 845.0 325.0
1 792.0 327.0
1 868.0 329.0
1 802.0 330.0
1 725.0 335.0
1 852.0 335.0
1 860.0 336.0
1 898.0 336.0
1 700.0 337.0
1 792.0 337.0
1 818.0 338.0
1 759.0 339.0
1 764.0 339.0
1 871.0 339.0
1 623.0 340.0
1 628.0 340.0
1 662.0 340.0
1 724.0 340.0
1 615.0 341.0
1 642.0 341.0
1 831.0 341.0
1 747.0 343.0
1 841.0 343.0
1 676.0 344.0
1 903.0 345.0
1 700.0 346.0
1 756.0 346.0
1 884.0 347.0
1 914.0 347.0
1 600.0 348.0
1 635.0 348.0
1 692.0 348.0
1 730.0 349.0
1 860.0 349.0
1 873.0 349.0
1 645.0 351.0
1 709.0 351.0
1 721.0 351.0
1 685.0 352.0
1 773.0 352.0
1 675.0 355.0
1 851.0 355.0
1 612.0 356.0
1 637.0 356.0
1 625.0 357.0
1 899.0 357.0
1 744.0 358.0
1 598.0 360.0
1 649.0 360.0
1 706.0 360.0
1 660.0 361.0
1 684.0 361.0
1 739.0 361.0
1 586.0 364.0
1 725.0 364.0
1 716.0 365.0
1 621.0 366.0
1 636.0 366.0
1 736.0 366.0
1 669.0 368.0
1 599.0 369.0
1 648.0 369.0
1 658.0 370.0
1 684.0 373.0
1 612.0 375.0
1 727.0 377.0
1 559.0 378.0
1 685.0 378.0
1 690.0 379.0
1 885.0 379.0
1 621.0 380.0
1 680.0 380.0
1 932.0 380.0
1 567.0 381.0
1 873.0 382.0
1 668.0 383.0
1 704.0 383.0
1 995.0 383.0
1 577.0 384.0
1 719.0 384.0
1 989.0 384.0
1 647.0 385.0
1 560.0 386.0
1 884.0 386.0
1 600.0 387.0
1 987.0 389.0
1 1066.0 389.0
1 865.0 391.0
1 621.0 392.0
1 1006.0 392.0
1 893.0 393.0
1 1059.0 393.0
1 576.0 394.0
1 658.0 395.0
1 1081.0 395.0
1 708.0 396.0
1 981.0 396.0
1 690.0 397.0
1 862.0 400.0
1 990.0 400.0
1 559.0 401.0
1 1064.0 401.0
1 943.0 403.0
1 953.0 405.0
1 705.0 406.0
1 691.0 407.0
1 871.0 407.0
1 891.0 407.0
1 1074.0 407.0
1 658.0 408.0
1 980.0 408.0
1 971.0 410.0
1 686.0 411.0
1 1012.0 411.0
1 615.0 413.0
1 861.0 413.0
1 934.0 413.0
1 878.0 414.0
1 1090.0 414.0
1 629.0 415.0
1 589.0 416.0
1 624.0 416.0
1 966.0 416.0
1 697.0 417.0
1 955.0 417.0
1 608.0 418.0
1 1011.0 418.0
1 562.0 419.0
1 972.0 420.0
1 577.0 421.0
1 927.0 421.0
1 850.0 422.0
1 635.0 423.0
1 714.0 423.0
1 1079.0 423.0
1 708.0 424.0
1 719.0 424.0
1 872.0 424.0
1 863.0 425.0
1 943.0 425.0
1 985.0 425.0
1 728.0 426.0
1 650.0 427.0
1 739.0 428.0
1 952.0 428.0
1 571.0 429.0
1 665.0 429.0
1 882.0 429.0
1 1086.0 429.0
1 1095.0 429.0
1 750.0 430.0
1 1000.0 430.0
1 578.0 431.0
1 689.0 431.0
1 980.0 431.0
1 1009.0 431.0
1 607.0 432.0
1 706.0 432.0
1 759.0 432.0
1 869.0 432.0
1 875.0 432.0
1 615.0 433.0
1 843.0 433.0
1 1074.0 433.0
1 621.0 434.0
1 771.0 434.0
1 929.0 434.0
1 556.0 435.0
1 643.0 435.0
1 779.0 435.0
1 1016.0 435.0
1 1021.0 435.0
1 588.0 436.0
1 633.0 437.0
1 962.0 437.0
1 656.0 438.0
1 713.0 439.0
1 1011.0 439.0
1 1095.0 439.0
1 572.0 440.0
1 687.0 440.0
1 799.0 440.0
1 952.0 440.0
1 728.0 441.0
1 805.0 441.0
1 996.0 441.0
1 1001.0 441.0
1 1006.0 441.0
1 766.0 442.0
1 1072.0 442.0
1 814.0 443.0
1 879.0 443.0
1 699.0 444.0
1 747.0 444.0
1 821.0 444.0
1 1066.0 444.0
1 1080.0 444.0
1 1111.0 444.0
1 787.0 445.0
1 826.0 445.0
1 978.0 445.0
1 1017.0 445.0
1 1059.0 445.0
1 677.0 446.0
1 901.0 446.0
1 1035.0 446.0
1 1051.0 446.0
1 641.0 447.0
1 757.0 447.0
1 831.0 447.0
1 586.0 448.0
1 766.0 449.0
1 839.0 449.0
1 1006.0 449.0
1 771.0 450.0
1 992.0 450.0
1 706.0 451.0
1 922.0 451.0
1 780.0 452.0
1 785.0 452.0
1 830.0 452.0
1 554.0 453.0
1 695.0 453.0
1 619.0 454.0
1 800.0 454.0
1 1068.0 454.0
1 671.0 456.0
1 807.0 456.0
1 1015.0 456.0
1 1095.0 456.0
1 1111.0 456.0
1 812.0 457.0
1 819.0 457.0
1 904.0 457.0
1 1001.0 457.0
1 1034.0 457.0
1 1052.0 457.0
1 566.0 458.0
1 832.0 458.0
1 960.0 458.0
1 575.0 459.0
1 648.0 459.0
1 653.0 461.0
1 686.0 461.0
1 708.0 462.0
1 840.0 462.0
1 925.0 462.0
1 658.0 463.0
1 829.0 463.0
1 1076.0 463.0
1 665.0 464.0
1 999.0 465.0
1 1031.0 465.0
1 1090.0 465.0
1 709.0 467.0
1 860.0 467.0
1 867.0 467.0
1 903.0 467.0
1 961.0 470.0
1 1088.0 470.0
1 1102.0 470.0
1 876.0 471.0
1 767.0 473.0
1 1042.0 474.0
1 845.0 475.0
1 1088.0 475.0
1 858.0 477.0
1 779.0 478.0
1 839.0 478.0
1 867.0 479.0
1 975.0 479.0
1 952.0 480.0
1 1020.0 480.0
1 675.0 481.0
1 738.0 481.0
1 908.0 481.0
1 584.0 482.0
1 751.0 482.0
1 887.0 482.0
1 760.0 483.0
1 919.0 483.0
1 1000.0 483.0
1 925.0 484.0
1 1029.0 484.0
1 1042.0 485.0
1 774.0 486.0
1 894.0 486.0
1 1063.0 486.0
1 1089.0 486.0
1 1105.0 486.0
1 865.0 487.0
1 697.0 488.0
1 941.0 488.0
1 968.0 488.0
1 631.0 489.0
1 723.0 489.0
1 1015.0 489.0
1 706.0 490.0
1 734.0 490.0
1 788.0 490.0
1 755.0 491.0
1 780.0 491.0
1 663.0 492.0
1 687.0 492.0
1 743.0 492.0
1 844.0 492.0
1 984.0 492.0
1 650.0 494.0
1 677.0 494.0
1 771.0 494.0
1 799.0 494.0
1 888.0 494.0
1 682.0 495.0
1 866.0 496.0
1 999.0 496.0
1 840.0 497.0
1 1004.0 497.0
1 634.0 498.0
1 671.0 498.0
1 807.0 498.0
1 938.0 498.0
1 642.0 499.0
1 853.0 499.0
1 786.0 500.0
1 895.0 501.0
1 980.0 501.0
1 825.0 502.0
1 875.0 502.0
1 968.0 502.0
1 1000.0 502.0
1 815.0 503.0
1 848.0 503.0
1 687.0 505.0
1 820.0 505.0
1 661.0 506.0
1 802.0 508.0
1 936.0 508.0
1 954.0 508.0
1 910.0 509.0
1 959.0 509.0
1 729.0 510.0
1 793.0 510.0
1 918.0 510.0
1 931.0 510.0
1 1012.0 510.0
1 652.0 511.0
1 682.0 512.0
1 687.0 512.0
1 968.0 512.0
1 692.0 513.0
1 700.0 513.0
1 674.0 514.0
1 1000.0 514.0
1 634.0 515.0
1 709.0 515.0
1 738.0 515.0
1 863.0 515.0
1 924.0 515.0
1 666.0 516.0
1 842.0 516.0
1 714.0 517.0
1 719.0 517.0
1 911.0 517.0
1 748.0 518.0
1 571.0 519.0
1 727.0 519.0
1 976.0 519.0
1 876.0 520.0
1 992.0 521.0
1 682.0 522.0
1 737.0 522.0
1 809.0 522.0
1 757.0 523.0
1 823.0 523.0
1 916.0 523.0
1 656.0 524.0
1 833.0 524.0
1 897.0 524.0
1 697.0 525.0
1 851.0 525.0
1 1012.0 525.0
1 651.0 526.0
1 745.0 526.0
1 984.0 527.0
1 917.0 528.0
1 1005.0 528.0
1 673.0 529.0
1 711.0 530.0
1 818.0 530.0
1 845.0 530.0
1 856.0 530.0
1 648.0 531.0
1 688.0 531.0
1 724.0 531.0
1 755.0 531.0
1 1025.0 531.0
1 988.0 532.0
1 1030.0 532.0
1 1095.0 532.0
1 916.0 533.0
1 701.0 534.0
1 1086.0 534.0
1 765.0 535.0
1 860.0 535.0
1 1011.0 535.0
1 1058.0 535.0
1 998.0 536.0
1 1053.0 536.0
1 717.0 537.0
1 736.0 538.0
1 916.0 538.0
1 827.0 539.0
1 1067.0 540.0
1 778.0 541.0
1 730.0 543.0
1 763.0 543.0
1 916.0 543.0
1 704.0 544.0
1 858.0 544.0
1 991.0 544.0
1 1047.0 544.0
1 751.0 545.0
1 1072.0 545.0
1 1012.0 546.0
1 1086.0 546.0
1 676.0 548.0
1 742.0 548.0
1 764.0 548.0
1 836.0 548.0
1 574.0 549.0
1 1059.0 549.0
1 1073.0 550.0
1 871.0 551.0
1 919.0 551.0
1 992.0 551.0
1 776.0 552.0
1 764.0 553.0
1 791.0 555.0
1 1044.0 555.0
1 920.0 556.0
1 992.0 556.0
1 842.0 557.0
1 1072.0 559.0
1 606.0 560.0
1 651.0 560.0
1 759.0 560.0
1 772.0 560.0
1 673.0 562.0
1 678.0 562.0
1 875.0 562.0
1 990.0 562.0
1 862.0 564.0
1 1083.0 564.0
1 602.0 565.0
1 767.0 565.0
1 1060.0 565.0
1 929.0 566.0
1 781.0 568.0
1 1072.0 568.0
1 626.0 569.0
1 986.0 569.0
1 1008.0 569.0
1 831.0 571.0
1 882.0 571.0
1 657.0 572.0
1 675.0 572.0
1 708.0 572.0
1 776.0 572.0
1 1092.0 572.0
1 665.0 573.0
1 938.0 573.0
1 1064.0 573.0
1 810.0 574.0
1 982.0 574.0
1 1085.0 574.0
1 790.0 575.0
1 855.0 575.0
1 1036.0 575.0
1 575.0 576.0
1 614.0 576.0
1 977.0 576.0
1 643.0 577.0
1 694.0 577.0
1 1092.0 577.0
1 950.0 578.0
1 595.0 579.0
1 665.0 579.0
1 670.0 579.0
1 704.0 579.0
1 967.0 579.0
1 677.0 580.0
1 784.0 580.0
1 962.0 580.0
1 577.0 581.0
1 689.0 581.0
1 726.0 581.0
1 800.0 581.0
1 654.0 582.0
1 607.0 583.0
1 1030.0 583.0
1 761.0 584.0
1 766.0 584.0
1 1091.0 584.0
1 883.0 585.0
1 924.0 585.0
1 803.0 586.0
1 1069.0 586.0
1 720.0 587.0
1 632.0 588.0
1 685.0 590.0
1 698.0 590.0
1 1028.0 591.0
1 1088.0 591.0
1 672.0 592.0
1 638.0 593.0
1 713.0 593.0
1 944.0 593.0
1 591.0 594.0
1 874.0 594.0
1 731.0 595.0
1 746.0 595.0
1 792.0 595.0
1 811.0 595.0
1 960.0 595.0
1 828.0 596.0
1 1089.0 596.0
1 696.0 598.0
1 610.0 599.0
1 660.0 599.0
1 1029.0 599.0
1 797.0 600.0
1 781.0 601.0
1 976.0 601.0
1 1086.0 602.0
1 616.0 603.0
1 995.0 603.0
1 868.0 604.0
1 625.0 606.0
1 740.0 606.0
1 710.0 607.0
1 787.0 608.0
1 1034.0 608.0
1 1077.0 608.0
1 821.0 609.0
1 894.0 609.0
1 588.0 610.0
1 1039.0 612.0
1 337.0 613.0
1 613.0 613.0
1 650.0 613.0
1 750.0 613.0
1 622.0 615.0
1 671.0 615.0
1 1048.0 615.0
1 1056.0 615.0
1 1061.0 615.0
1 757.0 616.0
1 874.0 617.0
1 710.0 618.0
1 658.0 620.0
1 809.0 620.0
1 847.0 622.0
1 710.0 623.0
1 764.0 623.0
1 404.0 625.0
1 602.0 625.0
1 748.0 625.0
1 304.0 627.0
1 464.0 628.0
1 610.0 628.0
1 815.0 628.0
1 620.0 629.0
1 670.0 629.0
1 712.0 631.0
1 1053.0 640.0
1 661.0 641.0
1 779.0 644.0
1 586.0 645.0
1 603.0 646.0
1 721.0 646.0
1 335.0 647.0
1 622.0 647.0
1 673.0 647.0
1 686.0 649.0
1 614.0 650.0
1 774.0 654.0
1 676.0 655.0
1 711.0 655.0
1 736.0 655.0
1 779.0 655.0
1 784.0 655.0
1 703.0 656.0
1 614.0 659.0
1 653.0 660.0
1 1056.0 661.0
1 326.0 662.0
1 721.0 663.0
1 777.0 663.0
1 1078.0 664.0
1 617.0 666.0
1 735.0 668.0
1 741.0 669.0
1 755.0 669.0
1 760.0 669.0
1 746.0 670.0
1 679.0 671.0
1 1449.0 672.0
1 617.0 673.0
1 721.0 673.0
1 186.0 674.0
1 593.0 675.0
1 883.0 677.0
1 733.0 678.0
1 522.0 680.0
1 595.0 680.0
1 769.0 680.0
1 789.0 680.0
1 878.0 681.0
1 628.0 682.0
1 633.0 682.0
1 623.0 684.0
1 618.0 687.0
1 778.0 688.0
1 875.0 688.0
1 905.0 688.0
1 685.0 690.0
1 795.0 690.0
1 735.0 691.0
1 740.0 691.0
1 1072.0 691.0
1 767.0 693.0
1 690.0 694.0
1 724.0 694.0
1 758.0 695.0
1 1072.0 696.0
1 676.0 697.0
1 623.0 698.0
1 645.0 699.0
1 774.0 699.0
1 606.0 701.0
1 553.0 702.0
1 724.0 702.0
1 738.0 702.0
1 795.0 702.0
1 895.0 703.0
1 782.0 704.0
1 643.0 705.0
1 383.0 707.0
1 715.0 709.0
1 634.0 711.0
1 614.0 712.0
1 647.0 713.0
1 793.0 714.0
1 719.0 718.0
1 784.0 718.0
1 661.0 719.0
1 747.0 719.0
1 856.0 719.0
1 1013.0 719.0
1 1058.0 719.0
1 654.0 720.0
1 737.0 720.0
1 620.0 721.0
1 742.0 721.0
1 792.0 721.0
1 662.0 724.0
1 654.0 725.0
1 667.0 726.0
1 1059.0 727.0
1 789.0 729.0
1 678.0 730.0
1 92.0 731.0
1 659.0 731.0
1 673.0 731.0
1 777.0 731.0
1 629.0 732.0
1 1009.0 732.0
1 1054.0 734.0
1 331.0 735.0
1 362.0 736.0
1 408.0 736.0
1 667.0 736.0
1 677.0 736.0
1 784.0 737.0
1 204.0 738.0
1 689.0 738.0
1 770.0 739.0
1 264.0 740.0
1 399.0 740.0
1 285.0 741.0
1 779.0 742.0
1 762.0 743.0
1 314.0 744.0
1 643.0 744.0
1 680.0 745.0
1 421.0 748.0
1 708.0 748.0
1 773.0 748.0
1 746.0 750.0
1 736.0 751.0
1 411.0 752.0
1 767.0 752.0
1 707.0 754.0
1 747.0 759.0
1 326.0 760.0
1 728.0 760.0
1 739.0 760.0
1 407.0 764.0
1 1088.0 765.0
1 1251.0 765.0
1 167.0 766.0
1 124.0 769.0
1 756.0 770.0
1 71.0 772.0
1 295.0 774.0
1 688.0 774.0
1 599.0 776.0
1 26.0 777.0
1 265.0 778.0
1 1343.0 780.0
1 368.0 781.0
1 93.0 782.0
1 257.0 782.0
1 718.0 782.0
1 1151.0 782.0
1 723.0 783.0
1 953.0 789.0
1 128.0 796.0
1 1190.0 801.0
1 492.0 806.0
1 37.0 809.0
1 717.0 819.0
1 1442.0 822.0
1 1083.0 828.0
1 634.0 843.0
1 1160.0 845.0
1 1468.0 851.0
1 1049.0 860.0
1 503.0 861.0
1 787.0 862.0
1 716.0 871.0
1 1334.0 878.0
1 1191.0 885.0
1 135.0 886.0
1 108.0 889.0
1 124.0 889.0
1 257.0 892.0
1 408.0 895.0
1 1356.0 895.0
1 236.0 899.0
1 389.0 899.0
1 434.0 899.0
1 540.0 899.0
1 556.0 899.0
1 325.0 900.0
1 726.0 901.0
1 758.0 901.0
1 1199.0 902.0
1 207.0 903.0
1 84.0 905.0
1 413.0 905.0
1 547.0 907.0
1 245.0 910.0
1 258.0 910.0
1 289.0 912.0
1 473.0 912.0
1 560.0 913.0
1 1175.0 913.0
1 1035.0 914.0
1 808.0 916.0
1 505.0 917.0
1 819.0 917.0
1 27.0 919.0
1 1237.0 919.0
1 215.0 920.0
1 875.0 921.0
1 423.0 923.0
1 441.0 923.0
1 812.0 924.0
1 301.0 925.0
1 489.0 925.0
1 263.0 927.0
1 984.0 927.0
1 360.0 930.0
1 810.0 935.0
1 208.0 938.0
1 368.0 938.0
1 318.0 940.0
1 169.0 941.0
1 963.0 942.0
1 446.0 943.0
1 245.0 944.0
1 633.0 944.0
1 714.0 945.0
1 358.0 946.0
1 1224.0 947.0
1 969.0 948.0
1 924.0 949.0
1 805.0 952.0
1 62.0 956.0
1 90.0 957.0
1 690.0 957.0
1 609.0 958.0
1 618.0 958.0
1 927.0 958.0
1 156.0 959.0
1 213.0 959.0
1 826.0 961.0
1 968.0 962.0
1 786.0 966.0
1 953.0 966.0
1 347.0 967.0
1 1207.0 967.0
1 925.0 968.0
1 368.0 976.0
1 543.0 976.0
1 581.0 976.0
1 290.0 982.0
1 1199.0 982.0
1 748.0 983.0
1 1151.0 987.0
1 907.0 989.0
