0 2 6 302.61401427373886
0 9 14 268.7672437871103
0 4 20 332.62470663748945
0 11 31 156.8881834710603
0 27 32 245.45770828523584
0 10 34 170.23019895785188
0 12 35 138.85531788246752
0 44 36 254.60062118898796
0 6 40 341.8180136405574
0 8 41 197.67813366531803
0 3 48 242.05587729626043
0 56 63 166.97005256448548
0 86 67 173.93221282219602
0 41 68 261.1463596997688
0 45 69 252.27889021874387
0 90 71 160.3738113712047
0 16 76 138.9652017458516
0 93 80 196.65767142591562
0 13 81 174.70790665717382
0 69 88 147.285084577
0 125 89 291.31372080030803
0 20 92 363.4798156691213
0 15 94 255.92664212078492
0 103 95 130.8856107099983
0 26 97 129.2172976888062
0 126 99 130.5005401736505
0 91 100 165.5657317196647
0 23 101 463.9809199740703
0 19 105 181.14500915592717
0 22 108 158.66193451584144
0 78 109 304.9781308209727
0 57 110 426.0782864645633
0 42 111 213.0020614352653
0 110 112 222.51476377789578
0 28 113 122.44879251148824
0 43 114 144.34998859118912
0 34 115 240.79783619154784
0 127 116 119.40541041816408
0 38 117 281.98281266544865
0 21 120 281.12411670195405
0 152 121 141.2669844269827
0 25 122 204.75594697796038
0 148 126 128.4646395237658
0 167 127 112.5643914106766
0 160 132 129.30537541043736
0 31 133 192.71286646503887
0 186 134 217.70728900624138
0 184 136 172.018082326054
0 96 137 203.21881522545618
0 35 138 110.3456259115055
0 60 140 184.39769598721182
0 39 141 173.22412964436182
0 84 142 153.36419225773554
0 61 143 174.82332671888548
0 46 144 178.70596265426866
0 37 145 143.50878525572924
0 52 147 247.46072457844676
0 70 148 238.97678741531422
0 175 149 194.55645537707946
0 63 150 235.04170791319777
0 210 152 209.5462402471607
0 54 154 114.94736345919898
0 108 156 410.04082391799875
0 65 157 260.2684607382783
0 47 158 197.12249741835947
0 211 159 188.81521972656415
0 58 161 222.03441892830634
0 48 162 137.30208196935968
0 196 163 160.0520341286034
0 104 164 138.1200730988832
0 71 165 206.28296095416414
0 50 166 173.06857768282757
0 88 167 220.21790095021152
0 197 168 182.6035290559213
0 51 170 284.5806255451798
0 72 172 270.4250705974105
0 215 174 123.8114544894893
0 67 176 205.19265136753387
0 49 178 204.20494648680912
0 219 179 110.7278654698505
0 198 180 118.89929457914926
0 101 181 171.34369947496603
0 113 183 132.94403902198442
0 244 186 249.1291617172243
0 73 188 162.90088593754385
0 107 189 239.74950450573073
0 114 190 130.96958792144486
0 74 191 167.67127219551995
0 79 193 278.2875476012045
0 94 195 139.86238358880237
0 55 196 242.9399921907462
0 75 197 163.47570779529482
0 105 198 171.7549160462296
0 135 199 198.0374980951368
0 115 200 160.10553831871596
0 85 201 221.7688351714473
0 59 202 212.12046041571128
0 89 203 151.04755537401232
0 95 205 119.4294397288801
0 76 206 272.43431221898516
0 80 208 276.2488338158336
0 124 211 128.88008207290153
0 82 212 292.0118630794071
0 68 213 204.70420732680822
0 116 215 196.8100224128502
0 77 216 227.25127162631634
0 241 217 165.55293940260205
0 87 219 121.61088237029512
0 119 221 257.92651856183795
0 144 223 200.93755679628674
0 129 224 207.08362018289455
0 120 226 214.35882850709564
0 256 228 123.82626727471171
0 170 229 202.12551330388493
0 92 232 164.0505903330007
0 121 234 217.18658128618057
0 97 235 225.06019816632693
0 122 238 201.70399631342212
0 117 239 153.27418477354732
0 142 240 131.63154719644575
0 111 241 142.95243026653463
0 98 242 227.91411347142946
0 99 243 186.19119881972037
0 269 244 191.0238722683067
0 130 246 202.7877670884901
0 181 250 379.4500702313978
0 173 251 136.0073783681092
0 118 252 131.22307055998218
0 143 253 393.75293442139514
0 133 258 213.75274895593503
0 123 262 139.92089237972624
0 128 266 262.307265780193
0 156 267 170.27323544617468
0 136 268 124.33053607432554
0 131 270 142.63554134026714
0 139 271 139.0475963151411
0 141 272 313.0297491978681
0 140 273 117.53284933242102
0 158 274 200.0732570897521
0 150 275 131.26599678603134
0 146 276 152.6127952951801
0 162 277 452.97222918015365
0 145 279 221.85323414663043
0 157 282 233.19991843598356
0 164 285 125.86696819733693
0 155 290 143.19401066349346
0 166 291 233.9227221411134
0 151 295 387.7430223852441
0 163 297 165.566434292426
0 159 299 179.1183778192872
0 169 303 211.4218766716977
0 187 312 119.9518883081196
0 189 316 326.45258292040836
0 191 318 207.54666167713282
0 190 320 127.13464982724474
0 213 322 153.0265520497924
0 182 327 239.9761986497311
0 188 329 217.67594959537408
0 200 330 233.29557990037824
0 214 331 163.34098054342573
0 212 333 273.96212686061443
0 205 334 114.89985446114497
0 192 336 421.84424550330056
0 217 342 201.01690936976314
0 206 345 391.50256455730465
0 185 346 208.15122971662046
0 209 350 199.53618573122344
0 230 351 341.36976083161545
0 194 355 193.83721811530305
0 195 359 274.7051280550359
0 248 363 216.7917431798444
0 224 364 173.9161118758493
0 233 366 166.98128653259567
0 201 373 270.093114678302
0 252 374 202.7762597586405
0 239 380 180.40531262449952
0 228 381 316.72992877113694
0 246 383 184.9579332779764
0 254 384 142.72086592688467
0 253 386 263.7810499253099
0 221 390 267.5030047262454
0 237 391 315.314942986278
0 229 392 297.4809220672787
0 251 395 276.30310968336306
0 247 396 279.8289724419463
0 268 402 194.60330469901137
0 240 403 206.6495920487552
0 264 404 176.96979337405017
0 272 405 302.0177793419222
0 259 406 293.1567298060039
0 263 408 356.8069454064967
0 271 410 254.83187798362636
0 274 412 176.79073260516765
0 267 417 277.8499917525472
0 261 418 307.4439717284196
0 278 419 147.7464574154522
0 258 420 495.3608241715372
0 242 424 286.6283293185041
0 303 425 256.1994130257942
0 260 426 254.9629098861253
0 283 427 125.83078411211987
0 286 429 192.13325403944745
0 285 430 353.7315701730768
0 294 431 245.4581751355255
0 276 435 216.12147269358317
0 372 436 450.1257703948121
0 289 437 122.38866746740715
0 300 438 209.38003490911922
0 292 439 233.59858180182292
0 293 440 260.3689953978584
0 281 441 251.94612624114944
0 304 445 123.00615037497073
0 297 447 274.79421614513575
0 288 448 160.1232638345406
0 308 450 479.0362179211261
0 320 456 127.50352497830826
0 305 458 113.73979663366536
0 323 459 125.04233176611952
0 316 462 141.2639512880139
0 321 463 227.6184741821809
0 317 465 179.92165781887184
0 310 467 243.898044457722
0 348 468 142.70391908042598
0 335 470 176.54382838523458
0 301 471 351.8675986483358
0 295 472 272.43119341659343
0 382 475 438.7122130565344
0 302 476 382.7997642128012
0 330 477 217.87116625802548
0 334 478 135.69094082747682
0 291 479 262.3780699359843
0 325 480 263.26133870990265
0 346 481 115.09704297639578
0 280 482 361.2453361904729
0 319 483 142.8447753559196
0 343 484 119.27589366901063
0 328 487 223.39950899878173
0 313 488 295.4078206791792
0 336 491 198.127701384526
0 318 493 308.60606566729524
0 298 495 322.27227747829465
0 307 497 252.25531571954235
0 333 499 204.17934911353143
0 311 501 222.5236767409382
0 287 503 461.0054568005295
0 326 504 151.1099462245742
0 350 506 135.10496772726367
0 339 507 370.1514441997318
0 340 508 442.80715853998515
0 380 510 322.2452272469938
0 359 511 108.50348668946394
0 358 513 110.05356588445044
0 344 515 125.69489042651352
0 341 516 447.3048741926247
0 366 518 157.21499982523562
0 369 519 176.88627856915951
0 354 520 315.01314900566626
0 351 521 118.48777448896493
0 347 522 439.3922076915301
0 357 525 112.50574022016696
0 327 526 469.5880703158287
0 338 527 236.72572340316256
0 370 530 138.16183956040445
0 361 531 225.72999544630545
0 355 533 383.4106471242572
0 363 535 191.59793843866305
0 381 536 175.20879205343272
0 368 537 243.39776997299114
0 374 539 108.78966650888033
0 376 540 283.2671183652809
0 367 541 121.09299146434238
0 375 542 177.14734674660525
0 362 543 138.76999440444104
0 373 544 113.83534547059287
0 337 545 385.93203041639845
0 407 546 356.39711521099537
0 394 548 168.8681820487693
0 396 549 144.9439138983588
0 395 551 169.53121589613832
0 400 553 173.0183176157543
0 386 555 166.34622353721662
0 385 556 156.2988841128147
0 353 557 404.64195063031394
0 388 558 130.25410597549418
0 389 559 271.84541970183915
0 402 560 165.74251036655326
0 405 561 199.27671217256568
0 406 562 198.9800756819045
0 379 563 366.2425908431799
0 387 564 134.79776818842552
0 417 565 338.0974289247826
0 391 570 282.4791439225926
0 411 572 125.25256989551397
0 414 573 242.1842523944023
0 412 576 135.99726857902883
0 413 578 121.69470957249997
0 422 579 339.65774512230365
0 426 580 284.8184889077215
0 425 581 160.79688749844976
0 420 582 148.02662239130368
0 432 584 212.47112309938657
0 431 586 264.8953103065638
0 429 588 112.52655929976744
0 437 590 421.5579237993044
0 430 591 114.0934738380307
0 433 593 254.53702190056768
0 423 594 417.5782317530593
0 439 595 208.08473902209616
0 408 596 359.04100455713194
0 404 597 393.8456915685899
0 454 598 421.7260128351164
0 438 600 111.09458174391946
0 459 601 120.32436454894113
0 451 604 264.99562202921294
0 480 605 415.8907537944554
0 442 606 192.72966924605038
0 455 608 377.3404330688738
0 460 609 309.57705826790016
0 449 610 354.0582750427795
0 444 611 386.7119580437794
0 452 614 177.8939523090872
0 458 617 213.23965161688022
0 471 623 328.1431176109094
0 443 624 478.66679163141333
0 462 626 164.82220513690078
0 463 627 147.04762118454155
0 465 628 135.79592653079263
0 461 629 380.55464950272443
0 521 631 197.02853277464087
0 466 632 165.28009971255406
0 445 633 407.5644167345345
0 447 634 211.70514901127513
0 470 638 276.079228469117
0 456 639 131.3496505856168
0 475 642 163.2451277400761
0 477 643 135.94857082430673
0 478 644 135.40602965125464
0 483 646 206.29418485243244
0 468 648 168.55707975328713
0 467 649 213.30332182240846
0 453 650 352.12001771386235
0 551 651 109.70017719714653
0 488 653 208.2133699757009
0 496 656 139.67690484559478
0 498 658 243.81223429884028
0 497 660 274.9798217694118
0 485 661 339.8774516184285
0 512 664 221.52427123189779
0 552 665 142.14167132290365
0 554 666 135.82481811390923
0 507 667 348.94361524808016
0 500 668 301.25834837780116
0 516 669 265.90392301897634
0 494 670 307.3782940440337
0 491 671 287.6865171294478
0 515 673 315.6365543700811
0 511 674 338.77846865097655
0 572 675 299.8612777407655
0 513 677 270.91939674421315
0 549 678 130.08936792671915
0 527 679 270.48490933866265
0 557 682 488.77982583382396
0 574 683 141.9535731404317
0 575 684 141.5886639382274
0 561 685 109.92020159486742
0 530 688 342.84608448430447
0 534 689 329.90752011137704
0 524 692 337.71008856900187
0 565 694 122.0463483536358
0 522 697 386.0063512953088
0 517 698 280.72707996728434
0 520 699 304.5892219612955
0 538 701 347.5069694165906
0 571 702 114.64920065039708
0 540 705 216.32210987995353
0 546 706 241.19566644090952
0 535 708 182.76573051045963
0 567 709 420.5905464485601
0 555 710 193.70629483665124
0 566 712 143.4927798667605
0 556 713 177.91413762383283
0 573 718 137.5094512454252
0 553 722 399.8682456218125
0 578 730 220.85769138822747
0 590 741 148.44465152675178
0 593 746 113.84131632713299
0 611 754 401.656906176781
0 604 755 222.23525359190376
0 603 767 481.1519737530776
0 616 782 185.33801520200666
0 624 820 313.9350115925424
0 623 828 409.954030736138

0 820.0 310.0
0 827.0 310.0
0 832.0 313.0
0 884.0 319.0
0 822.0 320.0
0 893.0 320.0
0 898.0 321.0
0 845.0 325.0
0 792.0 327.0
0 868.0 329.0
0 802.0 330.0
0 725.0 335.0
0 852.0 335.0
0 860.0 336.0
0 898.0 336.0
0 700.0 337.0
0 792.0 337.0
0 818.0 338.0
0 759.0 339.0
0 764.0 339.0
0 871.0 339.0
0 623.0 340.0
0 628.0 340.0
0 662.0 340.0
0 724.0 340.0
0 615.0 341.0
0 642.0 341.0
0 831.0 341.0
0 747.0 343.0
0 841.0 343.0
0 676.0 344.0
0 903.0 345.0
0 700.0 346.0
0 756.0 346.0
0 884.0 347.0
0 914.0 347.0
0 600.0 348.0
0 635.0 348.0
0 692.0 348.0
0 730.0 349.0
0 860.0 349.0
0 873.0 349.0
0 645.0 351.0
0 709.0 351.0
0 721.0 351.0
0 685.0 352.0
0 773.0 352.0
0 675.0 355.0
0 851.0 355.0
0 612.0 356.0
0 637.0 356.0
0 625.0 357.0
0 899.0 357.0
0 744.0 358.0
0 598.0 360.0
0 649.0 360.0
0 706.0 360.0
0 660.0 361.0
0 684.0 361.0
0 739.0 361.0
0 586.0 364.0
0 725.0 364.0
0 716.0 365.0
0 621.0 366.0
0 636.0 366.0
0 736.0 366.0
0 669.0 368.0
0 599.0 369.0
0 648.0 369.0
0 658.0 370.0
0 684.0 373.0
0 612.0 375.0
0 727.0 377.0
0 559.0 378.0
0 685.0 378.0
0 690.0 379.0
0 885.0 379.0
0 621.0 380.0
0 680.0 380.0
0 932.0 380.0
0 567.0 381.0
0 873.0 382.0
0 668.0 383.0
0 704.0 383.0
0 995.0 383.0
0 577.0 384.0
0 719.0 384.0
0 989.0 384.0
0 647.0 385.0
0 560.0 386.0
0 884.0 386.0
0 600.0 387.0
0 987.0 389.0
0 1066.0 389.0
0 865.0 391.0
0 621.0 392.0
0 1006.0 392.0
0 893.0 393.0
0 1059.0 393.0
0 576.0 394.0
0 658.0 395.0
0 1081.0 395.0
0 708.0 396.0
0 981.0 396.0
0 690.0 397.0
0 862.0 400.0
0 990.0 400.0
0 559.0 401.0
0 1064.0 401.0
0 943.0 403.0
0 953.0 405.0
0 705.0 406.0
0 691.0 407.0
0 871.0 407.0
0 891.0 407.0
0 1074.0 407.0
0 658.0 408.0
0 980.0 408.0
0 971.0 410.0
0 686.0 411.0
0 1012.0 411.0
0 615.0 413.0
0 861.0 413.0
0 934.0 413.0
0 878.0 414.0
0 1090.0 414.0
0 629.0 415.0
0 589.0 416.0
0 624.0 416.0
0 966.0 416.0
0 697.0 417.0
0 955.0 417.0
0 608.0 418.0
0 1011.0 418.0
0 562.0 419.0
0 972.0 420.0
0 577.0 421.0
0 927.0 421.0
0 850.0 422.0
0 635.0 423.0
0 714.0 423.0
0 1079.0 423.0
0 708.0 424.0
0 719.0 424.0
0 872.0 424.0
0 863.0 425.0
0 943.0 425.0
0 985.0 425.0
0 728.0 426.0
0 650.0 427.0
0 739.0 428.0
0 952.0 428.0
0 571.0 429.0
0 665.0 429.0
0 882.0 429.0
0 1086.0 429.0
0 1095.0 429.0
0 750.0 430.0
0 1000.0 430.0
0 578.0 431.0
0 689.0 431.0
0 980.0 431.0
0 1009.0 431.0
0 607.0 432.0
0 706.0 432.0
0 759.0 432.0
0 869.0 432.0
0 875.0 432.0
0 615.0 433.0
0 843.0 433.0
0 1074.0 433.0
0 621.0 434.0
0 771.0 434.0
0 929.0 434.0
0 556.0 435.0
0 643.0 435.0
0 779.0 435.0
0 1016.0 435.0
0 1021.0 435.0
0 588.0 436.0
0 633.0 437.0
0 962.0 437.0
0 656.0 438.0
0 713.0 439.0
0 1011.0 439.0
0 1095.0 439.0
0 572.0 440.0
0 687.0 440.0
0 799.0 440.0
0 952.0 440.0
0 728.0 441.0
0 805.0 441.0
0 996.0 441.0
0 1001.0 441.0
0 1006.0 441.0
0 766.0 442.0
0 1072.0 442.0
0 814.0 443.0
0 879.0 443.0
0 699.0 444.0
0 747.0 444.0
0 821.0 444.0
0 1066.0 444.0
0 1080.0 444.0
0 1111.0 444.0
0 787.0 445.0
0 826.0 445.0
0 978.0 445.0
0 1017.0 445.0
0 1059.0 445.0
0 677.0 446.0
0 901.0 446.0
0 1035.0 446.0
0 1051.0 446.0
0 641.0 447.0
0 757.0 447.0
0 831.0 447.0
0 586.0 448.0
0 766.0 449.0
0 839.0 449.0
0 1006.0 449.0
0 771.0 450.0
0 992.0 450.0
0 706.0 451.0
0 922.0 451.0
0 780.0 452.0
0 785.0 452.0
0 830.0 452.0
0 554.0 453.0
0 695.0 453.0
0 619.0 454.0
0 800.0 454.0
0 1068.0 454.0
0 671.0 456.0
0 807.0 456.0
0 1015.0 456.0
0 1095.0 456.0
0 1111.0 456.0
0 812.0 457.0
0 819.0 457.0
0 904.0 457.0
0 1001.0 457.0
0 1034.0 457.0
0 1052.0 457.0
0 566.0 458.0
0 832.0 458.0
0 960.0 458.0
0 575.0 459.0
0 648.0 459.0
0 653.0 461.0
0 686.0 461.0
0 708.0 462.0
0 840.0 462.0
0 925.0 462.0
0 658.0 463.0
0 829.0 463.0
0 1076.0 463.0
0 665.0 464.0
0 999.0 465.0
0 1031.0 465.0
0 1090.0 465.0
0 709.0 467.0
0 860.0 467.0
0 867.0 467.0
0 903.0 467.0
0 961.0 470.0
0 1088.0 470.0
0 1102.0 470.0
0 876.0 471.0
0 767.0 473.0
0 1042.0 474.0
0 845.0 475.0
0 1088.0 475.0
0 858.0 477.0
0 779.0 478.0
0 839.0 478.0
0 867.0 479.0
0 975.0 479.0
0 952.0 480.0
0 1020.0 480.0
0 675.0 481.0
0 738.0 481.0
0 908.0 481.0
0 584.0 482.0
0 751.0 482.0
0 887.0 482.0
0 760.0 483.0
0 919.0 483.0
0 1000.0 483.0
0 925.0 484.0
0 1029.0 484.0
0 1042.0 485.0
0 774.0 486.0
0 894.0 486.0
0 1063.0 486.0
0 1089.0 486.0
0 1105.0 486.0
0 865.0 487.0
0 697.0 488.0
0 941.0 488.0
0 968.0 488.0
0 631.0 489.0
0 723.0 489.0
0 1015.0 489.0
0 706.0 490.0
0 734.0 490.0
0 788.0 490.0
0 755.0 491.0
0 780.0 491.0
0 663.0 492.0
0 687.0 492.0
0 743.0 492.0
0 844.0 492.0
0 984.0 492.0
0 650.0 494.0
0 677.0 494.0
0 771.0 494.0
0 799.0 494.0
0 888.0 494.0
0 682.0 495.0
0 866.0 496.0
0 999.0 496.0
0 840.0 497.0
0 1004.0 497.0
0 634.0 498.0
0 671.0 498.0
0 807.0 498.0
0 938.0 498.0
0 642.0 499.0
0 853.0 499.0
0 786.0 500.0
0 895.0 501.0
0 980.0 501.0
0 825.0 502.0
0 875.0 502.0
0 968.0 502.0
0 1000.0 502.0
0 815.0 503.0
0 848.0 503.0
0 687.0 505.0
0 820.0 505.0
0 661.0 506.0
0 802.0 508.0
0 936.0 508.0
0 954.0 508.0
0 910.0 509.0
0 959.0 509.0
0 729.0 510.0
0 793.0 510.0
0 918.0 510.0
0 931.0 510.0
0 1012.0 510.0
0 652.0 511.0
0 682.0 512.0
0 687.0 512.0
0 968.0 512.0
0 692.0 513.0
0 700.0 513.0
0 674.0 514.0
0 1000.0 514.0
0 634.0 515.0
0 709.0 515.0
0 738.0 515.0
0 863.0 515.0
0 924.0 515.0
0 666.0 516.0
0 842.0 516.0
0 714.0 517.0
0 719.0 517.0
0 911.0 517.0
0 748.0 518.0
0 571.0 519.0
0 727.0 519.0
0 976.0 519.0
0 876.0 520.0
0 992.0 521.0
0 682.0 522.0
0 737.0 522.0
0 809.0 522.0
0 757.0 523.0
0 823.0 523.0
0 916.0 523.0
0 656.0 524.0
0 833.0 524.0
0 897.0 524.0
0 697.0 525.0
0 851.0 525.0
0 1012.0 525.0
0 651.0 526.0
0 745.0 526.0
0 984.0 527.0
0 917.0 528.0
0 1005.0 528.0
0 673.0 529.0
0 711.0 530.0
0 818.0 530.0
0 845.0 530.0
0 856.0 530.0
0 648.0 531.0
0 688.0 531.0
0 724.0 531.0
0 755.0 531.0
0 1025.0 531.0
0 988.0 532.0
0 1030.0 532.0
0 1095.0 532.0
0 916.0 533.0
0 701.0 534.0
0 1086.0 534.0
0 765.0 535.0
0 860.0 535.0
0 1011.0 535.0
0 1058.0 535.0
0 998.0 536.0
0 1053.0 536.0
0 717.0 537.0
0 736.0 538.0
0 916.0 538.0
0 827.0 539.0
0 1067.0 540.0
0 778.0 541.0
0 730.0 543.0
0 763.0 543.0
0 916.0 543.0
0 704.0 544.0
0 858.0 544.0
0 991.0 544.0
0 1047.0 544.0
0 751.0 545.0
0 1072.0 545.0
0 1012.0 546.0
0 1086.0 546.0
0 676.0 548.0
0 742.0 548.0
0 764.0 548.0
0 836.0 548.0
0 574.0 549.0
0 1059.0 549.0
0 1073.0 550.0
0 871.0 551.0
0 919.0 551.0
0 992.0 551.0
0 776.0 552.0
0 764.0 553.0
0 791.0 555.0
0 1044.0 555.0
0 920.0 556.0
0 992.0 556.0
0 842.0 557.0
0 1072.0 559.0
0 606.0 560.0
0 651.0 560.0
0 759.0 560.0
0 772.0 560.0
0 673.0 562.0
0 678.0 562.0
0 875.0 562.0
0 990.0 562.0
0 862.0 564.0
0 1083.0 564.0
0 602.0 565.0
0 767.0 565.0
0 1060.0 565.0
0 929.0 566.0
0 781.0 568.0
0 1072.0 568.0
0 626.0 569.0
0 986.0 569.0
0 1008.0 569.0
0 831.0 571.0
0 882.0 571.0
0 657.0 572.0
0 675.0 572.0
0 708.0 572.0
0 776.0 572.0
0 1092.0 572.0
0 665.0 573.0
0 938.0 573.0
0 1064.0 573.0
0 810.0 574.0
0 982.0 574.0
0 1085.0 574.0
0 790.0 575.0
0 855.0 575.0
0 1036.0 575.0
0 575.0 576.0
0 614.0 576.0
0 977.0 576.0
0 643.0 577.0
0 694.0 577.0
0 1092.0 577.0
0 950.0 578.0
0 595.0 579.0
0 665.0 579.0
0 670.0 579.0
0 704.0 579.0
0 967.0 579.0
0 677.0 580.0
0 784.0 580.0
0 962.0 580.0
0 577.0 581.0
0 689.0 581.0
0 726.0 581.0
0 800.0 581.0
0 654.0 582.0
0 607.0 583.0
0 1030.0 583.0
0 761.0 584.0
0 766.0 584.0
0 1091.0 584.0
0 883.0 585.0
0 924.0 585.0
0 803.0 586.0
0 1069.0 586.0
0 720.0 587.0
0 632.0 588.0
0 685.0 590.0
0 698.0 590.0
0 1028.0 591.0
0 1088.0 591.0
0 672.0 592.0
0 638.0 593.0
0 713.0 593.0
0 944.0 593.0
0 591.0 594.0
0 874.0 594.0
0 731.0 595.0
0 746.0 595.0
0 792.0 595.0
0 811.0 595.0
0 960.0 595.0
0 828.0 596.0
0 1089.0 596.0
0 696.0 598.0
0 610.0 599.0
0 660.0 599.0
0 1029.0 599.0
0 797.0 600.0
0 781.0 601.0
0 976.0 601.0
0 1086.0 602.0
0 616.0 603.0
0 995.0 603.0
0 868.0 604.0
0 625.0 606.0
0 740.0 606.0
0 710.0 607.0
0 787.0 608.0
0 1034.0 608.0
0 1077.0 608.0
0 821.0 609.0
0 894.0 609.0
0 588.0 610.0
0 1039.0 612.0
0 337.0 613.0
0 613.0 613.0
0 650.0 613.0
0 750.0 613.0
0 622.0 615.0
0 671.0 615.0
0 1048.0 615.0
0 1056.0 615.0
0 1061.0 615.0
0 757.0 616.0
0 874.0 617.0
0 710.0 618.0
0 658.0 620.0
0 809.0 620.0
0 847.0 622.0
0 710.0 623.0
0 764.0 623.0
0 404.0 625.0
0 602.0 625.0
0 748.0 625.0
0 304.0 627.0
0 464.0 628.0
0 610.0 628.0
0 815.0 628.0
0 620.0 629.0
0 670.0 629.0
0 712.0 631.0
0 1053.0 640.0
0 661.0 641.0
0 779.0 644.0
0 586.0 645.0
0 603.0 646.0
0 721.0 646.0
0 335.0 647.0
0 622.0 647.0
0 673.0 647.0
0 686.0 649.0
0 614.0 650.0
0 774.0 654.0
0 676.0 655.0
0 711.0 655.0
0 736.0 655.0
0 779.0 655.0
0 784.0 655.0
0 703.0 656.0
0 614.0 659.0
0 653.0 660.0
0 1056.0 661.0
0 326.0 662.0
0 721.0 663.0
0 777.0 663.0
0 1078.0 664.0
0 617.0 666.0
0 735.0 668.0
0 741.0 669.0
0 755.0 669.0
0 760.0 669.0
0 746.0 670.0
0 679.0 671.0
0 1449.0 672.0
0 617.0 673.0
0 721.0 673.0
0 186.0 674.0
0 593.0 675.0
0 883.0 677.0
0 733.0 678.0
0 522.0 680.0
0 595.0 680.0
0 769.0 680.0
0 789.0 680.0
0 878.0 681.0
0 628.0 682.0
0 633.0 682.0
0 623.0 684.0
0 618.0 687.0
0 778.0 688.0
0 875.0 688.0
0 905.0 688.0
0 685.0 690.0
0 795.0 690.0
0 735.0 691.0
0 740.0 691.0
0 1072.0 691.0
0 767.0 693.0
0 690.0 694.0
0 724.0 694.0
0 758.0 695.0
0 1072.0 696.0
0 676.0 697.0
0 623.0 698.0
0 645.0 699.0
0 774.0 699.0
0 606.0 701.0
0 553.0 702.0
0 724.0 702.0
0 738.0 702.0
0 795.0 702.0
0 895.0 703.0
0 782.0 704.0
0 643.0 705.0
0 383.0 707.0
0 715.0 709.0
0 634.0 711.0
0 614.0 712.0
0 647.0 713.0
0 793.0 714.0
0 719.0 718.0
0 784.0 718.0
0 661.0 719.0
0 747.0 719.0
0 856.0 719.0
0 1013.0 719.0
0 1058.0 719.0
0 654.0 720.0
0 737.0 720.0
0 620.0 721.0
0 742.0 721.0
0 792.0 721.0
0 662.0 724.0
0 654.0 725.0
0 667.0 726.0
0 1059.0 727.0
0 789.0 729.0
0 678.0 730.0
0 92.0 731.0
0 659.0 731.0
0 673.0 731.0
0 777.0 731.0
0 629.0 732.0
0 1009.0 732.0
0 1054.0 734.0
0 331.0 735.0
0 362.0 736.0
0 408.0 736.0
0 667.0 736.0
0 677.0 736.0
0 784.0 737.0
0 204.0 738.0
0 689.0 738.0
0 770.0 739.0
0 264.0 740.0
0 399.0 740.0
0 285.0 741.0
0 779.0 742.0
0 762.0 743.0
0 314.0 744.0
0 643.0 744.0
0 680.0 745.0
0 421.0 748.0
0 708.0 748.0
0 773.0 748.0
0 746.0 750.0
0 736.0 751.0
0 411.0 752.0
0 767.0 752.0
0 707.0 754.0
0 747.0 759.0
0 326.0 760.0
0 728.0 760.0
0 739.0 760.0
0 407.0 764.0
0 1088.0 765.0
0 1251.0 765.0
0 167.0 766.0
0 124.0 769.0
0 756.0 770.0
0 71.0 772.0
0 295.0 774.0
0 688.0 774.0
0 599.0 776.0
0 26.0 777.0
0 265.0 778.0
0 1343.0 780.0
0 368.0 781.0
0 93.0 782.0
0 257.0 782.0
0 718.0 782.0
0 1151.0 782.0
0 723.0 783.0
0 953.0 789.0
0 128.0 796.0
0 1190.0 801.0
0 492.0 806.0
0 37.0 809.0
0 717.0 819.0
0 1442.0 822.0
0 1083.0 828.0
0 634.0 843.0
0 1160.0 845.0
0 1468.0 851.0
0 1049.0 860.0
0 503.0 861.0
0 787.0 862.0
0 716.0 871.0
0 1334.0 878.0
0 1191.0 885.0
0 135.0 886.0
0 108.0 889.0
0 124.0 889.0
0 257.0 892.0
0 408.0 895.0
0 1356.0 895.0
0 236.0 899.0
0 389.0 899.0
0 434.0 899.0
0 540.0 899.0
0 556.0 899.0
0 325.0 900.0
0 726.0 901.0
0 758.0 901.0
0 1199.0 902.0
0 207.0 903.0
0 84.0 905.0
0 413.0 905.0
0 547.0 907.0
0 245.0 910.0
0 258.0 910.0
0 289.0 912.0
0 473.0 912.0
0 560.0 913.0
0 1175.0 913.0
0 1035.0 914.0
0 808.0 916.0
0 505.0 917.0
0 819.0 917.0
0 27.0 919.0
0 1237.0 919.0
0 215.0 920.0
0 875.0 921.0
0 423.0 923.0
0 441.0 923.0
0 812.0 924.0
0 301.0 925.0
0 489.0 925.0
0 263.0 927.0
0 984.0 927.0
0 360.0 930.0
0 810.0 935.0
0 208.0 938.0
0 368.0 938.0
0 318.0 940.0
0 169.0 941.0
0 963.0 942.0
0 446.0 943.0
0 245.0 944.0
0 633.0 944.0
0 714.0 945.0
0 358.0 946.0
0 1224.0 947.0
0 969.0 948.0
0 924.0 949.0
0 805.0 952.0
0 62.0 956.0
0 90.0 957.0
0 690.0 957.0
0 609.0 958.0
0 618.0 958.0
0 927.0 958.0
0 156.0 959.0
0 213.0 959.0
0 826.0 961.0
0 968.0 962.0
0 786.0 966.0
0 953.0 966.0
0 347.0 967.0
0 1207.0 967.0
0 925.0 968.0
0 368.0 976.0
0 543.0 976.0
0 581.0 976.0
0 290.0 982.0
0 1199.0 982.0
0 748.0 983.0
0 1151.0 987.0
0 907.0 989.0
1 1050.0 94.0
1 895.0 191.0
1 870.0 363.0
1 811.0 364.0
1 838.0 364.0
1 738.0 367.0
1 828.0 368.0
1 833.0 368.0
1 840.0 372.0
1 874.0 373.0
1 855.0 377.0
1 871.0 380.0
1 887.0 388.0
1 835.0 393.0
1 1031.0 393.0
1 828.0 394.0
1 849.0 396.0
1 699.0 398.0
1 672.0 401.0
1 819.0 401.0
1 944.0 401.0
1 968.0 401.0
1 1017.0 401.0
1 1037.0 401.0
1 636.0 403.0
1 818.0 407.0
1 858.0 408.0
1 686.0 409.0
1 830.0 409.0
1 660.0 410.0
1 960.0 410.0
1 965.0 410.0
1 983.0 410.0
1 818.0 412.0
1 1034.0 412.0
1 804.0 413.0
1 1045.0 416.0
1 818.0 417.0
1 938.0 417.0
1 1033.0 417.0
1 620.0 418.0
1 645.0 418.0
1 678.0 418.0
1 854.0 418.0
1 608.0 419.0
1 656.0 420.0
1 830.0 420.0
1 954.0 422.0
1 964.0 423.0
1 976.0 423.0
1 827.0 425.0
1 1033.0 425.0
1 944.0 426.0
1 1051.0 429.0
1 841.0 430.0
1 1030.0 430.0
1 621.0 431.0
1 926.0 431.0
1 943.0 431.0
1 1017.0 432.0
1 687.0 433.0
1 692.0 433.0
1 704.0 433.0
1 709.0 433.0
1 714.0 433.0
1 719.0 433.0
1 737.0 433.0
1 743.0 433.0
1 1002.0 433.0
1 645.0 434.0
1 699.0 434.0
1 726.0 434.0
1 732.0 434.0
1 760.0 434.0
1 765.0 434.0
1 774.0 434.0
1 785.0 434.0
1 790.0 434.0
1 915.0 434.0
1 957.0 434.0
1 977.0 434.0
1 982.0 434.0
1 988.0 434.0
1 672.0 435.0
1 682.0 435.0
1 779.0 435.0
1 606.0 436.0
1 795.0 436.0
1 836.0 436.0
1 1033.0 437.0
1 613.0 440.0
1 651.0 440.0
1 1018.0 441.0
1 576.0 442.0
1 733.0 442.0
1 750.0 442.0
1 900.0 442.0
1 967.0 442.0
1 984.0 442.0
1 1002.0 442.0
1 1052.0 442.0
1 925.0 443.0
1 977.0 443.0
1 620.0 444.0
1 682.0 444.0
1 839.0 444.0
1 876.0 444.0
1 916.0 444.0
1 1070.0 444.0
1 651.0 445.0
1 667.0 445.0
1 957.0 446.0
1 1056.0 447.0
1 688.0 448.0
1 699.0 448.0
1 715.0 448.0
1 724.0 448.0
1 777.0 448.0
1 795.0 448.0
1 733.0 449.0
1 744.0 449.0
1 763.0 449.0
1 772.0 449.0
1 814.0 449.0
1 859.0 451.0
1 570.0 452.0
1 582.0 453.0
1 651.0 453.0
1 1037.0 453.0
1 888.0 454.0
1 916.0 454.0
1 994.0 455.0
1 667.0 456.0
1 953.0 456.0
1 1073.0 456.0
1 677.0 457.0
1 830.0 457.0
1 958.0 457.0
1 913.0 459.0
1 800.0 460.0
1 813.0 460.0
1 1038.0 460.0
1 867.0 461.0
1 878.0 461.0
1 681.0 462.0
1 958.0 462.0
1 821.0 463.0
1 926.0 463.0
1 627.0 465.0
1 664.0 465.0
1 797.0 465.0
1 1039.0 465.0
1 614.0 466.0
1 993.0 466.0
1 949.0 467.0
1 977.0 467.0
1 1061.0 467.0
1 864.0 469.0
1 740.0 470.0
1 891.0 470.0
1 609.0 471.0
1 650.0 471.0
1 932.0 471.0
1 821.0 472.0
1 843.0 472.0
1 945.0 472.0
1 991.0 472.0
1 592.0 473.0
1 658.0 473.0
1 964.0 473.0
1 672.0 474.0
1 711.0 474.0
1 974.0 474.0
1 684.0 475.0
1 782.0 475.0
1 643.0 476.0
1 698.0 477.0
1 703.0 477.0
1 658.0 478.0
1 897.0 478.0
1 992.0 478.0
1 665.0 479.0
1 892.0 479.0
1 1074.0 479.0
1 582.0 480.0
1 907.0 480.0
1 570.0 481.0
1 802.0 481.0
1 814.0 481.0
1 727.0 482.0
1 822.0 482.0
1 847.0 482.0
1 953.0 483.0
1 1060.0 483.0
1 919.0 484.0
1 948.0 485.0
1 609.0 486.0
1 615.0 486.0
1 629.0 487.0
1 675.0 487.0
1 744.0 487.0
1 926.0 487.0
1 1073.0 487.0
1 659.0 488.0
1 687.0 488.0
1 831.0 488.0
1 866.0 488.0
1 645.0 489.0
1 692.0 489.0
1 880.0 489.0
1 577.0 490.0
1 582.0 490.0
1 788.0 491.0
1 801.0 491.0
1 851.0 491.0
1 565.0 492.0
1 699.0 492.0
1 759.0 492.0
1 1074.0 492.0
1 590.0 493.0
1 668.0 493.0
1 931.0 493.0
1 1060.0 493.0
1 708.0 495.0
1 874.0 495.0
1 632.0 496.0
1 715.0 498.0
1 824.0 498.0
1 869.0 498.0
1 952.0 498.0
1 959.0 498.0
1 661.0 499.0
1 843.0 499.0
1 793.0 501.0
1 701.0 503.0
1 723.0 503.0
1 767.0 503.0
1 870.0 503.0
1 959.0 503.0
1 779.0 504.0
1 936.0 504.0
1 592.0 506.0
1 657.0 506.0
1 607.0 507.0
1 582.0 508.0
1 731.0 508.0
1 786.0 508.0
1 802.0 508.0
1 822.0 508.0
1 691.0 509.0
1 713.0 509.0
1 773.0 509.0
1 835.0 509.0
1 812.0 511.0
1 854.0 511.0
1 1060.0 511.0
1 560.0 513.0
1 720.0 513.0
1 740.0 513.0
1 870.0 513.0
1 940.0 513.0
1 782.0 515.0
1 1074.0 515.0
1 1051.0 516.0
1 991.0 517.0
1 1041.0 517.0
1 728.0 518.0
1 870.0 518.0
1 979.0 518.0
1 574.0 519.0
1 749.0 519.0
1 819.0 519.0
1 1065.0 519.0
1 624.0 520.0
1 1015.0 520.0
1 720.0 524.0
1 791.0 524.0
1 606.0 525.0
1 1023.0 525.0
1 669.0 527.0
1 735.0 527.0
1 940.0 527.0
1 873.0 528.0
1 1006.0 529.0
1 1061.0 530.0
1 963.0 531.0
1 1030.0 531.0
1 744.0 532.0
1 796.0 532.0
1 1016.0 532.0
1 751.0 533.0
1 763.0 533.0
1 824.0 533.0
1 875.0 533.0
1 1050.0 533.0
1 630.0 534.0
1 843.0 535.0
1 936.0 536.0
1 656.0 537.0
1 731.0 537.0
1 1035.0 537.0
1 615.0 539.0
1 623.0 540.0
1 824.0 540.0
1 1003.0 541.0
1 817.0 542.0
1 1016.0 542.0
1 633.0 543.0
1 575.0 544.0
1 880.0 544.0
1 931.0 544.0
1 644.0 545.0
1 658.0 545.0
1 610.0 547.0
1 680.0 547.0
1 875.0 547.0
1 1018.0 547.0
1 1030.0 547.0
1 622.0 548.0
1 808.0 548.0
1 835.0 548.0
1 887.0 548.0
1 953.0 548.0
1 1045.0 549.0
1 570.0 550.0
1 925.0 551.0
1 614.0 552.0
1 680.0 552.0
1 920.0 552.0
1 1007.0 552.0
1 895.0 553.0
1 1073.0 553.0
1 567.0 555.0
1 911.0 555.0
1 1024.0 555.0
1 840.0 556.0
1 904.0 556.0
1 687.0 557.0
1 708.0 557.0
1 727.0 557.0
1 732.0 558.0
1 647.0 560.0
1 749.0 560.0
1 992.0 560.0
1 595.0 562.0
1 878.0 562.0
1 1050.0 562.0
1 667.0 563.0
1 964.0 563.0
1 695.0 565.0
1 991.0 565.0
1 601.0 568.0
1 681.0 569.0
1 700.0 571.0
1 641.0 572.0
1 663.0 572.0
1 843.0 573.0
1 830.0 575.0
1 1033.0 575.0
1 886.0 577.0
1 921.0 577.0
1 789.0 579.0
1 823.0 579.0
1 622.0 580.0
1 709.0 580.0
1 953.0 580.0
1 989.0 580.0
1 582.0 581.0
1 759.0 581.0
1 1048.0 581.0
1 917.0 582.0
1 689.0 583.0
1 556.0 584.0
1 590.0 584.0
1 935.0 585.0
1 952.0 585.0
1 1048.0 586.0
1 646.0 587.0
1 867.0 587.0
1 715.0 588.0
1 848.0 588.0
1 991.0 589.0
1 1072.0 590.0
1 673.0 591.0
1 951.0 591.0
1 615.0 592.0
1 578.0 594.0
1 828.0 594.0
1 587.0 596.0
1 637.0 596.0
1 679.0 596.0
1 719.0 596.0
1 942.0 598.0
1 947.0 598.0
1 999.0 598.0
1 850.0 599.0
1 1040.0 599.0
1 662.0 600.0
1 688.0 600.0
1 700.0 601.0
1 1004.0 601.0
1 578.0 602.0
1 1009.0 603.0
1 1032.0 603.0
1 731.0 604.0
1 1016.0 605.0
1 1024.0 605.0
1 675.0 607.0
1 723.0 607.0
1 652.0 608.0
1 665.0 610.0
1 568.0 611.0
1 576.0 611.0
1 586.0 612.0
1 704.0 613.0
1 1072.0 613.0
1 1034.0 614.0
1 674.0 616.0
1 689.0 616.0
1 713.0 618.0
1 623.0 622.0
1 740.0 624.0
1 635.0 625.0
1 660.0 625.0
1 553.0 626.0
1 1025.0 628.0
1 676.0 629.0
1 740.0 629.0
1 677.0 634.0
1 586.0 635.0
1 580.0 636.0
1 680.0 639.0
1 554.0 641.0
1 637.0 641.0
1 1047.0 645.0
1 555.0 646.0
1 639.0 646.0
1 650.0 648.0
1 617.0 650.0
1 692.0 651.0
1 898.0 651.0
1 833.0 653.0
1 582.0 654.0
1 840.0 654.0
1 702.0 656.0
1 740.0 657.0
1 591.0 658.0
1 684.0 659.0
1 709.0 659.0
1 715.0 659.0
1 721.0 660.0
1 728.0 661.0
1 582.0 662.0
1 740.0 662.0
1 659.0 664.0
1 693.0 664.0
1 673.0 665.0
1 831.0 665.0
1 559.0 666.0
1 1031.0 666.0
1 706.0 667.0
1 727.0 668.0
1 596.0 671.0
1 587.0 674.0
1 848.0 675.0
1 581.0 676.0
1 639.0 676.0
1 691.0 678.0
1 676.0 679.0
1 745.0 679.0
1 653.0 680.0
1 732.0 680.0
1 845.0 682.0
1 843.0 687.0
1 894.0 687.0
1 639.0 688.0
1 701.0 688.0
1 586.0 689.0
1 607.0 690.0
1 651.0 690.0
1 1071.0 691.0
1 715.0 692.0
1 589.0 694.0
1 572.0 696.0
1 709.0 696.0
1 727.0 696.0
1 862.0 696.0
1 1072.0 696.0
1 600.0 698.0
1 703.0 698.0
1 770.0 699.0
1 734.0 700.0
1 835.0 700.0
1 1063.0 700.0
1 696.0 701.0
1 861.0 701.0
1 595.0 702.0
1 668.0 702.0
1 604.0 703.0
1 673.0 703.0
1 678.0 703.0
1 724.0 703.0
1 609.0 704.0
1 769.0 704.0
1 860.0 706.0
1 1058.0 707.0
1 1071.0 708.0
1 614.0 709.0
1 719.0 709.0
1 729.0 709.0
1 767.0 709.0
1 622.0 710.0
1 827.0 710.0
1 628.0 714.0
1 725.0 714.0
1 614.0 715.0
1 585.0 716.0
1 713.0 716.0
1 886.0 716.0
1 1071.0 716.0
1 311.0 718.0
1 893.0 718.0
1 725.0 719.0
1 987.0 719.0
1 636.0 720.0
1 1039.0 720.0
1 1060.0 720.0
1 618.0 721.0
1 809.0 721.0
1 1072.0 721.0
1 623.0 722.0
1 641.0 723.0
1 734.0 724.0
1 760.0 724.0
1 632.0 725.0
1 718.0 725.0
1 646.0 726.0
1 1072.0 726.0
1 626.0 729.0
1 638.0 729.0
1 699.0 729.0
1 863.0 729.0
1 585.0 730.0
1 666.0 731.0
1 729.0 731.0
1 684.0 732.0
1 689.0 732.0
1 1066.0 732.0
1 671.0 733.0
1 97.0 734.0
1 584.0 736.0
1 884.0 736.0
1 993.0 736.0
1 636.0 737.0
1 1040.0 737.0
1 700.0 738.0
1 692.0 740.0
1 584.0 741.0
1 1071.0 741.0
1 1436.0 741.0
1 1456.0 741.0
1 311.0 742.0
1 647.0 742.0
1 722.0 742.0
1 1282.0 742.0
1 248.0 743.0
1 682.0 743.0
1 662.0 746.0
1 745.0 746.0
1 584.0 748.0
1 992.0 749.0
1 395.0 751.0
1 1071.0 752.0
1 113.0 755.0
1 990.0 755.0
1 1039.0 756.0
1 738.0 762.0
1 720.0 763.0
1 655.0 766.0
1 992.0 766.0
1 1069.0 771.0
1 585.0 775.0
1 360.0 781.0
1 993.0 781.0
1 1006.0 783.0
1 1067.0 786.0
1 586.0 792.0
1 585.0 799.0
1 1066.0 802.0
1 251.0 807.0
1 585.0 814.0
1 1068.0 816.0
1 1064.0 826.0
1 729.0 830.0
1 935.0 834.0
1 980.0 836.0
1 694.0 843.0
1 1065.0 846.0
1 573.0 850.0
1 23.0 857.0
1 527.0 863.0
1 1064.0 864.0
1 359.0 865.0
1 364.0 866.0
1 1360.0 867.0
1 288.0 868.0
1 889.0 870.0
1 543.0 875.0
1 680.0 878.0
1 902.0 879.0
1 114.0 880.0
1 367.0 880.0
1 729.0 891.0
1 859.0 896.0
1 1064.0 901.0
1 733.0 907.0
1 814.0 910.0
1 744.0 916.0
1 735.0 917.0
1 734.0 922.0
1 691.0 926.0
1 717.0 926.0
1 736.0 931.0
1 847.0 945.0
1 842.0 954.0
1 751.0 959.0
