0 0 5 464.64687140093366
0 4 13 232.56318073358688
0 9 14 229.2665811807726
0 1 20 215.40231934866836
0 10 31 265.55343642093595
0 8 34 145.6299806578585
0 11 35 242.9117295014285
0 19 36 496.4580363424383
0 7 41 158.9019361218084
0 2 48 232.8092844429492
0 12 52 161.56690822584255
0 16 76 154.45770503128657
0 13 81 262.3545600308748
0 20 90 225.8753533337996
0 18 94 302.21858587048575
0 76 95 286.1814778642918
0 25 96 417.854305790347
0 32 97 144.5589054230562
0 29 102 217.17539188670006
0 23 105 371.6937280454117
0 26 108 204.93997059759442
0 24 110 428.7031417809362
0 44 111 179.08268193384603
0 34 113 143.2719416227941
0 31 115 144.04546616357436
0 59 116 408.227663376255
0 48 117 237.34918734379374
0 43 120 232.5330264164207
0 35 122 192.3437245987913
0 45 124 128.9217563286458
0 56 130 148.29691883683392
0 42 133 216.3625471026111
0 39 138 115.85128606944373
0 62 140 205.55851140895086
0 49 141 216.3303523230392
0 61 142 147.2856534980397
0 51 144 183.12871107296084
0 46 145 149.13426880392512
0 58 147 251.33991799386078
0 63 148 283.1993399246342
0 68 149 256.8795545600204
0 107 151 261.7023364163074
0 60 154 127.12931279902226
0 65 157 332.1622111498511
0 54 162 203.04649326023093
0 83 164 137.66775913794194
0 53 166 153.6011625087983
0 81 167 198.32438912926347
0 50 169 115.68551074354065
0 69 172 313.3846120367318
0 150 174 389.707822778021
0 64 178 175.24722524446764
0 95 183 136.7772906803256
0 85 184 464.76165412518446
0 90 185 395.9973554883177
0 70 188 257.3709551021022
0 96 190 177.21156435014407
0 84 194 391.886601245626
0 71 196 368.25012327341767
0 74 197 402.22957994018185
0 101 198 165.49925937149564
0 119 199 346.0307115060485
0 100 200 228.179871753329
0 79 202 360.003111389348
0 93 203 429.9765421432839
0 91 205 189.3485183389867
0 98 207 229.38379994522862
0 87 208 317.6046740689544
0 122 211 304.4289146224614
0 88 212 376.01205320848317
0 82 213 366.88583605354273
0 141 214 420.7345719895245
0 106 215 245.89981950186032
0 77 219 162.47119603969333
0 92 220 219.56842932724808
0 103 222 264.91701889528645
0 130 223 232.7839755888691
0 126 224 234.3447284324297
0 108 225 306.7958043923516
0 144 229 258.7999807487502
0 104 232 318.689652853667
0 114 234 271.445680013073
0 112 235 170.8588272291917
0 111 239 267.16926604083795
0 117 241 227.2334965789792
0 109 242 400.4158285248511
0 148 251 157.9076977058548
0 115 252 157.5066632243528
0 120 255 305.24874805412566
0 136 258 219.7332940768842
0 129 259 488.2468389647217
0 133 260 385.2102034272636
0 116 262 146.80135198655714
0 153 264 408.93333682698676
0 147 266 355.9304500870032
0 161 267 397.1978463474699
0 132 268 129.7100445324097
0 149 269 282.8158024181898
0 137 270 165.2546540743657
0 134 271 159.79687380495585
0 135 273 125.66139345508583
0 142 275 162.192620325953
0 140 276 139.36149384427515
0 145 278 392.6272584932898
0 146 279 277.0234259861867
0 164 285 171.8544419709096
0 154 290 266.176659572733
0 157 291 259.0538318419954
0 159 294 345.60526956276874
0 163 297 155.03642897954592
0 156 299 366.25098577267386
0 152 300 337.8292960094189
0 166 302 307.81451116567763
0 191 303 293.73406615628176
0 169 307 326.76407137298645
0 179 312 117.20739937545615
0 187 318 196.9375935256646
0 184 320 151.99368079708637
0 190 326 265.30183803402434
0 201 329 213.71299543498003
0 186 330 391.3667158288968
0 213 331 154.8074251613037
0 225 333 287.37281899565204
0 193 334 137.35610624644988
0 182 335 315.87895949752226
0 217 342 319.5351002226832
0 185 343 243.25226865306354
0 181 344 354.9389659661136
0 205 350 224.80858118025196
0 209 355 187.901250579449
0 231 358 470.5833382769613
0 216 362 318.4277762166913
0 239 363 208.4678974816366
0 230 364 307.7599092709713
0 219 373 256.59699442634826
0 247 375 350.7706788591204
0 264 379 472.50353239509764
0 234 380 183.94016983630556
0 267 383 423.01860241768264
0 255 384 276.0808185459679
0 228 385 312.4779769374219
0 254 386 418.3898383227265
0 246 390 344.10951554036365
0 252 391 429.9642555328963
0 240 392 258.4541828962286
0 245 395 263.37835972041154
0 250 396 292.80048531269404
0 271 397 435.99445613042553
0 274 403 281.2252189914509
0 284 404 175.6464611101526
0 263 406 342.33868157943897
0 275 408 310.1876003469945
0 291 412 215.07799505584657
0 276 415 300.93013244557966
0 256 416 377.75776845460405
0 277 417 325.8252461500651
0 262 418 212.76249077411222
0 300 419 198.16814061453186
0 289 420 434.3095745816844
0 290 421 355.2467675490692
0 293 423 309.78438531016445
0 283 425 290.15143385485953
0 305 427 229.12209959834158
0 272 428 288.31381722356014
0 280 435 141.92278407010218
0 279 436 440.43768078694444
0 339 437 212.73997688002586
0 333 438 171.9710040345065
0 304 439 286.13291407962345
0 307 440 211.717865756928
0 299 441 268.8328770187544
0 282 442 244.69202921273393
0 331 445 228.48188834165643
0 328 447 295.04912292734485
0 297 448 172.0102870608345
0 351 449 143.18403849234448
0 295 451 442.67583370542434
0 281 455 386.9119052807941
0 345 456 208.76353836265272
0 335 457 299.9880020648607
0 326 458 142.92148645291786
0 365 459 220.25065611913678
0 348 462 138.7310944416904
0 344 463 182.59472503179612
0 371 465 217.39131448850335
0 357 468 378.8404407246085
0 321 469 387.5319209631697
0 323 470 474.24520171061886
0 308 471 286.2046918063639
0 370 478 154.63935124018667
0 347 479 372.92617914963387
0 355 480 287.44024623907774
0 380 481 137.77408494368802
0 340 483 118.02791450518856
0 369 484 120.24624037341864
0 361 487 228.37601858075055
0 315 488 211.27252942801314
0 396 490 453.91365281206674
0 360 491 198.8002699771733
0 342 495 411.33801861662437
0 364 496 198.4310934220295
0 332 497 488.3958642482499
0 337 498 421.3561556398324
0 363 499 197.79410013626241
0 327 504 210.93933368822618
0 378 506 201.3166711144475
0 354 510 314.24471869353647
0 395 511 106.77378231755503
0 397 513 157.6254474115871
0 362 514 339.61240110791124
0 372 517 439.2313328105142
0 404 518 213.6029607889496
0 422 519 265.16120303908093
0 352 521 171.61877166240976
0 373 522 355.7539551062822
0 403 523 140.19195781310046
0 387 525 130.14756590647772
0 374 529 359.526537697084
0 406 530 136.7558286561274
0 391 531 436.5744607879108
0 417 536 163.27822087131463
0 416 539 123.07150599379935
0 441 540 394.08881435923985
0 379 541 131.70858463256863
0 413 542 109.39193680243733
0 394 543 124.41178056200893
0 382 544 116.01087861983059
0 393 545 353.93977341985976
0 440 548 175.2213267416344
0 445 549 285.3736855408559
0 407 550 324.3878748904067
0 419 551 252.51622701032431
0 405 552 159.32575976715967
0 444 553 208.97268088244698
0 398 555 135.25258338621126
0 381 556 279.0574542909376
0 402 558 124.30083808818482
0 446 560 187.13719142336654
0 450 561 242.1191393530897
0 452 562 258.1765525094832
0 423 564 138.659994895672
0 427 576 124.40235252890481
0 430 578 119.74569445292012
0 431 579 361.6979383569182
0 443 589 412.6983611581972
0 458 590 195.27870884222762
0 455 591 126.59275280346102
0 456 593 234.65156292964235
0 469 600 294.51664878880996
0 531 605 423.3903167083839
0 471 612 306.8353053394453
0 502 618 472.2710683366199
0 481 624 444.06398944021646
0 482 627 172.28486926614903
0 492 630 348.42684511518166
0 541 631 208.05676651059613
0 487 632 189.55123698186617
0 474 634 314.1698084959583
0 501 638 220.4982391713358
0 480 639 260.06873278386377
0 491 648 475.9760582330499
0 554 651 124.26338580592216
0 500 653 262.9993643388615
0 509 656 260.12427724267474
0 513 660 237.8731012896478
0 566 665 167.62059745578048
0 569 666 173.89945513172998
0 516 668 253.83959789250937
0 519 670 337.926601160199
0 525 673 367.04925905223007
0 514 674 472.3764817710694
0 579 675 296.8871753009755
0 523 677 392.5111970817401
0 515 679 425.92511917981335
0 577 683 165.71184802235328
0 581 684 241.14851737326427
0 530 692 248.45483724692423
0 558 700 261.6229819193667
0 538 701 212.72334744666165
0 537 703 304.349362519923
0 536 705 351.6358074954451
0 540 706 309.99597104659756
0 534 708 472.6410036075846
0 551 709 262.8113148863376
0 550 710 329.41360342662705
0 562 719 149.70510428315987
0 568 722 241.96033081379298
0 600 731 351.5466165200057
0 571 732 229.62150440592652
0 589 733 109.00183618658441
0 585 738 300.36443581912124
0 597 746 108.55093708332298
0 620 749 114.06610690665227
0 601 762 386.348889949209
0 614 773 486.4008683609253
0 630 774 472.5630235532045
0 609 778 161.03235991771206
0 629 789 242.224445628336
0 624 803 217.28270859476933
0 619 804 173.4905472291092
0 612 814 263.9592145233754
0 623 820 189.84964196993428
0 633 826 259.0399925764544

0 820.0 310.0
0 827.0 310.0
0 832.0 313.0
0 884.0 319.0
0 822.0 320.0
0 893.0 320.0
0 898.0 321.0
0 845.0 325.0
0 792.0 327.0
0 868.0 329.0
0 802.0 330.0
0 725.0 335.0
0 852.0 335.0
0 860.0 336.0
0 898.0 336.0
0 700.0 337.0
0 792.0 337.0
0 818.0 338.0
0 759.0 339.0
0 764.0 339.0
0 871.0 339.0
0 623.0 340.0
0 628.0 340.0
0 662.0 340.0
0 724.0 340.0
0 615.0 341.0
0 642.0 341.0
0 831.0 341.0
0 747.0 343.0
0 841.0 343.0
0 676.0 344.0
0 903.0 345.0
0 700.0 346.0
0 756.0 346.0
0 884.0 347.0
0 914.0 347.0
0 600.0 348.0
0 635.0 348.0
0 692.0 348.0
0 730.0 349.0
0 860.0 349.0
0 873.0 349.0
0 645.0 351.0
0 709.0 351.0
0 721.0 351.0
0 685.0 352.0
0 773.0 352.0
0 675.0 355.0
0 851.0 355.0
0 612.0 356.0
0 637.0 356.0
0 625.0 357.0
0 899.0 357.0
0 744.0 358.0
0 598.0 360.0
0 649.0 360.0
0 706.0 360.0
0 660.0 361.0
0 684.0 361.0
0 739.0 361.0
0 586.0 364.0
0 725.0 364.0
0 716.0 365.0
0 621.0 366.0
0 636.0 366.0
0 736.0 366.0
0 669.0 368.0
0 599.0 369.0
0 648.0 369.0
0 658.0 370.0
0 684.0 373.0
0 612.0 375.0
0 727.0 377.0
0 559.0 378.0
0 685.0 378.0
0 690.0 379.0
0 885.0 379.0
0 621.0 380.0
0 680.0 380.0
0 932.0 380.0
0 567.0 381.0
0 873.0 382.0
0 668.0 383.0
0 704.0 383.0
0 995.0 383.0
0 577.0 384.0
0 719.0 384.0
0 989.0 384.0
0 647.0 385.0
0 560.0 386.0
0 884.0 386.0
0 600.0 387.0
0 987.0 389.0
0 1066.0 389.0
0 865.0 391.0
0 621.0 392.0
0 1006.0 392.0
0 893.0 393.0
0 1059.0 393.0
0 576.0 394.0
0 658.0 395.0
0 1081.0 395.0
0 708.0 396.0
0 981.0 396.0
0 690.0 397.0
0 862.0 400.0
0 990.0 400.0
0 559.0 401.0
0 1064.0 401.0
0 943.0 403.0
0 953.0 405.0
0 705.0 406.0
0 691.0 407.0
0 871.0 407.0
0 891.0 407.0
0 1074.0 407.0
0 658.0 408.0
0 980.0 408.0
0 971.0 410.0
0 686.0 411.0
0 1012.0 411.0
0 615.0 413.0
0 861.0 413.0
0 934.0 413.0
0 878.0 414.0
0 1090.0 414.0
0 629.0 415.0
0 589.0 416.0
0 624.0 416.0
0 966.0 416.0
0 697.0 417.0
0 955.0 417.0
0 608.0 418.0
0 1011.0 418.0
0 562.0 419.0
0 972.0 420.0
0 577.0 421.0
0 927.0 421.0
0 850.0 422.0
0 635.0 423.0
0 714.0 423.0
0 1079.0 423.0
0 708.0 424.0
0 719.0 424.0
0 872.0 424.0
0 863.0 425.0
0 943.0 425.0
0 985.0 425.0
0 728.0 426.0
0 650.0 427.0
0 739.0 428.0
0 952.0 428.0
0 571.0 429.0
0 665.0 429.0
0 882.0 429.0
0 1086.0 429.0
0 1095.0 429.0
0 750.0 430.0
0 1000.0 430.0
0 578.0 431.0
0 689.0 431.0
0 980.0 431.0
0 1009.0 431.0
0 607.0 432.0
0 706.0 432.0
0 759.0 432.0
0 869.0 432.0
0 875.0 432.0
0 615.0 433.0
0 843.0 433.0
0 1074.0 433.0
0 621.0 434.0
0 771.0 434.0
0 929.0 434.0
0 556.0 435.0
0 643.0 435.0
0 779.0 435.0
0 1016.0 435.0
0 1021.0 435.0
0 588.0 436.0
0 633.0 437.0
0 962.0 437.0
0 656.0 438.0
0 713.0 439.0
0 1011.0 439.0
0 1095.0 439.0
0 572.0 440.0
0 687.0 440.0
0 799.0 440.0
0 952.0 440.0
0 728.0 441.0
0 805.0 441.0
0 996.0 441.0
0 1001.0 441.0
0 1006.0 441.0
0 766.0 442.0
0 1072.0 442.0
0 814.0 443.0
0 879.0 443.0
0 699.0 444.0
0 747.0 444.0
0 821.0 444.0
0 1066.0 444.0
0 1080.0 444.0
0 1111.0 444.0
0 787.0 445.0
0 826.0 445.0
0 978.0 445.0
0 1017.0 445.0
0 1059.0 445.0
0 677.0 446.0
0 901.0 446.0
0 1035.0 446.0
0 1051.0 446.0
0 641.0 447.0
0 757.0 447.0
0 831.0 447.0
0 586.0 448.0
0 766.0 449.0
0 839.0 449.0
0 1006.0 449.0
0 771.0 450.0
0 992.0 450.0
0 706.0 451.0
0 922.0 451.0
0 780.0 452.0
0 785.0 452.0
0 830.0 452.0
0 554.0 453.0
0 695.0 453.0
0 619.0 454.0
0 800.0 454.0
0 1068.0 454.0
0 671.0 456.0
0 807.0 456.0
0 1015.0 456.0
0 1095.0 456.0
0 1111.0 456.0
0 812.0 457.0
0 819.0 457.0
0 904.0 457.0
0 1001.0 457.0
0 1034.0 457.0
0 1052.0 457.0
0 566.0 458.0
0 832.0 458.0
0 960.0 458.0
0 575.0 459.0
0 648.0 459.0
0 653.0 461.0
0 686.0 461.0
0 708.0 462.0
0 840.0 462.0
0 925.0 462.0
0 658.0 463.0
0 829.0 463.0
0 1076.0 463.0
0 665.0 464.0
0 999.0 465.0
0 1031.0 465.0
0 1090.0 465.0
0 709.0 467.0
0 860.0 467.0
0 867.0 467.0
0 903.0 467.0
0 961.0 470.0
0 1088.0 470.0
0 1102.0 470.0
0 876.0 471.0
0 767.0 473.0
0 1042.0 474.0
0 845.0 475.0
0 1088.0 475.0
0 858.0 477.0
0 779.0 478.0
0 839.0 478.0
0 867.0 479.0
0 975.0 479.0
0 952.0 480.0
0 1020.0 480.0
0 675.0 481.0
0 738.0 481.0
0 908.0 481.0
0 584.0 482.0
0 751.0 482.0
0 887.0 482.0
0 760.0 483.0
0 919.0 483.0
0 1000.0 483.0
0 925.0 484.0
0 1029.0 484.0
0 1042.0 485.0
0 774.0 486.0
0 894.0 486.0
0 1063.0 486.0
0 1089.0 486.0
0 1105.0 486.0
0 865.0 487.0
0 697.0 488.0
0 941.0 488.0
0 968.0 488.0
0 631.0 489.0
0 723.0 489.0
0 1015.0 489.0
0 706.0 490.0
0 734.0 490.0
0 788.0 490.0
0 755.0 491.0
0 780.0 491.0
0 663.0 492.0
0 687.0 492.0
0 743.0 492.0
0 844.0 492.0
0 984.0 492.0
0 650.0 494.0
0 677.0 494.0
0 771.0 494.0
0 799.0 494.0
0 888.0 494.0
0 682.0 495.0
0 866.0 496.0
0 999.0 496.0
0 840.0 497.0
0 1004.0 497.0
0 634.0 498.0
0 671.0 498.0
0 807.0 498.0
0 938.0 498.0
0 642.0 499.0
0 853.0 499.0
0 786.0 500.0
0 895.0 501.0
0 980.0 501.0
0 825.0 502.0
0 875.0 502.0
0 968.0 502.0
0 1000.0 502.0
0 815.0 503.0
0 848.0 503.0
0 687.0 505.0
0 820.0 505.0
0 661.0 506.0
0 802.0 508.0
0 936.0 508.0
0 954.0 508.0
0 910.0 509.0
0 959.0 509.0
0 729.0 510.0
0 793.0 510.0
0 918.0 510.0
0 931.0 510.0
0 1012.0 510.0
0 652.0 511.0
0 682.0 512.0
0 687.0 512.0
0 968.0 512.0
0 692.0 513.0
0 700.0 513.0
0 674.0 514.0
0 1000.0 514.0
0 634.0 515.0
0 709.0 515.0
0 738.0 515.0
0 863.0 515.0
0 924.0 515.0
0 666.0 516.0
0 842.0 516.0
0 714.0 517.0
0 719.0 517.0
0 911.0 517.0
0 748.0 518.0
0 571.0 519.0
0 727.0 519.0
0 976.0 519.0
0 876.0 520.0
0 992.0 521.0
0 682.0 522.0
0 737.0 522.0
0 809.0 522.0
0 757.0 523.0
0 823.0 523.0
0 916.0 523.0
0 656.0 524.0
0 833.0 524.0
0 897.0 524.0
0 697.0 525.0
0 851.0 525.0
0 1012.0 525.0
0 651.0 526.0
0 745.0 526.0
0 984.0 527.0
0 917.0 528.0
0 1005.0 528.0
0 673.0 529.0
0 711.0 530.0
0 818.0 530.0
0 845.0 530.0
0 856.0 530.0
0 648.0 531.0
0 688.0 531.0
0 724.0 531.0
0 755.0 531.0
0 1025.0 531.0
0 988.0 532.0
0 1030.0 532.0
0 1095.0 532.0
0 916.0 533.0
0 701.0 534.0
0 1086.0 534.0
0 765.0 535.0
0 860.0 535.0
0 1011.0 535.0
0 1058.0 535.0
0 998.0 536.0
0 1053.0 536.0
0 717.0 537.0
0 736.0 538.0
0 916.0 538.0
0 827.0 539.0
0 1067.0 540.0
0 778.0 541.0
0 730.0 543.0
0 763.0 543.0
0 916.0 543.0
0 704.0 544.0
0 858.0 544.0
0 991.0 544.0
0 1047.0 544.0
0 751.0 545.0
0 1072.0 545.0
0 1012.0 546.0
0 1086.0 546.0
0 676.0 548.0
0 742.0 548.0
0 764.0 548.0
0 836.0 548.0
0 574.0 549.0
0 1059.0 549.0
0 1073.0 550.0
0 871.0 551.0
0 919.0 551.0
0 992.0 551.0
0 776.0 552.0
0 764.0 553.0
0 791.0 555.0
0 1044.0 555.0
0 920.0 556.0
0 992.0 556.0
0 842.0 557.0
0 1072.0 559.0
0 606.0 560.0
0 651.0 560.0
0 759.0 560.0
0 772.0 560.0
0 673.0 562.0
0 678.0 562.0
0 875.0 562.0
0 990.0 562.0
0 862.0 564.0
0 1083.0 564.0
0 602.0 565.0
0 767.0 565.0
0 1060.0 565.0
0 929.0 566.0
0 781.0 568.0
0 1072.0 568.0
0 626.0 569.0
0 986.0 569.0
0 1008.0 569.0
0 831.0 571.0
0 882.0 571.0
0 657.0 572.0
0 675.0 572.0
0 708.0 572.0
0 776.0 572.0
0 1092.0 572.0
0 665.0 573.0
0 938.0 573.0
0 1064.0 573.0
0 810.0 574.0
0 982.0 574.0
0 1085.0 574.0
0 790.0 575.0
0 855.0 575.0
0 1036.0 575.0
0 575.0 576.0
0 614.0 576.0
0 977.0 576.0
0 643.0 577.0
0 694.0 577.0
0 1092.0 577.0
0 950.0 578.0
0 595.0 579.0
0 665.0 579.0
0 670.0 579.0
0 704.0 579.0
0 967.0 579.0
0 677.0 580.0
0 784.0 580.0
0 962.0 580.0
0 577.0 581.0
0 689.0 581.0
0 726.0 581.0
0 800.0 581.0
0 654.0 582.0
0 607.0 583.0
0 1030.0 583.0
0 761.0 584.0
0 766.0 584.0
0 1091.0 584.0
0 883.0 585.0
0 924.0 585.0
0 803.0 586.0
0 1069.0 586.0
0 720.0 587.0
0 632.0 588.0
0 685.0 590.0
0 698.0 590.0
0 1028.0 591.0
0 1088.0 591.0
0 672.0 592.0
0 638.0 593.0
0 713.0 593.0
0 944.0 593.0
0 591.0 594.0
0 874.0 594.0
0 731.0 595.0
0 746.0 595.0
0 792.0 595.0
0 811.0 595.0
0 960.0 595.0
0 828.0 596.0
0 1089.0 596.0
0 696.0 598.0
0 610.0 599.0
0 660.0 599.0
0 1029.0 599.0
0 797.0 600.0
0 781.0 601.0
0 976.0 601.0
0 1086.0 602.0
0 616.0 603.0
0 995.0 603.0
0 868.0 604.0
0 625.0 606.0
0 740.0 606.0
0 710.0 607.0
0 787.0 608.0
0 1034.0 608.0
0 1077.0 608.0
0 821.0 609.0
0 894.0 609.0
0 588.0 610.0
0 1039.0 612.0
0 337.0 613.0
0 613.0 613.0
0 650.0 613.0
0 750.0 613.0
0 622.0 615.0
0 671.0 615.0
0 1048.0 615.0
0 1056.0 615.0
0 1061.0 615.0
0 757.0 616.0
0 874.0 617.0
0 710.0 618.0
0 658.0 620.0
0 809.0 620.0
0 847.0 622.0
0 710.0 623.0
0 764.0 623.0
0 404.0 625.0
0 602.0 625.0
0 748.0 625.0
0 304.0 627.0
0 464.0 628.0
0 610.0 628.0
0 815.0 628.0
0 620.0 629.0
0 670.0 629.0
0 712.0 631.0
0 1053.0 640.0
0 661.0 641.0
0 779.0 644.0
0 586.0 645.0
0 603.0 646.0
0 721.0 646.0
0 335.0 647.0
0 622.0 647.0
0 673.0 647.0
0 686.0 649.0
0 614.0 650.0
0 774.0 654.0
0 676.0 655.0
0 711.0 655.0
0 736.0 655.0
0 779.0 655.0
0 784.0 655.0
0 703.0 656.0
0 614.0 659.0
0 653.0 660.0
0 1056.0 661.0
0 326.0 662.0
0 721.0 663.0
0 777.0 663.0
0 1078.0 664.0
0 617.0 666.0
0 735.0 668.0
0 741.0 669.0
0 755.0 669.0
0 760.0 669.0
0 746.0 670.0
0 679.0 671.0
0 1449.0 672.0
0 617.0 673.0
0 721.0 673.0
0 186.0 674.0
0 593.0 675.0
0 883.0 677.0
0 733.0 678.0
0 522.0 680.0
0 595.0 680.0
0 769.0 680.0
0 789.0 680.0
0 878.0 681.0
0 628.0 682.0
0 633.0 682.0
0 623.0 684.0
0 618.0 687.0
0 778.0 688.0
0 875.0 688.0
0 905.0 688.0
0 685.0 690.0
0 795.0 690.0
0 735.0 691.0
0 740.0 691.0
0 1072.0 691.0
0 767.0 693.0
0 690.0 694.0
0 724.0 694.0
0 758.0 695.0
0 1072.0 696.0
0 676.0 697.0
0 623.0 698.0
0 645.0 699.0
0 774.0 699.0
0 606.0 701.0
0 553.0 702.0
0 724.0 702.0
0 738.0 702.0
0 795.0 702.0
0 895.0 703.0
0 782.0 704.0
0 643.0 705.0
0 383.0 707.0
0 715.0 709.0
0 634.0 711.0
0 614.0 712.0
0 647.0 713.0
0 793.0 714.0
0 719.0 718.0
0 784.0 718.0
0 661.0 719.0
0 747.0 719.0
0 856.0 719.0
0 1013.0 719.0
0 1058.0 719.0
0 654.0 720.0
0 737.0 720.0
0 620.0 721.0
0 742.0 721.0
0 792.0 721.0
0 662.0 724.0
0 654.0 725.0
0 667.0 726.0
0 1059.0 727.0
0 789.0 729.0
0 678.0 730.0
0 92.0 731.0
0 659.0 731.0
0 673.0 731.0
0 777.0 731.0
0 629.0 732.0
0 1009.0 732.0
0 1054.0 734.0
0 331.0 735.0
0 362.0 736.0
0 408.0 736.0
0 667.0 736.0
0 677.0 736.0
0 784.0 737.0
0 204.0 738.0
0 689.0 738.0
0 770.0 739.0
0 264.0 740.0
0 399.0 740.0
0 285.0 741.0
0 779.0 742.0
0 762.0 743.0
0 314.0 744.0
0 643.0 744.0
0 680.0 745.0
0 421.0 748.0
0 708.0 748.0
0 773.0 748.0
0 746.0 750.0
0 736.0 751.0
0 411.0 752.0
0 767.0 752.0
0 707.0 754.0
0 747.0 759.0
0 326.0 760.0
0 728.0 760.0
0 739.0 760.0
0 407.0 764.0
0 1088.0 765.0
0 1251.0 765.0
0 167.0 766.0
0 124.0 769.0
0 756.0 770.0
0 71.0 772.0
0 295.0 774.0
0 688.0 774.0
0 599.0 776.0
0 26.0 777.0
0 265.0 778.0
0 1343.0 780.0
0 368.0 781.0
0 93.0 782.0
0 257.0 782.0
0 718.0 782.0
0 1151.0 782.0
0 723.0 783.0
0 953.0 789.0
0 128.0 796.0
0 1190.0 801.0
0 492.0 806.0
0 37.0 809.0
0 717.0 819.0
0 1442.0 822.0
0 1083.0 828.0
0 634.0 843.0
0 1160.0 845.0
0 1468.0 851.0
0 1049.0 860.0
0 503.0 861.0
0 787.0 862.0
0 716.0 871.0
0 1334.0 878.0
0 1191.0 885.0
0 135.0 886.0
0 108.0 889.0
0 124.0 889.0
0 257.0 892.0
0 408.0 895.0
0 1356.0 895.0
0 236.0 899.0
0 389.0 899.0
0 434.0 899.0
0 540.0 899.0
0 556.0 899.0
0 325.0 900.0
0 726.0 901.0
0 758.0 901.0
0 1199.0 902.0
0 207.0 903.0
0 84.0 905.0
0 413.0 905.0
0 547.0 907.0
0 245.0 910.0
0 258.0 910.0
0 289.0 912.0
0 473.0 912.0
0 560.0 913.0
0 1175.0 913.0
0 1035.0 914.0
0 808.0 916.0
0 505.0 917.0
0 819.0 917.0
0 27.0 919.0
0 1237.0 919.0
0 215.0 920.0
0 875.0 921.0
0 423.0 923.0
0 441.0 923.0
0 812.0 924.0
0 301.0 925.0
0 489.0 925.0
0 263.0 927.0
0 984.0 927.0
0 360.0 930.0
0 810.0 935.0
0 208.0 938.0
0 368.0 938.0
0 318.0 940.0
0 169.0 941.0
0 963.0 942.0
0 446.0 943.0
0 245.0 944.0
0 633.0 944.0
0 714.0 945.0
0 358.0 946.0
0 1224.0 947.0
0 969.0 948.0
0 924.0 949.0
0 805.0 952.0
0 62.0 956.0
0 90.0 957.0
0 690.0 957.0
0 609.0 958.0
0 618.0 958.0
0 927.0 958.0
0 156.0 959.0
0 213.0 959.0
0 826.0 961.0
0 968.0 962.0
0 786.0 966.0
0 953.0 966.0
0 347.0 967.0
0 1207.0 967.0
0 925.0 968.0
0 368.0 976.0
0 543.0 976.0
0 581.0 976.0
0 290.0 982.0
0 1199.0 982.0
0 748.0 983.0
0 1151.0 987.0
0 907.0 989.0
1 828.0 286.0
1 782.0 289.0
1 739.0 290.0
1 728.0 291.0
1 776.0 291.0
1 679.0 292.0
1 771.0 296.0
1 783.0 299.0
1 802.0 302.0
1 830.0 302.0
1 836.0 309.0
1 846.0 313.0
1 818.0 314.0
1 766.0 321.0
1 755.0 322.0
1 635.0 324.0
1 784.0 324.0
1 968.0 324.0
1 746.0 326.0
1 606.0 327.0
1 784.0 330.0
1 794.0 330.0
1 823.0 330.0
1 738.0 331.0
1 881.0 331.0
1 892.0 331.0
1 952.0 333.0
1 975.0 333.0
1 871.0 335.0
1 620.0 336.0
1 783.0 336.0
1 965.0 336.0
1 794.0 338.0
1 864.0 338.0
1 749.0 339.0
1 731.0 340.0
1 740.0 341.0
1 772.0 341.0
1 590.0 342.0
1 713.0 342.0
1 914.0 343.0
1 945.0 343.0
1 887.0 344.0
1 893.0 344.0
1 612.0 346.0
1 760.0 347.0
1 730.0 348.0
1 983.0 350.0
1 867.0 351.0
1 968.0 351.0
1 708.0 352.0
1 747.0 352.0
1 592.0 354.0
1 737.0 356.0
1 888.0 358.0
1 971.0 358.0
1 608.0 359.0
1 934.0 359.0
1 874.0 360.0
1 589.0 361.0
1 760.0 361.0
1 616.0 362.0
1 623.0 362.0
1 629.0 362.0
1 906.0 362.0
1 647.0 363.0
1 863.0 363.0
1 991.0 363.0
1 559.0 364.0
1 659.0 364.0
1 676.0 365.0
1 963.0 365.0
1 970.0 365.0
1 681.0 366.0
1 686.0 366.0
1 853.0 366.0
1 590.0 367.0
1 702.0 368.0
1 875.0 368.0
1 953.0 368.0
1 726.0 369.0
1 750.0 369.0
1 936.0 369.0
1 613.0 370.0
1 884.0 370.0
1 890.0 370.0
1 895.0 370.0
1 900.0 370.0
1 910.0 370.0
1 917.0 370.0
1 982.0 373.0
1 673.0 375.0
1 883.0 375.0
1 954.0 375.0
1 560.0 376.0
1 617.0 376.0
1 627.0 376.0
1 777.0 376.0
1 863.0 377.0
1 602.0 378.0
1 638.0 378.0
1 752.0 378.0
1 809.0 378.0
1 874.0 378.0
1 936.0 378.0
1 990.0 378.0
1 647.0 379.0
1 852.0 379.0
1 663.0 380.0
1 910.0 380.0
1 916.0 380.0
1 686.0 381.0
1 897.0 381.0
1 1014.0 381.0
1 680.0 382.0
1 702.0 382.0
1 719.0 383.0
1 880.0 383.0
1 603.0 384.0
1 609.0 384.0
1 691.0 384.0
1 780.0 384.0
1 786.0 384.0
1 792.0 384.0
1 990.0 384.0
1 930.0 386.0
1 807.0 387.0
1 1015.0 388.0
1 609.0 389.0
1 914.0 389.0
1 614.0 390.0
1 626.0 391.0
1 735.0 391.0
1 951.0 393.0
1 706.0 395.0
1 717.0 395.0
1 877.0 395.0
1 905.0 395.0
1 1018.0 395.0
1 825.0 397.0
1 726.0 398.0
1 562.0 399.0
1 704.0 400.0
1 834.0 400.0
1 604.0 401.0
1 813.0 401.0
1 875.0 401.0
1 950.0 401.0
1 617.0 403.0
1 661.0 403.0
1 553.0 404.0
1 638.0 404.0
1 820.0 404.0
1 773.0 405.0
1 884.0 405.0
1 633.0 406.0
1 796.0 407.0
1 905.0 407.0
1 920.0 407.0
1 925.0 407.0
1 952.0 407.0
1 993.0 407.0
1 614.0 408.0
1 726.0 408.0
1 751.0 408.0
1 559.0 409.0
1 603.0 409.0
1 840.0 410.0
1 584.0 411.0
1 620.0 411.0
1 677.0 411.0
1 827.0 411.0
1 879.0 412.0
1 562.0 414.0
1 570.0 414.0
1 999.0 414.0
1 849.0 415.0
1 987.0 415.0
1 722.0 416.0
1 710.0 417.0
1 789.0 417.0
1 794.0 417.0
1 818.0 417.0
1 554.0 418.0
1 727.0 418.0
1 784.0 418.0
1 651.0 420.0
1 745.0 420.0
1 753.0 420.0
1 902.0 420.0
1 676.0 421.0
1 878.0 421.0
1 1018.0 422.0
1 736.0 423.0
1 641.0 424.0
1 855.0 424.0
1 832.0 425.0
1 850.0 425.0
1 860.0 425.0
1 543.0 426.0
1 587.0 426.0
1 714.0 426.0
1 837.0 426.0
1 988.0 426.0
1 665.0 427.0
1 776.0 427.0
1 843.0 427.0
1 1018.0 427.0
1 530.0 428.0
1 816.0 428.0
1 525.0 429.0
1 648.0 429.0
1 520.0 430.0
1 748.0 430.0
1 829.0 430.0
1 1007.0 430.0
1 615.0 432.0
1 667.0 432.0
1 653.0 433.0
1 819.0 433.0
1 514.0 434.0
1 602.0 434.0
1 638.0 434.0
1 998.0 434.0
1 1019.0 435.0
1 704.0 436.0
1 667.0 437.0
1 572.0 438.0
1 583.0 438.0
1 693.0 438.0
1 771.0 438.0
1 547.0 439.0
1 608.0 439.0
1 660.0 440.0
1 679.0 440.0
1 759.0 440.0
1 541.0 441.0
1 992.0 441.0
1 506.0 442.0
1 731.0 442.0
1 845.0 442.0
1 583.0 443.0
1 689.0 443.0
1 710.0 443.0
1 749.0 443.0
1 671.0 444.0
1 827.0 444.0
1 839.0 444.0
1 592.0 445.0
1 616.0 445.0
1 700.0 446.0
1 652.0 447.0
1 769.0 447.0
1 583.0 448.0
1 712.0 448.0
1 760.0 449.0
1 597.0 450.0
1 668.0 450.0
1 751.0 450.0
1 620.0 451.0
1 588.0 452.0
1 633.0 452.0
1 680.0 452.0
1 769.0 452.0
1 645.0 453.0
1 497.0 454.0
1 655.0 455.0
1 699.0 455.0
1 752.0 455.0
1 850.0 455.0
1 738.0 456.0
1 723.0 457.0
1 605.0 458.0
1 633.0 458.0
1 829.0 458.0
1 986.0 458.0
1 595.0 459.0
1 769.0 460.0
1 1018.0 461.0
1 489.0 462.0
1 684.0 462.0
1 542.0 463.0
1 619.0 463.0
1 712.0 463.0
1 902.0 463.0
1 970.0 463.0
1 609.0 465.0
1 952.0 465.0
1 484.0 466.0
1 638.0 466.0
1 600.0 467.0
1 926.0 467.0
1 699.0 468.0
1 770.0 468.0
1 999.0 468.0
1 523.0 469.0
1 535.0 470.0
1 690.0 470.0
1 638.0 471.0
1 830.0 471.0
1 934.0 471.0
1 481.0 472.0
1 552.0 472.0
1 717.0 472.0
1 725.0 472.0
1 921.0 472.0
1 628.0 473.0
1 772.0 473.0
1 519.0 474.0
1 543.0 474.0
1 644.0 475.0
1 864.0 475.0
1 849.0 476.0
1 479.0 477.0
1 526.0 477.0
1 509.0 478.0
1 544.0 479.0
1 732.0 479.0
1 987.0 479.0
1 1018.0 479.0
1 559.0 480.0
1 687.0 480.0
1 714.0 480.0
1 723.0 480.0
1 933.0 480.0
1 602.0 481.0
1 709.0 481.0
1 514.0 482.0
1 826.0 482.0
1 971.0 482.0
1 635.0 483.0
1 913.0 483.0
1 553.0 485.0
1 947.0 485.0
1 754.0 487.0
1 824.0 487.0
1 542.0 488.0
1 637.0 488.0
1 647.0 488.0
1 927.0 488.0
1 698.0 489.0
1 850.0 490.0
1 567.0 491.0
1 740.0 491.0
1 782.0 491.0
1 735.0 492.0
1 999.0 492.0
1 648.0 493.0
1 919.0 494.0
1 611.0 495.0
1 912.0 495.0
1 945.0 495.0
1 503.0 496.0
1 553.0 496.0
1 730.0 496.0
1 816.0 496.0
1 934.0 496.0
1 869.0 498.0
1 877.0 498.0
1 1017.0 498.0
1 792.0 499.0
1 811.0 500.0
1 573.0 501.0
1 800.0 501.0
1 806.0 501.0
1 956.0 501.0
1 717.0 503.0
1 542.0 504.0
1 615.0 505.0
1 898.0 505.0
1 923.0 505.0
1 932.0 505.0
1 563.0 506.0
1 571.0 506.0
1 637.0 506.0
1 959.0 506.0
1 602.0 509.0
1 851.0 510.0
1 895.0 510.0
1 493.0 511.0
1 958.0 511.0
1 530.0 512.0
1 500.0 514.0
1 999.0 515.0
1 1017.0 515.0
1 621.0 516.0
1 865.0 516.0
1 722.0 517.0
1 551.0 518.0
1 642.0 518.0
1 742.0 519.0
1 664.0 520.0
1 892.0 520.0
1 582.0 521.0
1 712.0 521.0
1 792.0 521.0
1 967.0 521.0
1 946.0 522.0
1 490.0 523.0
1 553.0 524.0
1 624.0 524.0
1 659.0 524.0
1 498.0 526.0
1 807.0 527.0
1 892.0 527.0
1 469.0 528.0
1 819.0 528.0
1 646.0 529.0
1 1017.0 529.0
1 773.0 530.0
1 563.0 531.0
1 569.0 531.0
1 753.0 532.0
1 850.0 532.0
1 534.0 533.0
1 557.0 533.0
1 833.0 533.0
1 893.0 533.0
1 627.0 534.0
1 743.0 534.0
1 1017.0 534.0
1 648.0 536.0
1 956.0 537.0
1 714.0 538.0
1 872.0 538.0
1 963.0 538.0
1 999.0 538.0
1 490.0 540.0
1 629.0 540.0
1 881.0 540.0
1 498.0 541.0
1 545.0 541.0
1 649.0 541.0
1 780.0 543.0
1 959.0 543.0
1 631.0 546.0
1 850.0 546.0
1 651.0 548.0
1 756.0 550.0
1 632.0 551.0
1 904.0 551.0
1 952.0 551.0
1 595.0 553.0
1 529.0 554.0
1 910.0 554.0
1 946.0 555.0
1 915.0 557.0
1 941.0 557.0
1 585.0 558.0
1 634.0 558.0
1 922.0 559.0
1 927.0 559.0
1 935.0 559.0
1 654.0 560.0
1 597.0 562.0
1 495.0 564.0
1 532.0 565.0
1 635.0 565.0
1 556.0 567.0
1 636.0 570.0
1 999.0 570.0
1 672.0 572.0
1 657.0 573.0
1 601.0 575.0
1 756.0 575.0
1 637.0 576.0
1 747.0 576.0
1 582.0 577.0
1 589.0 578.0
1 519.0 579.0
1 999.0 583.0
1 541.0 589.0
1 639.0 589.0
1 1015.0 589.0
1 574.0 590.0
1 590.0 590.0
1 603.0 593.0
1 1015.0 594.0
1 723.0 597.0
1 821.0 597.0
1 563.0 598.0
1 732.0 599.0
1 504.0 600.0
1 577.0 600.0
1 601.0 600.0
1 596.0 601.0
1 998.0 601.0
1 541.0 602.0
1 640.0 602.0
1 585.0 605.0
1 639.0 607.0
1 572.0 609.0
1 722.0 609.0
1 731.0 610.0
1 639.0 613.0
1 577.0 614.0
1 751.0 616.0
1 584.0 617.0
1 603.0 619.0
1 709.0 619.0
1 517.0 620.0
1 553.0 621.0
1 750.0 621.0
1 590.0 624.0
1 639.0 624.0
1 693.0 624.0
1 702.0 624.0
1 516.0 625.0
1 714.0 625.0
1 511.0 627.0
1 675.0 627.0
1 686.0 630.0
1 694.0 632.0
1 569.0 634.0
1 527.0 636.0
1 513.0 637.0
1 574.0 637.0
1 593.0 637.0
1 638.0 637.0
1 579.0 638.0
1 712.0 641.0
1 723.0 641.0
1 602.0 642.0
1 534.0 644.0
1 740.0 644.0
1 519.0 645.0
1 1015.0 653.0
1 593.0 655.0
1 526.0 656.0
1 715.0 656.0
1 547.0 657.0
1 1015.0 658.0
1 997.0 661.0
1 810.0 662.0
1 594.0 663.0
1 1014.0 663.0
1 582.0 665.0
1 559.0 666.0
1 537.0 667.0
1 631.0 667.0
1 574.0 668.0
1 824.0 668.0
1 871.0 668.0
1 985.0 668.0
1 792.0 669.0
1 829.0 669.0
1 1013.0 670.0
1 881.0 671.0
1 704.0 672.0
1 699.0 674.0
1 582.0 675.0
1 557.0 676.0
1 774.0 677.0
1 904.0 678.0
1 811.0 683.0
1 946.0 683.0
1 955.0 683.0
1 989.0 684.0
1 528.0 685.0
1 1014.0 686.0
1 559.0 687.0
1 880.0 688.0
1 580.0 690.0
1 646.0 692.0
1 540.0 693.0
1 1010.0 693.0
1 906.0 695.0
1 641.0 696.0
1 551.0 700.0
1 955.0 700.0
1 450.0 701.0
1 566.0 701.0
1 626.0 702.0
1 1014.0 704.0
1 905.0 708.0
1 23.0 712.0
1 529.0 714.0
1 902.0 714.0
1 1014.0 715.0
1 956.0 720.0
1 1013.0 720.0
1 951.0 721.0
1 518.0 722.0
1 946.0 722.0
1 1012.0 725.0
1 516.0 727.0
1 905.0 728.0
1 505.0 742.0
1 1009.0 744.0
1 805.0 745.0
1 900.0 745.0
1 851.0 753.0
1 1008.0 753.0
1 776.0 758.0
1 38.0 765.0
1 301.0 765.0
1 1008.0 766.0
1 582.0 770.0
1 239.0 772.0
1 442.0 777.0
1 1006.0 783.0
1 509.0 789.0
1 492.0 803.0
1 101.0 812.0
1 45.0 813.0
1 10.0 825.0
1 442.0 829.0
1 689.0 830.0
1 359.0 833.0
1 582.0 833.0
1 507.0 837.0
1 184.0 838.0
1 548.0 840.0
1 654.0 840.0
1 420.0 845.0
1 706.0 845.0
1 691.0 846.0
1 630.0 847.0
1 874.0 848.0
1 653.0 850.0
1 1007.0 855.0
1 111.0 858.0
1 232.0 858.0
1 650.0 859.0
1 701.0 859.0
1 67.0 861.0
1 533.0 864.0
1 910.0 864.0
1 184.0 868.0
1 765.0 874.0
1 928.0 888.0
1 664.0 891.0
1 510.0 895.0
1 464.0 912.0
1 992.0 981.0
