0 0 0 254.73408401257876
0 1 2 281.19154156832195
0 5 4 166.0655869952434
0 15 5 307.7280718141535
0 14 7 140.26022840628912
0 7 8 406.5653755892223
0 20 9 449.4726761062215
0 22 10 124.92772275561528
0 10 11 297.714088489702
0 35 12 455.54442451295427
0 46 13 170.41732661857554
0 42 14 122.06485353060967
0 4 15 137.8125179173681
0 30 16 170.0638727232697
0 34 17 189.33424427470752
0 28 18 327.01237103234354
0 53 20 121.93960037294416
0 3 22 320.6913402315076
0 16 24 178.4643899143016
0 50 27 190.7948389961116
0 26 28 137.099986500193
0 52 29 175.18105742548454
0 9 30 254.283847871194
0 55 31 137.6762320477289
0 21 32 147.03079097287963
0 43 33 339.0113209773714
0 64 35 185.8644262926368
0 11 36 190.04411386233718
0 6 37 487.9426394849926
0 31 38 203.50895281696518
0 32 39 437.4440165171644
0 63 40 212.3806703291744
0 67 41 138.01631231939936
0 8 42 359.13842138679547
0 39 43 213.44423079516463
0 41 44 223.31739259635904
0 19 47 332.9311434550215
0 74 48 107.69977000550273
0 25 49 129.77469910943384
0 27 51 171.34508191715284
0 73 52 111.3628467739441
0 60 53 254.5609282607015
0 59 56 146.0569781159371
0 45 57 161.6603947827639
0 47 58 146.5910825503287
0 29 60 292.9673718491614
0 36 63 179.29448416603327
0 58 66 140.23040385368282
0 57 68 197.0457263050485
0 62 69 138.35790569550238
0 51 71 161.46555752154475
0 86 76 199.22872153142296
0 66 77 144.1927270802092
0 69 78 276.6813801039838
0 80 79 256.3478744233985
0 89 81 147.826922868505
0 70 82 118.46257511318126
0 65 85 293.16497722264836
0 77 86 192.51824321246238
0 72 88 123.16373364029047
0 54 89 369.2835414841587
0 95 90 129.26554431481244
0 56 91 190.8385047244349
0 113 92 445.8247582085527
0 133 93 303.8252110287657
0 98 94 224.9892716755068
0 75 95 128.67363404039136
0 129 96 160.2338618298955
0 109 97 148.68529487954714
0 143 98 123.32728723523512
0 71 99 127.55016069577614
0 79 100 122.39036384347628
0 154 101 340.0572193581014
0 88 102 155.5501780779523
0 120 103 324.7362531799142
0 76 104 417.5338308609076
0 112 105 224.81576587194016
0 132 106 192.9323301180659
0 164 108 122.38574802501694
0 118 109 178.50931690236004
0 126 110 377.5026016675423
0 101 111 230.36120809490149
0 81 112 386.93644471402774
0 123 113 187.3818589175841
0 127 114 159.93356031525295
0 174 115 113.46862011165327
0 85 116 124.07811414344346
0 166 117 275.6594764509049
0 153 118 298.10644343708736
0 187 120 216.41815727155387
0 84 121 167.53861117602062
0 151 122 245.25074544917135
0 141 123 267.7905520808568
0 149 124 148.827584261435
0 87 126 159.83627305899367
0 162 129 206.3920811021739
0 161 131 173.69383441932425
0 204 133 150.0666109354279
0 82 134 202.2461242284169
0 183 135 161.5436506950707
0 83 136 137.60258650491716
0 156 137 132.71810892617268
0 168 138 133.0167674923479
0 220 141 123.652091994439
0 135 142 135.54847789268095
0 136 143 177.75251959389843
0 169 144 172.31749930132042
0 173 145 162.4296065946907
0 170 146 175.67811434061346
0 201 147 135.34257639351569
0 142 148 165.03581664921109
0 106 149 165.24755739242573
0 148 150 180.68468241820776
0 186 151 244.94757062354756
0 180 154 155.66875836812028
0 238 155 129.94008984702862
0 221 156 376.1219761069108
0 97 159 151.33001741125182
0 224 161 155.34738309188148
0 230 162 201.8206934581381
0 147 164 160.28627790571386
0 159 165 173.40006726310477
0 190 166 125.20354362436943
0 185 167 128.80021575696847
0 198 169 134.237992567358
0 233 170 144.18386682625203
0 167 172 195.3017138066418
0 192 173 104.74069629035291
0 92 174 135.5248270095556
0 172 176 192.24652707115263
0 242 177 234.82001306420565
0 244 178 181.55108881637182
0 100 179 120.61888474728883
0 116 180 134.35504960910447
0 219 181 122.00590336038053
0 122 182 147.146721732178
0 158 183 140.42425541032785
0 246 185 202.97263921221935
0 104 186 147.1120652086418
0 139 187 255.2194380483213
0 189 188 235.14674687837496
0 217 189 117.19600246417892
0 165 190 131.17114694114497
0 197 191 230.69273963867496
0 257 193 231.009766945719
0 259 196 277.50188663953213
0 206 197 223.4931623455703
0 218 198 117.05420153031554
0 179 200 158.4313487001988
0 209 201 207.9600561188673
0 266 202 309.93847402388974
0 252 203 182.0271423853375
0 182 205 255.76182336303947
0 229 207 364.1294662501995
0 268 208 157.17242052529033
0 276 209 282.7137440131371
0 227 211 241.4744997028565
0 275 212 178.9840616942447
0 134 214 203.6252399562752
0 188 215 177.96724498646833
0 222 216 242.47510171047023
0 124 217 181.36160305291526
0 203 218 209.0202208295057
0 228 219 125.76036366517516
0 283 220 131.6599852654464
0 258 222 255.25838511934435
0 176 223 115.9277110165355
0 239 224 106.13110695147587
0 211 225 223.1421958893792
0 215 226 285.47888820021893
0 121 228 121.31695133276637
0 226 231 198.00870273454322
0 302 232 170.92450352608117
0 235 234 221.80426729416754
0 304 235 312.8550109023262
0 270 236 224.80011678682672
0 289 237 181.68670930695703
0 241 239 161.07967018697272
0 250 240 111.49429809404823
0 292 241 162.60187563990286
0 312 242 237.00820582845924
0 131 244 183.9490234117812
0 243 245 183.74248740339186
0 280 246 127.56092539139115
0 184 250 236.59132375209802
0 202 251 166.75752384615805
0 256 252 123.47139058185282
0 265 253 111.06317140486848
0 254 255 125.3420096151332
0 329 256 179.3038926195441
0 317 259 214.6874966009637
0 318 260 358.01540767340674
0 208 261 265.3900310841012
0 274 262 161.20568810363076
0 277 263 225.71396071373772
0 279 264 165.4854489690558
0 315 265 162.32794059707894
0 380 266 170.4477118220125
0 361 267 120.58759623362138
0 291 268 117.2946197789727
0 360 270 113.85026992352377
0 300 271 159.97726763450856
0 401 272 231.89578549314746
0 303 273 161.07291208433557
0 253 274 176.7592172629066
0 297 275 115.83277737491937
0 307 276 157.71800023633423
0 350 277 124.67147368077663
0 332 278 121.63756257616296
0 364 279 123.92361168304593
0 260 281 223.78792162361466
0 298 282 190.50029272422472
0 325 285 167.23610140057062
0 272 286 284.03632137321677
0 349 289 154.1877136113823
0 400 290 192.80413262298848
0 286 292 270.0687670868371
0 338 293 216.3164339772437
0 420 295 245.0349513898073
0 357 296 296.19190771120066
0 328 297 124.36053401773121
0 249 298 322.79532496337646
0 389 299 187.6964371139446
0 379 300 122.29014411857729
0 214 301 205.89901615974134
0 299 302 320.4868234752955
0 393 303 297.49978034028237
0 282 304 225.10259431525657
0 305 306 299.88202027828413
0 295 307 156.03825487544677
0 311 308 329.5227853813342
0 231 309 275.45239645589254
0 267 310 304.07218037263544
0 285 311 299.77563127268013
0 331 312 137.83782340472047
0 296 316 434.3594988606527
0 320 317 176.86173916407682
0 281 319 292.61556788264136
0 356 320 129.06039213176373
0 341 326 155.93419711791734
0 415 327 179.52565047917653
0 344 329 134.72129464397202
0 330 330 252.28839333445111
0 367 331 184.71389697375656
0 442 332 292.5901542596633
0 386 333 196.14390513196668
0 378 334 107.66603487405379
0 439 336 214.50249346189426
0 370 338 120.16759786940013
0 313 339 420.4195157394362
0 388 340 280.8522484588856
0 248 341 464.49735600251694
0 382 342 178.42405844687244
0 438 343 237.11785872200392
0 447 344 193.80754905166984
0 409 345 167.7846935166057
0 366 348 280.8037844170384
0 469 351 386.6782228426695
0 464 355 202.0044016092477
0 335 356 485.2298409473385
0 473 359 291.57123712932986
0 417 363 115.35456236993815
0 437 364 239.51857058779228
0 314 365 465.49690468104563
0 399 366 244.57433396190234
0 476 373 200.88131846948056
0 431 374 186.17719019768683
0 488 375 358.7102206294955
0 385 376 302.38711883866245
0 416 378 156.75260838326486
0 430 380 109.61275189472713
0 446 381 232.35889368287496
0 346 382 346.211083482083
0 436 383 113.83393202185921
0 402 385 271.220697282186
0 433 386 190.58570753961982
0 499 390 162.0327650235479
0 468 391 192.99103144481325
0 502 392 162.98200479176663
0 408 393 335.6194651982579
0 451 395 130.94223419993546
0 457 396 296.23032039058745
0 345 398 354.2759524329894
0 435 400 216.4513974688401
0 443 401 400.4022825285376
0 500 402 243.77142389694924
0 528 403 203.08494614238896
0 512 404 154.9217279981798
0 529 405 326.9026166388893
0 483 406 257.936729520607
0 428 407 381.6371584286769
0 535 408 157.18365592090944
0 458 409 418.49537670459773
0 463 410 238.61390954548597
0 507 411 323.0558840780192
0 532 414 165.76510921069868
0 449 415 477.7498972902202
0 453 416 134.37728220980463
0 493 417 241.66986149716564
0 462 418 185.93338978016766
0 547 419 164.25025672032575
0 474 420 324.8093388694314
0 460 421 287.9883192603892
0 465 422 308.9790433983169
0 516 423 241.0617211789328
0 454 424 372.9529974569188
0 484 425 266.5064820826855
0 542 426 191.7016654531926
0 543 427 113.77342609237222
0 477 428 157.13374947281682
0 548 431 401.29948846156236
0 481 433 166.96488478207866
0 492 435 118.4711661262553
0 566 437 110.43021219020106
0 569 438 186.74639693845373
0 503 439 158.74615523124626
0 527 440 218.38946578904137
0 559 441 218.0939185312642
0 501 442 237.9553379593873
0 495 443 192.35086951746314
0 504 444 276.52785565685605
0 567 445 111.80915980933308
0 545 446 223.42390427879835
0 514 448 116.15440742387213
0 583 449 119.41759811360065
0 412 450 407.7418925218895
0 427 451 332.6197937256466
0 511 452 189.44190840985004
0 513 453 157.80006386413774
0 459 455 435.2327490462301
0 538 456 121.86566765756457
0 571 457 269.50710248174016
0 534 458 105.93407559265364
0 602 459 197.7820217195509
0 434 460 369.42515020295883
0 525 461 251.47239561283223
0 588 462 135.12300892040386
0 564 463 170.92140396010532
0 537 464 132.13905382976608
0 599 465 131.35585178596872
0 471 466 274.1676882251666
0 580 468 153.338807407402
0 554 469 288.43607493361685
0 526 470 319.84010678865565
0 482 471 304.8657414145973
0 491 472 284.9615382459592
0 546 474 142.16762802505886
0 586 477 265.5219158796822
0 608 478 186.3040057566164
0 558 479 173.7319475963179
0 619 481 117.48208538555538
0 561 482 132.5692139166409
0 563 483 173.59944190624364
0 598 484 137.5434178078598
0 470 486 265.72990044562283
0 521 489 423.6530559216349
0 587 496 373.6889149440454
0 568 498 136.27335154782426
0 610 499 271.3997491966658
0 562 503 216.318497907403
0 509 504 181.96015756156353
0 480 505 299.8937327717943
0 616 506 140.30090590217915
0 560 507 246.4406116913023
0 621 509 448.3719699637141
0 575 510 173.7049303009787
0 578 512 189.39890076221434
0 551 514 328.42598241454886
0 519 515 141.14712595946335
0 626 518 150.15565795917666
0 642 519 231.93847163680758
0 496 524 293.7566184998627
0 601 525 105.96332732059035
0 577 526 208.4548688345967
0 594 528 251.05304525278748
0 595 529 143.88763306990438
0 618 530 135.22672491246888
0 604 531 118.40288233945331
0 530 534 140.35229084080288
0 637 536 133.8315009946495
0 613 537 347.06730147631515
0 589 538 294.9828506172943
0 627 539 107.79795773143381
0 646 540 261.98214415656327
0 540 541 189.41299211660564
0 636 542 104.4358358768115
0 611 543 109.57141715156908
0 550 544 136.11689627290986
0 603 545 276.6813801039838
0 617 547 323.8773509617742
0 649 548 125.32275965574892
0 660 549 248.25577665938914
0 614 550 196.58566141839586
0 615 551 267.0433058380053
0 523 552 289.34909966971134
0 655 553 219.30423662696987
0 570 556 152.65595374212003
0 662 560 199.5782466437514
0 663 561 200.16419050632405
0 665 562 216.48029025043493
0 629 564 119.86537413490421
0 593 565 315.9167592558681
0 581 566 323.2888596077863
0 632 567 252.33146033617692
0 643 568 106.96829846531766
0 628 573 323.61493501214096
0 582 576 117.98115237206433
0 650 577 314.5939072849669
0 584 578 112.46052922196642
0 679 581 402.2719669478023
0 612 582 206.40192027467083
0 494 587 115.33828944045048
0 634 590 379.61783698908124
0 620 591 152.6202921153171
0 674 592 247.16484491073408
0 664 597 441.5667191892775
0 631 600 189.64544885041997
0 715 601 111.09325760610189
0 536 602 111.57247801697355
0 658 604 469.2180741023317
0 707 605 282.14058145739534
0 675 607 208.41650465536623
0 652 612 228.04314128678996
0 644 614 146.5518736901063
0 699 618 282.9279060847267
0 701 624 310.3096592325183
0 657 625 178.07828019588464
0 661 627 157.883683843711
0 693 629 474.48384072712713
0 711 630 311.2762002194323
0 703 631 255.4200861858517
0 700 633 323.2355428517593
0 731 636 352.5334720727407
0 740 641 311.91063300013656
0 718 645 422.38067622585305
0 654 646 247.25560059442566
0 709 649 472.46950140493584
0 710 650 324.61486220443874
0 722 651 186.6509518608728
0 680 653 222.39882753303658
0 704 655 288.66282200794694
0 739 659 344.87647036211666
0 708 660 279.2090615213111
0 730 664 288.6094157846176
0 755 665 124.04345553690487
0 760 666 129.5165967395155
0 702 667 189.6997000935766
0 695 669 144.07678729303237
0 742 671 271.76494619116863
0 714 674 255.0174962216035
0 764 675 192.79383012527703
0 717 679 166.81653479875186
0 721 680 322.1636398165859
0 745 681 214.80915751004858
0 768 684 148.89139153130654
0 656 685 136.300187691643
0 666 686 118.58420327772214
0 729 688 199.24107194283135
0 727 689 375.8408482240365
0 750 690 295.5499665381216
0 734 692 227.61728525958614
0 751 698 241.85453927678248
0 725 700 146.00350466557734
0 736 701 229.92093957064253
0 684 702 118.83960712954796
0 737 703 216.15703077218615
0 752 705 174.52171762027717
0 749 706 209.2192588231634
0 754 708 197.98678460832767
0 748 709 222.46692045540888
0 756 710 267.1686491332697
0 682 711 118.35439492879428
0 791 716 120.03697294362685
0 670 717 296.7310657525786
0 667 718 137.29003740669603
0 762 719 238.52153525877839
0 761 722 276.08858747050846
0 694 725 132.127773164964
0 822 726 106.97721989060753
0 697 729 130.2362192377464
0 766 730 237.92812187117983
0 790 731 106.6373168344767
0 816 735 107.1179015351623
0 777 738 106.45142398598821
0 899 739 115.88918575166436
0 818 740 104.93931493279673
0 946 743 123.39463637038949
0 836 744 105.28560572833676
0 944 748 126.20941737165971
0 918 749 119.70578598818898
0 773 751 136.15812285513343
0 783 758 106.5440051495077
0 795 759 416.38862901645615
0 798 760 370.9870501159969
0 819 762 119.8681745698837
0 827 763 159.21616963302648
0 802 768 131.12424481629398
0 778 770 111.96494581979448
0 779 771 174.69557264829643
0 807 773 112.20433298302117
0 941 774 124.46714141672601
0 904 775 155.7369053933455
0 844 776 141.69280564189722
0 803 777 122.98345502750068
0 848 778 131.63964454536574
0 865 782 104.9424197107312
0 796 784 124.96978402561545
0 785 786 107.10023200176546
0 806 787 128.24516594872875
0 908 789 113.34007766907649
0 789 790 116.37882752528816
0 870 791 118.91397506503078
0 782 792 124.01382118718958
0 800 793 139.2253404948083
0 793 794 119.35617502852254
0 906 796 185.14281426255576
0 813 797 109.41614322875924
0 833 799 225.28815954552454
0 854 800 129.61854072122978
0 927 803 140.3630702547569
0 919 804 107.89062114153072
0 888 805 123.82290415992958
0 780 806 165.6033032187352
0 787 807 193.76246946550913
0 863 808 113.44681430002453
0 846 810 201.9315952137881
0 928 811 120.58392139728637
0 786 812 345.63641956016954
0 794 813 114.80412145390221
0 903 814 148.50631672607315
0 898 816 112.76446074520507
0 823 818 489.89070675248865
0 934 820 118.99616673718016
0 842 822 230.75193049555804
0 859 823 107.15820632105839
0 817 824 106.02892807568409
0 915 826 104.58464062451007
0 957 828 115.77916435253938

0 820.0 310.0
0 827.0 310.0
0 832.0 313.0
0 884.0 319.0
0 822.0 320.0
0 893.0 320.0
0 898.0 321.0
0 845.0 325.0
0 792.0 327.0
0 868.0 329.0
0 802.0 330.0
0 725.0 335.0
0 852.0 335.0
0 860.0 336.0
0 898.0 336.0
0 700.0 337.0
0 792.0 337.0
0 818.0 338.0
0 759.0 339.0
0 764.0 339.0
0 871.0 339.0
0 623.0 340.0
0 628.0 340.0
0 662.0 340.0
0 724.0 340.0
0 615.0 341.0
0 642.0 341.0
0 831.0 341.0
0 747.0 343.0
0 841.0 343.0
0 676.0 344.0
0 903.0 345.0
0 700.0 346.0
0 756.0 346.0
0 884.0 347.0
0 914.0 347.0
0 600.0 348.0
0 635.0 348.0
0 692.0 348.0
0 730.0 349.0
0 860.0 349.0
0 873.0 349.0
0 645.0 351.0
0 709.0 351.0
0 721.0 351.0
0 685.0 352.0
0 773.0 352.0
0 675.0 355.0
0 851.0 355.0
0 612.0 356.0
0 637.0 356.0
0 625.0 357.0
0 899.0 357.0
0 744.0 358.0
0 598.0 360.0
0 649.0 360.0
0 706.0 360.0
0 660.0 361.0
0 684.0 361.0
0 739.0 361.0
0 586.0 364.0
0 725.0 364.0
0 716.0 365.0
0 621.0 366.0
0 636.0 366.0
0 736.0 366.0
0 669.0 368.0
0 599.0 369.0
0 648.0 369.0
0 658.0 370.0
0 684.0 373.0
0 612.0 375.0
0 727.0 377.0
0 559.0 378.0
0 685.0 378.0
0 690.0 379.0
0 885.0 379.0
0 621.0 380.0
0 680.0 380.0
0 932.0 380.0
0 567.0 381.0
0 873.0 382.0
0 668.0 383.0
0 704.0 383.0
0 995.0 383.0
0 577.0 384.0
0 719.0 384.0
0 989.0 384.0
0 647.0 385.0
0 560.0 386.0
0 884.0 386.0
0 600.0 387.0
0 987.0 389.0
0 1066.0 389.0
0 865.0 391.0
0 621.0 392.0
0 1006.0 392.0
0 893.0 393.0
0 1059.0 393.0
0 576.0 394.0
0 658.0 395.0
0 1081.0 395.0
0 708.0 396.0
0 981.0 396.0
0 690.0 397.0
0 862.0 400.0
0 990.0 400.0
0 559.0 401.0
0 1064.0 401.0
0 943.0 403.0
0 953.0 405.0
0 705.0 406.0
0 691.0 407.0
0 871.0 407.0
0 891.0 407.0
0 1074.0 407.0
0 658.0 408.0
0 980.0 408.0
0 971.0 410.0
0 686.0 411.0
0 1012.0 411.0
0 615.0 413.0
0 861.0 413.0
0 934.0 413.0
0 878.0 414.0
0 1090.0 414.0
0 629.0 415.0
0 589.0 416.0
0 624.0 416.0
0 966.0 416.0
0 697.0 417.0
0 955.0 417.0
0 608.0 418.0
0 1011.0 418.0
0 562.0 419.0
0 972.0 420.0
0 577.0 421.0
0 927.0 421.0
0 850.0 422.0
0 635.0 423.0
0 714.0 423.0
0 1079.0 423.0
0 708.0 424.0
0 719.0 424.0
0 872.0 424.0
0 863.0 425.0
0 943.0 425.0
0 985.0 425.0
0 728.0 426.0
0 650.0 427.0
0 739.0 428.0
0 952.0 428.0
0 571.0 429.0
0 665.0 429.0
0 882.0 429.0
0 1086.0 429.0
0 1095.0 429.0
0 750.0 430.0
0 1000.0 430.0
0 578.0 431.0
0 689.0 431.0
0 980.0 431.0
0 1009.0 431.0
0 607.0 432.0
0 706.0 432.0
0 759.0 432.0
0 869.0 432.0
0 875.0 432.0
0 615.0 433.0
0 843.0 433.0
0 1074.0 433.0
0 621.0 434.0
0 771.0 434.0
0 929.0 434.0
0 556.0 435.0
0 643.0 435.0
0 779.0 435.0
0 1016.0 435.0
0 1021.0 435.0
0 588.0 436.0
0 633.0 437.0
0 962.0 437.0
0 656.0 438.0
0 713.0 439.0
0 1011.0 439.0
0 1095.0 439.0
0 572.0 440.0
0 687.0 440.0
0 799.0 440.0
0 952.0 440.0
0 728.0 441.0
0 805.0 441.0
0 996.0 441.0
0 1001.0 441.0
0 1006.0 441.0
0 766.0 442.0
0 1072.0 442.0
0 814.0 443.0
0 879.0 443.0
0 699.0 444.0
0 747.0 444.0
0 821.0 444.0
0 1066.0 444.0
0 1080.0 444.0
0 1111.0 444.0
0 787.0 445.0
0 826.0 445.0
0 978.0 445.0
0 1017.0 445.0
0 1059.0 445.0
0 677.0 446.0
0 901.0 446.0
0 1035.0 446.0
0 1051.0 446.0
0 641.0 447.0
0 757.0 447.0
0 831.0 447.0
0 586.0 448.0
0 766.0 449.0
0 839.0 449.0
0 1006.0 449.0
0 771.0 450.0
0 992.0 450.0
0 706.0 451.0
0 922.0 451.0
0 780.0 452.0
0 785.0 452.0
0 830.0 452.0
0 554.0 453.0
0 695.0 453.0
0 619.0 454.0
0 800.0 454.0
0 1068.0 454.0
0 671.0 456.0
0 807.0 456.0
0 1015.0 456.0
0 1095.0 456.0
0 1111.0 456.0
0 812.0 457.0
0 819.0 457.0
0 904.0 457.0
0 1001.0 457.0
0 1034.0 457.0
0 1052.0 457.0
0 566.0 458.0
0 832.0 458.0
0 960.0 458.0
0 575.0 459.0
0 648.0 459.0
0 653.0 461.0
0 686.0 461.0
0 708.0 462.0
0 840.0 462.0
0 925.0 462.0
0 658.0 463.0
0 829.0 463.0
0 1076.0 463.0
0 665.0 464.0
0 999.0 465.0
0 1031.0 465.0
0 1090.0 465.0
0 709.0 467.0
0 860.0 467.0
0 867.0 467.0
0 903.0 467.0
0 961.0 470.0
0 1088.0 470.0
0 1102.0 470.0
0 876.0 471.0
0 767.0 473.0
0 1042.0 474.0
0 845.0 475.0
0 1088.0 475.0
0 858.0 477.0
0 779.0 478.0
0 839.0 478.0
0 867.0 479.0
0 975.0 479.0
0 952.0 480.0
0 1020.0 480.0
0 675.0 481.0
0 738.0 481.0
0 908.0 481.0
0 584.0 482.0
0 751.0 482.0
0 887.0 482.0
0 760.0 483.0
0 919.0 483.0
0 1000.0 483.0
0 925.0 484.0
0 1029.0 484.0
0 1042.0 485.0
0 774.0 486.0
0 894.0 486.0
0 1063.0 486.0
0 1089.0 486.0
0 1105.0 486.0
0 865.0 487.0
0 697.0 488.0
0 941.0 488.0
0 968.0 488.0
0 631.0 489.0
0 723.0 489.0
0 1015.0 489.0
0 706.0 490.0
0 734.0 490.0
0 788.0 490.0
0 755.0 491.0
0 780.0 491.0
0 663.0 492.0
0 687.0 492.0
0 743.0 492.0
0 844.0 492.0
0 984.0 492.0
0 650.0 494.0
0 677.0 494.0
0 771.0 494.0
0 799.0 494.0
0 888.0 494.0
0 682.0 495.0
0 866.0 496.0
0 999.0 496.0
0 840.0 497.0
0 1004.0 497.0
0 634.0 498.0
0 671.0 498.0
0 807.0 498.0
0 938.0 498.0
0 642.0 499.0
0 853.0 499.0
0 786.0 500.0
0 895.0 501.0
0 980.0 501.0
0 825.0 502.0
0 875.0 502.0
0 968.0 502.0
0 1000.0 502.0
0 815.0 503.0
0 848.0 503.0
0 687.0 505.0
0 820.0 505.0
0 661.0 506.0
0 802.0 508.0
0 936.0 508.0
0 954.0 508.0
0 910.0 509.0
0 959.0 509.0
0 729.0 510.0
0 793.0 510.0
0 918.0 510.0
0 931.0 510.0
0 1012.0 510.0
0 652.0 511.0
0 682.0 512.0
0 687.0 512.0
0 968.0 512.0
0 692.0 513.0
0 700.0 513.0
0 674.0 514.0
0 1000.0 514.0
0 634.0 515.0
0 709.0 515.0
0 738.0 515.0
0 863.0 515.0
0 924.0 515.0
0 666.0 516.0
0 842.0 516.0
0 714.0 517.0
0 719.0 517.0
0 911.0 517.0
0 748.0 518.0
0 571.0 519.0
0 727.0 519.0
0 976.0 519.0
0 876.0 520.0
0 992.0 521.0
0 682.0 522.0
0 737.0 522.0
0 809.0 522.0
0 757.0 523.0
0 823.0 523.0
0 916.0 523.0
0 656.0 524.0
0 833.0 524.0
0 897.0 524.0
0 697.0 525.0
0 851.0 525.0
0 1012.0 525.0
0 651.0 526.0
0 745.0 526.0
0 984.0 527.0
0 917.0 528.0
0 1005.0 528.0
0 673.0 529.0
0 711.0 530.0
0 818.0 530.0
0 845.0 530.0
0 856.0 530.0
0 648.0 531.0
0 688.0 531.0
0 724.0 531.0
0 755.0 531.0
0 1025.0 531.0
0 988.0 532.0
0 1030.0 532.0
0 1095.0 532.0
0 916.0 533.0
0 701.0 534.0
0 1086.0 534.0
0 765.0 535.0
0 860.0 535.0
0 1011.0 535.0
0 1058.0 535.0
0 998.0 536.0
0 1053.0 536.0
0 717.0 537.0
0 736.0 538.0
0 916.0 538.0
0 827.0 539.0
0 1067.0 540.0
0 778.0 541.0
0 730.0 543.0
0 763.0 543.0
0 916.0 543.0
0 704.0 544.0
0 858.0 544.0
0 991.0 544.0
0 1047.0 544.0
0 751.0 545.0
0 1072.0 545.0
0 1012.0 546.0
0 1086.0 546.0
0 676.0 548.0
0 742.0 548.0
0 764.0 548.0
0 836.0 548.0
0 574.0 549.0
0 1059.0 549.0
0 1073.0 550.0
0 871.0 551.0
0 919.0 551.0
0 992.0 551.0
0 776.0 552.0
0 764.0 553.0
0 791.0 555.0
0 1044.0 555.0
0 920.0 556.0
0 992.0 556.0
0 842.0 557.0
0 1072.0 559.0
0 606.0 560.0
0 651.0 560.0
0 759.0 560.0
0 772.0 560.0
0 673.0 562.0
0 678.0 562.0
0 875.0 562.0
0 990.0 562.0
0 862.0 564.0
0 1083.0 564.0
0 602.0 565.0
0 767.0 565.0
0 1060.0 565.0
0 929.0 566.0
0 781.0 568.0
0 1072.0 568.0
0 626.0 569.0
0 986.0 569.0
0 1008.0 569.0
0 831.0 571.0
0 882.0 571.0
0 657.0 572.0
0 675.0 572.0
0 708.0 572.0
0 776.0 572.0
0 1092.0 572.0
0 665.0 573.0
0 938.0 573.0
0 1064.0 573.0
0 810.0 574.0
0 982.0 574.0
0 1085.0 574.0
0 790.0 575.0
0 855.0 575.0
0 1036.0 575.0
0 575.0 576.0
0 614.0 576.0
0 977.0 576.0
0 643.0 577.0
0 694.0 577.0
0 1092.0 577.0
0 950.0 578.0
0 595.0 579.0
0 665.0 579.0
0 670.0 579.0
0 704.0 579.0
0 967.0 579.0
0 677.0 580.0
0 784.0 580.0
0 962.0 580.0
0 577.0 581.0
0 689.0 581.0
0 726.0 581.0
0 800.0 581.0
0 654.0 582.0
0 607.0 583.0
0 1030.0 583.0
0 761.0 584.0
0 766.0 584.0
0 1091.0 584.0
0 883.0 585.0
0 924.0 585.0
0 803.0 586.0
0 1069.0 586.0
0 720.0 587.0
0 632.0 588.0
0 685.0 590.0
0 698.0 590.0
0 1028.0 591.0
0 1088.0 591.0
0 672.0 592.0
0 638.0 593.0
0 713.0 593.0
0 944.0 593.0
0 591.0 594.0
0 874.0 594.0
0 731.0 595.0
0 746.0 595.0
0 792.0 595.0
0 811.0 595.0
0 960.0 595.0
0 828.0 596.0
0 1089.0 596.0
0 696.0 598.0
0 610.0 599.0
0 660.0 599.0
0 1029.0 599.0
0 797.0 600.0
0 781.0 601.0
0 976.0 601.0
0 1086.0 602.0
0 616.0 603.0
0 995.0 603.0
0 868.0 604.0
0 625.0 606.0
0 740.0 606.0
0 710.0 607.0
0 787.0 608.0
0 1034.0 608.0
0 1077.0 608.0
0 821.0 609.0
0 894.0 609.0
0 588.0 610.0
0 1039.0 612.0
0 337.0 613.0
0 613.0 613.0
0 650.0 613.0
0 750.0 613.0
0 622.0 615.0
0 671.0 615.0
0 1048.0 615.0
0 1056.0 615.0
0 1061.0 615.0
0 757.0 616.0
0 874.0 617.0
0 710.0 618.0
0 658.0 620.0
0 809.0 620.0
0 847.0 622.0
0 710.0 623.0
0 764.0 623.0
0 404.0 625.0
0 602.0 625.0
0 748.0 625.0
0 304.0 627.0
0 464.0 628.0
0 610.0 628.0
0 815.0 628.0
0 620.0 629.0
0 670.0 629.0
0 712.0 631.0
0 1053.0 640.0
0 661.0 641.0
0 779.0 644.0
0 586.0 645.0
0 603.0 646.0
0 721.0 646.0
0 335.0 647.0
0 622.0 647.0
0 673.0 647.0
0 686.0 649.0
0 614.0 650.0
0 774.0 654.0
0 676.0 655.0
0 711.0 655.0
0 736.0 655.0
0 779.0 655.0
0 784.0 655.0
0 703.0 656.0
0 614.0 659.0
0 653.0 660.0
0 1056.0 661.0
0 326.0 662.0
0 721.0 663.0
0 777.0 663.0
0 1078.0 664.0
0 617.0 666.0
0 735.0 668.0
0 741.0 669.0
0 755.0 669.0
0 760.0 669.0
0 746.0 670.0
0 679.0 671.0
0 1449.0 672.0
0 617.0 673.0
0 721.0 673.0
0 186.0 674.0
0 593.0 675.0
0 883.0 677.0
0 733.0 678.0
0 522.0 680.0
0 595.0 680.0
0 769.0 680.0
0 789.0 680.0
0 878.0 681.0
0 628.0 682.0
0 633.0 682.0
0 623.0 684.0
0 618.0 687.0
0 778.0 688.0
0 875.0 688.0
0 905.0 688.0
0 685.0 690.0
0 795.0 690.0
0 735.0 691.0
0 740.0 691.0
0 1072.0 691.0
0 767.0 693.0
0 690.0 694.0
0 724.0 694.0
0 758.0 695.0
0 1072.0 696.0
0 676.0 697.0
0 623.0 698.0
0 645.0 699.0
0 774.0 699.0
0 606.0 701.0
0 553.0 702.0
0 724.0 702.0
0 738.0 702.0
0 795.0 702.0
0 895.0 703.0
0 782.0 704.0
0 643.0 705.0
0 383.0 707.0
0 715.0 709.0
0 634.0 711.0
0 614.0 712.0
0 647.0 713.0
0 793.0 714.0
0 719.0 718.0
0 784.0 718.0
0 661.0 719.0
0 747.0 719.0
0 856.0 719.0
0 1013.0 719.0
0 1058.0 719.0
0 654.0 720.0
0 737.0 720.0
0 620.0 721.0
0 742.0 721.0
0 792.0 721.0
0 662.0 724.0
0 654.0 725.0
0 667.0 726.0
0 1059.0 727.0
0 789.0 729.0
0 678.0 730.0
0 92.0 731.0
0 659.0 731.0
0 673.0 731.0
0 777.0 731.0
0 629.0 732.0
0 1009.0 732.0
0 1054.0 734.0
0 331.0 735.0
0 362.0 736.0
0 408.0 736.0
0 667.0 736.0
0 677.0 736.0
0 784.0 737.0
0 204.0 738.0
0 689.0 738.0
0 770.0 739.0
0 264.0 740.0
0 399.0 740.0
0 285.0 741.0
0 779.0 742.0
0 762.0 743.0
0 314.0 744.0
0 643.0 744.0
0 680.0 745.0
0 421.0 748.0
0 708.0 748.0
0 773.0 748.0
0 746.0 750.0
0 736.0 751.0
0 411.0 752.0
0 767.0 752.0
0 707.0 754.0
0 747.0 759.0
0 326.0 760.0
0 728.0 760.0
0 739.0 760.0
0 407.0 764.0
0 1088.0 765.0
0 1251.0 765.0
0 167.0 766.0
0 124.0 769.0
0 756.0 770.0
0 71.0 772.0
0 295.0 774.0
0 688.0 774.0
0 599.0 776.0
0 26.0 777.0
0 265.0 778.0
0 1343.0 780.0
0 368.0 781.0
0 93.0 782.0
0 257.0 782.0
0 718.0 782.0
0 1151.0 782.0
0 723.0 783.0
0 953.0 789.0
0 128.0 796.0
0 1190.0 801.0
0 492.0 806.0
0 37.0 809.0
0 717.0 819.0
0 1442.0 822.0
0 1083.0 828.0
0 634.0 843.0
0 1160.0 845.0
0 1468.0 851.0
0 1049.0 860.0
0 503.0 861.0
0 787.0 862.0
0 716.0 871.0
0 1334.0 878.0
0 1191.0 885.0
0 135.0 886.0
0 108.0 889.0
0 124.0 889.0
0 257.0 892.0
0 408.0 895.0
0 1356.0 895.0
0 236.0 899.0
0 389.0 899.0
0 434.0 899.0
0 540.0 899.0
0 556.0 899.0
0 325.0 900.0
0 726.0 901.0
0 758.0 901.0
0 1199.0 902.0
0 207.0 903.0
0 84.0 905.0
0 413.0 905.0
0 547.0 907.0
0 245.0 910.0
0 258.0 910.0
0 289.0 912.0
0 473.0 912.0
0 560.0 913.0
0 1175.0 913.0
0 1035.0 914.0
0 808.0 916.0
0 505.0 917.0
0 819.0 917.0
0 27.0 919.0
0 1237.0 919.0
0 215.0 920.0
0 875.0 921.0
0 423.0 923.0
0 441.0 923.0
0 812.0 924.0
0 301.0 925.0
0 489.0 925.0
0 263.0 927.0
0 984.0 927.0
0 360.0 930.0
0 810.0 935.0
0 208.0 938.0
0 368.0 938.0
0 318.0 940.0
0 169.0 941.0
0 963.0 942.0
0 446.0 943.0
0 245.0 944.0
0 633.0 944.0
0 714.0 945.0
0 358.0 946.0
0 1224.0 947.0
0 969.0 948.0
0 924.0 949.0
0 805.0 952.0
0 62.0 956.0
0 90.0 957.0
0 690.0 957.0
0 609.0 958.0
0 618.0 958.0
0 927.0 958.0
0 156.0 959.0
0 213.0 959.0
0 826.0 961.0
0 968.0 962.0
0 786.0 966.0
0 953.0 966.0
0 347.0 967.0
0 1207.0 967.0
0 925.0 968.0
0 368.0 976.0
0 543.0 976.0
0 581.0 976.0
0 290.0 982.0
0 1199.0 982.0
0 748.0 983.0
0 1151.0 987.0
0 907.0 989.0
1 832.0 275.0
1 840.0 277.0
1 644.0 282.0
1 671.0 282.0
1 732.0 282.0
1 831.0 282.0
1 676.0 283.0
1 805.0 283.0
1 682.0 284.0
1 709.0 286.0
1 760.0 289.0
1 629.0 290.0
1 683.0 290.0
1 832.0 290.0
1 853.0 291.0
1 901.0 292.0
1 738.0 293.0
1 783.0 294.0
1 722.0 295.0
1 687.0 296.0
1 869.0 297.0
1 712.0 298.0
1 794.0 298.0
1 837.0 298.0
1 784.0 299.0
1 638.0 300.0
1 757.0 300.0
1 649.0 301.0
1 770.0 302.0
1 622.0 303.0
1 783.0 304.0
1 697.0 305.0
1 736.0 305.0
1 752.0 305.0
1 813.0 305.0
1 853.0 305.0
1 638.0 307.0
1 830.0 307.0
1 707.0 308.0
1 713.0 308.0
1 792.0 308.0
1 724.0 309.0
1 900.0 309.0
1 736.0 310.0
1 813.0 310.0
1 674.0 311.0
1 843.0 311.0
1 692.0 313.0
1 592.0 314.0
1 781.0 314.0
1 819.0 314.0
1 631.0 316.0
1 829.0 317.0
1 853.0 317.0
1 593.0 319.0
1 906.0 319.0
1 618.0 320.0
1 654.0 320.0
1 682.0 320.0
1 704.0 320.0
1 727.0 320.0
1 911.0 320.0
1 668.0 322.0
1 842.0 322.0
1 916.0 322.0
1 596.0 324.0
1 633.0 327.0
1 855.0 329.0
1 841.0 330.0
1 689.0 332.0
1 675.0 335.0
1 599.0 336.0
1 655.0 336.0
1 890.0 336.0
1 813.0 337.0
1 633.0 338.0
1 661.0 340.0
1 704.0 341.0
1 928.0 345.0
1 662.0 347.0
1 931.0 350.0
1 691.0 352.0
1 590.0 358.0
1 601.0 359.0
1 628.0 359.0
1 662.0 360.0
1 859.0 360.0
1 638.0 362.0
1 679.0 366.0
1 838.0 366.0
1 867.0 367.0
1 1174.0 367.0
1 587.0 370.0
1 805.0 370.0
1 940.0 370.0
1 856.0 371.0
1 869.0 372.0
1 602.0 373.0
1 828.0 373.0
1 850.0 374.0
1 609.0 375.0
1 673.0 375.0
1 999.0 375.0
1 1004.0 375.0
1 593.0 376.0
1 1009.0 376.0
1 654.0 377.0
1 979.0 378.0
1 1027.0 378.0
1 868.0 379.0
1 844.0 380.0
1 1032.0 380.0
1 821.0 381.0
1 970.0 381.0
1 1037.0 381.0
1 602.0 383.0
1 644.0 383.0
1 856.0 383.0
1 946.0 383.0
1 667.0 385.0
1 963.0 386.0
1 583.0 388.0
1 657.0 388.0
1 837.0 388.0
1 612.0 389.0
1 849.0 389.0
1 951.0 390.0
1 863.0 391.0
1 957.0 391.0
1 982.0 391.0
1 814.0 392.0
1 601.0 393.0
1 968.0 393.0
1 1055.0 393.0
1 650.0 394.0
1 676.0 394.0
1 684.0 395.0
1 842.0 395.0
1 923.0 395.0
1 661.0 396.0
1 826.0 396.0
1 934.0 396.0
1 691.0 398.0
1 1042.0 398.0
1 923.0 400.0
1 964.0 401.0
1 969.0 401.0
1 674.0 402.0
1 700.0 402.0
1 836.0 402.0
1 974.0 402.0
1 818.0 403.0
1 809.0 404.0
1 952.0 404.0
1 1063.0 405.0
1 658.0 407.0
1 913.0 407.0
1 1054.0 407.0
1 681.0 408.0
1 714.0 408.0
1 851.0 408.0
1 934.0 408.0
1 943.0 409.0
1 808.0 410.0
1 1039.0 410.0
1 691.0 412.0
1 951.0 412.0
1 725.0 413.0
1 793.0 413.0
1 824.0 414.0
1 926.0 414.0
1 843.0 415.0
1 731.0 416.0
1 810.0 416.0
1 1051.0 416.0
1 888.0 417.0
1 674.0 418.0
1 791.0 418.0
1 972.0 418.0
1 705.0 419.0
1 837.0 419.0
1 1058.0 419.0
1 741.0 421.0
1 944.0 421.0
1 663.0 422.0
1 828.0 422.0
1 932.0 422.0
1 979.0 422.0
1 713.0 423.0
1 746.0 423.0
1 817.0 423.0
1 924.0 423.0
1 903.0 424.0
1 970.0 424.0
1 1035.0 424.0
1 1073.0 424.0
1 645.0 425.0
1 751.0 425.0
1 785.0 425.0
1 999.0 425.0
1 944.0 426.0
1 956.0 426.0
1 678.0 427.0
1 721.0 427.0
1 977.0 427.0
1 604.0 429.0
1 759.0 429.0
1 1074.0 429.0
1 659.0 430.0
1 764.0 430.0
1 854.0 430.0
1 731.0 431.0
1 1067.0 431.0
1 746.0 432.0
1 643.0 433.0
1 736.0 433.0
1 741.0 433.0
1 924.0 433.0
1 828.0 434.0
1 932.0 434.0
1 1054.0 434.0
1 1078.0 434.0
1 774.0 435.0
1 955.0 435.0
1 949.0 436.0
1 866.0 437.0
1 750.0 438.0
1 861.0 438.0
1 781.0 440.0
1 941.0 440.0
1 972.0 440.0
1 659.0 441.0
1 1034.0 441.0
1 1053.0 441.0
1 690.0 442.0
1 756.0 442.0
1 855.0 442.0
1 952.0 442.0
1 1064.0 442.0
1 883.0 443.0
1 701.0 444.0
1 763.0 444.0
1 982.0 444.0
1 781.0 445.0
1 987.0 445.0
1 1025.0 446.0
1 1077.0 446.0
1 1061.0 447.0
1 648.0 448.0
1 668.0 448.0
1 867.0 448.0
1 932.0 448.0
1 1056.0 449.0
1 727.0 450.0
1 771.0 450.0
1 1100.0 451.0
1 780.0 452.0
1 967.0 453.0
1 956.0 455.0
1 1043.0 455.0
1 693.0 456.0
1 720.0 456.0
1 946.0 456.0
1 951.0 456.0
1 1100.0 456.0
1 889.0 457.0
1 1038.0 457.0
1 656.0 458.0
1 988.0 458.0
1 1033.0 458.0
1 1075.0 458.0
1 702.0 459.0
1 711.0 459.0
1 683.0 460.0
1 798.0 460.0
1 1008.0 460.0
1 1026.0 460.0
1 806.0 461.0
1 812.0 461.0
1 877.0 461.0
1 930.0 461.0
1 646.0 462.0
1 660.0 463.0
1 976.0 463.0
1 988.0 463.0
1 693.0 464.0
1 723.0 464.0
1 961.0 464.0
1 996.0 465.0
1 1100.0 465.0
1 806.0 466.0
1 816.0 466.0
1 968.0 466.0
1 669.0 467.0
1 659.0 468.0
1 703.0 468.0
1 716.0 468.0
1 782.0 468.0
1 871.0 468.0
1 676.0 469.0
1 790.0 469.0
1 827.0 469.0
1 1043.0 469.0
1 796.0 470.0
1 986.0 470.0
1 734.0 471.0
1 1036.0 471.0
1 805.0 472.0
1 1026.0 472.0
1 684.0 473.0
1 721.0 473.0
1 726.0 473.0
1 1006.0 473.0
1 663.0 474.0
1 611.0 475.0
1 911.0 475.0
1 691.0 476.0
1 985.0 476.0
1 1054.0 476.0
1 716.0 477.0
1 742.0 477.0
1 651.0 478.0
1 737.0 478.0
1 659.0 479.0
1 668.0 479.0
1 829.0 479.0
1 854.0 479.0
1 702.0 480.0
1 805.0 480.0
1 1042.0 480.0
1 726.0 481.0
1 788.0 481.0
1 896.0 481.0
1 711.0 482.0
1 1003.0 482.0
1 649.0 483.0
1 675.0 483.0
1 737.0 483.0
1 834.0 483.0
1 668.0 484.0
1 732.0 484.0
1 751.0 484.0
1 663.0 485.0
1 693.0 485.0
1 799.0 485.0
1 593.0 486.0
1 610.0 487.0
1 654.0 487.0
1 744.0 487.0
1 874.0 487.0
1 919.0 487.0
1 645.0 488.0
1 682.0 488.0
1 718.0 488.0
1 943.0 488.0
1 677.0 489.0
1 806.0 489.0
1 1098.0 489.0
1 666.0 490.0
1 671.0 490.0
1 992.0 490.0
1 1083.0 490.0
1 635.0 491.0
1 701.0 491.0
1 967.0 491.0
1 640.0 492.0
1 729.0 492.0
1 833.0 492.0
1 689.0 493.0
1 760.0 493.0
1 794.0 493.0
1 678.0 494.0
1 734.0 494.0
1 954.0 494.0
1 648.0 495.0
1 653.0 495.0
1 667.0 495.0
1 673.0 495.0
1 817.0 495.0
1 907.0 495.0
1 1040.0 495.0
1 1176.0 495.0
1 742.0 496.0
1 856.0 496.0
1 583.0 497.0
1 617.0 497.0
1 780.0 497.0
1 697.0 498.0
1 767.0 498.0
1 897.0 498.0
1 660.0 499.0
1 725.0 499.0
1 902.0 499.0
1 960.0 499.0
1 655.0 500.0
1 685.0 500.0
1 678.0 501.0
1 734.0 501.0
1 640.0 502.0
1 781.0 502.0
1 989.0 502.0
1 1041.0 502.0
1 624.0 503.0
1 669.0 503.0
1 773.0 503.0
1 873.0 503.0
1 664.0 504.0
1 910.0 504.0
1 599.0 505.0
1 855.0 505.0
1 650.0 506.0
1 694.0 506.0
1 563.0 507.0
1 682.0 507.0
1 780.0 507.0
1 889.0 507.0
1 745.0 508.0
1 809.0 508.0
1 670.0 509.0
1 720.0 509.0
1 1040.0 509.0
1 633.0 510.0
1 676.0 510.0
1 715.0 510.0
1 1072.0 510.0
1 687.0 511.0
1 738.0 511.0
1 578.0 512.0
1 624.0 512.0
1 658.0 512.0
1 757.0 512.0
1 820.0 512.0
1 1095.0 512.0
1 794.0 513.0
1 559.0 514.0
1 645.0 514.0
1 768.0 514.0
1 865.0 514.0
1 871.0 514.0
1 931.0 514.0
1 860.0 515.0
1 879.0 515.0
1 912.0 515.0
1 676.0 516.0
1 788.0 516.0
1 936.0 516.0
1 855.0 517.0
1 884.0 517.0
1 814.0 518.0
1 636.0 519.0
1 683.0 519.0
1 751.0 519.0
1 723.0 520.0
1 654.0 521.0
1 625.0 522.0
1 670.0 522.0
1 1092.0 522.0
1 778.0 523.0
1 684.0 524.0
1 620.0 525.0
1 645.0 526.0
1 912.0 526.0
1 760.0 527.0
1 796.0 527.0
1 897.0 527.0
1 676.0 528.0
1 784.0 528.0
1 789.0 528.0
1 853.0 528.0
1 938.0 528.0
1 567.0 529.0
1 572.0 529.0
1 755.0 529.0
1 921.0 529.0
1 699.0 530.0
1 691.0 531.0
1 902.0 531.0
1 666.0 532.0
1 773.0 533.0
1 799.0 533.0
1 553.0 534.0
1 655.0 534.0
1 590.0 535.0
1 852.0 535.0
1 787.0 536.0
1 809.0 536.0
1 1066.0 536.0
1 1076.0 536.0
1 919.0 537.0
1 706.0 538.0
1 698.0 539.0
1 598.0 540.0
1 766.0 540.0
1 850.0 540.0
1 393.0 541.0
1 675.0 542.0
1 545.0 543.0
1 780.0 543.0
1 790.0 543.0
1 909.0 543.0
1 972.0 543.0
1 693.0 544.0
1 935.0 545.0
1 806.0 546.0
1 705.0 547.0
1 717.0 547.0
1 722.0 547.0
1 949.0 547.0
1 543.0 548.0
1 588.0 548.0
1 608.0 548.0
1 668.0 548.0
1 984.0 548.0
1 682.0 549.0
1 771.0 549.0
1 799.0 549.0
1 853.0 549.0
1 1052.0 549.0
1 1087.0 549.0
1 574.0 550.0
1 599.0 550.0
1 614.0 552.0
1 700.0 552.0
1 542.0 553.0
1 1065.0 553.0
1 674.0 554.0
1 818.0 554.0
1 855.0 554.0
1 915.0 554.0
1 1073.0 554.0
1 558.0 555.0
1 760.0 555.0
1 1008.0 555.0
1 727.0 556.0
1 795.0 556.0
1 1039.0 557.0
1 374.0 558.0
1 689.0 558.0
1 813.0 558.0
1 540.0 559.0
1 564.0 560.0
1 895.0 560.0
1 915.0 560.0
1 1000.0 560.0
1 808.0 561.0
1 858.0 561.0
1 682.0 563.0
1 1022.0 563.0
1 1050.0 563.0
1 540.0 564.0
1 572.0 564.0
1 628.0 564.0
1 937.0 564.0
1 944.0 564.0
1 747.0 565.0
1 766.0 565.0
1 784.0 565.0
1 735.0 566.0
1 720.0 567.0
1 917.0 567.0
1 669.0 568.0
1 697.0 568.0
1 711.0 568.0
1 779.0 569.0
1 864.0 569.0
1 944.0 569.0
1 1010.0 569.0
1 994.0 570.0
1 688.0 572.0
1 1028.0 572.0
1 598.0 573.0
1 917.0 573.0
1 944.0 574.0
1 1018.0 574.0
1 1082.0 575.0
1 815.0 576.0
1 1171.0 576.0
1 641.0 578.0
1 709.0 578.0
1 915.0 578.0
1 950.0 579.0
1 602.0 581.0
1 563.0 582.0
1 1025.0 582.0
1 571.0 583.0
1 1016.0 583.0
1 870.0 584.0
1 912.0 584.0
1 1002.0 584.0
1 670.0 585.0
1 827.0 585.0
1 1033.0 586.0
1 989.0 587.0
1 619.0 588.0
1 692.0 588.0
1 716.0 588.0
1 635.0 589.0
1 851.0 589.0
1 984.0 589.0
1 1016.0 589.0
1 1301.0 589.0
1 804.0 591.0
1 1038.0 591.0
1 640.0 592.0
1 735.0 592.0
1 1004.0 593.0
1 696.0 594.0
1 832.0 594.0
1 1014.0 594.0
1 624.0 595.0
1 896.0 595.0
1 795.0 598.0
1 601.0 599.0
1 699.0 599.0
1 723.0 599.0
1 831.0 599.0
1 973.0 599.0
1 687.0 600.0
1 899.0 600.0
1 1036.0 600.0
1 569.0 601.0
1 1078.0 601.0
1 831.0 604.0
1 702.0 605.0
1 725.0 605.0
1 1045.0 605.0
1 971.0 606.0
1 919.0 607.0
1 651.0 608.0
1 802.0 611.0
1 854.0 611.0
1 606.0 614.0
1 707.0 614.0
1 594.0 615.0
1 625.0 615.0
1 892.0 615.0
1 930.0 615.0
1 973.0 615.0
1 730.0 616.0
1 741.0 616.0
1 796.0 616.0
1 1055.0 616.0
1 1040.0 617.0
1 754.0 619.0
1 572.0 621.0
1 988.0 621.0
1 1038.0 622.0
1 610.0 623.0
1 890.0 623.0
1 976.0 623.0
1 713.0 624.0
1 1033.0 624.0
1 613.0 629.0
1 746.0 629.0
1 555.0 631.0
1 992.0 631.0
1 350.0 632.0
1 584.0 632.0
1 701.0 632.0
1 1016.0 632.0
1 1021.0 632.0
1 579.0 633.0
1 998.0 634.0
1 1003.0 634.0
1 718.0 635.0
1 1008.0 635.0
1 380.0 637.0
1 186.0 638.0
1 721.0 641.0
1 851.0 641.0
1 226.0 643.0
1 832.0 643.0
1 651.0 644.0
1 682.0 644.0
1 667.0 645.0
1 641.0 647.0
1 1070.0 647.0
1 673.0 648.0
1 832.0 648.0
1 1022.0 650.0
1 595.0 651.0
1 831.0 653.0
1 337.0 654.0
1 687.0 655.0
1 419.0 656.0
1 594.0 656.0
1 663.0 656.0
1 677.0 656.0
1 812.0 657.0
1 829.0 658.0
1 654.0 659.0
1 804.0 659.0
1 761.0 661.0
1 690.0 663.0
1 287.0 664.0
1 573.0 664.0
1 668.0 664.0
1 279.0 666.0
1 641.0 667.0
1 824.0 667.0
1 691.0 668.0
1 803.0 668.0
1 602.0 669.0
1 879.0 671.0
1 646.0 672.0
1 822.0 672.0
1 656.0 673.0
1 1067.0 673.0
1 651.0 674.0
1 666.0 674.0
1 694.0 675.0
1 817.0 676.0
1 862.0 676.0
1 877.0 676.0
1 614.0 677.0
1 1013.0 677.0
1 1066.0 678.0
1 603.0 681.0
1 682.0 681.0
1 1053.0 681.0
1 391.0 682.0
1 618.0 682.0
1 873.0 683.0
1 1064.0 684.0
1 765.0 685.0
1 588.0 686.0
1 1418.0 686.0
1 622.0 687.0
1 732.0 687.0
1 612.0 688.0
1 796.0 689.0
1 1062.0 689.0
1 697.0 690.0
1 616.0 693.0
1 629.0 694.0
1 391.0 699.0
1 622.0 699.0
1 637.0 699.0
1 843.0 700.0
1 698.0 702.0
1 1046.0 704.0
1 626.0 707.0
1 698.0 707.0
1 967.0 708.0
1 379.0 710.0
1 690.0 710.0
1 612.0 712.0
1 1058.0 712.0
1 633.0 713.0
1 661.0 715.0
1 694.0 715.0
1 682.0 716.0
1 670.0 717.0
1 933.0 718.0
1 684.0 724.0
1 970.0 724.0
1 669.0 725.0
1 747.0 725.0
1 745.0 730.0
1 692.0 733.0
1 1014.0 733.0
1 639.0 734.0
1 679.0 735.0
1 731.0 736.0
1 1013.0 739.0
1 1054.0 739.0
1 644.0 740.0
1 631.0 743.0
1 1012.0 745.0
1 658.0 746.0
1 688.0 747.0
1 667.0 749.0
1 672.0 749.0
1 127.0 754.0
1 1172.0 755.0
1 1487.0 773.0
1 111.0 774.0
1 639.0 774.0
1 236.0 785.0
1 257.0 792.0
1 90.0 794.0
1 642.0 801.0
1 191.0 802.0
1 373.0 803.0
1 853.0 804.0
1 262.0 805.0
1 179.0 806.0
1 107.0 808.0
1 160.0 813.0
1 303.0 818.0
1 1090.0 819.0
1 1206.0 820.0
1 1103.0 821.0
1 269.0 822.0
1 187.0 823.0
1 447.0 826.0
1 369.0 827.0
1 1458.0 827.0
1 492.0 828.0
1 516.0 828.0
1 307.0 829.0
1 830.0 829.0
1 459.0 831.0
1 421.0 833.0
1 828.0 834.0
1 334.0 835.0
1 406.0 838.0
1 467.0 839.0
1 1005.0 841.0
1 423.0 845.0
1 1244.0 845.0
1 346.0 846.0
1 556.0 846.0
1 366.0 847.0
1 601.0 848.0
1 408.0 851.0
1 1125.0 851.0
1 236.0 854.0
1 991.0 857.0
1 611.0 858.0
1 428.0 859.0
1 642.0 859.0
1 1315.0 859.0
1 273.0 860.0
1 625.0 862.0
1 669.0 862.0
1 338.0 863.0
1 639.0 864.0
1 439.0 868.0
1 446.0 870.0
1 422.0 871.0
1 517.0 872.0
1 231.0 874.0
1 509.0 876.0
1 468.0 878.0
1 1306.0 882.0
1 938.0 884.0
1 756.0 886.0
1 461.0 887.0
1 596.0 888.0
1 645.0 888.0
1 470.0 889.0
1 421.0 890.0
1 604.0 890.0
1 678.0 890.0
1 524.0 891.0
1 496.0 892.0
1 566.0 892.0
1 687.0 893.0
1 1122.0 895.0
1 598.0 897.0
1 628.0 897.0
1 781.0 897.0
1 19.0 898.0
1 583.0 899.0
1 1400.0 899.0
1 607.0 900.0
1 815.0 900.0
1 196.0 902.0
1 462.0 903.0
1 239.0 905.0
1 575.0 905.0
1 524.0 906.0
1 558.0 907.0
1 641.0 907.0
1 736.0 908.0
1 497.0 909.0
1 592.0 909.0
1 606.0 909.0
1 189.0 910.0
1 669.0 910.0
1 503.0 911.0
1 802.0 911.0
1 625.0 913.0
1 1402.0 913.0
1 768.0 915.0
1 204.0 916.0
1 279.0 916.0
1 779.0 916.0
1 891.0 916.0
1 938.0 918.0
1 830.0 920.0
1 849.0 920.0
1 463.0 922.0
1 957.0 923.0
1 576.0 924.0
1 695.0 924.0
1 133.0 925.0
1 659.0 925.0
1 584.0 926.0
1 702.0 926.0
1 526.0 927.0
1 771.0 927.0
1 866.0 928.0
1 479.0 930.0
1 453.0 933.0
1 684.0 933.0
1 501.0 934.0
1 636.0 934.0
1 1407.0 934.0
1 727.0 936.0
1 435.0 938.0
1 528.0 938.0
1 672.0 938.0
1 893.0 938.0
1 464.0 939.0
1 813.0 939.0
1 512.0 940.0
1 838.0 940.0
1 902.0 940.0
1 12.0 941.0
1 484.0 941.0
1 568.0 941.0
1 444.0 942.0
1 144.0 943.0
1 595.0 943.0
1 455.0 944.0
1 702.0 944.0
1 1072.0 945.0
1 769.0 946.0
1 428.0 948.0
1 563.0 948.0
1 689.0 949.0
1 896.0 949.0
1 128.0 950.0
1 658.0 951.0
1 906.0 951.0
1 812.0 957.0
1 767.0 958.0
1 825.0 960.0
1 746.0 962.0
1 415.0 964.0
1 714.0 965.0
1 632.0 967.0
1 761.0 967.0
1 449.0 968.0
1 1030.0 968.0
1 549.0 969.0
1 652.0 969.0
1 846.0 969.0
1 219.0 970.0
1 1040.0 970.0
1 606.0 971.0
1 965.0 972.0
1 1238.0 972.0
1 739.0 973.0
1 1420.0 976.0
1 447.0 977.0
1 575.0 978.0
1 412.0 979.0
1 626.0 979.0
1 639.0 980.0
1 186.0 981.0
1 689.0 981.0
1 147.0 983.0
1 541.0 984.0
1 598.0 984.0
1 734.0 984.0
1 434.0 985.0
1 1054.0 985.0
1 465.0 986.0
1 556.0 986.0
1 709.0 986.0
1 473.0 988.0
1 608.0 988.0
1 958.0 988.0
1 1065.0 988.0
1 225.0 989.0
1 525.0 990.0
1 570.0 990.0
1 992.0 990.0
1 686.0 991.0
