0 6 0 425.8749527220667
0 4 5 422.26386974043385
0 3 25 185.8045264531871
0 19 34 482.74062628581953
0 9 37 226.45155508140112
0 8 40 119.5231588188497
0 7 42 120.64752592698275
0 2 43 193.36032452122413
0 11 44 213.88518578908875
0 10 55 120.1387797359702
0 72 62 382.16344503484345
0 15 69 163.86834090153678
0 12 73 414.8360902999283
0 13 74 199.78068109843306
0 82 80 374.24812552107585
0 18 81 218.8366679288603
0 104 84 269.7284912303999
0 24 85 241.052750605354
0 14 87 425.25886511182733
0 20 88 122.6510473856663
0 25 89 151.91680097416742
0 31 90 129.12287010038622
0 40 97 201.71784393008681
0 27 99 405.80729686645674
0 34 102 145.42069395557138
0 21 104 322.12893823813465
0 29 106 193.84257070968667
0 126 108 458.5554704694093
0 61 110 335.85417906560593
0 23 112 196.1968449867247
0 33 116 172.94729654394374
0 28 117 164.6895989015207
0 42 120 204.96684831884943
0 56 124 112.84616327311944
0 30 127 226.92111025577023
0 57 128 185.41191594119678
0 32 129 117.05928152607558
0 70 130 335.8986931212429
0 37 131 191.31166363516218
0 41 133 152.04384736940887
0 45 135 165.7060049652888
0 36 141 186.65915455851012
0 59 142 225.37518332403627
0 50 144 281.99613107028904
0 84 146 185.8222453732496
0 44 153 113.1981913082154
0 49 154 132.75905645348521
0 58 155 179.68956742893533
0 60 157 177.63694343452696
0 66 158 212.8669209355544
0 103 159 213.42632361066842
0 47 161 168.5379458646251
0 85 170 181.7702309547565
0 51 172 320.6399797569593
0 62 173 227.3053525677133
0 108 174 245.51893469246758
0 86 178 181.09956688648333
0 63 179 183.600607011227
0 78 183 141.585760353932
0 54 185 169.36888516489202
0 90 186 178.55989156061273
0 52 193 171.68556066990993
0 114 196 135.65069857148563
0 65 201 302.89045705142814
0 64 203 203.41717540513469
0 93 205 203.3010025444713
0 109 206 196.19234811748046
0 91 207 254.60537358080995
0 87 208 185.8197550537959
0 68 210 266.77477237099964
0 83 212 308.5670722875778
0 107 213 247.90160721717297
0 67 214 339.62841967224267
0 79 215 255.84696653612951
0 77 216 166.88958113910397
0 101 219 168.74767342530436
0 80 220 271.5113318554171
0 94 221 145.03933310256897
0 113 222 153.8680717268926
0 96 223 176.69331724083094
0 75 224 426.77349136578283
0 138 228 207.9469619986994
0 95 230 115.1470544229434
0 97 233 265.84674671914763
0 102 234 175.75796940088645
0 92 235 179.81958680291064
0 117 237 189.6669526462761
0 118 238 192.74842363529163
0 99 239 207.94240006464887
0 105 240 434.9120174491392
0 139 241 296.21674799265725
0 131 243 191.89316982572797
0 100 244 257.97633189503296
0 110 246 168.37384393128846
0 133 248 172.50633767806806
0 112 249 183.84642265679372
0 127 250 152.56273819718214
0 125 251 245.76396606400314
0 119 255 122.05321166338483
0 128 257 306.5488176407008
0 124 262 133.9307091330994
0 156 266 390.101814169812
0 122 268 194.37950728551706
0 134 270 163.93000141288508
0 154 273 362.18896880340367
0 146 275 144.60440813239134
0 141 276 184.56105133210727
0 121 277 226.95942075431077
0 150 279 138.0849119504998
0 152 280 142.9740416443925
0 174 283 311.3177588007787
0 132 284 213.01851810116693
0 168 286 408.9736841608106
0 186 288 329.6812035400039
0 147 291 314.14927768785213
0 165 292 121.12700888149813
0 158 294 142.7753148684062
0 159 295 145.36730744603406
0 169 298 267.85874540678935
0 171 299 308.20709074769707
0 140 300 154.86058158044003
0 163 302 155.66994277298812
0 153 303 163.40821294668834
0 198 304 355.56452267502647
0 144 307 188.0019816321392
0 175 309 208.03147128323522
0 142 310 297.6360001337633
0 190 312 196.29566752245344
0 217 314 366.06502834474605
0 180 318 131.99886924758624
0 196 319 195.9998186876067
0 184 321 206.15267561273632
0 188 322 229.3237571815671
0 183 324 333.8576378279295
0 176 327 164.72431540927676
0 191 328 293.09230323351227
0 160 329 226.2318195670407
0 162 331 217.1537473262229
0 155 332 271.9155618804153
0 233 335 304.3199103503987
0 206 336 373.9662897480346
0 208 337 394.9276100913922
0 228 338 361.70156437092504
0 185 339 237.53113512143634
0 202 341 281.3991784732484
0 226 343 193.45171437268812
0 227 344 474.821974122578
0 205 348 311.84906156983317
0 223 349 258.7904797426597
0 216 354 235.20057926702114
0 211 355 292.3999220253676
0 192 357 154.53622504650212
0 219 358 268.08619330735917
0 203 359 262.14782981595124
0 269 363 435.51799937906327
0 221 364 338.9308492596324
0 218 365 202.39295188919573
0 222 366 171.17269385336024
0 230 372 312.4885404959595
0 253 373 128.9796180693375
0 225 376 449.80500076879014
0 234 377 202.90741526529374
0 241 380 339.7039266409329
0 244 381 260.0125471447807
0 239 382 211.39113534490633
0 247 383 259.95900395317915
0 243 384 369.20784184102877
0 240 388 161.3139557803343
0 220 390 244.2806172589016
0 246 391 324.94874864771873
0 261 393 110.73636523666104
0 301 394 233.85033798932557
0 248 396 152.57801413408794
0 258 398 321.2355874742519
0 237 399 216.56277974376036
0 267 401 128.67210441257495
0 266 402 158.1740182179202
0 270 403 210.87848480159744
0 272 404 256.6703052175596
0 280 405 154.78298831665035
0 235 406 281.22264989052206
0 259 408 128.9674427700408
0 303 409 160.56165710282627
0 277 411 444.23151214968266
0 279 412 210.16675641157252
0 268 414 195.44527620196365
0 283 415 153.12311644654534
0 294 416 172.69825688897828
0 273 417 383.33697198308244
0 255 418 329.74755581726595
0 295 419 162.8148389107801
0 264 420 255.5799287106161
0 256 421 284.74448088730105
0 305 423 206.4338056382515
0 307 424 168.866805291944
0 260 425 402.5732490556675
0 319 426 305.6016255312599
0 297 428 174.36982597955358
0 274 429 199.51411796618328
0 299 430 146.5199407604896
0 311 431 143.8448988361634
0 285 432 250.83431199367877
0 275 433 302.9447668757447
0 282 434 257.1353055777811
0 291 435 153.84092574421436
0 300 437 272.06652108638394
0 302 438 196.0672297308747
0 314 440 199.72695485136086
0 288 441 149.42240172510873
0 290 442 366.242430943496
0 298 443 243.8676974088101
0 286 444 206.78788485352783
0 313 446 342.97052355840066
0 317 447 130.51131117177067
0 324 448 244.1471683360465
0 309 449 128.23189396535193
0 326 450 159.59804299188875
0 325 451 145.7348120951127
0 306 452 244.93612719754606
0 315 453 190.52817883094178
0 316 455 133.58463302041898
0 321 456 207.49579899695368
0 304 457 292.72022870163664
0 333 458 179.87129242029752
0 335 460 272.81871424148363
0 323 462 251.5546686540484
0 330 463 232.08826184840837
0 340 464 197.5634430494821
0 328 466 183.9184932668413
0 355 468 403.0461217249921
0 342 469 121.25888768067628
0 343 470 213.8094232833642
0 344 471 267.61311301727153
0 329 472 190.0103220586493
0 327 473 206.34680760926187
0 338 474 176.83441073012793
0 341 477 191.84322869700821
0 347 478 125.02921123807135
0 350 479 211.1057535989563
0 320 480 317.73601092753876
0 351 482 283.99814541120463
0 363 485 105.63162896519609
0 365 486 291.59931221199133
0 357 489 129.46856220133077
0 348 490 327.65574579537963
0 368 491 393.1137904144922
0 360 495 132.9008085718294
0 354 496 112.54346018687997
0 364 497 207.2795230989156
0 376 499 131.8164022371651
0 389 502 242.41520868903638
0 369 504 222.0170686409262
0 373 505 112.35895037986707
0 356 506 147.7379226221475
0 382 509 284.9541815133238
0 361 510 357.8925250446347
0 381 512 340.98826586214227
0 386 513 243.73515945183613
0 387 515 121.62491755608468
0 379 516 109.41181196722995
0 390 517 128.01305797260355
0 371 518 352.57618238484656
0 374 519 402.53869394466824
0 404 522 318.9555684662954
0 385 525 196.2524304597818
0 421 526 300.4324760872115
0 399 527 241.39967707795188
0 383 528 163.60405228085122
0 405 529 167.89369824816185
0 388 530 290.0372944745642
0 408 531 251.39302036351648
0 413 534 228.09556859671437
0 401 535 400.79041435956447
0 414 536 382.10330161972183
0 407 538 163.8599064183188
0 412 540 200.99102141047348
0 416 541 230.11793032044164
0 415 542 187.08614817585268
0 419 543 108.32792572352528
0 418 544 202.13524212151682
0 417 547 195.80533579885144
0 406 548 226.55977788595996
0 422 549 352.76385248407564
0 427 551 115.64084100419649
0 428 552 160.43935930274756
0 411 553 251.91669393213968
0 434 554 183.49907682898166
0 436 558 187.37309034523358
0 429 559 497.8146819169224
0 438 560 273.37318813363487
0 431 562 351.57763113239884
0 425 565 455.53793077606895
0 549 570 288.0795300124626
0 437 572 421.35433020636793
0 445 573 133.8101956680733
0 444 574 123.52179766849628
0 441 576 120.28208607188371
0 463 579 459.60096017203654
0 455 580 362.4467486987936
0 447 581 175.54504900695954
0 435 583 150.760022195414
0 430 584 199.1703026027141
0 439 585 187.8524188948638
0 468 587 257.8410557991936
0 452 588 125.65653702921722
0 474 589 116.15429483924189
0 462 592 176.53203251758774
0 494 594 307.31630338984183
0 451 595 169.82596731836134
0 449 597 169.2456805935194
0 470 599 157.0485107683137
0 500 602 321.8046762640986
0 472 604 373.7773303191514
0 473 607 278.9753686062386
0 502 608 124.24720765827504
0 464 609 187.37068384002544
0 482 610 271.15656637488524
0 512 615 160.60340229385076
0 504 616 341.6823008525146
0 483 620 363.98884724934
0 489 622 201.57525119837328
0 480 624 162.0255668166022
0 510 625 167.45642091835845
0 481 628 179.31243964702293
0 485 631 315.85017707865035
0 496 632 436.56758780452424
0 487 633 329.8302743609166
0 525 636 105.8913443950294
0 478 641 247.03712039440617
0 536 642 250.84173760201853
0 492 644 191.04355787143527
0 493 649 327.9511682169231
0 498 652 223.1845404558842
0 497 653 147.56607074266987
0 533 658 198.40244158278102
0 495 659 144.6573104933443
0 540 660 151.3424262105795
0 499 661 133.69953001359212
0 506 662 141.8169735073548
0 537 664 151.22419534341475
0 509 665 179.52119381073422
0 505 667 235.42880797896504
0 527 669 175.38090261723644
0 541 670 136.92280785342618
0 545 671 136.01010176346335
0 511 672 291.09306929112626
0 524 673 403.5492004316865
0 523 674 218.26026678094058
0 543 678 170.9962428602573
0 532 679 357.83451161400865
0 554 680 371.604237832953
0 548 681 128.1783438458799
0 556 683 268.3143496351487
0 547 685 353.0455653759286
0 562 693 199.67896102103106
0 564 699 343.5496099460806
0 575 724 328.97830775125425
0 577 732 186.3331394169759

0 784.0 306.0
0 791.0 307.0
0 782.0 312.0
0 837.0 314.0
0 845.0 316.0
0 850.0 317.0
0 784.0 318.0
0 803.0 319.0
0 742.0 320.0
0 751.0 322.0
0 815.0 323.0
0 700.0 327.0
0 710.0 327.0
0 705.0 328.0
0 741.0 328.0
0 789.0 329.0
0 801.0 329.0
0 629.0 330.0
0 634.0 331.0
0 666.0 331.0
0 769.0 331.0
0 851.0 331.0
0 599.0 332.0
0 604.0 332.0
0 639.0 332.0
0 811.0 332.0
0 594.0 333.0
0 586.0 335.0
0 644.0 335.0
0 650.0 336.0
0 655.0 336.0
0 669.0 336.0
0 605.0 338.0
0 778.0 338.0
0 581.0 339.0
0 612.0 340.0
0 691.0 340.0
0 857.0 340.0
0 655.0 341.0
0 709.0 341.0
0 830.0 341.0
0 800.0 342.0
0 812.0 342.0
0 779.0 343.0
0 867.0 343.0
0 645.0 344.0
0 591.0 345.0
0 603.0 345.0
0 635.0 346.0
0 617.0 349.0
0 680.0 349.0
0 628.0 350.0
0 662.0 350.0
0 575.0 352.0
0 580.0 352.0
0 845.0 352.0
0 570.0 353.0
0 591.0 354.0
0 611.0 357.0
0 626.0 358.0
0 581.0 359.0
0 638.0 359.0
0 547.0 361.0
0 664.0 363.0
0 646.0 365.0
0 590.0 366.0
0 548.0 367.0
0 556.0 370.0
0 656.0 371.0
0 819.0 371.0
0 549.0 372.0
0 632.0 372.0
0 612.0 373.0
0 798.0 374.0
0 803.0 374.0
0 826.0 375.0
0 543.0 376.0
0 585.0 377.0
0 793.0 378.0
0 959.0 378.0
0 590.0 379.0
0 816.0 379.0
0 948.0 379.0
0 964.0 379.0
0 554.0 380.0
0 646.0 381.0
0 620.0 382.0
0 786.0 385.0
0 807.0 386.0
0 820.0 387.0
0 828.0 387.0
0 919.0 387.0
0 1011.0 387.0
0 1003.0 388.0
0 939.0 390.0
0 802.0 391.0
0 893.0 391.0
0 640.0 392.0
0 782.0 392.0
0 915.0 392.0
0 995.0 392.0
0 1012.0 392.0
0 812.0 394.0
0 620.0 395.0
0 932.0 396.0
0 914.0 397.0
0 793.0 398.0
0 1017.0 398.0
0 586.0 399.0
0 806.0 399.0
0 635.0 400.0
0 897.0 401.0
0 993.0 401.0
0 565.0 402.0
0 597.0 402.0
0 821.0 402.0
0 786.0 403.0
0 778.0 404.0
0 903.0 404.0
0 911.0 404.0
0 801.0 405.0
0 1003.0 405.0
0 544.0 406.0
0 556.0 407.0
0 645.0 408.0
0 910.0 409.0
0 938.0 409.0
0 1012.0 410.0
0 660.0 411.0
0 764.0 411.0
0 890.0 412.0
0 957.0 412.0
0 614.0 413.0
0 778.0 413.0
0 668.0 414.0
0 792.0 414.0
0 901.0 414.0
0 1024.0 414.0
0 628.0 415.0
0 912.0 415.0
0 551.0 416.0
0 937.0 416.0
0 683.0 417.0
0 868.0 417.0
0 990.0 417.0
0 556.0 418.0
0 641.0 418.0
0 808.0 418.0
0 539.0 420.0
0 587.0 420.0
0 627.0 420.0
0 564.0 421.0
0 695.0 421.0
0 756.0 421.0
0 785.0 421.0
0 803.0 421.0
0 904.0 421.0
0 701.0 422.0
0 796.0 422.0
0 883.0 422.0
0 601.0 423.0
0 1012.0 423.0
0 548.0 424.0
0 615.0 424.0
0 649.0 424.0
0 1028.0 424.0
0 627.0 425.0
0 713.0 425.0
0 845.0 425.0
0 1007.0 425.0
0 659.0 426.0
0 890.0 426.0
0 936.0 426.0
0 720.0 427.0
0 636.0 428.0
0 725.0 428.0
0 1019.0 428.0
0 900.0 429.0
0 674.0 430.0
0 731.0 430.0
0 837.0 430.0
0 863.0 430.0
0 556.0 431.0
0 707.0 431.0
0 910.0 431.0
0 984.0 431.0
0 682.0 432.0
0 739.0 432.0
0 818.0 432.0
0 936.0 432.0
0 607.0 433.0
0 744.0 433.0
0 797.0 433.0
0 949.0 433.0
0 1017.0 433.0
0 565.0 434.0
0 641.0 435.0
0 692.0 435.0
0 884.0 435.0
0 893.0 435.0
0 1030.0 435.0
0 1011.0 436.0
0 536.0 437.0
0 752.0 437.0
0 700.0 438.0
0 705.0 439.0
0 831.0 439.0
0 902.0 439.0
0 800.0 440.0
0 826.0 440.0
0 1002.0 440.0
0 551.0 441.0
0 719.0 441.0
0 821.0 441.0
0 927.0 441.0
0 934.0 441.0
0 986.0 443.0
0 613.0 444.0
0 628.0 444.0
0 727.0 444.0
0 952.0 444.0
0 735.0 445.0
0 848.0 445.0
0 922.0 445.0
0 970.0 445.0
0 1028.0 445.0
0 1050.0 445.0
0 912.0 446.0
0 645.0 447.0
0 621.0 448.0
0 752.0 449.0
0 1050.0 450.0
0 831.0 451.0
0 933.0 452.0
0 769.0 454.0
0 987.0 454.0
0 847.0 455.0
0 891.0 455.0
0 924.0 455.0
0 950.0 455.0
0 999.0 455.0
0 659.0 456.0
0 783.0 456.0
0 853.0 456.0
0 969.0 456.0
0 1052.0 456.0
0 1029.0 457.0
0 620.0 460.0
0 697.0 460.0
0 787.0 461.0
0 756.0 463.0
0 923.0 463.0
0 839.0 464.0
0 995.0 464.0
0 662.0 465.0
0 769.0 465.0
0 797.0 465.0
0 878.0 465.0
0 680.0 466.0
0 601.0 467.0
0 672.0 467.0
0 636.0 468.0
0 777.0 468.0
0 653.0 470.0
0 693.0 470.0
0 631.0 471.0
0 865.0 471.0
0 702.0 472.0
0 957.0 472.0
0 622.0 473.0
0 823.0 473.0
0 599.0 474.0
0 673.0 474.0
0 888.0 474.0
0 656.0 475.0
0 777.0 475.0
0 800.0 475.0
0 1002.0 475.0
0 1007.0 475.0
0 1039.0 475.0
0 726.0 476.0
0 913.0 476.0
0 554.0 477.0
0 805.0 478.0
0 935.0 478.0
0 661.0 479.0
0 688.0 479.0
0 922.0 479.0
0 1051.0 479.0
0 1005.0 480.0
0 854.0 481.0
0 877.0 481.0
0 1031.0 481.0
0 671.0 482.0
0 759.0 482.0
0 771.0 482.0
0 641.0 483.0
0 660.0 484.0
0 699.0 484.0
0 866.0 484.0
0 955.0 484.0
0 721.0 485.0
0 779.0 485.0
0 933.0 485.0
0 1049.0 485.0
0 680.0 486.0
0 648.0 487.0
0 1005.0 487.0
0 638.0 488.0
0 805.0 488.0
0 888.0 490.0
0 665.0 491.0
0 687.0 491.0
0 845.0 491.0
0 1049.0 492.0
0 616.0 493.0
0 634.0 493.0
0 643.0 493.0
0 788.0 493.0
0 1030.0 494.0
0 673.0 495.0
0 715.0 495.0
0 762.0 495.0
0 624.0 496.0
0 907.0 496.0
0 652.0 497.0
0 661.0 497.0
0 929.0 498.0
0 752.0 499.0
0 848.0 499.0
0 1030.0 499.0
0 840.0 500.0
0 855.0 500.0
0 601.0 501.0
0 640.0 501.0
0 680.0 501.0
0 743.0 501.0
0 825.0 501.0
0 669.0 502.0
0 834.0 502.0
0 659.0 503.0
0 755.0 504.0
0 917.0 504.0
0 1030.0 504.0
0 557.0 505.0
0 647.0 505.0
0 749.0 506.0
0 611.0 507.0
0 719.0 507.0
0 780.0 507.0
0 1048.0 507.0
0 623.0 508.0
0 603.0 509.0
0 654.0 509.0
0 897.0 509.0
0 742.0 511.0
0 791.0 511.0
0 879.0 512.0
0 762.0 513.0
0 828.0 513.0
0 542.0 514.0
0 571.0 514.0
0 615.0 514.0
0 1046.0 514.0
0 633.0 516.0
0 725.0 516.0
0 753.0 517.0
0 785.0 517.0
0 766.0 518.0
0 604.0 519.0
0 624.0 520.0
0 654.0 520.0
0 825.0 521.0
0 1027.0 521.0
0 599.0 522.0
0 580.0 523.0
0 672.0 523.0
0 735.0 523.0
0 758.0 523.0
0 770.0 523.0
0 531.0 524.0
0 646.0 524.0
0 908.0 524.0
0 730.0 525.0
0 635.0 526.0
0 825.0 526.0
0 773.0 528.0
0 685.0 529.0
0 748.0 529.0
0 528.0 530.0
0 553.0 531.0
0 823.0 531.0
0 656.0 532.0
0 951.0 532.0
0 933.0 534.0
0 636.0 535.0
0 741.0 535.0
0 1044.0 535.0
0 825.0 536.0
0 891.0 536.0
0 649.0 537.0
0 676.0 537.0
0 1004.0 537.0
0 550.0 538.0
0 691.0 538.0
0 975.0 538.0
0 583.0 539.0
0 663.0 539.0
0 755.0 539.0
0 1026.0 539.0
0 1043.0 540.0
0 780.0 541.0
0 827.0 542.0
0 656.0 543.0
0 747.0 543.0
0 968.0 544.0
0 913.0 545.0
0 523.0 546.0
0 578.0 546.0
0 989.0 546.0
0 564.0 547.0
0 599.0 547.0
0 671.0 547.0
0 685.0 547.0
0 1015.0 548.0
0 781.0 549.0
0 791.0 549.0
0 663.0 551.0
0 770.0 551.0
0 581.0 552.0
0 978.0 552.0
0 994.0 552.0
0 575.0 553.0
0 606.0 553.0
0 891.0 554.0
0 563.0 555.0
0 679.0 555.0
0 700.0 555.0
0 962.0 555.0
0 590.0 556.0
0 835.0 557.0
0 923.0 557.0
0 515.0 559.0
0 890.0 559.0
0 604.0 560.0
0 670.0 560.0
0 704.0 560.0
0 547.0 561.0
0 839.0 562.0
0 757.0 563.0
0 789.0 563.0
0 994.0 563.0
0 513.0 564.0
0 888.0 564.0
0 691.0 566.0
0 908.0 566.0
0 972.0 566.0
0 585.0 567.0
0 934.0 568.0
0 511.0 569.0
0 621.0 569.0
0 960.0 569.0
0 987.0 570.0
0 921.0 571.0
0 1006.0 572.0
0 592.0 573.0
0 858.0 573.0
0 880.0 573.0
0 1040.0 573.0
0 535.0 574.0
0 575.0 574.0
0 676.0 574.0
0 864.0 575.0
0 872.0 575.0
0 951.0 575.0
0 607.0 576.0
0 697.0 576.0
0 981.0 576.0
0 543.0 577.0
0 1008.0 577.0
0 716.0 578.0
0 617.0 579.0
0 631.0 579.0
0 636.0 579.0
0 1003.0 579.0
0 841.0 580.0
0 602.0 582.0
0 1010.0 582.0
0 509.0 584.0
0 533.0 584.0
0 703.0 584.0
0 625.0 585.0
0 682.0 585.0
0 802.0 586.0
0 944.0 586.0
0 542.0 587.0
0 780.0 587.0
0 1013.0 587.0
0 569.0 588.0
0 823.0 588.0
0 509.0 589.0
0 597.0 589.0
0 1006.0 589.0
0 707.0 591.0
0 943.0 591.0
0 872.0 592.0
0 772.0 593.0
0 508.0 594.0
0 574.0 594.0
0 594.0 594.0
0 647.0 595.0
0 612.0 596.0
0 710.0 598.0
0 943.0 598.0
0 508.0 599.0
0 531.0 599.0
0 887.0 599.0
0 541.0 600.0
0 690.0 600.0
0 613.0 601.0
0 622.0 602.0
0 1006.0 602.0
0 713.0 603.0
0 944.0 603.0
0 509.0 604.0
0 904.0 604.0
0 1036.0 605.0
0 1005.0 607.0
0 776.0 608.0
0 947.0 608.0
0 696.0 609.0
0 1000.0 609.0
0 602.0 612.0
0 999.0 614.0
0 992.0 615.0
0 807.0 616.0
0 621.0 617.0
0 699.0 617.0
0 960.0 617.0
0 511.0 618.0
0 966.0 618.0
0 983.0 619.0
0 971.0 620.0
0 538.0 621.0
0 976.0 621.0
0 512.0 623.0
0 859.0 623.0
0 608.0 631.0
0 667.0 632.0
0 705.0 632.0
0 856.0 633.0
0 562.0 634.0
0 575.0 634.0
0 648.0 636.0
0 539.0 637.0
0 516.0 638.0
0 598.0 640.0
0 807.0 642.0
0 540.0 644.0
0 668.0 644.0
0 663.0 645.0
0 619.0 647.0
0 806.0 647.0
0 1031.0 647.0
0 658.0 648.0
0 649.0 649.0
0 228.0 650.0
0 521.0 652.0
0 630.0 652.0
0 805.0 652.0
0 29.0 653.0
0 552.0 653.0
0 643.0 653.0
0 547.0 654.0
0 788.0 658.0
0 677.0 659.0
0 781.0 659.0
0 92.0 661.0
0 850.0 661.0
0 616.0 662.0
0 1030.0 662.0
0 655.0 663.0
0 1045.0 663.0
0 634.0 666.0
0 602.0 668.0
0 625.0 668.0
0 679.0 668.0
0 800.0 668.0
0 779.0 669.0
0 983.0 670.0
0 339.0 673.0
0 530.0 673.0
0 564.0 673.0
0 680.0 673.0
0 1030.0 676.0
0 629.0 677.0
0 563.0 678.0
0 644.0 678.0
0 795.0 678.0
0 558.0 680.0
0 815.0 680.0
0 681.0 681.0
0 1029.0 681.0
0 238.0 682.0
0 666.0 683.0
0 257.0 684.0
0 297.0 684.0
0 747.0 684.0
0 1018.0 685.0
0 619.0 686.0
0 653.0 686.0
0 841.0 686.0
0 326.0 687.0
0 539.0 688.0
0 345.0 689.0
0 847.0 689.0
0 1027.0 689.0
0 280.0 690.0
0 364.0 691.0
0 576.0 691.0
0 680.0 691.0
0 571.0 692.0
0 784.0 692.0
0 356.0 694.0
0 628.0 694.0
0 1011.0 694.0
0 330.0 695.0
0 828.0 695.0
0 633.0 696.0
0 114.0 697.0
0 150.0 697.0
0 584.0 697.0
0 770.0 699.0
0 568.0 701.0
0 680.0 701.0
0 372.0 702.0
0 841.0 702.0
0 818.0 703.0
0 362.0 704.0
0 550.0 704.0
0 578.0 704.0
0 589.0 704.0
0 1023.0 709.0
0 583.0 710.0
0 601.0 713.0
0 671.0 713.0
0 254.0 714.0
0 588.0 714.0
0 1022.0 714.0
0 676.0 715.0
0 229.0 716.0
0 814.0 718.0
0 593.0 719.0
0 618.0 723.0
0 660.0 723.0
0 1458.0 725.0
0 344.0 726.0
0 597.0 727.0
0 941.0 727.0
0 647.0 728.0
0 1023.0 728.0
0 637.0 729.0
0 615.0 730.0
0 662.0 731.0
0 987.0 732.0
0 630.0 736.0
0 637.0 737.0
0 646.0 737.0
0 431.0 739.0
0 719.0 740.0
0 937.0 741.0
0 1021.0 741.0
0 672.0 742.0
0 594.0 744.0
0 663.0 746.0
0 710.0 746.0
0 1141.0 746.0
0 339.0 747.0
0 985.0 747.0
0 623.0 759.0
0 1012.0 781.0
0 861.0 788.0
0 615.0 794.0
0 1013.0 796.0
0 77.0 797.0
0 733.0 797.0
0 811.0 797.0
0 252.0 805.0
0 1085.0 805.0
0 240.0 806.0
0 54.0 807.0
0 522.0 807.0
0 1115.0 808.0
0 1109.0 829.0
0 275.0 832.0
0 1418.0 832.0
0 712.0 834.0
0 332.0 835.0
0 311.0 839.0
0 667.0 841.0
0 980.0 842.0
0 1295.0 844.0
0 129.0 845.0
0 416.0 852.0
0 45.0 854.0
0 303.0 857.0
0 330.0 857.0
0 96.0 859.0
0 389.0 859.0
0 439.0 861.0
0 356.0 864.0
0 127.0 865.0
0 1115.0 867.0
0 329.0 876.0
0 109.0 883.0
0 1308.0 885.0
0 666.0 893.0
0 394.0 894.0
0 679.0 895.0
0 580.0 897.0
0 571.0 909.0
0 830.0 909.0
0 129.0 910.0
0 370.0 911.0
0 1075.0 913.0
0 1407.0 913.0
0 434.0 920.0
0 897.0 920.0
0 1079.0 926.0
0 1273.0 928.0
0 630.0 937.0
0 770.0 938.0
0 1256.0 943.0
0 769.0 948.0
0 765.0 957.0
0 1022.0 959.0
0 791.0 960.0
0 630.0 967.0
0 654.0 967.0
0 684.0 971.0
0 120.0 973.0
0 1085.0 978.0
0 1350.0 987.0
0 550.0 989.0
1 1142.0 65.0
1 1143.0 72.0
1 734.0 337.0
1 774.0 337.0
1 818.0 337.0
1 675.0 338.0
1 765.0 338.0
1 775.0 346.0
1 796.0 351.0
1 820.0 354.0
1 808.0 362.0
1 835.0 363.0
1 748.0 364.0
1 759.0 365.0
1 739.0 368.0
1 776.0 368.0
1 949.0 370.0
1 628.0 371.0
1 776.0 373.0
1 604.0 374.0
1 761.0 375.0
1 869.0 375.0
1 878.0 377.0
1 934.0 377.0
1 619.0 378.0
1 775.0 378.0
1 956.0 378.0
1 857.0 379.0
1 726.0 380.0
1 743.0 380.0
1 947.0 380.0
1 785.0 381.0
1 708.0 382.0
1 735.0 382.0
1 765.0 383.0
1 615.0 384.0
1 874.0 385.0
1 894.0 385.0
1 899.0 385.0
1 603.0 387.0
1 610.0 387.0
1 724.0 387.0
1 753.0 388.0
1 587.0 389.0
1 704.0 391.0
1 740.0 392.0
1 853.0 394.0
1 949.0 394.0
1 964.0 394.0
1 731.0 395.0
1 930.0 396.0
1 867.0 397.0
1 888.0 398.0
1 718.0 399.0
1 918.0 400.0
1 588.0 401.0
1 616.0 401.0
1 629.0 401.0
1 753.0 401.0
1 644.0 402.0
1 657.0 402.0
1 605.0 403.0
1 673.0 403.0
1 682.0 404.0
1 697.0 405.0
1 950.0 405.0
1 742.0 407.0
1 859.0 407.0
1 941.0 407.0
1 970.0 407.0
1 840.0 408.0
1 935.0 408.0
1 557.0 409.0
1 882.0 409.0
1 892.0 409.0
1 897.0 409.0
1 902.0 409.0
1 918.0 409.0
1 662.0 410.0
1 871.0 410.0
1 887.0 410.0
1 650.0 411.0
1 588.0 412.0
1 670.0 412.0
1 615.0 415.0
1 625.0 415.0
1 636.0 416.0
1 744.0 416.0
1 936.0 416.0
1 971.0 416.0
1 644.0 417.0
1 851.0 417.0
1 918.0 417.0
1 659.0 418.0
1 684.0 418.0
1 696.0 418.0
1 861.0 418.0
1 866.0 418.0
1 883.0 418.0
1 894.0 418.0
1 900.0 418.0
1 676.0 419.0
1 713.0 419.0
1 839.0 419.0
1 557.0 420.0
1 946.0 420.0
1 600.0 422.0
1 770.0 423.0
1 605.0 424.0
1 782.0 425.0
1 968.0 425.0
1 993.0 425.0
1 728.0 427.0
1 799.0 427.0
1 610.0 428.0
1 622.0 429.0
1 701.0 429.0
1 838.0 429.0
1 867.0 429.0
1 712.0 430.0
1 994.0 430.0
1 932.0 431.0
1 890.0 432.0
1 591.0 433.0
1 719.0 433.0
1 862.0 433.0
1 581.0 434.0
1 699.0 434.0
1 814.0 435.0
1 932.0 437.0
1 996.0 437.0
1 802.0 438.0
1 861.0 438.0
1 656.0 439.0
1 765.0 441.0
1 609.0 442.0
1 870.0 442.0
1 601.0 443.0
1 614.0 443.0
1 630.0 443.0
1 889.0 443.0
1 743.0 444.0
1 828.0 444.0
1 909.0 444.0
1 934.0 444.0
1 579.0 445.0
1 719.0 445.0
1 815.0 445.0
1 620.0 446.0
1 625.0 446.0
1 971.0 446.0
1 560.0 447.0
1 672.0 447.0
1 865.0 448.0
1 835.0 449.0
1 784.0 450.0
1 808.0 450.0
1 554.0 451.0
1 704.0 451.0
1 715.0 451.0
1 779.0 451.0
1 574.0 452.0
1 774.0 452.0
1 720.0 453.0
1 737.0 454.0
1 967.0 454.0
1 978.0 454.0
1 586.0 455.0
1 637.0 455.0
1 647.0 455.0
1 794.0 455.0
1 802.0 455.0
1 547.0 456.0
1 701.0 456.0
1 742.0 456.0
1 747.0 456.0
1 863.0 456.0
1 532.0 457.0
1 887.0 457.0
1 524.0 458.0
1 728.0 458.0
1 837.0 458.0
1 595.0 460.0
1 830.0 460.0
1 660.0 461.0
1 766.0 461.0
1 996.0 461.0
1 518.0 462.0
1 708.0 462.0
1 600.0 463.0
1 639.0 464.0
1 695.0 464.0
1 807.0 464.0
1 584.0 465.0
1 650.0 465.0
1 740.0 465.0
1 967.0 465.0
1 512.0 466.0
1 996.0 466.0
1 548.0 467.0
1 543.0 468.0
1 607.0 468.0
1 697.0 469.0
1 762.0 469.0
1 809.0 469.0
1 656.0 471.0
1 688.0 471.0
1 673.0 472.0
1 750.0 472.0
1 977.0 472.0
1 591.0 473.0
1 683.0 473.0
1 832.0 473.0
1 583.0 474.0
1 816.0 475.0
1 821.0 475.0
1 826.0 475.0
1 997.0 475.0
1 666.0 476.0
1 703.0 476.0
1 512.0 477.0
1 596.0 477.0
1 693.0 478.0
1 723.0 478.0
1 583.0 479.0
1 619.0 479.0
1 967.0 479.0
1 500.0 481.0
1 642.0 481.0
1 741.0 481.0
1 760.0 481.0
1 707.0 482.0
1 751.0 482.0
1 651.0 483.0
1 674.0 483.0
1 544.0 487.0
1 743.0 487.0
1 815.0 487.0
1 820.0 487.0
1 837.0 487.0
1 687.0 488.0
1 490.0 490.0
1 715.0 490.0
1 598.0 491.0
1 608.0 491.0
1 730.0 491.0
1 759.0 491.0
1 671.0 492.0
1 679.0 492.0
1 744.0 492.0
1 816.0 492.0
1 635.0 493.0
1 706.0 494.0
1 966.0 494.0
1 486.0 495.0
1 524.0 495.0
1 552.0 495.0
1 615.0 496.0
1 760.0 496.0
1 693.0 497.0
1 720.0 497.0
1 886.0 497.0
1 950.0 497.0
1 635.0 498.0
1 514.0 499.0
1 816.0 499.0
1 933.0 499.0
1 625.0 500.0
1 684.0 500.0
1 996.0 500.0
1 501.0 501.0
1 542.0 501.0
1 640.0 501.0
1 481.0 502.0
1 526.0 503.0
1 559.0 503.0
1 709.0 503.0
1 717.0 503.0
1 978.0 503.0
1 762.0 504.0
1 913.0 504.0
1 600.0 505.0
1 815.0 505.0
1 904.0 505.0
1 510.0 506.0
1 519.0 506.0
1 547.0 509.0
1 681.0 509.0
1 850.0 509.0
1 707.0 510.0
1 476.0 511.0
1 514.0 511.0
1 715.0 511.0
1 724.0 511.0
1 836.0 511.0
1 919.0 511.0
1 557.0 512.0
1 702.0 512.0
1 813.0 512.0
1 914.0 512.0
1 643.0 513.0
1 879.0 514.0
1 897.0 514.0
1 966.0 514.0
1 541.0 515.0
1 634.0 515.0
1 474.0 516.0
1 950.0 516.0
1 607.0 517.0
1 692.0 518.0
1 572.0 519.0
1 929.0 519.0
1 636.0 520.0
1 647.0 520.0
1 770.0 520.0
1 808.0 520.0
1 836.0 520.0
1 501.0 521.0
1 611.0 524.0
1 730.0 524.0
1 648.0 525.0
1 901.0 525.0
1 896.0 526.0
1 915.0 526.0
1 778.0 527.0
1 927.0 527.0
1 722.0 528.0
1 800.0 528.0
1 783.0 529.0
1 791.0 530.0
1 852.0 530.0
1 902.0 530.0
1 540.0 531.0
1 860.0 532.0
1 924.0 532.0
1 571.0 533.0
1 576.0 533.0
1 995.0 533.0
1 882.0 535.0
1 905.0 536.0
1 938.0 536.0
1 915.0 537.0
1 492.0 539.0
1 528.0 539.0
1 617.0 539.0
1 603.0 540.0
1 878.0 540.0
1 497.0 541.0
1 638.0 541.0
1 837.0 541.0
1 939.0 541.0
1 580.0 544.0
1 551.0 545.0
1 655.0 545.0
1 713.0 546.0
1 995.0 546.0
1 704.0 548.0
1 489.0 550.0
1 851.0 550.0
1 622.0 551.0
1 496.0 552.0
1 586.0 552.0
1 732.0 552.0
1 780.0 552.0
1 946.0 552.0
1 552.0 553.0
1 641.0 553.0
1 535.0 554.0
1 576.0 554.0
1 876.0 554.0
1 530.0 555.0
1 623.0 556.0
1 794.0 557.0
1 806.0 558.0
1 565.0 559.0
1 875.0 559.0
1 761.0 560.0
1 836.0 560.0
1 743.0 562.0
1 820.0 562.0
1 946.0 563.0
1 644.0 564.0
1 543.0 565.0
1 705.0 565.0
1 710.0 565.0
1 836.0 565.0
1 877.0 566.0
1 488.0 567.0
1 626.0 567.0
1 936.0 567.0
1 495.0 568.0
1 590.0 568.0
1 847.0 568.0
1 576.0 570.0
1 994.0 571.0
1 976.0 572.0
1 592.0 574.0
1 768.0 574.0
1 835.0 575.0
1 937.0 575.0
1 628.0 578.0
1 744.0 579.0
1 526.0 581.0
1 580.0 581.0
1 648.0 581.0
1 887.0 581.0
1 594.0 584.0
1 892.0 584.0
1 928.0 584.0
1 630.0 585.0
1 993.0 586.0
1 581.0 587.0
1 898.0 587.0
1 922.0 587.0
1 563.0 588.0
1 903.0 588.0
1 917.0 588.0
1 552.0 589.0
1 912.0 589.0
1 492.0 590.0
1 649.0 591.0
1 994.0 591.0
1 631.0 595.0
1 927.0 600.0
1 576.0 601.0
1 583.0 601.0
1 977.0 604.0
1 514.0 605.0
1 525.0 606.0
1 598.0 606.0
1 534.0 607.0
1 743.0 608.0
1 633.0 609.0
1 993.0 609.0
1 492.0 611.0
1 564.0 614.0
1 492.0 616.0
1 575.0 616.0
1 597.0 618.0
1 556.0 620.0
1 632.0 623.0
1 712.0 623.0
1 992.0 623.0
1 595.0 624.0
1 720.0 625.0
1 497.0 626.0
1 535.0 626.0
1 590.0 626.0
1 580.0 627.0
1 577.0 632.0
1 632.0 632.0
1 563.0 633.0
1 711.0 634.0
1 632.0 637.0
1 719.0 637.0
1 991.0 638.0
1 929.0 639.0
1 543.0 641.0
1 582.0 642.0
1 597.0 643.0
1 992.0 643.0
1 571.0 644.0
1 511.0 645.0
1 559.0 645.0
1 545.0 646.0
1 704.0 646.0
1 585.0 647.0
1 690.0 649.0
1 737.0 649.0
1 716.0 650.0
1 504.0 652.0
1 585.0 652.0
1 590.0 653.0
1 674.0 653.0
1 926.0 653.0
1 683.0 654.0
1 697.0 655.0
1 630.0 656.0
1 519.0 658.0
1 666.0 659.0
1 564.0 660.0
1 570.0 662.0
1 581.0 662.0
1 595.0 662.0
1 702.0 666.0
1 527.0 668.0
1 708.0 668.0
1 511.0 669.0
1 963.0 672.0
1 726.0 673.0
1 612.0 680.0
1 624.0 680.0
1 539.0 681.0
1 586.0 683.0
1 991.0 685.0
1 574.0 686.0
1 701.0 686.0
1 551.0 688.0
1 528.0 689.0
1 565.0 689.0
1 992.0 690.0
1 834.0 692.0
1 974.0 694.0
1 618.0 695.0
1 992.0 695.0
1 572.0 696.0
1 549.0 698.0
1 692.0 698.0
1 855.0 698.0
1 560.0 699.0
1 962.0 699.0
1 585.0 700.0
1 813.0 701.0
1 687.0 702.0
1 818.0 703.0
1 991.0 703.0
1 613.0 704.0
1 682.0 704.0
1 885.0 706.0
1 520.0 708.0
1 906.0 709.0
1 925.0 711.0
1 935.0 711.0
1 568.0 712.0
1 530.0 714.0
1 794.0 715.0
1 967.0 715.0
1 634.0 716.0
1 859.0 716.0
1 535.0 717.0
1 992.0 718.0
1 628.0 720.0
1 549.0 722.0
1 886.0 723.0
1 620.0 724.0
1 609.0 726.0
1 986.0 726.0
1 933.0 728.0
1 541.0 731.0
1 885.0 735.0
1 991.0 736.0
1 883.0 743.0
1 511.0 747.0
1 932.0 749.0
1 927.0 750.0
1 990.0 751.0
1 884.0 753.0
1 649.0 763.0
1 787.0 768.0
1 35.0 769.0
1 987.0 769.0
1 884.0 770.0
1 952.0 772.0
1 487.0 777.0
1 986.0 777.0
1 234.0 779.0
1 986.0 788.0
1 482.0 790.0
1 561.0 798.0
1 984.0 803.0
1 573.0 804.0
1 1014.0 805.0
1 1047.0 809.0
1 984.0 813.0
1 575.0 817.0
1 384.0 818.0
1 479.0 823.0
1 982.0 832.0
1 1318.0 839.0
1 981.0 847.0
1 693.0 849.0
1 781.0 856.0
1 481.0 857.0
1 486.0 858.0
1 507.0 860.0
1 983.0 863.0
1 906.0 887.0
1 1188.0 896.0
1 974.0 903.0
1 1390.0 905.0
