0 4 5 409.50232329837337
0 13 11 303.52792164930213
0 20 28 342.61566754720707
0 16 30 377.25121488640167
0 42 34 257.7799466162534
0 12 36 348.8185035053449
0 6 37 285.84270505227335
0 5 42 160.00244144350347
0 1 43 177.08958694546615
0 7 44 190.39995732880595
0 26 45 259.4491543345367
0 45 46 200.45571215852726
0 28 48 296.3253881813491
0 29 49 255.59709993882475
0 22 52 353.20298583943105
0 73 57 203.08697426335164
0 38 58 333.01893749132205
0 41 59 254.92790709724318
0 80 60 252.67762999657668
0 35 61 421.67049816710664
0 94 62 329.10837534427986
0 30 63 261.86936450397644
0 46 64 185.09046390947904
0 100 66 372.8497246276773
0 101 67 172.2331183278748
0 78 68 376.5072128916995
0 124 70 373.2769868923105
0 76 72 140.10368558054597
0 8 74 306.2488602749578
0 105 80 164.14652439839315
0 11 81 300.5068446506906
0 127 84 130.90839518767052
0 86 86 132.8708428402965
0 24 90 198.08734881969113
0 17 91 479.6341710861393
0 121 103 175.88842587913726
0 148 108 122.76285378654539
0 122 110 417.4954131339773
0 91 111 472.7978736910125
0 15 112 197.45165074257318
0 170 113 114.66980960559343
0 144 114 111.96377270812567
0 31 115 173.8075939379775
0 195 122 272.7524952134399
0 190 123 159.5439519052072
0 74 124 126.93427004882334
0 57 128 219.01871817672037
0 25 129 108.13795123342196
0 177 132 147.81952487784585
0 58 134 204.20748172158434
0 149 138 459.90720695907373
0 220 140 159.77432084407602
0 60 142 184.86422565728594
0 226 145 167.90097362696662
0 92 146 114.84031706389324
0 241 148 152.99073103496073
0 209 149 294.69028584958573
0 168 150 274.8073142652349
0 229 151 130.80700340583465
0 61 152 310.6138900773868
0 43 154 160.42078143812887
0 52 155 389.89221456135834
0 62 157 163.67397640693957
0 97 159 410.42500837560067
0 213 160 230.1154052921747
0 33 161 178.3593953484911
0 243 162 170.74503597028584
0 191 163 109.77882700769098
0 107 164 129.9012447347585
0 102 170 122.72446411970415
0 39 172 156.44884621277347
0 63 173 180.30503690149723
0 125 174 180.98898955569862
0 64 175 214.15685329167943
0 108 178 134.59223898049757
0 65 179 149.80537249420547
0 82 183 167.6801538995553
0 53 184 211.5188876546839
0 37 185 214.93200270310956
0 109 186 151.28824652353518
0 66 187 156.78849852437352
0 234 190 159.42857702157954
0 51 191 165.09870023718918
0 44 193 157.02649171374657
0 250 195 117.87695496205566
0 133 196 182.88377301033475
0 112 197 159.2879274749386
0 98 198 458.7547104160137
0 48 201 217.22012827954217
0 262 202 117.30004871067044
0 70 203 112.49506579002511
0 110 204 164.9111332405235
0 115 209 224.2323828583988
0 69 210 268.3300774119988
0 268 211 165.3284240315473
0 103 212 125.98694069093001
0 71 215 178.2765911302348
0 68 216 219.10166600400706
0 192 217 277.81739384078634
0 178 218 143.26572653497809
0 111 219 150.17827902401578
0 72 220 220.04721438660314
0 95 221 133.98634965251205
0 88 223 225.28245715180014
0 163 228 129.5771354020767
0 96 230 106.78228392889079
0 89 233 427.4571911351356
0 104 234 158.8416383361541
0 79 235 196.92765358269435
0 117 236 300.26791456622476
0 129 237 217.18336210713693
0 90 239 286.81975319321566
0 119 243 297.8292226938437
0 85 244 343.62254234806056
0 145 248 178.95548175705844
0 118 249 161.16963632732396
0 134 250 140.22184804951473
0 120 251 155.2377803753732
0 128 255 125.63322952768969
0 132 262 139.75745641871816
0 181 264 333.19334110450075
0 131 268 166.1383718649176
0 164 269 387.4631857553397
0 142 270 181.87289268054775
0 158 272 356.6031631995885
0 157 274 272.6916490740802
0 146 275 144.7285148166034
0 141 276 168.43792775323746
0 114 277 250.96244661675505
0 143 281 276.6722774385131
0 350 282 267.19654045693255
0 155 283 200.73654299080198
0 138 284 136.7907845437943
0 165 285 359.48982971003664
0 147 287 253.84395704604606
0 182 288 466.72355630036
0 139 292 192.04064336736306
0 172 294 113.62351960998045
0 171 295 112.22123479093086
0 187 296 414.7140643037061
0 179 297 425.9718365073247
0 197 298 272.62247927591284
0 161 299 400.3596914785896
0 136 300 238.66978269194766
0 173 302 117.07317617803324
0 193 306 310.23463399552355
0 135 307 273.3060763839679
0 194 309 195.55667661202799
0 198 318 111.55417628604312
0 184 319 311.45926822587364
0 206 321 222.18947245744195
0 204 322 230.46636246835544
0 183 324 301.80355750163403
0 176 327 273.8761704517258
0 228 328 178.7233625509654
0 166 329 206.30579050609623
0 201 331 199.5201208640869
0 159 332 275.39447612772483
0 221 337 149.29990928391962
0 222 339 307.46625556848176
0 203 343 395.14554508986697
0 251 344 488.56265723760936
0 236 349 139.54489337724652
0 233 352 496.3884484732154
0 189 357 204.02178093265465
0 242 358 327.74529300759133
0 219 359 389.93086294305346
0 284 364 282.5769398323677
0 238 365 287.0780766341611
0 239 372 328.456202308561
0 249 373 202.54683948541668
0 245 376 418.57342323759894
0 223 382 225.82108435393113
0 265 383 432.4274391098868
0 263 386 496.6919872108715
0 315 389 398.68322403370405
0 254 393 122.39998943595978
0 256 394 222.24998821005286
0 345 397 431.9073114180373
0 260 398 327.2399517445778
0 240 399 317.4308581695296
0 258 402 192.40793765131846
0 285 403 236.59165739227652
0 266 405 132.557461699114
0 277 406 269.92650843849356
0 280 411 230.87134059634548
0 270 412 179.4327017851276
0 271 415 113.71881143986889
0 346 417 442.04512467220695
0 302 420 204.8132633589126
0 279 421 372.67658510736726
0 327 422 412.2365374788081
0 267 423 322.74440595748837
0 281 424 406.78081331960277
0 331 427 420.2320977845485
0 294 429 238.96654176765023
0 278 430 167.84614658141308
0 275 431 183.14042542786433
0 307 432 254.91938546028564
0 259 434 241.33349242697713
0 312 435 152.43846615277232
0 269 437 333.37481670532674
0 292 438 109.0572019988731
0 295 439 209.50077595580922
0 301 440 221.26774087252645
0 273 443 273.0304492486755
0 296 444 232.15456365965088
0 351 445 498.9347106375038
0 330 447 173.46869859309876
0 305 450 219.93214793218988
0 293 451 137.97907057895938
0 371 452 358.3014802143332
0 287 453 230.80662692777182
0 299 456 204.29805822535377
0 324 461 149.17686144353718
0 304 462 184.788766150773
0 332 463 243.47880098574484
0 308 464 264.3194523425654
0 342 465 139.64953636651185
0 316 466 162.69959342596206
0 310 467 196.48716806691883
0 361 469 145.73362213878644
0 339 470 171.60451789591042
0 321 472 171.0998292491173
0 322 473 227.48935568405219
0 328 474 165.56762704588405
0 335 475 279.05079375930234
0 323 477 130.3455678571362
0 368 478 135.83362655487707
0 343 481 334.6847157760009
0 326 482 475.35549911543137
0 311 484 266.84486845569876
0 352 485 107.3537834634814
0 365 486 373.9443679937877
0 377 489 198.68853282185245
0 369 493 195.12495128335715
0 334 494 215.07922202756185
0 381 495 148.6968519960237
0 348 496 159.66678730900924
0 329 502 256.50499812902217
0 379 503 351.7075688896785
0 341 504 236.4409812040507
0 360 505 133.42752748542253
0 408 508 237.79688705105113
0 388 509 441.14307621090927
0 356 513 183.6343078804012
0 421 514 456.3538781964013
0 402 515 163.29441486175145
0 362 516 114.4773928994771
0 403 517 119.41292331984008
0 374 518 346.1897946617672
0 399 519 322.8706151686615
0 400 520 301.25375036069363
0 354 521 189.4698064546293
0 358 525 114.06224494478654
0 375 528 157.59290342282267
0 376 529 166.48057043842462
0 389 530 419.9032110156035
0 405 532 331.4414068249144
0 383 535 161.38797450454905
0 409 536 405.04656363989176
0 385 538 187.1876150940205
0 436 539 497.82631450144163
0 384 541 227.7602766049616
0 386 542 193.8346203099373
0 418 543 157.96810642678145
0 387 544 181.02351581402456
0 431 545 440.3839220595853
0 425 547 251.44230135159927
0 423 548 457.8495267170739
0 439 552 250.59269480243057
0 416 553 378.5190230603265
0 429 554 242.52585612968005
0 427 556 224.30103359371768
0 395 557 337.5929012433248
0 435 558 255.31694458170304
0 411 560 276.72452895418047
0 437 561 239.20959335463004
0 452 568 186.30239208436566
0 440 571 168.49689886138256
0 446 573 152.76189810201453
0 430 575 465.6658370906654
0 542 577 127.09718449687337
0 453 579 294.0709627899941
0 442 581 264.12969818174463
0 434 585 195.68045933521518
0 461 588 366.866220632302
0 464 592 146.94275936328717
0 422 593 316.58135037746985
0 457 594 393.27933948112036
0 449 595 173.80329060702533
0 484 596 286.94285708421785
0 447 597 159.97627610117559
0 476 599 214.24744399206924
0 428 601 199.71066906914743
0 477 602 419.47413017807105
0 547 603 131.62815982561318
0 448 604 225.9561514413324
0 548 605 158.1082665329717
0 544 606 121.45233023025912
0 471 609 216.27177627135862
0 468 610 168.89902048487096
0 489 613 234.9632658423101
0 500 615 240.95174786864862
0 486 616 437.485965302623
0 545 618 165.17815273598822
0 445 620 475.2593875940824
0 490 621 237.29305810408584
0 474 622 442.7619630224495
0 473 624 257.2046065661067
0 493 625 320.82947607960875
0 478 628 142.9967442812693
0 557 629 319.89731079596146
0 501 631 245.1110421855261
0 488 632 248.77183370298192
0 502 633 219.78379798857907
0 552 635 111.96681388274514
0 515 637 473.9160549178504
0 553 638 119.36960115114728
0 509 639 185.08738059441663
0 506 640 238.84600866295008
0 507 641 237.21500137573597
0 520 642 217.44977994785523
0 513 643 267.22075595407466
0 512 644 242.34783595355827
0 480 645 381.29429759072013
0 469 649 288.3088874534062
0 563 650 130.6009590721465
0 523 652 238.51414298011605
0 494 654 148.40741180080704
0 562 656 116.92344146481017
0 519 658 129.90105363519666
0 510 659 152.727090662393
0 532 660 229.95722812245978
0 514 661 209.6724792323564
0 534 662 287.4909544415727
0 504 663 139.08088588832555
0 516 664 112.61915748234144
0 538 665 265.0244220722994
0 531 666 293.08823271224014
0 524 667 234.40374515833332
0 533 669 222.0470256643193
0 539 670 114.16220500538039
0 537 671 128.38349907985486
0 529 672 180.29850694941476
0 551 673 205.69981112446843
0 567 677 112.56858312150536
0 540 678 134.22134660750453
0 535 679 488.52723397982453
0 565 680 333.07483654687417
0 569 685 241.63425438673875
0 575 699 252.49046118458747

0 784.0 306.0
0 791.0 307.0
0 782.0 312.0
0 837.0 314.0
0 845.0 316.0
0 850.0 317.0
0 784.0 318.0
0 803.0 319.0
0 742.0 320.0
0 751.0 322.0
0 815.0 323.0
0 700.0 327.0
0 710.0 327.0
0 705.0 328.0
0 741.0 328.0
0 789.0 329.0
0 801.0 329.0
0 629.0 330.0
0 634.0 331.0
0 666.0 331.0
0 769.0 331.0
0 851.0 331.0
0 599.0 332.0
0 604.0 332.0
0 639.0 332.0
0 811.0 332.0
0 594.0 333.0
0 586.0 335.0
0 644.0 335.0
0 650.0 336.0
0 655.0 336.0
0 669.0 336.0
0 605.0 338.0
0 778.0 338.0
0 581.0 339.0
0 612.0 340.0
0 691.0 340.0
0 857.0 340.0
0 655.0 341.0
0 709.0 341.0
0 830.0 341.0
0 800.0 342.0
0 812.0 342.0
0 779.0 343.0
0 867.0 343.0
0 645.0 344.0
0 591.0 345.0
0 603.0 345.0
0 635.0 346.0
0 617.0 349.0
0 680.0 349.0
0 628.0 350.0
0 662.0 350.0
0 575.0 352.0
0 580.0 352.0
0 845.0 352.0
0 570.0 353.0
0 591.0 354.0
0 611.0 357.0
0 626.0 358.0
0 581.0 359.0
0 638.0 359.0
0 547.0 361.0
0 664.0 363.0
0 646.0 365.0
0 590.0 366.0
0 548.0 367.0
0 556.0 370.0
0 656.0 371.0
0 819.0 371.0
0 549.0 372.0
0 632.0 372.0
0 612.0 373.0
0 798.0 374.0
0 803.0 374.0
0 826.0 375.0
0 543.0 376.0
0 585.0 377.0
0 793.0 378.0
0 959.0 378.0
0 590.0 379.0
0 816.0 379.0
0 948.0 379.0
0 964.0 379.0
0 554.0 380.0
0 646.0 381.0
0 620.0 382.0
0 786.0 385.0
0 807.0 386.0
0 820.0 387.0
0 828.0 387.0
0 919.0 387.0
0 1011.0 387.0
0 1003.0 388.0
0 939.0 390.0
0 802.0 391.0
0 893.0 391.0
0 640.0 392.0
0 782.0 392.0
0 915.0 392.0
0 995.0 392.0
0 1012.0 392.0
0 812.0 394.0
0 620.0 395.0
0 932.0 396.0
0 914.0 397.0
0 793.0 398.0
0 1017.0 398.0
0 586.0 399.0
0 806.0 399.0
0 635.0 400.0
0 897.0 401.0
0 993.0 401.0
0 565.0 402.0
0 597.0 402.0
0 821.0 402.0
0 786.0 403.0
0 778.0 404.0
0 903.0 404.0
0 911.0 404.0
0 801.0 405.0
0 1003.0 405.0
0 544.0 406.0
0 556.0 407.0
0 645.0 408.0
0 910.0 409.0
0 938.0 409.0
0 1012.0 410.0
0 660.0 411.0
0 764.0 411.0
0 890.0 412.0
0 957.0 412.0
0 614.0 413.0
0 778.0 413.0
0 668.0 414.0
0 792.0 414.0
0 901.0 414.0
0 1024.0 414.0
0 628.0 415.0
0 912.0 415.0
0 551.0 416.0
0 937.0 416.0
0 683.0 417.0
0 868.0 417.0
0 990.0 417.0
0 556.0 418.0
0 641.0 418.0
0 808.0 418.0
0 539.0 420.0
0 587.0 420.0
0 627.0 420.0
0 564.0 421.0
0 695.0 421.0
0 756.0 421.0
0 785.0 421.0
0 803.0 421.0
0 904.0 421.0
0 701.0 422.0
0 796.0 422.0
0 883.0 422.0
0 601.0 423.0
0 1012.0 423.0
0 548.0 424.0
0 615.0 424.0
0 649.0 424.0
0 1028.0 424.0
0 627.0 425.0
0 713.0 425.0
0 845.0 425.0
0 1007.0 425.0
0 659.0 426.0
0 890.0 426.0
0 936.0 426.0
0 720.0 427.0
0 636.0 428.0
0 725.0 428.0
0 1019.0 428.0
0 900.0 429.0
0 674.0 430.0
0 731.0 430.0
0 837.0 430.0
0 863.0 430.0
0 556.0 431.0
0 707.0 431.0
0 910.0 431.0
0 984.0 431.0
0 682.0 432.0
0 739.0 432.0
0 818.0 432.0
0 936.0 432.0
0 607.0 433.0
0 744.0 433.0
0 797.0 433.0
0 949.0 433.0
0 1017.0 433.0
0 565.0 434.0
0 641.0 435.0
0 692.0 435.0
0 884.0 435.0
0 893.0 435.0
0 1030.0 435.0
0 1011.0 436.0
0 536.0 437.0
0 752.0 437.0
0 700.0 438.0
0 705.0 439.0
0 831.0 439.0
0 902.0 439.0
0 800.0 440.0
0 826.0 440.0
0 1002.0 440.0
0 551.0 441.0
0 719.0 441.0
0 821.0 441.0
0 927.0 441.0
0 934.0 441.0
0 986.0 443.0
0 613.0 444.0
0 628.0 444.0
0 727.0 444.0
0 952.0 444.0
0 735.0 445.0
0 848.0 445.0
0 922.0 445.0
0 970.0 445.0
0 1028.0 445.0
0 1050.0 445.0
0 912.0 446.0
0 645.0 447.0
0 621.0 448.0
0 752.0 449.0
0 1050.0 450.0
0 831.0 451.0
0 933.0 452.0
0 769.0 454.0
0 987.0 454.0
0 847.0 455.0
0 891.0 455.0
0 924.0 455.0
0 950.0 455.0
0 999.0 455.0
0 659.0 456.0
0 783.0 456.0
0 853.0 456.0
0 969.0 456.0
0 1052.0 456.0
0 1029.0 457.0
0 620.0 460.0
0 697.0 460.0
0 787.0 461.0
0 756.0 463.0
0 923.0 463.0
0 839.0 464.0
0 995.0 464.0
0 662.0 465.0
0 769.0 465.0
0 797.0 465.0
0 878.0 465.0
0 680.0 466.0
0 601.0 467.0
0 672.0 467.0
0 636.0 468.0
0 777.0 468.0
0 653.0 470.0
0 693.0 470.0
0 631.0 471.0
0 865.0 471.0
0 702.0 472.0
0 957.0 472.0
0 622.0 473.0
0 823.0 473.0
0 599.0 474.0
0 673.0 474.0
0 888.0 474.0
0 656.0 475.0
0 777.0 475.0
0 800.0 475.0
0 1002.0 475.0
0 1007.0 475.0
0 1039.0 475.0
0 726.0 476.0
0 913.0 476.0
0 554.0 477.0
0 805.0 478.0
0 935.0 478.0
0 661.0 479.0
0 688.0 479.0
0 922.0 479.0
0 1051.0 479.0
0 1005.0 480.0
0 854.0 481.0
0 877.0 481.0
0 1031.0 481.0
0 671.0 482.0
0 759.0 482.0
0 771.0 482.0
0 641.0 483.0
0 660.0 484.0
0 699.0 484.0
0 866.0 484.0
0 955.0 484.0
0 721.0 485.0
0 779.0 485.0
0 933.0 485.0
0 1049.0 485.0
0 680.0 486.0
0 648.0 487.0
0 1005.0 487.0
0 638.0 488.0
0 805.0 488.0
0 888.0 490.0
0 665.0 491.0
0 687.0 491.0
0 845.0 491.0
0 1049.0 492.0
0 616.0 493.0
0 634.0 493.0
0 643.0 493.0
0 788.0 493.0
0 1030.0 494.0
0 673.0 495.0
0 715.0 495.0
0 762.0 495.0
0 624.0 496.0
0 907.0 496.0
0 652.0 497.0
0 661.0 497.0
0 929.0 498.0
0 752.0 499.0
0 848.0 499.0
0 1030.0 499.0
0 840.0 500.0
0 855.0 500.0
0 601.0 501.0
0 640.0 501.0
0 680.0 501.0
0 743.0 501.0
0 825.0 501.0
0 669.0 502.0
0 834.0 502.0
0 659.0 503.0
0 755.0 504.0
0 917.0 504.0
0 1030.0 504.0
0 557.0 505.0
0 647.0 505.0
0 749.0 506.0
0 611.0 507.0
0 719.0 507.0
0 780.0 507.0
0 1048.0 507.0
0 623.0 508.0
0 603.0 509.0
0 654.0 509.0
0 897.0 509.0
0 742.0 511.0
0 791.0 511.0
0 879.0 512.0
0 762.0 513.0
0 828.0 513.0
0 542.0 514.0
0 571.0 514.0
0 615.0 514.0
0 1046.0 514.0
0 633.0 516.0
0 725.0 516.0
0 753.0 517.0
0 785.0 517.0
0 766.0 518.0
0 604.0 519.0
0 624.0 520.0
0 654.0 520.0
0 825.0 521.0
0 1027.0 521.0
0 599.0 522.0
0 580.0 523.0
0 672.0 523.0
0 735.0 523.0
0 758.0 523.0
0 770.0 523.0
0 531.0 524.0
0 646.0 524.0
0 908.0 524.0
0 730.0 525.0
0 635.0 526.0
0 825.0 526.0
0 773.0 528.0
0 685.0 529.0
0 748.0 529.0
0 528.0 530.0
0 553.0 531.0
0 823.0 531.0
0 656.0 532.0
0 951.0 532.0
0 933.0 534.0
0 636.0 535.0
0 741.0 535.0
0 1044.0 535.0
0 825.0 536.0
0 891.0 536.0
0 649.0 537.0
0 676.0 537.0
0 1004.0 537.0
0 550.0 538.0
0 691.0 538.0
0 975.0 538.0
0 583.0 539.0
0 663.0 539.0
0 755.0 539.0
0 1026.0 539.0
0 1043.0 540.0
0 780.0 541.0
0 827.0 542.0
0 656.0 543.0
0 747.0 543.0
0 968.0 544.0
0 913.0 545.0
0 523.0 546.0
0 578.0 546.0
0 989.0 546.0
0 564.0 547.0
0 599.0 547.0
0 671.0 547.0
0 685.0 547.0
0 1015.0 548.0
0 781.0 549.0
0 791.0 549.0
0 663.0 551.0
0 770.0 551.0
0 581.0 552.0
0 978.0 552.0
0 994.0 552.0
0 575.0 553.0
0 606.0 553.0
0 891.0 554.0
0 563.0 555.0
0 679.0 555.0
0 700.0 555.0
0 962.0 555.0
0 590.0 556.0
0 835.0 557.0
0 923.0 557.0
0 515.0 559.0
0 890.0 559.0
0 604.0 560.0
0 670.0 560.0
0 704.0 560.0
0 547.0 561.0
0 839.0 562.0
0 757.0 563.0
0 789.0 563.0
0 994.0 563.0
0 513.0 564.0
0 888.0 564.0
0 691.0 566.0
0 908.0 566.0
0 972.0 566.0
0 585.0 567.0
0 934.0 568.0
0 511.0 569.0
0 621.0 569.0
0 960.0 569.0
0 987.0 570.0
0 921.0 571.0
0 1006.0 572.0
0 592.0 573.0
0 858.0 573.0
0 880.0 573.0
0 1040.0 573.0
0 535.0 574.0
0 575.0 574.0
0 676.0 574.0
0 864.0 575.0
0 872.0 575.0
0 951.0 575.0
0 607.0 576.0
0 697.0 576.0
0 981.0 576.0
0 543.0 577.0
0 1008.0 577.0
0 716.0 578.0
0 617.0 579.0
0 631.0 579.0
0 636.0 579.0
0 1003.0 579.0
0 841.0 580.0
0 602.0 582.0
0 1010.0 582.0
0 509.0 584.0
0 533.0 584.0
0 703.0 584.0
0 625.0 585.0
0 682.0 585.0
0 802.0 586.0
0 944.0 586.0
0 542.0 587.0
0 780.0 587.0
0 1013.0 587.0
0 569.0 588.0
0 823.0 588.0
0 509.0 589.0
0 597.0 589.0
0 1006.0 589.0
0 707.0 591.0
0 943.0 591.0
0 872.0 592.0
0 772.0 593.0
0 508.0 594.0
0 574.0 594.0
0 594.0 594.0
0 647.0 595.0
0 612.0 596.0
0 710.0 598.0
0 943.0 598.0
0 508.0 599.0
0 531.0 599.0
0 887.0 599.0
0 541.0 600.0
0 690.0 600.0
0 613.0 601.0
0 622.0 602.0
0 1006.0 602.0
0 713.0 603.0
0 944.0 603.0
0 509.0 604.0
0 904.0 604.0
0 1036.0 605.0
0 1005.0 607.0
0 776.0 608.0
0 947.0 608.0
0 696.0 609.0
0 1000.0 609.0
0 602.0 612.0
0 999.0 614.0
0 992.0 615.0
0 807.0 616.0
0 621.0 617.0
0 699.0 617.0
0 960.0 617.0
0 511.0 618.0
0 966.0 618.0
0 983.0 619.0
0 971.0 620.0
0 538.0 621.0
0 976.0 621.0
0 512.0 623.0
0 859.0 623.0
0 608.0 631.0
0 667.0 632.0
0 705.0 632.0
0 856.0 633.0
0 562.0 634.0
0 575.0 634.0
0 648.0 636.0
0 539.0 637.0
0 516.0 638.0
0 598.0 640.0
0 807.0 642.0
0 540.0 644.0
0 668.0 644.0
0 663.0 645.0
0 619.0 647.0
0 806.0 647.0
0 1031.0 647.0
0 658.0 648.0
0 649.0 649.0
0 228.0 650.0
0 521.0 652.0
0 630.0 652.0
0 805.0 652.0
0 29.0 653.0
0 552.0 653.0
0 643.0 653.0
0 547.0 654.0
0 788.0 658.0
0 677.0 659.0
0 781.0 659.0
0 92.0 661.0
0 850.0 661.0
0 616.0 662.0
0 1030.0 662.0
0 655.0 663.0
0 1045.0 663.0
0 634.0 666.0
0 602.0 668.0
0 625.0 668.0
0 679.0 668.0
0 800.0 668.0
0 779.0 669.0
0 983.0 670.0
0 339.0 673.0
0 530.0 673.0
0 564.0 673.0
0 680.0 673.0
0 1030.0 676.0
0 629.0 677.0
0 563.0 678.0
0 644.0 678.0
0 795.0 678.0
0 558.0 680.0
0 815.0 680.0
0 681.0 681.0
0 1029.0 681.0
0 238.0 682.0
0 666.0 683.0
0 257.0 684.0
0 297.0 684.0
0 747.0 684.0
0 1018.0 685.0
0 619.0 686.0
0 653.0 686.0
0 841.0 686.0
0 326.0 687.0
0 539.0 688.0
0 345.0 689.0
0 847.0 689.0
0 1027.0 689.0
0 280.0 690.0
0 364.0 691.0
0 576.0 691.0
0 680.0 691.0
0 571.0 692.0
0 784.0 692.0
0 356.0 694.0
0 628.0 694.0
0 1011.0 694.0
0 330.0 695.0
0 828.0 695.0
0 633.0 696.0
0 114.0 697.0
0 150.0 697.0
0 584.0 697.0
0 770.0 699.0
0 568.0 701.0
0 680.0 701.0
0 372.0 702.0
0 841.0 702.0
0 818.0 703.0
0 362.0 704.0
0 550.0 704.0
0 578.0 704.0
0 589.0 704.0
0 1023.0 709.0
0 583.0 710.0
0 601.0 713.0
0 671.0 713.0
0 254.0 714.0
0 588.0 714.0
0 1022.0 714.0
0 676.0 715.0
0 229.0 716.0
0 814.0 718.0
0 593.0 719.0
0 618.0 723.0
0 660.0 723.0
0 1458.0 725.0
0 344.0 726.0
0 597.0 727.0
0 941.0 727.0
0 647.0 728.0
0 1023.0 728.0
0 637.0 729.0
0 615.0 730.0
0 662.0 731.0
0 987.0 732.0
0 630.0 736.0
0 637.0 737.0
0 646.0 737.0
0 431.0 739.0
0 719.0 740.0
0 937.0 741.0
0 1021.0 741.0
0 672.0 742.0
0 594.0 744.0
0 663.0 746.0
0 710.0 746.0
0 1141.0 746.0
0 339.0 747.0
0 985.0 747.0
0 623.0 759.0
0 1012.0 781.0
0 861.0 788.0
0 615.0 794.0
0 1013.0 796.0
0 77.0 797.0
0 733.0 797.0
0 811.0 797.0
0 252.0 805.0
0 1085.0 805.0
0 240.0 806.0
0 54.0 807.0
0 522.0 807.0
0 1115.0 808.0
0 1109.0 829.0
0 275.0 832.0
0 1418.0 832.0
0 712.0 834.0
0 332.0 835.0
0 311.0 839.0
0 667.0 841.0
0 980.0 842.0
0 1295.0 844.0
0 129.0 845.0
0 416.0 852.0
0 45.0 854.0
0 303.0 857.0
0 330.0 857.0
0 96.0 859.0
0 389.0 859.0
0 439.0 861.0
0 356.0 864.0
0 127.0 865.0
0 1115.0 867.0
0 329.0 876.0
0 109.0 883.0
0 1308.0 885.0
0 666.0 893.0
0 394.0 894.0
0 679.0 895.0
0 580.0 897.0
0 571.0 909.0
0 830.0 909.0
0 129.0 910.0
0 370.0 911.0
0 1075.0 913.0
0 1407.0 913.0
0 434.0 920.0
0 897.0 920.0
0 1079.0 926.0
0 1273.0 928.0
0 630.0 937.0
0 770.0 938.0
0 1256.0 943.0
0 769.0 948.0
0 765.0 957.0
0 1022.0 959.0
0 791.0 960.0
0 630.0 967.0
0 654.0 967.0
0 684.0 971.0
0 120.0 973.0
0 1085.0 978.0
0 1350.0 987.0
0 550.0 989.0
1 1006.0 114.0
1 859.0 354.0
1 779.0 356.0
1 875.0 356.0
1 899.0 356.0
1 878.0 362.0
1 900.0 372.0
1 917.0 381.0
1 878.0 382.0
1 873.0 383.0
1 1069.0 384.0
1 891.0 386.0
1 740.0 389.0
1 734.0 391.0
1 1010.0 391.0
1 1053.0 391.0
1 704.0 392.0
1 983.0 392.0
1 1005.0 392.0
1 1074.0 392.0
1 697.0 393.0
1 662.0 394.0
1 721.0 396.0
1 731.0 397.0
1 899.0 397.0
1 860.0 399.0
1 697.0 400.0
1 661.0 401.0
1 687.0 401.0
1 672.0 402.0
1 726.0 406.0
1 898.0 406.0
1 979.0 406.0
1 1072.0 406.0
1 1081.0 406.0
1 690.0 408.0
1 704.0 408.0
1 1059.0 408.0
1 672.0 409.0
1 1003.0 409.0
1 646.0 410.0
1 682.0 410.0
1 626.0 411.0
1 879.0 411.0
1 1021.0 411.0
1 637.0 414.0
1 712.0 414.0
1 721.0 414.0
1 1070.0 415.0
1 753.0 419.0
1 789.0 419.0
1 843.0 419.0
1 891.0 419.0
1 985.0 419.0
1 1088.0 419.0
1 738.0 420.0
1 743.0 420.0
1 748.0 420.0
1 759.0 420.0
1 768.0 420.0
1 776.0 420.0
1 784.0 420.0
1 795.0 420.0
1 816.0 420.0
1 824.0 420.0
1 829.0 420.0
1 838.0 420.0
1 967.0 420.0
1 1050.0 420.0
1 1063.0 420.0
1 851.0 421.0
1 1004.0 421.0
1 1034.0 421.0
1 646.0 422.0
1 730.0 423.0
1 955.0 423.0
1 671.0 424.0
1 676.0 425.0
1 716.0 425.0
1 1064.0 427.0
1 625.0 428.0
1 784.0 428.0
1 802.0 428.0
1 807.0 428.0
1 980.0 428.0
1 1049.0 428.0
1 682.0 429.0
1 704.0 429.0
1 992.0 429.0
1 1015.0 429.0
1 1032.0 429.0
1 946.0 430.0
1 728.0 431.0
1 712.0 432.0
1 591.0 433.0
1 834.0 433.0
1 852.0 433.0
1 955.0 433.0
1 966.0 433.0
1 1103.0 433.0
1 596.0 434.0
1 605.0 434.0
1 748.0 434.0
1 817.0 434.0
1 871.0 434.0
1 646.0 435.0
1 682.0 435.0
1 734.0 435.0
1 764.0 435.0
1 775.0 435.0
1 797.0 435.0
1 826.0 435.0
1 784.0 436.0
1 841.0 437.0
1 1085.0 437.0
1 909.0 438.0
1 1043.0 440.0
1 930.0 441.0
1 886.0 442.0
1 935.0 442.0
1 1003.0 442.0
1 681.0 443.0
1 710.0 443.0
1 1008.0 443.0
1 588.0 444.0
1 724.0 444.0
1 1106.0 444.0
1 603.0 445.0
1 871.0 445.0
1 963.0 445.0
1 859.0 446.0
1 1039.0 446.0
1 878.0 448.0
1 726.0 449.0
1 854.0 449.0
1 1086.0 450.0
1 1043.0 451.0
1 706.0 452.0
1 1025.0 452.0
1 1101.0 453.0
1 727.0 455.0
1 897.0 455.0
1 917.0 455.0
1 986.0 455.0
1 653.0 456.0
1 791.0 456.0
1 877.0 456.0
1 1003.0 456.0
1 640.0 457.0
1 700.0 457.0
1 860.0 457.0
1 1039.0 457.0
1 721.0 460.0
1 679.0 461.0
1 756.0 461.0
1 908.0 461.0
1 746.0 462.0
1 765.0 462.0
1 783.0 462.0
1 956.0 462.0
1 962.0 462.0
1 967.0 462.0
1 634.0 463.0
1 729.0 463.0
1 738.0 463.0
1 774.0 463.0
1 951.0 463.0
1 1041.0 463.0
1 688.0 464.0
1 975.0 464.0
1 614.0 465.0
1 870.0 465.0
1 858.0 466.0
1 878.0 466.0
1 900.0 466.0
1 980.0 466.0
1 1016.0 466.0
1 670.0 467.0
1 708.0 467.0
1 769.0 467.0
1 787.0 467.0
1 792.0 467.0
1 1107.0 467.0
1 1006.0 468.0
1 1100.0 468.0
1 732.0 469.0
1 741.0 469.0
1 750.0 470.0
1 801.0 470.0
1 987.0 470.0
1 603.0 471.0
1 677.0 471.0
1 697.0 471.0
1 759.0 471.0
1 904.0 471.0
1 589.0 472.0
1 780.0 472.0
1 810.0 472.0
1 887.0 472.0
1 920.0 472.0
1 768.0 473.0
1 938.0 473.0
1 732.0 474.0
1 1103.0 474.0
1 854.0 475.0
1 992.0 475.0
1 820.0 476.0
1 869.0 476.0
1 632.0 477.0
1 640.0 477.0
1 645.0 477.0
1 660.0 477.0
1 665.0 478.0
1 655.0 479.0
1 732.0 479.0
1 1105.0 479.0
1 786.0 480.0
1 995.0 480.0
1 694.0 481.0
1 933.0 481.0
1 599.0 482.0
1 921.0 482.0
1 928.0 482.0
1 1015.0 482.0
1 584.0 483.0
1 761.0 483.0
1 607.0 484.0
1 795.0 484.0
1 853.0 484.0
1 612.0 485.0
1 776.0 485.0
1 676.0 486.0
1 998.0 486.0
1 727.0 487.0
1 667.0 489.0
1 803.0 489.0
1 877.0 490.0
1 922.0 490.0
1 846.0 491.0
1 930.0 491.0
1 1000.0 491.0
1 583.0 492.0
1 864.0 493.0
1 597.0 494.0
1 811.0 494.0
1 792.0 495.0
1 797.0 496.0
1 909.0 496.0
1 1001.0 496.0
1 1100.0 496.0
1 612.0 497.0
1 656.0 498.0
1 928.0 499.0
1 819.0 500.0
1 1038.0 500.0
1 1093.0 500.0
1 1017.0 501.0
1 1029.0 501.0
1 1088.0 501.0
1 1000.0 503.0
1 928.0 504.0
1 1104.0 504.0
1 579.0 505.0
1 876.0 505.0
1 747.0 507.0
1 827.0 507.0
1 1063.0 507.0
1 811.0 509.0
1 591.0 511.0
1 816.0 511.0
1 931.0 511.0
1 1055.0 511.0
1 600.0 512.0
1 1000.0 512.0
1 835.0 513.0
1 1077.0 513.0
1 1102.0 514.0
1 699.0 515.0
1 1067.0 515.0
1 719.0 516.0
1 884.0 516.0
1 1092.0 516.0
1 709.0 517.0
1 1039.0 517.0
1 728.0 518.0
1 681.0 519.0
1 936.0 520.0
1 996.0 520.0
1 691.0 521.0
1 1068.0 522.0
1 609.0 524.0
1 1017.0 524.0
1 1052.0 524.0
1 1080.0 524.0
1 702.0 526.0
1 714.0 526.0
1 730.0 527.0
1 756.0 527.0
1 992.0 527.0
1 1068.0 527.0
1 634.0 528.0
1 943.0 528.0
1 675.0 529.0
1 696.0 529.0
1 1080.0 529.0
1 890.0 530.0
1 929.0 530.0
1 688.0 531.0
1 1093.0 531.0
1 607.0 532.0
1 984.0 532.0
1 1088.0 533.0
1 679.0 534.0
1 753.0 534.0
1 953.0 534.0
1 629.0 535.0
1 958.0 535.0
1 978.0 535.0
1 1058.0 535.0
1 1101.0 535.0
1 664.0 536.0
1 968.0 536.0
1 973.0 536.0
1 1072.0 536.0
1 1046.0 538.0
1 650.0 539.0
1 764.0 539.0
1 780.0 543.0
1 1043.0 543.0
1 1096.0 544.0
1 657.0 545.0
1 772.0 545.0
1 1018.0 546.0
1 747.0 548.0
1 1041.0 548.0
1 722.0 551.0
1 777.0 551.0
1 789.0 551.0
1 663.0 552.0
1 695.0 552.0
1 903.0 553.0
1 1040.0 553.0
1 706.0 554.0
1 737.0 556.0
1 1079.0 556.0
1 1103.0 556.0
1 621.0 557.0
1 865.0 557.0
1 892.0 557.0
1 760.0 558.0
1 592.0 559.0
1 785.0 559.0
1 939.0 559.0
1 976.0 560.0
1 1095.0 561.0
1 636.0 562.0
1 1040.0 562.0
1 796.0 563.0
1 1009.0 563.0
1 959.0 564.0
1 971.0 564.0
1 642.0 565.0
1 990.0 565.0
1 777.0 566.0
1 999.0 566.0
1 733.0 567.0
1 745.0 567.0
1 1091.0 567.0
1 652.0 569.0
1 907.0 569.0
1 770.0 574.0
1 615.0 575.0
1 743.0 575.0
1 760.0 575.0
1 796.0 575.0
1 893.0 575.0
1 1048.0 577.0
1 638.0 578.0
1 749.0 578.0
1 815.0 578.0
1 730.0 579.0
1 648.0 581.0
1 808.0 581.0
1 909.0 581.0
1 1080.0 582.0
1 1057.0 583.0
1 1064.0 584.0
1 1073.0 584.0
1 718.0 585.0
1 802.0 586.0
1 593.0 587.0
1 637.0 587.0
1 729.0 588.0
1 612.0 589.0
1 797.0 589.0
1 911.0 589.0
1 692.0 590.0
1 21.0 591.0
1 758.0 591.0
1 728.0 593.0
1 738.0 595.0
1 626.0 596.0
1 634.0 596.0
1 645.0 597.0
1 719.0 599.0
1 712.0 601.0
1 1040.0 601.0
1 751.0 605.0
1 684.0 606.0
1 735.0 606.0
1 1070.0 607.0
1 812.0 611.0
1 594.0 614.0
1 611.0 615.0
1 729.0 615.0
1 764.0 616.0
1 755.0 619.0
1 645.0 620.0
1 637.0 622.0
1 811.0 622.0
1 627.0 624.0
1 594.0 625.0
1 819.0 625.0
1 767.0 626.0
1 736.0 627.0
1 724.0 629.0
1 811.0 633.0
1 701.0 634.0
1 819.0 635.0
1 640.0 639.0
1 800.0 640.0
1 614.0 641.0
1 756.0 641.0
1 649.0 643.0
1 745.0 647.0
1 640.0 648.0
1 595.0 649.0
1 712.0 649.0
1 634.0 651.0
1 683.0 654.0
1 655.0 655.0
1 609.0 656.0
1 753.0 656.0
1 619.0 657.0
1 817.0 657.0
1 808.0 658.0
1 646.0 659.0
1 761.0 659.0
1 793.0 659.0
1 745.0 661.0
1 772.0 661.0
1 640.0 663.0
1 729.0 663.0
1 717.0 665.0
1 787.0 665.0
1 597.0 666.0
1 814.0 667.0
1 1100.0 670.0
1 611.0 672.0
1 699.0 672.0
1 806.0 672.0
1 887.0 673.0
1 778.0 674.0
1 627.0 675.0
1 668.0 675.0
1 801.0 676.0
1 874.0 677.0
1 717.0 678.0
1 771.0 678.0
1 810.0 678.0
1 595.0 679.0
1 722.0 679.0
1 847.0 679.0
1 727.0 680.0
1 890.0 680.0
1 799.0 682.0
1 661.0 683.0
1 1099.0 684.0
1 752.0 687.0
1 654.0 688.0
1 794.0 688.0
1 805.0 688.0
1 884.0 688.0
1 611.0 689.0
1 665.0 689.0
1 670.0 689.0
1 1100.0 689.0
1 596.0 691.0
1 879.0 692.0
1 636.0 693.0
1 675.0 694.0
1 683.0 694.0
1 1071.0 695.0
1 1085.0 695.0
1 786.0 696.0
1 1038.0 696.0
1 1052.0 696.0
1 799.0 697.0
1 1100.0 698.0
1 838.0 699.0
1 927.0 699.0
1 690.0 700.0
1 676.0 701.0
1 614.0 703.0
1 792.0 704.0
1 199.0 705.0
1 684.0 706.0
1 700.0 706.0
1 597.0 708.0
1 649.0 708.0
1 770.0 708.0
1 695.0 710.0
1 716.0 710.0
1 690.0 711.0
1 760.0 712.0
1 912.0 712.0
1 1083.0 712.0
1 169.0 713.0
1 750.0 713.0
1 1039.0 713.0
1 1098.0 713.0
1 731.0 714.0
1 331.0 716.0
1 702.0 718.0
1 771.0 719.0
1 597.0 720.0
1 689.0 720.0
1 622.0 721.0
1 763.0 721.0
1 798.0 721.0
1 729.0 723.0
1 756.0 723.0
1 1100.0 723.0
1 818.0 725.0
1 715.0 727.0
1 750.0 728.0
1 597.0 729.0
1 1100.0 729.0
1 740.0 730.0
1 1036.0 732.0
1 1082.0 732.0
1 597.0 734.0
1 101.0 736.0
1 259.0 738.0
1 342.0 738.0
1 422.0 739.0
1 598.0 739.0
1 274.0 741.0
1 296.0 741.0
1 1036.0 742.0
1 1080.0 742.0
1 701.0 744.0
1 436.0 745.0
1 425.0 747.0
1 1097.0 747.0
1 693.0 754.0
1 1037.0 755.0
1 128.0 756.0
1 1079.0 756.0
1 1097.0 758.0
1 1175.0 758.0
1 597.0 759.0
1 414.0 761.0
1 275.0 762.0
1 1165.0 769.0
1 1097.0 773.0
1 599.0 774.0
1 413.0 775.0
1 1095.0 789.0
1 863.0 797.0
1 703.0 800.0
1 1094.0 800.0
1 1095.0 812.0
1 542.0 815.0
1 1416.0 817.0
1 816.0 819.0
1 598.0 821.0
1 644.0 832.0
1 931.0 835.0
1 1091.0 837.0
1 618.0 844.0
1 729.0 846.0
1 734.0 846.0
1 730.0 851.0
1 620.0 855.0
1 636.0 855.0
1 75.0 858.0
1 223.0 861.0
1 729.0 861.0
1 966.0 869.0
1 730.0 877.0
1 615.0 882.0
1 736.0 893.0
1 739.0 898.0
1 744.0 904.0
1 618.0 905.0
