0 0 4 400.39291793112864
0 4 16 342.50228823573786
0 9 21 174.9254749081567
0 1 25 190.88983532962746
0 38 34 424.47018759610194
0 10 37 192.4112255601208
0 8 40 112.5617632539317
0 6 41 267.599197802898
0 7 42 124.72814157610419
0 2 43 193.1227677266162
0 11 44 189.3603366703755
0 12 55 117.12644913927794
0 68 66 396.5510407233081
0 16 69 150.97217286716645
0 14 73 372.2311628485379
0 13 74 211.83551462475788
0 21 75 180.97405439118825
0 76 80 352.2553859610704
0 20 81 193.99709464848033
0 94 84 210.9966751190433
0 29 85 186.93937156331873
0 18 87 344.64650307552523
0 30 89 141.34096195704964
0 32 90 133.73020117858337
0 25 94 299.51746121292564
0 44 97 149.7318124196999
0 23 98 227.07904007046844
0 37 102 152.76452703474823
0 34 106 170.45536609992539
0 27 107 439.2040814536769
0 56 110 148.85909142733686
0 26 112 161.2493496814893
0 36 116 170.7320910427814
0 35 117 170.46177405576142
0 45 120 213.79525528974605
0 31 121 211.23282866162302
0 61 124 139.5832291623941
0 48 125 390.3926528848533
0 43 126 198.5767801787961
0 63 128 187.93153855442552
0 39 129 120.55338731830909
0 75 130 296.5074533276732
0 40 131 126.5926286265884
0 46 133 150.34071083886386
0 51 135 153.7164929708846
0 47 137 357.7855583340548
0 42 141 191.78314072199703
0 65 142 181.82190201229398
0 41 144 110.4908372222288
0 83 146 132.88420839194515
0 150 148 323.2323045499992
0 50 153 114.81239429587451
0 53 154 130.05556495690672
0 60 155 158.29935261049982
0 69 157 192.31794996771436
0 107 159 240.72688625854872
0 55 161 211.6125044894711
0 95 164 166.8503452127685
0 102 168 157.70407925390398
0 96 170 176.87007359353362
0 54 172 157.57471248174394
0 70 173 297.92751524157444
0 119 174 348.8125204140123
0 100 178 183.4313654959296
0 74 179 210.43078302961615
0 91 183 152.70961644047088
0 78 184 364.873192050186
0 57 185 135.4661624788188
0 106 186 175.62912196305126
0 97 188 124.64865053617844
0 81 192 225.35014821111398
0 64 193 152.5855075374106
0 130 196 205.50363420848558
0 71 201 256.64276214239874
0 77 203 176.082607571738
0 108 204 228.79283298665513
0 123 206 211.77279773862838
0 98 207 154.65019888015783
0 101 208 156.54121976669248
0 122 209 266.6245844821309
0 79 210 238.64247082883344
0 114 212 202.2055268517877
0 121 213 217.35793988213567
0 92 215 345.02335360767586
0 82 216 165.5212856922567
0 87 220 227.27142004201423
0 120 221 198.8260443239966
0 126 222 150.50460151331563
0 103 223 180.95775542359337
0 88 224 377.6486301268878
0 90 225 303.43009771871505
0 113 226 434.72353939228105
0 148 228 147.42920071150348
0 115 230 116.11996670859814
0 116 234 148.889343460317
0 104 235 212.00185197540674
0 143 237 332.8878087089409
0 117 238 240.42701650064467
0 109 239 233.300462360604
0 93 240 366.4018802724054
0 155 241 203.1463485498205
0 145 243 255.63855791052262
0 125 244 407.2726248749289
0 124 246 203.7691895769946
0 149 248 189.08893038715902
0 132 249 177.74123954722918
0 134 250 145.46410489442218
0 136 251 142.7881102619473
0 156 252 408.77775392709833
0 135 255 122.5095939177256
0 139 257 293.4795446848647
0 140 262 142.3451461795494
0 162 263 430.2903640320666
0 196 266 442.6454379704795
0 137 268 152.5690646446365
0 174 269 390.2348345175096
0 153 270 155.0079669576828
0 163 275 151.80673659621772
0 164 276 153.69625715910092
0 133 277 237.94320553038867
0 161 279 131.63311701277877
0 170 280 152.96950031487953
0 154 284 186.93116504738623
0 192 288 346.1874730527876
0 152 291 262.1679637904402
0 177 292 114.20036777531331
0 179 294 112.07359126071046
0 178 295 138.2885786743244
0 186 298 295.85553646733604
0 182 299 271.58215897995075
0 157 300 157.98994403233323
0 190 301 191.79055099891673
0 184 302 147.07930748691277
0 172 303 158.78870489919834
0 207 304 361.99473208106537
0 211 305 359.74740597948795
0 160 307 227.32475593254486
0 188 309 224.90014880994272
0 167 310 408.5875587335532
0 218 312 262.9153484437585
0 224 314 295.5535069684161
0 193 318 135.42185580684057
0 203 319 192.00539077635236
0 222 320 252.79114246428938
0 204 321 273.7471805929013
0 201 322 166.7967327071287
0 176 324 291.32482412555925
0 216 325 395.21791769693414
0 191 327 188.35659777374508
0 180 329 288.7846551755596
0 185 331 283.3316994304307
0 181 332 252.8374295247533
0 251 335 438.81138232306273
0 229 336 237.37884047511093
0 235 337 382.47830990397927
0 264 338 492.8948348359376
0 205 339 206.23102986593005
0 225 341 237.39830541931033
0 198 342 248.02516734867658
0 237 343 199.99237089649594
0 232 345 493.63482027004363
0 228 347 370.6449120765237
0 226 348 338.6147088727032
0 239 349 236.90527772892423
0 249 353 499.93637268902154
0 247 354 403.1093586746506
0 242 355 216.448200046806
0 219 357 135.4261190087811
0 243 358 263.49267076702915
0 230 359 246.49409021241385
0 278 363 498.07279452290265
0 256 364 302.365047432602
0 245 365 192.85856580689355
0 250 366 178.3288726001858
0 231 369 301.2844785988773
0 260 370 408.6124865711504
0 282 371 314.24922150473185
0 252 372 331.6548051076199
0 275 373 125.43450305339402
0 236 374 365.5910810609392
0 259 376 369.10557676211437
0 262 377 156.65166215105722
0 267 378 343.30841137750804
0 286 381 345.7011939282077
0 240 382 197.71885558589528
0 257 383 279.73236941370925
0 276 384 261.50074901691045
0 263 385 368.69817617950804
0 289 387 276.6783458156093
0 279 389 477.73734750552245
0 277 391 400.35625210330784
0 284 393 112.50875054930884
0 311 394 388.7267676651242
0 280 396 130.64499499915746
0 319 397 327.930687638949
0 293 398 310.40688736595297
0 274 399 148.31000201374403
0 306 401 141.33173434053256
0 287 402 189.4872469055822
0 315 403 307.03639030727675
0 310 404 305.9764955372999
0 291 405 144.8663304312086
0 281 406 243.4864512063541
0 292 408 117.23786751837318
0 318 409 149.38264811592592
0 359 410 427.7764795318461
0 304 411 264.57240260093545
0 307 412 209.81909979547999
0 297 414 162.00316257928657
0 305 415 131.09248320050008
0 312 416 162.32376289831797
0 313 417 348.2258704600665
0 296 418 346.1838656913859
0 324 419 210.78297384977952
0 308 420 227.980839637309
0 330 423 283.98879530768596
0 329 424 162.69090019070381
0 323 425 274.3370382609967
0 343 426 171.84542939755315
0 322 428 212.02995755032154
0 339 430 158.11746043085392
0 333 431 127.52954798095892
0 314 432 221.27786751921582
0 302 433 270.6425787064606
0 299 434 226.45577319133992
0 327 435 123.0716233588797
0 338 437 252.2704688941976
0 331 438 144.9529053840451
0 344 440 191.3651262791682
0 357 441 178.73623380107213
0 328 443 235.10694061030188
0 316 444 284.75736064198827
0 347 446 250.67038561086542
0 352 447 129.09769284609308
0 340 449 117.25391060903945
0 345 450 213.42102941596445
0 351 451 118.31963874786047
0 335 453 233.84041311599663
0 341 455 131.02499478312154
0 348 456 123.35628596849686
0 336 457 278.40248778468185
0 358 458 180.37410507556757
0 362 460 234.73280197219464
0 350 461 164.5822111257398
0 356 462 153.18577944417024
0 386 463 223.51330494545297
0 365 464 215.17955018985245
0 353 465 383.22533060097214
0 361 467 226.10078005584188
0 420 468 322.83613385952685
0 379 469 122.14357207069601
0 381 470 212.8975797154884
0 363 472 212.40649651408168
0 364 473 208.93422996516895
0 369 474 141.91486080773444
0 372 475 182.16921137827904
0 374 476 227.0736308270445
0 371 477 171.6396299621215
0 382 478 131.2121201930405
0 380 479 268.78646962641454
0 391 480 335.89822236708596
0 393 483 365.9908419480706
0 395 485 104.96338997667274
0 398 489 130.3754690565653
0 389 490 326.80363010910196
0 385 492 308.8289482960692
0 412 493 236.07147342260185
0 392 494 223.03740544512948
0 402 495 142.5679559934068
0 387 496 120.07183462491615
0 396 497 147.318166878768
0 409 499 117.90939640119882
0 405 500 361.17989366675323
0 388 501 429.57200436146826
0 422 502 166.49613363184554
0 406 505 114.57268326561747
0 394 506 118.49969187086475
0 431 509 227.9295333611477
0 407 512 355.2579382515148
0 417 513 242.94810112083113
0 427 515 122.63964306672793
0 416 516 108.9243660936065
0 430 517 136.9134665313844
0 418 518 352.4254274917703
0 415 519 222.51539828642672
0 411 520 337.8628021207128
0 421 522 381.13760055648964
0 413 525 109.71571589874503
0 434 527 260.68827998527286
0 423 528 113.73865543210506
0 440 529 159.76646989021233
0 428 530 399.2094436552523
0 441 531 237.3448894299276
0 445 533 246.72173287984685
0 447 534 217.33513275576675
0 438 535 318.04871464627985
0 435 537 479.3232135926393
0 444 538 176.79866908999017
0 446 540 205.30764269489828
0 452 541 190.52147157403323
0 450 542 199.82612956527507
0 455 543 112.41559558191024
0 451 544 204.1668882492437
0 458 547 151.539136191979
0 454 548 287.06520712505255
0 479 550 151.0031268594445
0 469 551 124.88823700008874
0 443 552 336.95890718826706
0 448 553 360.8503975282593
0 456 556 288.53828784303255
0 466 557 369.66849247397073
0 483 561 428.64878685740956
0 464 562 345.8218692980424
0 496 569 396.939979245916
0 482 573 146.41874331275451
0 481 574 125.4576524368996
0 476 575 476.838846702633
0 478 576 120.9296927984221
0 485 581 211.31444089585236
0 474 583 386.9336782949768
0 471 584 224.68619569062596
0 480 585 230.82356808027828
0 502 587 229.56567191085955
0 492 588 123.51414077721546
0 500 592 180.7001926531998
0 526 594 252.1482712540619
0 503 595 401.50563272100743
0 507 596 261.7719770285838
0 489 597 299.91992167895074
0 509 599 172.74322637401016
0 531 602 308.23282641931195
0 517 604 241.7907881590766
0 510 607 240.226004556174
0 532 608 113.86020627862035
0 501 609 168.44973220281258
0 533 611 129.57441334871905
0 541 615 158.1154338072023
0 546 616 263.7750157163203
0 522 620 431.90197441946304
0 524 622 193.8163256700798
0 513 624 226.19288516116524
0 543 625 129.77513075776423
0 544 627 139.2593278767488
0 516 628 227.7361617482832
0 529 632 354.3487581584493
0 515 633 226.3402598919889
0 554 636 105.56707673508272
0 552 637 172.35644501764585
0 523 641 239.7668759115565
0 565 642 200.28257900044437
0 530 644 164.78770632943818
0 538 652 311.4619279963576
0 537 653 159.99771121438198
0 527 654 253.33319038823032
0 566 658 129.64975234565506
0 536 659 149.05940612092573
0 573 660 192.46592283107222
0 540 661 140.024604352333
0 551 662 157.58794453186172
0 534 663 299.102134656447
0 569 664 119.09891194531727
0 550 667 190.52292116697507
0 563 669 161.97211667132808
0 577 670 150.22483291877353
0 580 671 195.14830591769703
0 558 673 174.9753528533798
0 562 674 191.94836350023635
0 567 675 247.06762470591423
0 579 678 252.4880482828829
0 568 679 205.2729898628725
0 589 681 104.75792937756782
0 596 683 232.63083478757508
0 575 690 261.87784617961324
0 597 699 104.84063547467227
0 594 714 488.3152997063146
0 609 718 159.84489233212668
0 606 720 347.45957756359974
0 616 721 398.6220310145188
0 625 722 138.42271096609426
0 620 724 127.39705285819964
0 610 730 435.8402201280408
0 619 731 113.42425771347023
0 623 733 145.45530209264976
0 630 735 139.5661948857056
0 632 737 259.4100812074373

0 784.0 306.0
0 791.0 307.0
0 782.0 312.0
0 837.0 314.0
0 845.0 316.0
0 850.0 317.0
0 784.0 318.0
0 803.0 319.0
0 742.0 320.0
0 751.0 322.0
0 815.0 323.0
0 700.0 327.0
0 710.0 327.0
0 705.0 328.0
0 741.0 328.0
0 789.0 329.0
0 801.0 329.0
0 629.0 330.0
0 634.0 331.0
0 666.0 331.0
0 769.0 331.0
0 851.0 331.0
0 599.0 332.0
0 604.0 332.0
0 639.0 332.0
0 811.0 332.0
0 594.0 333.0
0 586.0 335.0
0 644.0 335.0
0 650.0 336.0
0 655.0 336.0
0 669.0 336.0
0 605.0 338.0
0 778.0 338.0
0 581.0 339.0
0 612.0 340.0
0 691.0 340.0
0 857.0 340.0
0 655.0 341.0
0 709.0 341.0
0 830.0 341.0
0 800.0 342.0
0 812.0 342.0
0 779.0 343.0
0 867.0 343.0
0 645.0 344.0
0 591.0 345.0
0 603.0 345.0
0 635.0 346.0
0 617.0 349.0
0 680.0 349.0
0 628.0 350.0
0 662.0 350.0
0 575.0 352.0
0 580.0 352.0
0 845.0 352.0
0 570.0 353.0
0 591.0 354.0
0 611.0 357.0
0 626.0 358.0
0 581.0 359.0
0 638.0 359.0
0 547.0 361.0
0 664.0 363.0
0 646.0 365.0
0 590.0 366.0
0 548.0 367.0
0 556.0 370.0
0 656.0 371.0
0 819.0 371.0
0 549.0 372.0
0 632.0 372.0
0 612.0 373.0
0 798.0 374.0
0 803.0 374.0
0 826.0 375.0
0 543.0 376.0
0 585.0 377.0
0 793.0 378.0
0 959.0 378.0
0 590.0 379.0
0 816.0 379.0
0 948.0 379.0
0 964.0 379.0
0 554.0 380.0
0 646.0 381.0
0 620.0 382.0
0 786.0 385.0
0 807.0 386.0
0 820.0 387.0
0 828.0 387.0
0 919.0 387.0
0 1011.0 387.0
0 1003.0 388.0
0 939.0 390.0
0 802.0 391.0
0 893.0 391.0
0 640.0 392.0
0 782.0 392.0
0 915.0 392.0
0 995.0 392.0
0 1012.0 392.0
0 812.0 394.0
0 620.0 395.0
0 932.0 396.0
0 914.0 397.0
0 793.0 398.0
0 1017.0 398.0
0 586.0 399.0
0 806.0 399.0
0 635.0 400.0
0 897.0 401.0
0 993.0 401.0
0 565.0 402.0
0 597.0 402.0
0 821.0 402.0
0 786.0 403.0
0 778.0 404.0
0 903.0 404.0
0 911.0 404.0
0 801.0 405.0
0 1003.0 405.0
0 544.0 406.0
0 556.0 407.0
0 645.0 408.0
0 910.0 409.0
0 938.0 409.0
0 1012.0 410.0
0 660.0 411.0
0 764.0 411.0
0 890.0 412.0
0 957.0 412.0
0 614.0 413.0
0 778.0 413.0
0 668.0 414.0
0 792.0 414.0
0 901.0 414.0
0 1024.0 414.0
0 628.0 415.0
0 912.0 415.0
0 551.0 416.0
0 937.0 416.0
0 683.0 417.0
0 868.0 417.0
0 990.0 417.0
0 556.0 418.0
0 641.0 418.0
0 808.0 418.0
0 539.0 420.0
0 587.0 420.0
0 627.0 420.0
0 564.0 421.0
0 695.0 421.0
0 756.0 421.0
0 785.0 421.0
0 803.0 421.0
0 904.0 421.0
0 701.0 422.0
0 796.0 422.0
0 883.0 422.0
0 601.0 423.0
0 1012.0 423.0
0 548.0 424.0
0 615.0 424.0
0 649.0 424.0
0 1028.0 424.0
0 627.0 425.0
0 713.0 425.0
0 845.0 425.0
0 1007.0 425.0
0 659.0 426.0
0 890.0 426.0
0 936.0 426.0
0 720.0 427.0
0 636.0 428.0
0 725.0 428.0
0 1019.0 428.0
0 900.0 429.0
0 674.0 430.0
0 731.0 430.0
0 837.0 430.0
0 863.0 430.0
0 556.0 431.0
0 707.0 431.0
0 910.0 431.0
0 984.0 431.0
0 682.0 432.0
0 739.0 432.0
0 818.0 432.0
0 936.0 432.0
0 607.0 433.0
0 744.0 433.0
0 797.0 433.0
0 949.0 433.0
0 1017.0 433.0
0 565.0 434.0
0 641.0 435.0
0 692.0 435.0
0 884.0 435.0
0 893.0 435.0
0 1030.0 435.0
0 1011.0 436.0
0 536.0 437.0
0 752.0 437.0
0 700.0 438.0
0 705.0 439.0
0 831.0 439.0
0 902.0 439.0
0 800.0 440.0
0 826.0 440.0
0 1002.0 440.0
0 551.0 441.0
0 719.0 441.0
0 821.0 441.0
0 927.0 441.0
0 934.0 441.0
0 986.0 443.0
0 613.0 444.0
0 628.0 444.0
0 727.0 444.0
0 952.0 444.0
0 735.0 445.0
0 848.0 445.0
0 922.0 445.0
0 970.0 445.0
0 1028.0 445.0
0 1050.0 445.0
0 912.0 446.0
0 645.0 447.0
0 621.0 448.0
0 752.0 449.0
0 1050.0 450.0
0 831.0 451.0
0 933.0 452.0
0 769.0 454.0
0 987.0 454.0
0 847.0 455.0
0 891.0 455.0
0 924.0 455.0
0 950.0 455.0
0 999.0 455.0
0 659.0 456.0
0 783.0 456.0
0 853.0 456.0
0 969.0 456.0
0 1052.0 456.0
0 1029.0 457.0
0 620.0 460.0
0 697.0 460.0
0 787.0 461.0
0 756.0 463.0
0 923.0 463.0
0 839.0 464.0
0 995.0 464.0
0 662.0 465.0
0 769.0 465.0
0 797.0 465.0
0 878.0 465.0
0 680.0 466.0
0 601.0 467.0
0 672.0 467.0
0 636.0 468.0
0 777.0 468.0
0 653.0 470.0
0 693.0 470.0
0 631.0 471.0
0 865.0 471.0
0 702.0 472.0
0 957.0 472.0
0 622.0 473.0
0 823.0 473.0
0 599.0 474.0
0 673.0 474.0
0 888.0 474.0
0 656.0 475.0
0 777.0 475.0
0 800.0 475.0
0 1002.0 475.0
0 1007.0 475.0
0 1039.0 475.0
0 726.0 476.0
0 913.0 476.0
0 554.0 477.0
0 805.0 478.0
0 935.0 478.0
0 661.0 479.0
0 688.0 479.0
0 922.0 479.0
0 1051.0 479.0
0 1005.0 480.0
0 854.0 481.0
0 877.0 481.0
0 1031.0 481.0
0 671.0 482.0
0 759.0 482.0
0 771.0 482.0
0 641.0 483.0
0 660.0 484.0
0 699.0 484.0
0 866.0 484.0
0 955.0 484.0
0 721.0 485.0
0 779.0 485.0
0 933.0 485.0
0 1049.0 485.0
0 680.0 486.0
0 648.0 487.0
0 1005.0 487.0
0 638.0 488.0
0 805.0 488.0
0 888.0 490.0
0 665.0 491.0
0 687.0 491.0
0 845.0 491.0
0 1049.0 492.0
0 616.0 493.0
0 634.0 493.0
0 643.0 493.0
0 788.0 493.0
0 1030.0 494.0
0 673.0 495.0
0 715.0 495.0
0 762.0 495.0
0 624.0 496.0
0 907.0 496.0
0 652.0 497.0
0 661.0 497.0
0 929.0 498.0
0 752.0 499.0
0 848.0 499.0
0 1030.0 499.0
0 840.0 500.0
0 855.0 500.0
0 601.0 501.0
0 640.0 501.0
0 680.0 501.0
0 743.0 501.0
0 825.0 501.0
0 669.0 502.0
0 834.0 502.0
0 659.0 503.0
0 755.0 504.0
0 917.0 504.0
0 1030.0 504.0
0 557.0 505.0
0 647.0 505.0
0 749.0 506.0
0 611.0 507.0
0 719.0 507.0
0 780.0 507.0
0 1048.0 507.0
0 623.0 508.0
0 603.0 509.0
0 654.0 509.0
0 897.0 509.0
0 742.0 511.0
0 791.0 511.0
0 879.0 512.0
0 762.0 513.0
0 828.0 513.0
0 542.0 514.0
0 571.0 514.0
0 615.0 514.0
0 1046.0 514.0
0 633.0 516.0
0 725.0 516.0
0 753.0 517.0
0 785.0 517.0
0 766.0 518.0
0 604.0 519.0
0 624.0 520.0
0 654.0 520.0
0 825.0 521.0
0 1027.0 521.0
0 599.0 522.0
0 580.0 523.0
0 672.0 523.0
0 735.0 523.0
0 758.0 523.0
0 770.0 523.0
0 531.0 524.0
0 646.0 524.0
0 908.0 524.0
0 730.0 525.0
0 635.0 526.0
0 825.0 526.0
0 773.0 528.0
0 685.0 529.0
0 748.0 529.0
0 528.0 530.0
0 553.0 531.0
0 823.0 531.0
0 656.0 532.0
0 951.0 532.0
0 933.0 534.0
0 636.0 535.0
0 741.0 535.0
0 1044.0 535.0
0 825.0 536.0
0 891.0 536.0
0 649.0 537.0
0 676.0 537.0
0 1004.0 537.0
0 550.0 538.0
0 691.0 538.0
0 975.0 538.0
0 583.0 539.0
0 663.0 539.0
0 755.0 539.0
0 1026.0 539.0
0 1043.0 540.0
0 780.0 541.0
0 827.0 542.0
0 656.0 543.0
0 747.0 543.0
0 968.0 544.0
0 913.0 545.0
0 523.0 546.0
0 578.0 546.0
0 989.0 546.0
0 564.0 547.0
0 599.0 547.0
0 671.0 547.0
0 685.0 547.0
0 1015.0 548.0
0 781.0 549.0
0 791.0 549.0
0 663.0 551.0
0 770.0 551.0
0 581.0 552.0
0 978.0 552.0
0 994.0 552.0
0 575.0 553.0
0 606.0 553.0
0 891.0 554.0
0 563.0 555.0
0 679.0 555.0
0 700.0 555.0
0 962.0 555.0
0 590.0 556.0
0 835.0 557.0
0 923.0 557.0
0 515.0 559.0
0 890.0 559.0
0 604.0 560.0
0 670.0 560.0
0 704.0 560.0
0 547.0 561.0
0 839.0 562.0
0 757.0 563.0
0 789.0 563.0
0 994.0 563.0
0 513.0 564.0
0 888.0 564.0
0 691.0 566.0
0 908.0 566.0
0 972.0 566.0
0 585.0 567.0
0 934.0 568.0
0 511.0 569.0
0 621.0 569.0
0 960.0 569.0
0 987.0 570.0
0 921.0 571.0
0 1006.0 572.0
0 592.0 573.0
0 858.0 573.0
0 880.0 573.0
0 1040.0 573.0
0 535.0 574.0
0 575.0 574.0
0 676.0 574.0
0 864.0 575.0
0 872.0 575.0
0 951.0 575.0
0 607.0 576.0
0 697.0 576.0
0 981.0 576.0
0 543.0 577.0
0 1008.0 577.0
0 716.0 578.0
0 617.0 579.0
0 631.0 579.0
0 636.0 579.0
0 1003.0 579.0
0 841.0 580.0
0 602.0 582.0
0 1010.0 582.0
0 509.0 584.0
0 533.0 584.0
0 703.0 584.0
0 625.0 585.0
0 682.0 585.0
0 802.0 586.0
0 944.0 586.0
0 542.0 587.0
0 780.0 587.0
0 1013.0 587.0
0 569.0 588.0
0 823.0 588.0
0 509.0 589.0
0 597.0 589.0
0 1006.0 589.0
0 707.0 591.0
0 943.0 591.0
0 872.0 592.0
0 772.0 593.0
0 508.0 594.0
0 574.0 594.0
0 594.0 594.0
0 647.0 595.0
0 612.0 596.0
0 710.0 598.0
0 943.0 598.0
0 508.0 599.0
0 531.0 599.0
0 887.0 599.0
0 541.0 600.0
0 690.0 600.0
0 613.0 601.0
0 622.0 602.0
0 1006.0 602.0
0 713.0 603.0
0 944.0 603.0
0 509.0 604.0
0 904.0 604.0
0 1036.0 605.0
0 1005.0 607.0
0 776.0 608.0
0 947.0 608.0
0 696.0 609.0
0 1000.0 609.0
0 602.0 612.0
0 999.0 614.0
0 992.0 615.0
0 807.0 616.0
0 621.0 617.0
0 699.0 617.0
0 960.0 617.0
0 511.0 618.0
0 966.0 618.0
0 983.0 619.0
0 971.0 620.0
0 538.0 621.0
0 976.0 621.0
0 512.0 623.0
0 859.0 623.0
0 608.0 631.0
0 667.0 632.0
0 705.0 632.0
0 856.0 633.0
0 562.0 634.0
0 575.0 634.0
0 648.0 636.0
0 539.0 637.0
0 516.0 638.0
0 598.0 640.0
0 807.0 642.0
0 540.0 644.0
0 668.0 644.0
0 663.0 645.0
0 619.0 647.0
0 806.0 647.0
0 1031.0 647.0
0 658.0 648.0
0 649.0 649.0
0 228.0 650.0
0 521.0 652.0
0 630.0 652.0
0 805.0 652.0
0 29.0 653.0
0 552.0 653.0
0 643.0 653.0
0 547.0 654.0
0 788.0 658.0
0 677.0 659.0
0 781.0 659.0
0 92.0 661.0
0 850.0 661.0
0 616.0 662.0
0 1030.0 662.0
0 655.0 663.0
0 1045.0 663.0
0 634.0 666.0
0 602.0 668.0
0 625.0 668.0
0 679.0 668.0
0 800.0 668.0
0 779.0 669.0
0 983.0 670.0
0 339.0 673.0
0 530.0 673.0
0 564.0 673.0
0 680.0 673.0
0 1030.0 676.0
0 629.0 677.0
0 563.0 678.0
0 644.0 678.0
0 795.0 678.0
0 558.0 680.0
0 815.0 680.0
0 681.0 681.0
0 1029.0 681.0
0 238.0 682.0
0 666.0 683.0
0 257.0 684.0
0 297.0 684.0
0 747.0 684.0
0 1018.0 685.0
0 619.0 686.0
0 653.0 686.0
0 841.0 686.0
0 326.0 687.0
0 539.0 688.0
0 345.0 689.0
0 847.0 689.0
0 1027.0 689.0
0 280.0 690.0
0 364.0 691.0
0 576.0 691.0
0 680.0 691.0
0 571.0 692.0
0 784.0 692.0
0 356.0 694.0
0 628.0 694.0
0 1011.0 694.0
0 330.0 695.0
0 828.0 695.0
0 633.0 696.0
0 114.0 697.0
0 150.0 697.0
0 584.0 697.0
0 770.0 699.0
0 568.0 701.0
0 680.0 701.0
0 372.0 702.0
0 841.0 702.0
0 818.0 703.0
0 362.0 704.0
0 550.0 704.0
0 578.0 704.0
0 589.0 704.0
0 1023.0 709.0
0 583.0 710.0
0 601.0 713.0
0 671.0 713.0
0 254.0 714.0
0 588.0 714.0
0 1022.0 714.0
0 676.0 715.0
0 229.0 716.0
0 814.0 718.0
0 593.0 719.0
0 618.0 723.0
0 660.0 723.0
0 1458.0 725.0
0 344.0 726.0
0 597.0 727.0
0 941.0 727.0
0 647.0 728.0
0 1023.0 728.0
0 637.0 729.0
0 615.0 730.0
0 662.0 731.0
0 987.0 732.0
0 630.0 736.0
0 637.0 737.0
0 646.0 737.0
0 431.0 739.0
0 719.0 740.0
0 937.0 741.0
0 1021.0 741.0
0 672.0 742.0
0 594.0 744.0
0 663.0 746.0
0 710.0 746.0
0 1141.0 746.0
0 339.0 747.0
0 985.0 747.0
0 623.0 759.0
0 1012.0 781.0
0 861.0 788.0
0 615.0 794.0
0 1013.0 796.0
0 77.0 797.0
0 733.0 797.0
0 811.0 797.0
0 252.0 805.0
0 1085.0 805.0
0 240.0 806.0
0 54.0 807.0
0 522.0 807.0
0 1115.0 808.0
0 1109.0 829.0
0 275.0 832.0
0 1418.0 832.0
0 712.0 834.0
0 332.0 835.0
0 311.0 839.0
0 667.0 841.0
0 980.0 842.0
0 1295.0 844.0
0 129.0 845.0
0 416.0 852.0
0 45.0 854.0
0 303.0 857.0
0 330.0 857.0
0 96.0 859.0
0 389.0 859.0
0 439.0 861.0
0 356.0 864.0
0 127.0 865.0
0 1115.0 867.0
0 329.0 876.0
0 109.0 883.0
0 1308.0 885.0
0 666.0 893.0
0 394.0 894.0
0 679.0 895.0
0 580.0 897.0
0 571.0 909.0
0 830.0 909.0
0 129.0 910.0
0 370.0 911.0
0 1075.0 913.0
0 1407.0 913.0
0 434.0 920.0
0 897.0 920.0
0 1079.0 926.0
0 1273.0 928.0
0 630.0 937.0
0 770.0 938.0
0 1256.0 943.0
0 769.0 948.0
0 765.0 957.0
0 1022.0 959.0
0 791.0 960.0
0 630.0 967.0
0 654.0 967.0
0 684.0 971.0
0 120.0 973.0
0 1085.0 978.0
0 1350.0 987.0
0 550.0 989.0
1 828.0 286.0
1 782.0 289.0
1 739.0 290.0
1 728.0 291.0
1 776.0 291.0
1 679.0 292.0
1 771.0 296.0
1 783.0 299.0
1 802.0 302.0
1 830.0 302.0
1 836.0 309.0
1 846.0 313.0
1 818.0 314.0
1 766.0 321.0
1 755.0 322.0
1 635.0 324.0
1 784.0 324.0
1 968.0 324.0
1 746.0 326.0
1 606.0 327.0
1 784.0 330.0
1 794.0 330.0
1 823.0 330.0
1 738.0 331.0
1 881.0 331.0
1 892.0 331.0
1 952.0 333.0
1 975.0 333.0
1 871.0 335.0
1 620.0 336.0
1 783.0 336.0
1 965.0 336.0
1 794.0 338.0
1 864.0 338.0
1 749.0 339.0
1 731.0 340.0
1 740.0 341.0
1 772.0 341.0
1 590.0 342.0
1 713.0 342.0
1 914.0 343.0
1 945.0 343.0
1 887.0 344.0
1 893.0 344.0
1 612.0 346.0
1 760.0 347.0
1 730.0 348.0
1 983.0 350.0
1 867.0 351.0
1 968.0 351.0
1 708.0 352.0
1 747.0 352.0
1 592.0 354.0
1 737.0 356.0
1 888.0 358.0
1 971.0 358.0
1 608.0 359.0
1 934.0 359.0
1 874.0 360.0
1 589.0 361.0
1 760.0 361.0
1 616.0 362.0
1 623.0 362.0
1 629.0 362.0
1 906.0 362.0
1 647.0 363.0
1 863.0 363.0
1 991.0 363.0
1 559.0 364.0
1 659.0 364.0
1 676.0 365.0
1 963.0 365.0
1 970.0 365.0
1 681.0 366.0
1 686.0 366.0
1 853.0 366.0
1 590.0 367.0
1 702.0 368.0
1 875.0 368.0
1 953.0 368.0
1 726.0 369.0
1 750.0 369.0
1 936.0 369.0
1 613.0 370.0
1 884.0 370.0
1 890.0 370.0
1 895.0 370.0
1 900.0 370.0
1 910.0 370.0
1 917.0 370.0
1 982.0 373.0
1 673.0 375.0
1 883.0 375.0
1 954.0 375.0
1 560.0 376.0
1 617.0 376.0
1 627.0 376.0
1 777.0 376.0
1 863.0 377.0
1 602.0 378.0
1 638.0 378.0
1 752.0 378.0
1 809.0 378.0
1 874.0 378.0
1 936.0 378.0
1 990.0 378.0
1 647.0 379.0
1 852.0 379.0
1 663.0 380.0
1 910.0 380.0
1 916.0 380.0
1 686.0 381.0
1 897.0 381.0
1 1014.0 381.0
1 680.0 382.0
1 702.0 382.0
1 719.0 383.0
1 880.0 383.0
1 603.0 384.0
1 609.0 384.0
1 691.0 384.0
1 780.0 384.0
1 786.0 384.0
1 792.0 384.0
1 990.0 384.0
1 930.0 386.0
1 807.0 387.0
1 1015.0 388.0
1 609.0 389.0
1 914.0 389.0
1 614.0 390.0
1 626.0 391.0
1 735.0 391.0
1 951.0 393.0
1 706.0 395.0
1 717.0 395.0
1 877.0 395.0
1 905.0 395.0
1 1018.0 395.0
1 825.0 397.0
1 726.0 398.0
1 562.0 399.0
1 704.0 400.0
1 834.0 400.0
1 604.0 401.0
1 813.0 401.0
1 875.0 401.0
1 950.0 401.0
1 617.0 403.0
1 661.0 403.0
1 553.0 404.0
1 638.0 404.0
1 820.0 404.0
1 773.0 405.0
1 884.0 405.0
1 633.0 406.0
1 796.0 407.0
1 905.0 407.0
1 920.0 407.0
1 925.0 407.0
1 952.0 407.0
1 993.0 407.0
1 614.0 408.0
1 726.0 408.0
1 751.0 408.0
1 559.0 409.0
1 603.0 409.0
1 840.0 410.0
1 584.0 411.0
1 620.0 411.0
1 677.0 411.0
1 827.0 411.0
1 879.0 412.0
1 562.0 414.0
1 570.0 414.0
1 999.0 414.0
1 849.0 415.0
1 987.0 415.0
1 722.0 416.0
1 710.0 417.0
1 789.0 417.0
1 794.0 417.0
1 818.0 417.0
1 554.0 418.0
1 727.0 418.0
1 784.0 418.0
1 651.0 420.0
1 745.0 420.0
1 753.0 420.0
1 902.0 420.0
1 676.0 421.0
1 878.0 421.0
1 1018.0 422.0
1 736.0 423.0
1 641.0 424.0
1 855.0 424.0
1 832.0 425.0
1 850.0 425.0
1 860.0 425.0
1 543.0 426.0
1 587.0 426.0
1 714.0 426.0
1 837.0 426.0
1 988.0 426.0
1 665.0 427.0
1 776.0 427.0
1 843.0 427.0
1 1018.0 427.0
1 530.0 428.0
1 816.0 428.0
1 525.0 429.0
1 648.0 429.0
1 520.0 430.0
1 748.0 430.0
1 829.0 430.0
1 1007.0 430.0
1 615.0 432.0
1 667.0 432.0
1 653.0 433.0
1 819.0 433.0
1 514.0 434.0
1 602.0 434.0
1 638.0 434.0
1 998.0 434.0
1 1019.0 435.0
1 704.0 436.0
1 667.0 437.0
1 572.0 438.0
1 583.0 438.0
1 693.0 438.0
1 771.0 438.0
1 547.0 439.0
1 608.0 439.0
1 660.0 440.0
1 679.0 440.0
1 759.0 440.0
1 541.0 441.0
1 992.0 441.0
1 506.0 442.0
1 731.0 442.0
1 845.0 442.0
1 583.0 443.0
1 689.0 443.0
1 710.0 443.0
1 749.0 443.0
1 671.0 444.0
1 827.0 444.0
1 839.0 444.0
1 592.0 445.0
1 616.0 445.0
1 700.0 446.0
1 652.0 447.0
1 769.0 447.0
1 583.0 448.0
1 712.0 448.0
1 760.0 449.0
1 597.0 450.0
1 668.0 450.0
1 751.0 450.0
1 620.0 451.0
1 588.0 452.0
1 633.0 452.0
1 680.0 452.0
1 769.0 452.0
1 645.0 453.0
1 497.0 454.0
1 655.0 455.0
1 699.0 455.0
1 752.0 455.0
1 850.0 455.0
1 738.0 456.0
1 723.0 457.0
1 605.0 458.0
1 633.0 458.0
1 829.0 458.0
1 986.0 458.0
1 595.0 459.0
1 769.0 460.0
1 1018.0 461.0
1 489.0 462.0
1 684.0 462.0
1 542.0 463.0
1 619.0 463.0
1 712.0 463.0
1 902.0 463.0
1 970.0 463.0
1 609.0 465.0
1 952.0 465.0
1 484.0 466.0
1 638.0 466.0
1 600.0 467.0
1 926.0 467.0
1 699.0 468.0
1 770.0 468.0
1 999.0 468.0
1 523.0 469.0
1 535.0 470.0
1 690.0 470.0
1 638.0 471.0
1 830.0 471.0
1 934.0 471.0
1 481.0 472.0
1 552.0 472.0
1 717.0 472.0
1 725.0 472.0
1 921.0 472.0
1 628.0 473.0
1 772.0 473.0
1 519.0 474.0
1 543.0 474.0
1 644.0 475.0
1 864.0 475.0
1 849.0 476.0
1 479.0 477.0
1 526.0 477.0
1 509.0 478.0
1 544.0 479.0
1 732.0 479.0
1 987.0 479.0
1 1018.0 479.0
1 559.0 480.0
1 687.0 480.0
1 714.0 480.0
1 723.0 480.0
1 933.0 480.0
1 602.0 481.0
1 709.0 481.0
1 514.0 482.0
1 826.0 482.0
1 971.0 482.0
1 635.0 483.0
1 913.0 483.0
1 553.0 485.0
1 947.0 485.0
1 754.0 487.0
1 824.0 487.0
1 542.0 488.0
1 637.0 488.0
1 647.0 488.0
1 927.0 488.0
1 698.0 489.0
1 850.0 490.0
1 567.0 491.0
1 740.0 491.0
1 782.0 491.0
1 735.0 492.0
1 999.0 492.0
1 648.0 493.0
1 919.0 494.0
1 611.0 495.0
1 912.0 495.0
1 945.0 495.0
1 503.0 496.0
1 553.0 496.0
1 730.0 496.0
1 816.0 496.0
1 934.0 496.0
1 869.0 498.0
1 877.0 498.0
1 1017.0 498.0
1 792.0 499.0
1 811.0 500.0
1 573.0 501.0
1 800.0 501.0
1 806.0 501.0
1 956.0 501.0
1 717.0 503.0
1 542.0 504.0
1 615.0 505.0
1 898.0 505.0
1 923.0 505.0
1 932.0 505.0
1 563.0 506.0
1 571.0 506.0
1 637.0 506.0
1 959.0 506.0
1 602.0 509.0
1 851.0 510.0
1 895.0 510.0
1 493.0 511.0
1 958.0 511.0
1 530.0 512.0
1 500.0 514.0
1 999.0 515.0
1 1017.0 515.0
1 621.0 516.0
1 865.0 516.0
1 722.0 517.0
1 551.0 518.0
1 642.0 518.0
1 742.0 519.0
1 664.0 520.0
1 892.0 520.0
1 582.0 521.0
1 712.0 521.0
1 792.0 521.0
1 967.0 521.0
1 946.0 522.0
1 490.0 523.0
1 553.0 524.0
1 624.0 524.0
1 659.0 524.0
1 498.0 526.0
1 807.0 527.0
1 892.0 527.0
1 469.0 528.0
1 819.0 528.0
1 646.0 529.0
1 1017.0 529.0
1 773.0 530.0
1 563.0 531.0
1 569.0 531.0
1 753.0 532.0
1 850.0 532.0
1 534.0 533.0
1 557.0 533.0
1 833.0 533.0
1 893.0 533.0
1 627.0 534.0
1 743.0 534.0
1 1017.0 534.0
1 648.0 536.0
1 956.0 537.0
1 714.0 538.0
1 872.0 538.0
1 963.0 538.0
1 999.0 538.0
1 490.0 540.0
1 629.0 540.0
1 881.0 540.0
1 498.0 541.0
1 545.0 541.0
1 649.0 541.0
1 780.0 543.0
1 959.0 543.0
1 631.0 546.0
1 850.0 546.0
1 651.0 548.0
1 756.0 550.0
1 632.0 551.0
1 904.0 551.0
1 952.0 551.0
1 595.0 553.0
1 529.0 554.0
1 910.0 554.0
1 946.0 555.0
1 915.0 557.0
1 941.0 557.0
1 585.0 558.0
1 634.0 558.0
1 922.0 559.0
1 927.0 559.0
1 935.0 559.0
1 654.0 560.0
1 597.0 562.0
1 495.0 564.0
1 532.0 565.0
1 635.0 565.0
1 556.0 567.0
1 636.0 570.0
1 999.0 570.0
1 672.0 572.0
1 657.0 573.0
1 601.0 575.0
1 756.0 575.0
1 637.0 576.0
1 747.0 576.0
1 582.0 577.0
1 589.0 578.0
1 519.0 579.0
1 999.0 583.0
1 541.0 589.0
1 639.0 589.0
1 1015.0 589.0
1 574.0 590.0
1 590.0 590.0
1 603.0 593.0
1 1015.0 594.0
1 723.0 597.0
1 821.0 597.0
1 563.0 598.0
1 732.0 599.0
1 504.0 600.0
1 577.0 600.0
1 601.0 600.0
1 596.0 601.0
1 998.0 601.0
1 541.0 602.0
1 640.0 602.0
1 585.0 605.0
1 639.0 607.0
1 572.0 609.0
1 722.0 609.0
1 731.0 610.0
1 639.0 613.0
1 577.0 614.0
1 751.0 616.0
1 584.0 617.0
1 603.0 619.0
1 709.0 619.0
1 517.0 620.0
1 553.0 621.0
1 750.0 621.0
1 590.0 624.0
1 639.0 624.0
1 693.0 624.0
1 702.0 624.0
1 516.0 625.0
1 714.0 625.0
1 511.0 627.0
1 675.0 627.0
1 686.0 630.0
1 694.0 632.0
1 569.0 634.0
1 527.0 636.0
1 513.0 637.0
1 574.0 637.0
1 593.0 637.0
1 638.0 637.0
1 579.0 638.0
1 712.0 641.0
1 723.0 641.0
1 602.0 642.0
1 534.0 644.0
1 740.0 644.0
1 519.0 645.0
1 1015.0 653.0
1 593.0 655.0
1 526.0 656.0
1 715.0 656.0
1 547.0 657.0
1 1015.0 658.0
1 997.0 661.0
1 810.0 662.0
1 594.0 663.0
1 1014.0 663.0
1 582.0 665.0
1 559.0 666.0
1 537.0 667.0
1 631.0 667.0
1 574.0 668.0
1 824.0 668.0
1 871.0 668.0
1 985.0 668.0
1 792.0 669.0
1 829.0 669.0
1 1013.0 670.0
1 881.0 671.0
1 704.0 672.0
1 699.0 674.0
1 582.0 675.0
1 557.0 676.0
1 774.0 677.0
1 904.0 678.0
1 811.0 683.0
1 946.0 683.0
1 955.0 683.0
1 989.0 684.0
1 528.0 685.0
1 1014.0 686.0
1 559.0 687.0
1 880.0 688.0
1 580.0 690.0
1 646.0 692.0
1 540.0 693.0
1 1010.0 693.0
1 906.0 695.0
1 641.0 696.0
1 551.0 700.0
1 955.0 700.0
1 450.0 701.0
1 566.0 701.0
1 626.0 702.0
1 1014.0 704.0
1 905.0 708.0
1 23.0 712.0
1 529.0 714.0
1 902.0 714.0
1 1014.0 715.0
1 956.0 720.0
1 1013.0 720.0
1 951.0 721.0
1 518.0 722.0
1 946.0 722.0
1 1012.0 725.0
1 516.0 727.0
1 905.0 728.0
1 505.0 742.0
1 1009.0 744.0
1 805.0 745.0
1 900.0 745.0
1 851.0 753.0
1 1008.0 753.0
1 776.0 758.0
1 38.0 765.0
1 301.0 765.0
1 1008.0 766.0
1 582.0 770.0
1 239.0 772.0
1 442.0 777.0
1 1006.0 783.0
1 509.0 789.0
1 492.0 803.0
1 101.0 812.0
1 45.0 813.0
1 10.0 825.0
1 442.0 829.0
1 689.0 830.0
1 359.0 833.0
1 582.0 833.0
1 507.0 837.0
1 184.0 838.0
1 548.0 840.0
1 654.0 840.0
1 420.0 845.0
1 706.0 845.0
1 691.0 846.0
1 630.0 847.0
1 874.0 848.0
1 653.0 850.0
1 1007.0 855.0
1 111.0 858.0
1 232.0 858.0
1 650.0 859.0
1 701.0 859.0
1 67.0 861.0
1 533.0 864.0
1 910.0 864.0
1 184.0 868.0
1 765.0 874.0
1 928.0 888.0
1 664.0 891.0
1 510.0 895.0
1 464.0 912.0
1 992.0 981.0
