0 29 8 333.814028365371
0 27 9 207.16391168882967
0 40 14 233.36132372044128
0 114 32 431.17867136124596
0 164 34 346.50142263676196
0 92 38 434.101090536546
0 57 43 164.75864205744824
0 176 46 355.5079017749633
0 150 47 379.7144946792108
0 169 49 432.59017153447894
0 131 52 191.29951323412538
0 196 54 322.52393210379034
0 215 60 422.69740179992397
0 182 61 259.1396803125267
0 184 64 424.7477641661252
0 220 65 333.4455801738279
0 266 67 462.7526366348384
0 277 70 351.31385018752235
0 216 71 272.14256018341365
0 228 72 247.75601463657
0 253 80 269.1831822764001
0 299 84 219.94409897134162
0 225 85 253.88500188024113
0 244 86 207.67307279777714
0 46 91 470.6881316058157
0 51 94 198.3789584085901
0 85 96 455.9121171888571
0 58 99 428.59053149510373
0 34 100 326.0261812539983
0 271 103 360.1797891653982
0 67 104 251.02934246405835
0 83 105 354.47873049356787
0 330 108 393.52753238168935
0 48 112 127.60869017911003
0 379 113 316.6808454252316
0 41 121 436.11359863040724
0 422 122 400.39043351962454
0 284 124 216.80465811933783
0 89 125 442.40087656318775
0 90 126 358.6831876448841
0 280 128 497.05424271234006
0 211 129 401.3641708561618
0 111 130 331.9011407483476
0 86 131 141.10977790614524
0 116 136 202.34527907296496
0 434 140 401.8436859683642
0 96 141 145.06630881164665
0 72 144 221.01077039842747
0 437 145 310.29663121552795
0 324 146 149.14862717821578
0 459 148 392.25804762190336
0 438 151 164.9601989604603
0 105 156 296.31706665953124
0 88 161 392.3523497164503
0 381 163 129.30524585484025
0 340 164 379.3297456079304
0 334 170 485.190058402371
0 152 171 309.69294884917423
0 76 176 469.21226729428855
0 153 177 414.2640099657151
0 179 181 283.6752147446314
0 471 182 264.85779922531236
0 297 183 311.98650016071457
0 141 184 185.72408268019305
0 130 189 258.1239811507455
0 268 191 302.69380850555586
0 132 193 295.44176401309596
0 485 195 151.08156056949008
0 376 196 178.63721481580544
0 185 198 196.2430645573704
0 187 199 244.195141966346
0 529 202 308.5861988130703
0 259 203 219.7992027746983
0 316 205 459.2123379463137
0 502 211 274.70762443430397
0 311 212 268.1347589559165
0 155 214 256.7679805864663
0 157 215 221.93185508540435
0 156 216 385.60440995033656
0 456 217 471.5979789319822
0 429 218 264.7837909647502
0 158 220 374.4366421386335
0 307 221 273.57715254970805
0 159 224 462.53690243352565
0 168 227 208.87415515961513
0 417 228 190.56152739850347
0 305 230 209.02739535558243
0 238 232 352.1917550992047
0 191 233 180.72604247378956
0 288 234 272.7942498177479
0 236 236 255.5367772044085
0 218 237 209.1673906040081
0 190 238 262.06134830756895
0 195 239 290.1723101834088
0 475 241 397.9624169103741
0 293 242 260.97670015334535
0 383 248 217.15893319474966
0 335 250 154.51817787127771
0 254 252 165.9590408824551
0 448 258 384.6483780872696
0 537 259 379.50019583242806
0 479 260 458.33423997765317
0 510 261 414.06336245379424
0 333 262 265.7129189186921
0 250 266 136.28367955511186
0 208 268 212.49270543351554
0 294 270 301.1990176912873
0 468 272 495.84882317588307
0 246 273 280.0579038176991
0 424 280 249.96746009988436
0 229 284 251.77186464251315
0 489 285 391.3325287681803
0 463 286 456.02693179873023
0 265 291 191.54231190203737
0 494 293 250.99081150880608
0 377 294 142.35247740352153
0 469 298 287.8288084843642
0 312 299 460.1417268737328
0 227 300 195.1510979536094
0 457 301 353.4946362298998
0 495 305 228.36698811682078
0 498 312 243.1433889131839
0 309 313 405.5824954618231
0 615 315 491.5455013230057
0 384 318 124.04788540154783
0 488 321 226.35461244371731
0 302 324 164.62985352282448
0 470 328 293.0565172401024
0 364 329 366.4499382468708
0 372 331 295.8353471872376
0 342 332 231.74609949621393
0 637 333 389.0195729256808
0 458 336 214.98294042568432
0 352 337 442.0816118472236
0 481 341 275.10350273234747
0 508 348 304.82591515639547
0 433 349 352.29887965904913
0 636 351 265.41205176994987
0 504 355 350.35392035497284
0 353 357 149.28026165217676
0 419 359 248.45472686547825
0 713 360 473.25419067297594
0 629 364 349.3340001903124
0 669 370 422.73286843059265
0 618 371 436.0046253265867
0 676 374 400.5760609282264
0 696 375 480.15476255977256
0 587 376 477.43743727791593
0 520 377 414.9623191635514
0 539 388 355.6673000700959
0 717 390 301.1772004775474
0 464 391 365.68921568552656
0 692 395 461.22997153466684
0 387 399 214.09518607869623
0 630 401 449.12990065836016
0 313 405 426.92042535506215
0 718 406 313.95880450173365
0 491 412 350.34857950588474
0 354 415 321.3658206747408
0 767 417 222.6796067022022
0 723 418 423.31866127606975
0 558 428 410.5395251156134
0 731 429 452.86013922496505
0 397 430 370.9007286822151
0 719 433 337.49263121071635
0 444 434 468.5576112890293
0 753 435 364.490120689496
0 729 439 423.89876992108435
0 521 440 323.1964073397408
0 784 442 303.7142468967536
0 745 444 469.0691109651357
0 686 445 469.06284884562524
0 768 447 342.99569569148
0 806 452 290.3082302803142
0 425 456 311.94722791777394
0 759 457 487.9226307814376
0 531 466 331.1271827206612
0 795 469 171.10438365072108
0 708 471 393.1715071149956
0 522 472 293.4041234317085
0 513 473 254.68818253394704
0 792 478 163.82483340409502
0 726 482 388.5049675175172
0 561 485 126.50223523110884
0 826 488 304.7416164212148
0 810 489 212.88092563500243
0 807 495 245.59221662602914
0 559 505 392.36845348668334
0 798 509 393.5819543460664
0 838 514 429.07270965057825
0 824 515 149.77072260653586
0 821 517 159.83063905424768
0 842 524 453.2883482118583
0 549 525 141.75761120926043
0 871 539 297.22329132689435
0 839 543 176.9575672249736
0 772 548 439.1377207234437
0 845 552 151.7607072824482
0 863 554 287.9800886569713
0 875 555 371.7715627555592
0 803 559 437.62512974588554
0 801 560 251.2992966496305
0 836 561 269.95571701950973
0 1093 566 498.3509731969374
0 890 567 230.2748906287273
0 867 571 199.404373718231
0 813 572 495.8913989059021
0 872 573 218.85523760984773
0 835 579 360.99718459387907
0 815 581 273.40838264491055
0 851 584 333.82419071010895
0 904 591 326.7554798323065
0 884 592 399.465941127569
0 837 597 481.1948576744063
0 908 599 486.19239489778414
0 818 601 343.2447411724101
0 1136 603 267.3720425227152
0 1094 606 162.63924903648368
0 1083 612 155.1542413243012
0 925 613 244.74653661923855
0 1114 617 219.84930485362491
0 1048 618 157.28098363612602
0 852 624 343.8347958300961
0 1066 626 418.0705471571438
0 1054 635 189.9817698209742
0 752 636 490.02810608123417
0 1071 638 134.03056771524246
0 931 639 189.06216703675886
0 917 640 458.7505395246495
0 899 641 473.60454374476444
0 1132 646 349.38132271937496
0 1095 656 126.20941737165971
0 730 658 207.2143046553268
0 878 659 289.78378076343756
0 885 661 429.41944784081096
0 905 662 493.0840974270141
0 874 663 269.53639357172733
0 721 664 211.00844437954672
0 900 666 401.45067863721005
0 888 667 283.40722485701224
0 930 673 230.29663779748267
0 886 674 370.6754980729077
0 738 678 245.88048503943423
0 932 679 135.33089498330307
0 760 680 168.03530328494423
0 832 681 340.8084818921544
0 1028 691 386.80254188500925
0 776 693 190.1989564076225
0 966 699 171.7655545543905
0 814 700 342.6285769834247
0 999 716 240.6760360362428
0 1022 718 314.6208976697312
0 1092 719 406.8162979029602
0 1081 720 307.7753223211101
0 825 724 124.43599372139231
0 965 731 423.2476173549723
0 987 734 157.7645547846984
0 876 735 181.34672394340438
0 973 736 316.40522128843935
0 1110 737 331.5047686417164
0 1072 738 162.32825471845985
0 1047 739 241.78881934585417
0 860 741 133.794562557543

0 784.0 306.0
0 791.0 307.0
0 782.0 312.0
0 837.0 314.0
0 845.0 316.0
0 850.0 317.0
0 784.0 318.0
0 803.0 319.0
0 742.0 320.0
0 751.0 322.0
0 815.0 323.0
0 700.0 327.0
0 710.0 327.0
0 705.0 328.0
0 741.0 328.0
0 789.0 329.0
0 801.0 329.0
0 629.0 330.0
0 634.0 331.0
0 666.0 331.0
0 769.0 331.0
0 851.0 331.0
0 599.0 332.0
0 604.0 332.0
0 639.0 332.0
0 811.0 332.0
0 594.0 333.0
0 586.0 335.0
0 644.0 335.0
0 650.0 336.0
0 655.0 336.0
0 669.0 336.0
0 605.0 338.0
0 778.0 338.0
0 581.0 339.0
0 612.0 340.0
0 691.0 340.0
0 857.0 340.0
0 655.0 341.0
0 709.0 341.0
0 830.0 341.0
0 800.0 342.0
0 812.0 342.0
0 779.0 343.0
0 867.0 343.0
0 645.0 344.0
0 591.0 345.0
0 603.0 345.0
0 635.0 346.0
0 617.0 349.0
0 680.0 349.0
0 628.0 350.0
0 662.0 350.0
0 575.0 352.0
0 580.0 352.0
0 845.0 352.0
0 570.0 353.0
0 591.0 354.0
0 611.0 357.0
0 626.0 358.0
0 581.0 359.0
0 638.0 359.0
0 547.0 361.0
0 664.0 363.0
0 646.0 365.0
0 590.0 366.0
0 548.0 367.0
0 556.0 370.0
0 656.0 371.0
0 819.0 371.0
0 549.0 372.0
0 632.0 372.0
0 612.0 373.0
0 798.0 374.0
0 803.0 374.0
0 826.0 375.0
0 543.0 376.0
0 585.0 377.0
0 793.0 378.0
0 959.0 378.0
0 590.0 379.0
0 816.0 379.0
0 948.0 379.0
0 964.0 379.0
0 554.0 380.0
0 646.0 381.0
0 620.0 382.0
0 786.0 385.0
0 807.0 386.0
0 820.0 387.0
0 828.0 387.0
0 919.0 387.0
0 1011.0 387.0
0 1003.0 388.0
0 939.0 390.0
0 802.0 391.0
0 893.0 391.0
0 640.0 392.0
0 782.0 392.0
0 915.0 392.0
0 995.0 392.0
0 1012.0 392.0
0 812.0 394.0
0 620.0 395.0
0 932.0 396.0
0 914.0 397.0
0 793.0 398.0
0 1017.0 398.0
0 586.0 399.0
0 806.0 399.0
0 635.0 400.0
0 897.0 401.0
0 993.0 401.0
0 565.0 402.0
0 597.0 402.0
0 821.0 402.0
0 786.0 403.0
0 778.0 404.0
0 903.0 404.0
0 911.0 404.0
0 801.0 405.0
0 1003.0 405.0
0 544.0 406.0
0 556.0 407.0
0 645.0 408.0
0 910.0 409.0
0 938.0 409.0
0 1012.0 410.0
0 660.0 411.0
0 764.0 411.0
0 890.0 412.0
0 957.0 412.0
0 614.0 413.0
0 778.0 413.0
0 668.0 414.0
0 792.0 414.0
0 901.0 414.0
0 1024.0 414.0
0 628.0 415.0
0 912.0 415.0
0 551.0 416.0
0 937.0 416.0
0 683.0 417.0
0 868.0 417.0
0 990.0 417.0
0 556.0 418.0
0 641.0 418.0
0 808.0 418.0
0 539.0 420.0
0 587.0 420.0
0 627.0 420.0
0 564.0 421.0
0 695.0 421.0
0 756.0 421.0
0 785.0 421.0
0 803.0 421.0
0 904.0 421.0
0 701.0 422.0
0 796.0 422.0
0 883.0 422.0
0 601.0 423.0
0 1012.0 423.0
0 548.0 424.0
0 615.0 424.0
0 649.0 424.0
0 1028.0 424.0
0 627.0 425.0
0 713.0 425.0
0 845.0 425.0
0 1007.0 425.0
0 659.0 426.0
0 890.0 426.0
0 936.0 426.0
0 720.0 427.0
0 636.0 428.0
0 725.0 428.0
0 1019.0 428.0
0 900.0 429.0
0 674.0 430.0
0 731.0 430.0
0 837.0 430.0
0 863.0 430.0
0 556.0 431.0
0 707.0 431.0
0 910.0 431.0
0 984.0 431.0
0 682.0 432.0
0 739.0 432.0
0 818.0 432.0
0 936.0 432.0
0 607.0 433.0
0 744.0 433.0
0 797.0 433.0
0 949.0 433.0
0 1017.0 433.0
0 565.0 434.0
0 641.0 435.0
0 692.0 435.0
0 884.0 435.0
0 893.0 435.0
0 1030.0 435.0
0 1011.0 436.0
0 536.0 437.0
0 752.0 437.0
0 700.0 438.0
0 705.0 439.0
0 831.0 439.0
0 902.0 439.0
0 800.0 440.0
0 826.0 440.0
0 1002.0 440.0
0 551.0 441.0
0 719.0 441.0
0 821.0 441.0
0 927.0 441.0
0 934.0 441.0
0 986.0 443.0
0 613.0 444.0
0 628.0 444.0
0 727.0 444.0
0 952.0 444.0
0 735.0 445.0
0 848.0 445.0
0 922.0 445.0
0 970.0 445.0
0 1028.0 445.0
0 1050.0 445.0
0 912.0 446.0
0 645.0 447.0
0 621.0 448.0
0 752.0 449.0
0 1050.0 450.0
0 831.0 451.0
0 933.0 452.0
0 769.0 454.0
0 987.0 454.0
0 847.0 455.0
0 891.0 455.0
0 924.0 455.0
0 950.0 455.0
0 999.0 455.0
0 659.0 456.0
0 783.0 456.0
0 853.0 456.0
0 969.0 456.0
0 1052.0 456.0
0 1029.0 457.0
0 620.0 460.0
0 697.0 460.0
0 787.0 461.0
0 756.0 463.0
0 923.0 463.0
0 839.0 464.0
0 995.0 464.0
0 662.0 465.0
0 769.0 465.0
0 797.0 465.0
0 878.0 465.0
0 680.0 466.0
0 601.0 467.0
0 672.0 467.0
0 636.0 468.0
0 777.0 468.0
0 653.0 470.0
0 693.0 470.0
0 631.0 471.0
0 865.0 471.0
0 702.0 472.0
0 957.0 472.0
0 622.0 473.0
0 823.0 473.0
0 599.0 474.0
0 673.0 474.0
0 888.0 474.0
0 656.0 475.0
0 777.0 475.0
0 800.0 475.0
0 1002.0 475.0
0 1007.0 475.0
0 1039.0 475.0
0 726.0 476.0
0 913.0 476.0
0 554.0 477.0
0 805.0 478.0
0 935.0 478.0
0 661.0 479.0
0 688.0 479.0
0 922.0 479.0
0 1051.0 479.0
0 1005.0 480.0
0 854.0 481.0
0 877.0 481.0
0 1031.0 481.0
0 671.0 482.0
0 759.0 482.0
0 771.0 482.0
0 641.0 483.0
0 660.0 484.0
0 699.0 484.0
0 866.0 484.0
0 955.0 484.0
0 721.0 485.0
0 779.0 485.0
0 933.0 485.0
0 1049.0 485.0
0 680.0 486.0
0 648.0 487.0
0 1005.0 487.0
0 638.0 488.0
0 805.0 488.0
0 888.0 490.0
0 665.0 491.0
0 687.0 491.0
0 845.0 491.0
0 1049.0 492.0
0 616.0 493.0
0 634.0 493.0
0 643.0 493.0
0 788.0 493.0
0 1030.0 494.0
0 673.0 495.0
0 715.0 495.0
0 762.0 495.0
0 624.0 496.0
0 907.0 496.0
0 652.0 497.0
0 661.0 497.0
0 929.0 498.0
0 752.0 499.0
0 848.0 499.0
0 1030.0 499.0
0 840.0 500.0
0 855.0 500.0
0 601.0 501.0
0 640.0 501.0
0 680.0 501.0
0 743.0 501.0
0 825.0 501.0
0 669.0 502.0
0 834.0 502.0
0 659.0 503.0
0 755.0 504.0
0 917.0 504.0
0 1030.0 504.0
0 557.0 505.0
0 647.0 505.0
0 749.0 506.0
0 611.0 507.0
0 719.0 507.0
0 780.0 507.0
0 1048.0 507.0
0 623.0 508.0
0 603.0 509.0
0 654.0 509.0
0 897.0 509.0
0 742.0 511.0
0 791.0 511.0
0 879.0 512.0
0 762.0 513.0
0 828.0 513.0
0 542.0 514.0
0 571.0 514.0
0 615.0 514.0
0 1046.0 514.0
0 633.0 516.0
0 725.0 516.0
0 753.0 517.0
0 785.0 517.0
0 766.0 518.0
0 604.0 519.0
0 624.0 520.0
0 654.0 520.0
0 825.0 521.0
0 1027.0 521.0
0 599.0 522.0
0 580.0 523.0
0 672.0 523.0
0 735.0 523.0
0 758.0 523.0
0 770.0 523.0
0 531.0 524.0
0 646.0 524.0
0 908.0 524.0
0 730.0 525.0
0 635.0 526.0
0 825.0 526.0
0 773.0 528.0
0 685.0 529.0
0 748.0 529.0
0 528.0 530.0
0 553.0 531.0
0 823.0 531.0
0 656.0 532.0
0 951.0 532.0
0 933.0 534.0
0 636.0 535.0
0 741.0 535.0
0 1044.0 535.0
0 825.0 536.0
0 891.0 536.0
0 649.0 537.0
0 676.0 537.0
0 1004.0 537.0
0 550.0 538.0
0 691.0 538.0
0 975.0 538.0
0 583.0 539.0
0 663.0 539.0
0 755.0 539.0
0 1026.0 539.0
0 1043.0 540.0
0 780.0 541.0
0 827.0 542.0
0 656.0 543.0
0 747.0 543.0
0 968.0 544.0
0 913.0 545.0
0 523.0 546.0
0 578.0 546.0
0 989.0 546.0
0 564.0 547.0
0 599.0 547.0
0 671.0 547.0
0 685.0 547.0
0 1015.0 548.0
0 781.0 549.0
0 791.0 549.0
0 663.0 551.0
0 770.0 551.0
0 581.0 552.0
0 978.0 552.0
0 994.0 552.0
0 575.0 553.0
0 606.0 553.0
0 891.0 554.0
0 563.0 555.0
0 679.0 555.0
0 700.0 555.0
0 962.0 555.0
0 590.0 556.0
0 835.0 557.0
0 923.0 557.0
0 515.0 559.0
0 890.0 559.0
0 604.0 560.0
0 670.0 560.0
0 704.0 560.0
0 547.0 561.0
0 839.0 562.0
0 757.0 563.0
0 789.0 563.0
0 994.0 563.0
0 513.0 564.0
0 888.0 564.0
0 691.0 566.0
0 908.0 566.0
0 972.0 566.0
0 585.0 567.0
0 934.0 568.0
0 511.0 569.0
0 621.0 569.0
0 960.0 569.0
0 987.0 570.0
0 921.0 571.0
0 1006.0 572.0
0 592.0 573.0
0 858.0 573.0
0 880.0 573.0
0 1040.0 573.0
0 535.0 574.0
0 575.0 574.0
0 676.0 574.0
0 864.0 575.0
0 872.0 575.0
0 951.0 575.0
0 607.0 576.0
0 697.0 576.0
0 981.0 576.0
0 543.0 577.0
0 1008.0 577.0
0 716.0 578.0
0 617.0 579.0
0 631.0 579.0
0 636.0 579.0
0 1003.0 579.0
0 841.0 580.0
0 602.0 582.0
0 1010.0 582.0
0 509.0 584.0
0 533.0 584.0
0 703.0 584.0
0 625.0 585.0
0 682.0 585.0
0 802.0 586.0
0 944.0 586.0
0 542.0 587.0
0 780.0 587.0
0 1013.0 587.0
0 569.0 588.0
0 823.0 588.0
0 509.0 589.0
0 597.0 589.0
0 1006.0 589.0
0 707.0 591.0
0 943.0 591.0
0 872.0 592.0
0 772.0 593.0
0 508.0 594.0
0 574.0 594.0
0 594.0 594.0
0 647.0 595.0
0 612.0 596.0
0 710.0 598.0
0 943.0 598.0
0 508.0 599.0
0 531.0 599.0
0 887.0 599.0
0 541.0 600.0
0 690.0 600.0
0 613.0 601.0
0 622.0 602.0
0 1006.0 602.0
0 713.0 603.0
0 944.0 603.0
0 509.0 604.0
0 904.0 604.0
0 1036.0 605.0
0 1005.0 607.0
0 776.0 608.0
0 947.0 608.0
0 696.0 609.0
0 1000.0 609.0
0 602.0 612.0
0 999.0 614.0
0 992.0 615.0
0 807.0 616.0
0 621.0 617.0
0 699.0 617.0
0 960.0 617.0
0 511.0 618.0
0 966.0 618.0
0 983.0 619.0
0 971.0 620.0
0 538.0 621.0
0 976.0 621.0
0 512.0 623.0
0 859.0 623.0
0 608.0 631.0
0 667.0 632.0
0 705.0 632.0
0 856.0 633.0
0 562.0 634.0
0 575.0 634.0
0 648.0 636.0
0 539.0 637.0
0 516.0 638.0
0 598.0 640.0
0 807.0 642.0
0 540.0 644.0
0 668.0 644.0
0 663.0 645.0
0 619.0 647.0
0 806.0 647.0
0 1031.0 647.0
0 658.0 648.0
0 649.0 649.0
0 228.0 650.0
0 521.0 652.0
0 630.0 652.0
0 805.0 652.0
0 29.0 653.0
0 552.0 653.0
0 643.0 653.0
0 547.0 654.0
0 788.0 658.0
0 677.0 659.0
0 781.0 659.0
0 92.0 661.0
0 850.0 661.0
0 616.0 662.0
0 1030.0 662.0
0 655.0 663.0
0 1045.0 663.0
0 634.0 666.0
0 602.0 668.0
0 625.0 668.0
0 679.0 668.0
0 800.0 668.0
0 779.0 669.0
0 983.0 670.0
0 339.0 673.0
0 530.0 673.0
0 564.0 673.0
0 680.0 673.0
0 1030.0 676.0
0 629.0 677.0
0 563.0 678.0
0 644.0 678.0
0 795.0 678.0
0 558.0 680.0
0 815.0 680.0
0 681.0 681.0
0 1029.0 681.0
0 238.0 682.0
0 666.0 683.0
0 257.0 684.0
0 297.0 684.0
0 747.0 684.0
0 1018.0 685.0
0 619.0 686.0
0 653.0 686.0
0 841.0 686.0
0 326.0 687.0
0 539.0 688.0
0 345.0 689.0
0 847.0 689.0
0 1027.0 689.0
0 280.0 690.0
0 364.0 691.0
0 576.0 691.0
0 680.0 691.0
0 571.0 692.0
0 784.0 692.0
0 356.0 694.0
0 628.0 694.0
0 1011.0 694.0
0 330.0 695.0
0 828.0 695.0
0 633.0 696.0
0 114.0 697.0
0 150.0 697.0
0 584.0 697.0
0 770.0 699.0
0 568.0 701.0
0 680.0 701.0
0 372.0 702.0
0 841.0 702.0
0 818.0 703.0
0 362.0 704.0
0 550.0 704.0
0 578.0 704.0
0 589.0 704.0
0 1023.0 709.0
0 583.0 710.0
0 601.0 713.0
0 671.0 713.0
0 254.0 714.0
0 588.0 714.0
0 1022.0 714.0
0 676.0 715.0
0 229.0 716.0
0 814.0 718.0
0 593.0 719.0
0 618.0 723.0
0 660.0 723.0
0 1458.0 725.0
0 344.0 726.0
0 597.0 727.0
0 941.0 727.0
0 647.0 728.0
0 1023.0 728.0
0 637.0 729.0
0 615.0 730.0
0 662.0 731.0
0 987.0 732.0
0 630.0 736.0
0 637.0 737.0
0 646.0 737.0
0 431.0 739.0
0 719.0 740.0
0 937.0 741.0
0 1021.0 741.0
0 672.0 742.0
0 594.0 744.0
0 663.0 746.0
0 710.0 746.0
0 1141.0 746.0
0 339.0 747.0
0 985.0 747.0
0 623.0 759.0
0 1012.0 781.0
0 861.0 788.0
0 615.0 794.0
0 1013.0 796.0
0 77.0 797.0
0 733.0 797.0
0 811.0 797.0
0 252.0 805.0
0 1085.0 805.0
0 240.0 806.0
0 54.0 807.0
0 522.0 807.0
0 1115.0 808.0
0 1109.0 829.0
0 275.0 832.0
0 1418.0 832.0
0 712.0 834.0
0 332.0 835.0
0 311.0 839.0
0 667.0 841.0
0 980.0 842.0
0 1295.0 844.0
0 129.0 845.0
0 416.0 852.0
0 45.0 854.0
0 303.0 857.0
0 330.0 857.0
0 96.0 859.0
0 389.0 859.0
0 439.0 861.0
0 356.0 864.0
0 127.0 865.0
0 1115.0 867.0
0 329.0 876.0
0 109.0 883.0
0 1308.0 885.0
0 666.0 893.0
0 394.0 894.0
0 679.0 895.0
0 580.0 897.0
0 571.0 909.0
0 830.0 909.0
0 129.0 910.0
0 370.0 911.0
0 1075.0 913.0
0 1407.0 913.0
0 434.0 920.0
0 897.0 920.0
0 1079.0 926.0
0 1273.0 928.0
0 630.0 937.0
0 770.0 938.0
0 1256.0 943.0
0 769.0 948.0
0 765.0 957.0
0 1022.0 959.0
0 791.0 960.0
0 630.0 967.0
0 654.0 967.0
0 684.0 971.0
0 120.0 973.0
0 1085.0 978.0
0 1350.0 987.0
0 550.0 989.0
1 1477.0 51.0
1 1479.0 56.0
1 1470.0 71.0
1 1309.0 87.0
1 1467.0 94.0
1 1460.0 130.0
1 1467.0 138.0
1 1450.0 141.0
1 1459.0 144.0
1 1446.0 153.0
1 1434.0 191.0
1 864.0 237.0
1 848.0 238.0
1 773.0 240.0
1 831.0 250.0
1 854.0 250.0
1 795.0 251.0
1 805.0 251.0
1 836.0 257.0
1 807.0 258.0
1 846.0 260.0
1 757.0 262.0
1 815.0 262.0
1 769.0 263.0
1 833.0 265.0
1 878.0 265.0
1 864.0 266.0
1 799.0 268.0
1 851.0 268.0
1 785.0 269.0
1 882.0 272.0
1 772.0 273.0
1 807.0 273.0
1 988.0 273.0
1 1043.0 273.0
1 812.0 275.0
1 836.0 275.0
1 824.0 276.0
1 795.0 277.0
1 866.0 277.0
1 782.0 278.0
1 1065.0 278.0
1 699.0 282.0
1 706.0 283.0
1 715.0 283.0
1 721.0 284.0
1 980.0 284.0
1 726.0 285.0
1 1056.0 285.0
1 731.0 287.0
1 896.0 288.0
1 1002.0 288.0
1 767.0 289.0
1 737.0 290.0
1 988.0 291.0
1 620.0 293.0
1 723.0 293.0
1 793.0 293.0
1 977.0 293.0
1 1075.0 293.0
1 615.0 294.0
1 704.0 294.0
1 677.0 295.0
1 653.0 296.0
1 712.0 297.0
1 663.0 299.0
1 748.0 299.0
1 993.0 299.0
1 637.0 300.0
1 738.0 300.0
1 1007.0 300.0
1 964.0 301.0
1 1065.0 302.0
1 657.0 305.0
1 684.0 305.0
1 1001.0 305.0
1 1076.0 305.0
1 700.0 306.0
1 907.0 306.0
1 937.0 306.0
1 946.0 306.0
1 645.0 307.0
1 761.0 307.0
1 969.0 307.0
1 586.0 308.0
1 917.0 308.0
1 1038.0 308.0
1 658.0 310.0
1 1075.0 310.0
1 981.0 311.0
1 1015.0 311.0
1 627.0 312.0
1 668.0 312.0
1 912.0 312.0
1 1000.0 312.0
1 696.0 313.0
1 1024.0 313.0
1 1037.0 313.0
1 609.0 314.0
1 565.0 315.0
1 685.0 316.0
1 939.0 316.0
1 545.0 317.0
1 668.0 317.0
1 926.0 317.0
1 973.0 317.0
1 540.0 318.0
1 914.0 318.0
1 578.0 319.0
1 741.0 319.0
1 751.0 319.0
1 951.0 319.0
1 1087.0 319.0
1 533.0 320.0
1 596.0 320.0
1 699.0 320.0
1 963.0 320.0
1 643.0 321.0
1 784.0 321.0
1 528.0 323.0
1 585.0 323.0
1 1066.0 323.0
1 523.0 324.0
1 983.0 324.0
1 1006.0 324.0
1 1088.0 324.0
1 660.0 325.0
1 699.0 325.0
1 708.0 325.0
1 727.0 325.0
1 1011.0 325.0
1 682.0 326.0
1 1023.0 326.0
1 988.0 327.0
1 591.0 329.0
1 668.0 329.0
1 718.0 329.0
1 951.0 330.0
1 674.0 331.0
1 697.0 331.0
1 708.0 331.0
1 996.0 331.0
1 1070.0 331.0
1 519.0 332.0
1 643.0 332.0
1 923.0 332.0
1 940.0 332.0
1 979.0 332.0
1 624.0 333.0
1 741.0 333.0
1 594.0 334.0
1 613.0 334.0
1 962.0 334.0
1 967.0 334.0
1 582.0 335.0
1 1012.0 335.0
1 1063.0 335.0
1 1017.0 336.0
1 1027.0 337.0
1 1051.0 337.0
1 661.0 338.0
1 1036.0 338.0
1 1041.0 338.0
1 1046.0 338.0
1 527.0 339.0
1 635.0 339.0
1 651.0 339.0
1 728.0 339.0
1 993.0 341.0
1 613.0 342.0
1 533.0 343.0
1 567.0 343.0
1 719.0 343.0
1 560.0 344.0
1 572.0 344.0
1 659.0 344.0
1 544.0 345.0
1 698.0 345.0
1 709.0 345.0
1 942.0 345.0
1 1065.0 345.0
1 596.0 346.0
1 644.0 346.0
1 685.0 346.0
1 742.0 346.0
1 954.0 346.0
1 577.0 347.0
1 968.0 347.0
1 1104.0 347.0
1 654.0 348.0
1 1009.0 348.0
1 1014.0 348.0
1 1050.0 348.0
1 659.0 349.0
1 667.0 349.0
1 1032.0 349.0
1 519.0 352.0
1 634.0 352.0
1 499.0 353.0
1 616.0 353.0
1 654.0 353.0
1 686.0 353.0
1 980.0 353.0
1 606.0 354.0
1 611.0 354.0
1 711.0 354.0
1 716.0 354.0
1 569.0 355.0
1 1077.0 357.0
1 498.0 358.0
1 652.0 358.0
1 938.0 358.0
1 545.0 359.0
1 590.0 359.0
1 1106.0 359.0
1 521.0 362.0
1 647.0 362.0
1 1008.0 362.0
1 1013.0 362.0
1 498.0 363.0
1 579.0 364.0
1 738.0 364.0
1 795.0 366.0
1 945.0 366.0
1 574.0 367.0
1 771.0 368.0
1 688.0 369.0
1 1076.0 369.0
1 633.0 370.0
1 1060.0 370.0
1 648.0 371.0
1 945.0 371.0
1 546.0 372.0
1 940.0 373.0
1 1010.0 373.0
1 591.0 374.0
1 967.0 375.0
1 732.0 376.0
1 950.0 376.0
1 572.0 377.0
1 682.0 377.0
1 766.0 377.0
1 577.0 378.0
1 671.0 378.0
1 652.0 380.0
1 977.0 380.0
1 1031.0 381.0
1 1069.0 381.0
1 1052.0 383.0
1 773.0 384.0
1 1013.0 384.0
1 486.0 385.0
1 1034.0 386.0
1 592.0 388.0
1 981.0 388.0
1 733.0 389.0
1 972.0 389.0
1 483.0 390.0
1 713.0 390.0
1 934.0 390.0
1 963.0 390.0
1 686.0 391.0
1 897.0 391.0
1 907.0 391.0
1 912.0 391.0
1 1037.0 391.0
1 525.0 392.0
1 889.0 392.0
1 921.0 392.0
1 1075.0 392.0
1 864.0 393.0
1 650.0 394.0
1 851.0 394.0
1 856.0 394.0
1 877.0 394.0
1 837.0 395.0
1 846.0 395.0
1 488.0 396.0
1 618.0 396.0
1 623.0 396.0
1 811.0 396.0
1 821.0 396.0
1 830.0 396.0
1 525.0 397.0
1 785.0 398.0
1 792.0 399.0
1 801.0 399.0
1 936.0 400.0
1 957.0 400.0
1 1080.0 400.0
1 709.0 401.0
1 825.0 401.0
1 830.0 401.0
1 963.0 401.0
1 979.0 401.0
1 481.0 402.0
1 775.0 402.0
1 873.0 402.0
1 886.0 402.0
1 526.0 403.0
1 844.0 403.0
1 857.0 403.0
1 1058.0 403.0
1 1097.0 403.0
1 897.0 404.0
1 931.0 404.0
1 735.0 405.0
1 910.0 405.0
1 801.0 406.0
1 1016.0 406.0
1 782.0 407.0
1 892.0 407.0
1 1030.0 408.0
1 1080.0 408.0
1 810.0 410.0
1 863.0 410.0
1 873.0 410.0
1 191.0 411.0
1 600.0 411.0
1 644.0 411.0
1 744.0 411.0
1 839.0 411.0
1 844.0 411.0
1 852.0 411.0
1 777.0 412.0
1 802.0 412.0
1 820.0 412.0
1 828.0 412.0
1 973.0 412.0
1 1006.0 412.0
1 588.0 413.0
1 611.0 413.0
1 636.0 413.0
1 950.0 413.0
1 794.0 414.0
1 940.0 414.0
1 595.0 415.0
1 664.0 415.0
1 718.0 415.0
1 754.0 415.0
1 789.0 415.0
1 1036.0 415.0
1 1041.0 415.0
1 1048.0 415.0
1 1056.0 415.0
1 631.0 416.0
1 707.0 416.0
1 698.0 417.0
1 1093.0 417.0
1 575.0 418.0
1 676.0 419.0
1 738.0 419.0
1 1001.0 419.0
1 1063.0 419.0
1 1078.0 419.0
1 595.0 420.0
1 582.0 421.0
1 600.0 421.0
1 662.0 421.0
1 911.0 421.0
1 608.0 422.0
1 724.0 422.0
1 1093.0 422.0
1 616.0 423.0
1 1022.0 423.0
1 561.0 424.0
1 566.0 424.0
1 573.0 424.0
1 1072.0 424.0
1 548.0 425.0
1 626.0 425.0
1 754.0 425.0
1 1017.0 426.0
1 485.0 427.0
1 600.0 427.0
1 669.0 428.0
1 772.0 428.0
1 932.0 429.0
1 996.0 429.0
1 509.0 430.0
1 614.0 430.0
1 649.0 430.0
1 678.0 430.0
1 853.0 430.0
1 962.0 430.0
1 717.0 431.0
1 1046.0 431.0
1 1075.0 431.0
1 596.0 432.0
1 1106.0 432.0
1 530.0 433.0
1 543.0 433.0
1 1011.0 433.0
1 488.0 434.0
1 503.0 434.0
1 591.0 434.0
1 737.0 434.0
1 1089.0 434.0
1 584.0 435.0
1 604.0 435.0
1 609.0 435.0
1 727.0 435.0
1 563.0 436.0
1 575.0 436.0
1 691.0 437.0
1 703.0 437.0
1 859.0 437.0
1 992.0 437.0
1 545.0 438.0
1 489.0 439.0
1 551.0 439.0
1 671.0 439.0
1 716.0 439.0
1 726.0 440.0
1 532.0 441.0
1 627.0 441.0
1 654.0 441.0
1 772.0 441.0
1 984.0 441.0
1 1005.0 441.0
1 1096.0 441.0
1 496.0 442.0
1 502.0 442.0
1 646.0 442.0
1 911.0 442.0
1 1088.0 442.0
1 991.0 443.0
1 1077.0 443.0
1 1105.0 443.0
1 746.0 444.0
1 867.0 444.0
1 882.0 444.0
1 665.0 445.0
1 944.0 445.0
1 525.0 446.0
1 736.0 446.0
1 754.0 446.0
1 537.0 447.0
1 544.0 447.0
1 873.0 447.0
1 906.0 447.0
1 508.0 448.0
1 829.0 448.0
1 1002.0 448.0
1 1076.0 448.0
1 635.0 449.0
1 1104.0 449.0
1 791.0 450.0
1 848.0 450.0
1 887.0 450.0
1 698.0 451.0
1 817.0 451.0
1 655.0 452.0
1 682.0 452.0
1 687.0 452.0
1 642.0 453.0
1 647.0 453.0
1 909.0 453.0
1 933.0 453.0
1 502.0 454.0
1 993.0 454.0
1 715.0 455.0
1 875.0 455.0
1 880.0 455.0
1 1003.0 455.0
1 1073.0 455.0
1 624.0 456.0
1 806.0 456.0
1 862.0 456.0
1 894.0 456.0
1 938.0 456.0
1 538.0 457.0
1 612.0 457.0
1 724.0 457.0
1 742.0 457.0
1 782.0 457.0
1 533.0 458.0
1 591.0 458.0
1 494.0 459.0
1 811.0 459.0
1 819.0 459.0
1 945.0 459.0
1 568.0 460.0
1 1071.0 460.0
1 505.0 461.0
1 550.0 461.0
1 772.0 461.0
1 831.0 461.0
1 915.0 461.0
1 858.0 463.0
1 954.0 463.0
1 1005.0 463.0
1 1084.0 463.0
1 767.0 464.0
1 871.0 464.0
1 883.0 464.0
1 1096.0 464.0
1 1067.0 465.0
1 895.0 466.0
1 661.0 468.0
1 847.0 468.0
1 979.0 468.0
1 533.0 469.0
1 758.0 469.0
1 939.0 469.0
1 916.0 470.0
1 801.0 471.0
1 904.0 471.0
1 925.0 471.0
1 711.0 472.0
1 796.0 472.0
1 964.0 472.0
1 1010.0 472.0
1 1056.0 472.0
1 1075.0 472.0
1 827.0 474.0
1 738.0 475.0
1 764.0 475.0
1 684.0 476.0
1 750.0 476.0
1 950.0 476.0
1 1015.0 476.0
1 1047.0 476.0
1 528.0 477.0
1 649.0 478.0
1 804.0 478.0
1 815.0 478.0
1 1040.0 478.0
1 1068.0 478.0
1 496.0 479.0
1 1029.0 479.0
1 1035.0 479.0
1 635.0 480.0
1 796.0 481.0
1 743.0 482.0
1 842.0 482.0
1 1079.0 482.0
1 610.0 483.0
1 730.0 483.0
1 959.0 483.0
1 285.0 484.0
1 695.0 485.0
1 718.0 485.0
1 831.0 485.0
1 975.0 485.0
1 678.0 486.0
1 849.0 486.0
1 656.0 487.0
1 665.0 487.0
1 1059.0 487.0
1 527.0 488.0
1 708.0 488.0
1 792.0 488.0
1 820.0 488.0
1 643.0 489.0
1 768.0 489.0
1 801.0 489.0
1 839.0 490.0
1 1026.0 490.0
1 1040.0 490.0
1 541.0 491.0
1 990.0 491.0
1 616.0 492.0
1 723.0 492.0
1 809.0 492.0
1 1021.0 492.0
1 791.0 493.0
1 828.0 493.0
1 734.0 494.0
1 387.0 495.0
1 937.0 495.0
1 635.0 496.0
1 776.0 496.0
1 883.0 496.0
1 888.0 496.0
1 798.0 497.0
1 816.0 497.0
1 878.0 497.0
1 981.0 497.0
1 611.0 498.0
1 622.0 498.0
1 835.0 498.0
1 866.0 498.0
1 861.0 499.0
1 954.0 499.0
1 676.0 500.0
1 856.0 500.0
1 905.0 500.0
1 768.0 501.0
1 824.0 501.0
1 454.0 502.0
1 788.0 502.0
1 806.0 502.0
1 628.0 503.0
1 843.0 504.0
1 934.0 504.0
1 612.0 505.0
1 981.0 505.0
1 500.0 506.0
1 813.0 506.0
1 796.0 507.0
1 943.0 507.0
1 691.0 508.0
1 759.0 508.0
1 779.0 508.0
1 831.0 508.0
1 864.0 508.0
1 713.0 509.0
1 773.0 509.0
1 801.0 509.0
1 612.0 510.0
1 744.0 510.0
1 952.0 510.0
1 677.0 511.0
1 785.0 511.0
1 821.0 512.0
1 651.0 513.0
1 768.0 513.0
1 915.0 513.0
1 960.0 513.0
1 343.0 514.0
1 665.0 514.0
1 751.0 514.0
1 604.0 515.0
1 625.0 515.0
1 636.0 515.0
1 810.0 515.0
1 881.0 515.0
1 900.0 515.0
1 869.0 516.0
1 927.0 516.0
1 969.0 516.0
1 613.0 517.0
1 889.0 517.0
1 738.0 518.0
1 776.0 518.0
1 851.0 519.0
1 799.0 520.0
1 1298.0 520.0
1 760.0 521.0
1 946.0 521.0
1 614.0 522.0
1 690.0 522.0
1 837.0 522.0
1 904.0 523.0
1 918.0 523.0
1 714.0 524.0
1 746.0 524.0
1 766.0 524.0
1 885.0 524.0
1 955.0 524.0
1 652.0 525.0
1 783.0 525.0
1 790.0 525.0
1 870.0 525.0
1 677.0 526.0
1 934.0 526.0
1 1069.0 526.0
1 539.0 527.0
1 752.0 527.0
1 772.0 527.0
1 823.0 527.0
1 735.0 528.0
1 965.0 529.0
1 503.0 530.0
1 950.0 530.0
1 758.0 531.0
1 779.0 531.0
1 838.0 531.0
1 849.0 532.0
1 958.0 532.0
1 744.0 534.0
1 973.0 534.0
1 764.0 535.0
1 1321.0 535.0
1 770.0 536.0
1 826.0 536.0
1 730.0 537.0
1 890.0 537.0
1 751.0 538.0
1 802.0 538.0
1 924.0 538.0
1 693.0 539.0
1 680.0 540.0
1 865.0 540.0
1 666.0 541.0
1 976.0 541.0
1 653.0 542.0
1 658.0 542.0
1 725.0 544.0
1 760.0 544.0
1 794.0 544.0
1 905.0 544.0
1 613.0 546.0
1 618.0 546.0
1 805.0 546.0
1 861.0 548.0
1 984.0 549.0
1 694.0 550.0
1 733.0 551.0
1 753.0 551.0
1 721.0 554.0
1 1010.0 556.0
1 508.0 557.0
1 780.0 558.0
1 746.0 560.0
1 824.0 560.0
1 906.0 560.0
1 920.0 560.0
1 1303.0 561.0
1 509.0 562.0
1 713.0 562.0
1 718.0 563.0
1 756.0 565.0
1 509.0 567.0
1 1060.0 567.0
1 739.0 568.0
1 772.0 568.0
1 846.0 569.0
1 897.0 570.0
1 918.0 570.0
1 1058.0 572.0
1 749.0 573.0
1 863.0 573.0
1 928.0 575.0
1 733.0 576.0
1 943.0 576.0
1 957.0 576.0
1 510.0 577.0
1 874.0 577.0
1 1035.0 577.0
1 860.0 578.0
1 900.0 578.0
1 761.0 579.0
1 850.0 579.0
1 1014.0 579.0
1 909.0 580.0
1 840.0 581.0
1 1056.0 581.0
1 707.0 583.0
1 958.0 583.0
1 514.0 584.0
1 729.0 584.0
1 945.0 584.0
1 707.0 588.0
1 829.0 588.0
1 966.0 589.0
1 408.0 592.0
1 933.0 592.0
1 706.0 593.0
1 958.0 593.0
1 687.0 594.0
1 1019.0 594.0
1 811.0 596.0
1 974.0 597.0
1 613.0 600.0
1 625.0 600.0
1 706.0 600.0
1 768.0 600.0
1 790.0 600.0
1 1053.0 600.0
1 967.0 601.0
1 978.0 602.0
1 146.0 603.0
1 904.0 604.0
1 562.0 605.0
1 706.0 605.0
1 728.0 605.0
1 801.0 605.0
1 814.0 605.0
1 891.0 605.0
1 552.0 606.0
1 931.0 608.0
1 942.0 608.0
1 519.0 609.0
1 978.0 609.0
1 1159.0 609.0
1 902.0 610.0
1 1021.0 611.0
1 821.0 612.0
1 884.0 614.0
1 1021.0 616.0
1 555.0 618.0
1 831.0 618.0
1 707.0 619.0
1 523.0 621.0
1 802.0 621.0
1 838.0 622.0
1 846.0 623.0
1 866.0 623.0
1 853.0 624.0
1 861.0 624.0
1 786.0 625.0
1 924.0 625.0
1 527.0 628.0
1 777.0 628.0
1 890.0 628.0
1 751.0 629.0
1 797.0 629.0
1 951.0 629.0
1 831.0 631.0
1 983.0 631.0
1 559.0 632.0
1 988.0 632.0
1 1019.0 632.0
1 72.0 634.0
1 709.0 636.0
1 781.0 636.0
1 874.0 637.0
1 1018.0 637.0
1 773.0 638.0
1 528.0 642.0
1 1016.0 642.0
1 917.0 645.0
1 1099.0 645.0
1 977.0 646.0
1 559.0 647.0
1 963.0 647.0
1 987.0 648.0
1 1015.0 648.0
1 713.0 651.0
1 775.0 651.0
1 941.0 653.0
1 1013.0 653.0
1 768.0 654.0
1 1252.0 655.0
1 716.0 656.0
1 741.0 657.0
1 798.0 657.0
1 914.0 657.0
1 984.0 659.0
1 974.0 660.0
1 1043.0 663.0
1 969.0 666.0
1 980.0 667.0
1 875.0 669.0
1 852.0 670.0
1 906.0 670.0
1 721.0 671.0
1 770.0 672.0
1 976.0 674.0
1 746.0 675.0
1 722.0 676.0
1 965.0 676.0
1 1003.0 677.0
1 817.0 680.0
1 959.0 680.0
1 735.0 681.0
1 968.0 681.0
1 847.0 684.0
1 853.0 684.0
1 858.0 684.0
1 906.0 684.0
1 769.0 685.0
1 956.0 685.0
1 968.0 686.0
1 727.0 688.0
1 779.0 689.0
1 771.0 690.0
1 963.0 690.0
1 1310.0 690.0
1 948.0 692.0
1 994.0 693.0
1 771.0 695.0
1 747.0 697.0
1 355.0 698.0
1 716.0 698.0
1 784.0 698.0
1 940.0 698.0
1 955.0 699.0
1 1414.0 700.0
1 735.0 702.0
1 778.0 702.0
1 985.0 703.0
1 948.0 704.0
1 739.0 707.0
1 1276.0 707.0
1 1484.0 710.0
1 920.0 711.0
1 1432.0 711.0
1 871.0 712.0
1 1255.0 712.0
1 744.0 713.0
1 283.0 714.0
1 799.0 714.0
1 909.0 716.0
1 940.0 716.0
1 904.0 718.0
1 924.0 718.0
1 899.0 719.0
1 752.0 720.0
1 795.0 720.0
1 800.0 721.0
1 805.0 721.0
1 819.0 721.0
1 864.0 721.0
1 1422.0 722.0
1 1444.0 722.0
1 828.0 723.0
1 886.0 723.0
1 914.0 723.0
1 833.0 724.0
1 1324.0 724.0
1 838.0 725.0
1 760.0 726.0
1 906.0 726.0
1 850.0 727.0
1 901.0 727.0
1 813.0 728.0
1 896.0 728.0
1 1432.0 728.0
1 877.0 729.0
1 1383.0 729.0
1 819.0 730.0
1 1185.0 730.0
1 888.0 731.0
1 717.0 733.0
1 830.0 733.0
1 837.0 733.0
1 844.0 734.0
1 1379.0 734.0
1 772.0 735.0
1 1418.0 735.0
1 1386.0 740.0
1 321.0 743.0
1 783.0 743.0
1 927.0 743.0
1 1369.0 743.0
1 1307.0 745.0
1 1380.0 747.0
1 866.0 750.0
1 803.0 751.0
1 904.0 751.0
1 1314.0 751.0
1 1373.0 754.0
1 468.0 755.0
1 1185.0 759.0
1 1402.0 759.0
1 1392.0 760.0
1 1298.0 761.0
1 1287.0 766.0
1 323.0 770.0
1 1384.0 772.0
1 1193.0 773.0
1 1168.0 775.0
1 1218.0 778.0
1 1297.0 778.0
1 1405.0 780.0
1 1177.0 783.0
1 1394.0 783.0
1 1306.0 788.0
1 1203.0 790.0
1 1315.0 790.0
1 1096.0 791.0
1 565.0 792.0
1 1268.0 792.0
1 1323.0 794.0
1 213.0 796.0
1 1196.0 796.0
1 1396.0 796.0
1 1259.0 799.0
1 1294.0 800.0
1 899.0 801.0
1 1111.0 802.0
1 310.0 803.0
1 1163.0 803.0
1 984.0 804.0
1 543.0 805.0
1 1267.0 805.0
1 1288.0 805.0
1 902.0 806.0
1 1044.0 806.0
1 184.0 807.0
1 1193.0 807.0
1 1239.0 808.0
1 1260.0 809.0
1 443.0 810.0
1 233.0 811.0
1 902.0 811.0
1 1247.0 812.0
1 1275.0 812.0
1 149.0 814.0
1 200.0 815.0
1 129.0 816.0
1 1309.0 816.0
1 1329.0 817.0
1 1352.0 817.0
1 1179.0 818.0
1 1256.0 818.0
1 1031.0 819.0
1 1295.0 819.0
1 1234.0 820.0
1 1223.0 821.0
1 118.0 823.0
1 1168.0 823.0
1 1246.0 825.0
1 1276.0 825.0
1 1261.0 826.0
1 80.0 828.0
1 1067.0 828.0
1 1285.0 828.0
1 1296.0 830.0
1 61.0 831.0
1 120.0 832.0
1 1115.0 833.0
1 1272.0 833.0
1 895.0 834.0
1 1252.0 834.0
1 428.0 837.0
1 326.0 838.0
1 848.0 838.0
1 1020.0 839.0
1 1093.0 839.0
1 1245.0 839.0
1 641.0 840.0
1 1176.0 840.0
1 82.0 842.0
1 1135.0 842.0
1 1187.0 842.0
1 808.0 846.0
1 1117.0 846.0
1 71.0 847.0
1 1050.0 847.0
1 1261.0 848.0
1 1293.0 848.0
1 879.0 850.0
1 1229.0 850.0
1 46.0 851.0
1 848.0 853.0
1 874.0 853.0
1 386.0 854.0
1 867.0 856.0
1 1197.0 856.0
1 129.0 857.0
1 1098.0 858.0
1 1180.0 858.0
1 124.0 859.0
1 1217.0 860.0
1 1304.0 860.0
1 1260.0 861.0
1 310.0 863.0
1 323.0 863.0
1 1231.0 863.0
1 297.0 864.0
1 282.0 865.0
1 1296.0 868.0
1 563.0 869.0
1 1159.0 869.0
1 532.0 870.0
1 790.0 870.0
1 1184.0 870.0
1 1249.0 871.0
1 1260.0 871.0
1 1199.0 872.0
1 562.0 874.0
1 591.0 874.0
1 1070.0 874.0
1 1178.0 874.0
1 1035.0 877.0
1 1230.0 877.0
1 1241.0 878.0
1 1098.0 879.0
1 1212.0 879.0
1 362.0 880.0
1 1047.0 880.0
1 369.0 881.0
1 508.0 882.0
1 1263.0 882.0
1 1058.0 884.0
1 1251.0 884.0
1 1039.0 885.0
1 559.0 886.0
1 1142.0 886.0
1 1173.0 887.0
1 1286.0 887.0
1 1237.0 888.0
1 1185.0 889.0
1 1257.0 890.0
1 1007.0 893.0
1 1175.0 893.0
1 288.0 895.0
1 1036.0 896.0
1 316.0 898.0
1 482.0 898.0
1 1152.0 899.0
1 1229.0 899.0
1 367.0 901.0
1 1192.0 904.0
1 1212.0 911.0
1 1158.0 912.0
1 1062.0 914.0
1 521.0 915.0
1 962.0 916.0
1 283.0 917.0
1 443.0 917.0
1 583.0 919.0
1 1260.0 919.0
1 475.0 920.0
1 1160.0 924.0
1 1165.0 924.0
1 1146.0 925.0
1 894.0 926.0
1 522.0 927.0
1 444.0 929.0
1 473.0 929.0
1 494.0 930.0
1 1138.0 930.0
1 1153.0 932.0
1 1129.0 938.0
1 1170.0 938.0
1 1082.0 939.0
1 561.0 940.0
1 1145.0 940.0
1 516.0 942.0
1 438.0 943.0
1 1207.0 943.0
1 554.0 944.0
1 1112.0 947.0
1 398.0 951.0
1 1215.0 951.0
1 152.0 952.0
1 524.0 952.0
1 892.0 952.0
1 1266.0 952.0
1 1288.0 952.0
1 1479.0 954.0
1 471.0 956.0
1 1192.0 956.0
1 564.0 958.0
1 1055.0 958.0
1 398.0 959.0
1 464.0 961.0
1 422.0 964.0
1 1133.0 968.0
1 490.0 969.0
1 1118.0 969.0
1 367.0 970.0
1 1164.0 970.0
1 338.0 975.0
1 575.0 975.0
1 1038.0 977.0
1 421.0 978.0
1 415.0 983.0
1 460.0 987.0
1 316.0 988.0
1 1027.0 989.0
1 490.0 990.0
1 1432.0 990.0
1 135.0 991.0
1 210.0 991.0
1 1314.0 991.0
