0 515 1 132.1900385605126
0 586 2 345.68434812028187
0 186 3 418.355513948568
0 228 4 111.63202427833856
0 364 5 165.07296934180744
0 321 10 352.351152876155
0 706 13 358.7268258868416
0 384 16 233.85512960902076
0 413 17 403.9587058246583
0 575 20 434.4777774871571
0 153 21 111.93873226430786
0 191 22 204.01895259012997
0 97 24 177.35129353676655
0 204 25 324.1271674167618
0 48 26 423.08836915365634
0 427 27 448.4397127718741
0 112 32 128.2538422527864
0 294 34 120.95333677893667
0 175 35 301.7834168397008
0 368 36 301.80643495851047
0 179 37 298.7022101756137
0 506 38 133.23889115093746
0 240 39 268.87236283471185
0 337 42 204.36070680341126
0 283 43 269.53113239692937
0 435 48 277.1724642441056
0 170 49 263.63317731401054
0 483 54 352.2993975058607
0 152 55 301.07078212703044
0 460 57 321.0020906864672
0 621 59 474.1868610495923
0 136 67 320.7881608379046
0 239 68 203.17898291438982
0 631 69 416.81708711910295
0 233 71 186.04237723989277
0 486 73 292.0425140329435
0 447 74 171.6734388989793
0 223 75 193.79304250697533
0 355 76 185.25063114917734
0 716 78 189.4815543318402
0 381 80 244.46204144377478
0 203 84 115.69251494856725
0 205 85 229.4726362157376
0 633 88 378.5999137064177
0 236 89 220.12991788434476
0 365 95 209.82779884255388
0 489 96 155.63987602404933
0 234 98 217.39752583109234
0 383 99 228.10980346942156
0 161 100 290.7314408739888
0 53 104 300.7594180612337
0 517 106 134.54494129723486
0 709 113 113.7195668341428
0 661 120 405.83380089774784
0 298 121 275.025980579911
0 438 122 162.99280351881941
0 581 123 392.96145001072153
0 370 125 444.9567630097356
0 190 130 199.12985515943478
0 731 133 110.31984584221446
0 478 137 132.77241003156757
0 266 138 285.12559036781784
0 108 139 122.12109609860985
0 232 141 214.96418195983384
0 149 144 346.9420605739763
0 142 148 324.426546672094
0 230 150 132.97091820717532
0 393 151 172.1278730400662
0 285 152 268.157387515442
0 454 153 392.2986341626752
0 601 155 385.85361164174145
0 30 157 372.23471407330624
0 218 158 114.76673177122525
0 697 161 120.85521196068687
0 436 162 363.9230780159951
0 618 165 119.91173946331234
0 470 167 413.57102905313246
0 65 169 207.43366306911076
0 160 175 174.77247941316705
0 103 179 134.91325439517874
0 451 180 187.75525186432287
0 536 181 382.7275023023351
0 202 186 152.63755148391866
0 734 188 116.38415586466064
0 130 191 457.0877764377241
0 313 197 400.96378723668414
0 46 199 152.64292587346623
0 738 200 163.50414587847578
0 60 204 169.1776711743494
0 414 208 159.95361147570634
0 173 214 240.22029479548962
0 57 216 278.9049915736933
0 45 217 275.77400071634236
0 122 220 163.4504484185883
0 270 224 167.23236736462047
0 94 225 165.90017559858074
0 99 228 399.3240354890889
0 349 230 145.8791433334342
0 539 233 238.98042976751594
0 650 241 142.2788492157888
0 156 243 203.65660687357993
0 38 244 289.0899624766853
0 485 245 107.98506340637543
0 250 246 157.41775527816992
0 59 252 414.3938058840594
0 138 255 466.7181681137423
0 495 257 144.2044143671715
0 58 258 327.9047300190697
0 592 259 435.5198365413364
0 181 265 247.86767402149152
0 287 269 335.90366974589415
0 212 272 182.72729252980974
0 221 275 172.23920089924195
0 606 278 118.28302662183386
0 61 279 287.9313573067669
0 151 284 122.09273732584616
0 645 285 442.5032087135902
0 227 288 132.05584701081975
0 307 290 266.88381485116054
0 516 292 192.12764339589626
0 104 293 235.41319907783534
0 183 294 198.58991964059442
0 110 295 315.9750677279139
0 64 298 194.94973169047952
0 42 299 240.04347825775918
0 318 305 124.11616182165884
0 176 308 189.17244407380437
0 81 311 162.99956532713455
0 145 317 192.1129912605001
0 433 319 461.70589421479116
0 56 321 178.43282543151378
0 727 322 164.7327905937089
0 199 324 229.1804401513716
0 100 325 147.03120330568373
0 90 326 214.634584431178
0 428 328 204.47709741568386
0 113 329 120.51534534166095
0 585 330 306.0649406823243
0 663 331 419.5125195757069
0 123 332 152.6378431077491
0 268 333 132.88871329389627
0 35 335 371.33450506818485
0 312 336 339.0745266189883
0 405 338 178.3839728045827
0 229 340 375.3864487393324
0 301 343 174.29110030839476
0 534 346 441.950687847204
0 291 349 207.0974366266796
0 111 351 462.1226158552264
0 724 355 127.93726708865518
0 171 358 267.801644491948
0 28 359 320.6401329558657
0 128 361 306.14723581911215
0 717 362 230.8392094963031
0 390 363 315.7801756334038
0 211 364 180.05674767846017
0 52 365 192.52493714934107
0 612 366 114.82722240036247
0 638 368 112.11598164441028
0 220 370 171.3620055173831
0 127 371 427.39359750878367
0 548 375 445.6259949311592
0 178 379 228.69661917220986
0 599 382 389.192344072502
0 521 384 261.8456391681822
0 407 385 220.84335882404434
0 91 386 340.8128781202859
0 297 387 445.62729694347354
0 348 390 302.0506213184285
0 492 393 361.8646151563178
0 159 395 443.4164883819411
0 442 396 298.0681781538932
0 85 397 257.66565021843013
0 474 399 167.80372388046192
0 482 401 410.82130574578616
0 380 403 338.6802621513379
0 449 407 138.71646956784883
0 8 408 242.82116437740555
0 96 409 373.25028804886966
0 610 411 337.4046002635531
0 47 413 259.7915871781023
0 560 417 319.161717142884
0 207 421 118.71165863390303
0 247 423 163.63861583625308
0 72 425 160.06264658943206
0 273 431 286.2986112213208
0 532 434 256.93000696184527
0 552 437 131.38454124189644
0 525 441 110.93085639211242
0 459 442 292.2213632368242
0 554 443 247.94307949261363
0 341 446 253.30104291137997
0 129 448 126.33959513413949
0 469 449 144.16852814996705
0 43 453 128.8649659710849
0 376 459 407.07807381297823
0 162 460 160.9660332174659
0 649 461 287.63933985246865
0 197 463 432.87925502483216
0 630 468 412.0816956119403
0 55 470 216.86121061208956
0 249 479 245.7181451294295
0 392 480 202.91680227943135
0 84 481 217.65684531500872
0 195 485 334.55517417204294
0 80 486 141.37177306250612
0 591 489 222.50204485857736
0 480 495 220.79367440912924
0 135 499 408.26464270398776
0 328 504 292.8231245083534
0 653 505 452.58401793641525
0 280 507 241.6950851979693
0 658 508 445.4620022312641
0 686 509 109.98636021488528
0 543 511 130.19312520549755
0 277 512 324.39436658933795
0 34 513 191.46003601369748
0 713 514 454.37618868678254
0 224 516 226.62537654185368
0 520 522 277.0091324163217
0 252 529 234.9632658423101
0 39 533 429.9552200881349
0 163 535 118.49986763670924
0 196 536 150.4602623931492
0 275 540 163.6646837972098
0 214 544 264.7048749042199
0 217 546 205.276217269421
0 561 550 484.85724935269997
0 282 554 185.54520080361704
0 682 557 110.23602242380906
0 417 560 219.85780387853947
0 269 563 355.18242745020746
0 68 566 319.502787924447
0 354 567 443.2930300420498
0 134 571 296.86392962131094
0 114 573 209.1800520580692
0 733 574 137.63455538589477
0 656 577 106.22046163298198
0 619 578 405.7246657808406
0 93 579 372.25920285147276
0 86 580 170.87048617766513
0 698 581 367.4758792985303
0 351 586 362.05445399796673
0 529 589 246.68384182824528
0 440 594 219.9481934740453
0 635 597 111.72729222134465
0 411 604 281.36335957311536
0 201 606 272.1522722402579
0 241 607 282.2755385661119
0 9 608 486.59572491845165
0 388 610 271.32688897816024
0 184 612 151.47498185023176
0 339 613 247.4043084691051
0 458 616 392.4539494775555
0 567 617 221.78893201946752
0 66 619 202.55021404707549
0 396 626 169.11878523934683
0 31 627 321.92270788447195
0 382 633 215.94820759310048
0 680 634 126.16729566511839
0 494 637 157.66926532067947
0 484 639 459.7050754669586
0 509 640 308.4524763256074
0 664 641 161.24927219145675
0 259 642 123.17447601046996
0 279 643 217.76875117712638
0 708 644 468.963300327616
0 49 646 156.24889755468084
0 507 648 469.47969352272156
0 412 649 185.70576580365938
0 403 652 397.8893660295507
0 124 653 183.23843691554387
0 322 654 188.72267988379593
0 253 667 277.34192585757387
0 238 672 191.7957692298019
0 70 673 237.18175102400565
0 216 675 198.42332539823713
0 215 676 154.996281504434
0 126 678 181.91028166401145
0 505 685 207.72129625978337
0 300 686 274.2669192368131
0 295 691 177.61618163474233
0 69 692 154.62165047570176
0 303 693 295.67557350620945
0 737 695 120.47971522429066
0 14 698 276.31999277957175
0 305 699 443.9614922545237
0 67 702 164.5121381174237
0 219 706 168.0509228708582
0 172 707 256.9111218711134
0 445 711 329.2487222568544
0 646 713 268.31804002568475
0 54 714 174.93122018611683
0 524 716 405.09756702528466
0 422 719 341.9846431976263
0 573 722 246.31524362975642
0 386 723 443.0876236288877
0 477 727 175.51610611803378
0 639 731 186.11318646588398
0 378 737 237.32563467204088
0 400 740 312.9837910734635
0 146 745 233.209481051991
0 394 746 367.7412425579223
0 496 751 122.6143137012149
0 415 752 122.67414942289712
0 418 759 368.0633419708017
0 310 765 210.07246761977513
0 437 768 245.58977199178176
0 148 772 206.67521427325468
0 672 785 491.6025018456467
0 710 786 230.39799962674272
0 450 792 312.112214588756
0 462 797 359.00743009775374
0 290 799 384.5957372477219
0 293 800 365.924866081555
0 357 803 175.70550975306452
0 210 810 206.12466296465297
0 508 813 333.0230689495964
0 265 816 356.64466674071423
0 71 818 262.0799746811853
0 255 819 207.9984329341696
0 389 821 271.98051531189896
0 116 825 223.29428362281226
0 692 829 138.16954272539766
0 430 832 154.61377052117265
0 139 836 441.0694607103382
0 473 837 169.94414818023228
0 198 838 197.58079987337655
0 443 842 249.31119326272554
0 324 853 194.2895338848304
0 302 854 247.9137690261615
0 166 857 444.82775740376337
0 132 860 187.47201979532434
0 174 864 178.96128482670622
0 332 865 305.0526039414682
0 331 871 278.1628094463385
0 741 873 117.2797460968479
0 182 880 162.73521225725588
0 17 881 320.50745628253964
0 248 883 204.85615289200672
0 391 884 227.25561193037996
0 537 888 409.03006912548426
0 242 890 192.59362659564698
0 434 891 197.43104065071267
0 329 892 351.63411240828856
0 721 893 111.23674211621315
0 488 897 364.75142565815077
0 579 901 227.5271177518706
0 644 905 458.97393003097216
0 456 907 248.30231012747217
0 735 911 215.4187479436005
0 356 912 222.96213280727866
0 359 917 221.50378364968765
0 471 920 428.10787914280013
0 555 925 230.8902771975701
0 133 926 202.0254911054597
0 719 931 153.5040646441697
0 720 934 152.26955130116318
0 141 939 158.053319157046
0 553 947 474.17195146646753
0 453 952 209.23931134126818
0 501 953 296.9757786508371
0 617 954 434.55649686234665
0 565 956 494.8017946472172
0 164 959 217.99336166331327
0 399 961 154.57240325252928
0 466 964 248.5128930789895
0 193 968 149.79222477919168
0 729 972 111.29612241792273
0 510 981 290.20014159550425
0 377 983 187.9546557528822
0 699 1009 109.35896538377352
0 493 1015 209.5242579247
0 467 1016 189.3374066063538
0 144 1017 232.4580693758622

0 784.0 268.0
0 677.0 624.0
0 903.0 676.0
0 816.0 402.0
0 752.0 413.0
0 781.0 526.0
0 901.0 225.0
0 771.0 479.0
0 769.0 291.0
0 731.0 385.0
0 880.0 465.0
0 883.0 677.0
0 752.0 537.0
0 575.0 980.0
0 750.0 523.0
0 893.0 582.0
0 792.0 537.0
0 828.0 547.0
0 1472.0 952.0
0 808.0 491.0
0 895.0 670.0
0 926.0 389.0
0 907.0 404.0
0 787.0 255.0
0 750.0 359.0
0 844.0 407.0
0 668.0 273.0
0 863.0 563.0
0 1006.0 458.0
0 748.0 282.0
0 802.0 474.0
0 731.0 259.0
0 1149.0 308.0
0 846.0 477.0
0 923.0 444.0
0 880.0 397.0
0 935.0 483.0
0 888.0 398.0
0 959.0 563.0
0 1144.0 381.0
0 983.0 407.0
0 1270.0 911.0
0 992.0 451.0
0 970.0 441.0
0 829.0 487.0
0 779.0 380.0
0 786.0 438.0
0 952.0 603.0
0 732.0 585.0
0 779.0 395.0
0 730.0 395.0
0 865.0 553.0
0 870.0 221.0
0 792.0 244.0
0 844.0 608.0
0 835.0 389.0
0 814.0 476.0
0 831.0 601.0
0 825.0 388.0
0 746.0 712.0
0 744.0 504.0
0 1036.0 972.0
0 774.0 487.0
0 825.0 516.0
0 859.0 197.0
0 1295.0 919.0
0 1442.0 954.0
0 1031.0 324.0
0 1105.0 382.0
0 769.0 713.0
0 784.0 446.0
0 1085.0 379.0
0 639.0 245.0
0 740.0 595.0
0 705.0 591.0
0 1070.0 368.0
0 916.0 486.0
0 1281.0 909.0
0 939.0 893.0
0 1338.0 980.0
0 800.0 532.0
0 993.0 409.0
0 693.0 363.0
0 844.0 469.0
0 922.0 407.0
0 853.0 409.0
0 913.0 414.0
0 747.0 468.0
0 753.0 716.0
0 999.0 389.0
0 707.0 330.0
0 519.0 985.0
0 893.0 683.0
0 835.0 508.0
0 949.0 936.0
0 903.0 498.0
0 680.0 612.0
0 1121.0 983.0
0 948.0 423.0
0 913.0 508.0
0 1167.0 329.0
0 897.0 400.0
0 845.0 391.0
0 1048.0 932.0
0 560.0 258.0
0 846.0 734.0
0 687.0 623.0
0 826.0 478.0
0 685.0 253.0
0 903.0 689.0
0 797.0 489.0
0 1064.0 307.0
0 760.0 479.0
0 693.0 940.0
0 757.0 238.0
0 805.0 482.0
0 1218.0 937.0
0 749.0 297.0
0 977.0 932.0
0 876.0 210.0
0 840.0 722.0
0 860.0 463.0
0 1125.0 476.0
0 884.0 687.0
0 692.0 426.0
0 773.0 533.0
0 774.0 241.0
0 909.0 940.0
0 1246.0 963.0
0 1200.0 966.0
0 645.0 372.0
0 755.0 504.0
0 741.0 251.0
0 1058.0 909.0
0 675.0 261.0
0 721.0 387.0
0 1120.0 848.0
0 694.0 604.0
0 1040.0 418.0
0 611.0 337.0
0 829.0 672.0
0 972.0 384.0
0 893.0 233.0
0 714.0 510.0
0 600.0 356.0
0 872.0 454.0
0 711.0 448.0
0 825.0 455.0
0 816.0 386.0
0 1079.0 449.0
0 922.0 418.0
0 1113.0 456.0
0 818.0 463.0
0 908.0 579.0
0 737.0 283.0
0 916.0 698.0
0 872.0 927.0
0 673.0 248.0
0 721.0 408.0
0 889.0 945.0
0 1457.0 963.0
0 558.0 951.0
0 874.0 559.0
0 734.0 531.0
0 853.0 211.0
0 449.0 740.0
0 785.0 488.0
0 718.0 604.0
0 798.0 967.0
0 609.0 288.0
0 531.0 360.0
0 1020.0 309.0
0 606.0 344.0
0 762.0 488.0
0 751.0 488.0
0 635.0 360.0
0 714.0 908.0
0 696.0 373.0
0 871.0 568.0
0 666.0 333.0
0 1162.0 478.0
0 826.0 638.0
0 819.0 665.0
0 873.0 975.0
0 766.0 504.0
0 1313.0 877.0
0 533.0 379.0
0 782.0 480.0
0 1066.0 930.0
0 846.0 512.0
0 870.0 248.0
0 1019.0 321.0
0 904.0 215.0
0 837.0 398.0
0 749.0 480.0
0 687.0 495.0
0 605.0 959.0
0 1020.0 445.0
0 716.0 529.0
0 590.0 264.0
0 974.0 983.0
0 1194.0 985.0
0 1030.0 986.0
0 900.0 699.0
0 575.0 280.0
0 681.0 424.0
0 707.0 318.0
0 745.0 531.0
0 931.0 522.0
0 942.0 210.0
0 1169.0 453.0
0 743.0 495.0
0 831.0 497.0
0 810.0 468.0
0 871.0 396.0
0 896.0 573.0
0 610.0 272.0
0 685.0 268.0
0 559.0 984.0
0 1283.0 949.0
0 535.0 341.0
0 842.0 193.0
0 976.0 430.0
0 1404.0 985.0
0 991.0 424.0
0 1080.0 299.0
0 785.0 987.0
0 754.0 495.0
0 1052.0 307.0
0 926.0 246.0
0 941.0 464.0
0 994.0 493.0
0 763.0 524.0
0 653.0 653.0
0 831.0 731.0
0 787.0 394.0
0 761.0 532.0
0 794.0 480.0
0 900.0 923.0
0 820.0 494.0
0 1157.0 286.0
0 312.0 829.0
0 897.0 534.0
0 1042.0 325.0
0 698.0 260.0
0 1001.0 520.0
0 927.0 431.0
0 1132.0 413.0
0 1033.0 314.0
0 838.0 520.0
0 705.0 513.0
0 1347.0 978.0
0 659.0 290.0
0 790.0 473.0
0 722.0 428.0
0 673.0 350.0
0 823.0 504.0
0 690.0 612.0
0 646.0 289.0
0 745.0 701.0
0 768.0 276.0
0 1425.0 952.0
0 1019.0 988.0
0 779.0 504.0
0 1137.0 948.0
0 993.0 348.0
0 1176.0 990.0
0 1341.0 954.0
0 854.0 455.0
0 1046.0 406.0
0 909.0 242.0
0 1002.0 295.0
0 872.0 410.0
0 790.0 904.0
0 831.0 428.0
0 895.0 413.0
0 838.0 564.0
0 723.0 508.0
0 362.0 756.0
0 669.0 283.0
0 759.0 281.0
0 799.0 465.0
0 1167.0 300.0
0 15.0 873.0
0 573.0 360.0
0 874.0 711.0
0 1126.0 383.0
0 719.0 474.0
0 1059.0 369.0
0 874.0 511.0
0 1183.0 408.0
0 591.0 526.0
0 1060.0 535.0
0 1067.0 317.0
0 853.0 401.0
0 740.0 346.0
0 1350.0 938.0
0 1382.0 919.0
0 696.0 294.0
0 931.0 258.0
0 803.0 389.0
0 817.0 485.0
0 698.0 324.0
0 981.0 974.0
0 660.0 420.0
0 959.0 452.0
0 841.0 491.0
0 1003.0 885.0
0 1170.0 343.0
0 1097.0 899.0
0 939.0 226.0
0 947.0 306.0
0 689.0 380.0
0 1131.0 981.0
0 143.0 850.0
0 843.0 967.0
0 847.0 245.0
0 562.0 358.0
0 629.0 285.0
0 794.0 554.0
0 910.0 233.0
0 552.0 268.0
0 1147.0 847.0
0 701.0 338.0
0 1024.0 356.0
0 1139.0 293.0
0 956.0 312.0
0 829.0 436.0
0 949.0 522.0
0 573.0 341.0
0 815.0 679.0
0 873.0 727.0
0 556.0 342.0
0 1134.0 401.0
0 808.0 983.0
0 638.0 269.0
0 857.0 474.0
0 1002.0 468.0
0 1149.0 457.0
0 1138.0 841.0
0 712.0 401.0
0 790.0 506.0
0 679.0 364.0
0 883.0 457.0
0 1349.0 929.0
0 339.0 990.0
0 1145.0 529.0
0 700.0 416.0
0 844.0 501.0
0 1063.0 429.0
0 818.0 648.0
0 996.0 307.0
0 727.0 272.0
0 1382.0 989.0
0 1097.0 986.0
0 1280.0 786.0
0 1092.0 461.0
0 789.0 586.0
0 1016.0 334.0
0 627.0 232.0
0 882.0 973.0
0 788.0 380.0
0 642.0 985.0
0 675.0 546.0
0 544.0 384.0
0 710.0 276.0
0 400.0 749.0
0 770.0 983.0
0 462.0 761.0
0 931.0 551.0
0 1107.0 369.0
0 1170.0 321.0
0 1175.0 968.0
0 907.0 895.0
0 1333.0 794.0
0 894.0 654.0
0 862.0 399.0
0 694.0 539.0
0 732.0 497.0
0 803.0 399.0
0 704.0 500.0
0 684.0 592.0
0 730.0 702.0
0 838.0 481.0
0 1166.0 507.0
0 831.0 538.0
0 1055.0 298.0
0 823.0 471.0
0 883.0 250.0
0 1072.0 345.0
0 891.0 487.0
0 1327.0 892.0
0 909.0 868.0
0 902.0 596.0
0 697.0 517.0
0 1004.0 329.0
0 650.0 572.0
0 753.0 342.0
0 779.0 473.0
0 1124.0 498.0
0 1184.0 332.0
0 799.0 589.0
0 705.0 253.0
0 658.0 541.0
0 1295.0 840.0
0 814.0 513.0
0 806.0 438.0
0 945.0 539.0
0 824.0 233.0
0 989.0 290.0
0 529.0 952.0
0 857.0 682.0
0 1102.0 914.0
0 625.0 260.0
0 1449.0 912.0
0 863.0 505.0
0 810.0 502.0
0 861.0 644.0
0 613.0 357.0
0 1094.0 447.0
0 840.0 443.0
0 1044.0 360.0
0 1062.0 327.0
0 705.0 430.0
0 885.0 567.0
0 644.0 307.0
0 1372.0 921.0
0 1070.0 960.0
0 1055.0 959.0
0 1155.0 846.0
0 982.0 326.0
0 1064.0 417.0
0 739.0 481.0
0 918.0 219.0
0 781.0 630.0
0 1086.0 881.0
0 696.0 504.0
0 741.0 659.0
0 874.0 991.0
0 1013.0 343.0
0 712.0 384.0
0 1084.0 537.0
0 643.0 593.0
0 686.0 660.0
0 788.0 465.0
0 761.0 719.0
0 923.0 477.0
0 337.0 980.0
0 932.0 373.0
0 684.0 603.0
0 971.0 594.0
0 1160.0 394.0
0 1445.0 898.0
0 917.0 282.0
0 815.0 447.0
0 1307.0 896.0
0 784.0 236.0
0 785.0 278.0
0 1255.0 982.0
0 848.0 524.0
0 549.0 362.0
0 892.0 709.0
0 884.0 885.0
0 829.0 404.0
0 856.0 447.0
0 716.0 262.0
0 1184.0 944.0
0 727.0 914.0
0 193.0 834.0
0 1367.0 969.0
0 952.0 257.0
0 1363.0 894.0
0 641.0 466.0
0 1250.0 856.0
0 1300.0 880.0
0 843.0 233.0
0 589.0 511.0
0 740.0 307.0
0 844.0 457.0
0 962.0 424.0
0 815.0 532.0
0 554.0 316.0
0 1288.0 894.0
0 778.0 222.0
0 722.0 497.0
0 616.0 380.0
0 613.0 313.0
0 1055.0 922.0
0 1047.0 337.0
0 679.0 693.0
0 1173.0 957.0
0 1111.0 953.0
0 668.0 470.0
0 715.0 283.0
0 712.0 486.0
0 914.0 564.0
0 738.0 298.0
0 845.0 543.0
0 733.0 506.0
0 953.0 366.0
0 802.0 509.0
0 745.0 262.0
0 749.0 635.0
0 1058.0 441.0
0 918.0 470.0
0 824.0 723.0
0 31.0 883.0
0 886.0 447.0
0 1076.0 616.0
0 995.0 730.0
0 754.0 229.0
0 684.0 640.0
0 1181.0 392.0
0 572.0 247.0
0 547.0 978.0
0 892.0 495.0
0 1128.0 370.0
0 773.0 951.0
0 840.0 947.0
0 1295.0 980.0
0 685.0 293.0
0 1163.0 958.0
0 815.0 616.0
0 1173.0 831.0
0 957.0 232.0
0 680.0 387.0
0 834.0 457.0
0 911.0 257.0
0 809.0 454.0
0 1003.0 411.0
0 914.0 983.0
0 759.0 253.0
0 886.0 860.0
0 802.0 266.0
0 536.0 979.0
0 665.0 368.0
0 749.0 403.0
0 1258.0 970.0
0 1149.0 977.0
0 688.0 219.0
0 947.0 435.0
0 737.0 470.0
0 861.0 530.0
0 667.0 625.0
0 1063.0 360.0
0 1369.0 934.0
0 662.0 387.0
0 665.0 528.0
0 1424.0 978.0
0 592.0 540.0
0 803.0 667.0
0 947.0 233.0
0 836.0 931.0
0 948.0 927.0
0 555.0 441.0
0 825.0 965.0
0 713.0 688.0
0 812.0 789.0
0 1293.0 905.0
0 728.0 472.0
0 665.0 562.0
0 871.0 484.0
0 565.0 494.0
0 719.0 441.0
0 559.0 380.0
0 799.0 894.0
0 759.0 325.0
0 1061.0 452.0
0 1044.0 874.0
0 871.0 463.0
0 694.0 657.0
0 795.0 382.0
0 707.0 394.0
0 634.0 343.0
0 1064.0 921.0
0 807.0 384.0
0 759.0 708.0
0 462.0 799.0
0 751.0 706.0
0 1148.0 288.0
0 666.0 319.0
0 511.0 960.0
0 704.0 489.0
0 1168.0 811.0
0 1342.0 898.0
0 1443.0 940.0
0 779.0 515.0
0 868.0 675.0
0 1052.0 946.0
0 1112.0 525.0
0 623.0 338.0
0 736.0 905.0
0 798.0 444.0
0 687.0 322.0
0 1018.0 513.0
0 593.0 285.0
0 858.0 517.0
0 470.0 753.0
0 973.0 371.0
0 777.0 440.0
0 65.0 924.0
0 728.0 235.0
0 1351.0 952.0
0 1308.0 972.0
0 959.0 510.0
0 870.0 404.0
0 1159.0 359.0
0 764.0 419.0
0 872.0 232.0
0 1056.0 977.0
0 925.0 508.0
0 661.0 596.0
0 1053.0 346.0
0 1012.0 453.0
0 874.0 649.0
0 997.0 441.0
0 1106.0 483.0
0 666.0 678.0
0 792.0 452.0
0 527.0 290.0
0 978.0 347.0
0 700.0 985.0
0 1407.0 880.0
0 830.0 397.0
0 1149.0 489.0
0 877.0 442.0
0 923.0 515.0
0 710.0 240.0
0 722.0 958.0
0 896.0 858.0
0 853.0 614.0
0 1155.0 894.0
0 1151.0 966.0
0 1107.0 472.0
0 1106.0 642.0
0 731.0 489.0
0 862.0 991.0
0 1114.0 510.0
0 777.0 465.0
0 1166.0 495.0
0 762.0 613.0
0 1115.0 613.0
0 634.0 408.0
0 1165.0 369.0
0 626.0 972.0
0 1457.0 978.0
0 647.0 278.0
0 839.0 451.0
0 646.0 623.0
0 1008.0 499.0
0 1379.0 959.0
0 872.0 937.0
0 708.0 553.0
0 763.0 376.0
0 920.0 457.0
0 304.0 836.0
0 666.0 312.0
0 776.0 496.0
0 838.0 687.0
0 316.0 769.0
0 1276.0 920.0
0 1382.0 898.0
0 816.0 441.0
0 788.0 496.0
0 612.0 301.0
0 1431.0 916.0
0 798.0 500.0
0 1139.0 390.0
0 951.0 509.0
0 794.0 724.0
0 760.0 294.0
0 880.0 484.0
0 1077.0 376.0
0 528.0 301.0
0 1005.0 840.0
0 1144.0 368.0
0 1088.0 368.0
0 720.0 486.0
0 1091.0 330.0
0 769.0 577.0
0 857.0 481.0
0 1464.0 935.0
0 617.0 962.0
0 944.0 534.0
0 682.0 523.0
0 1041.0 530.0
0 1120.0 411.0
0 1121.0 959.0
0 913.0 433.0
0 958.0 346.0
0 860.0 244.0
0 935.0 446.0
0 948.0 296.0
0 1103.0 417.0
0 1002.0 854.0
0 955.0 990.0
0 772.0 303.0
0 861.0 448.0
0 827.0 247.0
0 835.0 469.0
0 681.0 335.0
0 939.0 908.0
0 555.0 305.0
0 760.0 985.0
0 707.0 229.0
0 881.0 719.0
0 882.0 414.0
0 1089.0 352.0
0 744.0 623.0
0 664.0 442.0
0 609.0 713.0
0 846.0 554.0
0 999.0 946.0
0 343.0 817.0
0 570.0 267.0
0 693.0 477.0
0 650.0 636.0
0 985.0 918.0
0 827.0 445.0
0 845.0 548.0
0 1018.0 976.0
0 697.0 498.0
0 696.0 667.0
0 953.0 501.0
0 1084.0 350.0
0 821.0 239.0
0 703.0 938.0
0 1146.0 502.0
0 1133.0 566.0
0 835.0 406.0
0 1073.0 278.0
0 699.0 710.0
0 1193.0 926.0
0 594.0 983.0
0 1363.0 936.0
0 105.0 631.0
0 780.0 254.0
0 933.0 491.0
0 849.0 487.0
0 851.0 500.0
0 811.0 541.0
0 767.0 394.0
0 1154.0 383.0
0 715.0 976.0
0 859.0 717.0
0 758.0 383.0
0 1100.0 457.0
0 702.0 231.0
0 905.0 985.0
0 480.0 975.0
0 879.0 491.0
0 963.0 552.0
0 1131.0 467.0
0 646.0 430.0
0 429.0 811.0
0 863.0 628.0
0 763.0 312.0
0 1382.0 972.0
0 730.0 484.0
0 736.0 575.0
0 594.0 961.0
0 1055.0 324.0
0 315.0 799.0
0 690.0 509.0
0 854.0 227.0
0 1070.0 438.0
0 1081.0 472.0
0 729.0 477.0
0 892.0 547.0
0 757.0 467.0
0 712.0 492.0
0 476.0 783.0
0 532.0 350.0
0 1157.0 989.0
0 608.0 984.0
0 1293.0 947.0
0 738.0 698.0
0 884.0 918.0
0 20.0 894.0
0 163.0 884.0
0 393.0 780.0
0 676.0 890.0
0 1450.0 972.0
0 765.0 496.0
0 608.0 357.0
0 896.0 740.0
0 609.0 977.0
0 320.0 976.0
0 758.0 270.0
0 720.0 480.0
0 1157.0 977.0
0 1318.0 983.0
0 970.0 528.0
0 968.0 962.0
0 1324.0 882.0
0 768.0 466.0
0 941.0 699.0
0 1157.0 493.0
0 822.0 395.0
0 1036.0 430.0
0 830.0 465.0
0 1074.0 991.0
0 1142.0 481.0
0 1071.0 466.0
0 888.0 524.0
0 303.0 924.0
0 873.0 886.0
0 843.0 922.0
0 559.0 972.0
0 885.0 576.0
0 1154.0 363.0
0 833.0 210.0
0 726.0 366.0
0 735.0 629.0
0 844.0 753.0
0 547.0 401.0
0 763.0 454.0
0 956.0 517.0
0 659.0 302.0
0 939.0 433.0
0 760.0 245.0
0 655.0 552.0
0 1373.0 943.0
0 755.0 455.0
0 831.0 615.0
0 942.0 354.0
0 793.0 517.0
0 1076.0 948.0
0 1168.0 982.0
0 1216.0 666.0
0 1168.0 947.0
0 976.0 266.0
0 1147.0 476.0
0 872.0 477.0
0 1170.0 486.0
0 803.0 611.0
0 1053.0 332.0
0 1077.0 519.0
0 1013.0 352.0
0 765.0 304.0
0 585.0 343.0
0 736.0 522.0
0 1093.0 504.0
0 1144.0 779.0
0 845.0 447.0
0 996.0 468.0
0 20.0 882.0
0 802.0 922.0
0 503.0 962.0
0 584.0 975.0
0 1433.0 884.0
0 1356.0 985.0
0 986.0 395.0
0 1102.0 440.0
0 951.0 451.0
0 711.0 478.0
0 941.0 919.0
0 684.0 358.0
0 783.0 465.0
0 867.0 476.0
0 649.0 356.0
0 575.0 889.0
0 855.0 506.0
0 689.0 520.0
0 745.0 398.0
0 1040.0 459.0
0 1116.0 889.0
0 875.0 952.0
0 1393.0 984.0
0 971.0 943.0
0 905.0 419.0
0 1023.0 464.0
0 1308.0 947.0
0 1322.0 851.0
0 1120.0 879.0
0 713.0 498.0
0 83.0 864.0
0 1008.0 987.0
0 915.0 607.0
0 1234.0 985.0
0 559.0 375.0
0 603.0 231.0
0 174.0 619.0
0 837.0 430.0
0 1005.0 487.0
0 870.0 637.0
0 824.0 404.0
0 401.0 975.0
0 921.0 618.0
0 1134.0 968.0
0 956.0 419.0
0 1095.0 499.0
0 1032.0 460.0
0 1087.0 855.0
0 1451.0 952.0
0 788.0 921.0
0 872.0 535.0
0 642.0 608.0
0 1291.0 964.0
0 1213.0 953.0
0 807.0 512.0
0 782.0 672.0
0 582.0 957.0
0 1153.0 936.0
0 613.0 887.0
0 814.0 723.0
0 764.0 714.0
0 1138.0 493.0
0 357.0 984.0
0 1324.0 960.0
0 1107.0 446.0
0 1267.0 853.0
0 955.0 468.0
0 835.0 474.0
0 1175.0 929.0
0 534.0 964.0
0 839.0 457.0
0 1012.0 471.0
0 941.0 488.0
0 695.0 450.0
0 846.0 575.0
0 1117.0 425.0
0 316.0 653.0
0 849.0 456.0
0 769.0 960.0
0 657.0 663.0
0 944.0 371.0
0 1164.0 381.0
0 1063.0 423.0
0 827.0 450.0
0 175.0 938.0
0 862.0 929.0
0 685.0 652.0
0 546.0 339.0
0 860.0 946.0
0 1155.0 961.0
0 1236.0 957.0
0 854.0 965.0
0 696.0 248.0
0 1085.0 336.0
0 459.0 671.0
0 1019.0 849.0
0 908.0 905.0
0 852.0 495.0
0 891.0 693.0
0 869.0 523.0
0 1423.0 938.0
0 836.0 636.0
0 915.0 725.0
0 1144.0 332.0
0 813.0 331.0
0 764.0 577.0
0 1088.0 511.0
0 741.0 611.0
0 313.0 774.0
0 942.0 447.0
0 831.0 663.0
0 839.0 556.0
0 867.0 511.0
0 762.0 392.0
0 863.0 404.0
0 1091.0 486.0
0 667.0 389.0
0 554.0 310.0
0 1046.0 528.0
0 659.0 350.0
0 1034.0 948.0
0 530.0 983.0
0 1102.0 355.0
0 1005.0 482.0
0 1374.0 973.0
0 904.0 621.0
0 1426.0 749.0
0 1256.0 864.0
0 801.0 438.0
0 749.0 947.0
0 686.0 370.0
0 678.0 665.0
0 1170.0 316.0
0 772.0 426.0
0 1244.0 950.0
0 863.0 620.0
0 1056.0 460.0
0 914.0 503.0
0 1086.0 328.0
0 1045.0 952.0
0 645.0 268.0
0 1183.0 352.0
0 136.0 842.0
0 1086.0 461.0
0 888.0 643.0
0 1249.0 972.0
0 834.0 443.0
0 852.0 232.0
0 690.0 484.0
0 919.0 926.0
0 905.0 488.0
0 751.0 380.0
0 799.0 457.0
0 1051.0 978.0
0 669.0 942.0
0 115.0 873.0
0 1474.0 978.0
0 180.0 875.0
0 691.0 242.0
0 808.0 393.0
0 368.0 790.0
0 861.0 493.0
0 1130.0 861.0
0 900.0 830.0
0 1094.0 353.0
0 884.0 935.0
0 878.0 635.0
0 1050.0 459.0
0 1124.0 405.0
0 973.0 536.0
0 1082.0 517.0
0 1150.0 331.0
0 1385.0 957.0
0 137.0 624.0
0 1095.0 378.0
0 953.0 664.0
0 1145.0 956.0
0 547.0 640.0
1 784.0 306.0
1 791.0 307.0
1 782.0 312.0
1 837.0 314.0
1 845.0 316.0
1 850.0 317.0
1 784.0 318.0
1 803.0 319.0
1 742.0 320.0
1 751.0 322.0
1 815.0 323.0
1 700.0 327.0
1 710.0 327.0
1 705.0 328.0
1 741.0 328.0
1 789.0 329.0
1 801.0 329.0
1 629.0 330.0
1 634.0 331.0
1 666.0 331.0
1 769.0 331.0
1 851.0 331.0
1 599.0 332.0
1 604.0 332.0
1 639.0 332.0
1 811.0 332.0
1 594.0 333.0
1 586.0 335.0
1 644.0 335.0
1 650.0 336.0
1 655.0 336.0
1 669.0 336.0
1 605.0 338.0
1 778.0 338.0
1 581.0 339.0
1 612.0 340.0
1 691.0 340.0
1 857.0 340.0
1 655.0 341.0
1 709.0 341.0
1 830.0 341.0
1 800.0 342.0
1 812.0 342.0
1 779.0 343.0
1 867.0 343.0
1 645.0 344.0
1 591.0 345.0
1 603.0 345.0
1 635.0 346.0
1 617.0 349.0
1 680.0 349.0
1 628.0 350.0
1 662.0 350.0
1 575.0 352.0
1 580.0 352.0
1 845.0 352.0
1 570.0 353.0
1 591.0 354.0
1 611.0 357.0
1 626.0 358.0
1 581.0 359.0
1 638.0 359.0
1 547.0 361.0
1 664.0 363.0
1 646.0 365.0
1 590.0 366.0
1 548.0 367.0
1 556.0 370.0
1 656.0 371.0
1 819.0 371.0
1 549.0 372.0
1 632.0 372.0
1 612.0 373.0
1 798.0 374.0
1 803.0 374.0
1 826.0 375.0
1 543.0 376.0
1 585.0 377.0
1 793.0 378.0
1 959.0 378.0
1 590.0 379.0
1 816.0 379.0
1 948.0 379.0
1 964.0 379.0
1 554.0 380.0
1 646.0 381.0
1 620.0 382.0
1 786.0 385.0
1 807.0 386.0
1 820.0 387.0
1 828.0 387.0
1 919.0 387.0
1 1011.0 387.0
1 1003.0 388.0
1 939.0 390.0
1 802.0 391.0
1 893.0 391.0
1 640.0 392.0
1 782.0 392.0
1 915.0 392.0
1 995.0 392.0
1 1012.0 392.0
1 812.0 394.0
1 620.0 395.0
1 932.0 396.0
1 914.0 397.0
1 793.0 398.0
1 1017.0 398.0
1 586.0 399.0
1 806.0 399.0
1 635.0 400.0
1 897.0 401.0
1 993.0 401.0
1 565.0 402.0
1 597.0 402.0
1 821.0 402.0
1 786.0 403.0
1 778.0 404.0
1 903.0 404.0
1 911.0 404.0
1 801.0 405.0
1 1003.0 405.0
1 544.0 406.0
1 556.0 407.0
1 645.0 408.0
1 910.0 409.0
1 938.0 409.0
1 1012.0 410.0
1 660.0 411.0
1 764.0 411.0
1 890.0 412.0
1 957.0 412.0
1 614.0 413.0
1 778.0 413.0
1 668.0 414.0
1 792.0 414.0
1 901.0 414.0
1 1024.0 414.0
1 628.0 415.0
1 912.0 415.0
1 551.0 416.0
1 937.0 416.0
1 683.0 417.0
1 868.0 417.0
1 990.0 417.0
1 556.0 418.0
1 641.0 418.0
1 808.0 418.0
1 539.0 420.0
1 587.0 420.0
1 627.0 420.0
1 564.0 421.0
1 695.0 421.0
1 756.0 421.0
1 785.0 421.0
1 803.0 421.0
1 904.0 421.0
1 701.0 422.0
1 796.0 422.0
1 883.0 422.0
1 601.0 423.0
1 1012.0 423.0
1 548.0 424.0
1 615.0 424.0
1 649.0 424.0
1 1028.0 424.0
1 627.0 425.0
1 713.0 425.0
1 845.0 425.0
1 1007.0 425.0
1 659.0 426.0
1 890.0 426.0
1 936.0 426.0
1 720.0 427.0
1 636.0 428.0
1 725.0 428.0
1 1019.0 428.0
1 900.0 429.0
1 674.0 430.0
1 731.0 430.0
1 837.0 430.0
1 863.0 430.0
1 556.0 431.0
1 707.0 431.0
1 910.0 431.0
1 984.0 431.0
1 682.0 432.0
1 739.0 432.0
1 818.0 432.0
1 936.0 432.0
1 607.0 433.0
1 744.0 433.0
1 797.0 433.0
1 949.0 433.0
1 1017.0 433.0
1 565.0 434.0
1 641.0 435.0
1 692.0 435.0
1 884.0 435.0
1 893.0 435.0
1 1030.0 435.0
1 1011.0 436.0
1 536.0 437.0
1 752.0 437.0
1 700.0 438.0
1 705.0 439.0
1 831.0 439.0
1 902.0 439.0
1 800.0 440.0
1 826.0 440.0
1 1002.0 440.0
1 551.0 441.0
1 719.0 441.0
1 821.0 441.0
1 927.0 441.0
1 934.0 441.0
1 986.0 443.0
1 613.0 444.0
1 628.0 444.0
1 727.0 444.0
1 952.0 444.0
1 735.0 445.0
1 848.0 445.0
1 922.0 445.0
1 970.0 445.0
1 1028.0 445.0
1 1050.0 445.0
1 912.0 446.0
1 645.0 447.0
1 621.0 448.0
1 752.0 449.0
1 1050.0 450.0
1 831.0 451.0
1 933.0 452.0
1 769.0 454.0
1 987.0 454.0
1 847.0 455.0
1 891.0 455.0
1 924.0 455.0
1 950.0 455.0
1 999.0 455.0
1 659.0 456.0
1 783.0 456.0
1 853.0 456.0
1 969.0 456.0
1 1052.0 456.0
1 1029.0 457.0
1 620.0 460.0
1 697.0 460.0
1 787.0 461.0
1 756.0 463.0
1 923.0 463.0
1 839.0 464.0
1 995.0 464.0
1 662.0 465.0
1 769.0 465.0
1 797.0 465.0
1 878.0 465.0
1 680.0 466.0
1 601.0 467.0
1 672.0 467.0
1 636.0 468.0
1 777.0 468.0
1 653.0 470.0
1 693.0 470.0
1 631.0 471.0
1 865.0 471.0
1 702.0 472.0
1 957.0 472.0
1 622.0 473.0
1 823.0 473.0
1 599.0 474.0
1 673.0 474.0
1 888.0 474.0
1 656.0 475.0
1 777.0 475.0
1 800.0 475.0
1 1002.0 475.0
1 1007.0 475.0
1 1039.0 475.0
1 726.0 476.0
1 913.0 476.0
1 554.0 477.0
1 805.0 478.0
1 935.0 478.0
1 661.0 479.0
1 688.0 479.0
1 922.0 479.0
1 1051.0 479.0
1 1005.0 480.0
1 854.0 481.0
1 877.0 481.0
1 1031.0 481.0
1 671.0 482.0
1 759.0 482.0
1 771.0 482.0
1 641.0 483.0
1 660.0 484.0
1 699.0 484.0
1 866.0 484.0
1 955.0 484.0
1 721.0 485.0
1 779.0 485.0
1 933.0 485.0
1 1049.0 485.0
1 680.0 486.0
1 648.0 487.0
1 1005.0 487.0
1 638.0 488.0
1 805.0 488.0
1 888.0 490.0
1 665.0 491.0
1 687.0 491.0
1 845.0 491.0
1 1049.0 492.0
1 616.0 493.0
1 634.0 493.0
1 643.0 493.0
1 788.0 493.0
1 1030.0 494.0
1 673.0 495.0
1 715.0 495.0
1 762.0 495.0
1 624.0 496.0
1 907.0 496.0
1 652.0 497.0
1 661.0 497.0
1 929.0 498.0
1 752.0 499.0
1 848.0 499.0
1 1030.0 499.0
1 840.0 500.0
1 855.0 500.0
1 601.0 501.0
1 640.0 501.0
1 680.0 501.0
1 743.0 501.0
1 825.0 501.0
1 669.0 502.0
1 834.0 502.0
1 659.0 503.0
1 755.0 504.0
1 917.0 504.0
1 1030.0 504.0
1 557.0 505.0
1 647.0 505.0
1 749.0 506.0
1 611.0 507.0
1 719.0 507.0
1 780.0 507.0
1 1048.0 507.0
1 623.0 508.0
1 603.0 509.0
1 654.0 509.0
1 897.0 509.0
1 742.0 511.0
1 791.0 511.0
1 879.0 512.0
1 762.0 513.0
1 828.0 513.0
1 542.0 514.0
1 571.0 514.0
1 615.0 514.0
1 1046.0 514.0
1 633.0 516.0
1 725.0 516.0
1 753.0 517.0
1 785.0 517.0
1 766.0 518.0
1 604.0 519.0
1 624.0 520.0
1 654.0 520.0
1 825.0 521.0
1 1027.0 521.0
1 599.0 522.0
1 580.0 523.0
1 672.0 523.0
1 735.0 523.0
1 758.0 523.0
1 770.0 523.0
1 531.0 524.0
1 646.0 524.0
1 908.0 524.0
1 730.0 525.0
1 635.0 526.0
1 825.0 526.0
1 773.0 528.0
1 685.0 529.0
1 748.0 529.0
1 528.0 530.0
1 553.0 531.0
1 823.0 531.0
1 656.0 532.0
1 951.0 532.0
1 933.0 534.0
1 636.0 535.0
1 741.0 535.0
1 1044.0 535.0
1 825.0 536.0
1 891.0 536.0
1 649.0 537.0
1 676.0 537.0
1 1004.0 537.0
1 550.0 538.0
1 691.0 538.0
1 975.0 538.0
1 583.0 539.0
1 663.0 539.0
1 755.0 539.0
1 1026.0 539.0
1 1043.0 540.0
1 780.0 541.0
1 827.0 542.0
1 656.0 543.0
1 747.0 543.0
1 968.0 544.0
1 913.0 545.0
1 523.0 546.0
1 578.0 546.0
1 989.0 546.0
1 564.0 547.0
1 599.0 547.0
1 671.0 547.0
1 685.0 547.0
1 1015.0 548.0
1 781.0 549.0
1 791.0 549.0
1 663.0 551.0
1 770.0 551.0
1 581.0 552.0
1 978.0 552.0
1 994.0 552.0
1 575.0 553.0
1 606.0 553.0
1 891.0 554.0
1 563.0 555.0
1 679.0 555.0
1 700.0 555.0
1 962.0 555.0
1 590.0 556.0
1 835.0 557.0
1 923.0 557.0
1 515.0 559.0
1 890.0 559.0
1 604.0 560.0
1 670.0 560.0
1 704.0 560.0
1 547.0 561.0
1 839.0 562.0
1 757.0 563.0
1 789.0 563.0
1 994.0 563.0
1 513.0 564.0
1 888.0 564.0
1 691.0 566.0
1 908.0 566.0
1 972.0 566.0
1 585.0 567.0
1 934.0 568.0
1 511.0 569.0
1 621.0 569.0
1 960.0 569.0
1 987.0 570.0
1 921.0 571.0
1 1006.0 572.0
1 592.0 573.0
1 858.0 573.0
1 880.0 573.0
1 1040.0 573.0
1 535.0 574.0
1 575.0 574.0
1 676.0 574.0
1 864.0 575.0
1 872.0 575.0
1 951.0 575.0
1 607.0 576.0
1 697.0 576.0
1 981.0 576.0
1 543.0 577.0
1 1008.0 577.0
1 716.0 578.0
1 617.0 579.0
1 631.0 579.0
1 636.0 579.0
1 1003.0 579.0
1 841.0 580.0
1 602.0 582.0
1 1010.0 582.0
1 509.0 584.0
1 533.0 584.0
1 703.0 584.0
1 625.0 585.0
1 682.0 585.0
1 802.0 586.0
1 944.0 586.0
1 542.0 587.0
1 780.0 587.0
1 1013.0 587.0
1 569.0 588.0
1 823.0 588.0
1 509.0 589.0
1 597.0 589.0
1 1006.0 589.0
1 707.0 591.0
1 943.0 591.0
1 872.0 592.0
1 772.0 593.0
1 508.0 594.0
1 574.0 594.0
1 594.0 594.0
1 647.0 595.0
1 612.0 596.0
1 710.0 598.0
1 943.0 598.0
1 508.0 599.0
1 531.0 599.0
1 887.0 599.0
1 541.0 600.0
1 690.0 600.0
1 613.0 601.0
1 622.0 602.0
1 1006.0 602.0
1 713.0 603.0
1 944.0 603.0
1 509.0 604.0
1 904.0 604.0
1 1036.0 605.0
1 1005.0 607.0
1 776.0 608.0
1 947.0 608.0
1 696.0 609.0
1 1000.0 609.0
1 602.0 612.0
1 999.0 614.0
1 992.0 615.0
1 807.0 616.0
1 621.0 617.0
1 699.0 617.0
1 960.0 617.0
1 511.0 618.0
1 966.0 618.0
1 983.0 619.0
1 971.0 620.0
1 538.0 621.0
1 976.0 621.0
1 512.0 623.0
1 859.0 623.0
1 608.0 631.0
1 667.0 632.0
1 705.0 632.0
1 856.0 633.0
1 562.0 634.0
1 575.0 634.0
1 648.0 636.0
1 539.0 637.0
1 516.0 638.0
1 598.0 640.0
1 807.0 642.0
1 540.0 644.0
1 668.0 644.0
1 663.0 645.0
1 619.0 647.0
1 806.0 647.0
1 1031.0 647.0
1 658.0 648.0
1 649.0 649.0
1 228.0 650.0
1 521.0 652.0
1 630.0 652.0
1 805.0 652.0
1 29.0 653.0
1 552.0 653.0
1 643.0 653.0
1 547.0 654.0
1 788.0 658.0
1 677.0 659.0
1 781.0 659.0
1 92.0 661.0
1 850.0 661.0
1 616.0 662.0
1 1030.0 662.0
1 655.0 663.0
1 1045.0 663.0
1 634.0 666.0
1 602.0 668.0
1 625.0 668.0
1 679.0 668.0
1 800.0 668.0
1 779.0 669.0
1 983.0 670.0
1 339.0 673.0
1 530.0 673.0
1 564.0 673.0
1 680.0 673.0
1 1030.0 676.0
1 629.0 677.0
1 563.0 678.0
1 644.0 678.0
1 795.0 678.0
1 558.0 680.0
1 815.0 680.0
1 681.0 681.0
1 1029.0 681.0
1 238.0 682.0
1 666.0 683.0
1 257.0 684.0
1 297.0 684.0
1 747.0 684.0
1 1018.0 685.0
1 619.0 686.0
1 653.0 686.0
1 841.0 686.0
1 326.0 687.0
1 539.0 688.0
1 345.0 689.0
1 847.0 689.0
1 1027.0 689.0
1 280.0 690.0
1 364.0 691.0
1 576.0 691.0
1 680.0 691.0
1 571.0 692.0
1 784.0 692.0
1 356.0 694.0
1 628.0 694.0
1 1011.0 694.0
1 330.0 695.0
1 828.0 695.0
1 633.0 696.0
1 114.0 697.0
1 150.0 697.0
1 584.0 697.0
1 770.0 699.0
1 568.0 701.0
1 680.0 701.0
1 372.0 702.0
1 841.0 702.0
1 818.0 703.0
1 362.0 704.0
1 550.0 704.0
1 578.0 704.0
1 589.0 704.0
1 1023.0 709.0
1 583.0 710.0
1 601.0 713.0
1 671.0 713.0
1 254.0 714.0
1 588.0 714.0
1 1022.0 714.0
1 676.0 715.0
1 229.0 716.0
1 814.0 718.0
1 593.0 719.0
1 618.0 723.0
1 660.0 723.0
1 1458.0 725.0
1 344.0 726.0
1 597.0 727.0
1 941.0 727.0
1 647.0 728.0
1 1023.0 728.0
1 637.0 729.0
1 615.0 730.0
1 662.0 731.0
1 987.0 732.0
1 630.0 736.0
1 637.0 737.0
1 646.0 737.0
1 431.0 739.0
1 719.0 740.0
1 937.0 741.0
1 1021.0 741.0
1 672.0 742.0
1 594.0 744.0
1 663.0 746.0
1 710.0 746.0
1 1141.0 746.0
1 339.0 747.0
1 985.0 747.0
1 623.0 759.0
1 1012.0 781.0
1 861.0 788.0
1 615.0 794.0
1 1013.0 796.0
1 77.0 797.0
1 733.0 797.0
1 811.0 797.0
1 252.0 805.0
1 1085.0 805.0
1 240.0 806.0
1 54.0 807.0
1 522.0 807.0
1 1115.0 808.0
1 1109.0 829.0
1 275.0 832.0
1 1418.0 832.0
1 712.0 834.0
1 332.0 835.0
1 311.0 839.0
1 667.0 841.0
1 980.0 842.0
1 1295.0 844.0
1 129.0 845.0
1 416.0 852.0
1 45.0 854.0
1 303.0 857.0
1 330.0 857.0
1 96.0 859.0
1 389.0 859.0
1 439.0 861.0
1 356.0 864.0
1 127.0 865.0
1 1115.0 867.0
1 329.0 876.0
1 109.0 883.0
1 1308.0 885.0
1 666.0 893.0
1 394.0 894.0
1 679.0 895.0
1 580.0 897.0
1 571.0 909.0
1 830.0 909.0
1 129.0 910.0
1 370.0 911.0
1 1075.0 913.0
1 1407.0 913.0
1 434.0 920.0
1 897.0 920.0
1 1079.0 926.0
1 1273.0 928.0
1 630.0 937.0
1 770.0 938.0
1 1256.0 943.0
1 769.0 948.0
1 765.0 957.0
1 1022.0 959.0
1 791.0 960.0
1 630.0 967.0
1 654.0 967.0
1 684.0 971.0
1 120.0 973.0
1 1085.0 978.0
1 1350.0 987.0
1 550.0 989.0
