0 0 0 193.37220321604366
0 1 1 196.93093596452306
0 2 3 131.5217530196424
0 3 5 127.62615367552048
0 5 7 178.77270606307334
0 7 8 133.57272135729218
0 6 10 254.93143212273992
0 10 12 263.8682346102371
0 4 14 219.06071338944204
0 9 15 122.41184045879223
0 17 16 144.4864119758635
0 18 18 180.05382978912928
0 8 20 113.71224455741043
0 11 21 126.73269241373684
0 13 22 197.41700873250429
0 19 23 358.51119229880777
0 12 24 189.86676565217834
0 14 25 134.41733236186408
0 24 26 156.341748953068
0 16 28 124.15322221083427
0 22 30 186.10315308614778
0 20 33 111.12329387006974
0 35 34 144.76978948722711
0 28 35 127.71144299436355
0 44 36 145.95902203407377
0 23 37 236.3376295318358
0 25 40 150.64123837230184
0 26 41 143.63003393159147
0 47 42 409.5294621495248
0 27 45 162.5103353576557
0 32 46 197.05521527156495
0 31 47 138.40732891896332
0 30 48 134.51023934689331
0 62 49 130.57648265091518
0 29 50 164.22966053049305
0 64 51 118.55994312701092
0 36 53 149.37602457082434
0 34 54 147.23368001882938
0 41 55 141.64207288651718
0 38 56 128.4935559515332
0 40 58 158.14996801597826
0 43 59 148.24531655273682
0 162 60 332.27832313408277
0 51 61 205.10001385082694
0 37 62 213.91313838422116
0 33 63 200.67471623827723
0 39 64 149.42881643783105
0 49 65 134.99556162644666
0 42 67 233.99043534394178
0 48 68 154.1110478111957
0 77 69 249.8025629261112
0 46 70 174.25728423877334
0 45 71 145.03939579597784
0 57 73 113.64947355236639
0 53 74 142.06740684382314
0 50 75 153.69531379613193
0 92 76 124.89759005918211
0 56 77 153.80190254638475
0 98 78 141.54924271666093
0 59 79 179.15339923100754
0 54 80 151.43678049387233
0 61 81 128.47431951872488
0 55 82 136.2261150634247
0 73 83 129.01068144245573
0 67 84 247.30724614758364
0 115 85 145.69561705602422
0 60 86 117.94814074658939
0 125 88 171.22159015526805
0 75 89 179.30115237740628
0 82 90 292.95202507442883
0 58 91 143.17189289545618
0 76 92 222.5613433686508
0 65 93 119.58056038704913
0 63 94 130.9295629559249
0 74 95 110.36457138286204
0 68 97 131.62608411439467
0 80 98 188.22291894458306
0 90 99 137.02724697452766
0 70 100 143.00343580573434
0 81 101 224.78895741310993
0 66 102 127.64313638817258
0 136 103 249.51779525898496
0 83 104 239.27176862659388
0 71 106 111.63330186721376
0 89 107 214.8745116092795
0 84 108 200.36300623043658
0 69 109 124.75229251786621
0 72 110 135.8588155421067
0 78 111 119.86308763824319
0 86 113 132.7045668308031
0 99 114 140.60897981733555
0 103 115 190.05334950980642
0 85 116 142.3902929041882
0 154 117 178.1667843491782
0 155 118 152.72461594718675
0 150 119 236.0429928408577
0 105 120 245.49761243951718
0 101 121 170.5727600324203
0 91 122 140.94186124365459
0 93 124 146.06248402448546
0 120 125 217.12745639501497
0 79 126 131.7346561959758
0 88 127 129.11320142977735
0 113 128 196.30997691629395
0 94 129 160.1158522578316
0 119 130 115.84824620635885
0 87 132 116.92767889314257
0 108 134 166.93184180155515
0 116 135 196.3128022920222
0 100 138 179.93425840037213
0 102 139 196.8232523670516
0 106 140 137.86509806357785
0 95 141 117.82193813855532
0 117 142 111.24672172193412
0 122 143 126.16771313755441
0 97 144 180.82516952208752
0 137 145 157.22714010822358
0 118 146 245.82304016635516
0 114 147 205.6896100744314
0 96 148 122.82826579000465
0 176 149 255.7052421185936
0 109 150 118.07109073214042
0 110 151 152.91516703513366
0 111 152 145.55840454703434
0 104 154 149.64793895777086
0 185 156 134.2158489781143
0 127 157 161.61183988718045
0 107 159 156.6603217111864
0 191 160 195.23346489147733
0 147 161 123.64843760709563
0 128 162 206.94414035657286
0 134 163 150.9576242561314
0 135 164 172.53635459862545
0 142 166 151.88833141992893
0 131 167 135.41423736824686
0 132 168 121.33794754408993
0 141 169 209.28970095734743
0 200 170 220.76324121583625
0 138 172 181.79849569831092
0 139 173 184.2970438594294
0 140 174 162.4021069700844
0 123 175 159.26780094031062
0 124 178 132.2169575344491
0 163 179 134.15711045121373
0 129 180 138.95976902677398
0 130 182 140.41755627886968
0 133 183 174.2319488906811
0 148 184 113.43291574349091
0 143 185 130.21107084867234
0 144 188 158.73541624721267
0 149 189 167.0176743578558
0 184 190 149.13247917265562
0 172 191 235.0528052911629
0 152 192 130.83688203433175
0 166 193 117.321474112721
0 151 198 134.53794984670714
0 177 200 211.77410758155304
0 171 201 263.662966469565
0 161 202 217.86109440125495
0 153 203 152.26497703757175
0 156 204 159.0407436530744
0 167 205 118.05048713053759
0 157 206 181.7773406307702
0 158 207 166.89713501085163
0 194 208 381.66337755342295
0 178 209 214.98273381682148
0 186 212 242.9762491131271
0 164 213 178.09364864466076
0 189 214 198.61956620823474
0 173 215 116.18609258534931
0 168 216 121.89024584721567
0 182 217 163.5643525359655
0 181 220 115.63069505028152
0 197 222 290.32317570045166
0 187 226 126.02840241131288
0 188 228 127.09882133781207
0 179 229 181.21057300449786
0 198 230 293.98781885908363
0 208 231 336.8838713375997
0 175 232 428.419716705779
0 207 234 212.9197081449909
0 192 235 123.12092745550325
0 195 237 120.09118996403609
0 201 239 115.11927457607393
0 205 240 125.30549028456161
0 190 241 120.53931253888722
0 213 243 232.80250041957888
0 196 244 123.11429588291193
0 202 246 141.83402209207435
0 199 247 145.77226767186866
0 193 248 170.77590320631523
0 217 249 129.18747766949622
0 204 250 131.49491023199377
0 212 251 155.14690957197962
0 215 252 340.11723017137723
0 216 253 121.09824451309741
0 218 257 238.69584427448572
0 221 258 344.7123942512238
0 224 259 162.32175265374315
0 210 260 146.08991802716974
0 236 262 408.80210731276566
0 229 263 332.8266902262952
0 206 264 129.53012600168958
0 211 265 154.3758981259171
0 222 266 152.6237908834454
0 235 267 274.57928839267294
0 214 268 197.2371170622546
0 203 269 195.8523999110463
0 223 270 122.51881775573274
0 225 272 224.50381341788105
0 231 273 340.1781933317457
0 241 274 330.8598409420224
0 233 276 138.2685997593826
0 234 277 258.3944144277624
0 244 278 392.356065853792
0 230 279 115.38999486642527
0 227 280 121.9208850686809
0 219 283 110.8871658796315
0 239 284 109.1547496050779
0 245 291 347.5909894768944
0 220 293 129.38678763279674
0 238 294 118.50777763940943
0 226 295 208.5425651561271
0 277 298 344.0351769747728
0 246 299 220.09852683341964
0 228 300 203.28045871946472
0 260 301 226.32806165400825
0 248 304 157.69874278770416
0 259 307 272.20718046915505
0 254 309 284.76185553983
0 240 311 198.0838640650012
0 256 312 283.60244678972737
0 249 313 253.98500937008984
0 258 314 285.2124752033921
0 284 315 168.54759692919214
0 247 316 211.3963692633863
0 242 317 218.51321107457116
0 278 318 166.51241035942576
0 250 319 122.10752383584307
0 272 320 156.9896552101657
0 243 324 234.76605906087792
0 252 325 108.28939935495798
0 251 327 158.29641024557185
0 261 328 111.26008967539289
0 268 330 210.23350442597416
0 273 333 253.79033258403848
0 270 334 265.27589278450796
0 295 335 181.0592471714511
0 276 338 271.12836802200286
0 275 341 475.68904309605864
0 274 343 237.22325252830325
0 296 344 151.93796062704823
0 263 346 125.05133508488915
0 299 347 153.46432775540936
0 280 351 127.33291858516786
0 266 352 218.44361998747058
0 287 354 445.3776864722948
0 267 358 134.72496209328273
0 326 360 224.59696695587544
0 279 361 138.90372862748538
0 289 362 184.43560320944817
0 290 363 174.0681167487437
0 291 364 106.84905944805914
0 293 365 143.5110439723058
0 281 366 163.82716900492755
0 282 367 170.85703502447745
0 285 368 144.20778581366758
0 301 370 201.85071757325068
0 294 372 145.2139937852292
0 283 373 240.9966736796653
0 286 376 234.23134588517215
0 303 383 145.6303219658599
0 313 384 125.59405816074636
0 292 388 189.8024979800441
0 304 390 379.47882216736684
0 307 392 180.4236465174501
0 359 394 274.2144935457372
0 308 395 222.0178031451169
0 300 396 268.55703714185483
0 302 397 137.11665938198672
0 315 399 170.80351241697144
0 309 400 152.56659504789232
0 312 401 139.85885083304018
0 318 402 109.83060629353938
0 328 403 215.63940753331076
0 305 404 177.8425476112514
0 316 406 131.6698428065807
0 325 407 294.6918387202561
0 329 409 327.0282748043036
0 319 410 158.39033609530222
0 311 411 235.63838225525515
0 322 412 148.85405942161222
0 320 413 296.93062953013816
0 321 414 356.7662765474009
0 314 415 334.2877324138563
0 317 416 242.21255585311803
0 323 417 152.58092814792218
0 335 418 159.01912707139485
0 327 419 269.1059388287105
0 330 420 131.19791925297054
0 331 422 114.38474080705076
0 332 423 166.4684952729688
0 337 425 277.0555175646511
0 334 426 104.84983455912797
0 336 427 144.56167065196328
0 324 428 181.42145780434743
0 344 429 135.0406332090238
0 345 430 197.1472130297624
0 340 431 124.25289437677168
0 354 432 127.34268974173229
0 347 433 119.63240374179271
0 339 435 156.83155907277165
0 351 436 221.73256452407907
0 341 438 107.9097601214347
0 352 439 132.10987790722442
0 343 441 112.06717558149337
0 362 442 222.253800981881
0 353 443 274.96213316865646
0 368 444 330.2980312210996
0 358 445 119.66081726779578
0 360 446 128.6958522835798
0 364 447 116.15125513672086
0 349 448 246.9134523345582
0 342 449 143.51248025841323
0 369 450 148.42588488626905
0 355 451 111.91695797921548
0 363 452 172.06575110035743
0 379 453 128.58157578574233
0 361 455 125.23781591405259
0 382 456 111.06184801570112
0 378 457 110.44795790431368
0 350 458 211.34235117952505
0 367 459 195.98571473295493
0 365 460 122.5186477597348
0 370 461 115.19669804386481
0 371 462 131.1802134276236
0 366 463 148.10131387134516
0 376 465 112.14457955347955
0 384 466 126.0384951481401
0 374 467 216.51435984579504
0 372 468 253.84165262904745
0 375 470 153.6213029541206
0 390 471 171.25899309950594
0 380 473 110.55107720842652
0 460 474 436.73498659836713
0 356 475 265.6515972775535
0 385 476 116.89428487878983
0 387 477 247.77467548573853
0 383 478 105.40174308629193
0 412 479 202.11173140073782
0 388 480 264.73152313499185
0 392 481 167.45538464885976
0 393 482 133.86341830443183
0 394 483 168.40347093182925
0 400 484 115.73870170401435
0 402 485 126.12573303953238
0 404 487 111.25038062166259
0 397 488 264.39343038770716
0 395 489 340.44758225872306
0 389 490 113.26870769609675
0 373 491 203.6221383945189
0 416 492 176.21036328779917
0 414 493 108.44788237179324
0 391 495 190.3870582497235
0 398 496 137.29435163399205
0 401 497 107.58849178998217
0 423 498 174.60612136597948
0 424 499 220.49707999885135
0 422 500 214.24979695249965
0 406 502 122.7331816300413
0 425 504 138.21659960236775
0 409 505 158.45937572135537
0 410 506 175.43793825588472
0 396 507 158.77629222335526
0 427 508 118.05150052664068
0 408 509 148.00925396603586
0 403 510 185.76128260773285
0 405 511 119.09295171455938
0 413 512 147.59604616247304
0 432 515 193.87115274370314
0 421 516 163.48458068991027
0 419 517 230.44844494973864
0 417 518 156.9899637010415
0 418 519 164.65324876590165
0 415 520 266.04813162148355
0 443 521 121.98717656945676
0 420 523 144.71905181042695
0 428 524 242.66271495684612
0 436 525 111.2863554018691
0 453 526 236.93408389974047
0 429 527 136.8925202341626
0 431 528 211.87470646126818
0 430 530 137.60593847649378
0 437 531 183.25284744410516
0 435 532 104.89658875083133
0 440 533 136.15636590783282
0 438 534 198.8087036256259
0 451 536 127.82732310616167
0 455 537 113.54406900780872
0 441 538 168.34390640933802
0 445 539 107.19541132618637
0 439 541 112.18432308294626
0 478 542 288.03308912841453
0 456 543 121.96309124658384
0 446 545 115.55127067913753
0 444 547 264.07265878960516
0 448 549 116.00839188246275
0 462 550 121.74758104451504
0 457 551 286.65854617446394
0 452 552 116.07783597777109
0 471 554 212.24541741704437
0 449 555 129.24520983452712
0 447 556 280.6795512932474
0 434 557 302.75646130489474
0 473 558 315.3054615062882
0 470 559 109.5916367836193
0 465 561 307.8833699150785
0 466 562 390.04971052950947
0 450 563 116.84987328251633
0 461 564 118.37313367334686
0 458 565 220.96208738722706
0 469 566 149.81829508135823
0 463 567 169.79843261577713
0 467 568 116.47665602373796
0 464 569 115.32365407061069
0 474 572 281.41100212779
0 472 573 118.52020977743467
0 468 574 181.81912367496832
0 483 575 105.89473301515038
0 481 576 211.40987476926762
0 495 579 217.13345595600907
0 476 580 230.92100812507482
0 486 582 315.87217969519867
0 475 583 264.8365811058888
0 496 584 129.02661565552512
0 487 586 154.8122963137671
0 484 587 241.270327935464
0 493 589 223.46525454392037
0 498 590 110.38536081441859
0 497 591 139.5675881264343
0 488 592 167.371723152358
0 499 594 110.89917202476332
0 477 595 259.9448664300022
0 490 596 209.23521441812483
0 491 598 167.90898903516475
0 494 600 176.03255820688116
0 492 601 175.6430959814294
0 509 602 227.1382820013337
0 508 604 189.5500591227686
0 501 605 115.45592736438164
0 500 606 116.67871434049661
0 548 607 162.1467696897979
0 511 608 120.29229712596386
0 523 609 209.64748386271233
0 517 610 229.26515567063532
0 505 611 201.6681250364743
0 507 612 188.9154442833855
0 510 613 114.78113188597536
0 513 614 118.88909116458575
0 515 615 125.88443047163848
0 516 616 171.8981276183466
0 518 617 213.92598539272961
0 514 618 109.17885116329586
0 520 619 117.98835434702055
0 531 620 190.69432322004536
0 524 621 187.42795450219006
0 522 622 126.00754984076328
0 519 623 117.88594995620703
0 521 624 125.9516804314358
0 533 625 313.23178620380827
0 536 626 332.73909649914464
0 561 627 112.97505543968865
0 530 628 158.28644883730257
0 537 629 114.3381709767429
0 525 630 188.55348845311596
0 529 633 139.88973059003905
0 541 635 145.20077251320805
0 542 636 206.47299329989798
0 535 637 129.352610738773
0 538 639 152.51821817887938
0 539 640 207.86745321664145
0 544 641 238.54951477403992
0 526 642 115.33239837636182
0 543 643 280.17651043204444
0 534 644 156.75380933854612
0 512 648 292.4085601037647
0 547 649 125.50833325104365
0 540 650 204.8808569104482
0 550 651 120.14703051524846
0 552 652 169.40118959966622
0 549 653 178.5534113883831
0 558 654 106.96263808789963
0 553 655 218.4361257999858
0 562 656 261.82853752299377
0 554 657 129.89269609387023
0 560 658 136.86744896375046
0 555 659 168.07046827413976
0 556 660 197.681138313863
0 557 661 178.56177298904004
0 571 662 125.23924628099765
0 568 663 170.10442778852288
0 559 664 259.8573768915002
0 567 665 264.0608133179246
0 563 666 119.96080820668087
0 566 667 210.911463456794
0 573 668 215.55119470894604
0 576 669 170.05511592020557
0 578 670 147.70742139899676
0 577 671 115.02472927852101
0 569 673 273.9410799951701
0 581 675 147.37317742563974
0 580 676 158.85610683416175
0 585 677 103.58877348507305
0 575 678 129.15451953397505
0 570 679 200.8962681756424
0 584 681 159.3087398192372
0 592 682 125.61520672408939
0 586 683 108.8139952570499
0 579 684 206.48993053008536
0 583 685 124.08172973487883
0 582 686 186.31021244887557
0 589 688 125.59208378067655
0 587 689 130.88524311872496
0 593 690 120.871642121377
0 602 691 111.55513313900813
0 588 692 161.49844601740642
0 597 694 116.83349307173145
0 600 695 111.99458064554028
0 601 696 105.50819651099823
0 594 697 132.30272543102123
0 608 698 117.33070454023489
0 604 699 139.2138571807188
0 606 700 143.4405049328039
0 613 701 435.1850225857782
0 603 702 131.2176926443642
0 609 703 186.52924214312526
0 614 704 130.28336830782357
0 611 705 143.92119427403986
0 616 706 138.9396992739983
0 607 707 173.90657531912177
0 619 708 102.07282991558732
0 620 709 136.15311733225454
0 615 710 163.59484736983495
0 621 711 249.5028039890489
0 617 712 122.17799554347717
0 623 714 103.85367251125186
0 624 715 129.30093080520143
0 626 716 216.44623137542345
0 596 717 388.23719165831864
0 631 722 106.0117365240705
0 633 723 109.10146279396685
0 635 724 105.36761878778995
0 628 725 177.2247429471492
0 638 726 120.92767930251065
0 642 728 103.00902577568598
0 637 729 104.52281994040713
0 645 730 436.32325475220694
0 639 731 145.98505797734506
0 634 733 453.49805234460297
0 643 734 302.5186330921047
0 564 735 278.4052597124051
0 648 740 103.48149659074278
0 646 743 116.80346241190162
0 649 746 106.2274561609232
0 652 747 121.62433563099869
0 656 750 101.52397770386182
0 651 754 184.00288925892988
0 654 758 185.6224501029225
0 658 764 101.90383455845753
0 657 773 106.57845571286073
0 659 786 127.28733001704174
0 660 797 110.77301760645679
0 666 799 246.37856297665292
0 664 802 195.4463007804937
0 662 805 102.70581685028326
0 663 807 102.18678861274861
0 661 809 157.8371629151698
0 668 817 149.12053614084363
0 667 822 114.20168150740739
0 665 825 415.28574444896327
0 670 837 110.97974197624877

0 775.0 290.0
0 780.0 291.0
0 824.0 298.0
0 837.0 300.0
0 774.0 302.0
0 734.0 304.0
0 795.0 305.0
0 686.0 309.0
0 725.0 309.0
0 681.0 310.0
0 781.0 311.0
0 776.0 312.0
0 767.0 313.0
0 673.0 314.0
0 791.0 314.0
0 840.0 315.0
0 631.0 318.0
0 599.0 319.0
0 594.0 320.0
0 582.0 323.0
0 750.0 323.0
0 792.0 324.0
0 815.0 324.0
0 642.0 325.0
0 810.0 325.0
0 845.0 325.0
0 577.0 326.0
0 635.0 329.0
0 855.0 329.0
0 625.0 331.0
0 606.0 333.0
0 616.0 334.0
0 650.0 334.0
0 828.0 336.0
0 577.0 340.0
0 599.0 341.0
0 543.0 348.0
0 631.0 349.0
0 579.0 352.0
0 543.0 353.0
0 778.0 354.0
0 795.0 354.0
0 600.0 357.0
0 871.0 359.0
0 605.0 360.0
0 764.0 360.0
0 619.0 361.0
0 804.0 361.0
0 792.0 362.0
0 579.0 364.0
0 755.0 366.0
0 545.0 367.0
0 607.0 368.0
0 796.0 368.0
0 780.0 369.0
0 805.0 370.0
0 899.0 371.0
0 612.0 373.0
0 773.0 373.0
0 793.0 373.0
0 543.0 374.0
0 749.0 374.0
0 986.0 374.0
0 994.0 374.0
0 918.0 375.0
0 785.0 378.0
0 977.0 378.0
0 995.0 379.0
0 761.0 380.0
0 607.0 381.0
0 892.0 381.0
0 912.0 381.0
0 778.0 382.0
0 800.0 382.0
0 743.0 384.0
0 999.0 384.0
0 574.0 386.0
0 753.0 386.0
0 586.0 387.0
0 886.0 387.0
0 973.0 387.0
0 772.0 388.0
0 989.0 388.0
0 615.0 390.0
0 982.0 391.0
0 548.0 392.0
0 726.0 392.0
0 872.0 392.0
0 537.0 393.0
0 629.0 393.0
0 895.0 393.0
0 913.0 394.0
0 637.0 395.0
0 743.0 395.0
0 936.0 395.0
0 787.0 396.0
0 993.0 396.0
0 759.0 397.0
0 648.0 398.0
0 612.0 399.0
0 886.0 399.0
0 876.0 400.0
0 912.0 400.0
0 599.0 401.0
0 657.0 402.0
0 662.0 402.0
0 719.0 402.0
0 868.0 402.0
0 667.0 403.0
0 932.0 403.0
0 1008.0 403.0
0 751.0 404.0
0 769.0 404.0
0 774.0 404.0
0 851.0 405.0
0 619.0 406.0
0 762.0 406.0
0 552.0 407.0
0 557.0 407.0
0 596.0 408.0
0 629.0 408.0
0 656.0 409.0
0 686.0 409.0
0 880.0 409.0
0 887.0 409.0
0 608.0 411.0
0 991.0 411.0
0 996.0 411.0
0 642.0 412.0
0 695.0 412.0
0 822.0 412.0
0 866.0 412.0
0 911.0 412.0
0 700.0 413.0
0 673.0 414.0
0 651.0 415.0
0 872.0 415.0
0 901.0 415.0
0 1014.0 415.0
0 706.0 416.0
0 763.0 416.0
0 738.0 417.0
0 790.0 417.0
0 840.0 417.0
0 1001.0 417.0
0 613.0 418.0
0 661.0 418.0
0 681.0 418.0
0 960.0 418.0
0 595.0 420.0
0 715.0 420.0
0 878.0 420.0
0 887.0 420.0
0 923.0 420.0
0 928.0 420.0
0 933.0 420.0
0 559.0 421.0
0 669.0 421.0
0 908.0 422.0
0 994.0 422.0
0 530.0 423.0
0 627.0 423.0
0 684.0 423.0
0 861.0 423.0
0 866.0 423.0
0 988.0 424.0
0 804.0 425.0
0 1014.0 425.0
0 765.0 426.0
0 798.0 426.0
0 536.0 427.0
0 549.0 427.0
0 690.0 427.0
0 698.0 427.0
0 793.0 427.0
0 904.0 428.0
0 602.0 429.0
0 871.0 429.0
0 978.0 429.0
0 617.0 430.0
0 923.0 430.0
0 820.0 431.0
0 961.0 431.0
0 942.0 432.0
0 713.0 433.0
0 883.0 433.0
0 1006.0 433.0
0 600.0 435.0
0 980.0 436.0
0 1038.0 436.0
0 630.0 437.0
0 642.0 437.0
0 731.0 437.0
0 804.0 437.0
0 911.0 437.0
0 930.0 437.0
0 565.0 439.0
0 746.0 439.0
0 896.0 439.0
0 662.0 440.0
0 667.0 440.0
0 818.0 441.0
0 1038.0 441.0
0 902.0 442.0
0 921.0 442.0
0 866.0 443.0
0 941.0 443.0
0 961.0 443.0
0 599.0 444.0
0 826.0 444.0
0 977.0 444.0
0 550.0 445.0
0 663.0 445.0
0 1013.0 445.0
0 615.0 446.0
0 718.0 446.0
0 750.0 446.0
0 1040.0 448.0
0 1129.0 448.0
0 642.0 449.0
0 729.0 449.0
0 647.0 450.0
0 652.0 450.0
0 807.0 450.0
0 666.0 451.0
0 761.0 451.0
0 739.0 452.0
0 816.0 453.0
0 896.0 453.0
0 938.0 453.0
0 599.0 454.0
0 657.0 454.0
0 971.0 454.0
0 616.0 457.0
0 623.0 458.0
0 830.0 458.0
0 669.0 459.0
0 788.0 459.0
0 660.0 460.0
0 765.0 460.0
0 740.0 461.0
0 927.0 461.0
0 611.0 462.0
0 649.0 462.0
0 854.0 462.0
0 654.0 463.0
0 802.0 463.0
0 896.0 463.0
0 976.0 463.0
0 735.0 464.0
0 1011.0 464.0
0 551.0 465.0
0 630.0 465.0
0 722.0 466.0
0 586.0 467.0
0 617.0 467.0
0 625.0 467.0
0 659.0 467.0
0 672.0 467.0
0 891.0 467.0
0 904.0 467.0
0 601.0 468.0
0 606.0 468.0
0 636.0 468.0
0 841.0 468.0
0 1021.0 468.0
0 685.0 469.0
0 594.0 470.0
0 825.0 470.0
0 977.0 470.0
0 741.0 471.0
0 830.0 471.0
0 539.0 472.0
0 622.0 472.0
0 644.0 472.0
0 678.0 472.0
0 1039.0 472.0
0 565.0 473.0
0 613.0 473.0
0 760.0 473.0
0 1012.0 473.0
0 1021.0 473.0
0 599.0 474.0
0 924.0 474.0
0 770.0 475.0
0 948.0 475.0
0 579.0 476.0
0 725.0 476.0
0 607.0 477.0
0 618.0 477.0
0 629.0 477.0
0 634.0 477.0
0 652.0 477.0
0 978.0 477.0
0 750.0 478.0
0 851.0 478.0
0 588.0 479.0
0 599.0 479.0
0 664.0 479.0
0 675.0 479.0
0 1022.0 479.0
0 726.0 481.0
0 731.0 481.0
0 1038.0 481.0
0 527.0 482.0
0 593.0 482.0
0 831.0 482.0
0 624.0 483.0
0 636.0 483.0
0 658.0 483.0
0 845.0 483.0
0 868.0 483.0
0 613.0 484.0
0 716.0 484.0
0 512.0 485.0
0 757.0 485.0
0 800.0 485.0
0 808.0 485.0
0 732.0 486.0
0 900.0 486.0
0 1039.0 486.0
0 563.0 487.0
0 594.0 487.0
0 599.0 487.0
0 816.0 487.0
0 924.0 487.0
0 507.0 488.0
0 795.0 488.0
0 1011.0 488.0
0 553.0 489.0
0 575.0 489.0
0 613.0 489.0
0 618.0 489.0
0 643.0 489.0
0 715.0 489.0
0 764.0 490.0
0 589.0 491.0
0 630.0 491.0
0 710.0 491.0
0 595.0 492.0
0 602.0 492.0
0 607.0 492.0
0 670.0 492.0
0 678.0 492.0
0 743.0 492.0
0 564.0 493.0
0 880.0 494.0
0 732.0 495.0
0 582.0 496.0
0 626.0 496.0
0 637.0 496.0
0 701.0 496.0
0 854.0 496.0
0 598.0 497.0
0 611.0 497.0
0 620.0 497.0
0 745.0 497.0
0 860.0 497.0
0 872.0 497.0
0 496.0 498.0
0 755.0 498.0
0 554.0 499.0
0 572.0 499.0
0 723.0 499.0
0 1014.0 499.0
0 684.0 500.0
0 789.0 500.0
0 838.0 501.0
0 548.0 502.0
0 611.0 502.0
0 650.0 502.0
0 623.0 503.0
0 713.0 503.0
0 494.0 504.0
0 628.0 504.0
0 726.0 504.0
0 594.0 505.0
0 787.0 505.0
0 852.0 505.0
0 583.0 506.0
0 841.0 506.0
0 846.0 508.0
0 490.0 509.0
0 693.0 509.0
0 1036.0 509.0
0 707.0 510.0
0 719.0 510.0
0 730.0 510.0
0 517.0 511.0
0 615.0 511.0
0 627.0 511.0
0 635.0 511.0
0 687.0 511.0
0 714.0 511.0
0 557.0 513.0
0 787.0 513.0
0 604.0 514.0
0 869.0 514.0
0 723.0 515.0
0 733.0 515.0
0 489.0 516.0
0 707.0 516.0
0 1007.0 517.0
0 595.0 518.0
0 863.0 519.0
0 1020.0 519.0
0 510.0 520.0
0 641.0 520.0
0 721.0 520.0
0 726.0 520.0
0 535.0 521.0
0 610.0 521.0
0 698.0 521.0
0 785.0 522.0
0 910.0 523.0
0 601.0 524.0
0 848.0 524.0
0 862.0 524.0
0 1018.0 524.0
0 481.0 525.0
0 713.0 525.0
0 543.0 526.0
0 922.0 526.0
0 530.0 527.0
0 724.0 527.0
0 787.0 527.0
0 993.0 527.0
0 518.0 528.0
0 617.0 529.0
0 633.0 529.0
0 648.0 529.0
0 740.0 529.0
0 748.0 529.0
0 883.0 529.0
0 478.0 530.0
0 704.0 530.0
0 789.0 532.0
0 829.0 532.0
0 977.0 532.0
0 528.0 533.0
0 609.0 533.0
0 948.0 533.0
0 720.0 534.0
0 854.0 535.0
0 475.0 536.0
0 518.0 536.0
0 738.0 537.0
0 1007.0 537.0
0 555.0 538.0
0 624.0 538.0
0 639.0 538.0
0 942.0 538.0
0 729.0 539.0
0 753.0 540.0
0 473.0 541.0
0 872.0 541.0
0 490.0 542.0
0 504.0 542.0
0 615.0 542.0
0 652.0 542.0
0 702.0 542.0
0 915.0 542.0
0 963.0 542.0
0 1032.0 542.0
0 861.0 544.0
0 992.0 544.0
0 1017.0 544.0
0 795.0 546.0
0 851.0 546.0
0 472.0 547.0
0 951.0 547.0
0 1032.0 547.0
0 654.0 548.0
0 934.0 549.0
0 811.0 550.0
0 957.0 550.0
0 714.0 551.0
0 850.0 551.0
0 969.0 551.0
0 471.0 552.0
0 799.0 552.0
0 872.0 552.0
0 886.0 552.0
0 894.0 552.0
0 548.0 555.0
0 570.0 555.0
0 640.0 555.0
0 495.0 556.0
0 848.0 556.0
0 618.0 557.0
0 950.0 557.0
0 755.0 558.0
0 750.0 559.0
0 503.0 560.0
0 644.0 560.0
0 808.0 560.0
0 942.0 560.0
0 967.0 561.0
0 558.0 562.0
0 871.0 562.0
0 1031.0 562.0
0 841.0 564.0
0 606.0 565.0
0 646.0 565.0
0 883.0 565.0
0 930.0 565.0
0 942.0 565.0
0 664.0 566.0
0 493.0 567.0
0 823.0 567.0
0 836.0 567.0
0 957.0 567.0
0 828.0 568.0
0 891.0 568.0
0 925.0 568.0
0 530.0 569.0
0 979.0 569.0
0 585.0 571.0
0 920.0 571.0
0 944.0 571.0
0 650.0 572.0
0 753.0 573.0
0 949.0 573.0
0 954.0 573.0
0 628.0 574.0
0 808.0 574.0
0 1030.0 574.0
0 553.0 575.0
0 982.0 575.0
0 653.0 577.0
0 977.0 577.0
0 558.0 578.0
0 738.0 578.0
0 533.0 579.0
0 915.0 579.0
0 832.0 580.0
0 766.0 581.0
0 493.0 582.0
0 564.0 582.0
0 787.0 582.0
0 656.0 583.0
0 729.0 583.0
0 840.0 583.0
0 501.0 584.0
0 618.0 584.0
0 825.0 584.0
0 913.0 584.0
0 633.0 585.0
0 560.0 587.0
0 988.0 587.0
0 1014.0 587.0
0 658.0 588.0
0 838.0 588.0
0 471.0 589.0
0 979.0 589.0
0 544.0 590.0
0 911.0 590.0
0 571.0 591.0
0 860.0 591.0
0 769.0 592.0
0 582.0 593.0
0 638.0 593.0
0 660.0 593.0
0 683.0 594.0
0 852.0 595.0
0 912.0 595.0
0 554.0 596.0
0 567.0 596.0
0 736.0 598.0
0 869.0 598.0
0 532.0 601.0
0 663.0 601.0
0 642.0 602.0
0 730.0 602.0
0 915.0 602.0
0 500.0 605.0
0 664.0 606.0
0 541.0 607.0
0 917.0 607.0
0 475.0 609.0
0 551.0 609.0
0 976.0 610.0
0 1026.0 611.0
0 542.0 612.0
0 762.0 613.0
0 647.0 615.0
0 925.0 615.0
0 973.0 615.0
0 1182.0 615.0
0 968.0 616.0
0 1012.0 617.0
0 770.0 618.0
0 934.0 618.0
0 634.0 619.0
0 524.0 620.0
0 537.0 620.0
0 648.0 620.0
0 599.0 621.0
0 941.0 621.0
0 834.0 622.0
0 946.0 623.0
0 951.0 623.0
0 671.0 624.0
0 510.0 627.0
0 501.0 628.0
0 964.0 628.0
0 570.0 631.0
0 95.0 632.0
0 832.0 633.0
0 1024.0 634.0
0 483.0 638.0
0 595.0 638.0
0 601.0 638.0
0 615.0 638.0
0 514.0 640.0
0 508.0 641.0
0 590.0 643.0
0 551.0 644.0
0 568.0 646.0
0 606.0 651.0
0 769.0 651.0
0 591.0 652.0
0 748.0 654.0
0 579.0 655.0
0 739.0 655.0
0 768.0 656.0
0 788.0 656.0
0 222.0 657.0
0 599.0 658.0
0 525.0 659.0
0 620.0 659.0
0 729.0 661.0
0 767.0 661.0
0 587.0 664.0
0 612.0 664.0
0 747.0 664.0
0 523.0 665.0
0 738.0 665.0
0 566.0 666.0
0 597.0 666.0
0 765.0 666.0
0 518.0 668.0
0 660.0 668.0
0 722.0 669.0
0 569.0 671.0
0 713.0 671.0
0 695.0 673.0
0 760.0 677.0
0 960.0 677.0
0 599.0 678.0
0 624.0 678.0
0 706.0 679.0
0 532.0 680.0
0 504.0 681.0
0 784.0 681.0
0 587.0 684.0
0 720.0 684.0
0 614.0 685.0
0 755.0 685.0
0 592.0 686.0
0 624.0 686.0
0 543.0 687.0
0 816.0 689.0
0 1021.0 689.0
0 535.0 691.0
0 625.0 691.0
0 736.0 693.0
0 548.0 694.0
0 1020.0 694.0
0 826.0 695.0
0 831.0 696.0
0 1004.0 697.0
0 625.0 698.0
0 540.0 699.0
0 823.0 700.0
0 1018.0 701.0
0 729.0 702.0
0 794.0 703.0
0 558.0 704.0
0 622.0 704.0
0 312.0 705.0
0 724.0 706.0
0 819.0 707.0
0 994.0 707.0
0 550.0 709.0
0 573.0 714.0
0 610.0 716.0
0 558.0 721.0
0 589.0 721.0
0 599.0 721.0
0 571.0 723.0
0 1014.0 723.0
0 611.0 724.0
0 783.0 724.0
0 922.0 724.0
0 939.0 726.0
0 957.0 729.0
0 597.0 730.0
0 917.0 737.0
0 612.0 740.0
0 670.0 740.0
0 642.0 742.0
0 559.0 743.0
0 664.0 743.0
0 965.0 744.0
0 659.0 745.0
0 959.0 745.0
0 575.0 751.0
0 728.0 752.0
0 914.0 752.0
0 581.0 754.0
0 586.0 755.0
0 600.0 755.0
0 923.0 755.0
0 1012.0 755.0
0 968.0 760.0
0 958.0 762.0
0 918.0 766.0
0 20.0 767.0
0 915.0 775.0
0 190.0 776.0
0 1401.0 785.0
0 565.0 786.0
0 1007.0 789.0
0 684.0 798.0
0 531.0 799.0
0 985.0 799.0
0 123.0 807.0
0 776.0 811.0
0 155.0 813.0
0 975.0 813.0
0 45.0 820.0
0 244.0 822.0
0 55.0 824.0
0 199.0 825.0
0 72.0 829.0
0 863.0 830.0
0 253.0 831.0
0 266.0 833.0
0 324.0 839.0
0 607.0 839.0
0 291.0 841.0
0 372.0 844.0
0 50.0 845.0
0 321.0 849.0
0 1202.0 850.0
0 261.0 851.0
0 516.0 853.0
0 271.0 854.0
0 1271.0 860.0
0 939.0 862.0
0 527.0 863.0
0 539.0 866.0
0 1253.0 866.0
0 478.0 867.0
0 590.0 867.0
0 513.0 868.0
0 386.0 869.0
0 888.0 871.0
0 319.0 874.0
0 422.0 875.0
0 331.0 877.0
0 368.0 880.0
0 843.0 880.0
0 878.0 887.0
0 506.0 890.0
0 531.0 890.0
0 561.0 890.0
0 652.0 890.0
0 370.0 891.0
0 314.0 892.0
0 515.0 892.0
0 429.0 893.0
0 595.0 893.0
0 1021.0 893.0
0 397.0 894.0
0 606.0 895.0
0 1083.0 897.0
0 542.0 899.0
0 64.0 902.0
0 452.0 902.0
0 355.0 903.0
0 1357.0 904.0
0 113.0 905.0
0 426.0 907.0
0 56.0 910.0
0 660.0 910.0
0 1389.0 911.0
0 537.0 913.0
0 783.0 921.0
0 573.0 926.0
0 617.0 926.0
0 426.0 927.0
0 801.0 928.0
0 1396.0 928.0
0 337.0 930.0
0 600.0 933.0
0 38.0 934.0
0 314.0 935.0
0 546.0 935.0
0 324.0 937.0
0 358.0 937.0
0 428.0 937.0
0 560.0 937.0
0 586.0 937.0
0 646.0 937.0
0 830.0 938.0
0 743.0 939.0
0 333.0 940.0
0 377.0 940.0
0 843.0 941.0
0 344.0 942.0
0 411.0 942.0
0 499.0 942.0
0 507.0 943.0
0 1237.0 943.0
0 420.0 944.0
0 1030.0 945.0
0 461.0 947.0
0 692.0 948.0
0 910.0 953.0
0 689.0 959.0
0 1033.0 960.0
0 683.0 966.0
0 777.0 967.0
0 1413.0 972.0
0 423.0 975.0
0 1255.0 975.0
0 295.0 976.0
0 800.0 976.0
0 548.0 979.0
0 350.0 983.0
0 453.0 983.0
0 1125.0 984.0
0 409.0 986.0
0 510.0 986.0
0 902.0 986.0
0 938.0 988.0
0 959.0 991.0
0 1229.0 991.0
1 775.0 277.0
1 780.0 277.0
1 836.0 280.0
1 735.0 284.0
1 788.0 287.0
1 681.0 288.0
1 777.0 288.0
1 726.0 289.0
1 745.0 294.0
1 838.0 296.0
1 775.0 297.0
1 788.0 299.0
1 808.0 301.0
1 813.0 302.0
1 844.0 306.0
1 656.0 307.0
1 854.0 309.0
1 641.0 310.0
1 604.0 311.0
1 646.0 311.0
1 825.0 313.0
1 603.0 321.0
1 614.0 322.0
1 634.0 323.0
1 587.0 324.0
1 771.0 325.0
1 792.0 326.0
1 759.0 328.0
1 606.0 331.0
1 750.0 333.0
1 786.0 333.0
1 800.0 334.0
1 620.0 337.0
1 984.0 337.0
1 775.0 338.0
1 586.0 339.0
1 792.0 339.0
1 974.0 339.0
1 892.0 340.0
1 912.0 340.0
1 767.0 342.0
1 801.0 342.0
1 985.0 342.0
1 788.0 344.0
1 554.0 345.0
1 903.0 345.0
1 882.0 346.0
1 610.0 347.0
1 755.0 347.0
1 779.0 347.0
1 990.0 347.0
1 741.0 349.0
1 877.0 349.0
1 736.0 350.0
1 964.0 350.0
1 980.0 350.0
1 746.0 351.0
1 795.0 351.0
1 903.0 352.0
1 878.0 354.0
1 717.0 355.0
1 766.0 355.0
1 588.0 356.0
1 926.0 357.0
1 556.0 359.0
1 736.0 360.0
1 898.0 360.0
1 959.0 360.0
1 753.0 362.0
1 925.0 362.0
1 878.0 363.0
1 712.0 364.0
1 999.0 364.0
1 615.0 365.0
1 781.0 365.0
1 628.0 366.0
1 634.0 366.0
1 603.0 368.0
1 743.0 368.0
1 982.0 368.0
1 647.0 369.0
1 871.0 370.0
1 883.0 370.0
1 655.0 371.0
1 662.0 371.0
1 754.0 371.0
1 767.0 371.0
1 900.0 372.0
1 988.0 372.0
1 862.0 373.0
1 612.0 374.0
1 679.0 375.0
1 583.0 376.0
1 879.0 376.0
1 690.0 377.0
1 730.0 377.0
1 949.0 377.0
1 996.0 377.0
1 592.0 378.0
1 846.0 378.0
1 1006.0 378.0
1 654.0 379.0
1 699.0 379.0
1 618.0 380.0
1 919.0 380.0
1 627.0 381.0
1 756.0 381.0
1 988.0 381.0
1 668.0 382.0
1 707.0 382.0
1 870.0 383.0
1 882.0 383.0
1 601.0 384.0
1 640.0 384.0
1 676.0 384.0
1 558.0 385.0
1 648.0 385.0
1 784.0 385.0
1 653.0 386.0
1 815.0 386.0
1 610.0 387.0
1 693.0 387.0
1 835.0 387.0
1 897.0 387.0
1 968.0 387.0
1 549.0 388.0
1 698.0 388.0
1 665.0 389.0
1 679.0 389.0
1 912.0 389.0
1 949.0 389.0
1 1006.0 389.0
1 758.0 390.0
1 930.0 390.0
1 854.0 391.0
1 859.0 391.0
1 603.0 392.0
1 612.0 392.0
1 684.0 393.0
1 689.0 393.0
1 787.0 394.0
1 792.0 394.0
1 798.0 394.0
1 873.0 394.0
1 969.0 395.0
1 557.0 396.0
1 581.0 396.0
1 626.0 396.0
1 706.0 396.0
1 1029.0 396.0
1 603.0 397.0
1 886.0 397.0
1 724.0 398.0
1 894.0 399.0
1 562.0 400.0
1 567.0 400.0
1 910.0 400.0
1 930.0 400.0
1 950.0 400.0
1 595.0 401.0
1 1007.0 403.0
1 1031.0 404.0
1 549.0 405.0
1 617.0 405.0
1 1002.0 405.0
1 559.0 406.0
1 798.0 406.0
1 861.0 406.0
1 741.0 407.0
1 542.0 408.0
1 644.0 408.0
1 812.0 408.0
1 639.0 409.0
1 711.0 409.0
1 817.0 409.0
1 945.0 409.0
1 602.0 410.0
1 663.0 410.0
1 822.0 410.0
1 927.0 410.0
1 612.0 411.0
1 722.0 411.0
1 1033.0 411.0
1 834.0 412.0
1 629.0 413.0
1 568.0 414.0
1 668.0 414.0
1 731.0 414.0
1 890.0 415.0
1 613.0 416.0
1 918.0 418.0
1 541.0 419.0
1 821.0 419.0
1 965.0 419.0
1 592.0 420.0
1 780.0 420.0
1 844.0 420.0
1 654.0 421.0
1 607.0 422.0
1 886.0 422.0
1 550.0 423.0
1 757.0 424.0
1 792.0 424.0
1 965.0 424.0
1 1004.0 424.0
1 731.0 425.0
1 829.0 425.0
1 623.0 426.0
1 661.0 426.0
1 805.0 426.0
1 895.0 427.0
1 1010.0 427.0
1 559.0 428.0
1 643.0 428.0
1 813.0 428.0
1 630.0 431.0
1 715.0 431.0
1 727.0 431.0
1 654.0 432.0
1 912.0 432.0
1 967.0 432.0
1 667.0 433.0
1 678.0 433.0
1 733.0 433.0
1 891.0 433.0
1 546.0 434.0
1 838.0 434.0
1 1002.0 434.0
1 1013.0 434.0
1 637.0 435.0
1 751.0 435.0
1 624.0 437.0
1 852.0 437.0
1 1033.0 437.0
1 574.0 438.0
1 599.0 438.0
1 608.0 439.0
1 719.0 439.0
1 742.0 439.0
1 762.0 439.0
1 859.0 439.0
1 644.0 440.0
1 799.0 440.0
1 804.0 440.0
1 619.0 441.0
1 631.0 441.0
1 668.0 441.0
1 792.0 441.0
1 534.0 442.0
1 704.0 443.0
1 889.0 443.0
1 787.0 444.0
1 914.0 444.0
1 591.0 445.0
1 651.0 445.0
1 518.0 446.0
1 611.0 446.0
1 724.0 446.0
1 513.0 447.0
1 624.0 447.0
1 719.0 447.0
1 1002.0 448.0
1 508.0 449.0
1 869.0 449.0
1 599.0 450.0
1 748.0 451.0
1 846.0 451.0
1 860.0 451.0
1 575.0 452.0
1 658.0 452.0
1 706.0 452.0
1 711.0 452.0
1 1033.0 452.0
1 642.0 454.0
1 671.0 454.0
1 605.0 455.0
1 698.0 455.0
1 664.0 456.0
1 726.0 457.0
1 547.0 458.0
1 693.0 458.0
1 779.0 458.0
1 828.0 458.0
1 499.0 459.0
1 756.0 459.0
1 541.0 460.0
1 585.0 460.0
1 611.0 460.0
1 650.0 460.0
1 573.0 461.0
1 715.0 461.0
1 1007.0 461.0
1 526.0 462.0
1 675.0 462.0
1 704.0 463.0
1 757.0 464.0
1 739.0 465.0
1 767.0 465.0
1 624.0 466.0
1 725.0 467.0
1 594.0 468.0
1 643.0 468.0
1 856.0 468.0
1 684.0 470.0
1 624.0 471.0
1 849.0 471.0
1 585.0 472.0
1 679.0 472.0
1 776.0 473.0
1 490.0 474.0
1 631.0 474.0
1 600.0 475.0
1 698.0 476.0
1 1031.0 476.0
1 590.0 477.0
1 724.0 477.0
1 514.0 478.0
1 835.0 479.0
1 999.0 479.0
1 534.0 480.0
1 776.0 480.0
1 862.0 480.0
1 689.0 481.0
1 850.0 482.0
1 608.0 483.0
1 636.0 483.0
1 747.0 483.0
1 481.0 484.0
1 597.0 485.0
1 718.0 485.0
1 705.0 486.0
1 913.0 486.0
1 523.0 487.0
1 838.0 487.0
1 983.0 487.0
1 1012.0 488.0
1 512.0 489.0
1 777.0 489.0
1 477.0 490.0
1 695.0 490.0
1 731.0 490.0
1 966.0 490.0
1 613.0 491.0
1 940.0 491.0
1 628.0 492.0
1 642.0 492.0
1 722.0 492.0
1 874.0 493.0
1 504.0 494.0
1 547.0 494.0
1 603.0 494.0
1 780.0 494.0
1 526.0 495.0
1 838.0 495.0
1 741.0 496.0
1 932.0 497.0
1 948.0 497.0
1 473.0 498.0
1 514.0 498.0
1 544.0 499.0
1 728.0 499.0
1 860.0 499.0
1 715.0 500.0
1 720.0 500.0
1 999.0 500.0
1 693.0 501.0
1 1030.0 501.0
1 647.0 502.0
1 472.0 503.0
1 635.0 503.0
1 906.0 503.0
1 955.0 503.0
1 837.0 504.0
1 739.0 505.0
1 784.0 505.0
1 942.0 505.0
1 984.0 505.0
1 560.0 506.0
1 500.0 507.0
1 746.0 507.0
1 925.0 507.0
1 606.0 508.0
1 487.0 509.0
1 960.0 510.0
1 1012.0 510.0
1 704.0 511.0
1 735.0 511.0
1 835.0 511.0
1 788.0 512.0
1 940.0 514.0
1 1028.0 515.0
1 793.0 516.0
1 860.0 516.0
1 879.0 516.0
1 887.0 516.0
1 612.0 517.0
1 651.0 519.0
1 831.0 519.0
1 930.0 519.0
1 1011.0 519.0
1 542.0 520.0
1 958.0 520.0
1 568.0 521.0
1 826.0 522.0
1 491.0 523.0
1 947.0 523.0
1 598.0 524.0
1 615.0 524.0
1 807.0 524.0
1 918.0 524.0
1 932.0 524.0
1 530.0 525.0
1 468.0 526.0
1 815.0 526.0
1 500.0 527.0
1 639.0 528.0
1 745.0 530.0
1 909.0 530.0
1 934.0 530.0
1 577.0 531.0
1 944.0 531.0
1 971.0 531.0
1 1028.0 532.0
1 566.0 533.0
1 861.0 533.0
1 875.0 533.0
1 1011.0 534.0
1 489.0 535.0
1 620.0 535.0
1 549.0 536.0
1 967.0 536.0
1 972.0 536.0
1 526.0 537.0
1 497.0 538.0
1 572.0 539.0
1 728.0 539.0
1 800.0 539.0
1 552.0 542.0
1 903.0 542.0
1 718.0 543.0
1 528.0 545.0
1 557.0 546.0
1 585.0 546.0
1 747.0 546.0
1 626.0 547.0
1 779.0 547.0
1 815.0 547.0
1 902.0 547.0
1 979.0 547.0
1 538.0 548.0
1 669.0 548.0
1 759.0 548.0
1 828.0 549.0
1 1027.0 550.0
1 468.0 551.0
1 489.0 551.0
1 497.0 552.0
1 650.0 552.0
1 902.0 552.0
1 1027.0 555.0
1 787.0 556.0
1 842.0 556.0
1 1010.0 556.0
1 560.0 557.0
1 860.0 558.0
1 630.0 559.0
1 652.0 559.0
1 725.0 559.0
1 904.0 559.0
1 548.0 560.0
1 762.0 560.0
1 977.0 560.0
1 720.0 561.0
1 892.0 561.0
1 632.0 564.0
1 534.0 565.0
1 539.0 567.0
1 529.0 568.0
1 839.0 569.0
1 968.0 570.0
1 634.0 571.0
1 655.0 571.0
1 1026.0 571.0
1 495.0 575.0
1 967.0 575.0
1 961.0 576.0
1 1026.0 576.0
1 919.0 577.0
1 924.0 581.0
1 1026.0 581.0
1 637.0 583.0
1 929.0 583.0
1 943.0 583.0
1 952.0 583.0
1 936.0 584.0
1 473.0 585.0
1 753.0 587.0
1 761.0 587.0
1 1009.0 587.0
1 519.0 590.0
1 559.0 591.0
1 957.0 592.0
1 497.0 595.0
1 641.0 595.0
1 538.0 596.0
1 586.0 598.0
1 477.0 599.0
1 592.0 599.0
1 498.0 600.0
1 641.0 600.0
1 605.0 606.0
1 828.0 608.0
1 962.0 609.0
1 508.0 610.0
1 559.0 610.0
1 503.0 612.0
1 580.0 613.0
1 482.0 616.0
1 549.0 617.0
1 569.0 617.0
1 597.0 617.0
1 729.0 619.0
1 738.0 619.0
1 1024.0 619.0
1 582.0 620.0
1 608.0 621.0
1 645.0 621.0
1 485.0 624.0
1 559.0 624.0
1 575.0 624.0
1 589.0 624.0
1 760.0 624.0
1 1023.0 628.0
1 759.0 629.0
1 554.0 630.0
1 728.0 630.0
1 825.0 630.0
1 519.0 631.0
1 585.0 633.0
1 758.0 634.0
1 608.0 635.0
1 736.0 636.0
1 514.0 638.0
1 722.0 638.0
1 509.0 641.0
1 518.0 643.0
1 568.0 644.0
1 585.0 644.0
1 114.0 645.0
1 495.0 646.0
1 694.0 646.0
1 498.0 651.0
1 525.0 651.0
1 576.0 652.0
1 598.0 653.0
1 581.0 654.0
1 609.0 654.0
1 536.0 656.0
1 778.0 656.0
1 525.0 657.0
1 747.0 657.0
1 263.0 659.0
1 720.0 659.0
1 727.0 661.0
1 100.0 662.0
1 530.0 663.0
1 541.0 663.0
1 608.0 663.0
1 1022.0 666.0
1 533.0 668.0
1 608.0 668.0
1 815.0 669.0
1 847.0 670.0
1 1022.0 671.0
1 511.0 672.0
1 551.0 672.0
1 822.0 673.0
1 1004.0 675.0
1 831.0 677.0
1 542.0 679.0
1 717.0 679.0
1 1021.0 680.0
1 600.0 681.0
1 564.0 682.0
1 712.0 682.0
1 788.0 683.0
1 992.0 684.0
1 587.0 685.0
1 599.0 686.0
1 578.0 687.0
1 523.0 688.0
1 894.0 688.0
1 817.0 689.0
1 561.0 693.0
1 587.0 695.0
1 574.0 696.0
1 911.0 696.0
1 920.0 697.0
1 996.0 698.0
1 883.0 700.0
1 936.0 700.0
1 953.0 702.0
1 1016.0 704.0
1 542.0 707.0
1 593.0 707.0
1 1119.0 707.0
1 653.0 710.0
1 547.0 711.0
1 913.0 712.0
1 648.0 713.0
1 1156.0 715.0
1 640.0 717.0
1 1019.0 717.0
1 609.0 718.0
1 961.0 718.0
1 563.0 719.0
1 956.0 719.0
1 580.0 720.0
1 426.0 725.0
1 719.0 727.0
1 909.0 729.0
1 576.0 730.0
1 1120.0 733.0
1 1017.0 734.0
1 966.0 736.0
1 956.0 738.0
1 961.0 738.0
1 1016.0 743.0
1 512.0 747.0
1 1099.0 748.0
1 1014.0 751.0
1 552.0 754.0
1 846.0 759.0
1 1012.0 763.0
1 74.0 765.0
1 670.0 765.0
1 812.0 766.0
1 147.0 768.0
1 981.0 772.0
1 38.0 773.0
1 1013.0 777.0
1 558.0 779.0
1 783.0 782.0
1 158.0 784.0
1 335.0 788.0
1 1009.0 791.0
1 40.0 793.0
1 638.0 796.0
1 590.0 799.0
1 244.0 803.0
1 921.0 805.0
1 447.0 807.0
1 495.0 809.0
1 1005.0 813.0
1 898.0 822.0
1 1081.0 823.0
1 928.0 826.0
1 574.0 846.0
1 863.0 848.0
1 663.0 867.0
1 17.0 868.0
1 369.0 877.0
1 620.0 886.0
1 716.0 890.0
1 432.0 892.0
1 1306.0 895.0
1 507.0 909.0
1 1023.0 916.0
1 1007.0 922.0
1 203.0 924.0
1 920.0 939.0
