0 2 3 456.2357351685864
0 17 13 175.89547013925306
0 4 14 213.46947430271982
0 9 15 380.03945319149636
0 24 18 253.98720103864397
0 40 19 287.85241392633907
0 3 20 158.2444066929816
0 8 21 155.44082197553038
0 27 23 343.4683758589286
0 10 24 222.64117617044192
0 11 25 178.30106997331524
0 44 26 206.8567244954688
0 18 27 328.36366340858115
0 12 28 139.37119536778877
0 29 29 210.89517166642185
0 45 31 280.59202700418894
0 86 34 221.05165449637744
0 41 35 280.66027671037335
0 93 36 305.0131724652117
0 83 37 267.089155718121
0 56 38 271.977032121473
0 125 39 241.9606623207474
0 15 40 289.6075020444625
0 16 41 223.95658525935588
0 69 42 186.89382824971287
0 103 49 166.07952728180206
0 126 51 182.23680551693457
0 91 52 234.35310847020457
0 26 55 173.13469555227988
0 20 56 279.5524984818264
0 110 57 472.23843328746915
0 28 58 212.15838949360975
0 186 60 334.91702042075195
0 21 64 325.8017718750877
0 132 69 283.1778536401017
0 43 73 213.1881143279451
0 23 75 349.00832839186864
0 152 76 173.5901735382741
0 25 77 291.9708019034852
0 148 78 151.87334449368223
0 78 79 407.85935366295325
0 22 80 153.958199010503
0 84 83 179.6063890534543
0 184 85 173.02359926117595
0 35 86 113.23312136508103
0 215 88 222.41261084611085
0 70 89 212.35960801885477
0 63 92 277.0441485642298
0 37 93 169.05758938085737
0 34 96 175.12393274626115
0 46 97 282.92680870274154
0 65 98 290.3240046511463
0 104 99 118.9448310674766
0 31 102 180.37839086742537
0 71 104 312.9940677035678
0 72 105 329.9205601163684
0 77 106 399.84742264748877
0 67 108 201.98185750247237
0 32 109 130.2116266767335
0 50 111 246.7566776921569
0 54 113 174.54602958931702
0 96 114 149.2297249830399
0 113 115 138.1859532167047
0 211 117 214.2175166563243
0 219 118 150.84200077015913
0 168 119 480.3086165718224
0 114 120 135.99234101514946
0 94 121 197.32506077161963
0 73 122 190.7169761045857
0 39 126 227.02869182439298
0 115 128 146.64338513291042
0 75 129 193.24179585281286
0 106 130 132.30228723791834
0 48 132 131.37884144257234
0 85 133 196.83498302867147
0 95 134 188.5858525000427
0 116 135 186.06154468907428
0 47 137 234.36741484139753
0 76 139 206.47456873898116
0 88 140 293.2046840142852
0 135 145 206.50056695534977
0 119 146 171.92698182825805
0 178 149 439.50639276176844
0 87 150 153.82999386778476
0 58 152 257.92417907735603
0 49 154 293.1303258261405
0 120 157 140.85943044558007
0 51 159 266.49962405086444
0 256 160 127.63984436006068
0 121 162 181.37871998889491
0 107 164 419.5963765917155
0 55 165 239.0548669951153
0 100 167 416.94931702968256
0 105 168 153.3321647203289
0 269 171 307.50598572297616
0 122 172 230.14031080544711
0 117 173 159.17639585901918
0 124 174 195.2922110991177
0 79 175 140.430614300067
0 181 176 427.9182930674597
0 101 177 409.68259165040416
0 59 178 195.21522326355577
0 173 179 137.64616358408702
0 80 180 260.60909387740395
0 129 181 151.41830200148104
0 68 182 159.24532148736273
0 82 183 371.2681086858624
0 118 184 109.47558106726518
0 89 186 451.5138146660171
0 92 188 283.34940456773217
0 123 192 249.52922545724562
0 142 193 139.31345763794445
0 97 194 224.35997484023233
0 158 199 166.61558128097994
0 143 201 219.99591143577186
0 111 203 143.76514851013425
0 102 204 249.85378968455342
0 147 205 216.2966334056483
0 98 206 270.376456133407
0 99 207 231.65440705892718
0 112 213 449.7814257166464
0 139 215 204.61842362908064
0 136 216 135.73462212548603
0 134 217 375.8143285628205
0 140 220 140.47267269409502
0 146 226 141.9179699824984
0 137 228 168.9177092286761
0 171 233 288.3189205803046
0 157 237 186.9543492708462
0 164 239 132.15215805311195
0 163 240 126.06836624203584
0 131 241 260.5380273159975
0 145 247 182.87992551039105
0 128 248 171.60657155616528
0 188 249 122.501122809062
0 225 251 221.30013772877382
0 189 252 344.7985404257571
0 187 253 123.99833114009073
0 200 257 327.09407357504034
0 154 259 336.263756306618
0 155 260 242.87130787562722
0 174 266 334.3843407220353
0 159 268 243.2252555521245
0 141 269 236.2089576908841
0 190 270 125.21279445282445
0 156 280 155.07406015117516
0 166 283 178.59990421283612
0 191 284 159.6732607692408
0 153 285 468.8495121290578
0 220 286 443.69253378642617
0 213 287 189.0245705117805
0 151 293 198.4043185998609
0 205 294 148.9107122379473
0 162 295 286.22065815402766
0 217 299 265.5616750225104
0 183 300 330.89612289288675
0 202 303 478.2595533089907
0 212 313 248.99293250296193
0 209 316 312.16744254761227
0 182 317 310.579073400736
0 230 319 321.19638128891
0 179 324 232.39214134889593
0 180 325 170.8223293483788
0 224 327 369.1729889963573
0 193 328 159.28511459560548
0 233 334 249.7918328933955
0 232 335 164.39663673720239
0 279 336 486.6419138120899
0 236 343 282.8243125980114
0 227 344 202.46205997093497
0 298 348 338.45667197097583
0 246 351 159.29651795796588
0 248 356 330.15474193082446
0 195 357 288.14023732062736
0 192 358 347.89941094049414
0 252 360 260.1559209714265
0 247 363 154.33386298195825
0 222 364 151.04619548458987
0 251 365 192.1584509687859
0 237 366 298.2381033602062
0 194 367 205.51411891503614
0 308 373 371.25640139078286
0 201 380 312.2630197178055
0 221 381 264.07592167637654
0 261 383 297.40675181037403
0 273 388 214.14030227639049
0 257 389 481.08016116852485
0 275 390 434.3097994400926
0 291 392 441.4972318622058
0 259 395 281.19048117864844
0 229 397 263.05969435481825
0 271 399 250.19785389167333
0 255 402 134.5716406491761
0 301 406 243.94561872650016
0 270 407 471.4653201915625
0 295 410 319.4694175808744
0 276 412 326.6589038230009
0 267 413 273.84443120516437
0 268 414 111.37946642374213
0 337 415 424.7485706661684
0 240 416 148.59059950933937
0 272 418 178.02497432110084
0 332 419 406.10035877344114
0 264 422 113.72428442133611
0 263 426 128.34787648467977
0 313 427 241.980746357553
0 292 431 169.07403003124054
0 296 432 271.11855365438527
0 285 433 321.42557313003397
0 288 435 188.86914577353735
0 293 436 224.4873216205456
0 265 438 132.51714083238366
0 318 439 234.79314796850983
0 274 441 114.33222580313658
0 281 443 277.39367387872113
0 326 445 199.36691096136704
0 303 446 137.39304616861205
0 284 447 235.58062779034898
0 312 448 288.37281413488154
0 280 449 414.85706754452264
0 287 450 348.41306092934354
0 283 451 115.33262037055687
0 305 452 116.59662874191864
0 320 453 194.74263183669643
0 411 456 238.86617409072167
0 344 457 138.84862971400216
0 349 458 440.0671567882016
0 278 462 153.26980198969542
0 331 463 373.68571046423455
0 294 465 233.66330869642638
0 309 467 236.96187628113768
0 372 469 414.82383318545465
0 289 470 124.55370562362727
0 340 472 353.1792671682448
0 304 473 144.20173715431073
0 319 476 116.52687025580364
0 297 477 268.6023547591531
0 300 478 175.69369684854993
0 322 482 328.97550167039634
0 354 484 181.8140204255024
0 347 485 184.97337010923067
0 367 487 138.2516569672557
0 310 488 217.61854801642735
0 306 490 158.64778640157184
0 373 493 145.3972529918629
0 321 495 213.1480560161684
0 355 498 184.39514237106658
0 353 502 379.92026011872554
0 392 504 494.45013613265667
0 329 506 190.81840558983706
0 368 507 339.87273523227714
0 386 508 194.41056823425285
0 336 509 199.2089687883449
0 328 510 218.0506636020136
0 317 511 155.11044762706814
0 333 512 184.23598506232943
0 348 513 173.9228367686202
0 343 514 284.3127538988492
0 385 515 207.58753159491786
0 323 516 172.93162697014228
0 334 523 171.16494009304228
0 379 524 478.55517390294847
0 359 525 108.90556541364238
0 382 526 380.33858244600333
0 346 530 310.26940217550106
0 397 531 413.754285968301
0 357 532 121.40375581928389
0 350 534 263.57272892372214
0 380 536 181.1042391145361
0 412 537 151.37700138625877
0 390 538 378.29835127673766
0 378 539 109.11395110272481
0 362 541 133.70724443731788
0 360 542 133.476516884558
0 413 543 135.68686943762373
0 391 547 294.3634864140025
0 370 552 119.10249682529948
0 424 553 211.66366991338768
0 369 554 191.16247552959254
0 366 556 357.3359528118998
0 407 557 461.8809865823746
0 395 559 161.55374628559719
0 361 563 134.84919983297786
0 374 564 113.96009878814772
0 387 568 126.2694309760207
0 375 569 169.9037899389531
0 420 570 494.8034728403888
0 381 574 191.53345576155857
0 430 575 137.63067136766801
0 394 578 232.45331873169715
0 432 579 221.56495053217097
0 423 580 285.00094195021575
0 376 581 184.35127580604433
0 415 582 316.05146653942137
0 422 583 368.0873657069942
0 400 586 216.60420187633864
0 396 587 193.92087778668815
0 403 589 175.0628995393767
0 438 594 183.85571046709293
0 402 598 219.31887183416953
0 405 600 209.95080416805231
0 406 601 160.20114978199288
0 446 603 171.83666416857864
0 452 604 159.82209744249832
0 416 605 130.0983056575246
0 428 606 336.5643793208456
0 549 607 175.8137950800646
0 440 608 139.52234524254635
0 458 610 211.6790123472367
0 456 612 393.6292338147958
0 447 613 302.35221480012785
0 462 614 144.31839960637035
0 463 615 138.59416586956291
0 437 617 381.44288456868884
0 466 618 279.51305011919175
0 443 622 186.43223719360256
0 470 623 290.2453758903431
0 441 624 180.54095516202526
0 565 627 197.14994672072777
0 478 629 180.4499801181681
0 450 630 449.38096740617016
0 468 633 214.67788175786126
0 488 636 238.1621675104396
0 457 637 150.89458552011644
0 479 638 217.29441563650016
0 464 640 313.79268197454735
0 496 641 167.5062605619839
0 473 647 471.08601168153035
0 459 648 106.55695703111256
0 467 649 440.86486392739397
0 507 652 243.32757377018507
0 516 653 169.02187393147454
0 504 654 224.62052680111992
0 499 655 261.52481955806974
0 500 659 265.29336384555154
0 513 661 288.50678038952987
0 480 663 248.56918989222265
0 527 664 261.7838426976636
0 492 666 464.6763420136703
0 487 668 275.73624590682317
0 518 669 181.84582681285826
0 521 670 161.4214526415934
0 493 671 140.03082190866138
0 491 672 452.2727511669252
0 538 673 290.14603961894284
0 506 675 298.40936356934054
0 528 676 293.9225115869448
0 541 677 111.19384209975173
0 582 680 293.5577784067124
0 551 682 124.13777080379671
0 505 683 155.39116677841312
0 553 684 292.5070294843882
0 548 685 244.18511925030003
0 517 686 206.84251938021768
0 562 687 236.77822611119174
0 545 688 211.77228984471094
0 546 689 282.25359865760925
0 567 690 203.53011074396957
0 547 691 145.87858522635975
0 535 692 210.50876541843616
0 523 694 259.6109074171832
0 525 696 146.45442905244147
0 556 697 261.45749025079385
0 552 698 180.8673543641436
0 563 699 286.8712972949173
0 568 701 171.73591068660212
0 578 702 233.34464088239497
0 554 704 158.9067974427104
0 576 705 203.59611865385827
0 574 709 197.48865281795858
0 570 713 358.2053198687274
0 572 714 115.9336790775676
0 575 715 173.3707165263557
0 579 717 254.2896676240235
0 599 718 381.1897752845112
0 583 719 157.7018260352333
0 559 721 351.6456835455959
0 585 723 189.50135140950616
0 594 736 256.55063495349975
0 611 738 468.8821390889642
0 593 740 487.05606457844226
0 610 743 344.07620563297814
0 623 819 280.60460423460466
0 624 823 348.21838991593114

0 775.0 290.0
0 780.0 291.0
0 824.0 298.0
0 837.0 300.0
0 774.0 302.0
0 734.0 304.0
0 795.0 305.0
0 686.0 309.0
0 725.0 309.0
0 681.0 310.0
0 781.0 311.0
0 776.0 312.0
0 767.0 313.0
0 673.0 314.0
0 791.0 314.0
0 840.0 315.0
0 631.0 318.0
0 599.0 319.0
0 594.0 320.0
0 582.0 323.0
0 750.0 323.0
0 792.0 324.0
0 815.0 324.0
0 642.0 325.0
0 810.0 325.0
0 845.0 325.0
0 577.0 326.0
0 635.0 329.0
0 855.0 329.0
0 625.0 331.0
0 606.0 333.0
0 616.0 334.0
0 650.0 334.0
0 828.0 336.0
0 577.0 340.0
0 599.0 341.0
0 543.0 348.0
0 631.0 349.0
0 579.0 352.0
0 543.0 353.0
0 778.0 354.0
0 795.0 354.0
0 600.0 357.0
0 871.0 359.0
0 605.0 360.0
0 764.0 360.0
0 619.0 361.0
0 804.0 361.0
0 792.0 362.0
0 579.0 364.0
0 755.0 366.0
0 545.0 367.0
0 607.0 368.0
0 796.0 368.0
0 780.0 369.0
0 805.0 370.0
0 899.0 371.0
0 612.0 373.0
0 773.0 373.0
0 793.0 373.0
0 543.0 374.0
0 749.0 374.0
0 986.0 374.0
0 994.0 374.0
0 918.0 375.0
0 785.0 378.0
0 977.0 378.0
0 995.0 379.0
0 761.0 380.0
0 607.0 381.0
0 892.0 381.0
0 912.0 381.0
0 778.0 382.0
0 800.0 382.0
0 743.0 384.0
0 999.0 384.0
0 574.0 386.0
0 753.0 386.0
0 586.0 387.0
0 886.0 387.0
0 973.0 387.0
0 772.0 388.0
0 989.0 388.0
0 615.0 390.0
0 982.0 391.0
0 548.0 392.0
0 726.0 392.0
0 872.0 392.0
0 537.0 393.0
0 629.0 393.0
0 895.0 393.0
0 913.0 394.0
0 637.0 395.0
0 743.0 395.0
0 936.0 395.0
0 787.0 396.0
0 993.0 396.0
0 759.0 397.0
0 648.0 398.0
0 612.0 399.0
0 886.0 399.0
0 876.0 400.0
0 912.0 400.0
0 599.0 401.0
0 657.0 402.0
0 662.0 402.0
0 719.0 402.0
0 868.0 402.0
0 667.0 403.0
0 932.0 403.0
0 1008.0 403.0
0 751.0 404.0
0 769.0 404.0
0 774.0 404.0
0 851.0 405.0
0 619.0 406.0
0 762.0 406.0
0 552.0 407.0
0 557.0 407.0
0 596.0 408.0
0 629.0 408.0
0 656.0 409.0
0 686.0 409.0
0 880.0 409.0
0 887.0 409.0
0 608.0 411.0
0 991.0 411.0
0 996.0 411.0
0 642.0 412.0
0 695.0 412.0
0 822.0 412.0
0 866.0 412.0
0 911.0 412.0
0 700.0 413.0
0 673.0 414.0
0 651.0 415.0
0 872.0 415.0
0 901.0 415.0
0 1014.0 415.0
0 706.0 416.0
0 763.0 416.0
0 738.0 417.0
0 790.0 417.0
0 840.0 417.0
0 1001.0 417.0
0 613.0 418.0
0 661.0 418.0
0 681.0 418.0
0 960.0 418.0
0 595.0 420.0
0 715.0 420.0
0 878.0 420.0
0 887.0 420.0
0 923.0 420.0
0 928.0 420.0
0 933.0 420.0
0 559.0 421.0
0 669.0 421.0
0 908.0 422.0
0 994.0 422.0
0 530.0 423.0
0 627.0 423.0
0 684.0 423.0
0 861.0 423.0
0 866.0 423.0
0 988.0 424.0
0 804.0 425.0
0 1014.0 425.0
0 765.0 426.0
0 798.0 426.0
0 536.0 427.0
0 549.0 427.0
0 690.0 427.0
0 698.0 427.0
0 793.0 427.0
0 904.0 428.0
0 602.0 429.0
0 871.0 429.0
0 978.0 429.0
0 617.0 430.0
0 923.0 430.0
0 820.0 431.0
0 961.0 431.0
0 942.0 432.0
0 713.0 433.0
0 883.0 433.0
0 1006.0 433.0
0 600.0 435.0
0 980.0 436.0
0 1038.0 436.0
0 630.0 437.0
0 642.0 437.0
0 731.0 437.0
0 804.0 437.0
0 911.0 437.0
0 930.0 437.0
0 565.0 439.0
0 746.0 439.0
0 896.0 439.0
0 662.0 440.0
0 667.0 440.0
0 818.0 441.0
0 1038.0 441.0
0 902.0 442.0
0 921.0 442.0
0 866.0 443.0
0 941.0 443.0
0 961.0 443.0
0 599.0 444.0
0 826.0 444.0
0 977.0 444.0
0 550.0 445.0
0 663.0 445.0
0 1013.0 445.0
0 615.0 446.0
0 718.0 446.0
0 750.0 446.0
0 1040.0 448.0
0 1129.0 448.0
0 642.0 449.0
0 729.0 449.0
0 647.0 450.0
0 652.0 450.0
0 807.0 450.0
0 666.0 451.0
0 761.0 451.0
0 739.0 452.0
0 816.0 453.0
0 896.0 453.0
0 938.0 453.0
0 599.0 454.0
0 657.0 454.0
0 971.0 454.0
0 616.0 457.0
0 623.0 458.0
0 830.0 458.0
0 669.0 459.0
0 788.0 459.0
0 660.0 460.0
0 765.0 460.0
0 740.0 461.0
0 927.0 461.0
0 611.0 462.0
0 649.0 462.0
0 854.0 462.0
0 654.0 463.0
0 802.0 463.0
0 896.0 463.0
0 976.0 463.0
0 735.0 464.0
0 1011.0 464.0
0 551.0 465.0
0 630.0 465.0
0 722.0 466.0
0 586.0 467.0
0 617.0 467.0
0 625.0 467.0
0 659.0 467.0
0 672.0 467.0
0 891.0 467.0
0 904.0 467.0
0 601.0 468.0
0 606.0 468.0
0 636.0 468.0
0 841.0 468.0
0 1021.0 468.0
0 685.0 469.0
0 594.0 470.0
0 825.0 470.0
0 977.0 470.0
0 741.0 471.0
0 830.0 471.0
0 539.0 472.0
0 622.0 472.0
0 644.0 472.0
0 678.0 472.0
0 1039.0 472.0
0 565.0 473.0
0 613.0 473.0
0 760.0 473.0
0 1012.0 473.0
0 1021.0 473.0
0 599.0 474.0
0 924.0 474.0
0 770.0 475.0
0 948.0 475.0
0 579.0 476.0
0 725.0 476.0
0 607.0 477.0
0 618.0 477.0
0 629.0 477.0
0 634.0 477.0
0 652.0 477.0
0 978.0 477.0
0 750.0 478.0
0 851.0 478.0
0 588.0 479.0
0 599.0 479.0
0 664.0 479.0
0 675.0 479.0
0 1022.0 479.0
0 726.0 481.0
0 731.0 481.0
0 1038.0 481.0
0 527.0 482.0
0 593.0 482.0
0 831.0 482.0
0 624.0 483.0
0 636.0 483.0
0 658.0 483.0
0 845.0 483.0
0 868.0 483.0
0 613.0 484.0
0 716.0 484.0
0 512.0 485.0
0 757.0 485.0
0 800.0 485.0
0 808.0 485.0
0 732.0 486.0
0 900.0 486.0
0 1039.0 486.0
0 563.0 487.0
0 594.0 487.0
0 599.0 487.0
0 816.0 487.0
0 924.0 487.0
0 507.0 488.0
0 795.0 488.0
0 1011.0 488.0
0 553.0 489.0
0 575.0 489.0
0 613.0 489.0
0 618.0 489.0
0 643.0 489.0
0 715.0 489.0
0 764.0 490.0
0 589.0 491.0
0 630.0 491.0
0 710.0 491.0
0 595.0 492.0
0 602.0 492.0
0 607.0 492.0
0 670.0 492.0
0 678.0 492.0
0 743.0 492.0
0 564.0 493.0
0 880.0 494.0
0 732.0 495.0
0 582.0 496.0
0 626.0 496.0
0 637.0 496.0
0 701.0 496.0
0 854.0 496.0
0 598.0 497.0
0 611.0 497.0
0 620.0 497.0
0 745.0 497.0
0 860.0 497.0
0 872.0 497.0
0 496.0 498.0
0 755.0 498.0
0 554.0 499.0
0 572.0 499.0
0 723.0 499.0
0 1014.0 499.0
0 684.0 500.0
0 789.0 500.0
0 838.0 501.0
0 548.0 502.0
0 611.0 502.0
0 650.0 502.0
0 623.0 503.0
0 713.0 503.0
0 494.0 504.0
0 628.0 504.0
0 726.0 504.0
0 594.0 505.0
0 787.0 505.0
0 852.0 505.0
0 583.0 506.0
0 841.0 506.0
0 846.0 508.0
0 490.0 509.0
0 693.0 509.0
0 1036.0 509.0
0 707.0 510.0
0 719.0 510.0
0 730.0 510.0
0 517.0 511.0
0 615.0 511.0
0 627.0 511.0
0 635.0 511.0
0 687.0 511.0
0 714.0 511.0
0 557.0 513.0
0 787.0 513.0
0 604.0 514.0
0 869.0 514.0
0 723.0 515.0
0 733.0 515.0
0 489.0 516.0
0 707.0 516.0
0 1007.0 517.0
0 595.0 518.0
0 863.0 519.0
0 1020.0 519.0
0 510.0 520.0
0 641.0 520.0
0 721.0 520.0
0 726.0 520.0
0 535.0 521.0
0 610.0 521.0
0 698.0 521.0
0 785.0 522.0
0 910.0 523.0
0 601.0 524.0
0 848.0 524.0
0 862.0 524.0
0 1018.0 524.0
0 481.0 525.0
0 713.0 525.0
0 543.0 526.0
0 922.0 526.0
0 530.0 527.0
0 724.0 527.0
0 787.0 527.0
0 993.0 527.0
0 518.0 528.0
0 617.0 529.0
0 633.0 529.0
0 648.0 529.0
0 740.0 529.0
0 748.0 529.0
0 883.0 529.0
0 478.0 530.0
0 704.0 530.0
0 789.0 532.0
0 829.0 532.0
0 977.0 532.0
0 528.0 533.0
0 609.0 533.0
0 948.0 533.0
0 720.0 534.0
0 854.0 535.0
0 475.0 536.0
0 518.0 536.0
0 738.0 537.0
0 1007.0 537.0
0 555.0 538.0
0 624.0 538.0
0 639.0 538.0
0 942.0 538.0
0 729.0 539.0
0 753.0 540.0
0 473.0 541.0
0 872.0 541.0
0 490.0 542.0
0 504.0 542.0
0 615.0 542.0
0 652.0 542.0
0 702.0 542.0
0 915.0 542.0
0 963.0 542.0
0 1032.0 542.0
0 861.0 544.0
0 992.0 544.0
0 1017.0 544.0
0 795.0 546.0
0 851.0 546.0
0 472.0 547.0
0 951.0 547.0
0 1032.0 547.0
0 654.0 548.0
0 934.0 549.0
0 811.0 550.0
0 957.0 550.0
0 714.0 551.0
0 850.0 551.0
0 969.0 551.0
0 471.0 552.0
0 799.0 552.0
0 872.0 552.0
0 886.0 552.0
0 894.0 552.0
0 548.0 555.0
0 570.0 555.0
0 640.0 555.0
0 495.0 556.0
0 848.0 556.0
0 618.0 557.0
0 950.0 557.0
0 755.0 558.0
0 750.0 559.0
0 503.0 560.0
0 644.0 560.0
0 808.0 560.0
0 942.0 560.0
0 967.0 561.0
0 558.0 562.0
0 871.0 562.0
0 1031.0 562.0
0 841.0 564.0
0 606.0 565.0
0 646.0 565.0
0 883.0 565.0
0 930.0 565.0
0 942.0 565.0
0 664.0 566.0
0 493.0 567.0
0 823.0 567.0
0 836.0 567.0
0 957.0 567.0
0 828.0 568.0
0 891.0 568.0
0 925.0 568.0
0 530.0 569.0
0 979.0 569.0
0 585.0 571.0
0 920.0 571.0
0 944.0 571.0
0 650.0 572.0
0 753.0 573.0
0 949.0 573.0
0 954.0 573.0
0 628.0 574.0
0 808.0 574.0
0 1030.0 574.0
0 553.0 575.0
0 982.0 575.0
0 653.0 577.0
0 977.0 577.0
0 558.0 578.0
0 738.0 578.0
0 533.0 579.0
0 915.0 579.0
0 832.0 580.0
0 766.0 581.0
0 493.0 582.0
0 564.0 582.0
0 787.0 582.0
0 656.0 583.0
0 729.0 583.0
0 840.0 583.0
0 501.0 584.0
0 618.0 584.0
0 825.0 584.0
0 913.0 584.0
0 633.0 585.0
0 560.0 587.0
0 988.0 587.0
0 1014.0 587.0
0 658.0 588.0
0 838.0 588.0
0 471.0 589.0
0 979.0 589.0
0 544.0 590.0
0 911.0 590.0
0 571.0 591.0
0 860.0 591.0
0 769.0 592.0
0 582.0 593.0
0 638.0 593.0
0 660.0 593.0
0 683.0 594.0
0 852.0 595.0
0 912.0 595.0
0 554.0 596.0
0 567.0 596.0
0 736.0 598.0
0 869.0 598.0
0 532.0 601.0
0 663.0 601.0
0 642.0 602.0
0 730.0 602.0
0 915.0 602.0
0 500.0 605.0
0 664.0 606.0
0 541.0 607.0
0 917.0 607.0
0 475.0 609.0
0 551.0 609.0
0 976.0 610.0
0 1026.0 611.0
0 542.0 612.0
0 762.0 613.0
0 647.0 615.0
0 925.0 615.0
0 973.0 615.0
0 1182.0 615.0
0 968.0 616.0
0 1012.0 617.0
0 770.0 618.0
0 934.0 618.0
0 634.0 619.0
0 524.0 620.0
0 537.0 620.0
0 648.0 620.0
0 599.0 621.0
0 941.0 621.0
0 834.0 622.0
0 946.0 623.0
0 951.0 623.0
0 671.0 624.0
0 510.0 627.0
0 501.0 628.0
0 964.0 628.0
0 570.0 631.0
0 95.0 632.0
0 832.0 633.0
0 1024.0 634.0
0 483.0 638.0
0 595.0 638.0
0 601.0 638.0
0 615.0 638.0
0 514.0 640.0
0 508.0 641.0
0 590.0 643.0
0 551.0 644.0
0 568.0 646.0
0 606.0 651.0
0 769.0 651.0
0 591.0 652.0
0 748.0 654.0
0 579.0 655.0
0 739.0 655.0
0 768.0 656.0
0 788.0 656.0
0 222.0 657.0
0 599.0 658.0
0 525.0 659.0
0 620.0 659.0
0 729.0 661.0
0 767.0 661.0
0 587.0 664.0
0 612.0 664.0
0 747.0 664.0
0 523.0 665.0
0 738.0 665.0
0 566.0 666.0
0 597.0 666.0
0 765.0 666.0
0 518.0 668.0
0 660.0 668.0
0 722.0 669.0
0 569.0 671.0
0 713.0 671.0
0 695.0 673.0
0 760.0 677.0
0 960.0 677.0
0 599.0 678.0
0 624.0 678.0
0 706.0 679.0
0 532.0 680.0
0 504.0 681.0
0 784.0 681.0
0 587.0 684.0
0 720.0 684.0
0 614.0 685.0
0 755.0 685.0
0 592.0 686.0
0 624.0 686.0
0 543.0 687.0
0 816.0 689.0
0 1021.0 689.0
0 535.0 691.0
0 625.0 691.0
0 736.0 693.0
0 548.0 694.0
0 1020.0 694.0
0 826.0 695.0
0 831.0 696.0
0 1004.0 697.0
0 625.0 698.0
0 540.0 699.0
0 823.0 700.0
0 1018.0 701.0
0 729.0 702.0
0 794.0 703.0
0 558.0 704.0
0 622.0 704.0
0 312.0 705.0
0 724.0 706.0
0 819.0 707.0
0 994.0 707.0
0 550.0 709.0
0 573.0 714.0
0 610.0 716.0
0 558.0 721.0
0 589.0 721.0
0 599.0 721.0
0 571.0 723.0
0 1014.0 723.0
0 611.0 724.0
0 783.0 724.0
0 922.0 724.0
0 939.0 726.0
0 957.0 729.0
0 597.0 730.0
0 917.0 737.0
0 612.0 740.0
0 670.0 740.0
0 642.0 742.0
0 559.0 743.0
0 664.0 743.0
0 965.0 744.0
0 659.0 745.0
0 959.0 745.0
0 575.0 751.0
0 728.0 752.0
0 914.0 752.0
0 581.0 754.0
0 586.0 755.0
0 600.0 755.0
0 923.0 755.0
0 1012.0 755.0
0 968.0 760.0
0 958.0 762.0
0 918.0 766.0
0 20.0 767.0
0 915.0 775.0
0 190.0 776.0
0 1401.0 785.0
0 565.0 786.0
0 1007.0 789.0
0 684.0 798.0
0 531.0 799.0
0 985.0 799.0
0 123.0 807.0
0 776.0 811.0
0 155.0 813.0
0 975.0 813.0
0 45.0 820.0
0 244.0 822.0
0 55.0 824.0
0 199.0 825.0
0 72.0 829.0
0 863.0 830.0
0 253.0 831.0
0 266.0 833.0
0 324.0 839.0
0 607.0 839.0
0 291.0 841.0
0 372.0 844.0
0 50.0 845.0
0 321.0 849.0
0 1202.0 850.0
0 261.0 851.0
0 516.0 853.0
0 271.0 854.0
0 1271.0 860.0
0 939.0 862.0
0 527.0 863.0
0 539.0 866.0
0 1253.0 866.0
0 478.0 867.0
0 590.0 867.0
0 513.0 868.0
0 386.0 869.0
0 888.0 871.0
0 319.0 874.0
0 422.0 875.0
0 331.0 877.0
0 368.0 880.0
0 843.0 880.0
0 878.0 887.0
0 506.0 890.0
0 531.0 890.0
0 561.0 890.0
0 652.0 890.0
0 370.0 891.0
0 314.0 892.0
0 515.0 892.0
0 429.0 893.0
0 595.0 893.0
0 1021.0 893.0
0 397.0 894.0
0 606.0 895.0
0 1083.0 897.0
0 542.0 899.0
0 64.0 902.0
0 452.0 902.0
0 355.0 903.0
0 1357.0 904.0
0 113.0 905.0
0 426.0 907.0
0 56.0 910.0
0 660.0 910.0
0 1389.0 911.0
0 537.0 913.0
0 783.0 921.0
0 573.0 926.0
0 617.0 926.0
0 426.0 927.0
0 801.0 928.0
0 1396.0 928.0
0 337.0 930.0
0 600.0 933.0
0 38.0 934.0
0 314.0 935.0
0 546.0 935.0
0 324.0 937.0
0 358.0 937.0
0 428.0 937.0
0 560.0 937.0
0 586.0 937.0
0 646.0 937.0
0 830.0 938.0
0 743.0 939.0
0 333.0 940.0
0 377.0 940.0
0 843.0 941.0
0 344.0 942.0
0 411.0 942.0
0 499.0 942.0
0 507.0 943.0
0 1237.0 943.0
0 420.0 944.0
0 1030.0 945.0
0 461.0 947.0
0 692.0 948.0
0 910.0 953.0
0 689.0 959.0
0 1033.0 960.0
0 683.0 966.0
0 777.0 967.0
0 1413.0 972.0
0 423.0 975.0
0 1255.0 975.0
0 295.0 976.0
0 800.0 976.0
0 548.0 979.0
0 350.0 983.0
0 453.0 983.0
0 1125.0 984.0
0 409.0 986.0
0 510.0 986.0
0 902.0 986.0
0 938.0 988.0
0 959.0 991.0
0 1229.0 991.0
1 1050.0 94.0
1 895.0 191.0
1 870.0 363.0
1 811.0 364.0
1 838.0 364.0
1 738.0 367.0
1 828.0 368.0
1 833.0 368.0
1 840.0 372.0
1 874.0 373.0
1 855.0 377.0
1 871.0 380.0
1 887.0 388.0
1 835.0 393.0
1 1031.0 393.0
1 828.0 394.0
1 849.0 396.0
1 699.0 398.0
1 672.0 401.0
1 819.0 401.0
1 944.0 401.0
1 968.0 401.0
1 1017.0 401.0
1 1037.0 401.0
1 636.0 403.0
1 818.0 407.0
1 858.0 408.0
1 686.0 409.0
1 830.0 409.0
1 660.0 410.0
1 960.0 410.0
1 965.0 410.0
1 983.0 410.0
1 818.0 412.0
1 1034.0 412.0
1 804.0 413.0
1 1045.0 416.0
1 818.0 417.0
1 938.0 417.0
1 1033.0 417.0
1 620.0 418.0
1 645.0 418.0
1 678.0 418.0
1 854.0 418.0
1 608.0 419.0
1 656.0 420.0
1 830.0 420.0
1 954.0 422.0
1 964.0 423.0
1 976.0 423.0
1 827.0 425.0
1 1033.0 425.0
1 944.0 426.0
1 1051.0 429.0
1 841.0 430.0
1 1030.0 430.0
1 621.0 431.0
1 926.0 431.0
1 943.0 431.0
1 1017.0 432.0
1 687.0 433.0
1 692.0 433.0
1 704.0 433.0
1 709.0 433.0
1 714.0 433.0
1 719.0 433.0
1 737.0 433.0
1 743.0 433.0
1 1002.0 433.0
1 645.0 434.0
1 699.0 434.0
1 726.0 434.0
1 732.0 434.0
1 760.0 434.0
1 765.0 434.0
1 774.0 434.0
1 785.0 434.0
1 790.0 434.0
1 915.0 434.0
1 957.0 434.0
1 977.0 434.0
1 982.0 434.0
1 988.0 434.0
1 672.0 435.0
1 682.0 435.0
1 779.0 435.0
1 606.0 436.0
1 795.0 436.0
1 836.0 436.0
1 1033.0 437.0
1 613.0 440.0
1 651.0 440.0
1 1018.0 441.0
1 576.0 442.0
1 733.0 442.0
1 750.0 442.0
1 900.0 442.0
1 967.0 442.0
1 984.0 442.0
1 1002.0 442.0
1 1052.0 442.0
1 925.0 443.0
1 977.0 443.0
1 620.0 444.0
1 682.0 444.0
1 839.0 444.0
1 876.0 444.0
1 916.0 444.0
1 1070.0 444.0
1 651.0 445.0
1 667.0 445.0
1 957.0 446.0
1 1056.0 447.0
1 688.0 448.0
1 699.0 448.0
1 715.0 448.0
1 724.0 448.0
1 777.0 448.0
1 795.0 448.0
1 733.0 449.0
1 744.0 449.0
1 763.0 449.0
1 772.0 449.0
1 814.0 449.0
1 859.0 451.0
1 570.0 452.0
1 582.0 453.0
1 651.0 453.0
1 1037.0 453.0
1 888.0 454.0
1 916.0 454.0
1 994.0 455.0
1 667.0 456.0
1 953.0 456.0
1 1073.0 456.0
1 677.0 457.0
1 830.0 457.0
1 958.0 457.0
1 913.0 459.0
1 800.0 460.0
1 813.0 460.0
1 1038.0 460.0
1 867.0 461.0
1 878.0 461.0
1 681.0 462.0
1 958.0 462.0
1 821.0 463.0
1 926.0 463.0
1 627.0 465.0
1 664.0 465.0
1 797.0 465.0
1 1039.0 465.0
1 614.0 466.0
1 993.0 466.0
1 949.0 467.0
1 977.0 467.0
1 1061.0 467.0
1 864.0 469.0
1 740.0 470.0
1 891.0 470.0
1 609.0 471.0
1 650.0 471.0
1 932.0 471.0
1 821.0 472.0
1 843.0 472.0
1 945.0 472.0
1 991.0 472.0
1 592.0 473.0
1 658.0 473.0
1 964.0 473.0
1 672.0 474.0
1 711.0 474.0
1 974.0 474.0
1 684.0 475.0
1 782.0 475.0
1 643.0 476.0
1 698.0 477.0
1 703.0 477.0
1 658.0 478.0
1 897.0 478.0
1 992.0 478.0
1 665.0 479.0
1 892.0 479.0
1 1074.0 479.0
1 582.0 480.0
1 907.0 480.0
1 570.0 481.0
1 802.0 481.0
1 814.0 481.0
1 727.0 482.0
1 822.0 482.0
1 847.0 482.0
1 953.0 483.0
1 1060.0 483.0
1 919.0 484.0
1 948.0 485.0
1 609.0 486.0
1 615.0 486.0
1 629.0 487.0
1 675.0 487.0
1 744.0 487.0
1 926.0 487.0
1 1073.0 487.0
1 659.0 488.0
1 687.0 488.0
1 831.0 488.0
1 866.0 488.0
1 645.0 489.0
1 692.0 489.0
1 880.0 489.0
1 577.0 490.0
1 582.0 490.0
1 788.0 491.0
1 801.0 491.0
1 851.0 491.0
1 565.0 492.0
1 699.0 492.0
1 759.0 492.0
1 1074.0 492.0
1 590.0 493.0
1 668.0 493.0
1 931.0 493.0
1 1060.0 493.0
1 708.0 495.0
1 874.0 495.0
1 632.0 496.0
1 715.0 498.0
1 824.0 498.0
1 869.0 498.0
1 952.0 498.0
1 959.0 498.0
1 661.0 499.0
1 843.0 499.0
1 793.0 501.0
1 701.0 503.0
1 723.0 503.0
1 767.0 503.0
1 870.0 503.0
1 959.0 503.0
1 779.0 504.0
1 936.0 504.0
1 592.0 506.0
1 657.0 506.0
1 607.0 507.0
1 582.0 508.0
1 731.0 508.0
1 786.0 508.0
1 802.0 508.0
1 822.0 508.0
1 691.0 509.0
1 713.0 509.0
1 773.0 509.0
1 835.0 509.0
1 812.0 511.0
1 854.0 511.0
1 1060.0 511.0
1 560.0 513.0
1 720.0 513.0
1 740.0 513.0
1 870.0 513.0
1 940.0 513.0
1 782.0 515.0
1 1074.0 515.0
1 1051.0 516.0
1 991.0 517.0
1 1041.0 517.0
1 728.0 518.0
1 870.0 518.0
1 979.0 518.0
1 574.0 519.0
1 749.0 519.0
1 819.0 519.0
1 1065.0 519.0
1 624.0 520.0
1 1015.0 520.0
1 720.0 524.0
1 791.0 524.0
1 606.0 525.0
1 1023.0 525.0
1 669.0 527.0
1 735.0 527.0
1 940.0 527.0
1 873.0 528.0
1 1006.0 529.0
1 1061.0 530.0
1 963.0 531.0
1 1030.0 531.0
1 744.0 532.0
1 796.0 532.0
1 1016.0 532.0
1 751.0 533.0
1 763.0 533.0
1 824.0 533.0
1 875.0 533.0
1 1050.0 533.0
1 630.0 534.0
1 843.0 535.0
1 936.0 536.0
1 656.0 537.0
1 731.0 537.0
1 1035.0 537.0
1 615.0 539.0
1 623.0 540.0
1 824.0 540.0
1 1003.0 541.0
1 817.0 542.0
1 1016.0 542.0
1 633.0 543.0
1 575.0 544.0
1 880.0 544.0
1 931.0 544.0
1 644.0 545.0
1 658.0 545.0
1 610.0 547.0
1 680.0 547.0
1 875.0 547.0
1 1018.0 547.0
1 1030.0 547.0
1 622.0 548.0
1 808.0 548.0
1 835.0 548.0
1 887.0 548.0
1 953.0 548.0
1 1045.0 549.0
1 570.0 550.0
1 925.0 551.0
1 614.0 552.0
1 680.0 552.0
1 920.0 552.0
1 1007.0 552.0
1 895.0 553.0
1 1073.0 553.0
1 567.0 555.0
1 911.0 555.0
1 1024.0 555.0
1 840.0 556.0
1 904.0 556.0
1 687.0 557.0
1 708.0 557.0
1 727.0 557.0
1 732.0 558.0
1 647.0 560.0
1 749.0 560.0
1 992.0 560.0
1 595.0 562.0
1 878.0 562.0
1 1050.0 562.0
1 667.0 563.0
1 964.0 563.0
1 695.0 565.0
1 991.0 565.0
1 601.0 568.0
1 681.0 569.0
1 700.0 571.0
1 641.0 572.0
1 663.0 572.0
1 843.0 573.0
1 830.0 575.0
1 1033.0 575.0
1 886.0 577.0
1 921.0 577.0
1 789.0 579.0
1 823.0 579.0
1 622.0 580.0
1 709.0 580.0
1 953.0 580.0
1 989.0 580.0
1 582.0 581.0
1 759.0 581.0
1 1048.0 581.0
1 917.0 582.0
1 689.0 583.0
1 556.0 584.0
1 590.0 584.0
1 935.0 585.0
1 952.0 585.0
1 1048.0 586.0
1 646.0 587.0
1 867.0 587.0
1 715.0 588.0
1 848.0 588.0
1 991.0 589.0
1 1072.0 590.0
1 673.0 591.0
1 951.0 591.0
1 615.0 592.0
1 578.0 594.0
1 828.0 594.0
1 587.0 596.0
1 637.0 596.0
1 679.0 596.0
1 719.0 596.0
1 942.0 598.0
1 947.0 598.0
1 999.0 598.0
1 850.0 599.0
1 1040.0 599.0
1 662.0 600.0
1 688.0 600.0
1 700.0 601.0
1 1004.0 601.0
1 578.0 602.0
1 1009.0 603.0
1 1032.0 603.0
1 731.0 604.0
1 1016.0 605.0
1 1024.0 605.0
1 675.0 607.0
1 723.0 607.0
1 652.0 608.0
1 665.0 610.0
1 568.0 611.0
1 576.0 611.0
1 586.0 612.0
1 704.0 613.0
1 1072.0 613.0
1 1034.0 614.0
1 674.0 616.0
1 689.0 616.0
1 713.0 618.0
1 623.0 622.0
1 740.0 624.0
1 635.0 625.0
1 660.0 625.0
1 553.0 626.0
1 1025.0 628.0
1 676.0 629.0
1 740.0 629.0
1 677.0 634.0
1 586.0 635.0
1 580.0 636.0
1 680.0 639.0
1 554.0 641.0
1 637.0 641.0
1 1047.0 645.0
1 555.0 646.0
1 639.0 646.0
1 650.0 648.0
1 617.0 650.0
1 692.0 651.0
1 898.0 651.0
1 833.0 653.0
1 582.0 654.0
1 840.0 654.0
1 702.0 656.0
1 740.0 657.0
1 591.0 658.0
1 684.0 659.0
1 709.0 659.0
1 715.0 659.0
1 721.0 660.0
1 728.0 661.0
1 582.0 662.0
1 740.0 662.0
1 659.0 664.0
1 693.0 664.0
1 673.0 665.0
1 831.0 665.0
1 559.0 666.0
1 1031.0 666.0
1 706.0 667.0
1 727.0 668.0
1 596.0 671.0
1 587.0 674.0
1 848.0 675.0
1 581.0 676.0
1 639.0 676.0
1 691.0 678.0
1 676.0 679.0
1 745.0 679.0
1 653.0 680.0
1 732.0 680.0
1 845.0 682.0
1 843.0 687.0
1 894.0 687.0
1 639.0 688.0
1 701.0 688.0
1 586.0 689.0
1 607.0 690.0
1 651.0 690.0
1 1071.0 691.0
1 715.0 692.0
1 589.0 694.0
1 572.0 696.0
1 709.0 696.0
1 727.0 696.0
1 862.0 696.0
1 1072.0 696.0
1 600.0 698.0
1 703.0 698.0
1 770.0 699.0
1 734.0 700.0
1 835.0 700.0
1 1063.0 700.0
1 696.0 701.0
1 861.0 701.0
1 595.0 702.0
1 668.0 702.0
1 604.0 703.0
1 673.0 703.0
1 678.0 703.0
1 724.0 703.0
1 609.0 704.0
1 769.0 704.0
1 860.0 706.0
1 1058.0 707.0
1 1071.0 708.0
1 614.0 709.0
1 719.0 709.0
1 729.0 709.0
1 767.0 709.0
1 622.0 710.0
1 827.0 710.0
1 628.0 714.0
1 725.0 714.0
1 614.0 715.0
1 585.0 716.0
1 713.0 716.0
1 886.0 716.0
1 1071.0 716.0
1 311.0 718.0
1 893.0 718.0
1 725.0 719.0
1 987.0 719.0
1 636.0 720.0
1 1039.0 720.0
1 1060.0 720.0
1 618.0 721.0
1 809.0 721.0
1 1072.0 721.0
1 623.0 722.0
1 641.0 723.0
1 734.0 724.0
1 760.0 724.0
1 632.0 725.0
1 718.0 725.0
1 646.0 726.0
1 1072.0 726.0
1 626.0 729.0
1 638.0 729.0
1 699.0 729.0
1 863.0 729.0
1 585.0 730.0
1 666.0 731.0
1 729.0 731.0
1 684.0 732.0
1 689.0 732.0
1 1066.0 732.0
1 671.0 733.0
1 97.0 734.0
1 584.0 736.0
1 884.0 736.0
1 993.0 736.0
1 636.0 737.0
1 1040.0 737.0
1 700.0 738.0
1 692.0 740.0
1 584.0 741.0
1 1071.0 741.0
1 1436.0 741.0
1 1456.0 741.0
1 311.0 742.0
1 647.0 742.0
1 722.0 742.0
1 1282.0 742.0
1 248.0 743.0
1 682.0 743.0
1 662.0 746.0
1 745.0 746.0
1 584.0 748.0
1 992.0 749.0
1 395.0 751.0
1 1071.0 752.0
1 113.0 755.0
1 990.0 755.0
1 1039.0 756.0
1 738.0 762.0
1 720.0 763.0
1 655.0 766.0
1 992.0 766.0
1 1069.0 771.0
1 585.0 775.0
1 360.0 781.0
1 993.0 781.0
1 1006.0 783.0
1 1067.0 786.0
1 586.0 792.0
1 585.0 799.0
1 1066.0 802.0
1 251.0 807.0
1 585.0 814.0
1 1068.0 816.0
1 1064.0 826.0
1 729.0 830.0
1 935.0 834.0
1 980.0 836.0
1 694.0 843.0
1 1065.0 846.0
1 573.0 850.0
1 23.0 857.0
1 527.0 863.0
1 1064.0 864.0
1 359.0 865.0
1 364.0 866.0
1 1360.0 867.0
1 288.0 868.0
1 889.0 870.0
1 543.0 875.0
1 680.0 878.0
1 902.0 879.0
1 114.0 880.0
1 367.0 880.0
1 729.0 891.0
1 859.0 896.0
1 1064.0 901.0
1 733.0 907.0
1 814.0 910.0
1 744.0 916.0
1 735.0 917.0
1 734.0 922.0
1 691.0 926.0
1 717.0 926.0
1 736.0 931.0
1 847.0 945.0
1 842.0 954.0
1 751.0 959.0
