0 29 5 326.0449989554334
0 40 8 239.5118344261744
0 26 10 366.36519503394516
0 24 12 473.6205875648319
0 57 20 193.98146071235152
0 143 26 445.5869380992842
0 235 38 340.33542599295845
0 85 40 327.4946968482872
0 228 42 356.4936705498627
0 230 44 319.5100895671786
0 225 46 239.6418374094561
0 253 49 289.85216900425394
0 277 51 253.38514847163617
0 101 54 462.611225726114
0 111 58 488.43546327115666
0 51 64 281.0463661903078
0 34 66 275.4843059956268
0 67 71 314.82546711395065
0 48 80 157.67483688801227
0 284 83 339.27574247084283
0 94 90 327.34574930129935
0 86 94 210.67515450871613
0 324 99 146.89771551907933
0 105 100 392.2851961067534
0 96 102 220.8871763854281
0 97 109 157.1900326855867
0 340 115 354.85128143085905
0 438 118 260.9890216304487
0 371 119 468.83631194860504
0 325 120 485.8186055387299
0 123 124 298.9783685867364
0 72 126 467.8679827242174
0 124 137 368.6914916913628
0 274 139 406.41941582775763
0 179 143 359.6633438377602
0 88 144 445.891289052941
0 376 145 192.18629630949098
0 297 147 434.9105518175758
0 259 150 389.0546201119657
0 141 152 263.28042527315165
0 132 154 490.0194470404581
0 485 156 442.4660684559539
0 185 163 365.78776188933915
0 187 164 358.5961729429985
0 311 172 297.4012162324695
0 307 173 457.08734057778975
0 155 175 269.65093455258926
0 435 176 172.03432767149403
0 142 178 383.01085529695115
0 417 179 268.9282616609284
0 158 180 403.33433502499025
0 156 182 464.06055363202165
0 162 183 488.9905602311986
0 305 184 169.03670669914564
0 288 192 354.2197037530928
0 190 198 344.8907914706976
0 383 200 198.57649813427844
0 236 201 312.8805367295146
0 191 203 413.1468749998076
0 218 205 200.55064950402993
0 195 206 366.86064526145344
0 406 212 304.3615646199883
0 475 214 250.77057485764763
0 335 215 222.39066154173054
0 293 216 372.2996804082395
0 442 222 492.7806450167989
0 254 223 355.5633546632571
0 333 226 197.21161390654873
0 506 230 471.92756313184054
0 250 235 161.5890985732821
0 309 237 440.83184952684826
0 208 241 198.3287498155875
0 468 243 471.84925430243663
0 246 244 238.00244510778418
0 294 246 417.61567717581227
0 377 253 268.9549478608923
0 265 264 306.05151293067865
0 440 266 490.87724562220563
0 384 270 245.4591088414324
0 495 274 296.03164429371816
0 229 283 288.07307487219356
0 498 292 341.9455056716222
0 488 299 335.77489662151
0 667 304 496.9213016167135
0 312 306 463.8835807386415
0 302 311 209.66357034580233
0 458 313 314.7317985704903
0 378 315 489.2321826182799
0 352 316 271.5534105354957
0 364 317 468.6651045163222
0 342 324 256.7970048643403
0 470 334 248.04077000313947
0 606 339 466.5508716605348
0 507 342 347.0449739838562
0 505 343 348.32452083157074
0 481 363 293.43953246171293
0 508 365 325.01091136907513
0 419 366 278.32575040770786
0 676 368 280.67941042189364
0 353 380 237.07002907910422
0 717 388 421.405977560678
0 443 395 432.17349467482535
0 539 401 441.3299071540848
0 733 406 462.9722452029717
0 706 410 344.5252314713802
0 464 413 443.93738041817346
0 387 416 215.5025893824242
0 718 421 348.6362382931362
0 491 436 368.50308886703175
0 753 445 303.0027078813914
0 354 451 401.36705144768206
0 797 456 388.0803926970488
0 768 457 495.54038593288334
0 521 467 401.24341526048227
0 806 479 417.09187015699723
0 795 487 280.9172146270641
0 425 490 398.4703609272742
0 792 493 270.1621378685163
0 530 495 468.63604212251096
0 810 508 276.42645840183013
0 531 509 460.43691132237024
0 513 510 377.16882207131965
0 522 512 385.0647655357127
0 561 525 186.26340350382077
0 824 537 237.06324570122626
0 821 543 205.01092951897593
0 559 545 362.7408124104754
0 838 553 371.60053401523083
0 549 569 126.22000442069022
0 839 575 222.64488419018727
0 871 579 439.47516438686023
0 845 595 420.7658582383162
0 857 603 181.33711949094396
0 863 604 376.14508157458755
0 890 610 380.5430397437463
0 813 611 459.28352200252374
0 793 613 489.27883773785305
0 867 614 256.41451776251756
0 872 615 354.16160386256416
0 835 618 385.18300836063884
0 836 623 385.1293812149864
0 884 629 406.4380242986342
0 803 630 287.41062752939337
0 851 638 349.56677156104547
0 818 650 444.16903277329317
0 925 653 241.9330980030574
0 852 655 334.4798712577095
0 917 664 437.507242200638
0 1095 680 181.97083471442977
0 915 687 469.02413233260114
0 905 690 420.55886457336646
0 874 692 325.7093629315989
0 730 698 255.81462651652114
0 886 699 420.37198069024856
0 721 706 393.5239324771634
0 932 710 245.65559637154212
0 926 711 238.11141489467994
0 738 714 244.52617560198874
0 778 719 454.28262205185155
0 966 740 236.0188021999533
0 989 755 381.6872123007398
0 953 789 276.9256874195123
0 674 794 405.94606421339466
0 1020 796 249.34663462174393
0 825 817 118.08330674610387
0 1072 821 493.72238030450626
0 860 822 296.98516235065415
0 987 823 173.91320933482191

0 775.0 290.0
0 780.0 291.0
0 824.0 298.0
0 837.0 300.0
0 774.0 302.0
0 734.0 304.0
0 795.0 305.0
0 686.0 309.0
0 725.0 309.0
0 681.0 310.0
0 781.0 311.0
0 776.0 312.0
0 767.0 313.0
0 673.0 314.0
0 791.0 314.0
0 840.0 315.0
0 631.0 318.0
0 599.0 319.0
0 594.0 320.0
0 582.0 323.0
0 750.0 323.0
0 792.0 324.0
0 815.0 324.0
0 642.0 325.0
0 810.0 325.0
0 845.0 325.0
0 577.0 326.0
0 635.0 329.0
0 855.0 329.0
0 625.0 331.0
0 606.0 333.0
0 616.0 334.0
0 650.0 334.0
0 828.0 336.0
0 577.0 340.0
0 599.0 341.0
0 543.0 348.0
0 631.0 349.0
0 579.0 352.0
0 543.0 353.0
0 778.0 354.0
0 795.0 354.0
0 600.0 357.0
0 871.0 359.0
0 605.0 360.0
0 764.0 360.0
0 619.0 361.0
0 804.0 361.0
0 792.0 362.0
0 579.0 364.0
0 755.0 366.0
0 545.0 367.0
0 607.0 368.0
0 796.0 368.0
0 780.0 369.0
0 805.0 370.0
0 899.0 371.0
0 612.0 373.0
0 773.0 373.0
0 793.0 373.0
0 543.0 374.0
0 749.0 374.0
0 986.0 374.0
0 994.0 374.0
0 918.0 375.0
0 785.0 378.0
0 977.0 378.0
0 995.0 379.0
0 761.0 380.0
0 607.0 381.0
0 892.0 381.0
0 912.0 381.0
0 778.0 382.0
0 800.0 382.0
0 743.0 384.0
0 999.0 384.0
0 574.0 386.0
0 753.0 386.0
0 586.0 387.0
0 886.0 387.0
0 973.0 387.0
0 772.0 388.0
0 989.0 388.0
0 615.0 390.0
0 982.0 391.0
0 548.0 392.0
0 726.0 392.0
0 872.0 392.0
0 537.0 393.0
0 629.0 393.0
0 895.0 393.0
0 913.0 394.0
0 637.0 395.0
0 743.0 395.0
0 936.0 395.0
0 787.0 396.0
0 993.0 396.0
0 759.0 397.0
0 648.0 398.0
0 612.0 399.0
0 886.0 399.0
0 876.0 400.0
0 912.0 400.0
0 599.0 401.0
0 657.0 402.0
0 662.0 402.0
0 719.0 402.0
0 868.0 402.0
0 667.0 403.0
0 932.0 403.0
0 1008.0 403.0
0 751.0 404.0
0 769.0 404.0
0 774.0 404.0
0 851.0 405.0
0 619.0 406.0
0 762.0 406.0
0 552.0 407.0
0 557.0 407.0
0 596.0 408.0
0 629.0 408.0
0 656.0 409.0
0 686.0 409.0
0 880.0 409.0
0 887.0 409.0
0 608.0 411.0
0 991.0 411.0
0 996.0 411.0
0 642.0 412.0
0 695.0 412.0
0 822.0 412.0
0 866.0 412.0
0 911.0 412.0
0 700.0 413.0
0 673.0 414.0
0 651.0 415.0
0 872.0 415.0
0 901.0 415.0
0 1014.0 415.0
0 706.0 416.0
0 763.0 416.0
0 738.0 417.0
0 790.0 417.0
0 840.0 417.0
0 1001.0 417.0
0 613.0 418.0
0 661.0 418.0
0 681.0 418.0
0 960.0 418.0
0 595.0 420.0
0 715.0 420.0
0 878.0 420.0
0 887.0 420.0
0 923.0 420.0
0 928.0 420.0
0 933.0 420.0
0 559.0 421.0
0 669.0 421.0
0 908.0 422.0
0 994.0 422.0
0 530.0 423.0
0 627.0 423.0
0 684.0 423.0
0 861.0 423.0
0 866.0 423.0
0 988.0 424.0
0 804.0 425.0
0 1014.0 425.0
0 765.0 426.0
0 798.0 426.0
0 536.0 427.0
0 549.0 427.0
0 690.0 427.0
0 698.0 427.0
0 793.0 427.0
0 904.0 428.0
0 602.0 429.0
0 871.0 429.0
0 978.0 429.0
0 617.0 430.0
0 923.0 430.0
0 820.0 431.0
0 961.0 431.0
0 942.0 432.0
0 713.0 433.0
0 883.0 433.0
0 1006.0 433.0
0 600.0 435.0
0 980.0 436.0
0 1038.0 436.0
0 630.0 437.0
0 642.0 437.0
0 731.0 437.0
0 804.0 437.0
0 911.0 437.0
0 930.0 437.0
0 565.0 439.0
0 746.0 439.0
0 896.0 439.0
0 662.0 440.0
0 667.0 440.0
0 818.0 441.0
0 1038.0 441.0
0 902.0 442.0
0 921.0 442.0
0 866.0 443.0
0 941.0 443.0
0 961.0 443.0
0 599.0 444.0
0 826.0 444.0
0 977.0 444.0
0 550.0 445.0
0 663.0 445.0
0 1013.0 445.0
0 615.0 446.0
0 718.0 446.0
0 750.0 446.0
0 1040.0 448.0
0 1129.0 448.0
0 642.0 449.0
0 729.0 449.0
0 647.0 450.0
0 652.0 450.0
0 807.0 450.0
0 666.0 451.0
0 761.0 451.0
0 739.0 452.0
0 816.0 453.0
0 896.0 453.0
0 938.0 453.0
0 599.0 454.0
0 657.0 454.0
0 971.0 454.0
0 616.0 457.0
0 623.0 458.0
0 830.0 458.0
0 669.0 459.0
0 788.0 459.0
0 660.0 460.0
0 765.0 460.0
0 740.0 461.0
0 927.0 461.0
0 611.0 462.0
0 649.0 462.0
0 854.0 462.0
0 654.0 463.0
0 802.0 463.0
0 896.0 463.0
0 976.0 463.0
0 735.0 464.0
0 1011.0 464.0
0 551.0 465.0
0 630.0 465.0
0 722.0 466.0
0 586.0 467.0
0 617.0 467.0
0 625.0 467.0
0 659.0 467.0
0 672.0 467.0
0 891.0 467.0
0 904.0 467.0
0 601.0 468.0
0 606.0 468.0
0 636.0 468.0
0 841.0 468.0
0 1021.0 468.0
0 685.0 469.0
0 594.0 470.0
0 825.0 470.0
0 977.0 470.0
0 741.0 471.0
0 830.0 471.0
0 539.0 472.0
0 622.0 472.0
0 644.0 472.0
0 678.0 472.0
0 1039.0 472.0
0 565.0 473.0
0 613.0 473.0
0 760.0 473.0
0 1012.0 473.0
0 1021.0 473.0
0 599.0 474.0
0 924.0 474.0
0 770.0 475.0
0 948.0 475.0
0 579.0 476.0
0 725.0 476.0
0 607.0 477.0
0 618.0 477.0
0 629.0 477.0
0 634.0 477.0
0 652.0 477.0
0 978.0 477.0
0 750.0 478.0
0 851.0 478.0
0 588.0 479.0
0 599.0 479.0
0 664.0 479.0
0 675.0 479.0
0 1022.0 479.0
0 726.0 481.0
0 731.0 481.0
0 1038.0 481.0
0 527.0 482.0
0 593.0 482.0
0 831.0 482.0
0 624.0 483.0
0 636.0 483.0
0 658.0 483.0
0 845.0 483.0
0 868.0 483.0
0 613.0 484.0
0 716.0 484.0
0 512.0 485.0
0 757.0 485.0
0 800.0 485.0
0 808.0 485.0
0 732.0 486.0
0 900.0 486.0
0 1039.0 486.0
0 563.0 487.0
0 594.0 487.0
0 599.0 487.0
0 816.0 487.0
0 924.0 487.0
0 507.0 488.0
0 795.0 488.0
0 1011.0 488.0
0 553.0 489.0
0 575.0 489.0
0 613.0 489.0
0 618.0 489.0
0 643.0 489.0
0 715.0 489.0
0 764.0 490.0
0 589.0 491.0
0 630.0 491.0
0 710.0 491.0
0 595.0 492.0
0 602.0 492.0
0 607.0 492.0
0 670.0 492.0
0 678.0 492.0
0 743.0 492.0
0 564.0 493.0
0 880.0 494.0
0 732.0 495.0
0 582.0 496.0
0 626.0 496.0
0 637.0 496.0
0 701.0 496.0
0 854.0 496.0
0 598.0 497.0
0 611.0 497.0
0 620.0 497.0
0 745.0 497.0
0 860.0 497.0
0 872.0 497.0
0 496.0 498.0
0 755.0 498.0
0 554.0 499.0
0 572.0 499.0
0 723.0 499.0
0 1014.0 499.0
0 684.0 500.0
0 789.0 500.0
0 838.0 501.0
0 548.0 502.0
0 611.0 502.0
0 650.0 502.0
0 623.0 503.0
0 713.0 503.0
0 494.0 504.0
0 628.0 504.0
0 726.0 504.0
0 594.0 505.0
0 787.0 505.0
0 852.0 505.0
0 583.0 506.0
0 841.0 506.0
0 846.0 508.0
0 490.0 509.0
0 693.0 509.0
0 1036.0 509.0
0 707.0 510.0
0 719.0 510.0
0 730.0 510.0
0 517.0 511.0
0 615.0 511.0
0 627.0 511.0
0 635.0 511.0
0 687.0 511.0
0 714.0 511.0
0 557.0 513.0
0 787.0 513.0
0 604.0 514.0
0 869.0 514.0
0 723.0 515.0
0 733.0 515.0
0 489.0 516.0
0 707.0 516.0
0 1007.0 517.0
0 595.0 518.0
0 863.0 519.0
0 1020.0 519.0
0 510.0 520.0
0 641.0 520.0
0 721.0 520.0
0 726.0 520.0
0 535.0 521.0
0 610.0 521.0
0 698.0 521.0
0 785.0 522.0
0 910.0 523.0
0 601.0 524.0
0 848.0 524.0
0 862.0 524.0
0 1018.0 524.0
0 481.0 525.0
0 713.0 525.0
0 543.0 526.0
0 922.0 526.0
0 530.0 527.0
0 724.0 527.0
0 787.0 527.0
0 993.0 527.0
0 518.0 528.0
0 617.0 529.0
0 633.0 529.0
0 648.0 529.0
0 740.0 529.0
0 748.0 529.0
0 883.0 529.0
0 478.0 530.0
0 704.0 530.0
0 789.0 532.0
0 829.0 532.0
0 977.0 532.0
0 528.0 533.0
0 609.0 533.0
0 948.0 533.0
0 720.0 534.0
0 854.0 535.0
0 475.0 536.0
0 518.0 536.0
0 738.0 537.0
0 1007.0 537.0
0 555.0 538.0
0 624.0 538.0
0 639.0 538.0
0 942.0 538.0
0 729.0 539.0
0 753.0 540.0
0 473.0 541.0
0 872.0 541.0
0 490.0 542.0
0 504.0 542.0
0 615.0 542.0
0 652.0 542.0
0 702.0 542.0
0 915.0 542.0
0 963.0 542.0
0 1032.0 542.0
0 861.0 544.0
0 992.0 544.0
0 1017.0 544.0
0 795.0 546.0
0 851.0 546.0
0 472.0 547.0
0 951.0 547.0
0 1032.0 547.0
0 654.0 548.0
0 934.0 549.0
0 811.0 550.0
0 957.0 550.0
0 714.0 551.0
0 850.0 551.0
0 969.0 551.0
0 471.0 552.0
0 799.0 552.0
0 872.0 552.0
0 886.0 552.0
0 894.0 552.0
0 548.0 555.0
0 570.0 555.0
0 640.0 555.0
0 495.0 556.0
0 848.0 556.0
0 618.0 557.0
0 950.0 557.0
0 755.0 558.0
0 750.0 559.0
0 503.0 560.0
0 644.0 560.0
0 808.0 560.0
0 942.0 560.0
0 967.0 561.0
0 558.0 562.0
0 871.0 562.0
0 1031.0 562.0
0 841.0 564.0
0 606.0 565.0
0 646.0 565.0
0 883.0 565.0
0 930.0 565.0
0 942.0 565.0
0 664.0 566.0
0 493.0 567.0
0 823.0 567.0
0 836.0 567.0
0 957.0 567.0
0 828.0 568.0
0 891.0 568.0
0 925.0 568.0
0 530.0 569.0
0 979.0 569.0
0 585.0 571.0
0 920.0 571.0
0 944.0 571.0
0 650.0 572.0
0 753.0 573.0
0 949.0 573.0
0 954.0 573.0
0 628.0 574.0
0 808.0 574.0
0 1030.0 574.0
0 553.0 575.0
0 982.0 575.0
0 653.0 577.0
0 977.0 577.0
0 558.0 578.0
0 738.0 578.0
0 533.0 579.0
0 915.0 579.0
0 832.0 580.0
0 766.0 581.0
0 493.0 582.0
0 564.0 582.0
0 787.0 582.0
0 656.0 583.0
0 729.0 583.0
0 840.0 583.0
0 501.0 584.0
0 618.0 584.0
0 825.0 584.0
0 913.0 584.0
0 633.0 585.0
0 560.0 587.0
0 988.0 587.0
0 1014.0 587.0
0 658.0 588.0
0 838.0 588.0
0 471.0 589.0
0 979.0 589.0
0 544.0 590.0
0 911.0 590.0
0 571.0 591.0
0 860.0 591.0
0 769.0 592.0
0 582.0 593.0
0 638.0 593.0
0 660.0 593.0
0 683.0 594.0
0 852.0 595.0
0 912.0 595.0
0 554.0 596.0
0 567.0 596.0
0 736.0 598.0
0 869.0 598.0
0 532.0 601.0
0 663.0 601.0
0 642.0 602.0
0 730.0 602.0
0 915.0 602.0
0 500.0 605.0
0 664.0 606.0
0 541.0 607.0
0 917.0 607.0
0 475.0 609.0
0 551.0 609.0
0 976.0 610.0
0 1026.0 611.0
0 542.0 612.0
0 762.0 613.0
0 647.0 615.0
0 925.0 615.0
0 973.0 615.0
0 1182.0 615.0
0 968.0 616.0
0 1012.0 617.0
0 770.0 618.0
0 934.0 618.0
0 634.0 619.0
0 524.0 620.0
0 537.0 620.0
0 648.0 620.0
0 599.0 621.0
0 941.0 621.0
0 834.0 622.0
0 946.0 623.0
0 951.0 623.0
0 671.0 624.0
0 510.0 627.0
0 501.0 628.0
0 964.0 628.0
0 570.0 631.0
0 95.0 632.0
0 832.0 633.0
0 1024.0 634.0
0 483.0 638.0
0 595.0 638.0
0 601.0 638.0
0 615.0 638.0
0 514.0 640.0
0 508.0 641.0
0 590.0 643.0
0 551.0 644.0
0 568.0 646.0
0 606.0 651.0
0 769.0 651.0
0 591.0 652.0
0 748.0 654.0
0 579.0 655.0
0 739.0 655.0
0 768.0 656.0
0 788.0 656.0
0 222.0 657.0
0 599.0 658.0
0 525.0 659.0
0 620.0 659.0
0 729.0 661.0
0 767.0 661.0
0 587.0 664.0
0 612.0 664.0
0 747.0 664.0
0 523.0 665.0
0 738.0 665.0
0 566.0 666.0
0 597.0 666.0
0 765.0 666.0
0 518.0 668.0
0 660.0 668.0
0 722.0 669.0
0 569.0 671.0
0 713.0 671.0
0 695.0 673.0
0 760.0 677.0
0 960.0 677.0
0 599.0 678.0
0 624.0 678.0
0 706.0 679.0
0 532.0 680.0
0 504.0 681.0
0 784.0 681.0
0 587.0 684.0
0 720.0 684.0
0 614.0 685.0
0 755.0 685.0
0 592.0 686.0
0 624.0 686.0
0 543.0 687.0
0 816.0 689.0
0 1021.0 689.0
0 535.0 691.0
0 625.0 691.0
0 736.0 693.0
0 548.0 694.0
0 1020.0 694.0
0 826.0 695.0
0 831.0 696.0
0 1004.0 697.0
0 625.0 698.0
0 540.0 699.0
0 823.0 700.0
0 1018.0 701.0
0 729.0 702.0
0 794.0 703.0
0 558.0 704.0
0 622.0 704.0
0 312.0 705.0
0 724.0 706.0
0 819.0 707.0
0 994.0 707.0
0 550.0 709.0
0 573.0 714.0
0 610.0 716.0
0 558.0 721.0
0 589.0 721.0
0 599.0 721.0
0 571.0 723.0
0 1014.0 723.0
0 611.0 724.0
0 783.0 724.0
0 922.0 724.0
0 939.0 726.0
0 957.0 729.0
0 597.0 730.0
0 917.0 737.0
0 612.0 740.0
0 670.0 740.0
0 642.0 742.0
0 559.0 743.0
0 664.0 743.0
0 965.0 744.0
0 659.0 745.0
0 959.0 745.0
0 575.0 751.0
0 728.0 752.0
0 914.0 752.0
0 581.0 754.0
0 586.0 755.0
0 600.0 755.0
0 923.0 755.0
0 1012.0 755.0
0 968.0 760.0
0 958.0 762.0
0 918.0 766.0
0 20.0 767.0
0 915.0 775.0
0 190.0 776.0
0 1401.0 785.0
0 565.0 786.0
0 1007.0 789.0
0 684.0 798.0
0 531.0 799.0
0 985.0 799.0
0 123.0 807.0
0 776.0 811.0
0 155.0 813.0
0 975.0 813.0
0 45.0 820.0
0 244.0 822.0
0 55.0 824.0
0 199.0 825.0
0 72.0 829.0
0 863.0 830.0
0 253.0 831.0
0 266.0 833.0
0 324.0 839.0
0 607.0 839.0
0 291.0 841.0
0 372.0 844.0
0 50.0 845.0
0 321.0 849.0
0 1202.0 850.0
0 261.0 851.0
0 516.0 853.0
0 271.0 854.0
0 1271.0 860.0
0 939.0 862.0
0 527.0 863.0
0 539.0 866.0
0 1253.0 866.0
0 478.0 867.0
0 590.0 867.0
0 513.0 868.0
0 386.0 869.0
0 888.0 871.0
0 319.0 874.0
0 422.0 875.0
0 331.0 877.0
0 368.0 880.0
0 843.0 880.0
0 878.0 887.0
0 506.0 890.0
0 531.0 890.0
0 561.0 890.0
0 652.0 890.0
0 370.0 891.0
0 314.0 892.0
0 515.0 892.0
0 429.0 893.0
0 595.0 893.0
0 1021.0 893.0
0 397.0 894.0
0 606.0 895.0
0 1083.0 897.0
0 542.0 899.0
0 64.0 902.0
0 452.0 902.0
0 355.0 903.0
0 1357.0 904.0
0 113.0 905.0
0 426.0 907.0
0 56.0 910.0
0 660.0 910.0
0 1389.0 911.0
0 537.0 913.0
0 783.0 921.0
0 573.0 926.0
0 617.0 926.0
0 426.0 927.0
0 801.0 928.0
0 1396.0 928.0
0 337.0 930.0
0 600.0 933.0
0 38.0 934.0
0 314.0 935.0
0 546.0 935.0
0 324.0 937.0
0 358.0 937.0
0 428.0 937.0
0 560.0 937.0
0 586.0 937.0
0 646.0 937.0
0 830.0 938.0
0 743.0 939.0
0 333.0 940.0
0 377.0 940.0
0 843.0 941.0
0 344.0 942.0
0 411.0 942.0
0 499.0 942.0
0 507.0 943.0
0 1237.0 943.0
0 420.0 944.0
0 1030.0 945.0
0 461.0 947.0
0 692.0 948.0
0 910.0 953.0
0 689.0 959.0
0 1033.0 960.0
0 683.0 966.0
0 777.0 967.0
0 1413.0 972.0
0 423.0 975.0
0 1255.0 975.0
0 295.0 976.0
0 800.0 976.0
0 548.0 979.0
0 350.0 983.0
0 453.0 983.0
0 1125.0 984.0
0 409.0 986.0
0 510.0 986.0
0 902.0 986.0
0 938.0 988.0
0 959.0 991.0
0 1229.0 991.0
1 1477.0 51.0
1 1479.0 56.0
1 1470.0 71.0
1 1309.0 87.0
1 1467.0 94.0
1 1460.0 130.0
1 1467.0 138.0
1 1450.0 141.0
1 1459.0 144.0
1 1446.0 153.0
1 1434.0 191.0
1 864.0 237.0
1 848.0 238.0
1 773.0 240.0
1 831.0 250.0
1 854.0 250.0
1 795.0 251.0
1 805.0 251.0
1 836.0 257.0
1 807.0 258.0
1 846.0 260.0
1 757.0 262.0
1 815.0 262.0
1 769.0 263.0
1 833.0 265.0
1 878.0 265.0
1 864.0 266.0
1 799.0 268.0
1 851.0 268.0
1 785.0 269.0
1 882.0 272.0
1 772.0 273.0
1 807.0 273.0
1 988.0 273.0
1 1043.0 273.0
1 812.0 275.0
1 836.0 275.0
1 824.0 276.0
1 795.0 277.0
1 866.0 277.0
1 782.0 278.0
1 1065.0 278.0
1 699.0 282.0
1 706.0 283.0
1 715.0 283.0
1 721.0 284.0
1 980.0 284.0
1 726.0 285.0
1 1056.0 285.0
1 731.0 287.0
1 896.0 288.0
1 1002.0 288.0
1 767.0 289.0
1 737.0 290.0
1 988.0 291.0
1 620.0 293.0
1 723.0 293.0
1 793.0 293.0
1 977.0 293.0
1 1075.0 293.0
1 615.0 294.0
1 704.0 294.0
1 677.0 295.0
1 653.0 296.0
1 712.0 297.0
1 663.0 299.0
1 748.0 299.0
1 993.0 299.0
1 637.0 300.0
1 738.0 300.0
1 1007.0 300.0
1 964.0 301.0
1 1065.0 302.0
1 657.0 305.0
1 684.0 305.0
1 1001.0 305.0
1 1076.0 305.0
1 700.0 306.0
1 907.0 306.0
1 937.0 306.0
1 946.0 306.0
1 645.0 307.0
1 761.0 307.0
1 969.0 307.0
1 586.0 308.0
1 917.0 308.0
1 1038.0 308.0
1 658.0 310.0
1 1075.0 310.0
1 981.0 311.0
1 1015.0 311.0
1 627.0 312.0
1 668.0 312.0
1 912.0 312.0
1 1000.0 312.0
1 696.0 313.0
1 1024.0 313.0
1 1037.0 313.0
1 609.0 314.0
1 565.0 315.0
1 685.0 316.0
1 939.0 316.0
1 545.0 317.0
1 668.0 317.0
1 926.0 317.0
1 973.0 317.0
1 540.0 318.0
1 914.0 318.0
1 578.0 319.0
1 741.0 319.0
1 751.0 319.0
1 951.0 319.0
1 1087.0 319.0
1 533.0 320.0
1 596.0 320.0
1 699.0 320.0
1 963.0 320.0
1 643.0 321.0
1 784.0 321.0
1 528.0 323.0
1 585.0 323.0
1 1066.0 323.0
1 523.0 324.0
1 983.0 324.0
1 1006.0 324.0
1 1088.0 324.0
1 660.0 325.0
1 699.0 325.0
1 708.0 325.0
1 727.0 325.0
1 1011.0 325.0
1 682.0 326.0
1 1023.0 326.0
1 988.0 327.0
1 591.0 329.0
1 668.0 329.0
1 718.0 329.0
1 951.0 330.0
1 674.0 331.0
1 697.0 331.0
1 708.0 331.0
1 996.0 331.0
1 1070.0 331.0
1 519.0 332.0
1 643.0 332.0
1 923.0 332.0
1 940.0 332.0
1 979.0 332.0
1 624.0 333.0
1 741.0 333.0
1 594.0 334.0
1 613.0 334.0
1 962.0 334.0
1 967.0 334.0
1 582.0 335.0
1 1012.0 335.0
1 1063.0 335.0
1 1017.0 336.0
1 1027.0 337.0
1 1051.0 337.0
1 661.0 338.0
1 1036.0 338.0
1 1041.0 338.0
1 1046.0 338.0
1 527.0 339.0
1 635.0 339.0
1 651.0 339.0
1 728.0 339.0
1 993.0 341.0
1 613.0 342.0
1 533.0 343.0
1 567.0 343.0
1 719.0 343.0
1 560.0 344.0
1 572.0 344.0
1 659.0 344.0
1 544.0 345.0
1 698.0 345.0
1 709.0 345.0
1 942.0 345.0
1 1065.0 345.0
1 596.0 346.0
1 644.0 346.0
1 685.0 346.0
1 742.0 346.0
1 954.0 346.0
1 577.0 347.0
1 968.0 347.0
1 1104.0 347.0
1 654.0 348.0
1 1009.0 348.0
1 1014.0 348.0
1 1050.0 348.0
1 659.0 349.0
1 667.0 349.0
1 1032.0 349.0
1 519.0 352.0
1 634.0 352.0
1 499.0 353.0
1 616.0 353.0
1 654.0 353.0
1 686.0 353.0
1 980.0 353.0
1 606.0 354.0
1 611.0 354.0
1 711.0 354.0
1 716.0 354.0
1 569.0 355.0
1 1077.0 357.0
1 498.0 358.0
1 652.0 358.0
1 938.0 358.0
1 545.0 359.0
1 590.0 359.0
1 1106.0 359.0
1 521.0 362.0
1 647.0 362.0
1 1008.0 362.0
1 1013.0 362.0
1 498.0 363.0
1 579.0 364.0
1 738.0 364.0
1 795.0 366.0
1 945.0 366.0
1 574.0 367.0
1 771.0 368.0
1 688.0 369.0
1 1076.0 369.0
1 633.0 370.0
1 1060.0 370.0
1 648.0 371.0
1 945.0 371.0
1 546.0 372.0
1 940.0 373.0
1 1010.0 373.0
1 591.0 374.0
1 967.0 375.0
1 732.0 376.0
1 950.0 376.0
1 572.0 377.0
1 682.0 377.0
1 766.0 377.0
1 577.0 378.0
1 671.0 378.0
1 652.0 380.0
1 977.0 380.0
1 1031.0 381.0
1 1069.0 381.0
1 1052.0 383.0
1 773.0 384.0
1 1013.0 384.0
1 486.0 385.0
1 1034.0 386.0
1 592.0 388.0
1 981.0 388.0
1 733.0 389.0
1 972.0 389.0
1 483.0 390.0
1 713.0 390.0
1 934.0 390.0
1 963.0 390.0
1 686.0 391.0
1 897.0 391.0
1 907.0 391.0
1 912.0 391.0
1 1037.0 391.0
1 525.0 392.0
1 889.0 392.0
1 921.0 392.0
1 1075.0 392.0
1 864.0 393.0
1 650.0 394.0
1 851.0 394.0
1 856.0 394.0
1 877.0 394.0
1 837.0 395.0
1 846.0 395.0
1 488.0 396.0
1 618.0 396.0
1 623.0 396.0
1 811.0 396.0
1 821.0 396.0
1 830.0 396.0
1 525.0 397.0
1 785.0 398.0
1 792.0 399.0
1 801.0 399.0
1 936.0 400.0
1 957.0 400.0
1 1080.0 400.0
1 709.0 401.0
1 825.0 401.0
1 830.0 401.0
1 963.0 401.0
1 979.0 401.0
1 481.0 402.0
1 775.0 402.0
1 873.0 402.0
1 886.0 402.0
1 526.0 403.0
1 844.0 403.0
1 857.0 403.0
1 1058.0 403.0
1 1097.0 403.0
1 897.0 404.0
1 931.0 404.0
1 735.0 405.0
1 910.0 405.0
1 801.0 406.0
1 1016.0 406.0
1 782.0 407.0
1 892.0 407.0
1 1030.0 408.0
1 1080.0 408.0
1 810.0 410.0
1 863.0 410.0
1 873.0 410.0
1 191.0 411.0
1 600.0 411.0
1 644.0 411.0
1 744.0 411.0
1 839.0 411.0
1 844.0 411.0
1 852.0 411.0
1 777.0 412.0
1 802.0 412.0
1 820.0 412.0
1 828.0 412.0
1 973.0 412.0
1 1006.0 412.0
1 588.0 413.0
1 611.0 413.0
1 636.0 413.0
1 950.0 413.0
1 794.0 414.0
1 940.0 414.0
1 595.0 415.0
1 664.0 415.0
1 718.0 415.0
1 754.0 415.0
1 789.0 415.0
1 1036.0 415.0
1 1041.0 415.0
1 1048.0 415.0
1 1056.0 415.0
1 631.0 416.0
1 707.0 416.0
1 698.0 417.0
1 1093.0 417.0
1 575.0 418.0
1 676.0 419.0
1 738.0 419.0
1 1001.0 419.0
1 1063.0 419.0
1 1078.0 419.0
1 595.0 420.0
1 582.0 421.0
1 600.0 421.0
1 662.0 421.0
1 911.0 421.0
1 608.0 422.0
1 724.0 422.0
1 1093.0 422.0
1 616.0 423.0
1 1022.0 423.0
1 561.0 424.0
1 566.0 424.0
1 573.0 424.0
1 1072.0 424.0
1 548.0 425.0
1 626.0 425.0
1 754.0 425.0
1 1017.0 426.0
1 485.0 427.0
1 600.0 427.0
1 669.0 428.0
1 772.0 428.0
1 932.0 429.0
1 996.0 429.0
1 509.0 430.0
1 614.0 430.0
1 649.0 430.0
1 678.0 430.0
1 853.0 430.0
1 962.0 430.0
1 717.0 431.0
1 1046.0 431.0
1 1075.0 431.0
1 596.0 432.0
1 1106.0 432.0
1 530.0 433.0
1 543.0 433.0
1 1011.0 433.0
1 488.0 434.0
1 503.0 434.0
1 591.0 434.0
1 737.0 434.0
1 1089.0 434.0
1 584.0 435.0
1 604.0 435.0
1 609.0 435.0
1 727.0 435.0
1 563.0 436.0
1 575.0 436.0
1 691.0 437.0
1 703.0 437.0
1 859.0 437.0
1 992.0 437.0
1 545.0 438.0
1 489.0 439.0
1 551.0 439.0
1 671.0 439.0
1 716.0 439.0
1 726.0 440.0
1 532.0 441.0
1 627.0 441.0
1 654.0 441.0
1 772.0 441.0
1 984.0 441.0
1 1005.0 441.0
1 1096.0 441.0
1 496.0 442.0
1 502.0 442.0
1 646.0 442.0
1 911.0 442.0
1 1088.0 442.0
1 991.0 443.0
1 1077.0 443.0
1 1105.0 443.0
1 746.0 444.0
1 867.0 444.0
1 882.0 444.0
1 665.0 445.0
1 944.0 445.0
1 525.0 446.0
1 736.0 446.0
1 754.0 446.0
1 537.0 447.0
1 544.0 447.0
1 873.0 447.0
1 906.0 447.0
1 508.0 448.0
1 829.0 448.0
1 1002.0 448.0
1 1076.0 448.0
1 635.0 449.0
1 1104.0 449.0
1 791.0 450.0
1 848.0 450.0
1 887.0 450.0
1 698.0 451.0
1 817.0 451.0
1 655.0 452.0
1 682.0 452.0
1 687.0 452.0
1 642.0 453.0
1 647.0 453.0
1 909.0 453.0
1 933.0 453.0
1 502.0 454.0
1 993.0 454.0
1 715.0 455.0
1 875.0 455.0
1 880.0 455.0
1 1003.0 455.0
1 1073.0 455.0
1 624.0 456.0
1 806.0 456.0
1 862.0 456.0
1 894.0 456.0
1 938.0 456.0
1 538.0 457.0
1 612.0 457.0
1 724.0 457.0
1 742.0 457.0
1 782.0 457.0
1 533.0 458.0
1 591.0 458.0
1 494.0 459.0
1 811.0 459.0
1 819.0 459.0
1 945.0 459.0
1 568.0 460.0
1 1071.0 460.0
1 505.0 461.0
1 550.0 461.0
1 772.0 461.0
1 831.0 461.0
1 915.0 461.0
1 858.0 463.0
1 954.0 463.0
1 1005.0 463.0
1 1084.0 463.0
1 767.0 464.0
1 871.0 464.0
1 883.0 464.0
1 1096.0 464.0
1 1067.0 465.0
1 895.0 466.0
1 661.0 468.0
1 847.0 468.0
1 979.0 468.0
1 533.0 469.0
1 758.0 469.0
1 939.0 469.0
1 916.0 470.0
1 801.0 471.0
1 904.0 471.0
1 925.0 471.0
1 711.0 472.0
1 796.0 472.0
1 964.0 472.0
1 1010.0 472.0
1 1056.0 472.0
1 1075.0 472.0
1 827.0 474.0
1 738.0 475.0
1 764.0 475.0
1 684.0 476.0
1 750.0 476.0
1 950.0 476.0
1 1015.0 476.0
1 1047.0 476.0
1 528.0 477.0
1 649.0 478.0
1 804.0 478.0
1 815.0 478.0
1 1040.0 478.0
1 1068.0 478.0
1 496.0 479.0
1 1029.0 479.0
1 1035.0 479.0
1 635.0 480.0
1 796.0 481.0
1 743.0 482.0
1 842.0 482.0
1 1079.0 482.0
1 610.0 483.0
1 730.0 483.0
1 959.0 483.0
1 285.0 484.0
1 695.0 485.0
1 718.0 485.0
1 831.0 485.0
1 975.0 485.0
1 678.0 486.0
1 849.0 486.0
1 656.0 487.0
1 665.0 487.0
1 1059.0 487.0
1 527.0 488.0
1 708.0 488.0
1 792.0 488.0
1 820.0 488.0
1 643.0 489.0
1 768.0 489.0
1 801.0 489.0
1 839.0 490.0
1 1026.0 490.0
1 1040.0 490.0
1 541.0 491.0
1 990.0 491.0
1 616.0 492.0
1 723.0 492.0
1 809.0 492.0
1 1021.0 492.0
1 791.0 493.0
1 828.0 493.0
1 734.0 494.0
1 387.0 495.0
1 937.0 495.0
1 635.0 496.0
1 776.0 496.0
1 883.0 496.0
1 888.0 496.0
1 798.0 497.0
1 816.0 497.0
1 878.0 497.0
1 981.0 497.0
1 611.0 498.0
1 622.0 498.0
1 835.0 498.0
1 866.0 498.0
1 861.0 499.0
1 954.0 499.0
1 676.0 500.0
1 856.0 500.0
1 905.0 500.0
1 768.0 501.0
1 824.0 501.0
1 454.0 502.0
1 788.0 502.0
1 806.0 502.0
1 628.0 503.0
1 843.0 504.0
1 934.0 504.0
1 612.0 505.0
1 981.0 505.0
1 500.0 506.0
1 813.0 506.0
1 796.0 507.0
1 943.0 507.0
1 691.0 508.0
1 759.0 508.0
1 779.0 508.0
1 831.0 508.0
1 864.0 508.0
1 713.0 509.0
1 773.0 509.0
1 801.0 509.0
1 612.0 510.0
1 744.0 510.0
1 952.0 510.0
1 677.0 511.0
1 785.0 511.0
1 821.0 512.0
1 651.0 513.0
1 768.0 513.0
1 915.0 513.0
1 960.0 513.0
1 343.0 514.0
1 665.0 514.0
1 751.0 514.0
1 604.0 515.0
1 625.0 515.0
1 636.0 515.0
1 810.0 515.0
1 881.0 515.0
1 900.0 515.0
1 869.0 516.0
1 927.0 516.0
1 969.0 516.0
1 613.0 517.0
1 889.0 517.0
1 738.0 518.0
1 776.0 518.0
1 851.0 519.0
1 799.0 520.0
1 1298.0 520.0
1 760.0 521.0
1 946.0 521.0
1 614.0 522.0
1 690.0 522.0
1 837.0 522.0
1 904.0 523.0
1 918.0 523.0
1 714.0 524.0
1 746.0 524.0
1 766.0 524.0
1 885.0 524.0
1 955.0 524.0
1 652.0 525.0
1 783.0 525.0
1 790.0 525.0
1 870.0 525.0
1 677.0 526.0
1 934.0 526.0
1 1069.0 526.0
1 539.0 527.0
1 752.0 527.0
1 772.0 527.0
1 823.0 527.0
1 735.0 528.0
1 965.0 529.0
1 503.0 530.0
1 950.0 530.0
1 758.0 531.0
1 779.0 531.0
1 838.0 531.0
1 849.0 532.0
1 958.0 532.0
1 744.0 534.0
1 973.0 534.0
1 764.0 535.0
1 1321.0 535.0
1 770.0 536.0
1 826.0 536.0
1 730.0 537.0
1 890.0 537.0
1 751.0 538.0
1 802.0 538.0
1 924.0 538.0
1 693.0 539.0
1 680.0 540.0
1 865.0 540.0
1 666.0 541.0
1 976.0 541.0
1 653.0 542.0
1 658.0 542.0
1 725.0 544.0
1 760.0 544.0
1 794.0 544.0
1 905.0 544.0
1 613.0 546.0
1 618.0 546.0
1 805.0 546.0
1 861.0 548.0
1 984.0 549.0
1 694.0 550.0
1 733.0 551.0
1 753.0 551.0
1 721.0 554.0
1 1010.0 556.0
1 508.0 557.0
1 780.0 558.0
1 746.0 560.0
1 824.0 560.0
1 906.0 560.0
1 920.0 560.0
1 1303.0 561.0
1 509.0 562.0
1 713.0 562.0
1 718.0 563.0
1 756.0 565.0
1 509.0 567.0
1 1060.0 567.0
1 739.0 568.0
1 772.0 568.0
1 846.0 569.0
1 897.0 570.0
1 918.0 570.0
1 1058.0 572.0
1 749.0 573.0
1 863.0 573.0
1 928.0 575.0
1 733.0 576.0
1 943.0 576.0
1 957.0 576.0
1 510.0 577.0
1 874.0 577.0
1 1035.0 577.0
1 860.0 578.0
1 900.0 578.0
1 761.0 579.0
1 850.0 579.0
1 1014.0 579.0
1 909.0 580.0
1 840.0 581.0
1 1056.0 581.0
1 707.0 583.0
1 958.0 583.0
1 514.0 584.0
1 729.0 584.0
1 945.0 584.0
1 707.0 588.0
1 829.0 588.0
1 966.0 589.0
1 408.0 592.0
1 933.0 592.0
1 706.0 593.0
1 958.0 593.0
1 687.0 594.0
1 1019.0 594.0
1 811.0 596.0
1 974.0 597.0
1 613.0 600.0
1 625.0 600.0
1 706.0 600.0
1 768.0 600.0
1 790.0 600.0
1 1053.0 600.0
1 967.0 601.0
1 978.0 602.0
1 146.0 603.0
1 904.0 604.0
1 562.0 605.0
1 706.0 605.0
1 728.0 605.0
1 801.0 605.0
1 814.0 605.0
1 891.0 605.0
1 552.0 606.0
1 931.0 608.0
1 942.0 608.0
1 519.0 609.0
1 978.0 609.0
1 1159.0 609.0
1 902.0 610.0
1 1021.0 611.0
1 821.0 612.0
1 884.0 614.0
1 1021.0 616.0
1 555.0 618.0
1 831.0 618.0
1 707.0 619.0
1 523.0 621.0
1 802.0 621.0
1 838.0 622.0
1 846.0 623.0
1 866.0 623.0
1 853.0 624.0
1 861.0 624.0
1 786.0 625.0
1 924.0 625.0
1 527.0 628.0
1 777.0 628.0
1 890.0 628.0
1 751.0 629.0
1 797.0 629.0
1 951.0 629.0
1 831.0 631.0
1 983.0 631.0
1 559.0 632.0
1 988.0 632.0
1 1019.0 632.0
1 72.0 634.0
1 709.0 636.0
1 781.0 636.0
1 874.0 637.0
1 1018.0 637.0
1 773.0 638.0
1 528.0 642.0
1 1016.0 642.0
1 917.0 645.0
1 1099.0 645.0
1 977.0 646.0
1 559.0 647.0
1 963.0 647.0
1 987.0 648.0
1 1015.0 648.0
1 713.0 651.0
1 775.0 651.0
1 941.0 653.0
1 1013.0 653.0
1 768.0 654.0
1 1252.0 655.0
1 716.0 656.0
1 741.0 657.0
1 798.0 657.0
1 914.0 657.0
1 984.0 659.0
1 974.0 660.0
1 1043.0 663.0
1 969.0 666.0
1 980.0 667.0
1 875.0 669.0
1 852.0 670.0
1 906.0 670.0
1 721.0 671.0
1 770.0 672.0
1 976.0 674.0
1 746.0 675.0
1 722.0 676.0
1 965.0 676.0
1 1003.0 677.0
1 817.0 680.0
1 959.0 680.0
1 735.0 681.0
1 968.0 681.0
1 847.0 684.0
1 853.0 684.0
1 858.0 684.0
1 906.0 684.0
1 769.0 685.0
1 956.0 685.0
1 968.0 686.0
1 727.0 688.0
1 779.0 689.0
1 771.0 690.0
1 963.0 690.0
1 1310.0 690.0
1 948.0 692.0
1 994.0 693.0
1 771.0 695.0
1 747.0 697.0
1 355.0 698.0
1 716.0 698.0
1 784.0 698.0
1 940.0 698.0
1 955.0 699.0
1 1414.0 700.0
1 735.0 702.0
1 778.0 702.0
1 985.0 703.0
1 948.0 704.0
1 739.0 707.0
1 1276.0 707.0
1 1484.0 710.0
1 920.0 711.0
1 1432.0 711.0
1 871.0 712.0
1 1255.0 712.0
1 744.0 713.0
1 283.0 714.0
1 799.0 714.0
1 909.0 716.0
1 940.0 716.0
1 904.0 718.0
1 924.0 718.0
1 899.0 719.0
1 752.0 720.0
1 795.0 720.0
1 800.0 721.0
1 805.0 721.0
1 819.0 721.0
1 864.0 721.0
1 1422.0 722.0
1 1444.0 722.0
1 828.0 723.0
1 886.0 723.0
1 914.0 723.0
1 833.0 724.0
1 1324.0 724.0
1 838.0 725.0
1 760.0 726.0
1 906.0 726.0
1 850.0 727.0
1 901.0 727.0
1 813.0 728.0
1 896.0 728.0
1 1432.0 728.0
1 877.0 729.0
1 1383.0 729.0
1 819.0 730.0
1 1185.0 730.0
1 888.0 731.0
1 717.0 733.0
1 830.0 733.0
1 837.0 733.0
1 844.0 734.0
1 1379.0 734.0
1 772.0 735.0
1 1418.0 735.0
1 1386.0 740.0
1 321.0 743.0
1 783.0 743.0
1 927.0 743.0
1 1369.0 743.0
1 1307.0 745.0
1 1380.0 747.0
1 866.0 750.0
1 803.0 751.0
1 904.0 751.0
1 1314.0 751.0
1 1373.0 754.0
1 468.0 755.0
1 1185.0 759.0
1 1402.0 759.0
1 1392.0 760.0
1 1298.0 761.0
1 1287.0 766.0
1 323.0 770.0
1 1384.0 772.0
1 1193.0 773.0
1 1168.0 775.0
1 1218.0 778.0
1 1297.0 778.0
1 1405.0 780.0
1 1177.0 783.0
1 1394.0 783.0
1 1306.0 788.0
1 1203.0 790.0
1 1315.0 790.0
1 1096.0 791.0
1 565.0 792.0
1 1268.0 792.0
1 1323.0 794.0
1 213.0 796.0
1 1196.0 796.0
1 1396.0 796.0
1 1259.0 799.0
1 1294.0 800.0
1 899.0 801.0
1 1111.0 802.0
1 310.0 803.0
1 1163.0 803.0
1 984.0 804.0
1 543.0 805.0
1 1267.0 805.0
1 1288.0 805.0
1 902.0 806.0
1 1044.0 806.0
1 184.0 807.0
1 1193.0 807.0
1 1239.0 808.0
1 1260.0 809.0
1 443.0 810.0
1 233.0 811.0
1 902.0 811.0
1 1247.0 812.0
1 1275.0 812.0
1 149.0 814.0
1 200.0 815.0
1 129.0 816.0
1 1309.0 816.0
1 1329.0 817.0
1 1352.0 817.0
1 1179.0 818.0
1 1256.0 818.0
1 1031.0 819.0
1 1295.0 819.0
1 1234.0 820.0
1 1223.0 821.0
1 118.0 823.0
1 1168.0 823.0
1 1246.0 825.0
1 1276.0 825.0
1 1261.0 826.0
1 80.0 828.0
1 1067.0 828.0
1 1285.0 828.0
1 1296.0 830.0
1 61.0 831.0
1 120.0 832.0
1 1115.0 833.0
1 1272.0 833.0
1 895.0 834.0
1 1252.0 834.0
1 428.0 837.0
1 326.0 838.0
1 848.0 838.0
1 1020.0 839.0
1 1093.0 839.0
1 1245.0 839.0
1 641.0 840.0
1 1176.0 840.0
1 82.0 842.0
1 1135.0 842.0
1 1187.0 842.0
1 808.0 846.0
1 1117.0 846.0
1 71.0 847.0
1 1050.0 847.0
1 1261.0 848.0
1 1293.0 848.0
1 879.0 850.0
1 1229.0 850.0
1 46.0 851.0
1 848.0 853.0
1 874.0 853.0
1 386.0 854.0
1 867.0 856.0
1 1197.0 856.0
1 129.0 857.0
1 1098.0 858.0
1 1180.0 858.0
1 124.0 859.0
1 1217.0 860.0
1 1304.0 860.0
1 1260.0 861.0
1 310.0 863.0
1 323.0 863.0
1 1231.0 863.0
1 297.0 864.0
1 282.0 865.0
1 1296.0 868.0
1 563.0 869.0
1 1159.0 869.0
1 532.0 870.0
1 790.0 870.0
1 1184.0 870.0
1 1249.0 871.0
1 1260.0 871.0
1 1199.0 872.0
1 562.0 874.0
1 591.0 874.0
1 1070.0 874.0
1 1178.0 874.0
1 1035.0 877.0
1 1230.0 877.0
1 1241.0 878.0
1 1098.0 879.0
1 1212.0 879.0
1 362.0 880.0
1 1047.0 880.0
1 369.0 881.0
1 508.0 882.0
1 1263.0 882.0
1 1058.0 884.0
1 1251.0 884.0
1 1039.0 885.0
1 559.0 886.0
1 1142.0 886.0
1 1173.0 887.0
1 1286.0 887.0
1 1237.0 888.0
1 1185.0 889.0
1 1257.0 890.0
1 1007.0 893.0
1 1175.0 893.0
1 288.0 895.0
1 1036.0 896.0
1 316.0 898.0
1 482.0 898.0
1 1152.0 899.0
1 1229.0 899.0
1 367.0 901.0
1 1192.0 904.0
1 1212.0 911.0
1 1158.0 912.0
1 1062.0 914.0
1 521.0 915.0
1 962.0 916.0
1 283.0 917.0
1 443.0 917.0
1 583.0 919.0
1 1260.0 919.0
1 475.0 920.0
1 1160.0 924.0
1 1165.0 924.0
1 1146.0 925.0
1 894.0 926.0
1 522.0 927.0
1 444.0 929.0
1 473.0 929.0
1 494.0 930.0
1 1138.0 930.0
1 1153.0 932.0
1 1129.0 938.0
1 1170.0 938.0
1 1082.0 939.0
1 561.0 940.0
1 1145.0 940.0
1 516.0 942.0
1 438.0 943.0
1 1207.0 943.0
1 554.0 944.0
1 1112.0 947.0
1 398.0 951.0
1 1215.0 951.0
1 152.0 952.0
1 524.0 952.0
1 892.0 952.0
1 1266.0 952.0
1 1288.0 952.0
1 1479.0 954.0
1 471.0 956.0
1 1192.0 956.0
1 564.0 958.0
1 1055.0 958.0
1 398.0 959.0
1 464.0 961.0
1 422.0 964.0
1 1133.0 968.0
1 490.0 969.0
1 1118.0 969.0
1 367.0 970.0
1 1164.0 970.0
1 338.0 975.0
1 575.0 975.0
1 1038.0 977.0
1 421.0 978.0
1 415.0 983.0
1 460.0 987.0
1 316.0 988.0
1 1027.0 989.0
1 490.0 990.0
1 1432.0 990.0
1 135.0 991.0
1 210.0 991.0
1 1314.0 991.0
