0 536 1 221.06473244653392
0 629 2 196.29098239581427
0 135 3 471.0011058992782
0 179 4 129.55162064079698
0 375 5 224.64645285246908
0 103 9 471.09140198360143
0 393 12 289.8539717663372
0 737 13 294.7829173240936
0 320 14 411.2417037889416
0 414 17 419.22958902685616
0 612 20 383.01137992815177
0 106 21 115.46578042871616
0 139 22 184.52495965733814
0 57 24 175.83316092955087
0 449 27 450.4531960735604
0 80 32 135.51060760503816
0 252 34 174.58115682018519
0 374 36 318.9412586848923
0 129 37 306.95457123515746
0 540 38 148.99607670326202
0 210 39 247.65986436231947
0 278 43 259.8702570648654
0 89 45 286.8507951385597
0 562 47 335.7689830265431
0 438 48 317.36201541296066
0 120 49 291.05284674105934
0 119 50 443.21377762364574
0 108 55 329.5344033651871
0 206 68 280.6056602101045
0 660 69 386.9918260360698
0 203 71 176.37343379526732
0 497 73 160.51389809349982
0 350 76 204.94103455594592
0 772 78 189.0805553714776
0 150 84 125.01305664351602
0 157 85 282.32738633784936
0 201 89 267.13831781296193
0 618 92 442.96066428194763
0 789 94 173.7811471272514
0 364 95 276.8751190797705
0 507 96 248.45494762846832
0 192 98 409.88071725636803
0 391 99 280.9122523432564
0 127 100 295.96516487051446
0 133 101 285.9958286774589
0 689 105 345.26608061160516
0 542 106 186.80178900744025
0 741 113 121.04652052912313
0 795 118 210.19421948907691
0 256 121 334.26508751009885
0 472 122 181.18440829802458
0 361 125 314.3833643740044
0 787 127 214.47958241898584
0 149 130 463.00776480822003
0 818 133 122.9686088498585
0 792 136 114.74397690787532
0 492 137 212.6380427970218
0 76 139 224.2290712983668
0 193 141 392.34074297533897
0 98 148 383.3333371414079
0 184 150 174.58915051197553
0 421 151 196.00682562755372
0 251 152 419.96225594951903
0 659 155 393.3991764915539
0 176 158 131.14437530211987
0 798 159 240.4922566704672
0 367 163 210.2365077004066
0 514 167 322.16333050033467
0 771 168 396.5175351045971
0 34 169 467.73477323644767
0 69 179 437.6505586448633
0 496 180 209.29030144613284
0 596 181 493.74991492951824
0 620 182 420.54982478047344
0 285 184 452.68009228867226
0 160 186 183.90885639585593
0 822 188 128.3396194228884
0 434 208 178.50948784279538
0 122 214 269.54358201087655
0 88 220 259.46289691226576
0 236 224 238.41146145111657
0 64 225 183.5927311915077
0 801 226 357.5323065821901
0 552 233 272.9800719140364
0 777 238 210.47283643841692
0 79 243 438.43886205974235
0 524 245 116.08730549727933
0 215 246 191.56112024989744
0 114 265 453.3056171197469
0 258 269 423.94402605944845
0 10 270 439.0891340513204
0 40 271 432.5253760894687
0 162 272 250.23578717956713
0 199 274 254.96668774011573
0 173 275 264.4839806935643
0 626 278 333.5750264737098
0 118 284 189.8821516697123
0 685 285 421.3804698054214
0 185 288 329.68340621436477
0 292 290 314.3269962889021
0 563 292 290.2653115705492
0 71 293 253.16665121208555
0 134 294 357.29950052826484
0 21 299 244.19512419484474
0 293 305 333.55340642771426
0 785 307 107.3903820243476
0 144 308 152.70836545625963
0 48 311 215.08218611811523
0 117 317 239.14606979890723
0 805 322 278.40154072202756
0 164 324 238.7518407434583
0 66 325 148.43650866467166
0 55 326 198.63605080101615
0 451 328 225.99611553550739
0 696 331 313.98245411455446
0 85 332 183.39234635117657
0 240 333 140.72904710122194
0 291 336 277.16861785222443
0 440 338 198.22974386192226
0 265 343 299.8425476047756
0 187 347 435.2003751956359
0 263 349 307.5150884733732
0 816 355 129.8946772669434
0 484 357 275.90459056932195
0 16 359 441.8177470613454
0 780 362 258.9674806047014
0 171 364 306.57396899452726
0 774 367 447.64946699061267
0 180 370 201.200543883268
0 147 376 371.7123806966399
0 128 379 247.89451948429976
0 405 381 376.7041872858304
0 614 382 385.98042009138305
0 410 385 272.40894360775565
0 56 386 440.1867745871695
0 137 389 169.39828186695362
0 754 392 119.49603621145532
0 523 393 495.8672888597401
0 303 394 398.3409835170347
0 433 396 393.59548139342786
0 46 397 180.43757888732202
0 504 399 211.3302518251515
0 516 401 478.1455362566705
0 475 407 138.08213892627518
0 5 408 495.34118964204924
0 648 411 428.18687511955426
0 151 421 358.34196408681004
0 90 422 260.16606714902554
0 208 423 302.0628573244438
0 42 425 223.71258909485508
0 809 429 220.47983874703564
0 243 431 313.8247007555302
0 566 434 380.63615354842165
0 806 435 122.51058691213548
0 594 437 206.48203969679025
0 568 441 112.61045693804586
0 443 442 369.88907549315246
0 603 443 355.8525397621968
0 663 445 402.4154932647482
0 333 446 274.32853775549756
0 86 448 131.01055809529328
0 486 449 166.58935889292434
0 20 453 137.11776881033865
0 33 470 376.10616651938255
0 836 473 207.6572260399081
0 216 479 195.77145176250966
0 395 480 271.89299964354717
0 51 481 314.2961113826949
0 49 486 143.9054794112826
0 506 495 234.07703026108106
0 427 497 422.21793558799385
0 579 502 419.2115715596459
0 312 504 240.54064962057305
0 684 505 406.1100414056499
0 697 508 439.7449396859063
0 727 509 405.1711362329652
0 574 511 154.64982823922787
0 247 512 350.87789451713553
0 26 513 363.2568195030697
0 745 514 336.336223638557
0 183 516 231.8484371679063
0 559 522 243.77374391372638
0 242 526 426.78239357685123
0 223 529 376.49914387212164
0 834 530 261.88172953976795
0 145 536 182.1381222547187
0 239 540 176.1550808332153
0 158 544 440.1741573844384
0 779 555 158.72331222536926
0 721 557 133.74767447301807
0 399 560 240.5363043206012
0 37 566 204.2117693942388
0 602 570 205.44298739671194
0 92 571 339.5419854743797
0 820 574 146.76384080146704
0 679 577 126.76339154838993
0 628 578 465.9997015496019
0 62 579 333.3272935054366
0 52 580 337.26352079726405
0 335 586 293.3696976278138
0 577 589 286.370545435242
0 78 590 252.4542155188201
0 479 594 286.24329240552254
0 430 604 297.095761193829
0 165 606 404.5665003501058
0 190 607 439.3387901474628
0 400 610 202.84337361050996
0 455 611 183.8071663384686
0 152 612 234.224854780575
0 326 613 338.76249595911236
0 609 617 182.92544801820048
0 39 619 310.95101745858966
0 768 621 225.31069968298172
0 121 623 395.9665600550008
0 495 624 407.95037060830435
0 411 626 218.6495485271418
0 828 631 119.22135959916784
0 722 634 170.30294694304715
0 812 636 319.0866900607307
0 533 637 273.601936079374
0 529 639 397.12150383955714
0 526 640 233.40071961397072
0 703 641 380.52655423998584
0 186 643 369.05259828205885
0 478 648 332.8301566386432
0 435 649 220.57762800785744
0 387 652 364.4008201030591
0 346 654 356.88299676603543
0 44 656 288.85834157468037
0 654 658 497.8811611518217
0 38 664 146.19954058886887
0 228 667 217.2268782981917
0 384 668 487.7416691498717
0 683 669 476.5740062152381
0 342 671 412.0665391578215
0 198 672 189.66242851151333
0 182 675 214.4380643433726
0 175 676 214.66314524864143
0 91 678 206.6975832266769
0 308 680 328.72930136174904
0 551 685 234.0589551160727
0 282 686 221.77021295720434
0 248 691 293.23179327887897
0 41 692 186.3630067362856
0 318 693 455.3042485944932
0 767 694 313.5072964674403
0 32 696 296.9685769977195
0 8 698 313.069907907092
0 273 699 430.34924801752874
0 691 705 292.9061989445945
0 172 706 200.01344771200533
0 457 711 301.42286035778073
0 790 717 144.87261011195554
0 448 719 381.8133819805156
0 613 722 438.69483364843063
0 132 724 248.15518218618692
0 518 727 282.5978114069204
0 652 731 172.7462678606602
0 385 737 411.23230410356246
0 402 740 332.993688246141
0 761 743 350.32154852784674
0 687 744 436.1302072495153
0 99 745 165.90555658288594
0 341 750 392.23709266210227
0 531 751 129.44115271429055
0 450 752 120.91031895064137
0 409 759 329.3685283460993
0 70 761 317.6278538832236
0 294 765 239.5788880838134
0 379 766 249.8032510185862
0 458 768 316.134961152098
0 765 777 148.016736254017
0 698 785 356.78156421937626
0 707 796 258.9235373620527
0 510 797 454.8676611611678
0 267 799 374.2692062302294
0 262 800 496.1359661784944
0 489 802 255.37065255593402
0 366 803 235.9932554932747
0 751 806 148.34013618434153
0 178 810 201.3531545081427
0 532 813 417.381733931713
0 709 814 292.6967628524666
0 229 816 295.0149325538114
0 445 817 431.79134480155216
0 372 821 341.9874316089999
0 352 826 346.60224882609805
0 469 832 220.83590255624435
0 556 835 429.2642263585489
0 509 837 213.2185947300088
0 163 838 292.26666982557515
0 476 842 307.19793751384725
0 763 843 112.94068734667928
0 753 847 156.80927836882316
0 310 853 244.42416465325638
0 250 855 486.769093244298
0 297 859 398.17119384673583
0 125 864 200.9353427567047
0 323 865 333.3501758078154
0 803 869 297.1076516587352
0 316 871 317.5984813320299
0 200 883 362.0974706704717
0 412 884 265.1312419888396
0 728 887 141.93103240574445
0 197 890 224.09097198959017
0 467 891 258.3049626723573
0 617 901 265.47609836018364
0 677 905 324.4053434829629
0 505 907 387.2956563863544
0 837 911 165.69083458140568
0 355 912 439.58602361345964
0 365 917 283.1568007220853
0 386 918 389.0537179173082
0 488 920 243.47913666663402
0 93 926 485.3964792934139
0 770 931 350.9083508712045
0 102 939 191.32580105315077
0 766 942 158.7879534713844
0 633 944 499.13198207170274
0 487 952 271.80692738270085
0 554 953 443.6273612517233
0 269 955 289.3375226977078
0 627 956 489.6048870559219
0 115 959 220.29950341005505
0 415 961 146.2982153539208
0 154 968 240.5491337539627
0 394 969 323.34222511398355
0 826 972 206.29407070494685
0 219 974 458.6914966206557
0 214 979 206.77980557500857
0 382 983 243.67053704283313
0 271 994 397.76017695915465
0 802 995 426.9310176328485
0 83 997 211.79733993691863
0 756 1000 469.19481492849224
0 739 1009 109.91977669610185
0 491 1015 300.1732813256764
0 500 1016 223.7945337318195
0 126 1017 343.15308772953574
0 204 1020 304.7884248380202

0 784.0 268.0
0 677.0 624.0
0 903.0 676.0
0 816.0 402.0
0 752.0 413.0
0 781.0 526.0
0 901.0 225.0
0 771.0 479.0
0 769.0 291.0
0 731.0 385.0
0 880.0 465.0
0 883.0 677.0
0 752.0 537.0
0 575.0 980.0
0 750.0 523.0
0 893.0 582.0
0 792.0 537.0
0 828.0 547.0
0 1472.0 952.0
0 808.0 491.0
0 895.0 670.0
0 926.0 389.0
0 907.0 404.0
0 787.0 255.0
0 750.0 359.0
0 844.0 407.0
0 668.0 273.0
0 863.0 563.0
0 1006.0 458.0
0 748.0 282.0
0 802.0 474.0
0 731.0 259.0
0 1149.0 308.0
0 846.0 477.0
0 923.0 444.0
0 880.0 397.0
0 935.0 483.0
0 888.0 398.0
0 959.0 563.0
0 1144.0 381.0
0 983.0 407.0
0 1270.0 911.0
0 992.0 451.0
0 970.0 441.0
0 829.0 487.0
0 779.0 380.0
0 786.0 438.0
0 952.0 603.0
0 732.0 585.0
0 779.0 395.0
0 730.0 395.0
0 865.0 553.0
0 870.0 221.0
0 792.0 244.0
0 844.0 608.0
0 835.0 389.0
0 814.0 476.0
0 831.0 601.0
0 825.0 388.0
0 746.0 712.0
0 744.0 504.0
0 1036.0 972.0
0 774.0 487.0
0 825.0 516.0
0 859.0 197.0
0 1295.0 919.0
0 1442.0 954.0
0 1031.0 324.0
0 1105.0 382.0
0 769.0 713.0
0 784.0 446.0
0 1085.0 379.0
0 639.0 245.0
0 740.0 595.0
0 705.0 591.0
0 1070.0 368.0
0 916.0 486.0
0 1281.0 909.0
0 939.0 893.0
0 1338.0 980.0
0 800.0 532.0
0 993.0 409.0
0 693.0 363.0
0 844.0 469.0
0 922.0 407.0
0 853.0 409.0
0 913.0 414.0
0 747.0 468.0
0 753.0 716.0
0 999.0 389.0
0 707.0 330.0
0 519.0 985.0
0 893.0 683.0
0 835.0 508.0
0 949.0 936.0
0 903.0 498.0
0 680.0 612.0
0 1121.0 983.0
0 948.0 423.0
0 913.0 508.0
0 1167.0 329.0
0 897.0 400.0
0 845.0 391.0
0 1048.0 932.0
0 560.0 258.0
0 846.0 734.0
0 687.0 623.0
0 826.0 478.0
0 685.0 253.0
0 903.0 689.0
0 797.0 489.0
0 1064.0 307.0
0 760.0 479.0
0 693.0 940.0
0 757.0 238.0
0 805.0 482.0
0 1218.0 937.0
0 749.0 297.0
0 977.0 932.0
0 876.0 210.0
0 840.0 722.0
0 860.0 463.0
0 1125.0 476.0
0 884.0 687.0
0 692.0 426.0
0 773.0 533.0
0 774.0 241.0
0 909.0 940.0
0 1246.0 963.0
0 1200.0 966.0
0 645.0 372.0
0 755.0 504.0
0 741.0 251.0
0 1058.0 909.0
0 675.0 261.0
0 721.0 387.0
0 1120.0 848.0
0 694.0 604.0
0 1040.0 418.0
0 611.0 337.0
0 829.0 672.0
0 972.0 384.0
0 893.0 233.0
0 714.0 510.0
0 600.0 356.0
0 872.0 454.0
0 711.0 448.0
0 825.0 455.0
0 816.0 386.0
0 1079.0 449.0
0 922.0 418.0
0 1113.0 456.0
0 818.0 463.0
0 908.0 579.0
0 737.0 283.0
0 916.0 698.0
0 872.0 927.0
0 673.0 248.0
0 721.0 408.0
0 889.0 945.0
0 1457.0 963.0
0 558.0 951.0
0 874.0 559.0
0 734.0 531.0
0 853.0 211.0
0 449.0 740.0
0 785.0 488.0
0 718.0 604.0
0 798.0 967.0
0 609.0 288.0
0 531.0 360.0
0 1020.0 309.0
0 606.0 344.0
0 762.0 488.0
0 751.0 488.0
0 635.0 360.0
0 714.0 908.0
0 696.0 373.0
0 871.0 568.0
0 666.0 333.0
0 1162.0 478.0
0 826.0 638.0
0 819.0 665.0
0 873.0 975.0
0 766.0 504.0
0 1313.0 877.0
0 533.0 379.0
0 782.0 480.0
0 1066.0 930.0
0 846.0 512.0
0 870.0 248.0
0 1019.0 321.0
0 904.0 215.0
0 837.0 398.0
0 749.0 480.0
0 687.0 495.0
0 605.0 959.0
0 1020.0 445.0
0 716.0 529.0
0 590.0 264.0
0 974.0 983.0
0 1194.0 985.0
0 1030.0 986.0
0 900.0 699.0
0 575.0 280.0
0 681.0 424.0
0 707.0 318.0
0 745.0 531.0
0 931.0 522.0
0 942.0 210.0
0 1169.0 453.0
0 743.0 495.0
0 831.0 497.0
0 810.0 468.0
0 871.0 396.0
0 896.0 573.0
0 610.0 272.0
0 685.0 268.0
0 559.0 984.0
0 1283.0 949.0
0 535.0 341.0
0 842.0 193.0
0 976.0 430.0
0 1404.0 985.0
0 991.0 424.0
0 1080.0 299.0
0 785.0 987.0
0 754.0 495.0
0 1052.0 307.0
0 926.0 246.0
0 941.0 464.0
0 994.0 493.0
0 763.0 524.0
0 653.0 653.0
0 831.0 731.0
0 787.0 394.0
0 761.0 532.0
0 794.0 480.0
0 900.0 923.0
0 820.0 494.0
0 1157.0 286.0
0 312.0 829.0
0 897.0 534.0
0 1042.0 325.0
0 698.0 260.0
0 1001.0 520.0
0 927.0 431.0
0 1132.0 413.0
0 1033.0 314.0
0 838.0 520.0
0 705.0 513.0
0 1347.0 978.0
0 659.0 290.0
0 790.0 473.0
0 722.0 428.0
0 673.0 350.0
0 823.0 504.0
0 690.0 612.0
0 646.0 289.0
0 745.0 701.0
0 768.0 276.0
0 1425.0 952.0
0 1019.0 988.0
0 779.0 504.0
0 1137.0 948.0
0 993.0 348.0
0 1176.0 990.0
0 1341.0 954.0
0 854.0 455.0
0 1046.0 406.0
0 909.0 242.0
0 1002.0 295.0
0 872.0 410.0
0 790.0 904.0
0 831.0 428.0
0 895.0 413.0
0 838.0 564.0
0 723.0 508.0
0 362.0 756.0
0 669.0 283.0
0 759.0 281.0
0 799.0 465.0
0 1167.0 300.0
0 15.0 873.0
0 573.0 360.0
0 874.0 711.0
0 1126.0 383.0
0 719.0 474.0
0 1059.0 369.0
0 874.0 511.0
0 1183.0 408.0
0 591.0 526.0
0 1060.0 535.0
0 1067.0 317.0
0 853.0 401.0
0 740.0 346.0
0 1350.0 938.0
0 1382.0 919.0
0 696.0 294.0
0 931.0 258.0
0 803.0 389.0
0 817.0 485.0
0 698.0 324.0
0 981.0 974.0
0 660.0 420.0
0 959.0 452.0
0 841.0 491.0
0 1003.0 885.0
0 1170.0 343.0
0 1097.0 899.0
0 939.0 226.0
0 947.0 306.0
0 689.0 380.0
0 1131.0 981.0
0 143.0 850.0
0 843.0 967.0
0 847.0 245.0
0 562.0 358.0
0 629.0 285.0
0 794.0 554.0
0 910.0 233.0
0 552.0 268.0
0 1147.0 847.0
0 701.0 338.0
0 1024.0 356.0
0 1139.0 293.0
0 956.0 312.0
0 829.0 436.0
0 949.0 522.0
0 573.0 341.0
0 815.0 679.0
0 873.0 727.0
0 556.0 342.0
0 1134.0 401.0
0 808.0 983.0
0 638.0 269.0
0 857.0 474.0
0 1002.0 468.0
0 1149.0 457.0
0 1138.0 841.0
0 712.0 401.0
0 790.0 506.0
0 679.0 364.0
0 883.0 457.0
0 1349.0 929.0
0 339.0 990.0
0 1145.0 529.0
0 700.0 416.0
0 844.0 501.0
0 1063.0 429.0
0 818.0 648.0
0 996.0 307.0
0 727.0 272.0
0 1382.0 989.0
0 1097.0 986.0
0 1280.0 786.0
0 1092.0 461.0
0 789.0 586.0
0 1016.0 334.0
0 627.0 232.0
0 882.0 973.0
0 788.0 380.0
0 642.0 985.0
0 675.0 546.0
0 544.0 384.0
0 710.0 276.0
0 400.0 749.0
0 770.0 983.0
0 462.0 761.0
0 931.0 551.0
0 1107.0 369.0
0 1170.0 321.0
0 1175.0 968.0
0 907.0 895.0
0 1333.0 794.0
0 894.0 654.0
0 862.0 399.0
0 694.0 539.0
0 732.0 497.0
0 803.0 399.0
0 704.0 500.0
0 684.0 592.0
0 730.0 702.0
0 838.0 481.0
0 1166.0 507.0
0 831.0 538.0
0 1055.0 298.0
0 823.0 471.0
0 883.0 250.0
0 1072.0 345.0
0 891.0 487.0
0 1327.0 892.0
0 909.0 868.0
0 902.0 596.0
0 697.0 517.0
0 1004.0 329.0
0 650.0 572.0
0 753.0 342.0
0 779.0 473.0
0 1124.0 498.0
0 1184.0 332.0
0 799.0 589.0
0 705.0 253.0
0 658.0 541.0
0 1295.0 840.0
0 814.0 513.0
0 806.0 438.0
0 945.0 539.0
0 824.0 233.0
0 989.0 290.0
0 529.0 952.0
0 857.0 682.0
0 1102.0 914.0
0 625.0 260.0
0 1449.0 912.0
0 863.0 505.0
0 810.0 502.0
0 861.0 644.0
0 613.0 357.0
0 1094.0 447.0
0 840.0 443.0
0 1044.0 360.0
0 1062.0 327.0
0 705.0 430.0
0 885.0 567.0
0 644.0 307.0
0 1372.0 921.0
0 1070.0 960.0
0 1055.0 959.0
0 1155.0 846.0
0 982.0 326.0
0 1064.0 417.0
0 739.0 481.0
0 918.0 219.0
0 781.0 630.0
0 1086.0 881.0
0 696.0 504.0
0 741.0 659.0
0 874.0 991.0
0 1013.0 343.0
0 712.0 384.0
0 1084.0 537.0
0 643.0 593.0
0 686.0 660.0
0 788.0 465.0
0 761.0 719.0
0 923.0 477.0
0 337.0 980.0
0 932.0 373.0
0 684.0 603.0
0 971.0 594.0
0 1160.0 394.0
0 1445.0 898.0
0 917.0 282.0
0 815.0 447.0
0 1307.0 896.0
0 784.0 236.0
0 785.0 278.0
0 1255.0 982.0
0 848.0 524.0
0 549.0 362.0
0 892.0 709.0
0 884.0 885.0
0 829.0 404.0
0 856.0 447.0
0 716.0 262.0
0 1184.0 944.0
0 727.0 914.0
0 193.0 834.0
0 1367.0 969.0
0 952.0 257.0
0 1363.0 894.0
0 641.0 466.0
0 1250.0 856.0
0 1300.0 880.0
0 843.0 233.0
0 589.0 511.0
0 740.0 307.0
0 844.0 457.0
0 962.0 424.0
0 815.0 532.0
0 554.0 316.0
0 1288.0 894.0
0 778.0 222.0
0 722.0 497.0
0 616.0 380.0
0 613.0 313.0
0 1055.0 922.0
0 1047.0 337.0
0 679.0 693.0
0 1173.0 957.0
0 1111.0 953.0
0 668.0 470.0
0 715.0 283.0
0 712.0 486.0
0 914.0 564.0
0 738.0 298.0
0 845.0 543.0
0 733.0 506.0
0 953.0 366.0
0 802.0 509.0
0 745.0 262.0
0 749.0 635.0
0 1058.0 441.0
0 918.0 470.0
0 824.0 723.0
0 31.0 883.0
0 886.0 447.0
0 1076.0 616.0
0 995.0 730.0
0 754.0 229.0
0 684.0 640.0
0 1181.0 392.0
0 572.0 247.0
0 547.0 978.0
0 892.0 495.0
0 1128.0 370.0
0 773.0 951.0
0 840.0 947.0
0 1295.0 980.0
0 685.0 293.0
0 1163.0 958.0
0 815.0 616.0
0 1173.0 831.0
0 957.0 232.0
0 680.0 387.0
0 834.0 457.0
0 911.0 257.0
0 809.0 454.0
0 1003.0 411.0
0 914.0 983.0
0 759.0 253.0
0 886.0 860.0
0 802.0 266.0
0 536.0 979.0
0 665.0 368.0
0 749.0 403.0
0 1258.0 970.0
0 1149.0 977.0
0 688.0 219.0
0 947.0 435.0
0 737.0 470.0
0 861.0 530.0
0 667.0 625.0
0 1063.0 360.0
0 1369.0 934.0
0 662.0 387.0
0 665.0 528.0
0 1424.0 978.0
0 592.0 540.0
0 803.0 667.0
0 947.0 233.0
0 836.0 931.0
0 948.0 927.0
0 555.0 441.0
0 825.0 965.0
0 713.0 688.0
0 812.0 789.0
0 1293.0 905.0
0 728.0 472.0
0 665.0 562.0
0 871.0 484.0
0 565.0 494.0
0 719.0 441.0
0 559.0 380.0
0 799.0 894.0
0 759.0 325.0
0 1061.0 452.0
0 1044.0 874.0
0 871.0 463.0
0 694.0 657.0
0 795.0 382.0
0 707.0 394.0
0 634.0 343.0
0 1064.0 921.0
0 807.0 384.0
0 759.0 708.0
0 462.0 799.0
0 751.0 706.0
0 1148.0 288.0
0 666.0 319.0
0 511.0 960.0
0 704.0 489.0
0 1168.0 811.0
0 1342.0 898.0
0 1443.0 940.0
0 779.0 515.0
0 868.0 675.0
0 1052.0 946.0
0 1112.0 525.0
0 623.0 338.0
0 736.0 905.0
0 798.0 444.0
0 687.0 322.0
0 1018.0 513.0
0 593.0 285.0
0 858.0 517.0
0 470.0 753.0
0 973.0 371.0
0 777.0 440.0
0 65.0 924.0
0 728.0 235.0
0 1351.0 952.0
0 1308.0 972.0
0 959.0 510.0
0 870.0 404.0
0 1159.0 359.0
0 764.0 419.0
0 872.0 232.0
0 1056.0 977.0
0 925.0 508.0
0 661.0 596.0
0 1053.0 346.0
0 1012.0 453.0
0 874.0 649.0
0 997.0 441.0
0 1106.0 483.0
0 666.0 678.0
0 792.0 452.0
0 527.0 290.0
0 978.0 347.0
0 700.0 985.0
0 1407.0 880.0
0 830.0 397.0
0 1149.0 489.0
0 877.0 442.0
0 923.0 515.0
0 710.0 240.0
0 722.0 958.0
0 896.0 858.0
0 853.0 614.0
0 1155.0 894.0
0 1151.0 966.0
0 1107.0 472.0
0 1106.0 642.0
0 731.0 489.0
0 862.0 991.0
0 1114.0 510.0
0 777.0 465.0
0 1166.0 495.0
0 762.0 613.0
0 1115.0 613.0
0 634.0 408.0
0 1165.0 369.0
0 626.0 972.0
0 1457.0 978.0
0 647.0 278.0
0 839.0 451.0
0 646.0 623.0
0 1008.0 499.0
0 1379.0 959.0
0 872.0 937.0
0 708.0 553.0
0 763.0 376.0
0 920.0 457.0
0 304.0 836.0
0 666.0 312.0
0 776.0 496.0
0 838.0 687.0
0 316.0 769.0
0 1276.0 920.0
0 1382.0 898.0
0 816.0 441.0
0 788.0 496.0
0 612.0 301.0
0 1431.0 916.0
0 798.0 500.0
0 1139.0 390.0
0 951.0 509.0
0 794.0 724.0
0 760.0 294.0
0 880.0 484.0
0 1077.0 376.0
0 528.0 301.0
0 1005.0 840.0
0 1144.0 368.0
0 1088.0 368.0
0 720.0 486.0
0 1091.0 330.0
0 769.0 577.0
0 857.0 481.0
0 1464.0 935.0
0 617.0 962.0
0 944.0 534.0
0 682.0 523.0
0 1041.0 530.0
0 1120.0 411.0
0 1121.0 959.0
0 913.0 433.0
0 958.0 346.0
0 860.0 244.0
0 935.0 446.0
0 948.0 296.0
0 1103.0 417.0
0 1002.0 854.0
0 955.0 990.0
0 772.0 303.0
0 861.0 448.0
0 827.0 247.0
0 835.0 469.0
0 681.0 335.0
0 939.0 908.0
0 555.0 305.0
0 760.0 985.0
0 707.0 229.0
0 881.0 719.0
0 882.0 414.0
0 1089.0 352.0
0 744.0 623.0
0 664.0 442.0
0 609.0 713.0
0 846.0 554.0
0 999.0 946.0
0 343.0 817.0
0 570.0 267.0
0 693.0 477.0
0 650.0 636.0
0 985.0 918.0
0 827.0 445.0
0 845.0 548.0
0 1018.0 976.0
0 697.0 498.0
0 696.0 667.0
0 953.0 501.0
0 1084.0 350.0
0 821.0 239.0
0 703.0 938.0
0 1146.0 502.0
0 1133.0 566.0
0 835.0 406.0
0 1073.0 278.0
0 699.0 710.0
0 1193.0 926.0
0 594.0 983.0
0 1363.0 936.0
0 105.0 631.0
0 780.0 254.0
0 933.0 491.0
0 849.0 487.0
0 851.0 500.0
0 811.0 541.0
0 767.0 394.0
0 1154.0 383.0
0 715.0 976.0
0 859.0 717.0
0 758.0 383.0
0 1100.0 457.0
0 702.0 231.0
0 905.0 985.0
0 480.0 975.0
0 879.0 491.0
0 963.0 552.0
0 1131.0 467.0
0 646.0 430.0
0 429.0 811.0
0 863.0 628.0
0 763.0 312.0
0 1382.0 972.0
0 730.0 484.0
0 736.0 575.0
0 594.0 961.0
0 1055.0 324.0
0 315.0 799.0
0 690.0 509.0
0 854.0 227.0
0 1070.0 438.0
0 1081.0 472.0
0 729.0 477.0
0 892.0 547.0
0 757.0 467.0
0 712.0 492.0
0 476.0 783.0
0 532.0 350.0
0 1157.0 989.0
0 608.0 984.0
0 1293.0 947.0
0 738.0 698.0
0 884.0 918.0
0 20.0 894.0
0 163.0 884.0
0 393.0 780.0
0 676.0 890.0
0 1450.0 972.0
0 765.0 496.0
0 608.0 357.0
0 896.0 740.0
0 609.0 977.0
0 320.0 976.0
0 758.0 270.0
0 720.0 480.0
0 1157.0 977.0
0 1318.0 983.0
0 970.0 528.0
0 968.0 962.0
0 1324.0 882.0
0 768.0 466.0
0 941.0 699.0
0 1157.0 493.0
0 822.0 395.0
0 1036.0 430.0
0 830.0 465.0
0 1074.0 991.0
0 1142.0 481.0
0 1071.0 466.0
0 888.0 524.0
0 303.0 924.0
0 873.0 886.0
0 843.0 922.0
0 559.0 972.0
0 885.0 576.0
0 1154.0 363.0
0 833.0 210.0
0 726.0 366.0
0 735.0 629.0
0 844.0 753.0
0 547.0 401.0
0 763.0 454.0
0 956.0 517.0
0 659.0 302.0
0 939.0 433.0
0 760.0 245.0
0 655.0 552.0
0 1373.0 943.0
0 755.0 455.0
0 831.0 615.0
0 942.0 354.0
0 793.0 517.0
0 1076.0 948.0
0 1168.0 982.0
0 1216.0 666.0
0 1168.0 947.0
0 976.0 266.0
0 1147.0 476.0
0 872.0 477.0
0 1170.0 486.0
0 803.0 611.0
0 1053.0 332.0
0 1077.0 519.0
0 1013.0 352.0
0 765.0 304.0
0 585.0 343.0
0 736.0 522.0
0 1093.0 504.0
0 1144.0 779.0
0 845.0 447.0
0 996.0 468.0
0 20.0 882.0
0 802.0 922.0
0 503.0 962.0
0 584.0 975.0
0 1433.0 884.0
0 1356.0 985.0
0 986.0 395.0
0 1102.0 440.0
0 951.0 451.0
0 711.0 478.0
0 941.0 919.0
0 684.0 358.0
0 783.0 465.0
0 867.0 476.0
0 649.0 356.0
0 575.0 889.0
0 855.0 506.0
0 689.0 520.0
0 745.0 398.0
0 1040.0 459.0
0 1116.0 889.0
0 875.0 952.0
0 1393.0 984.0
0 971.0 943.0
0 905.0 419.0
0 1023.0 464.0
0 1308.0 947.0
0 1322.0 851.0
0 1120.0 879.0
0 713.0 498.0
0 83.0 864.0
0 1008.0 987.0
0 915.0 607.0
0 1234.0 985.0
0 559.0 375.0
0 603.0 231.0
0 174.0 619.0
0 837.0 430.0
0 1005.0 487.0
0 870.0 637.0
0 824.0 404.0
0 401.0 975.0
0 921.0 618.0
0 1134.0 968.0
0 956.0 419.0
0 1095.0 499.0
0 1032.0 460.0
0 1087.0 855.0
0 1451.0 952.0
0 788.0 921.0
0 872.0 535.0
0 642.0 608.0
0 1291.0 964.0
0 1213.0 953.0
0 807.0 512.0
0 782.0 672.0
0 582.0 957.0
0 1153.0 936.0
0 613.0 887.0
0 814.0 723.0
0 764.0 714.0
0 1138.0 493.0
0 357.0 984.0
0 1324.0 960.0
0 1107.0 446.0
0 1267.0 853.0
0 955.0 468.0
0 835.0 474.0
0 1175.0 929.0
0 534.0 964.0
0 839.0 457.0
0 1012.0 471.0
0 941.0 488.0
0 695.0 450.0
0 846.0 575.0
0 1117.0 425.0
0 316.0 653.0
0 849.0 456.0
0 769.0 960.0
0 657.0 663.0
0 944.0 371.0
0 1164.0 381.0
0 1063.0 423.0
0 827.0 450.0
0 175.0 938.0
0 862.0 929.0
0 685.0 652.0
0 546.0 339.0
0 860.0 946.0
0 1155.0 961.0
0 1236.0 957.0
0 854.0 965.0
0 696.0 248.0
0 1085.0 336.0
0 459.0 671.0
0 1019.0 849.0
0 908.0 905.0
0 852.0 495.0
0 891.0 693.0
0 869.0 523.0
0 1423.0 938.0
0 836.0 636.0
0 915.0 725.0
0 1144.0 332.0
0 813.0 331.0
0 764.0 577.0
0 1088.0 511.0
0 741.0 611.0
0 313.0 774.0
0 942.0 447.0
0 831.0 663.0
0 839.0 556.0
0 867.0 511.0
0 762.0 392.0
0 863.0 404.0
0 1091.0 486.0
0 667.0 389.0
0 554.0 310.0
0 1046.0 528.0
0 659.0 350.0
0 1034.0 948.0
0 530.0 983.0
0 1102.0 355.0
0 1005.0 482.0
0 1374.0 973.0
0 904.0 621.0
0 1426.0 749.0
0 1256.0 864.0
0 801.0 438.0
0 749.0 947.0
0 686.0 370.0
0 678.0 665.0
0 1170.0 316.0
0 772.0 426.0
0 1244.0 950.0
0 863.0 620.0
0 1056.0 460.0
0 914.0 503.0
0 1086.0 328.0
0 1045.0 952.0
0 645.0 268.0
0 1183.0 352.0
0 136.0 842.0
0 1086.0 461.0
0 888.0 643.0
0 1249.0 972.0
0 834.0 443.0
0 852.0 232.0
0 690.0 484.0
0 919.0 926.0
0 905.0 488.0
0 751.0 380.0
0 799.0 457.0
0 1051.0 978.0
0 669.0 942.0
0 115.0 873.0
0 1474.0 978.0
0 180.0 875.0
0 691.0 242.0
0 808.0 393.0
0 368.0 790.0
0 861.0 493.0
0 1130.0 861.0
0 900.0 830.0
0 1094.0 353.0
0 884.0 935.0
0 878.0 635.0
0 1050.0 459.0
0 1124.0 405.0
0 973.0 536.0
0 1082.0 517.0
0 1150.0 331.0
0 1385.0 957.0
0 137.0 624.0
0 1095.0 378.0
0 953.0 664.0
0 1145.0 956.0
0 547.0 640.0
1 775.0 290.0
1 780.0 291.0
1 824.0 298.0
1 837.0 300.0
1 774.0 302.0
1 734.0 304.0
1 795.0 305.0
1 686.0 309.0
1 725.0 309.0
1 681.0 310.0
1 781.0 311.0
1 776.0 312.0
1 767.0 313.0
1 673.0 314.0
1 791.0 314.0
1 840.0 315.0
1 631.0 318.0
1 599.0 319.0
1 594.0 320.0
1 582.0 323.0
1 750.0 323.0
1 792.0 324.0
1 815.0 324.0
1 642.0 325.0
1 810.0 325.0
1 845.0 325.0
1 577.0 326.0
1 635.0 329.0
1 855.0 329.0
1 625.0 331.0
1 606.0 333.0
1 616.0 334.0
1 650.0 334.0
1 828.0 336.0
1 577.0 340.0
1 599.0 341.0
1 543.0 348.0
1 631.0 349.0
1 579.0 352.0
1 543.0 353.0
1 778.0 354.0
1 795.0 354.0
1 600.0 357.0
1 871.0 359.0
1 605.0 360.0
1 764.0 360.0
1 619.0 361.0
1 804.0 361.0
1 792.0 362.0
1 579.0 364.0
1 755.0 366.0
1 545.0 367.0
1 607.0 368.0
1 796.0 368.0
1 780.0 369.0
1 805.0 370.0
1 899.0 371.0
1 612.0 373.0
1 773.0 373.0
1 793.0 373.0
1 543.0 374.0
1 749.0 374.0
1 986.0 374.0
1 994.0 374.0
1 918.0 375.0
1 785.0 378.0
1 977.0 378.0
1 995.0 379.0
1 761.0 380.0
1 607.0 381.0
1 892.0 381.0
1 912.0 381.0
1 778.0 382.0
1 800.0 382.0
1 743.0 384.0
1 999.0 384.0
1 574.0 386.0
1 753.0 386.0
1 586.0 387.0
1 886.0 387.0
1 973.0 387.0
1 772.0 388.0
1 989.0 388.0
1 615.0 390.0
1 982.0 391.0
1 548.0 392.0
1 726.0 392.0
1 872.0 392.0
1 537.0 393.0
1 629.0 393.0
1 895.0 393.0
1 913.0 394.0
1 637.0 395.0
1 743.0 395.0
1 936.0 395.0
1 787.0 396.0
1 993.0 396.0
1 759.0 397.0
1 648.0 398.0
1 612.0 399.0
1 886.0 399.0
1 876.0 400.0
1 912.0 400.0
1 599.0 401.0
1 657.0 402.0
1 662.0 402.0
1 719.0 402.0
1 868.0 402.0
1 667.0 403.0
1 932.0 403.0
1 1008.0 403.0
1 751.0 404.0
1 769.0 404.0
1 774.0 404.0
1 851.0 405.0
1 619.0 406.0
1 762.0 406.0
1 552.0 407.0
1 557.0 407.0
1 596.0 408.0
1 629.0 408.0
1 656.0 409.0
1 686.0 409.0
1 880.0 409.0
1 887.0 409.0
1 608.0 411.0
1 991.0 411.0
1 996.0 411.0
1 642.0 412.0
1 695.0 412.0
1 822.0 412.0
1 866.0 412.0
1 911.0 412.0
1 700.0 413.0
1 673.0 414.0
1 651.0 415.0
1 872.0 415.0
1 901.0 415.0
1 1014.0 415.0
1 706.0 416.0
1 763.0 416.0
1 738.0 417.0
1 790.0 417.0
1 840.0 417.0
1 1001.0 417.0
1 613.0 418.0
1 661.0 418.0
1 681.0 418.0
1 960.0 418.0
1 595.0 420.0
1 715.0 420.0
1 878.0 420.0
1 887.0 420.0
1 923.0 420.0
1 928.0 420.0
1 933.0 420.0
1 559.0 421.0
1 669.0 421.0
1 908.0 422.0
1 994.0 422.0
1 530.0 423.0
1 627.0 423.0
1 684.0 423.0
1 861.0 423.0
1 866.0 423.0
1 988.0 424.0
1 804.0 425.0
1 1014.0 425.0
1 765.0 426.0
1 798.0 426.0
1 536.0 427.0
1 549.0 427.0
1 690.0 427.0
1 698.0 427.0
1 793.0 427.0
1 904.0 428.0
1 602.0 429.0
1 871.0 429.0
1 978.0 429.0
1 617.0 430.0
1 923.0 430.0
1 820.0 431.0
1 961.0 431.0
1 942.0 432.0
1 713.0 433.0
1 883.0 433.0
1 1006.0 433.0
1 600.0 435.0
1 980.0 436.0
1 1038.0 436.0
1 630.0 437.0
1 642.0 437.0
1 731.0 437.0
1 804.0 437.0
1 911.0 437.0
1 930.0 437.0
1 565.0 439.0
1 746.0 439.0
1 896.0 439.0
1 662.0 440.0
1 667.0 440.0
1 818.0 441.0
1 1038.0 441.0
1 902.0 442.0
1 921.0 442.0
1 866.0 443.0
1 941.0 443.0
1 961.0 443.0
1 599.0 444.0
1 826.0 444.0
1 977.0 444.0
1 550.0 445.0
1 663.0 445.0
1 1013.0 445.0
1 615.0 446.0
1 718.0 446.0
1 750.0 446.0
1 1040.0 448.0
1 1129.0 448.0
1 642.0 449.0
1 729.0 449.0
1 647.0 450.0
1 652.0 450.0
1 807.0 450.0
1 666.0 451.0
1 761.0 451.0
1 739.0 452.0
1 896.0 453.0
1 938.0 453.0
1 599.0 454.0
1 657.0 454.0
1 971.0 454.0
1 616.0 457.0
1 623.0 458.0
1 830.0 458.0
1 669.0 459.0
1 788.0 459.0
1 660.0 460.0
1 765.0 460.0
1 740.0 461.0
1 927.0 461.0
1 611.0 462.0
1 649.0 462.0
1 854.0 462.0
1 654.0 463.0
1 802.0 463.0
1 896.0 463.0
1 976.0 463.0
1 735.0 464.0
1 1011.0 464.0
1 551.0 465.0
1 630.0 465.0
1 722.0 466.0
1 586.0 467.0
1 617.0 467.0
1 625.0 467.0
1 659.0 467.0
1 672.0 467.0
1 891.0 467.0
1 904.0 467.0
1 601.0 468.0
1 606.0 468.0
1 636.0 468.0
1 841.0 468.0
1 1021.0 468.0
1 685.0 469.0
1 594.0 470.0
1 825.0 470.0
1 977.0 470.0
1 741.0 471.0
1 830.0 471.0
1 539.0 472.0
1 622.0 472.0
1 644.0 472.0
1 678.0 472.0
1 1039.0 472.0
1 565.0 473.0
1 613.0 473.0
1 760.0 473.0
1 1012.0 473.0
1 1021.0 473.0
1 599.0 474.0
1 924.0 474.0
1 770.0 475.0
1 948.0 475.0
1 579.0 476.0
1 725.0 476.0
1 607.0 477.0
1 618.0 477.0
1 629.0 477.0
1 634.0 477.0
1 652.0 477.0
1 978.0 477.0
1 750.0 478.0
1 851.0 478.0
1 588.0 479.0
1 599.0 479.0
1 664.0 479.0
1 675.0 479.0
1 1022.0 479.0
1 726.0 481.0
1 731.0 481.0
1 1038.0 481.0
1 527.0 482.0
1 593.0 482.0
1 831.0 482.0
1 624.0 483.0
1 636.0 483.0
1 658.0 483.0
1 845.0 483.0
1 868.0 483.0
1 613.0 484.0
1 716.0 484.0
1 512.0 485.0
1 757.0 485.0
1 800.0 485.0
1 808.0 485.0
1 732.0 486.0
1 900.0 486.0
1 1039.0 486.0
1 563.0 487.0
1 594.0 487.0
1 599.0 487.0
1 816.0 487.0
1 924.0 487.0
1 507.0 488.0
1 795.0 488.0
1 1011.0 488.0
1 553.0 489.0
1 575.0 489.0
1 613.0 489.0
1 618.0 489.0
1 643.0 489.0
1 715.0 489.0
1 764.0 490.0
1 589.0 491.0
1 630.0 491.0
1 710.0 491.0
1 595.0 492.0
1 602.0 492.0
1 607.0 492.0
1 670.0 492.0
1 678.0 492.0
1 743.0 492.0
1 564.0 493.0
1 880.0 494.0
1 732.0 495.0
1 582.0 496.0
1 626.0 496.0
1 637.0 496.0
1 701.0 496.0
1 854.0 496.0
1 598.0 497.0
1 611.0 497.0
1 620.0 497.0
1 745.0 497.0
1 860.0 497.0
1 872.0 497.0
1 496.0 498.0
1 755.0 498.0
1 554.0 499.0
1 572.0 499.0
1 723.0 499.0
1 1014.0 499.0
1 684.0 500.0
1 789.0 500.0
1 838.0 501.0
1 548.0 502.0
1 611.0 502.0
1 650.0 502.0
1 623.0 503.0
1 713.0 503.0
1 494.0 504.0
1 628.0 504.0
1 726.0 504.0
1 594.0 505.0
1 787.0 505.0
1 852.0 505.0
1 583.0 506.0
1 841.0 506.0
1 846.0 508.0
1 490.0 509.0
1 693.0 509.0
1 1036.0 509.0
1 707.0 510.0
1 719.0 510.0
1 730.0 510.0
1 517.0 511.0
1 615.0 511.0
1 627.0 511.0
1 635.0 511.0
1 687.0 511.0
1 714.0 511.0
1 557.0 513.0
1 787.0 513.0
1 604.0 514.0
1 869.0 514.0
1 723.0 515.0
1 733.0 515.0
1 489.0 516.0
1 707.0 516.0
1 1007.0 517.0
1 595.0 518.0
1 863.0 519.0
1 1020.0 519.0
1 510.0 520.0
1 641.0 520.0
1 721.0 520.0
1 726.0 520.0
1 535.0 521.0
1 610.0 521.0
1 698.0 521.0
1 785.0 522.0
1 910.0 523.0
1 601.0 524.0
1 848.0 524.0
1 862.0 524.0
1 1018.0 524.0
1 481.0 525.0
1 713.0 525.0
1 543.0 526.0
1 922.0 526.0
1 530.0 527.0
1 724.0 527.0
1 787.0 527.0
1 993.0 527.0
1 518.0 528.0
1 617.0 529.0
1 633.0 529.0
1 648.0 529.0
1 740.0 529.0
1 748.0 529.0
1 883.0 529.0
1 478.0 530.0
1 704.0 530.0
1 789.0 532.0
1 829.0 532.0
1 977.0 532.0
1 528.0 533.0
1 609.0 533.0
1 948.0 533.0
1 720.0 534.0
1 854.0 535.0
1 475.0 536.0
1 518.0 536.0
1 738.0 537.0
1 1007.0 537.0
1 555.0 538.0
1 624.0 538.0
1 639.0 538.0
1 942.0 538.0
1 729.0 539.0
1 753.0 540.0
1 473.0 541.0
1 872.0 541.0
1 490.0 542.0
1 504.0 542.0
1 615.0 542.0
1 652.0 542.0
1 702.0 542.0
1 915.0 542.0
1 963.0 542.0
1 1032.0 542.0
1 861.0 544.0
1 992.0 544.0
1 1017.0 544.0
1 795.0 546.0
1 851.0 546.0
1 472.0 547.0
1 951.0 547.0
1 1032.0 547.0
1 654.0 548.0
1 934.0 549.0
1 811.0 550.0
1 957.0 550.0
1 714.0 551.0
1 850.0 551.0
1 969.0 551.0
1 471.0 552.0
1 799.0 552.0
1 872.0 552.0
1 886.0 552.0
1 894.0 552.0
1 548.0 555.0
1 570.0 555.0
1 640.0 555.0
1 495.0 556.0
1 848.0 556.0
1 618.0 557.0
1 950.0 557.0
1 755.0 558.0
1 750.0 559.0
1 503.0 560.0
1 644.0 560.0
1 808.0 560.0
1 942.0 560.0
1 967.0 561.0
1 558.0 562.0
1 871.0 562.0
1 1031.0 562.0
1 841.0 564.0
1 606.0 565.0
1 646.0 565.0
1 883.0 565.0
1 930.0 565.0
1 942.0 565.0
1 664.0 566.0
1 493.0 567.0
1 823.0 567.0
1 836.0 567.0
1 957.0 567.0
1 828.0 568.0
1 891.0 568.0
1 925.0 568.0
1 530.0 569.0
1 979.0 569.0
1 585.0 571.0
1 920.0 571.0
1 944.0 571.0
1 650.0 572.0
1 753.0 573.0
1 949.0 573.0
1 954.0 573.0
1 628.0 574.0
1 808.0 574.0
1 1030.0 574.0
1 553.0 575.0
1 982.0 575.0
1 653.0 577.0
1 977.0 577.0
1 558.0 578.0
1 738.0 578.0
1 533.0 579.0
1 915.0 579.0
1 832.0 580.0
1 766.0 581.0
1 493.0 582.0
1 564.0 582.0
1 787.0 582.0
1 656.0 583.0
1 729.0 583.0
1 840.0 583.0
1 501.0 584.0
1 618.0 584.0
1 825.0 584.0
1 913.0 584.0
1 633.0 585.0
1 560.0 587.0
1 988.0 587.0
1 1014.0 587.0
1 658.0 588.0
1 838.0 588.0
1 471.0 589.0
1 979.0 589.0
1 544.0 590.0
1 911.0 590.0
1 571.0 591.0
1 860.0 591.0
1 769.0 592.0
1 582.0 593.0
1 638.0 593.0
1 660.0 593.0
1 683.0 594.0
1 852.0 595.0
1 912.0 595.0
1 554.0 596.0
1 567.0 596.0
1 736.0 598.0
1 869.0 598.0
1 532.0 601.0
1 663.0 601.0
1 642.0 602.0
1 730.0 602.0
1 915.0 602.0
1 500.0 605.0
1 664.0 606.0
1 541.0 607.0
1 917.0 607.0
1 475.0 609.0
1 551.0 609.0
1 976.0 610.0
1 1026.0 611.0
1 542.0 612.0
1 762.0 613.0
1 647.0 615.0
1 925.0 615.0
1 973.0 615.0
1 1182.0 615.0
1 968.0 616.0
1 1012.0 617.0
1 770.0 618.0
1 934.0 618.0
1 634.0 619.0
1 524.0 620.0
1 537.0 620.0
1 648.0 620.0
1 599.0 621.0
1 941.0 621.0
1 834.0 622.0
1 946.0 623.0
1 951.0 623.0
1 671.0 624.0
1 510.0 627.0
1 501.0 628.0
1 964.0 628.0
1 570.0 631.0
1 95.0 632.0
1 832.0 633.0
1 1024.0 634.0
1 483.0 638.0
1 595.0 638.0
1 601.0 638.0
1 615.0 638.0
1 514.0 640.0
1 508.0 641.0
1 590.0 643.0
1 551.0 644.0
1 568.0 646.0
1 606.0 651.0
1 769.0 651.0
1 591.0 652.0
1 748.0 654.0
1 579.0 655.0
1 739.0 655.0
1 768.0 656.0
1 788.0 656.0
1 222.0 657.0
1 599.0 658.0
1 525.0 659.0
1 620.0 659.0
1 729.0 661.0
1 767.0 661.0
1 587.0 664.0
1 612.0 664.0
1 747.0 664.0
1 523.0 665.0
1 738.0 665.0
1 566.0 666.0
1 597.0 666.0
1 765.0 666.0
1 518.0 668.0
1 660.0 668.0
1 722.0 669.0
1 569.0 671.0
1 713.0 671.0
1 695.0 673.0
1 760.0 677.0
1 960.0 677.0
1 599.0 678.0
1 624.0 678.0
1 706.0 679.0
1 532.0 680.0
1 504.0 681.0
1 784.0 681.0
1 587.0 684.0
1 720.0 684.0
1 614.0 685.0
1 755.0 685.0
1 592.0 686.0
1 624.0 686.0
1 543.0 687.0
1 816.0 689.0
1 1021.0 689.0
1 535.0 691.0
1 625.0 691.0
1 736.0 693.0
1 548.0 694.0
1 1020.0 694.0
1 826.0 695.0
1 831.0 696.0
1 1004.0 697.0
1 625.0 698.0
1 540.0 699.0
1 823.0 700.0
1 1018.0 701.0
1 729.0 702.0
1 794.0 703.0
1 558.0 704.0
1 622.0 704.0
1 312.0 705.0
1 724.0 706.0
1 819.0 707.0
1 994.0 707.0
1 550.0 709.0
1 573.0 714.0
1 610.0 716.0
1 558.0 721.0
1 589.0 721.0
1 599.0 721.0
1 571.0 723.0
1 1014.0 723.0
1 611.0 724.0
1 783.0 724.0
1 922.0 724.0
1 939.0 726.0
1 957.0 729.0
1 597.0 730.0
1 917.0 737.0
1 612.0 740.0
1 670.0 740.0
1 642.0 742.0
1 559.0 743.0
1 664.0 743.0
1 965.0 744.0
1 659.0 745.0
1 959.0 745.0
1 575.0 751.0
1 728.0 752.0
1 914.0 752.0
1 581.0 754.0
1 586.0 755.0
1 600.0 755.0
1 923.0 755.0
1 1012.0 755.0
1 968.0 760.0
1 958.0 762.0
1 918.0 766.0
1 20.0 767.0
1 915.0 775.0
1 190.0 776.0
1 1401.0 785.0
1 565.0 786.0
1 1007.0 789.0
1 684.0 798.0
1 531.0 799.0
1 985.0 799.0
1 123.0 807.0
1 776.0 811.0
1 155.0 813.0
1 975.0 813.0
1 45.0 820.0
1 244.0 822.0
1 55.0 824.0
1 199.0 825.0
1 72.0 829.0
1 863.0 830.0
1 253.0 831.0
1 266.0 833.0
1 324.0 839.0
1 607.0 839.0
1 291.0 841.0
1 372.0 844.0
1 50.0 845.0
1 321.0 849.0
1 1202.0 850.0
1 261.0 851.0
1 516.0 853.0
1 271.0 854.0
1 1271.0 860.0
1 939.0 862.0
1 527.0 863.0
1 539.0 866.0
1 1253.0 866.0
1 478.0 867.0
1 590.0 867.0
1 513.0 868.0
1 386.0 869.0
1 888.0 871.0
1 319.0 874.0
1 422.0 875.0
1 331.0 877.0
1 368.0 880.0
1 843.0 880.0
1 878.0 887.0
1 506.0 890.0
1 531.0 890.0
1 561.0 890.0
1 652.0 890.0
1 370.0 891.0
1 314.0 892.0
1 515.0 892.0
1 429.0 893.0
1 595.0 893.0
1 1021.0 893.0
1 397.0 894.0
1 606.0 895.0
1 1083.0 897.0
1 542.0 899.0
1 64.0 902.0
1 452.0 902.0
1 355.0 903.0
1 1357.0 904.0
1 113.0 905.0
1 426.0 907.0
1 56.0 910.0
1 660.0 910.0
1 1389.0 911.0
1 537.0 913.0
1 783.0 921.0
1 573.0 926.0
1 617.0 926.0
1 426.0 927.0
1 801.0 928.0
1 1396.0 928.0
1 337.0 930.0
1 600.0 933.0
1 38.0 934.0
1 314.0 935.0
1 546.0 935.0
1 324.0 937.0
1 358.0 937.0
1 428.0 937.0
1 560.0 937.0
1 586.0 937.0
1 646.0 937.0
1 830.0 938.0
1 743.0 939.0
1 333.0 940.0
1 377.0 940.0
1 843.0 941.0
1 344.0 942.0
1 411.0 942.0
1 499.0 942.0
1 507.0 943.0
1 1237.0 943.0
1 420.0 944.0
1 1030.0 945.0
1 461.0 947.0
1 692.0 948.0
1 910.0 953.0
1 689.0 959.0
1 1033.0 960.0
1 683.0 966.0
1 777.0 967.0
1 1413.0 972.0
1 423.0 975.0
1 1255.0 975.0
1 295.0 976.0
1 800.0 976.0
1 548.0 979.0
1 350.0 983.0
1 453.0 983.0
1 1125.0 984.0
1 409.0 986.0
1 510.0 986.0
1 902.0 986.0
1 938.0 988.0
1 959.0 991.0
1 1229.0 991.0
