0 4 2 309.677600364513
0 2 5 157.739501789531
0 1 8 411.56972689362686
0 5 11 147.66912086293917
0 6 14 353.81642632295365
0 12 15 420.0624101499713
0 7 16 199.85224204002233
0 20 17 327.30379241828484
0 21 18 210.65807923037525
0 29 21 257.9996984378048
0 28 22 207.84544832752664
0 40 24 387.8734074437814
0 8 25 270.2210333530315
0 9 27 251.47143444492258
0 41 28 304.52312758668666
0 11 30 240.13885707141287
0 30 32 265.20127343026326
0 17 38 388.25012918748536
0 24 41 213.84622797037468
0 94 44 281.2132695352666
0 47 47 280.5639434905973
0 15 54 147.77582932247984
0 31 57 187.73699434222567
0 18 58 234.0442129592171
0 25 60 110.89859291413585
0 105 62 171.28642648351973
0 127 64 143.24175211513014
0 32 70 181.3110945788281
0 74 73 119.4783697227179
0 57 75 252.54619874845451
0 58 76 383.2280442475703
0 122 77 499.8598491710126
0 33 79 172.84153302707077
0 60 80 288.92502486106093
0 61 83 350.5932549961038
0 62 84 243.03210700054407
0 43 85 316.49726159915366
0 52 86 171.43628485993997
0 39 87 118.70934034556377
0 91 89 470.0632316143923
0 92 90 120.22715380263911
0 63 91 173.2453442397568
0 148 92 206.20635401636616
0 65 94 206.7778304531127
0 144 98 312.27879993567257
0 81 101 125.74483009676538
0 66 102 190.62206506358496
0 107 103 147.5622678894848
0 44 104 141.40452830856586
0 102 105 153.6775750967308
0 48 107 212.34239298581747
0 82 108 172.7253531342242
0 70 109 120.82974402962043
0 53 111 176.516635245069
0 108 113 165.71690579099888
0 83 114 191.96685630830189
0 190 115 219.06855084696187
0 109 116 202.2272190089451
0 112 118 164.95925823269033
0 125 120 211.2540936485638
0 95 121 200.97137509452043
0 71 123 130.78217444061076
0 69 124 174.79948380794372
0 224 125 195.28141369026488
0 113 126 206.62802237470515
0 110 127 127.14634661495494
0 103 128 206.10952005613794
0 68 130 196.20657361329805
0 72 133 265.4520300165626
0 98 135 366.9115518789787
0 133 137 255.6635482373393
0 111 138 243.40786941423707
0 115 140 191.60259914710133
0 84 143 383.9443440053093
0 220 145 265.9195169922714
0 208 146 268.97713290933814
0 140 147 429.48661433125926
0 96 148 111.5466258826727
0 88 151 141.35201286904328
0 104 152 132.43741944783378
0 226 154 339.7949509595332
0 229 155 230.5932101296697
0 89 156 137.50459380893884
0 90 157 478.1081330626454
0 79 158 224.80118609672743
0 243 162 398.10552899694096
0 163 163 191.38291741517637
0 191 165 281.8216459989762
0 118 168 131.913173204948
0 241 169 178.2199858760063
0 119 171 380.5338042332225
0 154 172 486.0894926837621
0 134 173 136.36753491441883
0 185 176 457.37581245897536
0 145 177 178.8759756249037
0 128 181 120.26269501667113
0 129 183 248.56256108145917
0 250 185 265.98800461386617
0 132 187 121.9257671533436
0 123 188 197.6621104155528
0 131 190 161.52948166331342
0 262 191 162.25798464966576
0 114 193 204.79666255438832
0 142 195 206.1137487046648
0 143 199 473.83946024740186
0 231 200 345.8335957233198
0 141 201 189.17931266223295
0 146 205 116.43189855669193
0 165 207 335.61466483374915
0 138 210 146.36227218809782
0 172 216 116.61441779661712
0 171 217 113.22075738899842
0 197 218 387.3263249803101
0 151 219 150.5992925505969
0 135 220 427.7942317623247
0 173 223 114.34264390020826
0 139 227 162.26611377419138
0 174 230 222.2908903247006
0 196 231 410.3485153643909
0 147 232 240.87626316810736
0 214 234 339.29564046005447
0 198 238 113.12971550370294
0 194 239 143.8661640862644
0 166 242 216.7874011922443
0 206 246 365.1038188732328
0 218 248 302.004677169041
0 176 250 268.4405241570961
0 201 251 191.43530586636626
0 167 252 182.28468204732496
0 225 253 381.0810688031342
0 227 254 489.02950739298916
0 207 257 278.657342996497
0 184 261 158.41668821887717
0 183 267 211.83551462475788
0 228 271 289.4603257089806
0 288 279 482.7024313192939
0 238 280 196.89975775433183
0 219 281 207.1192706216634
0 205 282 207.92455374316384
0 233 285 390.0701603424166
0 242 290 245.28746232721397
0 203 291 309.3983352234414
0 247 297 179.1229866272858
0 284 300 450.78885017945873
0 223 302 220.84325707821034
0 269 303 455.8260286841755
0 265 307 355.3197847480676
0 239 308 200.6348191942039
0 300 309 239.94244430226982
0 285 316 239.62024030128606
0 232 317 245.09338906456665
0 249 318 175.02516795502254
0 277 319 374.3841691783169
0 252 320 213.56182215011228
0 274 322 347.9077074552114
0 297 324 228.8880973036792
0 254 331 140.5266082454729
0 248 333 299.3319757083373
0 255 334 360.8206353970229
0 281 335 490.9294583656462
0 302 336 230.27005497065764
0 260 337 210.94374958154728
0 325 338 486.61915348297515
0 280 340 373.77125146369764
0 258 341 232.5819283797731
0 266 343 177.01849073975305
0 256 347 184.51371687907593
0 320 348 245.96162728416311
0 296 349 236.41584274356654
0 326 350 335.40764138613514
0 270 351 143.13645761579042
0 307 352 342.8936627416404
0 259 353 170.3182129010147
0 271 355 114.6460825260764
0 312 358 198.7641641486287
0 295 359 307.21726034473556
0 346 368 249.49733114012878
0 283 370 145.83365893478043
0 275 371 130.56073233223276
0 273 372 192.66599356356645
0 305 373 236.02160786085187
0 286 374 150.89012063319612
0 278 375 147.91612169750894
0 338 378 188.03120625559677
0 292 380 136.23579426995258
0 355 382 408.146501226376
0 287 387 199.74590676175896
0 301 388 167.78596878523103
0 289 389 159.60976452511497
0 314 391 160.06478452162835
0 291 394 409.7814553502543
0 327 395 405.0768804990902
0 310 397 254.06664571303833
0 342 400 286.1226665429666
0 293 401 157.2396654231925
0 335 402 206.03660949675682
0 317 403 246.1315107581206
0 361 404 136.60332475037666
0 304 405 174.64634492401623
0 336 406 427.8864525323643
0 337 407 464.9183611430022
0 316 408 154.29840653561266
0 324 409 149.1512525539056
0 318 410 216.44313183774005
0 339 411 307.35264455986226
0 393 412 253.7530795164672
0 321 413 189.25878563686786
0 368 414 115.83631228658986
0 340 416 119.39510296369602
0 328 417 168.95950603269415
0 343 419 359.0466521369175
0 323 420 138.60573038959052
0 308 421 207.38609857344628
0 366 423 408.62164246882526
0 332 425 155.05572951131782
0 377 427 199.44754087213218
0 351 428 313.65713679982605
0 365 429 220.58625594526342
0 329 430 285.2513663478451
0 381 433 150.22676992784784
0 372 434 379.6996706384834
0 348 435 154.415866939544
0 352 436 109.56770327642857
0 380 437 346.511012379704
0 334 438 186.26313467371787
0 347 439 351.6517273722876
0 396 440 211.85885409159062
0 392 441 394.10589418802886
0 373 442 349.9809282980146
0 357 444 358.530345825495
0 359 446 108.73064680000499
0 341 447 206.72982748194744
0 388 449 282.44775701287017
0 369 451 156.5315218442958
0 360 452 126.6418312881083
0 413 454 267.56947275282494
0 402 455 162.72736751595417
0 403 456 122.32373163581842
0 379 457 218.03859156706932
0 356 458 173.1150442331774
0 362 461 114.49758849767544
0 399 463 341.87230804749754
0 358 464 110.57359122477344
0 404 469 403.4414602002561
0 395 470 189.04331365213864
0 354 471 236.35093061716637
0 375 472 226.72988948529857
0 394 474 354.0158772293724
0 405 475 370.3221631109398
0 417 476 339.31732506432024
0 408 477 303.9498294482413
0 367 479 184.85874635496236
0 418 483 185.57625291670192
0 376 487 182.58627953113032
0 385 488 175.535259512519
0 386 491 181.66886535464388
0 387 492 190.0858859449516
0 384 493 160.501413852212
0 431 495 281.2068356333098
0 427 499 349.5426284113016
0 425 500 182.8673674403051
0 410 501 300.67352727066793
0 416 505 179.75161661339115
0 443 506 252.5173102022408
0 435 508 215.07511379528142
0 411 510 280.10463761125595
0 440 513 187.5274659315145
0 437 514 191.20922980382073
0 451 515 195.20879520828325
0 432 516 274.7946212229227
0 439 518 179.75932040130053
0 428 525 325.4697931177905
0 463 527 276.91208950729276
0 453 528 285.54533231214367
0 452 529 321.75403843872766
0 447 530 286.61288053511544
0 459 534 155.26214551809755
0 464 537 136.62234688388284
0 450 538 314.0474574875216
0 454 540 291.3349670826288
0 476 542 176.11038810127587
0 479 544 179.2937177367369
0 484 545 187.2353703673737
0 471 546 230.4383319622175
0 557 548 159.2033425723919
0 489 549 222.32862549220567
0 485 552 273.26138319264606
0 473 553 285.0748653846987
0 462 554 235.67052260744018
0 478 555 151.2163307568813
0 444 556 474.9469824644567
0 491 557 259.6416026321318
0 502 559 278.03673163138774
0 461 563 207.43149591024465
0 501 566 216.79039854573853
0 457 568 275.707313594092
0 506 569 326.7723133125136
0 477 573 375.30037680549606
0 509 574 278.326950907537
0 507 575 176.30170711069843
0 500 578 223.1846443704836
0 523 579 212.70112498011144
0 482 580 228.87935415298745
0 486 581 300.17843720640303
0 512 583 185.15251959019105
0 488 584 191.02661278321293
0 493 586 277.2989738483344
0 510 587 201.1258201612822
0 504 588 258.86429055749994
0 514 589 310.9492308753024
0 526 590 231.18376219893068
0 534 593 159.35994680787908
0 524 594 391.33106830583375
0 538 595 188.53524486004497
0 495 596 134.22121775166153
0 496 597 208.34019378480662
0 492 601 108.94535217721013
0 520 602 156.3370578726674
0 533 606 261.7119503731769
0 551 607 228.93699319413483
0 519 608 139.7707762122649
0 532 612 172.41982252610234
0 516 614 223.69830118414438
0 539 620 178.9371396599353
0 537 623 135.04224191221925
0 540 624 326.8069085354683
0 554 627 297.2524918073683
0 576 628 370.23353630043766
0 570 631 381.99729164970864
0 559 633 345.10152718367186
0 565 640 356.34087217749993
0 568 645 349.899835501018
0 575 647 439.1904857858838

0 775.0 277.0
0 780.0 277.0
0 836.0 280.0
0 735.0 284.0
0 788.0 287.0
0 681.0 288.0
0 777.0 288.0
0 726.0 289.0
0 745.0 294.0
0 838.0 296.0
0 775.0 297.0
0 788.0 299.0
0 808.0 301.0
0 813.0 302.0
0 844.0 306.0
0 656.0 307.0
0 854.0 309.0
0 641.0 310.0
0 604.0 311.0
0 646.0 311.0
0 825.0 313.0
0 603.0 321.0
0 614.0 322.0
0 634.0 323.0
0 587.0 324.0
0 771.0 325.0
0 792.0 326.0
0 759.0 328.0
0 606.0 331.0
0 750.0 333.0
0 786.0 333.0
0 800.0 334.0
0 620.0 337.0
0 984.0 337.0
0 775.0 338.0
0 586.0 339.0
0 792.0 339.0
0 974.0 339.0
0 892.0 340.0
0 912.0 340.0
0 767.0 342.0
0 801.0 342.0
0 985.0 342.0
0 788.0 344.0
0 554.0 345.0
0 903.0 345.0
0 882.0 346.0
0 610.0 347.0
0 755.0 347.0
0 779.0 347.0
0 990.0 347.0
0 741.0 349.0
0 877.0 349.0
0 736.0 350.0
0 964.0 350.0
0 980.0 350.0
0 746.0 351.0
0 795.0 351.0
0 903.0 352.0
0 878.0 354.0
0 717.0 355.0
0 766.0 355.0
0 588.0 356.0
0 926.0 357.0
0 556.0 359.0
0 736.0 360.0
0 898.0 360.0
0 959.0 360.0
0 753.0 362.0
0 925.0 362.0
0 878.0 363.0
0 712.0 364.0
0 999.0 364.0
0 615.0 365.0
0 781.0 365.0
0 628.0 366.0
0 634.0 366.0
0 603.0 368.0
0 743.0 368.0
0 982.0 368.0
0 647.0 369.0
0 871.0 370.0
0 883.0 370.0
0 655.0 371.0
0 662.0 371.0
0 754.0 371.0
0 767.0 371.0
0 900.0 372.0
0 988.0 372.0
0 862.0 373.0
0 612.0 374.0
0 679.0 375.0
0 583.0 376.0
0 879.0 376.0
0 690.0 377.0
0 730.0 377.0
0 949.0 377.0
0 996.0 377.0
0 592.0 378.0
0 846.0 378.0
0 1006.0 378.0
0 654.0 379.0
0 699.0 379.0
0 618.0 380.0
0 919.0 380.0
0 627.0 381.0
0 756.0 381.0
0 988.0 381.0
0 668.0 382.0
0 707.0 382.0
0 870.0 383.0
0 882.0 383.0
0 601.0 384.0
0 640.0 384.0
0 676.0 384.0
0 558.0 385.0
0 648.0 385.0
0 784.0 385.0
0 653.0 386.0
0 815.0 386.0
0 610.0 387.0
0 693.0 387.0
0 835.0 387.0
0 897.0 387.0
0 968.0 387.0
0 549.0 388.0
0 698.0 388.0
0 665.0 389.0
0 679.0 389.0
0 912.0 389.0
0 949.0 389.0
0 1006.0 389.0
0 758.0 390.0
0 930.0 390.0
0 854.0 391.0
0 859.0 391.0
0 603.0 392.0
0 612.0 392.0
0 684.0 393.0
0 689.0 393.0
0 787.0 394.0
0 792.0 394.0
0 798.0 394.0
0 873.0 394.0
0 969.0 395.0
0 557.0 396.0
0 581.0 396.0
0 626.0 396.0
0 706.0 396.0
0 1029.0 396.0
0 603.0 397.0
0 886.0 397.0
0 724.0 398.0
0 894.0 399.0
0 562.0 400.0
0 567.0 400.0
0 910.0 400.0
0 930.0 400.0
0 950.0 400.0
0 595.0 401.0
0 1007.0 403.0
0 1031.0 404.0
0 549.0 405.0
0 617.0 405.0
0 1002.0 405.0
0 559.0 406.0
0 798.0 406.0
0 861.0 406.0
0 741.0 407.0
0 542.0 408.0
0 644.0 408.0
0 812.0 408.0
0 639.0 409.0
0 711.0 409.0
0 817.0 409.0
0 945.0 409.0
0 602.0 410.0
0 663.0 410.0
0 822.0 410.0
0 927.0 410.0
0 612.0 411.0
0 722.0 411.0
0 1033.0 411.0
0 834.0 412.0
0 629.0 413.0
0 568.0 414.0
0 668.0 414.0
0 731.0 414.0
0 890.0 415.0
0 613.0 416.0
0 918.0 418.0
0 541.0 419.0
0 821.0 419.0
0 965.0 419.0
0 592.0 420.0
0 780.0 420.0
0 844.0 420.0
0 654.0 421.0
0 607.0 422.0
0 886.0 422.0
0 550.0 423.0
0 757.0 424.0
0 792.0 424.0
0 965.0 424.0
0 1004.0 424.0
0 731.0 425.0
0 829.0 425.0
0 623.0 426.0
0 661.0 426.0
0 805.0 426.0
0 895.0 427.0
0 1010.0 427.0
0 559.0 428.0
0 643.0 428.0
0 813.0 428.0
0 630.0 431.0
0 715.0 431.0
0 727.0 431.0
0 654.0 432.0
0 912.0 432.0
0 967.0 432.0
0 667.0 433.0
0 678.0 433.0
0 733.0 433.0
0 891.0 433.0
0 546.0 434.0
0 838.0 434.0
0 1002.0 434.0
0 1013.0 434.0
0 637.0 435.0
0 751.0 435.0
0 624.0 437.0
0 852.0 437.0
0 1033.0 437.0
0 574.0 438.0
0 599.0 438.0
0 608.0 439.0
0 719.0 439.0
0 742.0 439.0
0 762.0 439.0
0 859.0 439.0
0 644.0 440.0
0 799.0 440.0
0 804.0 440.0
0 619.0 441.0
0 631.0 441.0
0 668.0 441.0
0 792.0 441.0
0 534.0 442.0
0 704.0 443.0
0 889.0 443.0
0 787.0 444.0
0 914.0 444.0
0 591.0 445.0
0 651.0 445.0
0 518.0 446.0
0 611.0 446.0
0 724.0 446.0
0 513.0 447.0
0 624.0 447.0
0 719.0 447.0
0 1002.0 448.0
0 508.0 449.0
0 869.0 449.0
0 599.0 450.0
0 748.0 451.0
0 846.0 451.0
0 860.0 451.0
0 575.0 452.0
0 658.0 452.0
0 706.0 452.0
0 711.0 452.0
0 1033.0 452.0
0 642.0 454.0
0 671.0 454.0
0 605.0 455.0
0 698.0 455.0
0 664.0 456.0
0 726.0 457.0
0 547.0 458.0
0 693.0 458.0
0 779.0 458.0
0 828.0 458.0
0 499.0 459.0
0 756.0 459.0
0 541.0 460.0
0 585.0 460.0
0 611.0 460.0
0 650.0 460.0
0 573.0 461.0
0 715.0 461.0
0 1007.0 461.0
0 526.0 462.0
0 675.0 462.0
0 704.0 463.0
0 757.0 464.0
0 739.0 465.0
0 767.0 465.0
0 624.0 466.0
0 725.0 467.0
0 594.0 468.0
0 643.0 468.0
0 856.0 468.0
0 684.0 470.0
0 624.0 471.0
0 849.0 471.0
0 585.0 472.0
0 679.0 472.0
0 776.0 473.0
0 490.0 474.0
0 631.0 474.0
0 600.0 475.0
0 698.0 476.0
0 1031.0 476.0
0 590.0 477.0
0 724.0 477.0
0 514.0 478.0
0 835.0 479.0
0 999.0 479.0
0 534.0 480.0
0 776.0 480.0
0 862.0 480.0
0 689.0 481.0
0 850.0 482.0
0 608.0 483.0
0 636.0 483.0
0 747.0 483.0
0 481.0 484.0
0 597.0 485.0
0 718.0 485.0
0 705.0 486.0
0 913.0 486.0
0 523.0 487.0
0 838.0 487.0
0 983.0 487.0
0 1012.0 488.0
0 512.0 489.0
0 777.0 489.0
0 477.0 490.0
0 695.0 490.0
0 731.0 490.0
0 966.0 490.0
0 613.0 491.0
0 940.0 491.0
0 628.0 492.0
0 642.0 492.0
0 722.0 492.0
0 874.0 493.0
0 504.0 494.0
0 547.0 494.0
0 603.0 494.0
0 780.0 494.0
0 526.0 495.0
0 838.0 495.0
0 741.0 496.0
0 932.0 497.0
0 948.0 497.0
0 473.0 498.0
0 514.0 498.0
0 544.0 499.0
0 728.0 499.0
0 860.0 499.0
0 715.0 500.0
0 720.0 500.0
0 999.0 500.0
0 693.0 501.0
0 1030.0 501.0
0 647.0 502.0
0 472.0 503.0
0 635.0 503.0
0 906.0 503.0
0 955.0 503.0
0 837.0 504.0
0 739.0 505.0
0 784.0 505.0
0 942.0 505.0
0 984.0 505.0
0 560.0 506.0
0 500.0 507.0
0 746.0 507.0
0 925.0 507.0
0 606.0 508.0
0 487.0 509.0
0 960.0 510.0
0 1012.0 510.0
0 704.0 511.0
0 735.0 511.0
0 835.0 511.0
0 788.0 512.0
0 940.0 514.0
0 1028.0 515.0
0 793.0 516.0
0 860.0 516.0
0 879.0 516.0
0 887.0 516.0
0 612.0 517.0
0 651.0 519.0
0 831.0 519.0
0 930.0 519.0
0 1011.0 519.0
0 542.0 520.0
0 958.0 520.0
0 568.0 521.0
0 826.0 522.0
0 491.0 523.0
0 947.0 523.0
0 598.0 524.0
0 615.0 524.0
0 807.0 524.0
0 918.0 524.0
0 932.0 524.0
0 530.0 525.0
0 468.0 526.0
0 815.0 526.0
0 500.0 527.0
0 639.0 528.0
0 745.0 530.0
0 909.0 530.0
0 934.0 530.0
0 577.0 531.0
0 944.0 531.0
0 971.0 531.0
0 1028.0 532.0
0 566.0 533.0
0 861.0 533.0
0 875.0 533.0
0 1011.0 534.0
0 489.0 535.0
0 620.0 535.0
0 549.0 536.0
0 967.0 536.0
0 972.0 536.0
0 526.0 537.0
0 497.0 538.0
0 572.0 539.0
0 728.0 539.0
0 800.0 539.0
0 552.0 542.0
0 903.0 542.0
0 718.0 543.0
0 528.0 545.0
0 557.0 546.0
0 585.0 546.0
0 747.0 546.0
0 626.0 547.0
0 779.0 547.0
0 815.0 547.0
0 902.0 547.0
0 979.0 547.0
0 538.0 548.0
0 669.0 548.0
0 759.0 548.0
0 828.0 549.0
0 1027.0 550.0
0 468.0 551.0
0 489.0 551.0
0 497.0 552.0
0 650.0 552.0
0 902.0 552.0
0 1027.0 555.0
0 787.0 556.0
0 842.0 556.0
0 1010.0 556.0
0 560.0 557.0
0 860.0 558.0
0 630.0 559.0
0 652.0 559.0
0 725.0 559.0
0 904.0 559.0
0 548.0 560.0
0 762.0 560.0
0 977.0 560.0
0 720.0 561.0
0 892.0 561.0
0 632.0 564.0
0 534.0 565.0
0 539.0 567.0
0 529.0 568.0
0 839.0 569.0
0 968.0 570.0
0 634.0 571.0
0 655.0 571.0
0 1026.0 571.0
0 495.0 575.0
0 967.0 575.0
0 961.0 576.0
0 1026.0 576.0
0 919.0 577.0
0 924.0 581.0
0 1026.0 581.0
0 637.0 583.0
0 929.0 583.0
0 943.0 583.0
0 952.0 583.0
0 936.0 584.0
0 473.0 585.0
0 753.0 587.0
0 761.0 587.0
0 1009.0 587.0
0 519.0 590.0
0 559.0 591.0
0 957.0 592.0
0 497.0 595.0
0 641.0 595.0
0 538.0 596.0
0 586.0 598.0
0 477.0 599.0
0 592.0 599.0
0 498.0 600.0
0 641.0 600.0
0 605.0 606.0
0 828.0 608.0
0 962.0 609.0
0 508.0 610.0
0 559.0 610.0
0 503.0 612.0
0 580.0 613.0
0 482.0 616.0
0 549.0 617.0
0 569.0 617.0
0 597.0 617.0
0 729.0 619.0
0 738.0 619.0
0 1024.0 619.0
0 582.0 620.0
0 608.0 621.0
0 645.0 621.0
0 485.0 624.0
0 559.0 624.0
0 575.0 624.0
0 589.0 624.0
0 760.0 624.0
0 1023.0 628.0
0 759.0 629.0
0 554.0 630.0
0 728.0 630.0
0 825.0 630.0
0 519.0 631.0
0 585.0 633.0
0 758.0 634.0
0 608.0 635.0
0 736.0 636.0
0 514.0 638.0
0 722.0 638.0
0 509.0 641.0
0 518.0 643.0
0 568.0 644.0
0 585.0 644.0
0 114.0 645.0
0 495.0 646.0
0 694.0 646.0
0 498.0 651.0
0 525.0 651.0
0 576.0 652.0
0 598.0 653.0
0 581.0 654.0
0 609.0 654.0
0 536.0 656.0
0 778.0 656.0
0 525.0 657.0
0 747.0 657.0
0 263.0 659.0
0 720.0 659.0
0 727.0 661.0
0 100.0 662.0
0 530.0 663.0
0 541.0 663.0
0 608.0 663.0
0 1022.0 666.0
0 533.0 668.0
0 608.0 668.0
0 815.0 669.0
0 847.0 670.0
0 1022.0 671.0
0 511.0 672.0
0 551.0 672.0
0 822.0 673.0
0 1004.0 675.0
0 831.0 677.0
0 542.0 679.0
0 717.0 679.0
0 1021.0 680.0
0 600.0 681.0
0 564.0 682.0
0 712.0 682.0
0 788.0 683.0
0 992.0 684.0
0 587.0 685.0
0 599.0 686.0
0 578.0 687.0
0 523.0 688.0
0 894.0 688.0
0 817.0 689.0
0 561.0 693.0
0 587.0 695.0
0 574.0 696.0
0 911.0 696.0
0 920.0 697.0
0 996.0 698.0
0 883.0 700.0
0 936.0 700.0
0 953.0 702.0
0 1016.0 704.0
0 542.0 707.0
0 593.0 707.0
0 1119.0 707.0
0 653.0 710.0
0 547.0 711.0
0 913.0 712.0
0 648.0 713.0
0 1156.0 715.0
0 640.0 717.0
0 1019.0 717.0
0 609.0 718.0
0 961.0 718.0
0 563.0 719.0
0 956.0 719.0
0 580.0 720.0
0 426.0 725.0
0 719.0 727.0
0 909.0 729.0
0 576.0 730.0
0 1120.0 733.0
0 1017.0 734.0
0 966.0 736.0
0 956.0 738.0
0 961.0 738.0
0 1016.0 743.0
0 512.0 747.0
0 1099.0 748.0
0 1014.0 751.0
0 552.0 754.0
0 846.0 759.0
0 1012.0 763.0
0 74.0 765.0
0 670.0 765.0
0 812.0 766.0
0 147.0 768.0
0 981.0 772.0
0 38.0 773.0
0 1013.0 777.0
0 558.0 779.0
0 783.0 782.0
0 158.0 784.0
0 335.0 788.0
0 1009.0 791.0
0 40.0 793.0
0 638.0 796.0
0 590.0 799.0
0 244.0 803.0
0 921.0 805.0
0 447.0 807.0
0 495.0 809.0
0 1005.0 813.0
0 898.0 822.0
0 1081.0 823.0
0 928.0 826.0
0 574.0 846.0
0 863.0 848.0
0 663.0 867.0
0 17.0 868.0
0 369.0 877.0
0 620.0 886.0
0 716.0 890.0
0 432.0 892.0
0 1306.0 895.0
0 507.0 909.0
0 1023.0 916.0
0 1007.0 922.0
0 203.0 924.0
0 920.0 939.0
1 1006.0 114.0
1 859.0 354.0
1 779.0 356.0
1 875.0 356.0
1 899.0 356.0
1 878.0 362.0
1 900.0 372.0
1 917.0 381.0
1 878.0 382.0
1 873.0 383.0
1 1069.0 384.0
1 891.0 386.0
1 740.0 389.0
1 734.0 391.0
1 1010.0 391.0
1 1053.0 391.0
1 704.0 392.0
1 983.0 392.0
1 1005.0 392.0
1 1074.0 392.0
1 697.0 393.0
1 662.0 394.0
1 721.0 396.0
1 731.0 397.0
1 899.0 397.0
1 860.0 399.0
1 697.0 400.0
1 661.0 401.0
1 687.0 401.0
1 672.0 402.0
1 726.0 406.0
1 898.0 406.0
1 979.0 406.0
1 1072.0 406.0
1 1081.0 406.0
1 690.0 408.0
1 704.0 408.0
1 1059.0 408.0
1 672.0 409.0
1 1003.0 409.0
1 646.0 410.0
1 682.0 410.0
1 626.0 411.0
1 879.0 411.0
1 1021.0 411.0
1 637.0 414.0
1 712.0 414.0
1 721.0 414.0
1 1070.0 415.0
1 753.0 419.0
1 789.0 419.0
1 843.0 419.0
1 891.0 419.0
1 985.0 419.0
1 1088.0 419.0
1 738.0 420.0
1 743.0 420.0
1 748.0 420.0
1 759.0 420.0
1 768.0 420.0
1 776.0 420.0
1 784.0 420.0
1 795.0 420.0
1 816.0 420.0
1 824.0 420.0
1 829.0 420.0
1 838.0 420.0
1 967.0 420.0
1 1050.0 420.0
1 1063.0 420.0
1 851.0 421.0
1 1004.0 421.0
1 1034.0 421.0
1 646.0 422.0
1 730.0 423.0
1 955.0 423.0
1 671.0 424.0
1 676.0 425.0
1 716.0 425.0
1 1064.0 427.0
1 625.0 428.0
1 784.0 428.0
1 802.0 428.0
1 807.0 428.0
1 980.0 428.0
1 1049.0 428.0
1 682.0 429.0
1 704.0 429.0
1 992.0 429.0
1 1015.0 429.0
1 1032.0 429.0
1 946.0 430.0
1 728.0 431.0
1 712.0 432.0
1 591.0 433.0
1 834.0 433.0
1 852.0 433.0
1 955.0 433.0
1 966.0 433.0
1 1103.0 433.0
1 596.0 434.0
1 605.0 434.0
1 748.0 434.0
1 817.0 434.0
1 871.0 434.0
1 646.0 435.0
1 682.0 435.0
1 734.0 435.0
1 764.0 435.0
1 775.0 435.0
1 797.0 435.0
1 826.0 435.0
1 784.0 436.0
1 841.0 437.0
1 1085.0 437.0
1 909.0 438.0
1 1043.0 440.0
1 930.0 441.0
1 886.0 442.0
1 935.0 442.0
1 1003.0 442.0
1 681.0 443.0
1 710.0 443.0
1 1008.0 443.0
1 588.0 444.0
1 724.0 444.0
1 1106.0 444.0
1 603.0 445.0
1 871.0 445.0
1 963.0 445.0
1 859.0 446.0
1 1039.0 446.0
1 878.0 448.0
1 726.0 449.0
1 854.0 449.0
1 1086.0 450.0
1 1043.0 451.0
1 706.0 452.0
1 1025.0 452.0
1 1101.0 453.0
1 727.0 455.0
1 897.0 455.0
1 917.0 455.0
1 986.0 455.0
1 653.0 456.0
1 791.0 456.0
1 877.0 456.0
1 1003.0 456.0
1 640.0 457.0
1 700.0 457.0
1 860.0 457.0
1 1039.0 457.0
1 721.0 460.0
1 679.0 461.0
1 756.0 461.0
1 908.0 461.0
1 746.0 462.0
1 765.0 462.0
1 783.0 462.0
1 956.0 462.0
1 962.0 462.0
1 967.0 462.0
1 634.0 463.0
1 729.0 463.0
1 738.0 463.0
1 774.0 463.0
1 951.0 463.0
1 1041.0 463.0
1 688.0 464.0
1 975.0 464.0
1 614.0 465.0
1 870.0 465.0
1 858.0 466.0
1 878.0 466.0
1 900.0 466.0
1 980.0 466.0
1 1016.0 466.0
1 670.0 467.0
1 708.0 467.0
1 769.0 467.0
1 787.0 467.0
1 792.0 467.0
1 1107.0 467.0
1 1006.0 468.0
1 1100.0 468.0
1 732.0 469.0
1 741.0 469.0
1 750.0 470.0
1 801.0 470.0
1 987.0 470.0
1 603.0 471.0
1 677.0 471.0
1 697.0 471.0
1 759.0 471.0
1 904.0 471.0
1 589.0 472.0
1 780.0 472.0
1 810.0 472.0
1 887.0 472.0
1 920.0 472.0
1 768.0 473.0
1 938.0 473.0
1 732.0 474.0
1 1103.0 474.0
1 854.0 475.0
1 992.0 475.0
1 820.0 476.0
1 869.0 476.0
1 632.0 477.0
1 640.0 477.0
1 645.0 477.0
1 660.0 477.0
1 665.0 478.0
1 655.0 479.0
1 732.0 479.0
1 1105.0 479.0
1 786.0 480.0
1 995.0 480.0
1 694.0 481.0
1 933.0 481.0
1 599.0 482.0
1 921.0 482.0
1 928.0 482.0
1 1015.0 482.0
1 584.0 483.0
1 761.0 483.0
1 607.0 484.0
1 795.0 484.0
1 853.0 484.0
1 612.0 485.0
1 776.0 485.0
1 676.0 486.0
1 998.0 486.0
1 727.0 487.0
1 667.0 489.0
1 803.0 489.0
1 877.0 490.0
1 922.0 490.0
1 846.0 491.0
1 930.0 491.0
1 1000.0 491.0
1 583.0 492.0
1 864.0 493.0
1 597.0 494.0
1 811.0 494.0
1 792.0 495.0
1 797.0 496.0
1 909.0 496.0
1 1001.0 496.0
1 1100.0 496.0
1 612.0 497.0
1 656.0 498.0
1 928.0 499.0
1 819.0 500.0
1 1038.0 500.0
1 1093.0 500.0
1 1017.0 501.0
1 1029.0 501.0
1 1088.0 501.0
1 1000.0 503.0
1 928.0 504.0
1 1104.0 504.0
1 579.0 505.0
1 876.0 505.0
1 747.0 507.0
1 827.0 507.0
1 1063.0 507.0
1 811.0 509.0
1 591.0 511.0
1 816.0 511.0
1 931.0 511.0
1 1055.0 511.0
1 600.0 512.0
1 1000.0 512.0
1 835.0 513.0
1 1077.0 513.0
1 1102.0 514.0
1 699.0 515.0
1 1067.0 515.0
1 719.0 516.0
1 884.0 516.0
1 1092.0 516.0
1 709.0 517.0
1 1039.0 517.0
1 728.0 518.0
1 681.0 519.0
1 936.0 520.0
1 996.0 520.0
1 691.0 521.0
1 1068.0 522.0
1 609.0 524.0
1 1017.0 524.0
1 1052.0 524.0
1 1080.0 524.0
1 702.0 526.0
1 714.0 526.0
1 730.0 527.0
1 756.0 527.0
1 992.0 527.0
1 1068.0 527.0
1 634.0 528.0
1 943.0 528.0
1 675.0 529.0
1 696.0 529.0
1 1080.0 529.0
1 890.0 530.0
1 929.0 530.0
1 688.0 531.0
1 1093.0 531.0
1 607.0 532.0
1 984.0 532.0
1 1088.0 533.0
1 679.0 534.0
1 753.0 534.0
1 953.0 534.0
1 629.0 535.0
1 958.0 535.0
1 978.0 535.0
1 1058.0 535.0
1 1101.0 535.0
1 664.0 536.0
1 968.0 536.0
1 973.0 536.0
1 1072.0 536.0
1 1046.0 538.0
1 650.0 539.0
1 764.0 539.0
1 780.0 543.0
1 1043.0 543.0
1 1096.0 544.0
1 657.0 545.0
1 772.0 545.0
1 1018.0 546.0
1 747.0 548.0
1 1041.0 548.0
1 722.0 551.0
1 777.0 551.0
1 789.0 551.0
1 663.0 552.0
1 695.0 552.0
1 903.0 553.0
1 1040.0 553.0
1 706.0 554.0
1 737.0 556.0
1 1079.0 556.0
1 1103.0 556.0
1 621.0 557.0
1 865.0 557.0
1 892.0 557.0
1 760.0 558.0
1 592.0 559.0
1 785.0 559.0
1 939.0 559.0
1 976.0 560.0
1 1095.0 561.0
1 636.0 562.0
1 1040.0 562.0
1 796.0 563.0
1 1009.0 563.0
1 959.0 564.0
1 971.0 564.0
1 642.0 565.0
1 990.0 565.0
1 777.0 566.0
1 999.0 566.0
1 733.0 567.0
1 745.0 567.0
1 1091.0 567.0
1 652.0 569.0
1 907.0 569.0
1 770.0 574.0
1 615.0 575.0
1 743.0 575.0
1 760.0 575.0
1 796.0 575.0
1 893.0 575.0
1 1048.0 577.0
1 638.0 578.0
1 749.0 578.0
1 815.0 578.0
1 730.0 579.0
1 648.0 581.0
1 808.0 581.0
1 909.0 581.0
1 1080.0 582.0
1 1057.0 583.0
1 1064.0 584.0
1 1073.0 584.0
1 718.0 585.0
1 802.0 586.0
1 593.0 587.0
1 637.0 587.0
1 729.0 588.0
1 612.0 589.0
1 797.0 589.0
1 911.0 589.0
1 692.0 590.0
1 21.0 591.0
1 758.0 591.0
1 728.0 593.0
1 738.0 595.0
1 626.0 596.0
1 634.0 596.0
1 645.0 597.0
1 719.0 599.0
1 712.0 601.0
1 1040.0 601.0
1 751.0 605.0
1 684.0 606.0
1 735.0 606.0
1 1070.0 607.0
1 812.0 611.0
1 594.0 614.0
1 611.0 615.0
1 729.0 615.0
1 764.0 616.0
1 755.0 619.0
1 645.0 620.0
1 637.0 622.0
1 811.0 622.0
1 627.0 624.0
1 594.0 625.0
1 819.0 625.0
1 767.0 626.0
1 736.0 627.0
1 724.0 629.0
1 811.0 633.0
1 701.0 634.0
1 819.0 635.0
1 640.0 639.0
1 800.0 640.0
1 614.0 641.0
1 756.0 641.0
1 649.0 643.0
1 745.0 647.0
1 640.0 648.0
1 595.0 649.0
1 712.0 649.0
1 634.0 651.0
1 683.0 654.0
1 655.0 655.0
1 609.0 656.0
1 753.0 656.0
1 619.0 657.0
1 817.0 657.0
1 808.0 658.0
1 646.0 659.0
1 761.0 659.0
1 793.0 659.0
1 745.0 661.0
1 772.0 661.0
1 640.0 663.0
1 729.0 663.0
1 717.0 665.0
1 787.0 665.0
1 597.0 666.0
1 814.0 667.0
1 1100.0 670.0
1 611.0 672.0
1 699.0 672.0
1 806.0 672.0
1 887.0 673.0
1 778.0 674.0
1 627.0 675.0
1 668.0 675.0
1 801.0 676.0
1 874.0 677.0
1 717.0 678.0
1 771.0 678.0
1 810.0 678.0
1 595.0 679.0
1 722.0 679.0
1 847.0 679.0
1 727.0 680.0
1 890.0 680.0
1 799.0 682.0
1 661.0 683.0
1 1099.0 684.0
1 752.0 687.0
1 654.0 688.0
1 794.0 688.0
1 805.0 688.0
1 884.0 688.0
1 611.0 689.0
1 665.0 689.0
1 670.0 689.0
1 1100.0 689.0
1 596.0 691.0
1 879.0 692.0
1 636.0 693.0
1 675.0 694.0
1 683.0 694.0
1 1071.0 695.0
1 1085.0 695.0
1 786.0 696.0
1 1038.0 696.0
1 1052.0 696.0
1 799.0 697.0
1 1100.0 698.0
1 838.0 699.0
1 927.0 699.0
1 690.0 700.0
1 676.0 701.0
1 614.0 703.0
1 792.0 704.0
1 199.0 705.0
1 684.0 706.0
1 700.0 706.0
1 597.0 708.0
1 649.0 708.0
1 770.0 708.0
1 695.0 710.0
1 716.0 710.0
1 690.0 711.0
1 760.0 712.0
1 912.0 712.0
1 1083.0 712.0
1 169.0 713.0
1 750.0 713.0
1 1039.0 713.0
1 1098.0 713.0
1 731.0 714.0
1 331.0 716.0
1 702.0 718.0
1 771.0 719.0
1 597.0 720.0
1 689.0 720.0
1 622.0 721.0
1 763.0 721.0
1 798.0 721.0
1 729.0 723.0
1 756.0 723.0
1 1100.0 723.0
1 818.0 725.0
1 715.0 727.0
1 750.0 728.0
1 597.0 729.0
1 1100.0 729.0
1 740.0 730.0
1 1036.0 732.0
1 1082.0 732.0
1 597.0 734.0
1 101.0 736.0
1 259.0 738.0
1 342.0 738.0
1 422.0 739.0
1 598.0 739.0
1 274.0 741.0
1 296.0 741.0
1 1036.0 742.0
1 1080.0 742.0
1 701.0 744.0
1 436.0 745.0
1 425.0 747.0
1 1097.0 747.0
1 693.0 754.0
1 1037.0 755.0
1 128.0 756.0
1 1079.0 756.0
1 1097.0 758.0
1 1175.0 758.0
1 597.0 759.0
1 414.0 761.0
1 275.0 762.0
1 1165.0 769.0
1 1097.0 773.0
1 599.0 774.0
1 413.0 775.0
1 1095.0 789.0
1 863.0 797.0
1 703.0 800.0
1 1094.0 800.0
1 1095.0 812.0
1 542.0 815.0
1 1416.0 817.0
1 816.0 819.0
1 598.0 821.0
1 644.0 832.0
1 931.0 835.0
1 1091.0 837.0
1 618.0 844.0
1 729.0 846.0
1 734.0 846.0
1 730.0 851.0
1 620.0 855.0
1 636.0 855.0
1 75.0 858.0
1 223.0 861.0
1 729.0 861.0
1 966.0 869.0
1 730.0 877.0
1 615.0 882.0
1 736.0 893.0
1 739.0 898.0
1 744.0 904.0
1 618.0 905.0
