0 3 1 376.5876685231689
0 2 2 204.2014420012141
0 4 4 206.953406786435
0 5 5 229.10767553406788
0 9 9 232.50772925456155
0 6 10 243.14303653873816
0 8 11 153.05574315648386
0 10 12 207.8247352845302
0 11 14 277.32739311226277
0 17 15 213.1263132849142
0 12 16 134.08273350390826
0 18 17 279.57234330748474
0 24 18 135.4480623474493
0 29 22 171.2078740117304
0 40 24 201.65284210017705
0 13 25 250.4851678618693
0 16 26 232.57959080409577
0 15 27 238.32904468743456
0 45 28 229.5057850732054
0 19 29 273.0325153828008
0 42 32 251.165948461866
0 86 35 236.4851905470008
0 20 38 254.62538966577526
0 28 40 213.88202283359118
0 26 41 160.71263261471307
0 93 44 125.1484500947795
0 23 50 324.2143574847729
0 25 51 234.70482404744288
0 22 54 118.70588827964785
0 34 55 302.93970698088543
0 33 56 363.2885188707518
0 43 57 166.93295465038162
0 21 58 278.1142548007328
0 35 60 114.43159834746449
0 46 61 250.7014566931399
0 103 62 169.46807789592793
0 126 64 134.4940109771096
0 37 65 158.1385791520669
0 30 66 169.59071515676908
0 32 69 159.61365183855872
0 38 70 197.15717515021922
0 36 72 449.2161844801648
0 84 73 157.6877596981141
0 70 75 273.5031855855879
0 63 76 350.68170625972476
0 39 79 153.26863982388176
0 65 80 312.8542816541773
0 52 82 256.0181848854163
0 71 83 321.83983279200083
0 67 84 328.5498549920595
0 54 86 113.16014574855313
0 48 87 127.9058505519009
0 51 88 214.5473973946708
0 78 89 377.72064499185507
0 104 90 118.6692717880365
0 73 91 241.47345704448756
0 152 92 169.75989559349378
0 75 94 204.7165964794006
0 148 98 199.41861847241384
0 96 99 174.49766651249107
0 53 100 356.880453606936
0 94 101 177.2721571758374
0 76 102 223.2719222570708
0 113 103 135.41287116789817
0 49 104 392.87895282960767
0 114 105 136.6929196472379
0 88 106 202.26830061791884
0 95 108 194.4517353408842
0 87 109 137.1848048586198
0 58 111 197.29034716162855
0 132 112 410.7707618570825
0 115 113 154.75411965161078
0 184 115 159.70966476157332
0 116 116 218.53018880728757
0 119 118 184.7703484027653
0 106 119 119.00269126898773
0 117 121 260.4196556643612
0 79 123 134.68173350828275
0 59 124 162.56084931693735
0 186 125 212.02790765448555
0 120 127 138.42323632280608
0 121 128 228.01214889407987
0 80 129 194.08571960718305
0 68 130 176.7678214007371
0 100 131 203.57747896861312
0 105 132 130.8645796412686
0 81 133 281.97312088057436
0 130 134 408.2319594887859
0 107 135 167.14578118500918
0 175 136 317.47383623125165
0 135 137 242.18470687575865
0 122 139 239.88146345111159
0 124 140 173.98130935712263
0 101 143 314.5055646072663
0 210 145 220.58625594526342
0 196 146 160.9681181306754
0 118 148 110.6102890440327
0 108 149 198.31351169380986
0 123 152 192.43031530431574
0 111 153 131.3690068507229
0 211 154 245.35612082298903
0 219 155 137.68837837070384
0 102 156 222.53344640474236
0 98 157 176.64470560191404
0 92 158 199.18453758071252
0 198 159 460.60291753064064
0 112 160 240.92645418683128
0 173 163 119.80577389698807
0 244 165 488.1118211759599
0 142 166 115.98438029832565
0 133 167 286.02486391319496
0 136 168 122.8725424526236
0 215 169 268.3016700552436
0 143 171 221.43006848841375
0 150 173 182.95564933861135
0 203 176 469.4953605503466
0 158 177 157.24401291076975
0 181 180 492.4377062360869
0 140 181 111.95789257612682
0 134 182 245.71463637499343
0 138 183 194.6116568990899
0 176 184 341.7176544583834
0 241 185 443.88358610300054
0 146 187 118.02307389273454
0 137 188 166.58490935105505
0 131 190 142.50658352912836
0 256 191 153.36565028456425
0 128 193 159.84192268960084
0 157 195 140.2499337505862
0 147 196 345.0144845814833
0 177 198 371.1454036367224
0 145 199 155.6205164137785
0 164 201 114.58230006612456
0 141 203 211.08843581922196
0 163 205 124.37073016250496
0 189 207 174.31554728787327
0 155 210 131.49873393830697
0 225 212 280.9396999675643
0 159 214 264.79628649178323
0 187 216 112.3227977864854
0 188 217 115.70222491334685
0 200 218 372.7355777604783
0 166 219 133.66364407639148
0 151 220 171.11490681614404
0 174 222 465.6440595690329
0 190 223 119.83949129337338
0 172 224 197.14712036360055
0 185 226 285.752759002152
0 156 227 174.4343485163186
0 183 228 209.2866985651066
0 165 232 167.24320319692876
0 202 233 380.49876515826486
0 231 234 451.23942324560477
0 216 235 374.71328727555766
0 223 236 468.2089660848689
0 213 237 131.1458822622651
0 205 238 118.518962259999
0 191 239 212.56372664507185
0 182 242 231.5129550094856
0 179 243 243.85385584857272
0 217 246 267.68469679198927
0 212 249 135.31270001858238
0 209 251 250.65555511564864
0 180 252 127.50534672731497
0 226 256 471.7025615829681
0 193 261 139.51782024694594
0 230 263 459.82826757675514
0 227 265 315.6085582488005
0 195 266 235.5623031594596
0 192 267 187.87276059213255
0 233 270 261.3728479996323
0 218 272 253.81344611499625
0 236 274 280.0139429359393
0 253 278 365.5091632645036
0 246 280 157.6142376142376
0 237 281 179.62883039335927
0 201 282 194.7520133131259
0 269 283 476.56243187158066
0 232 284 271.14918209016207
0 242 285 260.69348515525337
0 247 290 208.95603659952934
0 222 291 152.1603967782716
0 273 292 248.65228255617836
0 251 293 181.3072149983887
0 252 295 253.47649023356794
0 248 296 352.2295389278751
0 254 297 120.04904939077878
0 245 298 490.91376464737806
0 266 300 486.2747269015052
0 229 302 148.9065886567249
0 261 303 230.9691071610859
0 259 308 185.00319067676202
0 308 309 159.89932486126574
0 262 313 278.34856167551163
0 271 315 223.78951864330637
0 301 316 233.59277619080206
0 240 317 142.59508667361231
0 255 318 111.2877358208965
0 295 319 381.50199611180864
0 267 320 201.98995529177193
0 238 321 197.3423757330698
0 276 322 175.44028649823628
0 280 324 248.9852094865156
0 270 325 385.5233336619328
0 296 326 146.00712594716953
0 324 327 263.57032729932575
0 275 328 473.2575614770991
0 264 331 119.49654688129567
0 302 332 360.0236994131584
0 260 333 245.43359608692276
0 263 334 120.58397339812504
0 272 335 128.25525410144732
0 313 336 210.49000053634924
0 282 337 197.54564732839347
0 332 338 252.03455910105777
0 288 339 132.10566490333818
0 292 340 205.65910122969123
0 265 341 137.49404612633523
0 274 343 120.98223299593063
0 290 344 220.9732483828113
0 285 347 119.38269898912041
0 312 349 207.02773416510266
0 337 350 259.4956843563408
0 293 351 172.152988750634
0 307 352 198.5338716174415
0 281 353 182.4656637365446
0 283 355 112.97683563614022
0 278 356 128.6419140431272
0 326 358 136.65087888914863
0 311 359 227.45822066430722
0 303 360 133.89922993570573
0 305 363 172.90870708887715
0 284 364 138.2025611421281
0 331 366 395.02613008758533
0 291 367 420.50992783035196
0 372 368 185.90598776451398
0 339 369 187.77092801315464
0 286 371 136.35107694995904
0 297 372 193.39592039803287
0 320 373 125.66906473742381
0 309 374 190.56734998707947
0 289 375 116.54353699836284
0 294 376 182.56356997773835
0 341 377 433.97007929028166
0 344 378 164.41247331406376
0 335 379 131.71083872746533
0 304 380 121.31278454123216
0 338 381 291.27371538130944
0 300 383 127.43739586549705
0 319 385 112.6231264655435
0 310 387 181.75552100881302
0 306 389 139.56366390288085
0 321 391 173.84530671380128
0 322 392 145.83587733706437
0 340 395 458.6370137885255
0 325 397 206.67749296049655
0 354 400 231.09426484643078
0 347 402 247.01978886168146
0 328 403 175.16794324869758
0 367 404 120.54896964902429
0 317 405 146.05725785185857
0 353 406 325.2574040811262
0 342 407 372.8518375834125
0 336 408 173.9021769573098
0 316 410 239.30178466311688
0 363 411 249.19258527554723
0 333 413 146.71492913839734
0 373 414 122.9469814915035
0 356 416 115.7406259543891
0 343 417 187.67665843422162
0 352 419 321.67044839155824
0 334 420 122.1295858515821
0 323 421 151.86044985488041
0 355 423 457.95388119584015
0 348 425 123.82473191703932
0 386 427 186.66422190159406
0 377 429 337.74455691602947
0 346 431 228.111555815128
0 385 432 241.69948987614595
0 388 433 153.78863606718286
0 397 434 348.7260242253069
0 357 435 111.44805273656351
0 359 436 106.05597954082151
0 350 438 194.0803535763735
0 362 439 113.05395522697832
0 390 441 376.71767869272094
0 410 442 431.2319240659118
0 368 444 279.51849863995346
0 378 445 109.25134779797258
0 360 446 313.74975595269706
0 409 449 447.98576888469546
0 361 450 123.07994782246227
0 380 451 156.127194611806
0 370 452 118.64725903396337
0 424 454 150.9304906432757
0 412 455 139.32673921163857
0 413 456 124.36136365961197
0 366 458 206.36324186242857
0 374 461 104.72152092864829
0 407 463 484.36689663236245
0 375 464 140.7349495987969
0 387 467 144.32342758781166
0 381 468 141.38309091126663
0 395 470 167.14339995803786
0 369 471 200.59664088348907
0 393 473 450.94684986353775
0 404 474 298.4960366652389
0 422 475 265.1965993245849
0 423 476 449.1365135761857
0 392 478 229.9664163162341
0 376 479 218.43769000917902
0 430 483 127.1448916254754
0 396 485 188.8731005703383
0 400 487 183.44869483789432
0 415 489 398.7958076230179
0 421 490 281.6984263826984
0 402 491 211.31523937090915
0 406 492 163.41685567108215
0 403 493 155.57302565192484
0 405 494 177.53353988347507
0 435 495 226.38569042799733
0 438 499 107.6696831374068
0 428 500 318.31727553366596
0 416 501 112.78328309342069
0 442 502 159.35728274872528
0 436 504 181.3995666231257
0 431 505 287.41668372665526
0 458 506 128.6019286898187
0 452 508 152.04978635182002
0 447 510 153.7164225517239
0 440 511 108.29703952097138
0 425 512 355.05915213126923
0 462 513 150.82092832111238
0 466 514 346.43287859053993
0 463 515 155.97939986496897
0 456 516 155.56827961241677
0 454 518 212.2701901436642
0 451 520 454.6761568285981
0 441 521 126.53148679332827
0 443 522 129.69087325661286
0 453 526 377.3462042186569
0 483 527 168.42226996205352
0 470 528 232.37739919615657
0 468 529 312.13247999243913
0 479 534 231.79262142999298
0 457 535 126.75088411702001
0 474 536 165.6445387223804
0 478 537 132.98219573867976
0 464 539 258.60359555639747
0 461 540 348.728017577312
0 488 542 171.72263931749907
0 496 544 129.29932643756078
0 498 545 167.5205608696299
0 497 546 213.17184813369033
0 573 548 119.09198798859508
0 516 549 210.56589939392018
0 507 552 216.8756056606687
0 499 553 248.44867443298804
0 494 554 390.3051469040153
0 500 555 226.08493633669232
0 513 557 245.53122316571972
0 504 558 273.6315438943659
0 515 559 220.7375647422297
0 492 563 257.331676504948
0 527 565 264.30633555885845
0 480 568 190.4384488881907
0 538 569 302.2260988520798
0 487 573 241.39264366936266
0 569 574 292.61988047162873
0 536 575 398.0529654884432
0 518 576 165.84259795702977
0 493 577 125.37392176788929
0 521 578 141.00921696052524
0 553 579 269.76719954797653
0 512 580 223.22274301388467
0 506 581 196.77013551713276
0 535 582 250.34283858891837
0 548 583 173.89729215229255
0 528 584 172.430915724126
0 541 585 106.65186430487456
0 505 586 154.29796662601035
0 540 587 185.7933535406982
0 545 589 213.53769829893074
0 551 592 109.98080850750287
0 567 593 185.59571452766406
0 555 594 249.81148982560248
0 566 595 215.0291757011316
0 523 596 112.45237324269874
0 526 598 127.48656970557796
0 525 601 131.87870616683207
0 547 602 134.6744143259559
0 563 604 339.311972277778
0 568 606 213.0361810826129
0 552 608 128.1097228812458
0 576 611 151.73399781785136
0 558 612 117.43649449752324
0 577 613 154.2337525516454
0 554 614 166.74496101664914
0 578 615 216.57951165092277
0 574 620 141.8756776787114
0 572 623 116.4738177490428
0 575 624 223.88588945888287
0 587 628 191.76154894977128
0 580 630 211.49103736801993
0 585 633 218.86097615017448
0 588 640 265.84485109504897
0 591 645 311.0775136146808
0 593 647 237.4512917625546
0 607 651 177.94272560157378
0 592 653 492.4372003528349
0 595 654 149.82886489998825
0 608 657 436.74519036874324
0 617 662 477.8330350060099
0 616 663 286.418749849554

0 775.0 277.0
0 780.0 277.0
0 836.0 280.0
0 735.0 284.0
0 788.0 287.0
0 681.0 288.0
0 777.0 288.0
0 726.0 289.0
0 745.0 294.0
0 838.0 296.0
0 775.0 297.0
0 788.0 299.0
0 808.0 301.0
0 813.0 302.0
0 844.0 306.0
0 656.0 307.0
0 854.0 309.0
0 641.0 310.0
0 604.0 311.0
0 646.0 311.0
0 825.0 313.0
0 603.0 321.0
0 614.0 322.0
0 634.0 323.0
0 587.0 324.0
0 771.0 325.0
0 792.0 326.0
0 759.0 328.0
0 606.0 331.0
0 750.0 333.0
0 786.0 333.0
0 800.0 334.0
0 620.0 337.0
0 984.0 337.0
0 775.0 338.0
0 586.0 339.0
0 792.0 339.0
0 974.0 339.0
0 892.0 340.0
0 912.0 340.0
0 767.0 342.0
0 801.0 342.0
0 985.0 342.0
0 788.0 344.0
0 554.0 345.0
0 903.0 345.0
0 882.0 346.0
0 610.0 347.0
0 755.0 347.0
0 779.0 347.0
0 990.0 347.0
0 741.0 349.0
0 877.0 349.0
0 736.0 350.0
0 964.0 350.0
0 980.0 350.0
0 746.0 351.0
0 795.0 351.0
0 903.0 352.0
0 878.0 354.0
0 717.0 355.0
0 766.0 355.0
0 588.0 356.0
0 926.0 357.0
0 556.0 359.0
0 736.0 360.0
0 898.0 360.0
0 959.0 360.0
0 753.0 362.0
0 925.0 362.0
0 878.0 363.0
0 712.0 364.0
0 999.0 364.0
0 615.0 365.0
0 781.0 365.0
0 628.0 366.0
0 634.0 366.0
0 603.0 368.0
0 743.0 368.0
0 982.0 368.0
0 647.0 369.0
0 871.0 370.0
0 883.0 370.0
0 655.0 371.0
0 662.0 371.0
0 754.0 371.0
0 767.0 371.0
0 900.0 372.0
0 988.0 372.0
0 862.0 373.0
0 612.0 374.0
0 679.0 375.0
0 583.0 376.0
0 879.0 376.0
0 690.0 377.0
0 730.0 377.0
0 949.0 377.0
0 996.0 377.0
0 592.0 378.0
0 846.0 378.0
0 1006.0 378.0
0 654.0 379.0
0 699.0 379.0
0 618.0 380.0
0 919.0 380.0
0 627.0 381.0
0 756.0 381.0
0 988.0 381.0
0 668.0 382.0
0 707.0 382.0
0 870.0 383.0
0 882.0 383.0
0 601.0 384.0
0 640.0 384.0
0 676.0 384.0
0 558.0 385.0
0 648.0 385.0
0 784.0 385.0
0 653.0 386.0
0 815.0 386.0
0 610.0 387.0
0 693.0 387.0
0 835.0 387.0
0 897.0 387.0
0 968.0 387.0
0 549.0 388.0
0 698.0 388.0
0 665.0 389.0
0 679.0 389.0
0 912.0 389.0
0 949.0 389.0
0 1006.0 389.0
0 758.0 390.0
0 930.0 390.0
0 854.0 391.0
0 859.0 391.0
0 603.0 392.0
0 612.0 392.0
0 684.0 393.0
0 689.0 393.0
0 787.0 394.0
0 792.0 394.0
0 798.0 394.0
0 873.0 394.0
0 969.0 395.0
0 557.0 396.0
0 581.0 396.0
0 626.0 396.0
0 706.0 396.0
0 1029.0 396.0
0 603.0 397.0
0 886.0 397.0
0 724.0 398.0
0 894.0 399.0
0 562.0 400.0
0 567.0 400.0
0 910.0 400.0
0 930.0 400.0
0 950.0 400.0
0 595.0 401.0
0 1007.0 403.0
0 1031.0 404.0
0 549.0 405.0
0 617.0 405.0
0 1002.0 405.0
0 559.0 406.0
0 798.0 406.0
0 861.0 406.0
0 741.0 407.0
0 542.0 408.0
0 644.0 408.0
0 812.0 408.0
0 639.0 409.0
0 711.0 409.0
0 817.0 409.0
0 945.0 409.0
0 602.0 410.0
0 663.0 410.0
0 822.0 410.0
0 927.0 410.0
0 612.0 411.0
0 722.0 411.0
0 1033.0 411.0
0 834.0 412.0
0 629.0 413.0
0 568.0 414.0
0 668.0 414.0
0 731.0 414.0
0 890.0 415.0
0 613.0 416.0
0 918.0 418.0
0 541.0 419.0
0 821.0 419.0
0 965.0 419.0
0 592.0 420.0
0 780.0 420.0
0 844.0 420.0
0 654.0 421.0
0 607.0 422.0
0 886.0 422.0
0 550.0 423.0
0 757.0 424.0
0 792.0 424.0
0 965.0 424.0
0 1004.0 424.0
0 731.0 425.0
0 829.0 425.0
0 623.0 426.0
0 661.0 426.0
0 805.0 426.0
0 895.0 427.0
0 1010.0 427.0
0 559.0 428.0
0 643.0 428.0
0 813.0 428.0
0 630.0 431.0
0 715.0 431.0
0 727.0 431.0
0 654.0 432.0
0 912.0 432.0
0 967.0 432.0
0 667.0 433.0
0 678.0 433.0
0 733.0 433.0
0 891.0 433.0
0 546.0 434.0
0 838.0 434.0
0 1002.0 434.0
0 1013.0 434.0
0 637.0 435.0
0 751.0 435.0
0 624.0 437.0
0 852.0 437.0
0 1033.0 437.0
0 574.0 438.0
0 599.0 438.0
0 608.0 439.0
0 719.0 439.0
0 742.0 439.0
0 762.0 439.0
0 859.0 439.0
0 644.0 440.0
0 799.0 440.0
0 804.0 440.0
0 619.0 441.0
0 631.0 441.0
0 668.0 441.0
0 792.0 441.0
0 534.0 442.0
0 704.0 443.0
0 889.0 443.0
0 787.0 444.0
0 914.0 444.0
0 591.0 445.0
0 651.0 445.0
0 518.0 446.0
0 611.0 446.0
0 724.0 446.0
0 513.0 447.0
0 624.0 447.0
0 719.0 447.0
0 1002.0 448.0
0 508.0 449.0
0 869.0 449.0
0 599.0 450.0
0 748.0 451.0
0 846.0 451.0
0 860.0 451.0
0 575.0 452.0
0 658.0 452.0
0 706.0 452.0
0 711.0 452.0
0 1033.0 452.0
0 642.0 454.0
0 671.0 454.0
0 605.0 455.0
0 698.0 455.0
0 664.0 456.0
0 726.0 457.0
0 547.0 458.0
0 693.0 458.0
0 779.0 458.0
0 828.0 458.0
0 499.0 459.0
0 756.0 459.0
0 541.0 460.0
0 585.0 460.0
0 611.0 460.0
0 650.0 460.0
0 573.0 461.0
0 715.0 461.0
0 1007.0 461.0
0 526.0 462.0
0 675.0 462.0
0 704.0 463.0
0 757.0 464.0
0 739.0 465.0
0 767.0 465.0
0 624.0 466.0
0 725.0 467.0
0 594.0 468.0
0 643.0 468.0
0 856.0 468.0
0 684.0 470.0
0 624.0 471.0
0 849.0 471.0
0 585.0 472.0
0 679.0 472.0
0 776.0 473.0
0 490.0 474.0
0 631.0 474.0
0 600.0 475.0
0 698.0 476.0
0 1031.0 476.0
0 590.0 477.0
0 724.0 477.0
0 514.0 478.0
0 835.0 479.0
0 999.0 479.0
0 534.0 480.0
0 776.0 480.0
0 862.0 480.0
0 689.0 481.0
0 850.0 482.0
0 608.0 483.0
0 636.0 483.0
0 747.0 483.0
0 481.0 484.0
0 597.0 485.0
0 718.0 485.0
0 705.0 486.0
0 913.0 486.0
0 523.0 487.0
0 838.0 487.0
0 983.0 487.0
0 1012.0 488.0
0 512.0 489.0
0 777.0 489.0
0 477.0 490.0
0 695.0 490.0
0 731.0 490.0
0 966.0 490.0
0 613.0 491.0
0 940.0 491.0
0 628.0 492.0
0 642.0 492.0
0 722.0 492.0
0 874.0 493.0
0 504.0 494.0
0 547.0 494.0
0 603.0 494.0
0 780.0 494.0
0 526.0 495.0
0 838.0 495.0
0 741.0 496.0
0 932.0 497.0
0 948.0 497.0
0 473.0 498.0
0 514.0 498.0
0 544.0 499.0
0 728.0 499.0
0 860.0 499.0
0 715.0 500.0
0 720.0 500.0
0 999.0 500.0
0 693.0 501.0
0 1030.0 501.0
0 647.0 502.0
0 472.0 503.0
0 635.0 503.0
0 906.0 503.0
0 955.0 503.0
0 837.0 504.0
0 739.0 505.0
0 784.0 505.0
0 942.0 505.0
0 984.0 505.0
0 560.0 506.0
0 500.0 507.0
0 746.0 507.0
0 925.0 507.0
0 606.0 508.0
0 487.0 509.0
0 960.0 510.0
0 1012.0 510.0
0 704.0 511.0
0 735.0 511.0
0 835.0 511.0
0 788.0 512.0
0 940.0 514.0
0 1028.0 515.0
0 793.0 516.0
0 860.0 516.0
0 879.0 516.0
0 887.0 516.0
0 612.0 517.0
0 651.0 519.0
0 831.0 519.0
0 930.0 519.0
0 1011.0 519.0
0 542.0 520.0
0 958.0 520.0
0 568.0 521.0
0 826.0 522.0
0 491.0 523.0
0 947.0 523.0
0 598.0 524.0
0 615.0 524.0
0 807.0 524.0
0 918.0 524.0
0 932.0 524.0
0 530.0 525.0
0 468.0 526.0
0 815.0 526.0
0 500.0 527.0
0 639.0 528.0
0 745.0 530.0
0 909.0 530.0
0 934.0 530.0
0 577.0 531.0
0 944.0 531.0
0 971.0 531.0
0 1028.0 532.0
0 566.0 533.0
0 861.0 533.0
0 875.0 533.0
0 1011.0 534.0
0 489.0 535.0
0 620.0 535.0
0 549.0 536.0
0 967.0 536.0
0 972.0 536.0
0 526.0 537.0
0 497.0 538.0
0 572.0 539.0
0 728.0 539.0
0 800.0 539.0
0 552.0 542.0
0 903.0 542.0
0 718.0 543.0
0 528.0 545.0
0 557.0 546.0
0 585.0 546.0
0 747.0 546.0
0 626.0 547.0
0 779.0 547.0
0 815.0 547.0
0 902.0 547.0
0 979.0 547.0
0 538.0 548.0
0 669.0 548.0
0 759.0 548.0
0 828.0 549.0
0 1027.0 550.0
0 468.0 551.0
0 489.0 551.0
0 497.0 552.0
0 650.0 552.0
0 902.0 552.0
0 1027.0 555.0
0 787.0 556.0
0 842.0 556.0
0 1010.0 556.0
0 560.0 557.0
0 860.0 558.0
0 630.0 559.0
0 652.0 559.0
0 725.0 559.0
0 904.0 559.0
0 548.0 560.0
0 762.0 560.0
0 977.0 560.0
0 720.0 561.0
0 892.0 561.0
0 632.0 564.0
0 534.0 565.0
0 539.0 567.0
0 529.0 568.0
0 839.0 569.0
0 968.0 570.0
0 634.0 571.0
0 655.0 571.0
0 1026.0 571.0
0 495.0 575.0
0 967.0 575.0
0 961.0 576.0
0 1026.0 576.0
0 919.0 577.0
0 924.0 581.0
0 1026.0 581.0
0 637.0 583.0
0 929.0 583.0
0 943.0 583.0
0 952.0 583.0
0 936.0 584.0
0 473.0 585.0
0 753.0 587.0
0 761.0 587.0
0 1009.0 587.0
0 519.0 590.0
0 559.0 591.0
0 957.0 592.0
0 497.0 595.0
0 641.0 595.0
0 538.0 596.0
0 586.0 598.0
0 477.0 599.0
0 592.0 599.0
0 498.0 600.0
0 641.0 600.0
0 605.0 606.0
0 828.0 608.0
0 962.0 609.0
0 508.0 610.0
0 559.0 610.0
0 503.0 612.0
0 580.0 613.0
0 482.0 616.0
0 549.0 617.0
0 569.0 617.0
0 597.0 617.0
0 729.0 619.0
0 738.0 619.0
0 1024.0 619.0
0 582.0 620.0
0 608.0 621.0
0 645.0 621.0
0 485.0 624.0
0 559.0 624.0
0 575.0 624.0
0 589.0 624.0
0 760.0 624.0
0 1023.0 628.0
0 759.0 629.0
0 554.0 630.0
0 728.0 630.0
0 825.0 630.0
0 519.0 631.0
0 585.0 633.0
0 758.0 634.0
0 608.0 635.0
0 736.0 636.0
0 514.0 638.0
0 722.0 638.0
0 509.0 641.0
0 518.0 643.0
0 568.0 644.0
0 585.0 644.0
0 114.0 645.0
0 495.0 646.0
0 694.0 646.0
0 498.0 651.0
0 525.0 651.0
0 576.0 652.0
0 598.0 653.0
0 581.0 654.0
0 609.0 654.0
0 536.0 656.0
0 778.0 656.0
0 525.0 657.0
0 747.0 657.0
0 263.0 659.0
0 720.0 659.0
0 727.0 661.0
0 100.0 662.0
0 530.0 663.0
0 541.0 663.0
0 608.0 663.0
0 1022.0 666.0
0 533.0 668.0
0 608.0 668.0
0 815.0 669.0
0 847.0 670.0
0 1022.0 671.0
0 511.0 672.0
0 551.0 672.0
0 822.0 673.0
0 1004.0 675.0
0 831.0 677.0
0 542.0 679.0
0 717.0 679.0
0 1021.0 680.0
0 600.0 681.0
0 564.0 682.0
0 712.0 682.0
0 788.0 683.0
0 992.0 684.0
0 587.0 685.0
0 599.0 686.0
0 578.0 687.0
0 523.0 688.0
0 894.0 688.0
0 817.0 689.0
0 561.0 693.0
0 587.0 695.0
0 574.0 696.0
0 911.0 696.0
0 920.0 697.0
0 996.0 698.0
0 883.0 700.0
0 936.0 700.0
0 953.0 702.0
0 1016.0 704.0
0 542.0 707.0
0 593.0 707.0
0 1119.0 707.0
0 653.0 710.0
0 547.0 711.0
0 913.0 712.0
0 648.0 713.0
0 1156.0 715.0
0 640.0 717.0
0 1019.0 717.0
0 609.0 718.0
0 961.0 718.0
0 563.0 719.0
0 956.0 719.0
0 580.0 720.0
0 426.0 725.0
0 719.0 727.0
0 909.0 729.0
0 576.0 730.0
0 1120.0 733.0
0 1017.0 734.0
0 966.0 736.0
0 956.0 738.0
0 961.0 738.0
0 1016.0 743.0
0 512.0 747.0
0 1099.0 748.0
0 1014.0 751.0
0 552.0 754.0
0 846.0 759.0
0 1012.0 763.0
0 74.0 765.0
0 670.0 765.0
0 812.0 766.0
0 147.0 768.0
0 981.0 772.0
0 38.0 773.0
0 1013.0 777.0
0 558.0 779.0
0 783.0 782.0
0 158.0 784.0
0 335.0 788.0
0 1009.0 791.0
0 40.0 793.0
0 638.0 796.0
0 590.0 799.0
0 244.0 803.0
0 921.0 805.0
0 447.0 807.0
0 495.0 809.0
0 1005.0 813.0
0 898.0 822.0
0 1081.0 823.0
0 928.0 826.0
0 574.0 846.0
0 863.0 848.0
0 663.0 867.0
0 17.0 868.0
0 369.0 877.0
0 620.0 886.0
0 716.0 890.0
0 432.0 892.0
0 1306.0 895.0
0 507.0 909.0
0 1023.0 916.0
0 1007.0 922.0
0 203.0 924.0
0 920.0 939.0
1 1050.0 94.0
1 895.0 191.0
1 870.0 363.0
1 811.0 364.0
1 838.0 364.0
1 738.0 367.0
1 828.0 368.0
1 833.0 368.0
1 840.0 372.0
1 874.0 373.0
1 855.0 377.0
1 871.0 380.0
1 887.0 388.0
1 835.0 393.0
1 1031.0 393.0
1 828.0 394.0
1 849.0 396.0
1 699.0 398.0
1 672.0 401.0
1 819.0 401.0
1 944.0 401.0
1 968.0 401.0
1 1017.0 401.0
1 1037.0 401.0
1 636.0 403.0
1 818.0 407.0
1 858.0 408.0
1 686.0 409.0
1 830.0 409.0
1 660.0 410.0
1 960.0 410.0
1 965.0 410.0
1 983.0 410.0
1 818.0 412.0
1 1034.0 412.0
1 804.0 413.0
1 1045.0 416.0
1 818.0 417.0
1 938.0 417.0
1 1033.0 417.0
1 620.0 418.0
1 645.0 418.0
1 678.0 418.0
1 854.0 418.0
1 608.0 419.0
1 656.0 420.0
1 830.0 420.0
1 954.0 422.0
1 964.0 423.0
1 976.0 423.0
1 827.0 425.0
1 1033.0 425.0
1 944.0 426.0
1 1051.0 429.0
1 841.0 430.0
1 1030.0 430.0
1 621.0 431.0
1 926.0 431.0
1 943.0 431.0
1 1017.0 432.0
1 687.0 433.0
1 692.0 433.0
1 704.0 433.0
1 709.0 433.0
1 714.0 433.0
1 719.0 433.0
1 737.0 433.0
1 743.0 433.0
1 1002.0 433.0
1 645.0 434.0
1 699.0 434.0
1 726.0 434.0
1 732.0 434.0
1 760.0 434.0
1 765.0 434.0
1 774.0 434.0
1 785.0 434.0
1 790.0 434.0
1 915.0 434.0
1 957.0 434.0
1 977.0 434.0
1 982.0 434.0
1 988.0 434.0
1 672.0 435.0
1 682.0 435.0
1 779.0 435.0
1 606.0 436.0
1 795.0 436.0
1 836.0 436.0
1 1033.0 437.0
1 613.0 440.0
1 651.0 440.0
1 1018.0 441.0
1 576.0 442.0
1 733.0 442.0
1 750.0 442.0
1 900.0 442.0
1 967.0 442.0
1 984.0 442.0
1 1002.0 442.0
1 1052.0 442.0
1 925.0 443.0
1 977.0 443.0
1 620.0 444.0
1 682.0 444.0
1 839.0 444.0
1 876.0 444.0
1 916.0 444.0
1 1070.0 444.0
1 651.0 445.0
1 667.0 445.0
1 957.0 446.0
1 1056.0 447.0
1 688.0 448.0
1 699.0 448.0
1 715.0 448.0
1 724.0 448.0
1 777.0 448.0
1 795.0 448.0
1 733.0 449.0
1 744.0 449.0
1 763.0 449.0
1 772.0 449.0
1 814.0 449.0
1 859.0 451.0
1 570.0 452.0
1 582.0 453.0
1 651.0 453.0
1 1037.0 453.0
1 888.0 454.0
1 916.0 454.0
1 994.0 455.0
1 667.0 456.0
1 953.0 456.0
1 1073.0 456.0
1 677.0 457.0
1 830.0 457.0
1 958.0 457.0
1 913.0 459.0
1 800.0 460.0
1 813.0 460.0
1 1038.0 460.0
1 867.0 461.0
1 878.0 461.0
1 681.0 462.0
1 958.0 462.0
1 821.0 463.0
1 926.0 463.0
1 627.0 465.0
1 664.0 465.0
1 797.0 465.0
1 1039.0 465.0
1 614.0 466.0
1 993.0 466.0
1 949.0 467.0
1 977.0 467.0
1 1061.0 467.0
1 864.0 469.0
1 740.0 470.0
1 891.0 470.0
1 609.0 471.0
1 650.0 471.0
1 932.0 471.0
1 821.0 472.0
1 843.0 472.0
1 945.0 472.0
1 991.0 472.0
1 592.0 473.0
1 658.0 473.0
1 964.0 473.0
1 672.0 474.0
1 711.0 474.0
1 974.0 474.0
1 684.0 475.0
1 782.0 475.0
1 643.0 476.0
1 698.0 477.0
1 703.0 477.0
1 658.0 478.0
1 897.0 478.0
1 992.0 478.0
1 665.0 479.0
1 892.0 479.0
1 1074.0 479.0
1 582.0 480.0
1 907.0 480.0
1 570.0 481.0
1 802.0 481.0
1 814.0 481.0
1 727.0 482.0
1 822.0 482.0
1 847.0 482.0
1 953.0 483.0
1 1060.0 483.0
1 919.0 484.0
1 948.0 485.0
1 609.0 486.0
1 615.0 486.0
1 629.0 487.0
1 675.0 487.0
1 744.0 487.0
1 926.0 487.0
1 1073.0 487.0
1 659.0 488.0
1 687.0 488.0
1 831.0 488.0
1 866.0 488.0
1 645.0 489.0
1 692.0 489.0
1 880.0 489.0
1 577.0 490.0
1 582.0 490.0
1 788.0 491.0
1 801.0 491.0
1 851.0 491.0
1 565.0 492.0
1 699.0 492.0
1 759.0 492.0
1 1074.0 492.0
1 590.0 493.0
1 668.0 493.0
1 931.0 493.0
1 1060.0 493.0
1 708.0 495.0
1 874.0 495.0
1 632.0 496.0
1 715.0 498.0
1 824.0 498.0
1 869.0 498.0
1 952.0 498.0
1 959.0 498.0
1 661.0 499.0
1 843.0 499.0
1 793.0 501.0
1 701.0 503.0
1 723.0 503.0
1 767.0 503.0
1 870.0 503.0
1 959.0 503.0
1 779.0 504.0
1 936.0 504.0
1 592.0 506.0
1 657.0 506.0
1 607.0 507.0
1 582.0 508.0
1 731.0 508.0
1 786.0 508.0
1 802.0 508.0
1 822.0 508.0
1 691.0 509.0
1 713.0 509.0
1 773.0 509.0
1 835.0 509.0
1 812.0 511.0
1 854.0 511.0
1 1060.0 511.0
1 560.0 513.0
1 720.0 513.0
1 740.0 513.0
1 870.0 513.0
1 940.0 513.0
1 782.0 515.0
1 1074.0 515.0
1 1051.0 516.0
1 991.0 517.0
1 1041.0 517.0
1 728.0 518.0
1 870.0 518.0
1 979.0 518.0
1 574.0 519.0
1 749.0 519.0
1 819.0 519.0
1 1065.0 519.0
1 624.0 520.0
1 1015.0 520.0
1 720.0 524.0
1 791.0 524.0
1 606.0 525.0
1 1023.0 525.0
1 669.0 527.0
1 735.0 527.0
1 940.0 527.0
1 873.0 528.0
1 1006.0 529.0
1 1061.0 530.0
1 963.0 531.0
1 1030.0 531.0
1 744.0 532.0
1 796.0 532.0
1 1016.0 532.0
1 751.0 533.0
1 763.0 533.0
1 824.0 533.0
1 875.0 533.0
1 1050.0 533.0
1 630.0 534.0
1 843.0 535.0
1 936.0 536.0
1 656.0 537.0
1 731.0 537.0
1 1035.0 537.0
1 615.0 539.0
1 623.0 540.0
1 824.0 540.0
1 1003.0 541.0
1 817.0 542.0
1 1016.0 542.0
1 633.0 543.0
1 575.0 544.0
1 880.0 544.0
1 931.0 544.0
1 644.0 545.0
1 658.0 545.0
1 610.0 547.0
1 680.0 547.0
1 875.0 547.0
1 1018.0 547.0
1 1030.0 547.0
1 622.0 548.0
1 808.0 548.0
1 835.0 548.0
1 887.0 548.0
1 953.0 548.0
1 1045.0 549.0
1 570.0 550.0
1 925.0 551.0
1 614.0 552.0
1 680.0 552.0
1 920.0 552.0
1 1007.0 552.0
1 895.0 553.0
1 1073.0 553.0
1 567.0 555.0
1 911.0 555.0
1 1024.0 555.0
1 840.0 556.0
1 904.0 556.0
1 687.0 557.0
1 708.0 557.0
1 727.0 557.0
1 732.0 558.0
1 647.0 560.0
1 749.0 560.0
1 992.0 560.0
1 595.0 562.0
1 878.0 562.0
1 1050.0 562.0
1 667.0 563.0
1 964.0 563.0
1 695.0 565.0
1 991.0 565.0
1 601.0 568.0
1 681.0 569.0
1 700.0 571.0
1 641.0 572.0
1 663.0 572.0
1 843.0 573.0
1 830.0 575.0
1 1033.0 575.0
1 886.0 577.0
1 921.0 577.0
1 789.0 579.0
1 823.0 579.0
1 622.0 580.0
1 709.0 580.0
1 953.0 580.0
1 989.0 580.0
1 582.0 581.0
1 759.0 581.0
1 1048.0 581.0
1 917.0 582.0
1 689.0 583.0
1 556.0 584.0
1 590.0 584.0
1 935.0 585.0
1 952.0 585.0
1 1048.0 586.0
1 646.0 587.0
1 867.0 587.0
1 715.0 588.0
1 848.0 588.0
1 991.0 589.0
1 1072.0 590.0
1 673.0 591.0
1 951.0 591.0
1 615.0 592.0
1 578.0 594.0
1 828.0 594.0
1 587.0 596.0
1 637.0 596.0
1 679.0 596.0
1 719.0 596.0
1 942.0 598.0
1 947.0 598.0
1 999.0 598.0
1 850.0 599.0
1 1040.0 599.0
1 662.0 600.0
1 688.0 600.0
1 700.0 601.0
1 1004.0 601.0
1 578.0 602.0
1 1009.0 603.0
1 1032.0 603.0
1 731.0 604.0
1 1016.0 605.0
1 1024.0 605.0
1 675.0 607.0
1 723.0 607.0
1 652.0 608.0
1 665.0 610.0
1 568.0 611.0
1 576.0 611.0
1 586.0 612.0
1 704.0 613.0
1 1072.0 613.0
1 1034.0 614.0
1 674.0 616.0
1 689.0 616.0
1 713.0 618.0
1 623.0 622.0
1 740.0 624.0
1 635.0 625.0
1 660.0 625.0
1 553.0 626.0
1 1025.0 628.0
1 676.0 629.0
1 740.0 629.0
1 677.0 634.0
1 586.0 635.0
1 580.0 636.0
1 680.0 639.0
1 554.0 641.0
1 637.0 641.0
1 1047.0 645.0
1 555.0 646.0
1 639.0 646.0
1 650.0 648.0
1 617.0 650.0
1 692.0 651.0
1 898.0 651.0
1 833.0 653.0
1 582.0 654.0
1 840.0 654.0
1 702.0 656.0
1 740.0 657.0
1 591.0 658.0
1 684.0 659.0
1 709.0 659.0
1 715.0 659.0
1 721.0 660.0
1 728.0 661.0
1 582.0 662.0
1 740.0 662.0
1 659.0 664.0
1 693.0 664.0
1 673.0 665.0
1 831.0 665.0
1 559.0 666.0
1 1031.0 666.0
1 706.0 667.0
1 727.0 668.0
1 596.0 671.0
1 587.0 674.0
1 848.0 675.0
1 581.0 676.0
1 639.0 676.0
1 691.0 678.0
1 676.0 679.0
1 745.0 679.0
1 653.0 680.0
1 732.0 680.0
1 845.0 682.0
1 843.0 687.0
1 894.0 687.0
1 639.0 688.0
1 701.0 688.0
1 586.0 689.0
1 607.0 690.0
1 651.0 690.0
1 1071.0 691.0
1 715.0 692.0
1 589.0 694.0
1 572.0 696.0
1 709.0 696.0
1 727.0 696.0
1 862.0 696.0
1 1072.0 696.0
1 600.0 698.0
1 703.0 698.0
1 770.0 699.0
1 734.0 700.0
1 835.0 700.0
1 1063.0 700.0
1 696.0 701.0
1 861.0 701.0
1 595.0 702.0
1 668.0 702.0
1 604.0 703.0
1 673.0 703.0
1 678.0 703.0
1 724.0 703.0
1 609.0 704.0
1 769.0 704.0
1 860.0 706.0
1 1058.0 707.0
1 1071.0 708.0
1 614.0 709.0
1 719.0 709.0
1 729.0 709.0
1 767.0 709.0
1 622.0 710.0
1 827.0 710.0
1 628.0 714.0
1 725.0 714.0
1 614.0 715.0
1 585.0 716.0
1 713.0 716.0
1 886.0 716.0
1 1071.0 716.0
1 311.0 718.0
1 893.0 718.0
1 725.0 719.0
1 987.0 719.0
1 636.0 720.0
1 1039.0 720.0
1 1060.0 720.0
1 618.0 721.0
1 809.0 721.0
1 1072.0 721.0
1 623.0 722.0
1 641.0 723.0
1 734.0 724.0
1 760.0 724.0
1 632.0 725.0
1 718.0 725.0
1 646.0 726.0
1 1072.0 726.0
1 626.0 729.0
1 638.0 729.0
1 699.0 729.0
1 863.0 729.0
1 585.0 730.0
1 666.0 731.0
1 729.0 731.0
1 684.0 732.0
1 689.0 732.0
1 1066.0 732.0
1 671.0 733.0
1 97.0 734.0
1 584.0 736.0
1 884.0 736.0
1 993.0 736.0
1 636.0 737.0
1 1040.0 737.0
1 700.0 738.0
1 692.0 740.0
1 584.0 741.0
1 1071.0 741.0
1 1436.0 741.0
1 1456.0 741.0
1 311.0 742.0
1 647.0 742.0
1 722.0 742.0
1 1282.0 742.0
1 248.0 743.0
1 682.0 743.0
1 662.0 746.0
1 745.0 746.0
1 584.0 748.0
1 992.0 749.0
1 395.0 751.0
1 1071.0 752.0
1 113.0 755.0
1 990.0 755.0
1 1039.0 756.0
1 738.0 762.0
1 720.0 763.0
1 655.0 766.0
1 992.0 766.0
1 1069.0 771.0
1 585.0 775.0
1 360.0 781.0
1 993.0 781.0
1 1006.0 783.0
1 1067.0 786.0
1 586.0 792.0
1 585.0 799.0
1 1066.0 802.0
1 251.0 807.0
1 585.0 814.0
1 1068.0 816.0
1 1064.0 826.0
1 729.0 830.0
1 935.0 834.0
1 980.0 836.0
1 694.0 843.0
1 1065.0 846.0
1 573.0 850.0
1 23.0 857.0
1 527.0 863.0
1 1064.0 864.0
1 359.0 865.0
1 364.0 866.0
1 1360.0 867.0
1 288.0 868.0
1 889.0 870.0
1 543.0 875.0
1 680.0 878.0
1 902.0 879.0
1 114.0 880.0
1 367.0 880.0
1 729.0 891.0
1 859.0 896.0
1 1064.0 901.0
1 733.0 907.0
1 814.0 910.0
1 744.0 916.0
1 735.0 917.0
1 734.0 922.0
1 691.0 926.0
1 717.0 926.0
1 736.0 931.0
1 847.0 945.0
1 842.0 954.0
1 751.0 959.0
