0 1 3 359.6503138673348
0 11 5 339.3074431287639
0 16 6 349.0024839870103
0 15 10 427.16700857792097
0 17 11 370.8807636017614
0 38 13 380.7993528514416
0 58 14 218.51863284666447
0 54 15 155.46157742960838
0 22 17 248.40745582929
0 60 19 113.6474719368465
0 70 20 195.8716297892898
0 32 22 158.47751701790656
0 24 23 447.63988199343265
0 18 25 263.90837179030905
0 28 26 423.15941298453635
0 71 27 112.7555861753229
0 87 29 192.28649619936198
0 47 31 154.78091775221182
0 88 32 136.98269632885876
0 111 35 331.927603638
0 123 36 290.38118855365565
0 73 39 169.08895716280102
0 80 40 340.4902818339195
0 124 44 240.85926660970074
0 75 45 281.73657792786815
0 76 47 240.74362232049356
0 83 48 401.5060170682732
0 84 50 278.00261577921674
0 91 51 330.5714021686166
0 94 54 250.56473789909765
0 129 56 269.1984505523696
0 130 57 262.46141427288626
0 109 59 114.16351009112957
0 89 60 458.2334667679518
0 102 61 155.81111704554647
0 101 64 197.15729099475072
0 107 65 195.2277853143398
0 108 71 174.9725243380446
0 153 73 145.4557939116389
0 151 74 139.48056400734464
0 156 75 168.60008759012004
0 158 76 364.95323722971057
0 44 77 233.89695868161718
0 126 81 127.81598757282265
0 134 82 428.1989510702794
0 62 83 156.21283219240865
0 77 84 285.1867798922536
0 90 85 182.81549896318347
0 121 86 212.25086826338782
0 103 87 203.22850187018204
0 105 88 189.30202869992578
0 113 89 201.4378541843802
0 128 90 190.32179022014742
0 148 91 110.05262739803503
0 116 92 239.792389373119
0 118 93 196.0554300239419
0 127 94 132.15619705096262
0 138 95 220.5539662722548
0 152 96 114.91689335353685
0 160 97 354.19708216044137
0 140 99 299.5840215936282
0 190 101 112.45612695682168
0 168 102 150.22711967092116
0 167 106 438.4160623835264
0 188 107 134.31661726629613
0 112 108 308.2013722931691
0 64 109 137.02482962161477
0 137 110 195.58642764013214
0 173 111 106.27822097983749
0 181 112 117.80582196361809
0 199 113 177.8047390600411
0 166 114 491.3062649820382
0 178 115 446.0316435929504
0 147 116 118.08668113832208
0 219 120 239.13272493555496
0 150 122 172.6824546715679
0 98 124 308.67581857741965
0 187 125 196.83348198017777
0 224 126 307.3739015124554
0 92 127 198.25764298957853
0 195 128 306.4720727105998
0 240 129 311.35057452599773
0 201 130 204.87752933849478
0 136 132 385.96332693941946
0 243 135 232.44842335577104
0 267 136 288.25912851059473
0 242 139 206.97956403832816
0 266 140 354.51708155710804
0 180 142 301.93366795102753
0 172 143 391.89140704419066
0 223 144 135.5171313031577
0 216 146 115.09226608039904
0 239 147 124.85452740859084
0 247 148 205.7521941293622
0 282 149 212.3869347194872
0 115 151 396.79122846538945
0 165 154 189.96509859443262
0 207 155 384.3405409906612
0 215 157 454.1180358761351
0 238 158 122.08492786843495
0 251 161 201.84389367823007
0 237 165 131.94638187105062
0 159 168 432.6452517717578
0 146 170 142.91706700166034
0 234 175 445.22158557826515
0 317 177 150.79547024400654
0 125 178 202.00430432073784
0 154 179 349.23855754696433
0 229 181 373.32719770554814
0 281 183 158.91081615855074
0 155 185 193.64016195528225
0 271 186 385.0331727385244
0 254 190 369.4376371445527
0 212 192 239.90446271322492
0 225 193 358.0029551881113
0 279 196 319.6844545264865
0 293 197 226.58116557674478
0 162 201 381.378676280459
0 318 206 499.9320897321403
0 277 208 452.65310064865866
0 331 209 207.69217437549548
0 320 214 223.00592080607024
0 343 215 146.8056167104065
0 353 219 220.13495803620677
0 355 224 110.55176196562284
0 169 225 382.1760244523902
0 337 227 289.39808749949003
0 283 228 257.60620629957833
0 371 230 219.39679669369872
0 351 233 221.5217411540491
0 387 234 246.90262387135152
0 292 237 230.72771743129107
0 389 238 199.42603792742705
0 316 242 242.16001003442042
0 332 243 357.92310416479995
0 401 244 199.87274166188047
0 324 247 284.40697831520066
0 360 248 335.3569560686445
0 380 249 160.5082315735536
0 349 250 261.67288658817
0 397 251 199.23678934706703
0 388 255 242.63946455422496
0 347 261 446.5683591878453
0 352 262 283.9646897831067
0 391 263 205.4135953840142
0 403 265 188.62416537101885
0 420 266 165.6767794989648
0 309 271 206.2486373560192
0 359 274 270.0920711200563
0 344 275 216.62639432804332
0 408 276 162.02487832597242
0 413 277 174.1904148641681
0 381 278 373.293016337617
0 336 279 190.5432610655521
0 377 282 373.4183509263781
0 417 283 152.92295842913492
0 416 286 318.2820389897592
0 348 288 166.22141394078088
0 369 290 494.70557295888113
0 473 294 404.82912435021746
0 358 297 255.7043847242945
0 378 298 142.0225607852459
0 415 299 253.15543924098708
0 447 300 228.61026723088358
0 400 304 231.17570284666127
0 436 305 149.99642827671192
0 458 307 203.36655376616628
0 382 311 221.92646811093164
0 464 312 104.3589208964961
0 479 313 208.8371182317548
0 452 314 106.5878065551197
0 402 316 260.30395607425356
0 439 317 158.9980437531357
0 461 318 106.5543176775383
0 444 320 322.563121975529
0 442 323 286.1924130902387
0 411 324 146.3824363580079
0 470 325 285.1261233908753
0 404 326 115.91671376996415
0 465 327 327.5584131320005
0 487 329 161.30010615077447
0 492 330 281.5190186075014
0 414 331 111.65997449763476
0 429 332 233.9015239442397
0 488 333 165.8933678411882
0 474 334 369.1115454061638
0 423 335 288.8918161688827
0 427 338 151.02149055761024
0 472 339 324.01715065184027
0 433 340 123.85360849933247
0 432 341 157.99936224718024
0 437 342 395.1101363862501
0 480 347 355.04356089483707
0 441 350 289.83061271168225
0 463 351 315.9705450765438
0 503 352 333.6801822935986
0 455 353 130.59877330432593
0 456 354 115.5391432445869
0 510 356 251.53439703961755
0 476 357 195.9811359633896
0 454 358 129.23891759929148
0 509 361 275.98655863898614
0 505 365 259.41948736821024
0 477 367 487.021000822964
0 525 368 312.9963158063623
0 475 369 479.48736067498334
0 483 371 119.08630739459167
0 500 372 242.23691366105763
0 504 378 139.6189716912594
0 499 379 106.3928690490406
0 514 386 185.22915588836094
0 502 387 171.83034601394985
0 518 391 113.90376589774525
0 520 392 157.59140832134293
0 521 394 430.60190901486226
0 495 395 220.25276689222255
0 508 397 146.1747908059793
0 540 403 361.0634545194923
0 513 406 142.37732705264227
0 538 407 301.17906576630656
0 515 408 114.8208176352431
0 547 410 319.48937202589207
0 517 411 197.03952425497482
0 554 416 254.1341290455195
0 537 420 185.51247701027222
0 555 424 299.3504017545772
0 546 425 210.5059656600018
0 527 428 169.74168980092915
0 542 431 153.72221122206255
0 578 432 231.51239593753897
0 584 433 378.0615788290044
0 598 435 494.82445121557373
0 588 438 399.16636995848387
0 608 439 211.69717510873517
0 552 441 196.58022536425224
0 557 442 207.40873706555462
0 566 446 240.52873490711298
0 612 447 388.03896900041764
0 559 448 264.6869801619055
0 549 449 203.97051079323472
0 592 450 164.95940420698585
0 565 456 328.1881788832395
0 575 459 231.6422529801275
0 623 461 167.9942820397129
0 589 462 296.4980997909942
0 569 463 345.1615919527383
0 620 464 188.85194646025633
0 583 466 143.92113254359163
0 590 468 364.17617894740613
0 579 469 208.13623946189716
0 593 473 138.53991854515883
0 595 474 229.77143124790973
0 613 476 275.45804962712583
0 633 477 427.6312719916657
0 615 478 298.59825081022456
0 617 482 250.61992790419114
0 645 495 342.0130174060103
0 656 501 262.76420563912257
0 561 505 320.29721182547206
0 631 507 251.52167002122022
0 647 508 125.99227684871217
0 657 525 122.83182689289045

0 926.0 134.0
0 923.0 373.0
0 928.0 373.0
0 837.0 374.0
0 933.0 374.0
0 935.0 384.0
0 949.0 396.0
0 811.0 401.0
0 768.0 403.0
0 1104.0 403.0
0 750.0 406.0
0 738.0 407.0
0 704.0 408.0
0 1027.0 408.0
0 1055.0 408.0
0 1088.0 408.0
0 789.0 409.0
0 728.0 414.0
0 801.0 414.0
0 936.0 416.0
0 1024.0 419.0
0 716.0 421.0
0 798.0 421.0
0 688.0 422.0
0 1114.0 422.0
0 658.0 423.0
0 728.0 424.0
0 934.0 424.0
0 672.0 426.0
0 1043.0 426.0
0 756.0 428.0
0 792.0 429.0
0 1105.0 429.0
0 771.0 430.0
0 1014.0 433.0
0 1028.0 433.0
0 1053.0 434.0
0 1123.0 434.0
0 690.0 435.0
0 807.0 435.0
0 851.0 435.0
0 873.0 435.0
0 1046.0 435.0
0 1058.0 435.0
0 1100.0 435.0
0 815.0 436.0
0 824.0 436.0
0 835.0 436.0
0 856.0 436.0
0 861.0 436.0
0 866.0 436.0
0 889.0 436.0
0 896.0 436.0
0 902.0 436.0
0 907.0 436.0
0 912.0 436.0
0 1071.0 436.0
0 1087.0 436.0
0 718.0 437.0
0 930.0 437.0
0 1001.0 437.0
0 920.0 438.0
0 786.0 439.0
0 657.0 440.0
0 840.0 440.0
0 1111.0 440.0
0 762.0 441.0
0 976.0 441.0
0 731.0 442.0
0 1099.0 442.0
0 802.0 443.0
0 880.0 443.0
0 1034.0 443.0
0 1054.0 443.0
0 1047.0 444.0
0 1070.0 444.0
0 1085.0 444.0
0 624.0 445.0
0 673.0 446.0
0 1012.0 446.0
0 643.0 447.0
0 924.0 447.0
0 1000.0 447.0
0 690.0 448.0
0 783.0 448.0
0 804.0 448.0
0 912.0 448.0
0 813.0 449.0
0 823.0 449.0
0 841.0 449.0
0 894.0 449.0
0 931.0 449.0
0 852.0 450.0
0 861.0 450.0
0 875.0 450.0
0 904.0 450.0
0 950.0 450.0
0 1122.0 450.0
0 1132.0 450.0
0 969.0 451.0
0 762.0 454.0
0 1096.0 454.0
0 962.0 455.0
0 1000.0 455.0
0 621.0 456.0
0 731.0 456.0
0 1046.0 456.0
0 1072.0 456.0
0 782.0 457.0
0 642.0 458.0
0 797.0 458.0
0 937.0 460.0
0 950.0 460.0
0 1075.0 461.0
0 971.0 462.0
0 983.0 462.0
0 818.0 463.0
0 1016.0 464.0
0 1095.0 464.0
0 775.0 465.0
0 1083.0 465.0
0 767.0 467.0
0 787.0 467.0
0 1137.0 467.0
0 698.0 468.0
0 964.0 468.0
0 1068.0 468.0
0 685.0 469.0
0 986.0 469.0
0 1094.0 469.0
0 976.0 470.0
0 704.0 472.0
0 764.0 472.0
0 1137.0 472.0
0 728.0 473.0
0 1039.0 474.0
0 1095.0 474.0
0 677.0 475.0
0 737.0 475.0
0 1034.0 475.0
0 1082.0 475.0
0 655.0 477.0
0 801.0 478.0
0 826.0 478.0
0 954.0 478.0
0 742.0 479.0
0 935.0 479.0
0 974.0 480.0
0 1017.0 480.0
0 1059.0 480.0
0 776.0 481.0
0 642.0 483.0
0 751.0 483.0
0 1064.0 483.0
0 729.0 484.0
0 834.0 484.0
0 844.0 484.0
0 853.0 484.0
0 962.0 484.0
0 713.0 485.0
0 863.0 485.0
0 1010.0 485.0
0 630.0 486.0
0 825.0 486.0
0 807.0 487.0
0 943.0 487.0
0 1068.0 488.0
0 621.0 489.0
0 703.0 489.0
0 797.0 489.0
0 676.0 490.0
0 684.0 490.0
0 1007.0 490.0
0 695.0 491.0
0 753.0 492.0
0 852.0 493.0
0 990.0 493.0
0 1071.0 493.0
0 620.0 494.0
0 646.0 495.0
0 782.0 495.0
0 868.0 495.0
0 890.0 495.0
0 1007.0 495.0
0 639.0 496.0
0 651.0 497.0
0 938.0 497.0
0 876.0 498.0
0 899.0 498.0
0 712.0 499.0
0 881.0 499.0
0 746.0 500.0
0 759.0 500.0
0 773.0 501.0
0 952.0 501.0
0 728.0 502.0
0 840.0 502.0
0 931.0 502.0
0 908.0 503.0
0 896.0 505.0
0 619.0 506.0
0 633.0 506.0
0 639.0 506.0
0 993.0 506.0
0 721.0 508.0
0 736.0 508.0
0 1134.0 508.0
0 728.0 509.0
0 904.0 509.0
0 1086.0 509.0
0 1094.0 509.0
0 649.0 510.0
0 1079.0 510.0
0 640.0 511.0
0 1004.0 511.0
0 1107.0 511.0
0 686.0 512.0
0 924.0 512.0
0 943.0 512.0
0 1074.0 512.0
0 698.0 513.0
0 912.0 514.0
0 994.0 514.0
0 631.0 516.0
0 1108.0 516.0
0 616.0 517.0
0 1075.0 517.0
0 1006.0 518.0
0 757.0 520.0
0 921.0 521.0
0 1128.0 521.0
0 871.0 522.0
0 623.0 523.0
0 1008.0 523.0
0 1073.0 523.0
0 967.0 524.0
0 637.0 525.0
0 779.0 525.0
0 1112.0 525.0
0 800.0 527.0
0 1009.0 528.0
0 1071.0 528.0
0 791.0 531.0
0 815.0 531.0
0 1136.0 531.0
0 825.0 532.0
0 830.0 532.0
0 835.0 532.0
0 966.0 532.0
0 1103.0 532.0
0 844.0 534.0
0 1064.0 534.0
0 699.0 535.0
0 783.0 535.0
0 862.0 535.0
0 1017.0 535.0
0 1141.0 535.0
0 652.0 536.0
0 804.0 536.0
0 1011.0 536.0
0 796.0 537.0
0 998.0 537.0
0 816.0 539.0
0 1023.0 539.0
0 827.0 540.0
0 1055.0 540.0
0 1124.0 540.0
0 772.0 541.0
0 1031.0 541.0
0 1135.0 541.0
0 719.0 542.0
0 736.0 542.0
0 1050.0 542.0
0 787.0 543.0
0 808.0 543.0
0 873.0 543.0
0 1039.0 543.0
0 1045.0 543.0
0 895.0 544.0
0 779.0 545.0
0 800.0 545.0
0 886.0 546.0
0 827.0 549.0
0 1099.0 549.0
0 1146.0 549.0
0 792.0 550.0
0 979.0 550.0
0 708.0 551.0
0 774.0 551.0
0 699.0 552.0
0 882.0 552.0
0 847.0 555.0
0 899.0 555.0
0 889.0 556.0
0 1083.0 556.0
0 825.0 557.0
0 1122.0 557.0
0 778.0 558.0
0 765.0 559.0
0 919.0 559.0
0 1097.0 559.0
0 708.0 562.0
0 895.0 562.0
0 906.0 562.0
0 809.0 564.0
0 1008.0 564.0
0 1013.0 564.0
0 1098.0 564.0
0 623.0 565.0
0 1135.0 565.0
0 713.0 566.0
0 771.0 566.0
0 1075.0 566.0
0 1143.0 566.0
0 1041.0 567.0
0 701.0 568.0
0 825.0 568.0
0 966.0 568.0
0 1057.0 568.0
0 645.0 570.0
0 903.0 570.0
0 850.0 573.0
0 917.0 574.0
0 887.0 576.0
0 792.0 577.0
0 988.0 578.0
0 748.0 579.0
0 911.0 579.0
0 921.0 580.0
0 1106.0 580.0
0 1133.0 581.0
0 758.0 582.0
0 805.0 582.0
0 1111.0 583.0
0 914.0 584.0
0 820.0 587.0
0 701.0 588.0
0 860.0 589.0
0 743.0 592.0
0 921.0 592.0
0 753.0 594.0
0 776.0 594.0
0 808.0 595.0
0 700.0 596.0
0 793.0 598.0
0 712.0 599.0
0 742.0 600.0
0 887.0 600.0
0 830.0 601.0
0 862.0 601.0
0 792.0 603.0
0 816.0 606.0
0 948.0 606.0
0 739.0 609.0
0 750.0 609.0
0 827.0 613.0
0 931.0 618.0
0 815.0 619.0
0 717.0 620.0
0 991.0 620.0
0 864.0 623.0
0 911.0 624.0
0 991.0 625.0
0 929.0 626.0
0 711.0 629.0
0 874.0 629.0
0 892.0 629.0
0 793.0 631.0
0 938.0 631.0
0 749.0 632.0
0 625.0 633.0
0 741.0 634.0
0 826.0 635.0
0 794.0 636.0
0 928.0 638.0
0 937.0 639.0
0 908.0 640.0
0 713.0 642.0
0 797.0 642.0
0 775.0 645.0
0 894.0 645.0
0 907.0 645.0
0 742.0 646.0
0 686.0 647.0
0 874.0 647.0
0 626.0 648.0
0 841.0 648.0
0 744.0 651.0
0 906.0 651.0
0 648.0 653.0
0 936.0 653.0
0 808.0 654.0
0 863.0 654.0
0 753.0 655.0
0 927.0 655.0
0 717.0 656.0
0 905.0 656.0
0 744.0 659.0
0 626.0 660.0
0 900.0 660.0
0 924.0 662.0
0 934.0 662.0
0 889.0 663.0
0 873.0 665.0
0 647.0 666.0
0 760.0 666.0
0 755.0 667.0
0 860.0 668.0
0 750.0 670.0
0 931.0 670.0
0 849.0 671.0
0 723.0 673.0
0 628.0 677.0
0 928.0 678.0
0 976.0 678.0
0 916.0 679.0
0 871.0 680.0
0 647.0 682.0
0 887.0 682.0
0 924.0 683.0
0 772.0 684.0
0 824.0 684.0
0 879.0 684.0
0 914.0 684.0
0 846.0 685.0
0 831.0 686.0
0 771.0 689.0
0 921.0 689.0
0 731.0 690.0
0 907.0 691.0
0 626.0 692.0
0 765.0 694.0
0 982.0 694.0
0 967.0 695.0
0 626.0 698.0
0 1127.0 698.0
0 647.0 699.0
0 897.0 699.0
0 914.0 699.0
0 1089.0 702.0
0 626.0 703.0
0 782.0 703.0
0 789.0 703.0
0 931.0 704.0
0 888.0 706.0
0 907.0 706.0
0 796.0 707.0
0 1129.0 707.0
0 782.0 708.0
0 744.0 709.0
0 976.0 709.0
0 881.0 710.0
0 1145.0 710.0
0 802.0 711.0
0 904.0 711.0
0 649.0 713.0
0 791.0 713.0
0 809.0 714.0
0 872.0 714.0
0 819.0 716.0
0 867.0 716.0
0 1126.0 716.0
0 860.0 717.0
0 797.0 718.0
0 1087.0 718.0
0 650.0 719.0
0 841.0 719.0
0 893.0 719.0
0 783.0 721.0
0 804.0 721.0
0 811.0 723.0
0 627.0 724.0
0 878.0 726.0
0 841.0 729.0
0 865.0 730.0
0 809.0 735.0
0 884.0 737.0
0 1124.0 738.0
0 833.0 739.0
0 239.0 742.0
0 627.0 744.0
0 627.0 749.0
0 873.0 749.0
0 213.0 751.0
0 770.0 751.0
0 1125.0 753.0
0 627.0 754.0
0 770.0 757.0
0 774.0 762.0
0 429.0 767.0
0 628.0 770.0
0 524.0 771.0
0 1439.0 772.0
0 382.0 773.0
0 415.0 773.0
0 1124.0 773.0
0 1176.0 778.0
0 1306.0 779.0
0 628.0 782.0
0 746.0 783.0
0 62.0 784.0
0 1122.0 784.0
0 1124.0 790.0
0 392.0 795.0
0 628.0 795.0
0 377.0 796.0
0 1122.0 796.0
0 814.0 798.0
0 948.0 799.0
0 438.0 803.0
0 532.0 803.0
0 146.0 807.0
0 1121.0 812.0
0 10.0 813.0
0 248.0 813.0
0 1107.0 814.0
0 42.0 816.0
0 56.0 816.0
0 1134.0 820.0
0 1121.0 823.0
0 31.0 826.0
0 881.0 837.0
0 626.0 840.0
0 1120.0 846.0
0 652.0 857.0
0 905.0 857.0
0 791.0 864.0
0 1036.0 866.0
0 647.0 874.0
0 713.0 878.0
0 788.0 879.0
0 647.0 892.0
0 1115.0 914.0
0 642.0 919.0
1 775.0 277.0
1 780.0 277.0
1 836.0 280.0
1 735.0 284.0
1 788.0 287.0
1 681.0 288.0
1 777.0 288.0
1 726.0 289.0
1 745.0 294.0
1 838.0 296.0
1 775.0 297.0
1 788.0 299.0
1 808.0 301.0
1 813.0 302.0
1 844.0 306.0
1 656.0 307.0
1 854.0 309.0
1 641.0 310.0
1 604.0 311.0
1 646.0 311.0
1 825.0 313.0
1 603.0 321.0
1 614.0 322.0
1 634.0 323.0
1 587.0 324.0
1 771.0 325.0
1 792.0 326.0
1 759.0 328.0
1 606.0 331.0
1 750.0 333.0
1 786.0 333.0
1 800.0 334.0
1 620.0 337.0
1 984.0 337.0
1 775.0 338.0
1 586.0 339.0
1 792.0 339.0
1 974.0 339.0
1 892.0 340.0
1 912.0 340.0
1 767.0 342.0
1 801.0 342.0
1 985.0 342.0
1 788.0 344.0
1 554.0 345.0
1 903.0 345.0
1 882.0 346.0
1 610.0 347.0
1 755.0 347.0
1 779.0 347.0
1 990.0 347.0
1 741.0 349.0
1 877.0 349.0
1 736.0 350.0
1 964.0 350.0
1 980.0 350.0
1 746.0 351.0
1 795.0 351.0
1 903.0 352.0
1 878.0 354.0
1 717.0 355.0
1 766.0 355.0
1 588.0 356.0
1 926.0 357.0
1 556.0 359.0
1 736.0 360.0
1 898.0 360.0
1 959.0 360.0
1 753.0 362.0
1 925.0 362.0
1 878.0 363.0
1 712.0 364.0
1 999.0 364.0
1 615.0 365.0
1 781.0 365.0
1 628.0 366.0
1 634.0 366.0
1 603.0 368.0
1 743.0 368.0
1 982.0 368.0
1 647.0 369.0
1 871.0 370.0
1 883.0 370.0
1 655.0 371.0
1 662.0 371.0
1 754.0 371.0
1 767.0 371.0
1 900.0 372.0
1 988.0 372.0
1 862.0 373.0
1 612.0 374.0
1 679.0 375.0
1 583.0 376.0
1 879.0 376.0
1 690.0 377.0
1 730.0 377.0
1 949.0 377.0
1 996.0 377.0
1 592.0 378.0
1 846.0 378.0
1 1006.0 378.0
1 654.0 379.0
1 699.0 379.0
1 618.0 380.0
1 919.0 380.0
1 627.0 381.0
1 756.0 381.0
1 988.0 381.0
1 668.0 382.0
1 707.0 382.0
1 870.0 383.0
1 882.0 383.0
1 601.0 384.0
1 640.0 384.0
1 676.0 384.0
1 558.0 385.0
1 648.0 385.0
1 784.0 385.0
1 653.0 386.0
1 815.0 386.0
1 610.0 387.0
1 693.0 387.0
1 835.0 387.0
1 897.0 387.0
1 968.0 387.0
1 549.0 388.0
1 698.0 388.0
1 665.0 389.0
1 679.0 389.0
1 912.0 389.0
1 949.0 389.0
1 1006.0 389.0
1 758.0 390.0
1 930.0 390.0
1 854.0 391.0
1 859.0 391.0
1 603.0 392.0
1 612.0 392.0
1 684.0 393.0
1 689.0 393.0
1 787.0 394.0
1 792.0 394.0
1 798.0 394.0
1 873.0 394.0
1 969.0 395.0
1 557.0 396.0
1 581.0 396.0
1 626.0 396.0
1 706.0 396.0
1 1029.0 396.0
1 603.0 397.0
1 886.0 397.0
1 724.0 398.0
1 894.0 399.0
1 562.0 400.0
1 567.0 400.0
1 910.0 400.0
1 930.0 400.0
1 950.0 400.0
1 595.0 401.0
1 1007.0 403.0
1 1031.0 404.0
1 549.0 405.0
1 617.0 405.0
1 1002.0 405.0
1 559.0 406.0
1 798.0 406.0
1 861.0 406.0
1 741.0 407.0
1 542.0 408.0
1 644.0 408.0
1 812.0 408.0
1 639.0 409.0
1 711.0 409.0
1 817.0 409.0
1 945.0 409.0
1 602.0 410.0
1 663.0 410.0
1 822.0 410.0
1 927.0 410.0
1 612.0 411.0
1 722.0 411.0
1 1033.0 411.0
1 834.0 412.0
1 629.0 413.0
1 568.0 414.0
1 668.0 414.0
1 731.0 414.0
1 890.0 415.0
1 613.0 416.0
1 918.0 418.0
1 541.0 419.0
1 821.0 419.0
1 965.0 419.0
1 592.0 420.0
1 780.0 420.0
1 844.0 420.0
1 654.0 421.0
1 607.0 422.0
1 886.0 422.0
1 550.0 423.0
1 757.0 424.0
1 792.0 424.0
1 965.0 424.0
1 1004.0 424.0
1 731.0 425.0
1 829.0 425.0
1 623.0 426.0
1 661.0 426.0
1 805.0 426.0
1 895.0 427.0
1 1010.0 427.0
1 559.0 428.0
1 643.0 428.0
1 813.0 428.0
1 630.0 431.0
1 715.0 431.0
1 727.0 431.0
1 654.0 432.0
1 912.0 432.0
1 967.0 432.0
1 667.0 433.0
1 678.0 433.0
1 733.0 433.0
1 891.0 433.0
1 546.0 434.0
1 838.0 434.0
1 1002.0 434.0
1 1013.0 434.0
1 637.0 435.0
1 751.0 435.0
1 624.0 437.0
1 852.0 437.0
1 1033.0 437.0
1 574.0 438.0
1 599.0 438.0
1 608.0 439.0
1 719.0 439.0
1 742.0 439.0
1 762.0 439.0
1 859.0 439.0
1 644.0 440.0
1 799.0 440.0
1 804.0 440.0
1 619.0 441.0
1 631.0 441.0
1 668.0 441.0
1 792.0 441.0
1 534.0 442.0
1 704.0 443.0
1 889.0 443.0
1 787.0 444.0
1 914.0 444.0
1 591.0 445.0
1 651.0 445.0
1 518.0 446.0
1 611.0 446.0
1 724.0 446.0
1 513.0 447.0
1 624.0 447.0
1 719.0 447.0
1 1002.0 448.0
1 508.0 449.0
1 869.0 449.0
1 599.0 450.0
1 748.0 451.0
1 846.0 451.0
1 860.0 451.0
1 575.0 452.0
1 658.0 452.0
1 706.0 452.0
1 711.0 452.0
1 1033.0 452.0
1 642.0 454.0
1 671.0 454.0
1 605.0 455.0
1 698.0 455.0
1 664.0 456.0
1 726.0 457.0
1 547.0 458.0
1 693.0 458.0
1 779.0 458.0
1 828.0 458.0
1 499.0 459.0
1 756.0 459.0
1 541.0 460.0
1 585.0 460.0
1 611.0 460.0
1 650.0 460.0
1 573.0 461.0
1 715.0 461.0
1 1007.0 461.0
1 526.0 462.0
1 675.0 462.0
1 704.0 463.0
1 757.0 464.0
1 739.0 465.0
1 767.0 465.0
1 624.0 466.0
1 725.0 467.0
1 594.0 468.0
1 643.0 468.0
1 856.0 468.0
1 684.0 470.0
1 624.0 471.0
1 849.0 471.0
1 585.0 472.0
1 679.0 472.0
1 776.0 473.0
1 490.0 474.0
1 631.0 474.0
1 600.0 475.0
1 698.0 476.0
1 1031.0 476.0
1 590.0 477.0
1 724.0 477.0
1 514.0 478.0
1 835.0 479.0
1 999.0 479.0
1 534.0 480.0
1 776.0 480.0
1 862.0 480.0
1 689.0 481.0
1 850.0 482.0
1 608.0 483.0
1 636.0 483.0
1 747.0 483.0
1 481.0 484.0
1 597.0 485.0
1 718.0 485.0
1 705.0 486.0
1 913.0 486.0
1 523.0 487.0
1 838.0 487.0
1 983.0 487.0
1 1012.0 488.0
1 512.0 489.0
1 777.0 489.0
1 477.0 490.0
1 695.0 490.0
1 731.0 490.0
1 966.0 490.0
1 613.0 491.0
1 940.0 491.0
1 628.0 492.0
1 642.0 492.0
1 722.0 492.0
1 874.0 493.0
1 504.0 494.0
1 547.0 494.0
1 603.0 494.0
1 780.0 494.0
1 526.0 495.0
1 838.0 495.0
1 741.0 496.0
1 932.0 497.0
1 948.0 497.0
1 473.0 498.0
1 514.0 498.0
1 544.0 499.0
1 728.0 499.0
1 860.0 499.0
1 715.0 500.0
1 720.0 500.0
1 999.0 500.0
1 693.0 501.0
1 1030.0 501.0
1 647.0 502.0
1 472.0 503.0
1 635.0 503.0
1 906.0 503.0
1 955.0 503.0
1 837.0 504.0
1 739.0 505.0
1 784.0 505.0
1 942.0 505.0
1 984.0 505.0
1 560.0 506.0
1 500.0 507.0
1 746.0 507.0
1 925.0 507.0
1 606.0 508.0
1 487.0 509.0
1 960.0 510.0
1 1012.0 510.0
1 704.0 511.0
1 735.0 511.0
1 835.0 511.0
1 788.0 512.0
1 940.0 514.0
1 1028.0 515.0
1 793.0 516.0
1 860.0 516.0
1 879.0 516.0
1 887.0 516.0
1 612.0 517.0
1 651.0 519.0
1 831.0 519.0
1 930.0 519.0
1 1011.0 519.0
1 542.0 520.0
1 958.0 520.0
1 568.0 521.0
1 826.0 522.0
1 491.0 523.0
1 947.0 523.0
1 598.0 524.0
1 615.0 524.0
1 807.0 524.0
1 918.0 524.0
1 932.0 524.0
1 530.0 525.0
1 468.0 526.0
1 815.0 526.0
1 500.0 527.0
1 639.0 528.0
1 745.0 530.0
1 909.0 530.0
1 934.0 530.0
1 577.0 531.0
1 944.0 531.0
1 971.0 531.0
1 1028.0 532.0
1 566.0 533.0
1 861.0 533.0
1 875.0 533.0
1 1011.0 534.0
1 489.0 535.0
1 620.0 535.0
1 549.0 536.0
1 967.0 536.0
1 972.0 536.0
1 526.0 537.0
1 497.0 538.0
1 572.0 539.0
1 728.0 539.0
1 800.0 539.0
1 552.0 542.0
1 903.0 542.0
1 718.0 543.0
1 528.0 545.0
1 557.0 546.0
1 585.0 546.0
1 747.0 546.0
1 626.0 547.0
1 779.0 547.0
1 815.0 547.0
1 902.0 547.0
1 979.0 547.0
1 538.0 548.0
1 669.0 548.0
1 759.0 548.0
1 828.0 549.0
1 1027.0 550.0
1 468.0 551.0
1 489.0 551.0
1 497.0 552.0
1 650.0 552.0
1 902.0 552.0
1 1027.0 555.0
1 787.0 556.0
1 842.0 556.0
1 1010.0 556.0
1 560.0 557.0
1 860.0 558.0
1 630.0 559.0
1 652.0 559.0
1 725.0 559.0
1 904.0 559.0
1 548.0 560.0
1 762.0 560.0
1 977.0 560.0
1 720.0 561.0
1 892.0 561.0
1 632.0 564.0
1 534.0 565.0
1 539.0 567.0
1 529.0 568.0
1 839.0 569.0
1 968.0 570.0
1 634.0 571.0
1 655.0 571.0
1 1026.0 571.0
1 495.0 575.0
1 967.0 575.0
1 961.0 576.0
1 1026.0 576.0
1 919.0 577.0
1 924.0 581.0
1 1026.0 581.0
1 637.0 583.0
1 929.0 583.0
1 943.0 583.0
1 952.0 583.0
1 936.0 584.0
1 473.0 585.0
1 753.0 587.0
1 761.0 587.0
1 1009.0 587.0
1 519.0 590.0
1 559.0 591.0
1 957.0 592.0
1 497.0 595.0
1 641.0 595.0
1 538.0 596.0
1 586.0 598.0
1 477.0 599.0
1 592.0 599.0
1 498.0 600.0
1 641.0 600.0
1 605.0 606.0
1 828.0 608.0
1 962.0 609.0
1 508.0 610.0
1 559.0 610.0
1 503.0 612.0
1 580.0 613.0
1 482.0 616.0
1 549.0 617.0
1 569.0 617.0
1 597.0 617.0
1 729.0 619.0
1 738.0 619.0
1 1024.0 619.0
1 582.0 620.0
1 608.0 621.0
1 645.0 621.0
1 485.0 624.0
1 559.0 624.0
1 575.0 624.0
1 589.0 624.0
1 760.0 624.0
1 1023.0 628.0
1 759.0 629.0
1 554.0 630.0
1 728.0 630.0
1 825.0 630.0
1 519.0 631.0
1 585.0 633.0
1 758.0 634.0
1 608.0 635.0
1 736.0 636.0
1 514.0 638.0
1 722.0 638.0
1 509.0 641.0
1 518.0 643.0
1 568.0 644.0
1 585.0 644.0
1 114.0 645.0
1 495.0 646.0
1 694.0 646.0
1 498.0 651.0
1 525.0 651.0
1 576.0 652.0
1 598.0 653.0
1 581.0 654.0
1 609.0 654.0
1 536.0 656.0
1 778.0 656.0
1 525.0 657.0
1 747.0 657.0
1 263.0 659.0
1 720.0 659.0
1 727.0 661.0
1 100.0 662.0
1 530.0 663.0
1 541.0 663.0
1 608.0 663.0
1 1022.0 666.0
1 533.0 668.0
1 608.0 668.0
1 815.0 669.0
1 847.0 670.0
1 1022.0 671.0
1 511.0 672.0
1 551.0 672.0
1 822.0 673.0
1 1004.0 675.0
1 831.0 677.0
1 542.0 679.0
1 717.0 679.0
1 1021.0 680.0
1 600.0 681.0
1 564.0 682.0
1 712.0 682.0
1 788.0 683.0
1 992.0 684.0
1 587.0 685.0
1 599.0 686.0
1 578.0 687.0
1 523.0 688.0
1 894.0 688.0
1 817.0 689.0
1 561.0 693.0
1 587.0 695.0
1 574.0 696.0
1 911.0 696.0
1 920.0 697.0
1 996.0 698.0
1 883.0 700.0
1 936.0 700.0
1 953.0 702.0
1 1016.0 704.0
1 542.0 707.0
1 593.0 707.0
1 1119.0 707.0
1 653.0 710.0
1 547.0 711.0
1 913.0 712.0
1 648.0 713.0
1 1156.0 715.0
1 640.0 717.0
1 1019.0 717.0
1 609.0 718.0
1 961.0 718.0
1 563.0 719.0
1 956.0 719.0
1 580.0 720.0
1 426.0 725.0
1 719.0 727.0
1 909.0 729.0
1 576.0 730.0
1 1120.0 733.0
1 1017.0 734.0
1 966.0 736.0
1 956.0 738.0
1 961.0 738.0
1 1016.0 743.0
1 512.0 747.0
1 1099.0 748.0
1 1014.0 751.0
1 552.0 754.0
1 846.0 759.0
1 1012.0 763.0
1 74.0 765.0
1 670.0 765.0
1 812.0 766.0
1 147.0 768.0
1 981.0 772.0
1 38.0 773.0
1 1013.0 777.0
1 558.0 779.0
1 783.0 782.0
1 158.0 784.0
1 335.0 788.0
1 1009.0 791.0
1 40.0 793.0
1 638.0 796.0
1 590.0 799.0
1 244.0 803.0
1 921.0 805.0
1 447.0 807.0
1 495.0 809.0
1 1005.0 813.0
1 898.0 822.0
1 1081.0 823.0
1 928.0 826.0
1 574.0 846.0
1 863.0 848.0
1 663.0 867.0
1 17.0 868.0
1 369.0 877.0
1 620.0 886.0
1 716.0 890.0
1 432.0 892.0
1 1306.0 895.0
1 507.0 909.0
1 1023.0 916.0
1 1007.0 922.0
1 203.0 924.0
1 920.0 939.0
