0 2 0 148.8288648878045
0 4 1 171.76358501215395
0 3 2 226.64979254995495
0 7 4 324.7936816178184
0 5 5 172.75887961176966
0 6 6 209.0587945835317
0 8 7 148.6875613559826
0 10 8 138.0982103765842
0 9 9 190.48448196483628
0 12 11 131.0015048152213
0 13 13 195.89228153247745
0 15 14 276.9346696300402
0 18 15 230.4985640221887
0 16 16 171.71764770424127
0 14 17 332.7954297502628
0 24 19 145.1643510639163
0 19 23 184.2428438110378
0 20 24 210.64010754723319
0 21 25 218.29930157353817
0 22 26 124.80334260661483
0 23 27 243.2712978002117
0 27 29 226.15286669365315
0 43 30 281.9284856608938
0 26 32 157.96577129087925
0 28 34 136.57883738283246
0 25 35 216.1115758739013
0 44 38 233.6829176601812
0 35 39 113.84022715911799
0 32 40 113.82498099492622
0 30 42 164.26569519074968
0 31 43 162.36061573336082
0 42 44 166.28975336465544
0 37 46 156.72764146946736
0 36 47 290.35349828021805
0 38 48 129.03011853513746
0 34 49 191.43969653028148
0 46 51 193.79978061643638
0 56 52 375.83924851935535
0 50 53 165.98357083574527
0 48 54 165.9158437652018
0 83 56 166.46271435010775
0 52 58 181.08134945476618
0 86 59 265.37901161708277
0 54 60 115.81096486611018
0 84 61 172.46578175737048
0 60 62 235.12298671439794
0 70 63 265.35344997747757
0 49 64 146.24234704395434
0 65 65 495.3863477301938
0 78 66 263.90031847106206
0 53 67 228.561121568511
0 93 68 131.20141789862407
0 71 69 495.07180174956363
0 73 70 443.4139687345243
0 55 71 200.87844424359918
0 51 72 258.2797316523994
0 75 74 397.35207813740266
0 103 76 255.24292912630892
0 87 77 199.05581108058732
0 58 78 211.88169028314516
0 59 79 203.79290184990361
0 88 81 126.33730232329779
0 68 82 160.79725736718368
0 104 83 160.79449880385653
0 80 87 268.5486976148102
0 81 88 376.94552907287243
0 82 89 273.56865446132764
0 95 91 154.5027813273678
0 79 92 215.74389342180558
0 89 93 317.36609770898565
0 126 94 189.05583954947213
0 113 95 159.15392710128717
0 114 96 156.47905122517406
0 101 98 185.44815046121025
0 127 99 327.0802038995288
0 115 100 159.44668331979364
0 105 101 119.72216993121899
0 106 102 141.66740481608932
0 99 104 241.84543987676807
0 100 105 230.2730258737793
0 116 106 165.32598026342436
0 107 107 144.6656552186793
0 120 108 173.53612777688363
0 98 110 261.2883622661914
0 122 111 253.51808671183102
0 97 112 214.7668519306142
0 108 113 221.0376316432962
0 121 114 153.40624783408018
0 118 115 105.57573273252996
0 123 116 120.77128500806884
0 111 117 115.53501381347682
0 132 119 297.3047984415667
0 117 120 208.20224632650684
0 124 121 186.33100788151026
0 112 124 229.7183094445296
0 129 126 140.69033899083968
0 144 130 246.6699870212119
0 136 132 114.70229746215632
0 128 133 158.69741341775645
0 139 134 164.96201556858756
0 140 135 112.70129302194043
0 137 136 204.6432076302867
0 131 137 114.79624254299313
0 134 138 213.48494382365607
0 138 139 177.2348903047731
0 146 140 120.89960194514917
0 184 141 270.9470484359457
0 150 142 157.48742778007914
0 147 143 159.19855372865408
0 143 145 388.3232783811778
0 145 146 158.67979204768824
0 141 147 198.93786547410622
0 173 148 138.03026754095956
0 158 149 112.94392628748327
0 215 150 297.26112929780163
0 171 151 251.09460167026572
0 157 153 146.01623712376522
0 155 154 131.15469918571313
0 176 155 268.53000004241494
0 159 156 225.92027797922384
0 153 157 131.81464163134723
0 151 160 181.46038850864454
0 170 162 443.9606698832253
0 163 163 117.49491214432281
0 164 164 111.23287762054741
0 210 165 423.8638034522084
0 162 167 232.1267794093455
0 174 170 139.15087129286556
0 172 172 205.57008480989333
0 165 176 193.46619216917702
0 156 177 160.46454063372394
0 188 178 128.89409262861585
0 187 179 113.3418081315502
0 179 181 286.11107795143215
0 185 182 341.01054858860095
0 207 183 240.8469745612337
0 190 184 131.2271350787509
0 182 185 261.79046016449973
0 200 186 274.41893026247175
0 191 188 142.63282505510512
0 180 189 140.41655734034694
0 169 191 272.809730874397
0 183 192 193.82557332443605
0 205 193 124.82262833921527
0 189 194 250.1402389459327
0 192 197 265.51622196661475
0 225 199 339.0874789765741
0 213 201 137.21332541213357
0 193 203 127.62055202233411
0 217 204 349.3894717814416
0 209 205 200.83190285688292
0 195 206 220.64275298430047
0 194 209 173.56228459523948
0 214 213 212.56769909609528
0 202 215 264.92107657915926
0 226 216 444.45037261016125
0 221 219 221.4066325853263
0 218 224 180.777491601018
0 247 225 347.8119969442196
0 236 226 397.3884545892955
0 234 228 259.5011229771543
0 233 229 304.22458183485116
0 228 230 273.8033152345095
0 242 231 249.3668516394838
0 239 234 226.1873808291507
0 222 237 157.0975687223957
0 248 239 356.0221063178203
0 229 240 207.96244056034726
0 246 242 276.56701293832964
0 251 245 238.21657778327113
0 240 246 175.20661467729428
0 245 249 434.24828124131494
0 237 252 226.6394131901981
0 249 253 475.7464049381484
0 253 254 337.8386158239218
0 254 255 178.30489776853395
0 250 256 341.5606026104406
0 252 258 447.1031509280162
0 258 261 464.90750705668944
0 261 262 234.09434060462453
0 259 263 193.9566803672748
0 269 265 371.86640865169517
0 238 269 147.69257205807307
0 271 271 211.37459626800194
0 270 273 390.62652759327494
0 260 274 134.28824544344727
0 255 275 112.54190500262686
0 275 276 396.8555686206886
0 267 277 194.62910853893044
0 262 278 193.59538358786466
0 308 279 345.1339354225013
0 276 280 171.85657203357886
0 279 281 312.45560084864957
0 290 282 358.7986718824434
0 264 284 136.69839932040333
0 263 285 132.6530062000665
0 280 286 248.0145161351123
0 265 287 181.21844150690316
0 299 290 334.1502119009281
0 274 291 141.08724330243672
0 282 293 222.250518162788
0 272 294 125.16676875145947
0 295 295 283.7067311375163
0 288 297 136.9330557217398
0 281 299 133.8518626726451
0 278 300 153.86073403015016
0 292 303 248.62597277345762
0 283 305 130.24920154781603
0 293 307 197.27529137915607
0 302 308 407.8560321019916
0 298 309 251.63108900549628
0 285 311 118.90665965109632
0 332 313 215.44350619936262
0 307 314 222.8461592307424
0 313 315 207.36968042651083
0 312 316 177.98168797072725
0 284 318 131.47096301691138
0 314 320 271.94421074019107
0 303 323 203.7665662198807
0 289 324 210.16584811983097
0 338 325 404.764663151208
0 305 326 163.73127220205333
0 326 327 160.26831725209814
0 297 328 175.95603347746714
0 294 329 167.3456294596333
0 304 331 170.68000104174806
0 327 332 301.38880118879706
0 300 333 191.450182512654
0 296 334 179.46462104378242
0 310 335 191.95275576857688
0 341 336 189.38164758896235
0 339 337 236.21898486560772
0 306 339 163.70620534838275
0 319 340 112.1488600028316
0 322 341 117.00815866316849
0 337 342 479.0179587308086
0 335 343 238.11868084204676
0 321 344 204.9711554185352
0 320 345 166.72262440709488
0 316 348 294.8690769681515
0 329 350 230.05658781670166
0 344 352 179.23037585120514
0 325 355 234.2449669290492
0 317 356 204.91905667117024
0 330 360 137.6054757366949
0 328 361 212.71278849917826
0 352 362 282.67908998622596
0 336 363 151.34185282187536
0 333 364 167.94709369279042
0 323 365 187.9294755471918
0 363 367 217.92176596319385
0 343 369 140.71932086544496
0 334 371 140.52432479337486
0 355 372 213.88457227747674
0 353 376 306.45572633017554
0 350 378 158.85133885706338
0 367 379 115.18231209123404
0 346 380 124.61685656559413
0 385 381 236.64356658182243
0 373 382 117.2695154560378
0 348 386 183.93341426430925
0 357 387 112.00563138664886
0 377 388 254.71915551598335
0 356 390 112.54217677929996
0 383 393 268.79956113352904
0 362 394 109.82862189864318
0 359 395 106.27811999422532
0 358 397 105.19833741488682
0 386 398 154.6635431369478
0 361 401 181.52242958428036
0 388 402 130.6101095921252
0 360 403 295.91703423585665
0 366 404 163.3709626045302
0 372 405 402.8860843876628
0 370 406 149.08734164616894
0 378 409 109.03333834831275
0 397 411 251.03760600261987
0 380 412 198.5483682189895
0 375 413 157.8340743734462
0 389 414 139.58103432898804
0 374 416 106.45046487804863
0 381 417 142.5974621599298
0 391 418 472.53417445981023
0 369 422 150.81481380269034
0 387 423 113.57010966885028
0 412 427 138.29214653816607
0 408 428 440.0178449238352
0 413 430 121.20148372921551
0 409 431 229.88716668708315
0 376 434 270.10031110158036
0 393 436 160.1279097912227
0 395 438 230.41823523219347
0 394 440 128.50145882549018
0 396 441 207.5840769955397
0 420 443 246.18584862663315
0 400 444 171.74401514054944
0 402 446 185.24823794502424
0 403 447 232.35977866205175
0 405 450 200.20447395212472
0 406 452 215.4703179234718
0 430 455 128.04077470349216
0 433 456 239.76117082316892
0 423 458 358.16689311993036
0 415 460 475.882564008742
0 431 467 287.8676508752723
0 438 469 123.57582299650387
0 454 471 254.85326530244885
0 447 476 270.2683075545117
0 441 478 125.99054538627617
0 440 479 107.88789449359545
0 456 480 253.05864121461758
0 443 481 129.9262132072783
0 463 482 127.85419946903507
0 451 485 485.3906864456172
0 434 486 161.45985468896401
0 466 487 141.9317168085444
0 468 491 255.20837350147633
0 457 492 123.56220758198346
0 464 496 185.29834449652117
0 469 498 296.69016207223126
0 478 500 132.5474708108187
0 479 501 164.40925097591318
0 472 502 233.98552396211315
0 488 509 231.59112386714787
0 497 513 207.56566296716596
0 507 514 403.8246712949332
0 499 516 262.24398051757237
0 490 518 322.99779370146047
0 494 519 269.0909184227308
0 492 521 267.1562903094949
0 513 523 419.36453355794805
0 515 525 276.629532580099
0 480 526 190.40974623861325
0 517 527 245.13557457741433
0 553 528 294.9239179216051
0 512 529 245.3694695688444
0 543 530 273.5764833897413
0 487 531 241.0988574501419
0 493 532 127.28240504431498
0 518 533 160.04180474311747
0 535 534 375.07727751102306
0 540 536 212.18661709933738
0 548 537 261.04900141134556
0 562 538 208.85384757251452
0 533 539 236.3916089315623
0 545 540 259.87112249728955
0 521 541 176.98877991875733
0 505 543 143.73142607719006
0 506 546 228.17268765795728
0 528 548 182.07872250255446
0 555 550 283.25659683322965
0 567 551 270.6392170163205
0 541 552 159.83041065702724
0 523 553 109.3467701405626
0 551 554 107.41205331210857
0 525 556 125.16396738631725
0 526 557 161.6669374410873
0 581 558 417.07598002550725
0 537 559 247.57567990206303
0 566 562 434.12156204640775
0 568 563 188.9661711319679
0 547 565 161.98176543465433
0 552 566 114.48945471320341
0 554 569 122.42305058377683
0 578 571 181.16020729116983
0 576 572 162.49103874959928
0 558 573 174.23611062069503
0 570 574 130.01161309500839
0 586 576 260.7964362890841
0 574 577 152.23042328078336
0 575 579 238.97816604958382
0 572 580 195.71424338526572
0 587 585 207.05646557176755
0 579 586 110.59552388228073
0 590 587 232.37484043220306
0 580 588 215.02702606404935
0 583 590 117.67516923171667
0 585 592 204.44852921911706
0 588 596 270.94006935149633
0 593 597 270.1451506293027
0 613 623 383.5459817748849
0 614 630 351.3139973173835

0 828.0 286.0
0 782.0 289.0
0 739.0 290.0
0 728.0 291.0
0 776.0 291.0
0 679.0 292.0
0 771.0 296.0
0 783.0 299.0
0 802.0 302.0
0 830.0 302.0
0 836.0 309.0
0 846.0 313.0
0 818.0 314.0
0 766.0 321.0
0 755.0 322.0
0 635.0 324.0
0 784.0 324.0
0 968.0 324.0
0 746.0 326.0
0 606.0 327.0
0 784.0 330.0
0 794.0 330.0
0 823.0 330.0
0 738.0 331.0
0 881.0 331.0
0 892.0 331.0
0 952.0 333.0
0 975.0 333.0
0 871.0 335.0
0 620.0 336.0
0 783.0 336.0
0 965.0 336.0
0 794.0 338.0
0 864.0 338.0
0 749.0 339.0
0 731.0 340.0
0 740.0 341.0
0 772.0 341.0
0 590.0 342.0
0 713.0 342.0
0 914.0 343.0
0 945.0 343.0
0 887.0 344.0
0 893.0 344.0
0 612.0 346.0
0 760.0 347.0
0 730.0 348.0
0 983.0 350.0
0 867.0 351.0
0 968.0 351.0
0 708.0 352.0
0 747.0 352.0
0 592.0 354.0
0 737.0 356.0
0 888.0 358.0
0 971.0 358.0
0 608.0 359.0
0 934.0 359.0
0 874.0 360.0
0 589.0 361.0
0 760.0 361.0
0 616.0 362.0
0 623.0 362.0
0 629.0 362.0
0 906.0 362.0
0 647.0 363.0
0 863.0 363.0
0 991.0 363.0
0 559.0 364.0
0 659.0 364.0
0 676.0 365.0
0 963.0 365.0
0 970.0 365.0
0 681.0 366.0
0 686.0 366.0
0 853.0 366.0
0 590.0 367.0
0 702.0 368.0
0 875.0 368.0
0 953.0 368.0
0 726.0 369.0
0 750.0 369.0
0 936.0 369.0
0 613.0 370.0
0 884.0 370.0
0 890.0 370.0
0 895.0 370.0
0 900.0 370.0
0 910.0 370.0
0 917.0 370.0
0 982.0 373.0
0 673.0 375.0
0 883.0 375.0
0 954.0 375.0
0 560.0 376.0
0 617.0 376.0
0 627.0 376.0
0 777.0 376.0
0 863.0 377.0
0 602.0 378.0
0 638.0 378.0
0 752.0 378.0
0 809.0 378.0
0 874.0 378.0
0 936.0 378.0
0 990.0 378.0
0 647.0 379.0
0 852.0 379.0
0 663.0 380.0
0 910.0 380.0
0 916.0 380.0
0 686.0 381.0
0 897.0 381.0
0 1014.0 381.0
0 680.0 382.0
0 702.0 382.0
0 719.0 383.0
0 880.0 383.0
0 603.0 384.0
0 609.0 384.0
0 691.0 384.0
0 780.0 384.0
0 786.0 384.0
0 792.0 384.0
0 990.0 384.0
0 930.0 386.0
0 807.0 387.0
0 1015.0 388.0
0 609.0 389.0
0 914.0 389.0
0 614.0 390.0
0 626.0 391.0
0 735.0 391.0
0 951.0 393.0
0 706.0 395.0
0 717.0 395.0
0 877.0 395.0
0 905.0 395.0
0 1018.0 395.0
0 825.0 397.0
0 726.0 398.0
0 562.0 399.0
0 704.0 400.0
0 834.0 400.0
0 604.0 401.0
0 813.0 401.0
0 875.0 401.0
0 950.0 401.0
0 617.0 403.0
0 661.0 403.0
0 553.0 404.0
0 638.0 404.0
0 820.0 404.0
0 773.0 405.0
0 884.0 405.0
0 633.0 406.0
0 796.0 407.0
0 905.0 407.0
0 920.0 407.0
0 925.0 407.0
0 952.0 407.0
0 993.0 407.0
0 614.0 408.0
0 726.0 408.0
0 751.0 408.0
0 559.0 409.0
0 603.0 409.0
0 840.0 410.0
0 584.0 411.0
0 620.0 411.0
0 677.0 411.0
0 827.0 411.0
0 879.0 412.0
0 562.0 414.0
0 570.0 414.0
0 999.0 414.0
0 849.0 415.0
0 987.0 415.0
0 722.0 416.0
0 710.0 417.0
0 789.0 417.0
0 794.0 417.0
0 818.0 417.0
0 554.0 418.0
0 727.0 418.0
0 784.0 418.0
0 651.0 420.0
0 745.0 420.0
0 753.0 420.0
0 902.0 420.0
0 676.0 421.0
0 878.0 421.0
0 1018.0 422.0
0 736.0 423.0
0 641.0 424.0
0 855.0 424.0
0 832.0 425.0
0 850.0 425.0
0 860.0 425.0
0 543.0 426.0
0 587.0 426.0
0 714.0 426.0
0 837.0 426.0
0 988.0 426.0
0 665.0 427.0
0 776.0 427.0
0 843.0 427.0
0 1018.0 427.0
0 530.0 428.0
0 816.0 428.0
0 525.0 429.0
0 648.0 429.0
0 520.0 430.0
0 748.0 430.0
0 829.0 430.0
0 1007.0 430.0
0 615.0 432.0
0 667.0 432.0
0 653.0 433.0
0 819.0 433.0
0 514.0 434.0
0 602.0 434.0
0 638.0 434.0
0 998.0 434.0
0 1019.0 435.0
0 704.0 436.0
0 667.0 437.0
0 572.0 438.0
0 583.0 438.0
0 693.0 438.0
0 771.0 438.0
0 547.0 439.0
0 608.0 439.0
0 660.0 440.0
0 679.0 440.0
0 759.0 440.0
0 541.0 441.0
0 992.0 441.0
0 506.0 442.0
0 731.0 442.0
0 845.0 442.0
0 583.0 443.0
0 689.0 443.0
0 710.0 443.0
0 749.0 443.0
0 671.0 444.0
0 827.0 444.0
0 839.0 444.0
0 592.0 445.0
0 616.0 445.0
0 700.0 446.0
0 652.0 447.0
0 769.0 447.0
0 583.0 448.0
0 712.0 448.0
0 760.0 449.0
0 597.0 450.0
0 668.0 450.0
0 751.0 450.0
0 620.0 451.0
0 588.0 452.0
0 633.0 452.0
0 680.0 452.0
0 769.0 452.0
0 645.0 453.0
0 497.0 454.0
0 655.0 455.0
0 699.0 455.0
0 752.0 455.0
0 850.0 455.0
0 738.0 456.0
0 723.0 457.0
0 605.0 458.0
0 633.0 458.0
0 829.0 458.0
0 986.0 458.0
0 595.0 459.0
0 769.0 460.0
0 1018.0 461.0
0 489.0 462.0
0 684.0 462.0
0 542.0 463.0
0 619.0 463.0
0 712.0 463.0
0 902.0 463.0
0 970.0 463.0
0 609.0 465.0
0 952.0 465.0
0 484.0 466.0
0 638.0 466.0
0 600.0 467.0
0 926.0 467.0
0 699.0 468.0
0 770.0 468.0
0 999.0 468.0
0 523.0 469.0
0 535.0 470.0
0 690.0 470.0
0 638.0 471.0
0 830.0 471.0
0 934.0 471.0
0 481.0 472.0
0 552.0 472.0
0 717.0 472.0
0 725.0 472.0
0 921.0 472.0
0 628.0 473.0
0 772.0 473.0
0 519.0 474.0
0 543.0 474.0
0 644.0 475.0
0 864.0 475.0
0 849.0 476.0
0 479.0 477.0
0 526.0 477.0
0 509.0 478.0
0 544.0 479.0
0 732.0 479.0
0 987.0 479.0
0 1018.0 479.0
0 559.0 480.0
0 687.0 480.0
0 714.0 480.0
0 723.0 480.0
0 933.0 480.0
0 602.0 481.0
0 709.0 481.0
0 514.0 482.0
0 826.0 482.0
0 971.0 482.0
0 635.0 483.0
0 913.0 483.0
0 553.0 485.0
0 947.0 485.0
0 754.0 487.0
0 824.0 487.0
0 542.0 488.0
0 637.0 488.0
0 647.0 488.0
0 927.0 488.0
0 698.0 489.0
0 850.0 490.0
0 567.0 491.0
0 740.0 491.0
0 782.0 491.0
0 735.0 492.0
0 999.0 492.0
0 648.0 493.0
0 919.0 494.0
0 611.0 495.0
0 912.0 495.0
0 945.0 495.0
0 503.0 496.0
0 553.0 496.0
0 730.0 496.0
0 816.0 496.0
0 934.0 496.0
0 869.0 498.0
0 877.0 498.0
0 1017.0 498.0
0 792.0 499.0
0 811.0 500.0
0 573.0 501.0
0 800.0 501.0
0 806.0 501.0
0 956.0 501.0
0 717.0 503.0
0 542.0 504.0
0 615.0 505.0
0 898.0 505.0
0 923.0 505.0
0 932.0 505.0
0 563.0 506.0
0 571.0 506.0
0 637.0 506.0
0 959.0 506.0
0 602.0 509.0
0 851.0 510.0
0 895.0 510.0
0 493.0 511.0
0 958.0 511.0
0 530.0 512.0
0 500.0 514.0
0 999.0 515.0
0 1017.0 515.0
0 621.0 516.0
0 865.0 516.0
0 722.0 517.0
0 551.0 518.0
0 642.0 518.0
0 742.0 519.0
0 664.0 520.0
0 892.0 520.0
0 582.0 521.0
0 712.0 521.0
0 792.0 521.0
0 967.0 521.0
0 946.0 522.0
0 490.0 523.0
0 553.0 524.0
0 624.0 524.0
0 659.0 524.0
0 498.0 526.0
0 807.0 527.0
0 892.0 527.0
0 469.0 528.0
0 819.0 528.0
0 646.0 529.0
0 1017.0 529.0
0 773.0 530.0
0 563.0 531.0
0 569.0 531.0
0 753.0 532.0
0 850.0 532.0
0 534.0 533.0
0 557.0 533.0
0 833.0 533.0
0 893.0 533.0
0 627.0 534.0
0 743.0 534.0
0 1017.0 534.0
0 648.0 536.0
0 956.0 537.0
0 714.0 538.0
0 872.0 538.0
0 963.0 538.0
0 999.0 538.0
0 490.0 540.0
0 629.0 540.0
0 881.0 540.0
0 498.0 541.0
0 545.0 541.0
0 649.0 541.0
0 780.0 543.0
0 959.0 543.0
0 631.0 546.0
0 850.0 546.0
0 651.0 548.0
0 756.0 550.0
0 632.0 551.0
0 904.0 551.0
0 952.0 551.0
0 595.0 553.0
0 529.0 554.0
0 910.0 554.0
0 946.0 555.0
0 915.0 557.0
0 941.0 557.0
0 585.0 558.0
0 634.0 558.0
0 922.0 559.0
0 927.0 559.0
0 935.0 559.0
0 654.0 560.0
0 597.0 562.0
0 495.0 564.0
0 532.0 565.0
0 635.0 565.0
0 556.0 567.0
0 636.0 570.0
0 999.0 570.0
0 672.0 572.0
0 657.0 573.0
0 601.0 575.0
0 756.0 575.0
0 637.0 576.0
0 747.0 576.0
0 582.0 577.0
0 589.0 578.0
0 519.0 579.0
0 999.0 583.0
0 541.0 589.0
0 639.0 589.0
0 1015.0 589.0
0 574.0 590.0
0 590.0 590.0
0 603.0 593.0
0 1015.0 594.0
0 723.0 597.0
0 821.0 597.0
0 563.0 598.0
0 732.0 599.0
0 504.0 600.0
0 577.0 600.0
0 601.0 600.0
0 596.0 601.0
0 998.0 601.0
0 541.0 602.0
0 640.0 602.0
0 585.0 605.0
0 639.0 607.0
0 572.0 609.0
0 722.0 609.0
0 731.0 610.0
0 639.0 613.0
0 577.0 614.0
0 751.0 616.0
0 584.0 617.0
0 603.0 619.0
0 709.0 619.0
0 517.0 620.0
0 553.0 621.0
0 750.0 621.0
0 590.0 624.0
0 639.0 624.0
0 693.0 624.0
0 702.0 624.0
0 516.0 625.0
0 714.0 625.0
0 511.0 627.0
0 675.0 627.0
0 686.0 630.0
0 694.0 632.0
0 569.0 634.0
0 527.0 636.0
0 513.0 637.0
0 574.0 637.0
0 593.0 637.0
0 638.0 637.0
0 579.0 638.0
0 712.0 641.0
0 723.0 641.0
0 602.0 642.0
0 534.0 644.0
0 740.0 644.0
0 519.0 645.0
0 1015.0 653.0
0 593.0 655.0
0 526.0 656.0
0 715.0 656.0
0 547.0 657.0
0 1015.0 658.0
0 997.0 661.0
0 810.0 662.0
0 594.0 663.0
0 1014.0 663.0
0 582.0 665.0
0 559.0 666.0
0 537.0 667.0
0 631.0 667.0
0 574.0 668.0
0 824.0 668.0
0 871.0 668.0
0 985.0 668.0
0 792.0 669.0
0 829.0 669.0
0 1013.0 670.0
0 881.0 671.0
0 704.0 672.0
0 699.0 674.0
0 582.0 675.0
0 557.0 676.0
0 774.0 677.0
0 904.0 678.0
0 811.0 683.0
0 946.0 683.0
0 955.0 683.0
0 989.0 684.0
0 528.0 685.0
0 1014.0 686.0
0 559.0 687.0
0 880.0 688.0
0 580.0 690.0
0 646.0 692.0
0 540.0 693.0
0 1010.0 693.0
0 906.0 695.0
0 641.0 696.0
0 551.0 700.0
0 955.0 700.0
0 450.0 701.0
0 566.0 701.0
0 626.0 702.0
0 1014.0 704.0
0 905.0 708.0
0 23.0 712.0
0 529.0 714.0
0 902.0 714.0
0 1014.0 715.0
0 956.0 720.0
0 1013.0 720.0
0 951.0 721.0
0 518.0 722.0
0 946.0 722.0
0 1012.0 725.0
0 516.0 727.0
0 905.0 728.0
0 505.0 742.0
0 1009.0 744.0
0 805.0 745.0
0 900.0 745.0
0 851.0 753.0
0 1008.0 753.0
0 776.0 758.0
0 38.0 765.0
0 301.0 765.0
0 1008.0 766.0
0 582.0 770.0
0 239.0 772.0
0 442.0 777.0
0 1006.0 783.0
0 509.0 789.0
0 492.0 803.0
0 101.0 812.0
0 45.0 813.0
0 10.0 825.0
0 442.0 829.0
0 689.0 830.0
0 359.0 833.0
0 582.0 833.0
0 507.0 837.0
0 184.0 838.0
0 548.0 840.0
0 654.0 840.0
0 420.0 845.0
0 706.0 845.0
0 691.0 846.0
0 630.0 847.0
0 874.0 848.0
0 653.0 850.0
0 1007.0 855.0
0 111.0 858.0
0 232.0 858.0
0 650.0 859.0
0 701.0 859.0
0 67.0 861.0
0 533.0 864.0
0 910.0 864.0
0 184.0 868.0
0 765.0 874.0
0 928.0 888.0
0 664.0 891.0
0 510.0 895.0
0 464.0 912.0
0 992.0 981.0
1 1050.0 94.0
1 895.0 191.0
1 870.0 363.0
1 811.0 364.0
1 838.0 364.0
1 738.0 367.0
1 828.0 368.0
1 833.0 368.0
1 840.0 372.0
1 874.0 373.0
1 855.0 377.0
1 871.0 380.0
1 887.0 388.0
1 835.0 393.0
1 1031.0 393.0
1 828.0 394.0
1 849.0 396.0
1 699.0 398.0
1 672.0 401.0
1 819.0 401.0
1 944.0 401.0
1 968.0 401.0
1 1017.0 401.0
1 1037.0 401.0
1 636.0 403.0
1 818.0 407.0
1 858.0 408.0
1 686.0 409.0
1 830.0 409.0
1 660.0 410.0
1 960.0 410.0
1 965.0 410.0
1 983.0 410.0
1 818.0 412.0
1 1034.0 412.0
1 804.0 413.0
1 1045.0 416.0
1 818.0 417.0
1 938.0 417.0
1 1033.0 417.0
1 620.0 418.0
1 645.0 418.0
1 678.0 418.0
1 854.0 418.0
1 608.0 419.0
1 656.0 420.0
1 830.0 420.0
1 954.0 422.0
1 964.0 423.0
1 976.0 423.0
1 827.0 425.0
1 1033.0 425.0
1 944.0 426.0
1 1051.0 429.0
1 841.0 430.0
1 1030.0 430.0
1 621.0 431.0
1 926.0 431.0
1 943.0 431.0
1 1017.0 432.0
1 687.0 433.0
1 692.0 433.0
1 704.0 433.0
1 709.0 433.0
1 714.0 433.0
1 719.0 433.0
1 737.0 433.0
1 743.0 433.0
1 1002.0 433.0
1 645.0 434.0
1 699.0 434.0
1 726.0 434.0
1 732.0 434.0
1 760.0 434.0
1 765.0 434.0
1 774.0 434.0
1 785.0 434.0
1 790.0 434.0
1 915.0 434.0
1 957.0 434.0
1 977.0 434.0
1 982.0 434.0
1 988.0 434.0
1 672.0 435.0
1 682.0 435.0
1 779.0 435.0
1 606.0 436.0
1 795.0 436.0
1 836.0 436.0
1 1033.0 437.0
1 613.0 440.0
1 651.0 440.0
1 1018.0 441.0
1 576.0 442.0
1 733.0 442.0
1 750.0 442.0
1 900.0 442.0
1 967.0 442.0
1 984.0 442.0
1 1002.0 442.0
1 1052.0 442.0
1 925.0 443.0
1 977.0 443.0
1 620.0 444.0
1 682.0 444.0
1 839.0 444.0
1 876.0 444.0
1 916.0 444.0
1 1070.0 444.0
1 651.0 445.0
1 667.0 445.0
1 957.0 446.0
1 1056.0 447.0
1 688.0 448.0
1 699.0 448.0
1 715.0 448.0
1 724.0 448.0
1 777.0 448.0
1 795.0 448.0
1 733.0 449.0
1 744.0 449.0
1 763.0 449.0
1 772.0 449.0
1 814.0 449.0
1 859.0 451.0
1 570.0 452.0
1 582.0 453.0
1 651.0 453.0
1 1037.0 453.0
1 888.0 454.0
1 916.0 454.0
1 994.0 455.0
1 667.0 456.0
1 953.0 456.0
1 1073.0 456.0
1 677.0 457.0
1 830.0 457.0
1 958.0 457.0
1 913.0 459.0
1 800.0 460.0
1 813.0 460.0
1 1038.0 460.0
1 867.0 461.0
1 878.0 461.0
1 681.0 462.0
1 958.0 462.0
1 821.0 463.0
1 926.0 463.0
1 627.0 465.0
1 664.0 465.0
1 797.0 465.0
1 1039.0 465.0
1 614.0 466.0
1 993.0 466.0
1 949.0 467.0
1 977.0 467.0
1 1061.0 467.0
1 864.0 469.0
1 740.0 470.0
1 891.0 470.0
1 609.0 471.0
1 650.0 471.0
1 932.0 471.0
1 821.0 472.0
1 843.0 472.0
1 945.0 472.0
1 991.0 472.0
1 592.0 473.0
1 658.0 473.0
1 964.0 473.0
1 672.0 474.0
1 711.0 474.0
1 974.0 474.0
1 684.0 475.0
1 782.0 475.0
1 643.0 476.0
1 698.0 477.0
1 703.0 477.0
1 658.0 478.0
1 897.0 478.0
1 992.0 478.0
1 665.0 479.0
1 892.0 479.0
1 1074.0 479.0
1 582.0 480.0
1 907.0 480.0
1 570.0 481.0
1 802.0 481.0
1 814.0 481.0
1 727.0 482.0
1 822.0 482.0
1 847.0 482.0
1 953.0 483.0
1 1060.0 483.0
1 919.0 484.0
1 948.0 485.0
1 609.0 486.0
1 615.0 486.0
1 629.0 487.0
1 675.0 487.0
1 744.0 487.0
1 926.0 487.0
1 1073.0 487.0
1 659.0 488.0
1 687.0 488.0
1 831.0 488.0
1 866.0 488.0
1 645.0 489.0
1 692.0 489.0
1 880.0 489.0
1 577.0 490.0
1 582.0 490.0
1 788.0 491.0
1 801.0 491.0
1 851.0 491.0
1 565.0 492.0
1 699.0 492.0
1 759.0 492.0
1 1074.0 492.0
1 590.0 493.0
1 668.0 493.0
1 931.0 493.0
1 1060.0 493.0
1 708.0 495.0
1 874.0 495.0
1 632.0 496.0
1 715.0 498.0
1 824.0 498.0
1 869.0 498.0
1 952.0 498.0
1 959.0 498.0
1 661.0 499.0
1 843.0 499.0
1 793.0 501.0
1 701.0 503.0
1 723.0 503.0
1 767.0 503.0
1 870.0 503.0
1 959.0 503.0
1 779.0 504.0
1 936.0 504.0
1 592.0 506.0
1 657.0 506.0
1 607.0 507.0
1 582.0 508.0
1 731.0 508.0
1 786.0 508.0
1 802.0 508.0
1 822.0 508.0
1 691.0 509.0
1 713.0 509.0
1 773.0 509.0
1 835.0 509.0
1 812.0 511.0
1 854.0 511.0
1 1060.0 511.0
1 560.0 513.0
1 720.0 513.0
1 740.0 513.0
1 870.0 513.0
1 940.0 513.0
1 782.0 515.0
1 1074.0 515.0
1 1051.0 516.0
1 991.0 517.0
1 1041.0 517.0
1 728.0 518.0
1 870.0 518.0
1 979.0 518.0
1 574.0 519.0
1 749.0 519.0
1 819.0 519.0
1 1065.0 519.0
1 624.0 520.0
1 1015.0 520.0
1 720.0 524.0
1 791.0 524.0
1 606.0 525.0
1 1023.0 525.0
1 669.0 527.0
1 735.0 527.0
1 940.0 527.0
1 873.0 528.0
1 1006.0 529.0
1 1061.0 530.0
1 963.0 531.0
1 1030.0 531.0
1 744.0 532.0
1 796.0 532.0
1 1016.0 532.0
1 751.0 533.0
1 763.0 533.0
1 824.0 533.0
1 875.0 533.0
1 1050.0 533.0
1 630.0 534.0
1 843.0 535.0
1 936.0 536.0
1 656.0 537.0
1 731.0 537.0
1 1035.0 537.0
1 615.0 539.0
1 623.0 540.0
1 824.0 540.0
1 1003.0 541.0
1 817.0 542.0
1 1016.0 542.0
1 633.0 543.0
1 575.0 544.0
1 880.0 544.0
1 931.0 544.0
1 644.0 545.0
1 658.0 545.0
1 610.0 547.0
1 680.0 547.0
1 875.0 547.0
1 1018.0 547.0
1 1030.0 547.0
1 622.0 548.0
1 808.0 548.0
1 835.0 548.0
1 887.0 548.0
1 953.0 548.0
1 1045.0 549.0
1 570.0 550.0
1 925.0 551.0
1 614.0 552.0
1 680.0 552.0
1 920.0 552.0
1 1007.0 552.0
1 895.0 553.0
1 1073.0 553.0
1 567.0 555.0
1 911.0 555.0
1 1024.0 555.0
1 840.0 556.0
1 904.0 556.0
1 687.0 557.0
1 708.0 557.0
1 727.0 557.0
1 732.0 558.0
1 647.0 560.0
1 749.0 560.0
1 992.0 560.0
1 595.0 562.0
1 878.0 562.0
1 1050.0 562.0
1 667.0 563.0
1 964.0 563.0
1 695.0 565.0
1 991.0 565.0
1 601.0 568.0
1 681.0 569.0
1 700.0 571.0
1 641.0 572.0
1 663.0 572.0
1 843.0 573.0
1 830.0 575.0
1 1033.0 575.0
1 886.0 577.0
1 921.0 577.0
1 789.0 579.0
1 823.0 579.0
1 622.0 580.0
1 709.0 580.0
1 953.0 580.0
1 989.0 580.0
1 582.0 581.0
1 759.0 581.0
1 1048.0 581.0
1 917.0 582.0
1 689.0 583.0
1 556.0 584.0
1 590.0 584.0
1 935.0 585.0
1 952.0 585.0
1 1048.0 586.0
1 646.0 587.0
1 867.0 587.0
1 715.0 588.0
1 848.0 588.0
1 991.0 589.0
1 1072.0 590.0
1 673.0 591.0
1 951.0 591.0
1 615.0 592.0
1 578.0 594.0
1 828.0 594.0
1 587.0 596.0
1 637.0 596.0
1 679.0 596.0
1 719.0 596.0
1 942.0 598.0
1 947.0 598.0
1 999.0 598.0
1 850.0 599.0
1 1040.0 599.0
1 662.0 600.0
1 688.0 600.0
1 700.0 601.0
1 1004.0 601.0
1 578.0 602.0
1 1009.0 603.0
1 1032.0 603.0
1 731.0 604.0
1 1016.0 605.0
1 1024.0 605.0
1 675.0 607.0
1 723.0 607.0
1 652.0 608.0
1 665.0 610.0
1 568.0 611.0
1 576.0 611.0
1 586.0 612.0
1 704.0 613.0
1 1072.0 613.0
1 1034.0 614.0
1 674.0 616.0
1 689.0 616.0
1 713.0 618.0
1 623.0 622.0
1 740.0 624.0
1 635.0 625.0
1 660.0 625.0
1 553.0 626.0
1 1025.0 628.0
1 676.0 629.0
1 740.0 629.0
1 677.0 634.0
1 586.0 635.0
1 580.0 636.0
1 680.0 639.0
1 554.0 641.0
1 637.0 641.0
1 1047.0 645.0
1 555.0 646.0
1 639.0 646.0
1 650.0 648.0
1 617.0 650.0
1 692.0 651.0
1 898.0 651.0
1 833.0 653.0
1 582.0 654.0
1 840.0 654.0
1 702.0 656.0
1 740.0 657.0
1 591.0 658.0
1 684.0 659.0
1 709.0 659.0
1 715.0 659.0
1 721.0 660.0
1 728.0 661.0
1 582.0 662.0
1 740.0 662.0
1 659.0 664.0
1 693.0 664.0
1 673.0 665.0
1 831.0 665.0
1 559.0 666.0
1 1031.0 666.0
1 706.0 667.0
1 727.0 668.0
1 596.0 671.0
1 587.0 674.0
1 848.0 675.0
1 581.0 676.0
1 639.0 676.0
1 691.0 678.0
1 676.0 679.0
1 745.0 679.0
1 653.0 680.0
1 732.0 680.0
1 845.0 682.0
1 843.0 687.0
1 894.0 687.0
1 639.0 688.0
1 701.0 688.0
1 586.0 689.0
1 607.0 690.0
1 651.0 690.0
1 1071.0 691.0
1 715.0 692.0
1 589.0 694.0
1 572.0 696.0
1 709.0 696.0
1 727.0 696.0
1 862.0 696.0
1 1072.0 696.0
1 600.0 698.0
1 703.0 698.0
1 770.0 699.0
1 734.0 700.0
1 835.0 700.0
1 1063.0 700.0
1 696.0 701.0
1 861.0 701.0
1 595.0 702.0
1 668.0 702.0
1 604.0 703.0
1 673.0 703.0
1 678.0 703.0
1 724.0 703.0
1 609.0 704.0
1 769.0 704.0
1 860.0 706.0
1 1058.0 707.0
1 1071.0 708.0
1 614.0 709.0
1 719.0 709.0
1 729.0 709.0
1 767.0 709.0
1 622.0 710.0
1 827.0 710.0
1 628.0 714.0
1 725.0 714.0
1 614.0 715.0
1 585.0 716.0
1 713.0 716.0
1 886.0 716.0
1 1071.0 716.0
1 311.0 718.0
1 893.0 718.0
1 725.0 719.0
1 987.0 719.0
1 636.0 720.0
1 1039.0 720.0
1 1060.0 720.0
1 618.0 721.0
1 809.0 721.0
1 1072.0 721.0
1 623.0 722.0
1 641.0 723.0
1 734.0 724.0
1 760.0 724.0
1 632.0 725.0
1 718.0 725.0
1 646.0 726.0
1 1072.0 726.0
1 626.0 729.0
1 638.0 729.0
1 699.0 729.0
1 863.0 729.0
1 585.0 730.0
1 666.0 731.0
1 729.0 731.0
1 684.0 732.0
1 689.0 732.0
1 1066.0 732.0
1 671.0 733.0
1 97.0 734.0
1 584.0 736.0
1 884.0 736.0
1 993.0 736.0
1 636.0 737.0
1 1040.0 737.0
1 700.0 738.0
1 692.0 740.0
1 584.0 741.0
1 1071.0 741.0
1 1436.0 741.0
1 1456.0 741.0
1 311.0 742.0
1 647.0 742.0
1 722.0 742.0
1 1282.0 742.0
1 248.0 743.0
1 682.0 743.0
1 662.0 746.0
1 745.0 746.0
1 584.0 748.0
1 992.0 749.0
1 395.0 751.0
1 1071.0 752.0
1 113.0 755.0
1 990.0 755.0
1 1039.0 756.0
1 738.0 762.0
1 720.0 763.0
1 655.0 766.0
1 992.0 766.0
1 1069.0 771.0
1 585.0 775.0
1 360.0 781.0
1 993.0 781.0
1 1006.0 783.0
1 1067.0 786.0
1 586.0 792.0
1 585.0 799.0
1 1066.0 802.0
1 251.0 807.0
1 585.0 814.0
1 1068.0 816.0
1 1064.0 826.0
1 729.0 830.0
1 935.0 834.0
1 980.0 836.0
1 694.0 843.0
1 1065.0 846.0
1 573.0 850.0
1 23.0 857.0
1 527.0 863.0
1 1064.0 864.0
1 359.0 865.0
1 364.0 866.0
1 1360.0 867.0
1 288.0 868.0
1 889.0 870.0
1 543.0 875.0
1 680.0 878.0
1 902.0 879.0
1 114.0 880.0
1 367.0 880.0
1 729.0 891.0
1 859.0 896.0
1 1064.0 901.0
1 733.0 907.0
1 814.0 910.0
1 744.0 916.0
1 735.0 917.0
1 734.0 922.0
1 691.0 926.0
1 717.0 926.0
1 736.0 931.0
1 847.0 945.0
1 842.0 954.0
1 751.0 959.0
