0 2 0 114.62760446148917
0 3 1 151.34336821573996
0 1 2 120.62664653396445
0 6 4 202.67002267248824
0 5 5 108.19055892985263
0 4 6 157.94866889689288
0 7 7 119.91323073976154
0 8 8 111.92277408001459
0 9 9 156.0635542665721
0 10 11 119.03027439328298
0 12 13 139.36355443677024
0 11 14 168.3882251605725
0 20 15 129.68593095435853
0 14 16 158.19809065274143
0 13 17 144.88331934922604
0 22 19 118.59403586488556
0 16 20 176.85262253345576
0 15 23 150.7071927286355
0 17 25 132.03071836865425
0 18 26 112.02779925667437
0 19 27 138.77747855064808
0 21 28 205.13092134900975
0 25 29 208.84866080025714
0 26 32 115.38025788534512
0 24 34 121.34043984601817
0 23 35 134.86225088042767
0 29 36 130.91982615831378
0 42 38 138.95162074456303
0 31 39 108.88458758732979
0 27 40 107.41625519883628
0 44 41 329.488518719055
0 32 42 131.16745506593276
0 30 43 128.47456547255857
0 36 44 240.44570954970789
0 34 45 117.83531096090275
0 33 46 120.60634658555513
0 37 47 140.3736399151661
0 39 48 119.41696912003917
0 40 49 119.18787901090609
0 41 50 108.56952417561155
0 43 51 124.25011536515784
0 52 52 202.39652886640766
0 46 53 122.42584673564222
0 48 55 166.83118208369334
0 69 56 193.71571093050815
0 47 57 136.89062142009973
0 49 58 141.82975356668453
0 74 59 215.0821999047738
0 50 60 110.79002499792811
0 53 61 130.1837602719073
0 54 62 170.31748671191488
0 55 63 201.79009577839918
0 45 64 115.46523210917583
0 58 65 253.9506205074936
0 66 66 142.66819336193691
0 51 67 138.8343362013422
0 87 68 111.47414805798148
0 63 69 301.8825717645634
0 64 73 233.34608511938893
0 65 74 143.13605462664256
0 76 75 126.37453987665366
0 91 76 168.559484496133
0 70 77 107.4711230725494
0 61 78 241.52919975857466
0 62 79 253.67129933009386
0 60 80 116.79227400199304
0 78 81 120.20582537571987
0 67 82 192.55772869967302
0 82 83 122.06724256363084
0 72 84 245.49784594034216
0 77 86 209.57202301352743
0 79 87 297.97482032404724
0 73 89 215.59128879512207
0 84 91 171.5669638908191
0 89 92 226.61780022960002
0 80 93 136.42893544271095
0 112 94 107.38834047880871
0 97 95 121.24073118702592
0 98 96 132.09696928086223
0 88 98 173.8194427033139
0 95 99 334.47557021050636
0 99 100 143.12629809709395
0 92 101 115.32816479348742
0 86 104 139.6902907047662
0 102 106 145.53571451806977
0 96 107 110.11424772203549
0 104 108 156.31469898277962
0 90 110 191.4311119874132
0 105 111 214.73173597436616
0 94 112 120.07188618502597
0 101 113 136.53162224366656
0 107 114 161.22491301731466
0 100 115 107.06428183841881
0 106 116 113.82389213946134
0 93 117 178.70681924384672
0 113 118 301.40677740622664
0 108 120 174.79456667508487
0 110 121 138.02684944300464
0 111 123 176.81603496437535
0 109 124 142.9721409455197
0 114 126 155.46808895695943
0 124 130 174.29984610655188
0 117 132 108.27483499868474
0 119 133 137.3246712214511
0 121 134 143.72491250000857
0 122 135 112.85692721524863
0 120 136 110.8510092287216
0 118 137 114.49098605789756
0 123 138 137.92934034253423
0 125 139 128.6345560551003
0 126 140 118.22652211604499
0 158 141 118.41101340228566
0 129 142 139.6135109720477
0 128 143 157.44057860661863
0 132 144 303.28586489500015
0 130 146 165.11743490508306
0 148 148 162.17777285428238
0 139 149 105.9356876300698
0 165 150 114.50458244483144
0 133 152 199.67629933421065
0 140 153 110.07188401248283
0 135 154 131.72899837941733
0 152 155 206.23073833452108
0 150 156 270.33831331979536
0 136 157 109.53323135520574
0 137 158 168.30994393285425
0 138 159 169.83664328477676
0 134 160 130.3999613865013
0 142 161 147.0852775906274
0 143 163 113.97064273058106
0 146 164 108.64357743534909
0 179 165 199.29266684413548
0 155 166 275.2352417316679
0 144 167 231.68953311783645
0 171 168 294.49516854747134
0 156 169 352.01074922961266
0 153 172 133.66441080503148
0 196 173 261.2692989634001
0 193 174 298.19741918673157
0 154 175 111.10395459954981
0 147 176 196.6620743883445
0 160 178 126.9547868345563
0 163 179 115.12020667437464
0 161 180 216.76196904208126
0 173 182 227.67764262697017
0 204 183 274.5036108614135
0 166 184 127.74420361571516
0 174 185 200.74276379035797
0 167 186 280.23341738390263
0 168 187 114.8946532933943
0 184 188 151.70961614262853
0 164 189 106.39317266101645
0 183 190 301.7170693915148
0 175 192 152.7401329023247
0 180 193 110.65033158068331
0 177 194 233.48643984802493
0 169 196 233.12265210320766
0 170 197 266.19710041357837
0 186 200 215.34479753331533
0 192 201 123.61341747906734
0 182 203 113.06101010830724
0 194 204 214.80290067884752
0 190 205 193.48131920800654
0 178 206 165.5085818799193
0 191 207 182.10024425887445
0 181 209 191.4864335371895
0 198 213 131.11836263353746
0 199 216 190.88529610505483
0 202 218 231.4681260132291
0 195 219 147.932842158298
0 201 221 303.2037307837825
0 205 222 151.32006727013527
0 203 224 132.64446909254468
0 206 225 192.95534033286293
0 209 228 166.02355016262223
0 214 229 185.85820808717065
0 210 230 229.87609499568634
0 213 231 146.11388828723756
0 211 232 334.8917833601228
0 216 233 226.4819106365751
0 215 236 157.65145672787747
0 207 237 138.2327479273388
0 227 239 138.85306543762692
0 212 240 125.97510625187999
0 224 243 197.8490079020657
0 217 244 229.8916712650347
0 225 245 226.64503139818
0 219 246 242.6407278578543
0 218 247 239.9767650212586
0 220 248 222.09965734979625
0 221 249 301.16081936875156
0 226 250 165.5279976194742
0 208 251 427.01123724766717
0 223 253 405.2333778588352
0 228 255 134.25707069199558
0 230 256 179.05909642544927
0 240 257 156.98914106140023
0 234 262 140.21335188000225
0 232 263 189.60402009141606
0 258 265 194.71774704590393
0 237 268 153.92421414979918
0 244 271 117.20701452979402
0 246 273 263.2444027353718
0 236 274 193.09109461802188
0 238 275 104.55083478189557
0 243 276 167.2782208694168
0 247 277 219.9531243803369
0 252 278 189.61505598980114
0 285 279 330.5050435007356
0 256 280 124.00181377202865
0 245 281 234.4928422040869
0 267 282 223.36882908616937
0 253 283 113.87090177439354
0 249 284 107.39494656854936
0 250 285 105.34818013785696
0 255 286 149.95265607719176
0 251 287 110.10621894258045
0 259 290 158.8588293721715
0 257 291 137.86595906739484
0 260 293 249.52159902364053
0 261 294 106.7038500342075
0 268 295 203.41552296163948
0 264 296 218.2339343480337
0 271 297 125.6752306800323
0 262 298 242.94774931219752
0 263 299 142.31318507007416
0 266 300 170.21209938099676
0 254 302 234.8621222963976
0 275 303 131.53422978044955
0 274 304 136.33359263767449
0 270 305 117.0909311704441
0 265 306 175.12810063666186
0 269 307 211.01206697537646
0 281 308 234.78384931260797
0 276 309 169.9843533732346
0 277 310 199.84088691667122
0 248 311 424.14664560750197
0 272 312 123.86483734652849
0 314 313 234.4369418229519
0 291 314 138.24902533920306
0 299 315 155.13767054220736
0 292 316 161.2373551109719
0 284 318 105.4287338082226
0 286 320 183.3752280820949
0 295 323 120.36355538618002
0 278 324 203.40573216815935
0 287 325 169.9608478138071
0 300 326 132.3770620182141
0 307 327 161.43554059136974
0 296 328 233.62130289161297
0 289 329 116.75729965562711
0 288 331 166.42041021800426
0 304 332 162.1422722375935
0 298 333 117.83452472709195
0 306 335 256.75010159610133
0 294 336 240.97000344853984
0 303 337 173.3836883982724
0 305 338 238.23464113147574
0 309 340 108.04311622808996
0 308 341 106.39992004095365
0 320 342 328.5305862208875
0 310 344 127.56610473014227
0 319 345 148.97804349246852
0 312 348 208.4421525807476
0 321 349 227.21344720087663
0 313 351 113.95607371532432
0 329 352 106.92418384604593
0 336 353 347.46803302115393
0 324 355 226.75670320515263
0 317 356 116.73091411158877
0 326 357 119.68689620496764
0 347 358 265.847252223473
0 322 360 129.21907916667436
0 327 361 192.1995944809171
0 341 362 296.12242934816663
0 330 363 135.04075277348338
0 331 364 160.85761499081244
0 325 365 136.75641946844442
0 346 367 126.6184053259799
0 334 368 307.0014159542064
0 343 369 159.3686964469607
0 338 370 120.22182098637377
0 335 371 115.59844386116569
0 350 372 192.23844272480764
0 340 375 202.2829575034623
0 339 376 148.3066064584543
0 351 378 161.1186988821808
0 359 379 119.43257691776799
0 348 380 180.9021853332344
0 356 381 124.74479767653631
0 364 382 121.33540269354329
0 353 383 117.45149841316156
0 345 384 222.44814576669475
0 354 385 221.5419102590529
0 358 386 129.2585231173084
0 357 387 109.36095422901782
0 365 389 157.0021574066501
0 367 390 105.63515395950745
0 361 391 130.188599157824
0 363 392 146.039217079013
0 369 393 375.36658571155294
0 366 394 108.72701788512762
0 368 395 104.1747152090456
0 362 396 123.66713102362736
0 376 398 119.54732925213587
0 370 400 224.0410722878703
0 384 402 119.0886911492979
0 372 403 104.99322499839168
0 374 404 184.42064117143028
0 410 405 143.4822383898861
0 371 406 105.43773157886336
0 373 407 205.66400472688912
0 383 408 310.1862813161255
0 379 409 108.62798924650492
0 392 411 250.84173760201853
0 390 412 111.40427204683209
0 375 413 103.5785025977638
0 380 414 171.84419728324346
0 377 416 109.10005803811657
0 387 417 159.2106245840549
0 393 418 262.86383618640673
0 391 419 108.19845031270864
0 397 421 243.66032732439584
0 388 422 129.35828568591162
0 395 423 113.72651230690485
0 389 426 114.1650327288841
0 405 427 112.61915748234144
0 407 430 114.70704988369455
0 381 431 310.4055664694518
0 402 432 268.72124641999255
0 401 436 103.37748000780327
0 408 438 108.85094664782717
0 403 440 119.2919904960128
0 404 441 155.66904724569451
0 400 442 177.48251221531967
0 422 443 221.66871306036958
0 409 444 156.3059756522828
0 411 445 187.30608705127278
0 412 446 161.51091481850543
0 419 448 208.4291271513738
0 414 449 273.92332351883994
0 415 450 178.3659562597065
0 416 451 205.6794100361237
0 413 452 212.68479820209686
0 417 453 165.49524334303783
0 424 455 105.41420677694605
0 426 456 170.34908166304132
0 421 457 280.62574872434595
0 420 458 216.18197295949724
0 425 459 309.5134353519676
0 428 462 190.6143333270845
0 423 463 183.57513358729554
0 434 465 313.3151139681426
0 427 467 314.66261651060023
0 436 468 417.6831790516297
0 438 469 107.85944983066858
0 443 471 105.56460575144457
0 439 472 197.4363147515873
0 435 473 175.651904432858
0 444 474 175.1852280354572
0 440 475 495.9703775550649
0 445 476 261.3016899197049
0 446 478 110.25500273087421
0 449 479 103.42333169994342
0 450 480 152.4841176162105
0 448 481 109.48581159938198
0 457 482 137.21660233264404
0 455 483 178.5474637263952
0 451 485 219.03094188358963
0 452 486 124.60841546437595
0 454 487 106.88946858900007
0 463 489 313.4119515139628
0 462 491 132.3225306159019
0 456 492 108.71369515081733
0 464 493 127.31731297375326
0 459 496 135.59385375045088
0 460 498 301.65262226914575
0 471 500 127.88066799543365
0 475 501 180.23654439308484
0 470 502 138.37406423238562
0 481 507 279.25511732949855
0 469 508 353.83396211850953
0 477 509 152.61133766567968
0 489 514 171.10080641830362
0 485 516 185.92185110485605
0 479 517 178.31577566788906
0 491 518 173.02054800100777
0 486 519 169.62994718153215
0 484 520 116.62137280711266
0 487 521 131.42608034223454
0 483 522 177.0972698744185
0 492 523 137.17021257634426
0 494 524 114.93223661473193
0 493 525 171.4609713373518
0 490 526 179.41217044118548
0 498 527 189.22397064759738
0 506 528 154.67335320450536
0 510 529 207.27715429192975
0 513 530 116.29905768267493
0 495 531 247.9822380962446
0 497 532 105.97166019393252
0 514 533 132.2950887667563
0 508 534 166.7776482059829
0 500 535 219.52750313022537
0 516 536 210.12006196188895
0 520 537 110.43458811265987
0 528 538 164.66289639257752
0 519 539 228.0192299132588
0 523 540 132.78255045901474
0 517 541 189.66172096493017
0 511 542 184.5539252542575
0 505 543 107.94486357764448
0 521 545 174.68540476784955
0 512 546 134.0391985107196
0 529 549 168.44771957937309
0 534 550 181.3044327752524
0 538 551 123.03037880651728
0 535 552 104.54844371764918
0 525 553 106.39159389766424
0 542 554 103.3929101860765
0 530 555 106.22467169040361
0 531 556 108.2926496140482
0 533 557 109.63857508152537
0 536 559 129.999020583856
0 537 560 348.51207079084963
0 550 562 147.90018730373856
0 548 563 113.40084394231873
0 552 564 206.30430643166946
0 544 565 127.22725207991925
0 543 566 112.24028920251214
0 546 569 109.41285372204341
0 553 572 104.90164557843724
0 551 573 118.82668709483859
0 559 576 222.72972964182287
0 554 577 131.96550959803307
0 556 579 182.3060742337039
0 555 580 198.59266998056592
0 557 581 243.4764689124882
0 562 582 202.92928283135984
0 560 586 113.18750726092188
0 567 587 204.33312923017994
0 561 588 192.98716870981738
0 563 590 106.09027618022253
0 565 592 221.15296893412219
0 568 596 220.93026946048053
0 573 597 103.73755854755684
0 578 598 125.13765001574923
0 569 600 199.12635726300388
0 580 606 388.3038201618903
0 584 619 126.10064937578464

0 828.0 286.0
0 782.0 289.0
0 739.0 290.0
0 728.0 291.0
0 776.0 291.0
0 679.0 292.0
0 771.0 296.0
0 783.0 299.0
0 802.0 302.0
0 830.0 302.0
0 836.0 309.0
0 846.0 313.0
0 818.0 314.0
0 766.0 321.0
0 755.0 322.0
0 635.0 324.0
0 784.0 324.0
0 968.0 324.0
0 746.0 326.0
0 606.0 327.0
0 784.0 330.0
0 794.0 330.0
0 823.0 330.0
0 738.0 331.0
0 881.0 331.0
0 892.0 331.0
0 952.0 333.0
0 975.0 333.0
0 871.0 335.0
0 620.0 336.0
0 783.0 336.0
0 965.0 336.0
0 794.0 338.0
0 864.0 338.0
0 749.0 339.0
0 731.0 340.0
0 740.0 341.0
0 772.0 341.0
0 590.0 342.0
0 713.0 342.0
0 914.0 343.0
0 945.0 343.0
0 887.0 344.0
0 893.0 344.0
0 612.0 346.0
0 760.0 347.0
0 730.0 348.0
0 983.0 350.0
0 867.0 351.0
0 968.0 351.0
0 708.0 352.0
0 747.0 352.0
0 592.0 354.0
0 737.0 356.0
0 888.0 358.0
0 971.0 358.0
0 608.0 359.0
0 934.0 359.0
0 874.0 360.0
0 589.0 361.0
0 760.0 361.0
0 616.0 362.0
0 623.0 362.0
0 629.0 362.0
0 906.0 362.0
0 647.0 363.0
0 863.0 363.0
0 991.0 363.0
0 559.0 364.0
0 659.0 364.0
0 676.0 365.0
0 963.0 365.0
0 970.0 365.0
0 681.0 366.0
0 686.0 366.0
0 853.0 366.0
0 590.0 367.0
0 702.0 368.0
0 875.0 368.0
0 953.0 368.0
0 726.0 369.0
0 750.0 369.0
0 936.0 369.0
0 613.0 370.0
0 884.0 370.0
0 890.0 370.0
0 895.0 370.0
0 900.0 370.0
0 910.0 370.0
0 917.0 370.0
0 982.0 373.0
0 673.0 375.0
0 883.0 375.0
0 954.0 375.0
0 560.0 376.0
0 617.0 376.0
0 627.0 376.0
0 777.0 376.0
0 863.0 377.0
0 602.0 378.0
0 638.0 378.0
0 752.0 378.0
0 809.0 378.0
0 874.0 378.0
0 936.0 378.0
0 990.0 378.0
0 647.0 379.0
0 852.0 379.0
0 663.0 380.0
0 910.0 380.0
0 916.0 380.0
0 686.0 381.0
0 897.0 381.0
0 1014.0 381.0
0 680.0 382.0
0 702.0 382.0
0 719.0 383.0
0 880.0 383.0
0 603.0 384.0
0 609.0 384.0
0 691.0 384.0
0 780.0 384.0
0 786.0 384.0
0 792.0 384.0
0 990.0 384.0
0 930.0 386.0
0 807.0 387.0
0 1015.0 388.0
0 609.0 389.0
0 914.0 389.0
0 614.0 390.0
0 626.0 391.0
0 735.0 391.0
0 951.0 393.0
0 706.0 395.0
0 717.0 395.0
0 877.0 395.0
0 905.0 395.0
0 1018.0 395.0
0 825.0 397.0
0 726.0 398.0
0 562.0 399.0
0 704.0 400.0
0 834.0 400.0
0 604.0 401.0
0 813.0 401.0
0 875.0 401.0
0 950.0 401.0
0 617.0 403.0
0 661.0 403.0
0 553.0 404.0
0 638.0 404.0
0 820.0 404.0
0 773.0 405.0
0 884.0 405.0
0 633.0 406.0
0 796.0 407.0
0 905.0 407.0
0 920.0 407.0
0 925.0 407.0
0 952.0 407.0
0 993.0 407.0
0 614.0 408.0
0 726.0 408.0
0 751.0 408.0
0 559.0 409.0
0 603.0 409.0
0 840.0 410.0
0 584.0 411.0
0 620.0 411.0
0 677.0 411.0
0 827.0 411.0
0 879.0 412.0
0 562.0 414.0
0 570.0 414.0
0 999.0 414.0
0 849.0 415.0
0 987.0 415.0
0 722.0 416.0
0 710.0 417.0
0 789.0 417.0
0 794.0 417.0
0 818.0 417.0
0 554.0 418.0
0 727.0 418.0
0 784.0 418.0
0 651.0 420.0
0 745.0 420.0
0 753.0 420.0
0 902.0 420.0
0 676.0 421.0
0 878.0 421.0
0 1018.0 422.0
0 736.0 423.0
0 641.0 424.0
0 855.0 424.0
0 832.0 425.0
0 850.0 425.0
0 860.0 425.0
0 543.0 426.0
0 587.0 426.0
0 714.0 426.0
0 837.0 426.0
0 988.0 426.0
0 665.0 427.0
0 776.0 427.0
0 843.0 427.0
0 1018.0 427.0
0 530.0 428.0
0 816.0 428.0
0 525.0 429.0
0 648.0 429.0
0 520.0 430.0
0 748.0 430.0
0 829.0 430.0
0 1007.0 430.0
0 615.0 432.0
0 667.0 432.0
0 653.0 433.0
0 819.0 433.0
0 514.0 434.0
0 602.0 434.0
0 638.0 434.0
0 998.0 434.0
0 1019.0 435.0
0 704.0 436.0
0 667.0 437.0
0 572.0 438.0
0 583.0 438.0
0 693.0 438.0
0 771.0 438.0
0 547.0 439.0
0 608.0 439.0
0 660.0 440.0
0 679.0 440.0
0 759.0 440.0
0 541.0 441.0
0 992.0 441.0
0 506.0 442.0
0 731.0 442.0
0 845.0 442.0
0 583.0 443.0
0 689.0 443.0
0 710.0 443.0
0 749.0 443.0
0 671.0 444.0
0 827.0 444.0
0 839.0 444.0
0 592.0 445.0
0 616.0 445.0
0 700.0 446.0
0 652.0 447.0
0 769.0 447.0
0 583.0 448.0
0 712.0 448.0
0 760.0 449.0
0 597.0 450.0
0 668.0 450.0
0 751.0 450.0
0 620.0 451.0
0 588.0 452.0
0 633.0 452.0
0 680.0 452.0
0 769.0 452.0
0 645.0 453.0
0 497.0 454.0
0 655.0 455.0
0 699.0 455.0
0 752.0 455.0
0 850.0 455.0
0 738.0 456.0
0 723.0 457.0
0 605.0 458.0
0 633.0 458.0
0 829.0 458.0
0 986.0 458.0
0 595.0 459.0
0 769.0 460.0
0 1018.0 461.0
0 489.0 462.0
0 684.0 462.0
0 542.0 463.0
0 619.0 463.0
0 712.0 463.0
0 902.0 463.0
0 970.0 463.0
0 609.0 465.0
0 952.0 465.0
0 484.0 466.0
0 638.0 466.0
0 600.0 467.0
0 926.0 467.0
0 699.0 468.0
0 770.0 468.0
0 999.0 468.0
0 523.0 469.0
0 535.0 470.0
0 690.0 470.0
0 638.0 471.0
0 830.0 471.0
0 934.0 471.0
0 481.0 472.0
0 552.0 472.0
0 717.0 472.0
0 725.0 472.0
0 921.0 472.0
0 628.0 473.0
0 772.0 473.0
0 519.0 474.0
0 543.0 474.0
0 644.0 475.0
0 864.0 475.0
0 849.0 476.0
0 479.0 477.0
0 526.0 477.0
0 509.0 478.0
0 544.0 479.0
0 732.0 479.0
0 987.0 479.0
0 1018.0 479.0
0 559.0 480.0
0 687.0 480.0
0 714.0 480.0
0 723.0 480.0
0 933.0 480.0
0 602.0 481.0
0 709.0 481.0
0 514.0 482.0
0 826.0 482.0
0 971.0 482.0
0 635.0 483.0
0 913.0 483.0
0 553.0 485.0
0 947.0 485.0
0 754.0 487.0
0 824.0 487.0
0 542.0 488.0
0 637.0 488.0
0 647.0 488.0
0 927.0 488.0
0 698.0 489.0
0 850.0 490.0
0 567.0 491.0
0 740.0 491.0
0 782.0 491.0
0 735.0 492.0
0 999.0 492.0
0 648.0 493.0
0 919.0 494.0
0 611.0 495.0
0 912.0 495.0
0 945.0 495.0
0 503.0 496.0
0 553.0 496.0
0 730.0 496.0
0 816.0 496.0
0 934.0 496.0
0 869.0 498.0
0 877.0 498.0
0 1017.0 498.0
0 792.0 499.0
0 811.0 500.0
0 573.0 501.0
0 800.0 501.0
0 806.0 501.0
0 956.0 501.0
0 717.0 503.0
0 542.0 504.0
0 615.0 505.0
0 898.0 505.0
0 923.0 505.0
0 932.0 505.0
0 563.0 506.0
0 571.0 506.0
0 637.0 506.0
0 959.0 506.0
0 602.0 509.0
0 851.0 510.0
0 895.0 510.0
0 493.0 511.0
0 958.0 511.0
0 530.0 512.0
0 500.0 514.0
0 999.0 515.0
0 1017.0 515.0
0 621.0 516.0
0 865.0 516.0
0 722.0 517.0
0 551.0 518.0
0 642.0 518.0
0 742.0 519.0
0 664.0 520.0
0 892.0 520.0
0 582.0 521.0
0 712.0 521.0
0 792.0 521.0
0 967.0 521.0
0 946.0 522.0
0 490.0 523.0
0 553.0 524.0
0 624.0 524.0
0 659.0 524.0
0 498.0 526.0
0 807.0 527.0
0 892.0 527.0
0 469.0 528.0
0 819.0 528.0
0 646.0 529.0
0 1017.0 529.0
0 773.0 530.0
0 563.0 531.0
0 569.0 531.0
0 753.0 532.0
0 850.0 532.0
0 534.0 533.0
0 557.0 533.0
0 833.0 533.0
0 893.0 533.0
0 627.0 534.0
0 743.0 534.0
0 1017.0 534.0
0 648.0 536.0
0 956.0 537.0
0 714.0 538.0
0 872.0 538.0
0 963.0 538.0
0 999.0 538.0
0 490.0 540.0
0 629.0 540.0
0 881.0 540.0
0 498.0 541.0
0 545.0 541.0
0 649.0 541.0
0 780.0 543.0
0 959.0 543.0
0 631.0 546.0
0 850.0 546.0
0 651.0 548.0
0 756.0 550.0
0 632.0 551.0
0 904.0 551.0
0 952.0 551.0
0 595.0 553.0
0 529.0 554.0
0 910.0 554.0
0 946.0 555.0
0 915.0 557.0
0 941.0 557.0
0 585.0 558.0
0 634.0 558.0
0 922.0 559.0
0 927.0 559.0
0 935.0 559.0
0 654.0 560.0
0 597.0 562.0
0 495.0 564.0
0 532.0 565.0
0 635.0 565.0
0 556.0 567.0
0 636.0 570.0
0 999.0 570.0
0 672.0 572.0
0 657.0 573.0
0 601.0 575.0
0 756.0 575.0
0 637.0 576.0
0 747.0 576.0
0 582.0 577.0
0 589.0 578.0
0 519.0 579.0
0 999.0 583.0
0 541.0 589.0
0 639.0 589.0
0 1015.0 589.0
0 574.0 590.0
0 590.0 590.0
0 603.0 593.0
0 1015.0 594.0
0 723.0 597.0
0 821.0 597.0
0 563.0 598.0
0 732.0 599.0
0 504.0 600.0
0 577.0 600.0
0 601.0 600.0
0 596.0 601.0
0 998.0 601.0
0 541.0 602.0
0 640.0 602.0
0 585.0 605.0
0 639.0 607.0
0 572.0 609.0
0 722.0 609.0
0 731.0 610.0
0 639.0 613.0
0 577.0 614.0
0 751.0 616.0
0 584.0 617.0
0 603.0 619.0
0 709.0 619.0
0 517.0 620.0
0 553.0 621.0
0 750.0 621.0
0 590.0 624.0
0 639.0 624.0
0 693.0 624.0
0 702.0 624.0
0 516.0 625.0
0 714.0 625.0
0 511.0 627.0
0 675.0 627.0
0 686.0 630.0
0 694.0 632.0
0 569.0 634.0
0 527.0 636.0
0 513.0 637.0
0 574.0 637.0
0 593.0 637.0
0 638.0 637.0
0 579.0 638.0
0 712.0 641.0
0 723.0 641.0
0 602.0 642.0
0 534.0 644.0
0 740.0 644.0
0 519.0 645.0
0 1015.0 653.0
0 593.0 655.0
0 526.0 656.0
0 715.0 656.0
0 547.0 657.0
0 1015.0 658.0
0 997.0 661.0
0 810.0 662.0
0 594.0 663.0
0 1014.0 663.0
0 582.0 665.0
0 559.0 666.0
0 537.0 667.0
0 631.0 667.0
0 574.0 668.0
0 824.0 668.0
0 871.0 668.0
0 985.0 668.0
0 792.0 669.0
0 829.0 669.0
0 1013.0 670.0
0 881.0 671.0
0 704.0 672.0
0 699.0 674.0
0 582.0 675.0
0 557.0 676.0
0 774.0 677.0
0 904.0 678.0
0 811.0 683.0
0 946.0 683.0
0 955.0 683.0
0 989.0 684.0
0 528.0 685.0
0 1014.0 686.0
0 559.0 687.0
0 880.0 688.0
0 580.0 690.0
0 646.0 692.0
0 540.0 693.0
0 1010.0 693.0
0 906.0 695.0
0 641.0 696.0
0 551.0 700.0
0 955.0 700.0
0 450.0 701.0
0 566.0 701.0
0 626.0 702.0
0 1014.0 704.0
0 905.0 708.0
0 23.0 712.0
0 529.0 714.0
0 902.0 714.0
0 1014.0 715.0
0 956.0 720.0
0 1013.0 720.0
0 951.0 721.0
0 518.0 722.0
0 946.0 722.0
0 1012.0 725.0
0 516.0 727.0
0 905.0 728.0
0 505.0 742.0
0 1009.0 744.0
0 805.0 745.0
0 900.0 745.0
0 851.0 753.0
0 1008.0 753.0
0 776.0 758.0
0 38.0 765.0
0 301.0 765.0
0 1008.0 766.0
0 582.0 770.0
0 239.0 772.0
0 442.0 777.0
0 1006.0 783.0
0 509.0 789.0
0 492.0 803.0
0 101.0 812.0
0 45.0 813.0
0 10.0 825.0
0 442.0 829.0
0 689.0 830.0
0 359.0 833.0
0 582.0 833.0
0 507.0 837.0
0 184.0 838.0
0 548.0 840.0
0 654.0 840.0
0 420.0 845.0
0 706.0 845.0
0 691.0 846.0
0 630.0 847.0
0 874.0 848.0
0 653.0 850.0
0 1007.0 855.0
0 111.0 858.0
0 232.0 858.0
0 650.0 859.0
0 701.0 859.0
0 67.0 861.0
0 533.0 864.0
0 910.0 864.0
0 184.0 868.0
0 765.0 874.0
0 928.0 888.0
0 664.0 891.0
0 510.0 895.0
0 464.0 912.0
0 992.0 981.0
1 1098.0 69.0
1 766.0 340.0
1 841.0 340.0
1 802.0 341.0
1 784.0 342.0
1 698.0 343.0
1 797.0 344.0
1 803.0 350.0
1 820.0 354.0
1 842.0 357.0
1 859.0 366.0
1 782.0 370.0
1 792.0 370.0
1 993.0 371.0
1 807.0 374.0
1 770.0 378.0
1 808.0 379.0
1 923.0 379.0
1 978.0 379.0
1 1000.0 379.0
1 646.0 380.0
1 900.0 381.0
1 610.0 382.0
1 765.0 384.0
1 781.0 385.0
1 635.0 387.0
1 817.0 387.0
1 942.0 387.0
1 620.0 388.0
1 773.0 388.0
1 924.0 388.0
1 748.0 389.0
1 915.0 389.0
1 764.0 393.0
1 789.0 394.0
1 609.0 395.0
1 634.0 395.0
1 1008.0 395.0
1 617.0 396.0
1 896.0 396.0
1 994.0 396.0
1 744.0 397.0
1 590.0 398.0
1 778.0 398.0
1 976.0 399.0
1 934.0 401.0
1 773.0 402.0
1 967.0 402.0
1 994.0 404.0
1 902.0 405.0
1 792.0 408.0
1 1014.0 409.0
1 595.0 410.0
1 640.0 410.0
1 647.0 410.0
1 652.0 410.0
1 660.0 410.0
1 665.0 410.0
1 674.0 410.0
1 690.0 410.0
1 761.0 410.0
1 901.0 410.0
1 986.0 410.0
1 681.0 411.0
1 709.0 411.0
1 720.0 411.0
1 884.0 411.0
1 970.0 411.0
1 615.0 412.0
1 626.0 412.0
1 737.0 412.0
1 906.0 412.0
1 911.0 412.0
1 954.0 412.0
1 589.0 413.0
1 621.0 413.0
1 876.0 413.0
1 927.0 413.0
1 783.0 414.0
1 941.0 417.0
1 987.0 417.0
1 621.0 418.0
1 635.0 418.0
1 695.0 419.0
1 705.0 420.0
1 729.0 420.0
1 971.0 420.0
1 556.0 421.0
1 896.0 421.0
1 916.0 421.0
1 952.0 421.0
1 593.0 422.0
1 785.0 422.0
1 908.0 422.0
1 929.0 422.0
1 621.0 423.0
1 877.0 424.0
1 640.0 425.0
1 651.0 425.0
1 665.0 425.0
1 737.0 425.0
1 1037.0 425.0
1 674.0 426.0
1 684.0 426.0
1 693.0 426.0
1 720.0 426.0
1 756.0 426.0
1 714.0 427.0
1 725.0 427.0
1 1013.0 427.0
1 809.0 429.0
1 821.0 430.0
1 560.0 432.0
1 621.0 433.0
1 836.0 433.0
1 841.0 433.0
1 631.0 434.0
1 772.0 434.0
1 943.0 435.0
1 987.0 435.0
1 912.0 437.0
1 743.0 438.0
1 755.0 438.0
1 1040.0 438.0
1 634.0 439.0
1 860.0 439.0
1 763.0 441.0
1 903.0 441.0
1 881.0 442.0
1 740.0 443.0
1 914.0 443.0
1 587.0 445.0
1 622.0 445.0
1 850.0 446.0
1 990.0 446.0
1 925.0 447.0
1 942.0 447.0
1 960.0 447.0
1 965.0 447.0
1 689.0 448.0
1 808.0 449.0
1 842.0 449.0
1 1021.0 449.0
1 763.0 451.0
1 871.0 451.0
1 614.0 452.0
1 787.0 452.0
1 885.0 452.0
1 639.0 453.0
1 892.0 453.0
1 835.0 454.0
1 651.0 455.0
1 656.0 455.0
1 920.0 455.0
1 1028.0 455.0
1 622.0 456.0
1 645.0 456.0
1 843.0 456.0
1 560.0 457.0
1 608.0 457.0
1 757.0 459.0
1 834.0 459.0
1 596.0 460.0
1 746.0 460.0
1 940.0 460.0
1 549.0 461.0
1 764.0 461.0
1 673.0 462.0
1 782.0 462.0
1 874.0 462.0
1 898.0 462.0
1 589.0 463.0
1 736.0 463.0
1 857.0 463.0
1 822.0 464.0
1 1041.0 464.0
1 612.0 465.0
1 684.0 465.0
1 889.0 465.0
1 559.0 466.0
1 772.0 466.0
1 862.0 466.0
1 1018.0 466.0
1 725.0 467.0
1 794.0 468.0
1 810.0 468.0
1 631.0 469.0
1 653.0 469.0
1 664.0 469.0
1 738.0 469.0
1 817.0 469.0
1 1040.0 469.0
1 747.0 470.0
1 568.0 471.0
1 700.0 471.0
1 864.0 471.0
1 557.0 472.0
1 638.0 472.0
1 785.0 472.0
1 657.0 474.0
1 814.0 474.0
1 644.0 475.0
1 693.0 476.0
1 1041.0 476.0
1 548.0 477.0
1 680.0 477.0
1 738.0 477.0
1 1019.0 477.0
1 667.0 478.0
1 628.0 479.0
1 812.0 479.0
1 651.0 480.0
1 891.0 480.0
1 587.0 481.0
1 731.0 481.0
1 582.0 482.0
1 701.0 482.0
1 787.0 482.0
1 876.0 482.0
1 871.0 484.0
1 638.0 485.0
1 659.0 485.0
1 778.0 486.0
1 631.0 487.0
1 747.0 487.0
1 708.0 488.0
1 739.0 488.0
1 766.0 488.0
1 797.0 490.0
1 872.0 490.0
1 644.0 491.0
1 666.0 491.0
1 810.0 491.0
1 531.0 493.0
1 720.0 494.0
1 873.0 495.0
1 878.0 495.0
1 787.0 496.0
1 1018.0 496.0
1 577.0 497.0
1 712.0 497.0
1 1041.0 497.0
1 528.0 498.0
1 644.0 499.0
1 760.0 499.0
1 582.0 500.0
1 679.0 500.0
1 809.0 500.0
1 927.0 501.0
1 939.0 501.0
1 1005.0 501.0
1 991.0 502.0
1 1040.0 502.0
1 751.0 503.0
1 590.0 504.0
1 658.0 504.0
1 727.0 504.0
1 965.0 504.0
1 521.0 506.0
1 650.0 506.0
1 810.0 506.0
1 1027.0 506.0
1 684.0 507.0
1 879.0 507.0
1 574.0 508.0
1 672.0 509.0
1 968.0 509.0
1 666.0 510.0
1 561.0 511.0
1 812.0 511.0
1 958.0 511.0
1 731.0 512.0
1 893.0 512.0
1 537.0 513.0
1 765.0 513.0
1 759.0 514.0
1 582.0 515.0
1 691.0 515.0
1 969.0 515.0
1 974.0 515.0
1 548.0 516.0
1 554.0 516.0
1 873.0 516.0
1 979.0 516.0
1 1019.0 516.0
1 512.0 517.0
1 609.0 519.0
1 652.0 519.0
1 956.0 519.0
1 1005.0 519.0
1 530.0 520.0
1 563.0 520.0
1 585.0 520.0
1 816.0 520.0
1 573.0 521.0
1 763.0 521.0
1 872.0 521.0
1 693.0 522.0
1 985.0 522.0
1 543.0 523.0
1 751.0 523.0
1 554.0 524.0
1 956.0 524.0
1 685.0 525.0
1 603.0 526.0
1 697.0 527.0
1 871.0 527.0
1 548.0 528.0
1 894.0 528.0
1 742.0 530.0
1 824.0 530.0
1 955.0 530.0
1 962.0 530.0
1 984.0 530.0
1 503.0 531.0
1 623.0 531.0
1 866.0 531.0
1 975.0 531.0
1 935.0 532.0
1 776.0 533.0
1 610.0 534.0
1 662.0 534.0
1 831.0 535.0
1 501.0 536.0
1 860.0 536.0
1 994.0 536.0
1 907.0 537.0
1 855.0 538.0
1 954.0 538.0
1 531.0 539.0
1 840.0 539.0
1 849.0 539.0
1 942.0 540.0
1 618.0 541.0
1 662.0 541.0
1 972.0 541.0
1 607.0 542.0
1 668.0 543.0
1 963.0 543.0
1 652.0 544.0
1 1000.0 544.0
1 626.0 545.0
1 632.0 545.0
1 938.0 545.0
1 660.0 546.0
1 1040.0 547.0
1 576.0 549.0
1 910.0 549.0
1 1002.0 549.0
1 620.0 550.0
1 602.0 551.0
1 935.0 551.0
1 1039.0 552.0
1 1027.0 553.0
1 674.0 554.0
1 496.0 555.0
1 559.0 557.0
1 765.0 557.0
1 904.0 557.0
1 520.0 558.0
1 630.0 558.0
1 714.0 558.0
1 1005.0 558.0
1 933.0 559.0
1 527.0 560.0
1 695.0 561.0
1 756.0 561.0
1 783.0 561.0
1 830.0 561.0
1 636.0 563.0
1 679.0 566.0
1 860.0 566.0
1 846.0 567.0
1 699.0 568.0
1 934.0 568.0
1 894.0 569.0
1 517.0 570.0
1 876.0 570.0
1 612.0 571.0
1 810.0 571.0
1 567.0 572.0
1 577.0 572.0
1 884.0 572.0
1 1039.0 572.0
1 525.0 573.0
1 572.0 573.0
1 640.0 573.0
1 935.0 573.0
1 996.0 573.0
1 1026.0 574.0
1 790.0 575.0
1 785.0 576.0
1 601.0 577.0
1 684.0 577.0
1 764.0 577.0
1 759.0 578.0
1 1039.0 578.0
1 702.0 579.0
1 684.0 582.0
1 1039.0 583.0
1 645.0 585.0
1 891.0 585.0
1 704.0 586.0
1 944.0 586.0
1 992.0 586.0
1 515.0 588.0
1 1039.0 588.0
1 524.0 589.0
1 793.0 590.0
1 950.0 590.0
1 492.0 591.0
1 984.0 591.0
1 955.0 592.0
1 976.0 594.0
1 688.0 595.0
1 963.0 595.0
1 968.0 595.0
1 707.0 598.0
1 1039.0 604.0
1 627.0 605.0
1 597.0 606.0
1 690.0 608.0
1 563.0 609.0
1 654.0 612.0
1 520.0 613.0
1 691.0 613.0
1 564.0 614.0
1 618.0 616.0
1 710.0 616.0
1 606.0 618.0
1 975.0 618.0
1 989.0 621.0
1 495.0 622.0
1 710.0 622.0
1 693.0 624.0
1 1038.0 625.0
1 621.0 626.0
1 656.0 627.0
1 557.0 628.0
1 693.0 629.0
1 637.0 630.0
1 521.0 631.0
1 529.0 636.0
1 577.0 637.0
1 609.0 637.0
1 657.0 638.0
1 766.0 638.0
1 521.0 639.0
1 774.0 640.0
1 850.0 640.0
1 600.0 643.0
1 632.0 643.0
1 1026.0 647.0
1 532.0 649.0
1 571.0 650.0
1 610.0 650.0
1 765.0 650.0
1 526.0 651.0
1 649.0 651.0
1 789.0 656.0
1 659.0 657.0
1 586.0 658.0
1 604.0 658.0
1 622.0 658.0
1 771.0 659.0
1 983.0 659.0
1 659.0 662.0
1 652.0 663.0
1 848.0 663.0
1 769.0 665.0
1 786.0 666.0
1 544.0 669.0
1 642.0 671.0
1 510.0 672.0
1 605.0 672.0
1 590.0 675.0
1 654.0 675.0
1 537.0 678.0
1 637.0 679.0
1 632.0 681.0
1 779.0 681.0
1 542.0 682.0
1 920.0 683.0
1 651.0 684.0
1 754.0 684.0
1 610.0 685.0
1 615.0 685.0
1 759.0 685.0
1 806.0 685.0
1 550.0 688.0
1 1038.0 689.0
1 687.0 690.0
1 562.0 692.0
1 549.0 693.0
1 772.0 693.0
1 1038.0 694.0
1 685.0 696.0
1 1025.0 698.0
1 637.0 699.0
1 865.0 699.0
1 1038.0 699.0
1 571.0 700.0
1 872.0 701.0
1 877.0 702.0
1 883.0 703.0
1 1016.0 703.0
1 554.0 705.0
1 892.0 705.0
1 638.0 706.0
1 681.0 707.0
1 748.0 707.0
1 903.0 707.0
1 1037.0 707.0
1 583.0 708.0
1 839.0 708.0
1 844.0 709.0
1 623.0 711.0
1 853.0 711.0
1 535.0 712.0
1 679.0 712.0
1 596.0 713.0
1 859.0 713.0
1 563.0 714.0
1 612.0 714.0
1 617.0 714.0
1 939.0 715.0
1 951.0 716.0
1 133.0 717.0
1 569.0 717.0
1 737.0 718.0
1 981.0 718.0
1 992.0 718.0
1 674.0 719.0
1 1020.0 719.0
1 622.0 720.0
1 808.0 720.0
1 1038.0 722.0
1 578.0 723.0
1 593.0 724.0
1 607.0 724.0
1 640.0 725.0
1 76.0 727.0
1 837.0 728.0
1 942.0 732.0
1 1033.0 732.0
1 664.0 733.0
1 990.0 735.0
1 623.0 737.0
1 689.0 737.0
1 191.0 738.0
1 618.0 738.0
1 1038.0 740.0
1 569.0 741.0
1 661.0 750.0
1 939.0 752.0
1 1037.0 755.0
1 992.0 756.0
1 987.0 757.0
1 1464.0 760.0
1 566.0 761.0
1 939.0 762.0
1 1035.0 773.0
1 542.0 774.0
1 940.0 778.0
1 1019.0 779.0
1 1034.0 780.0
1 1148.0 787.0
1 531.0 790.0
1 1034.0 791.0
1 1032.0 807.0
1 1052.0 808.0
1 520.0 810.0
1 1127.0 812.0
1 637.0 815.0
1 271.0 819.0
1 514.0 823.0
1 883.0 823.0
1 615.0 827.0
1 266.0 831.0
1 1031.0 837.0
1 509.0 878.0
1 977.0 881.0
1 598.0 883.0
1 1030.0 883.0
1 738.0 889.0
1 599.0 903.0
1 1028.0 903.0
1 1101.0 918.0
1 785.0 948.0
