0 1 0 430.1814132201838
0 3 2 297.24201162412663
0 4 4 346.35971378673315
0 5 7 322.34466072253883
0 6 11 286.8447627654064
0 11 15 366.36923525091834
0 12 19 160.1061494780704
0 15 26 169.52093799637055
0 9 27 470.6001680753355
0 18 29 159.9285292541423
0 19 39 113.97754147555163
0 22 44 124.23956177478487
0 24 47 280.2419835070771
0 20 48 130.82970951062896
0 27 50 109.53636361974468
0 29 54 167.7467799121993
0 32 55 176.65649793136504
0 31 56 192.746873547409
0 58 59 365.374081118448
0 39 61 210.0294039883666
0 47 65 357.8645464828641
0 34 66 304.8796747531641
0 37 67 440.5639208607495
0 80 68 222.58639755512348
0 50 69 463.6325795727806
0 52 73 490.36934402436003
0 54 74 439.38737455215903
0 60 75 252.57353491885408
0 100 76 279.75492203580654
0 59 77 122.90829651455401
0 35 78 344.76860400002056
0 44 79 343.7206787622609
0 57 82 247.37848095909126
0 70 83 157.50147318355317
0 36 84 424.2360666183906
0 43 86 434.88921672281356
0 56 87 233.37044511323546
0 71 91 142.83040119186973
0 69 93 379.2642747576844
0 109 94 372.87263697481217
0 85 95 161.0547128752163
0 88 96 232.5863618420209
0 84 99 292.69510327763004
0 89 100 196.36916600185026
0 76 104 357.14038478363557
0 92 106 260.58871291227086
0 82 107 269.19011433412885
0 94 108 157.08558081170543
0 95 111 254.62175716952032
0 75 112 197.13820165320408
0 98 113 488.633697058872
0 90 114 190.49231131517936
0 91 115 122.68438490006255
0 96 116 124.929034416065
0 73 117 197.5787987971366
0 108 119 341.20588094128254
0 81 120 295.1618412393858
0 99 121 364.0929975772296
0 97 124 371.50467198145265
0 103 126 240.16988182196366
0 110 130 180.30298291899217
0 116 131 117.93233820256334
0 102 132 174.9913767504258
0 111 134 124.17110360911614
0 112 135 131.55976811840588
0 107 136 234.2092252844708
0 101 137 141.3131279865038
0 106 139 323.67324760356684
0 125 140 246.54121543827478
0 122 144 391.7679582910385
0 113 146 237.9160934331565
0 142 148 330.47099537322924
0 178 150 466.054814974287
0 115 153 463.1468931365175
0 120 154 232.71682962668896
0 143 155 454.5012504244725
0 118 157 176.77961154716257
0 130 164 267.0351663134787
0 150 166 471.37498005174183
0 146 179 118.33746501658904
0 139 180 227.6363867269492
0 135 181 265.50090634230725
0 144 184 162.75344591570942
0 148 185 187.22626030710424
0 147 188 230.5381237705971
0 129 189 248.06040903639746
0 158 193 173.7567958155569
0 165 201 125.59010946268157
0 140 202 289.13946055684954
0 161 205 172.42795621699764
0 149 209 158.73305837113801
0 153 219 210.35002322321122
0 172 230 225.4618198755669
0 196 231 275.73257522231955
0 176 235 448.05866002354435
0 197 245 350.76481194955886
0 177 246 220.6121293030531
0 228 265 217.26001572353312
0 206 275 325.8033219587486
0 214 277 256.4831170407577
0 237 279 369.26102745112365
0 239 281 389.3929672269587
0 210 284 223.49252224855599
0 215 291 179.71741976797608
0 227 293 280.8777093585132
0 243 295 267.21245665140134
0 245 296 377.6052389154585
0 219 299 218.69636251378566
0 271 301 329.0984980869202
0 235 304 395.9990846607385
0 224 305 121.28710587981504
0 275 306 435.28006248005903
0 233 307 234.02893401241815
0 273 308 287.0938212479376
0 250 309 351.51023105366545
0 262 314 277.59638085296297
0 279 315 173.55616207994095
0 274 316 440.67064233479147
0 230 324 162.50545568453757
0 240 326 449.4246650788647
0 285 327 352.274727495584
0 264 332 447.58972421710155
0 261 334 188.16144732949215
0 234 335 233.3625571767069
0 282 336 249.21744175803804
0 238 339 152.00158513768528
0 278 342 370.0633888344069
0 263 344 201.0754768799437
0 249 350 237.697010981214
0 244 351 245.72482103636335
0 311 352 198.7678612725529
0 291 353 406.41496087788573
0 286 354 480.9040317581185
0 251 355 172.4978596125886
0 268 360 141.67591062566626
0 265 361 197.3268478321084
0 276 363 180.8302563915187
0 272 364 245.9203465501786
0 266 371 203.6125253890397
0 304 372 329.6337236283645
0 292 373 318.15839540395325
0 283 378 205.28493302997188
0 326 379 109.0703608864692
0 324 381 140.55005911956832
0 331 382 109.89734814569199
0 294 386 214.71412047435376
0 332 388 314.6701117320531
0 299 389 480.92739793950904
0 317 394 301.6655854290404
0 305 395 143.24871120938113
0 284 396 339.06435046074324
0 296 397 122.2403540691408
0 338 398 136.82713084695612
0 340 402 121.18934940136397
0 300 404 210.91327970327444
0 345 405 419.97069229563834
0 314 406 128.2027326996357
0 342 411 216.35419060433705
0 312 413 106.30295476844383
0 344 415 230.73036697510773
0 318 416 121.48280244335359
0 307 417 145.6790189920378
0 327 418 321.8771274778747
0 325 419 300.67870035065886
0 309 422 163.3191649754455
0 339 423 349.92151009304183
0 353 427 136.4247087117484
0 334 428 449.20271360248466
0 354 430 113.55246097441606
0 350 431 326.54427009964854
0 313 434 328.8628786667043
0 329 440 132.28209177264395
0 333 444 174.02014446276212
0 347 448 363.28419232832135
0 330 452 320.51553869969456
0 352 453 476.2387135333423
0 371 455 117.75768998281491
0 367 456 233.0537405116073
0 366 463 286.36507090930536
0 359 464 276.07593479676217
0 365 467 319.49013253423425
0 379 469 110.420000630512
0 391 471 138.72243384992174
0 384 476 325.8657804547145
0 386 480 238.65031237724557
0 408 482 165.5170236560905
0 392 485 212.44984107621804
0 407 491 266.02098568885145
0 410 497 415.16496915904935
0 390 498 305.63689412642566
0 420 500 162.98013653551453
0 426 507 176.05069758285725
0 431 509 131.10936616935825
0 425 513 294.1751716335814
0 441 514 286.09429445590945
0 449 515 455.9255908144283
0 416 517 361.32543152764475
0 446 523 359.80831773386944
0 414 524 408.17996521987504
0 448 525 186.8318899900956
0 437 527 355.1019881179837
0 468 528 268.2874686323024
0 459 530 162.27956471294337
0 438 534 487.4254595393705
0 466 537 142.72807805509825
0 470 538 238.78758895530888
0 458 540 398.92225562581444
0 432 541 196.82888660481524
0 467 550 415.04226192523
0 473 551 147.76379024347023
0 450 554 153.76890271348165
0 435 557 354.09589993168066
0 475 558 404.23252045742714
0 478 560 261.162925148995
0 476 562 216.26579635531664
0 484 568 438.74505414614885
0 482 571 224.17016884899178
0 447 578 325.2380151567067
0 461 580 281.96788427650546
0 464 581 267.12915170748613
0 499 585 301.6652871011206
0 477 592 382.1783750236196
0 485 596 482.70656302865484
0 508 597 115.46385735989166
0 495 600 386.1210409552995
0 526 601 336.3038285664344
0 529 602 272.3455980073591
0 530 612 343.5352241417156

0 828.0 286.0
0 782.0 289.0
0 739.0 290.0
0 728.0 291.0
0 776.0 291.0
0 679.0 292.0
0 771.0 296.0
0 783.0 299.0
0 802.0 302.0
0 830.0 302.0
0 836.0 309.0
0 846.0 313.0
0 818.0 314.0
0 766.0 321.0
0 755.0 322.0
0 635.0 324.0
0 784.0 324.0
0 968.0 324.0
0 746.0 326.0
0 606.0 327.0
0 784.0 330.0
0 794.0 330.0
0 823.0 330.0
0 738.0 331.0
0 881.0 331.0
0 892.0 331.0
0 952.0 333.0
0 975.0 333.0
0 871.0 335.0
0 620.0 336.0
0 783.0 336.0
0 965.0 336.0
0 794.0 338.0
0 864.0 338.0
0 749.0 339.0
0 731.0 340.0
0 740.0 341.0
0 772.0 341.0
0 590.0 342.0
0 713.0 342.0
0 914.0 343.0
0 945.0 343.0
0 887.0 344.0
0 893.0 344.0
0 612.0 346.0
0 760.0 347.0
0 730.0 348.0
0 983.0 350.0
0 867.0 351.0
0 968.0 351.0
0 708.0 352.0
0 747.0 352.0
0 592.0 354.0
0 737.0 356.0
0 888.0 358.0
0 971.0 358.0
0 608.0 359.0
0 934.0 359.0
0 874.0 360.0
0 589.0 361.0
0 760.0 361.0
0 616.0 362.0
0 623.0 362.0
0 629.0 362.0
0 906.0 362.0
0 647.0 363.0
0 863.0 363.0
0 991.0 363.0
0 559.0 364.0
0 659.0 364.0
0 676.0 365.0
0 963.0 365.0
0 970.0 365.0
0 681.0 366.0
0 686.0 366.0
0 853.0 366.0
0 590.0 367.0
0 702.0 368.0
0 875.0 368.0
0 953.0 368.0
0 726.0 369.0
0 750.0 369.0
0 936.0 369.0
0 613.0 370.0
0 884.0 370.0
0 890.0 370.0
0 895.0 370.0
0 900.0 370.0
0 910.0 370.0
0 917.0 370.0
0 982.0 373.0
0 673.0 375.0
0 883.0 375.0
0 954.0 375.0
0 560.0 376.0
0 617.0 376.0
0 627.0 376.0
0 777.0 376.0
0 863.0 377.0
0 602.0 378.0
0 638.0 378.0
0 752.0 378.0
0 809.0 378.0
0 874.0 378.0
0 936.0 378.0
0 990.0 378.0
0 647.0 379.0
0 852.0 379.0
0 663.0 380.0
0 910.0 380.0
0 916.0 380.0
0 686.0 381.0
0 897.0 381.0
0 1014.0 381.0
0 680.0 382.0
0 702.0 382.0
0 719.0 383.0
0 880.0 383.0
0 603.0 384.0
0 609.0 384.0
0 691.0 384.0
0 780.0 384.0
0 786.0 384.0
0 792.0 384.0
0 990.0 384.0
0 930.0 386.0
0 807.0 387.0
0 1015.0 388.0
0 609.0 389.0
0 914.0 389.0
0 614.0 390.0
0 626.0 391.0
0 735.0 391.0
0 951.0 393.0
0 706.0 395.0
0 717.0 395.0
0 877.0 395.0
0 905.0 395.0
0 1018.0 395.0
0 825.0 397.0
0 726.0 398.0
0 562.0 399.0
0 704.0 400.0
0 834.0 400.0
0 604.0 401.0
0 813.0 401.0
0 875.0 401.0
0 950.0 401.0
0 617.0 403.0
0 661.0 403.0
0 553.0 404.0
0 638.0 404.0
0 820.0 404.0
0 773.0 405.0
0 884.0 405.0
0 633.0 406.0
0 796.0 407.0
0 905.0 407.0
0 920.0 407.0
0 925.0 407.0
0 952.0 407.0
0 993.0 407.0
0 614.0 408.0
0 726.0 408.0
0 751.0 408.0
0 559.0 409.0
0 603.0 409.0
0 840.0 410.0
0 584.0 411.0
0 620.0 411.0
0 677.0 411.0
0 827.0 411.0
0 879.0 412.0
0 562.0 414.0
0 570.0 414.0
0 999.0 414.0
0 849.0 415.0
0 987.0 415.0
0 722.0 416.0
0 710.0 417.0
0 789.0 417.0
0 794.0 417.0
0 818.0 417.0
0 554.0 418.0
0 727.0 418.0
0 784.0 418.0
0 651.0 420.0
0 745.0 420.0
0 753.0 420.0
0 902.0 420.0
0 676.0 421.0
0 878.0 421.0
0 1018.0 422.0
0 736.0 423.0
0 641.0 424.0
0 855.0 424.0
0 832.0 425.0
0 850.0 425.0
0 860.0 425.0
0 543.0 426.0
0 587.0 426.0
0 714.0 426.0
0 837.0 426.0
0 988.0 426.0
0 665.0 427.0
0 776.0 427.0
0 843.0 427.0
0 1018.0 427.0
0 530.0 428.0
0 816.0 428.0
0 525.0 429.0
0 648.0 429.0
0 520.0 430.0
0 748.0 430.0
0 829.0 430.0
0 1007.0 430.0
0 615.0 432.0
0 667.0 432.0
0 653.0 433.0
0 819.0 433.0
0 514.0 434.0
0 602.0 434.0
0 638.0 434.0
0 998.0 434.0
0 1019.0 435.0
0 704.0 436.0
0 667.0 437.0
0 572.0 438.0
0 583.0 438.0
0 693.0 438.0
0 771.0 438.0
0 547.0 439.0
0 608.0 439.0
0 660.0 440.0
0 679.0 440.0
0 759.0 440.0
0 541.0 441.0
0 992.0 441.0
0 506.0 442.0
0 731.0 442.0
0 845.0 442.0
0 583.0 443.0
0 689.0 443.0
0 710.0 443.0
0 749.0 443.0
0 671.0 444.0
0 827.0 444.0
0 839.0 444.0
0 592.0 445.0
0 616.0 445.0
0 700.0 446.0
0 652.0 447.0
0 769.0 447.0
0 583.0 448.0
0 712.0 448.0
0 760.0 449.0
0 597.0 450.0
0 668.0 450.0
0 751.0 450.0
0 620.0 451.0
0 588.0 452.0
0 633.0 452.0
0 680.0 452.0
0 769.0 452.0
0 645.0 453.0
0 497.0 454.0
0 655.0 455.0
0 699.0 455.0
0 752.0 455.0
0 850.0 455.0
0 738.0 456.0
0 723.0 457.0
0 605.0 458.0
0 633.0 458.0
0 829.0 458.0
0 986.0 458.0
0 595.0 459.0
0 769.0 460.0
0 1018.0 461.0
0 489.0 462.0
0 684.0 462.0
0 542.0 463.0
0 619.0 463.0
0 712.0 463.0
0 902.0 463.0
0 970.0 463.0
0 609.0 465.0
0 952.0 465.0
0 484.0 466.0
0 638.0 466.0
0 600.0 467.0
0 926.0 467.0
0 699.0 468.0
0 770.0 468.0
0 999.0 468.0
0 523.0 469.0
0 535.0 470.0
0 690.0 470.0
0 638.0 471.0
0 830.0 471.0
0 934.0 471.0
0 481.0 472.0
0 552.0 472.0
0 717.0 472.0
0 725.0 472.0
0 921.0 472.0
0 628.0 473.0
0 772.0 473.0
0 519.0 474.0
0 543.0 474.0
0 644.0 475.0
0 864.0 475.0
0 849.0 476.0
0 479.0 477.0
0 526.0 477.0
0 509.0 478.0
0 544.0 479.0
0 732.0 479.0
0 987.0 479.0
0 1018.0 479.0
0 559.0 480.0
0 687.0 480.0
0 714.0 480.0
0 723.0 480.0
0 933.0 480.0
0 602.0 481.0
0 709.0 481.0
0 514.0 482.0
0 826.0 482.0
0 971.0 482.0
0 635.0 483.0
0 913.0 483.0
0 553.0 485.0
0 947.0 485.0
0 754.0 487.0
0 824.0 487.0
0 542.0 488.0
0 637.0 488.0
0 647.0 488.0
0 927.0 488.0
0 698.0 489.0
0 850.0 490.0
0 567.0 491.0
0 740.0 491.0
0 782.0 491.0
0 735.0 492.0
0 999.0 492.0
0 648.0 493.0
0 919.0 494.0
0 611.0 495.0
0 912.0 495.0
0 945.0 495.0
0 503.0 496.0
0 553.0 496.0
0 730.0 496.0
0 816.0 496.0
0 934.0 496.0
0 869.0 498.0
0 877.0 498.0
0 1017.0 498.0
0 792.0 499.0
0 811.0 500.0
0 573.0 501.0
0 800.0 501.0
0 806.0 501.0
0 956.0 501.0
0 717.0 503.0
0 542.0 504.0
0 615.0 505.0
0 898.0 505.0
0 923.0 505.0
0 932.0 505.0
0 563.0 506.0
0 571.0 506.0
0 637.0 506.0
0 959.0 506.0
0 602.0 509.0
0 851.0 510.0
0 895.0 510.0
0 493.0 511.0
0 958.0 511.0
0 530.0 512.0
0 500.0 514.0
0 999.0 515.0
0 1017.0 515.0
0 621.0 516.0
0 865.0 516.0
0 722.0 517.0
0 551.0 518.0
0 642.0 518.0
0 742.0 519.0
0 664.0 520.0
0 892.0 520.0
0 582.0 521.0
0 712.0 521.0
0 792.0 521.0
0 967.0 521.0
0 946.0 522.0
0 490.0 523.0
0 553.0 524.0
0 624.0 524.0
0 659.0 524.0
0 498.0 526.0
0 807.0 527.0
0 892.0 527.0
0 469.0 528.0
0 819.0 528.0
0 646.0 529.0
0 1017.0 529.0
0 773.0 530.0
0 563.0 531.0
0 569.0 531.0
0 753.0 532.0
0 850.0 532.0
0 534.0 533.0
0 557.0 533.0
0 833.0 533.0
0 893.0 533.0
0 627.0 534.0
0 743.0 534.0
0 1017.0 534.0
0 648.0 536.0
0 956.0 537.0
0 714.0 538.0
0 872.0 538.0
0 963.0 538.0
0 999.0 538.0
0 490.0 540.0
0 629.0 540.0
0 881.0 540.0
0 498.0 541.0
0 545.0 541.0
0 649.0 541.0
0 780.0 543.0
0 959.0 543.0
0 631.0 546.0
0 850.0 546.0
0 651.0 548.0
0 756.0 550.0
0 632.0 551.0
0 904.0 551.0
0 952.0 551.0
0 595.0 553.0
0 529.0 554.0
0 910.0 554.0
0 946.0 555.0
0 915.0 557.0
0 941.0 557.0
0 585.0 558.0
0 634.0 558.0
0 922.0 559.0
0 927.0 559.0
0 935.0 559.0
0 654.0 560.0
0 597.0 562.0
0 495.0 564.0
0 532.0 565.0
0 635.0 565.0
0 556.0 567.0
0 636.0 570.0
0 999.0 570.0
0 672.0 572.0
0 657.0 573.0
0 601.0 575.0
0 756.0 575.0
0 637.0 576.0
0 747.0 576.0
0 582.0 577.0
0 589.0 578.0
0 519.0 579.0
0 999.0 583.0
0 541.0 589.0
0 639.0 589.0
0 1015.0 589.0
0 574.0 590.0
0 590.0 590.0
0 603.0 593.0
0 1015.0 594.0
0 723.0 597.0
0 821.0 597.0
0 563.0 598.0
0 732.0 599.0
0 504.0 600.0
0 577.0 600.0
0 601.0 600.0
0 596.0 601.0
0 998.0 601.0
0 541.0 602.0
0 640.0 602.0
0 585.0 605.0
0 639.0 607.0
0 572.0 609.0
0 722.0 609.0
0 731.0 610.0
0 639.0 613.0
0 577.0 614.0
0 751.0 616.0
0 584.0 617.0
0 603.0 619.0
0 709.0 619.0
0 517.0 620.0
0 553.0 621.0
0 750.0 621.0
0 590.0 624.0
0 639.0 624.0
0 693.0 624.0
0 702.0 624.0
0 516.0 625.0
0 714.0 625.0
0 511.0 627.0
0 675.0 627.0
0 686.0 630.0
0 694.0 632.0
0 569.0 634.0
0 527.0 636.0
0 513.0 637.0
0 574.0 637.0
0 593.0 637.0
0 638.0 637.0
0 579.0 638.0
0 712.0 641.0
0 723.0 641.0
0 602.0 642.0
0 534.0 644.0
0 740.0 644.0
0 519.0 645.0
0 1015.0 653.0
0 593.0 655.0
0 526.0 656.0
0 715.0 656.0
0 547.0 657.0
0 1015.0 658.0
0 997.0 661.0
0 810.0 662.0
0 594.0 663.0
0 1014.0 663.0
0 582.0 665.0
0 559.0 666.0
0 537.0 667.0
0 631.0 667.0
0 574.0 668.0
0 824.0 668.0
0 871.0 668.0
0 985.0 668.0
0 792.0 669.0
0 829.0 669.0
0 1013.0 670.0
0 881.0 671.0
0 704.0 672.0
0 699.0 674.0
0 582.0 675.0
0 557.0 676.0
0 774.0 677.0
0 904.0 678.0
0 811.0 683.0
0 946.0 683.0
0 955.0 683.0
0 989.0 684.0
0 528.0 685.0
0 1014.0 686.0
0 559.0 687.0
0 880.0 688.0
0 580.0 690.0
0 646.0 692.0
0 540.0 693.0
0 1010.0 693.0
0 906.0 695.0
0 641.0 696.0
0 551.0 700.0
0 955.0 700.0
0 450.0 701.0
0 566.0 701.0
0 626.0 702.0
0 1014.0 704.0
0 905.0 708.0
0 23.0 712.0
0 529.0 714.0
0 902.0 714.0
0 1014.0 715.0
0 956.0 720.0
0 1013.0 720.0
0 951.0 721.0
0 518.0 722.0
0 946.0 722.0
0 1012.0 725.0
0 516.0 727.0
0 905.0 728.0
0 505.0 742.0
0 1009.0 744.0
0 805.0 745.0
0 900.0 745.0
0 851.0 753.0
0 1008.0 753.0
0 776.0 758.0
0 38.0 765.0
0 301.0 765.0
0 1008.0 766.0
0 582.0 770.0
0 239.0 772.0
0 442.0 777.0
0 1006.0 783.0
0 509.0 789.0
0 492.0 803.0
0 101.0 812.0
0 45.0 813.0
0 10.0 825.0
0 442.0 829.0
0 689.0 830.0
0 359.0 833.0
0 582.0 833.0
0 507.0 837.0
0 184.0 838.0
0 548.0 840.0
0 654.0 840.0
0 420.0 845.0
0 706.0 845.0
0 691.0 846.0
0 630.0 847.0
0 874.0 848.0
0 653.0 850.0
0 1007.0 855.0
0 111.0 858.0
0 232.0 858.0
0 650.0 859.0
0 701.0 859.0
0 67.0 861.0
0 533.0 864.0
0 910.0 864.0
0 184.0 868.0
0 765.0 874.0
0 928.0 888.0
0 664.0 891.0
0 510.0 895.0
0 464.0 912.0
0 992.0 981.0
1 926.0 134.0
1 923.0 373.0
1 928.0 373.0
1 837.0 374.0
1 933.0 374.0
1 935.0 384.0
1 949.0 396.0
1 811.0 401.0
1 768.0 403.0
1 1104.0 403.0
1 750.0 406.0
1 738.0 407.0
1 704.0 408.0
1 1027.0 408.0
1 1055.0 408.0
1 1088.0 408.0
1 789.0 409.0
1 728.0 414.0
1 801.0 414.0
1 936.0 416.0
1 1024.0 419.0
1 716.0 421.0
1 798.0 421.0
1 688.0 422.0
1 1114.0 422.0
1 658.0 423.0
1 728.0 424.0
1 934.0 424.0
1 672.0 426.0
1 1043.0 426.0
1 756.0 428.0
1 792.0 429.0
1 1105.0 429.0
1 771.0 430.0
1 1014.0 433.0
1 1028.0 433.0
1 1053.0 434.0
1 1123.0 434.0
1 690.0 435.0
1 807.0 435.0
1 851.0 435.0
1 873.0 435.0
1 1046.0 435.0
1 1058.0 435.0
1 1100.0 435.0
1 815.0 436.0
1 824.0 436.0
1 835.0 436.0
1 856.0 436.0
1 861.0 436.0
1 866.0 436.0
1 889.0 436.0
1 896.0 436.0
1 902.0 436.0
1 907.0 436.0
1 912.0 436.0
1 1071.0 436.0
1 1087.0 436.0
1 718.0 437.0
1 930.0 437.0
1 1001.0 437.0
1 920.0 438.0
1 786.0 439.0
1 657.0 440.0
1 840.0 440.0
1 1111.0 440.0
1 762.0 441.0
1 976.0 441.0
1 731.0 442.0
1 1099.0 442.0
1 802.0 443.0
1 880.0 443.0
1 1034.0 443.0
1 1054.0 443.0
1 1047.0 444.0
1 1070.0 444.0
1 1085.0 444.0
1 624.0 445.0
1 673.0 446.0
1 1012.0 446.0
1 643.0 447.0
1 924.0 447.0
1 1000.0 447.0
1 690.0 448.0
1 783.0 448.0
1 804.0 448.0
1 912.0 448.0
1 813.0 449.0
1 823.0 449.0
1 841.0 449.0
1 894.0 449.0
1 931.0 449.0
1 852.0 450.0
1 861.0 450.0
1 875.0 450.0
1 904.0 450.0
1 950.0 450.0
1 1122.0 450.0
1 1132.0 450.0
1 969.0 451.0
1 762.0 454.0
1 1096.0 454.0
1 962.0 455.0
1 1000.0 455.0
1 621.0 456.0
1 731.0 456.0
1 1046.0 456.0
1 1072.0 456.0
1 782.0 457.0
1 642.0 458.0
1 797.0 458.0
1 937.0 460.0
1 950.0 460.0
1 1075.0 461.0
1 971.0 462.0
1 983.0 462.0
1 818.0 463.0
1 1016.0 464.0
1 1095.0 464.0
1 775.0 465.0
1 1083.0 465.0
1 767.0 467.0
1 787.0 467.0
1 1137.0 467.0
1 698.0 468.0
1 964.0 468.0
1 1068.0 468.0
1 685.0 469.0
1 986.0 469.0
1 1094.0 469.0
1 976.0 470.0
1 704.0 472.0
1 764.0 472.0
1 1137.0 472.0
1 728.0 473.0
1 1039.0 474.0
1 1095.0 474.0
1 677.0 475.0
1 737.0 475.0
1 1034.0 475.0
1 1082.0 475.0
1 655.0 477.0
1 801.0 478.0
1 826.0 478.0
1 954.0 478.0
1 742.0 479.0
1 935.0 479.0
1 974.0 480.0
1 1017.0 480.0
1 1059.0 480.0
1 776.0 481.0
1 642.0 483.0
1 751.0 483.0
1 1064.0 483.0
1 729.0 484.0
1 834.0 484.0
1 844.0 484.0
1 853.0 484.0
1 962.0 484.0
1 713.0 485.0
1 863.0 485.0
1 1010.0 485.0
1 630.0 486.0
1 825.0 486.0
1 807.0 487.0
1 943.0 487.0
1 1068.0 488.0
1 621.0 489.0
1 703.0 489.0
1 797.0 489.0
1 676.0 490.0
1 684.0 490.0
1 1007.0 490.0
1 695.0 491.0
1 753.0 492.0
1 852.0 493.0
1 990.0 493.0
1 1071.0 493.0
1 620.0 494.0
1 646.0 495.0
1 782.0 495.0
1 868.0 495.0
1 890.0 495.0
1 1007.0 495.0
1 639.0 496.0
1 651.0 497.0
1 938.0 497.0
1 876.0 498.0
1 899.0 498.0
1 712.0 499.0
1 881.0 499.0
1 746.0 500.0
1 759.0 500.0
1 773.0 501.0
1 952.0 501.0
1 728.0 502.0
1 840.0 502.0
1 931.0 502.0
1 908.0 503.0
1 896.0 505.0
1 619.0 506.0
1 633.0 506.0
1 639.0 506.0
1 993.0 506.0
1 721.0 508.0
1 736.0 508.0
1 1134.0 508.0
1 728.0 509.0
1 904.0 509.0
1 1086.0 509.0
1 1094.0 509.0
1 649.0 510.0
1 1079.0 510.0
1 640.0 511.0
1 1004.0 511.0
1 1107.0 511.0
1 686.0 512.0
1 924.0 512.0
1 943.0 512.0
1 1074.0 512.0
1 698.0 513.0
1 912.0 514.0
1 994.0 514.0
1 631.0 516.0
1 1108.0 516.0
1 616.0 517.0
1 1075.0 517.0
1 1006.0 518.0
1 757.0 520.0
1 921.0 521.0
1 1128.0 521.0
1 871.0 522.0
1 623.0 523.0
1 1008.0 523.0
1 1073.0 523.0
1 967.0 524.0
1 637.0 525.0
1 779.0 525.0
1 1112.0 525.0
1 800.0 527.0
1 1009.0 528.0
1 1071.0 528.0
1 791.0 531.0
1 815.0 531.0
1 1136.0 531.0
1 825.0 532.0
1 830.0 532.0
1 835.0 532.0
1 966.0 532.0
1 1103.0 532.0
1 844.0 534.0
1 1064.0 534.0
1 699.0 535.0
1 783.0 535.0
1 862.0 535.0
1 1017.0 535.0
1 1141.0 535.0
1 652.0 536.0
1 804.0 536.0
1 1011.0 536.0
1 796.0 537.0
1 998.0 537.0
1 816.0 539.0
1 1023.0 539.0
1 827.0 540.0
1 1055.0 540.0
1 1124.0 540.0
1 772.0 541.0
1 1031.0 541.0
1 1135.0 541.0
1 719.0 542.0
1 736.0 542.0
1 1050.0 542.0
1 787.0 543.0
1 808.0 543.0
1 873.0 543.0
1 1039.0 543.0
1 1045.0 543.0
1 895.0 544.0
1 779.0 545.0
1 800.0 545.0
1 886.0 546.0
1 827.0 549.0
1 1099.0 549.0
1 1146.0 549.0
1 792.0 550.0
1 979.0 550.0
1 708.0 551.0
1 774.0 551.0
1 699.0 552.0
1 882.0 552.0
1 847.0 555.0
1 899.0 555.0
1 889.0 556.0
1 1083.0 556.0
1 825.0 557.0
1 1122.0 557.0
1 778.0 558.0
1 765.0 559.0
1 919.0 559.0
1 1097.0 559.0
1 708.0 562.0
1 895.0 562.0
1 906.0 562.0
1 809.0 564.0
1 1008.0 564.0
1 1013.0 564.0
1 1098.0 564.0
1 623.0 565.0
1 1135.0 565.0
1 713.0 566.0
1 771.0 566.0
1 1075.0 566.0
1 1143.0 566.0
1 1041.0 567.0
1 701.0 568.0
1 825.0 568.0
1 966.0 568.0
1 1057.0 568.0
1 645.0 570.0
1 903.0 570.0
1 850.0 573.0
1 917.0 574.0
1 887.0 576.0
1 792.0 577.0
1 988.0 578.0
1 748.0 579.0
1 911.0 579.0
1 921.0 580.0
1 1106.0 580.0
1 1133.0 581.0
1 758.0 582.0
1 805.0 582.0
1 1111.0 583.0
1 914.0 584.0
1 820.0 587.0
1 701.0 588.0
1 860.0 589.0
1 743.0 592.0
1 921.0 592.0
1 753.0 594.0
1 776.0 594.0
1 808.0 595.0
1 700.0 596.0
1 793.0 598.0
1 712.0 599.0
1 742.0 600.0
1 887.0 600.0
1 830.0 601.0
1 862.0 601.0
1 792.0 603.0
1 816.0 606.0
1 948.0 606.0
1 739.0 609.0
1 750.0 609.0
1 827.0 613.0
1 931.0 618.0
1 815.0 619.0
1 717.0 620.0
1 991.0 620.0
1 864.0 623.0
1 911.0 624.0
1 991.0 625.0
1 929.0 626.0
1 711.0 629.0
1 874.0 629.0
1 892.0 629.0
1 793.0 631.0
1 938.0 631.0
1 749.0 632.0
1 625.0 633.0
1 741.0 634.0
1 826.0 635.0
1 794.0 636.0
1 928.0 638.0
1 937.0 639.0
1 908.0 640.0
1 713.0 642.0
1 797.0 642.0
1 775.0 645.0
1 894.0 645.0
1 907.0 645.0
1 742.0 646.0
1 686.0 647.0
1 874.0 647.0
1 626.0 648.0
1 841.0 648.0
1 744.0 651.0
1 906.0 651.0
1 648.0 653.0
1 936.0 653.0
1 808.0 654.0
1 863.0 654.0
1 753.0 655.0
1 927.0 655.0
1 717.0 656.0
1 905.0 656.0
1 744.0 659.0
1 626.0 660.0
1 900.0 660.0
1 924.0 662.0
1 934.0 662.0
1 889.0 663.0
1 873.0 665.0
1 647.0 666.0
1 760.0 666.0
1 755.0 667.0
1 860.0 668.0
1 750.0 670.0
1 931.0 670.0
1 849.0 671.0
1 723.0 673.0
1 628.0 677.0
1 928.0 678.0
1 976.0 678.0
1 916.0 679.0
1 871.0 680.0
1 647.0 682.0
1 887.0 682.0
1 924.0 683.0
1 772.0 684.0
1 824.0 684.0
1 879.0 684.0
1 914.0 684.0
1 846.0 685.0
1 831.0 686.0
1 771.0 689.0
1 921.0 689.0
1 731.0 690.0
1 907.0 691.0
1 626.0 692.0
1 765.0 694.0
1 982.0 694.0
1 967.0 695.0
1 626.0 698.0
1 1127.0 698.0
1 647.0 699.0
1 897.0 699.0
1 914.0 699.0
1 1089.0 702.0
1 626.0 703.0
1 782.0 703.0
1 789.0 703.0
1 931.0 704.0
1 888.0 706.0
1 907.0 706.0
1 796.0 707.0
1 1129.0 707.0
1 782.0 708.0
1 744.0 709.0
1 976.0 709.0
1 881.0 710.0
1 1145.0 710.0
1 802.0 711.0
1 904.0 711.0
1 649.0 713.0
1 791.0 713.0
1 809.0 714.0
1 872.0 714.0
1 819.0 716.0
1 867.0 716.0
1 1126.0 716.0
1 860.0 717.0
1 797.0 718.0
1 1087.0 718.0
1 650.0 719.0
1 841.0 719.0
1 893.0 719.0
1 783.0 721.0
1 804.0 721.0
1 811.0 723.0
1 627.0 724.0
1 878.0 726.0
1 841.0 729.0
1 865.0 730.0
1 809.0 735.0
1 884.0 737.0
1 1124.0 738.0
1 833.0 739.0
1 239.0 742.0
1 627.0 744.0
1 627.0 749.0
1 873.0 749.0
1 213.0 751.0
1 770.0 751.0
1 1125.0 753.0
1 627.0 754.0
1 770.0 757.0
1 774.0 762.0
1 429.0 767.0
1 628.0 770.0
1 524.0 771.0
1 1439.0 772.0
1 382.0 773.0
1 415.0 773.0
1 1124.0 773.0
1 1176.0 778.0
1 1306.0 779.0
1 628.0 782.0
1 746.0 783.0
1 62.0 784.0
1 1122.0 784.0
1 1124.0 790.0
1 392.0 795.0
1 628.0 795.0
1 377.0 796.0
1 1122.0 796.0
1 814.0 798.0
1 948.0 799.0
1 438.0 803.0
1 532.0 803.0
1 146.0 807.0
1 1121.0 812.0
1 10.0 813.0
1 248.0 813.0
1 1107.0 814.0
1 42.0 816.0
1 56.0 816.0
1 1134.0 820.0
1 1121.0 823.0
1 31.0 826.0
1 881.0 837.0
1 626.0 840.0
1 1120.0 846.0
1 652.0 857.0
1 905.0 857.0
1 791.0 864.0
1 1036.0 866.0
1 647.0 874.0
1 713.0 878.0
1 788.0 879.0
1 647.0 892.0
1 1115.0 914.0
1 642.0 919.0
