0 2 0 223.87842051717826
0 1 2 280.50146200956976
0 13 19 256.2172545293304
0 18 26 216.17484205375698
0 19 29 217.39203278888414
0 23 39 189.60781286694578
0 26 42 205.77592851252055
0 25 44 122.9838607110805
0 31 48 142.47254146103936
0 27 50 112.64954812179424
0 66 52 487.3931390065712
0 42 56 211.87904119306432
0 61 61 130.04992947612652
0 51 62 188.75219272389185
0 52 63 257.40457841931965
0 38 64 282.64244455864707
0 53 65 424.1464579568688
0 63 66 389.2201533962832
0 103 68 180.1888473378587
0 65 71 368.8177276442442
0 50 74 365.4108864775319
0 72 75 233.5969067639824
0 129 76 396.6009581937337
0 62 77 131.43924947799462
0 64 78 299.78923713850685
0 70 79 264.27887780980734
0 94 83 133.1543573025816
0 60 84 353.35630460239764
0 69 89 488.8716547766104
0 85 91 363.07966452191215
0 89 93 277.24939159852784
0 128 94 276.83327078250306
0 96 95 203.01560877942566
0 104 96 445.67148109812234
0 133 99 294.0163097476359
0 106 100 254.5853220105502
0 87 103 190.8673585069011
0 88 104 316.7414096538714
0 101 107 342.26329065892537
0 116 108 249.3109709754915
0 93 110 278.11215714253507
0 110 111 274.28967539999724
0 109 114 263.22418568762606
0 100 115 133.2305006486337
0 111 116 141.45686809909188
0 127 119 295.2205314024325
0 95 120 342.6290667914877
0 120 124 396.5207682671188
0 134 130 238.42418380524194
0 135 131 191.19256034960998
0 119 132 262.4273600424333
0 131 134 130.51646888610523
0 132 135 163.749218328862
0 125 136 226.86474244516802
0 123 137 193.2016288747788
0 124 139 429.86788785120007
0 138 140 200.07096662058586
0 152 144 345.05429234033346
0 154 148 223.97932319785542
0 136 153 381.95559109126293
0 142 154 163.55810186135244
0 140 164 247.80669819808872
0 178 169 400.8513890742225
0 183 170 391.682943777984
0 166 178 142.7476054539995
0 168 179 121.21911172397051
0 155 180 375.32703389197286
0 156 181 310.0086874118082
0 167 184 139.25745530758138
0 164 185 244.75294560105024
0 174 187 236.86484046701176
0 159 189 383.0532238946607
0 188 193 139.33392481180778
0 204 194 484.43021711878754
0 193 201 170.37499584908608
0 180 205 269.85031357611723
0 161 209 221.79264102628505
0 220 218 463.01150234976626
0 169 219 195.2408942772008
0 206 230 228.06499598780968
0 228 231 292.8733725199389
0 201 235 439.795083871476
0 196 246 244.35832224398945
0 223 252 319.47385844597784
0 240 255 270.3758243258237
0 233 263 277.00307238797694
0 256 270 478.720673493135
0 245 275 407.8198702489791
0 252 277 330.7101315806073
0 317 279 426.81073113578793
0 263 282 371.7940544077261
0 251 284 244.58401426345108
0 250 287 222.02839523589338
0 296 295 218.50236833747783
0 282 296 423.0234288094863
0 249 299 223.52843289160492
0 257 300 381.5740563003827
0 333 301 324.31732970249
0 267 305 143.89676549932273
0 278 306 416.8191064516628
0 266 307 312.0214590335066
0 290 309 306.6278986673363
0 320 314 212.35593900727883
0 338 315 212.5421433453325
0 308 316 345.66988981437663
0 292 320 372.12540045330087
0 277 324 190.9798825426805
0 275 326 240.2713655199061
0 325 327 225.35487024934255
0 268 328 213.10944744684778
0 291 331 224.22745301501652
0 272 333 496.2932970724708
0 303 334 281.86638945765736
0 307 336 458.32829250185847
0 293 337 225.46150173810878
0 279 339 150.18350851085617
0 304 340 380.1654401955254
0 314 342 425.4630943983612
0 310 344 236.1607626415009
0 300 348 206.1036204951116
0 287 351 308.1758116972128
0 360 352 191.5920089448803
0 299 355 194.42613622865434
0 294 356 256.9327022480518
0 318 360 194.83123804675168
0 319 361 237.59864883351995
0 342 362 329.79675408844815
0 328 363 234.76661753194432
0 322 364 215.9279185592721
0 321 366 477.3639107485806
0 364 367 443.6351621754925
0 316 371 197.72451791347868
0 369 372 347.5145633903496
0 336 378 177.49959955454807
0 390 379 160.95039036946355
0 384 381 272.78109895369954
0 395 382 139.70833252836434
0 351 386 439.12783586928333
0 358 390 284.2846914317236
0 348 392 167.9642439093347
0 378 393 320.26055744319416
0 365 395 120.83090142998797
0 352 397 142.9091662396284
0 402 398 125.90159525330758
0 403 402 113.98846038814416
0 362 404 180.89459782603657
0 416 405 244.44829261032433
0 366 406 165.3394544705924
0 408 411 300.289116507706
0 367 413 105.95674895760855
0 406 415 252.98310620260537
0 376 416 177.1147505540241
0 382 417 162.73505440792246
0 385 418 486.45093423936083
0 377 422 378.40748144159284
0 399 423 330.32937709092784
0 418 427 136.51352509641546
0 420 430 109.73329729890946
0 419 431 442.72396152227583
0 374 434 498.78626620683303
0 391 440 167.56538431575436
0 423 443 180.00584311378955
0 396 452 343.8742965727486
0 424 454 495.04864778097755
0 442 455 116.5663795540603
0 436 456 148.11084519910133
0 443 458 409.29188195361235
0 428 463 447.66075452292773
0 417 464 297.9573569673919
0 433 467 466.2755610843484
0 449 469 121.24512084464203
0 453 471 108.64720781825008
0 450 474 424.3770449299649
0 448 476 274.6645176631797
0 476 482 173.66966936627378
0 457 485 227.4205893569971
0 468 489 352.31116043632517
0 470 491 208.82924194106502
0 445 492 450.73362488118596
0 454 498 327.6212265436366
0 493 500 153.26607752055824
0 497 507 261.14908319982504
0 496 509 173.4442195911806
0 490 513 374.8316217352624
0 506 514 275.18050440853926
0 503 515 340.55652882427705
0 483 519 345.91983967109485
0 514 525 260.71659699990965
0 492 527 326.72137269116155
0 531 528 410.4590730024614
0 527 530 200.69624923432977
0 501 534 280.3714987332308
0 512 536 299.82612381746276
0 535 538 212.47112309938657
0 522 540 405.09561076214374
0 495 541 350.18473849142805
0 540 551 176.3876563242682
0 513 554 390.4045534588707
0 499 557 286.429703216074
0 550 558 198.25480821100174
0 549 560 304.33630570013275
0 542 562 344.8582162177884
0 502 569 448.5898625397394
0 559 571 305.11049406004236
0 515 580 271.4899569265862
0 520 581 240.06156211285793
0 582 582 296.7266836130788
0 544 588 460.84501494389593
0 558 596 345.9670264282865
0 568 600 224.48946932213002

0 828.0 286.0
0 782.0 289.0
0 739.0 290.0
0 728.0 291.0
0 776.0 291.0
0 679.0 292.0
0 771.0 296.0
0 783.0 299.0
0 802.0 302.0
0 830.0 302.0
0 836.0 309.0
0 846.0 313.0
0 818.0 314.0
0 766.0 321.0
0 755.0 322.0
0 635.0 324.0
0 784.0 324.0
0 968.0 324.0
0 746.0 326.0
0 606.0 327.0
0 784.0 330.0
0 794.0 330.0
0 823.0 330.0
0 738.0 331.0
0 881.0 331.0
0 892.0 331.0
0 952.0 333.0
0 975.0 333.0
0 871.0 335.0
0 620.0 336.0
0 783.0 336.0
0 965.0 336.0
0 794.0 338.0
0 864.0 338.0
0 749.0 339.0
0 731.0 340.0
0 740.0 341.0
0 772.0 341.0
0 590.0 342.0
0 713.0 342.0
0 914.0 343.0
0 945.0 343.0
0 887.0 344.0
0 893.0 344.0
0 612.0 346.0
0 760.0 347.0
0 730.0 348.0
0 983.0 350.0
0 867.0 351.0
0 968.0 351.0
0 708.0 352.0
0 747.0 352.0
0 592.0 354.0
0 737.0 356.0
0 888.0 358.0
0 971.0 358.0
0 608.0 359.0
0 934.0 359.0
0 874.0 360.0
0 589.0 361.0
0 760.0 361.0
0 616.0 362.0
0 623.0 362.0
0 629.0 362.0
0 906.0 362.0
0 647.0 363.0
0 863.0 363.0
0 991.0 363.0
0 559.0 364.0
0 659.0 364.0
0 676.0 365.0
0 963.0 365.0
0 970.0 365.0
0 681.0 366.0
0 686.0 366.0
0 853.0 366.0
0 590.0 367.0
0 702.0 368.0
0 875.0 368.0
0 953.0 368.0
0 726.0 369.0
0 750.0 369.0
0 936.0 369.0
0 613.0 370.0
0 884.0 370.0
0 890.0 370.0
0 895.0 370.0
0 900.0 370.0
0 910.0 370.0
0 917.0 370.0
0 982.0 373.0
0 673.0 375.0
0 883.0 375.0
0 954.0 375.0
0 560.0 376.0
0 617.0 376.0
0 627.0 376.0
0 777.0 376.0
0 863.0 377.0
0 602.0 378.0
0 638.0 378.0
0 752.0 378.0
0 809.0 378.0
0 874.0 378.0
0 936.0 378.0
0 990.0 378.0
0 647.0 379.0
0 852.0 379.0
0 663.0 380.0
0 910.0 380.0
0 916.0 380.0
0 686.0 381.0
0 897.0 381.0
0 1014.0 381.0
0 680.0 382.0
0 702.0 382.0
0 719.0 383.0
0 880.0 383.0
0 603.0 384.0
0 609.0 384.0
0 691.0 384.0
0 780.0 384.0
0 786.0 384.0
0 792.0 384.0
0 990.0 384.0
0 930.0 386.0
0 807.0 387.0
0 1015.0 388.0
0 609.0 389.0
0 914.0 389.0
0 614.0 390.0
0 626.0 391.0
0 735.0 391.0
0 951.0 393.0
0 706.0 395.0
0 717.0 395.0
0 877.0 395.0
0 905.0 395.0
0 1018.0 395.0
0 825.0 397.0
0 726.0 398.0
0 562.0 399.0
0 704.0 400.0
0 834.0 400.0
0 604.0 401.0
0 813.0 401.0
0 875.0 401.0
0 950.0 401.0
0 617.0 403.0
0 661.0 403.0
0 553.0 404.0
0 638.0 404.0
0 820.0 404.0
0 773.0 405.0
0 884.0 405.0
0 633.0 406.0
0 796.0 407.0
0 905.0 407.0
0 920.0 407.0
0 925.0 407.0
0 952.0 407.0
0 993.0 407.0
0 614.0 408.0
0 726.0 408.0
0 751.0 408.0
0 559.0 409.0
0 603.0 409.0
0 840.0 410.0
0 584.0 411.0
0 620.0 411.0
0 677.0 411.0
0 827.0 411.0
0 879.0 412.0
0 562.0 414.0
0 570.0 414.0
0 999.0 414.0
0 849.0 415.0
0 987.0 415.0
0 722.0 416.0
0 710.0 417.0
0 789.0 417.0
0 794.0 417.0
0 818.0 417.0
0 554.0 418.0
0 727.0 418.0
0 784.0 418.0
0 651.0 420.0
0 745.0 420.0
0 753.0 420.0
0 902.0 420.0
0 676.0 421.0
0 878.0 421.0
0 1018.0 422.0
0 736.0 423.0
0 641.0 424.0
0 855.0 424.0
0 832.0 425.0
0 850.0 425.0
0 860.0 425.0
0 543.0 426.0
0 587.0 426.0
0 714.0 426.0
0 837.0 426.0
0 988.0 426.0
0 665.0 427.0
0 776.0 427.0
0 843.0 427.0
0 1018.0 427.0
0 530.0 428.0
0 816.0 428.0
0 525.0 429.0
0 648.0 429.0
0 520.0 430.0
0 748.0 430.0
0 829.0 430.0
0 1007.0 430.0
0 615.0 432.0
0 667.0 432.0
0 653.0 433.0
0 819.0 433.0
0 514.0 434.0
0 602.0 434.0
0 638.0 434.0
0 998.0 434.0
0 1019.0 435.0
0 704.0 436.0
0 667.0 437.0
0 572.0 438.0
0 583.0 438.0
0 693.0 438.0
0 771.0 438.0
0 547.0 439.0
0 608.0 439.0
0 660.0 440.0
0 679.0 440.0
0 759.0 440.0
0 541.0 441.0
0 992.0 441.0
0 506.0 442.0
0 731.0 442.0
0 845.0 442.0
0 583.0 443.0
0 689.0 443.0
0 710.0 443.0
0 749.0 443.0
0 671.0 444.0
0 827.0 444.0
0 839.0 444.0
0 592.0 445.0
0 616.0 445.0
0 700.0 446.0
0 652.0 447.0
0 769.0 447.0
0 583.0 448.0
0 712.0 448.0
0 760.0 449.0
0 597.0 450.0
0 668.0 450.0
0 751.0 450.0
0 620.0 451.0
0 588.0 452.0
0 633.0 452.0
0 680.0 452.0
0 769.0 452.0
0 645.0 453.0
0 497.0 454.0
0 655.0 455.0
0 699.0 455.0
0 752.0 455.0
0 850.0 455.0
0 738.0 456.0
0 723.0 457.0
0 605.0 458.0
0 633.0 458.0
0 829.0 458.0
0 986.0 458.0
0 595.0 459.0
0 769.0 460.0
0 1018.0 461.0
0 489.0 462.0
0 684.0 462.0
0 542.0 463.0
0 619.0 463.0
0 712.0 463.0
0 902.0 463.0
0 970.0 463.0
0 609.0 465.0
0 952.0 465.0
0 484.0 466.0
0 638.0 466.0
0 600.0 467.0
0 926.0 467.0
0 699.0 468.0
0 770.0 468.0
0 999.0 468.0
0 523.0 469.0
0 535.0 470.0
0 690.0 470.0
0 638.0 471.0
0 830.0 471.0
0 934.0 471.0
0 481.0 472.0
0 552.0 472.0
0 717.0 472.0
0 725.0 472.0
0 921.0 472.0
0 628.0 473.0
0 772.0 473.0
0 519.0 474.0
0 543.0 474.0
0 644.0 475.0
0 864.0 475.0
0 849.0 476.0
0 479.0 477.0
0 526.0 477.0
0 509.0 478.0
0 544.0 479.0
0 732.0 479.0
0 987.0 479.0
0 1018.0 479.0
0 559.0 480.0
0 687.0 480.0
0 714.0 480.0
0 723.0 480.0
0 933.0 480.0
0 602.0 481.0
0 709.0 481.0
0 514.0 482.0
0 826.0 482.0
0 971.0 482.0
0 635.0 483.0
0 913.0 483.0
0 553.0 485.0
0 947.0 485.0
0 754.0 487.0
0 824.0 487.0
0 542.0 488.0
0 637.0 488.0
0 647.0 488.0
0 927.0 488.0
0 698.0 489.0
0 850.0 490.0
0 567.0 491.0
0 740.0 491.0
0 782.0 491.0
0 735.0 492.0
0 999.0 492.0
0 648.0 493.0
0 919.0 494.0
0 611.0 495.0
0 912.0 495.0
0 945.0 495.0
0 503.0 496.0
0 553.0 496.0
0 730.0 496.0
0 816.0 496.0
0 934.0 496.0
0 869.0 498.0
0 877.0 498.0
0 1017.0 498.0
0 792.0 499.0
0 811.0 500.0
0 573.0 501.0
0 800.0 501.0
0 806.0 501.0
0 956.0 501.0
0 717.0 503.0
0 542.0 504.0
0 615.0 505.0
0 898.0 505.0
0 923.0 505.0
0 932.0 505.0
0 563.0 506.0
0 571.0 506.0
0 637.0 506.0
0 959.0 506.0
0 602.0 509.0
0 851.0 510.0
0 895.0 510.0
0 493.0 511.0
0 958.0 511.0
0 530.0 512.0
0 500.0 514.0
0 999.0 515.0
0 1017.0 515.0
0 621.0 516.0
0 865.0 516.0
0 722.0 517.0
0 551.0 518.0
0 642.0 518.0
0 742.0 519.0
0 664.0 520.0
0 892.0 520.0
0 582.0 521.0
0 712.0 521.0
0 792.0 521.0
0 967.0 521.0
0 946.0 522.0
0 490.0 523.0
0 553.0 524.0
0 624.0 524.0
0 659.0 524.0
0 498.0 526.0
0 807.0 527.0
0 892.0 527.0
0 469.0 528.0
0 819.0 528.0
0 646.0 529.0
0 1017.0 529.0
0 773.0 530.0
0 563.0 531.0
0 569.0 531.0
0 753.0 532.0
0 850.0 532.0
0 534.0 533.0
0 557.0 533.0
0 833.0 533.0
0 893.0 533.0
0 627.0 534.0
0 743.0 534.0
0 1017.0 534.0
0 648.0 536.0
0 956.0 537.0
0 714.0 538.0
0 872.0 538.0
0 963.0 538.0
0 999.0 538.0
0 490.0 540.0
0 629.0 540.0
0 881.0 540.0
0 498.0 541.0
0 545.0 541.0
0 649.0 541.0
0 780.0 543.0
0 959.0 543.0
0 631.0 546.0
0 850.0 546.0
0 651.0 548.0
0 756.0 550.0
0 632.0 551.0
0 904.0 551.0
0 952.0 551.0
0 595.0 553.0
0 529.0 554.0
0 910.0 554.0
0 946.0 555.0
0 915.0 557.0
0 941.0 557.0
0 585.0 558.0
0 634.0 558.0
0 922.0 559.0
0 927.0 559.0
0 935.0 559.0
0 654.0 560.0
0 597.0 562.0
0 495.0 564.0
0 532.0 565.0
0 635.0 565.0
0 556.0 567.0
0 636.0 570.0
0 999.0 570.0
0 672.0 572.0
0 657.0 573.0
0 601.0 575.0
0 756.0 575.0
0 637.0 576.0
0 747.0 576.0
0 582.0 577.0
0 589.0 578.0
0 519.0 579.0
0 999.0 583.0
0 541.0 589.0
0 639.0 589.0
0 1015.0 589.0
0 574.0 590.0
0 590.0 590.0
0 603.0 593.0
0 1015.0 594.0
0 723.0 597.0
0 821.0 597.0
0 563.0 598.0
0 732.0 599.0
0 504.0 600.0
0 577.0 600.0
0 601.0 600.0
0 596.0 601.0
0 998.0 601.0
0 541.0 602.0
0 640.0 602.0
0 585.0 605.0
0 639.0 607.0
0 572.0 609.0
0 722.0 609.0
0 731.0 610.0
0 639.0 613.0
0 577.0 614.0
0 751.0 616.0
0 584.0 617.0
0 603.0 619.0
0 709.0 619.0
0 517.0 620.0
0 553.0 621.0
0 750.0 621.0
0 590.0 624.0
0 639.0 624.0
0 693.0 624.0
0 702.0 624.0
0 516.0 625.0
0 714.0 625.0
0 511.0 627.0
0 675.0 627.0
0 686.0 630.0
0 694.0 632.0
0 569.0 634.0
0 527.0 636.0
0 513.0 637.0
0 574.0 637.0
0 593.0 637.0
0 638.0 637.0
0 579.0 638.0
0 712.0 641.0
0 723.0 641.0
0 602.0 642.0
0 534.0 644.0
0 740.0 644.0
0 519.0 645.0
0 1015.0 653.0
0 593.0 655.0
0 526.0 656.0
0 715.0 656.0
0 547.0 657.0
0 1015.0 658.0
0 997.0 661.0
0 810.0 662.0
0 594.0 663.0
0 1014.0 663.0
0 582.0 665.0
0 559.0 666.0
0 537.0 667.0
0 631.0 667.0
0 574.0 668.0
0 824.0 668.0
0 871.0 668.0
0 985.0 668.0
0 792.0 669.0
0 829.0 669.0
0 1013.0 670.0
0 881.0 671.0
0 704.0 672.0
0 699.0 674.0
0 582.0 675.0
0 557.0 676.0
0 774.0 677.0
0 904.0 678.0
0 811.0 683.0
0 946.0 683.0
0 955.0 683.0
0 989.0 684.0
0 528.0 685.0
0 1014.0 686.0
0 559.0 687.0
0 880.0 688.0
0 580.0 690.0
0 646.0 692.0
0 540.0 693.0
0 1010.0 693.0
0 906.0 695.0
0 641.0 696.0
0 551.0 700.0
0 955.0 700.0
0 450.0 701.0
0 566.0 701.0
0 626.0 702.0
0 1014.0 704.0
0 905.0 708.0
0 23.0 712.0
0 529.0 714.0
0 902.0 714.0
0 1014.0 715.0
0 956.0 720.0
0 1013.0 720.0
0 951.0 721.0
0 518.0 722.0
0 946.0 722.0
0 1012.0 725.0
0 516.0 727.0
0 905.0 728.0
0 505.0 742.0
0 1009.0 744.0
0 805.0 745.0
0 900.0 745.0
0 851.0 753.0
0 1008.0 753.0
0 776.0 758.0
0 38.0 765.0
0 301.0 765.0
0 1008.0 766.0
0 582.0 770.0
0 239.0 772.0
0 442.0 777.0
0 1006.0 783.0
0 509.0 789.0
0 492.0 803.0
0 101.0 812.0
0 45.0 813.0
0 10.0 825.0
0 442.0 829.0
0 689.0 830.0
0 359.0 833.0
0 582.0 833.0
0 507.0 837.0
0 184.0 838.0
0 548.0 840.0
0 654.0 840.0
0 420.0 845.0
0 706.0 845.0
0 691.0 846.0
0 630.0 847.0
0 874.0 848.0
0 653.0 850.0
0 1007.0 855.0
0 111.0 858.0
0 232.0 858.0
0 650.0 859.0
0 701.0 859.0
0 67.0 861.0
0 533.0 864.0
0 910.0 864.0
0 184.0 868.0
0 765.0 874.0
0 928.0 888.0
0 664.0 891.0
0 510.0 895.0
0 464.0 912.0
0 992.0 981.0
1 864.0 117.0
1 841.0 342.0
1 931.0 343.0
1 813.0 375.0
1 1103.0 375.0
1 774.0 376.0
1 785.0 377.0
1 1114.0 377.0
1 739.0 378.0
1 701.0 379.0
1 727.0 379.0
1 734.0 379.0
1 808.0 379.0
1 689.0 380.0
1 774.0 381.0
1 765.0 382.0
1 1034.0 382.0
1 1066.0 382.0
1 1093.0 382.0
1 808.0 384.0
1 1120.0 386.0
1 716.0 387.0
1 728.0 387.0
1 957.0 387.0
1 700.0 388.0
1 806.0 391.0
1 1043.0 391.0
1 954.0 392.0
1 702.0 394.0
1 774.0 394.0
1 783.0 394.0
1 1031.0 394.0
1 707.0 395.0
1 719.0 396.0
1 672.0 397.0
1 635.0 398.0
1 651.0 398.0
1 1122.0 398.0
1 1076.0 400.0
1 747.0 402.0
1 763.0 403.0
1 779.0 403.0
1 795.0 403.0
1 841.0 406.0
1 846.0 406.0
1 852.0 406.0
1 859.0 406.0
1 864.0 406.0
1 870.0 406.0
1 875.0 406.0
1 888.0 406.0
1 818.0 407.0
1 823.0 407.0
1 832.0 407.0
1 880.0 407.0
1 906.0 407.0
1 911.0 407.0
1 916.0 407.0
1 923.0 407.0
1 930.0 407.0
1 1061.0 407.0
1 813.0 408.0
1 950.0 408.0
1 1020.0 408.0
1 1036.0 408.0
1 1115.0 409.0
1 676.0 410.0
1 939.0 410.0
1 1086.0 410.0
1 1091.0 410.0
1 1104.0 410.0
1 1135.0 410.0
1 1007.0 411.0
1 706.0 412.0
1 852.0 412.0
1 901.0 412.0
1 789.0 414.0
1 633.0 415.0
1 722.0 415.0
1 816.0 415.0
1 870.0 415.0
1 875.0 415.0
1 880.0 415.0
1 756.0 416.0
1 895.0 416.0
1 906.0 416.0
1 952.0 416.0
1 1048.0 417.0
1 1102.0 417.0
1 1116.0 417.0
1 651.0 418.0
1 839.0 418.0
1 844.0 418.0
1 1085.0 418.0
1 810.0 419.0
1 944.0 419.0
1 815.0 421.0
1 827.0 421.0
1 911.0 421.0
1 930.0 421.0
1 952.0 421.0
1 1006.0 421.0
1 1019.0 421.0
1 598.0 422.0
1 822.0 422.0
1 832.0 422.0
1 853.0 422.0
1 864.0 422.0
1 895.0 422.0
1 917.0 422.0
1 922.0 422.0
1 972.0 422.0
1 622.0 423.0
1 784.0 423.0
1 844.0 423.0
1 876.0 423.0
1 887.0 423.0
1 675.0 424.0
1 757.0 424.0
1 980.0 425.0
1 1132.0 425.0
1 1148.0 428.0
1 722.0 429.0
1 1114.0 429.0
1 1060.0 430.0
1 1088.0 430.0
1 788.0 431.0
1 804.0 431.0
1 596.0 432.0
1 756.0 432.0
1 621.0 433.0
1 958.0 433.0
1 971.0 433.0
1 779.0 436.0
1 807.0 436.0
1 827.0 436.0
1 996.0 437.0
1 1064.0 437.0
1 985.0 438.0
1 990.0 438.0
1 1008.0 438.0
1 1024.0 438.0
1 1101.0 439.0
1 1116.0 439.0
1 1151.0 440.0
1 792.0 443.0
1 767.0 444.0
1 682.0 445.0
1 996.0 445.0
1 1005.0 445.0
1 671.0 447.0
1 689.0 447.0
1 793.0 448.0
1 799.0 448.0
1 805.0 448.0
1 1058.0 448.0
1 1063.0 448.0
1 765.0 449.0
1 1072.0 449.0
1 1107.0 449.0
1 718.0 450.0
1 1079.0 450.0
1 723.0 451.0
1 1034.0 451.0
1 1048.0 451.0
1 772.0 452.0
1 969.0 452.0
1 974.0 452.0
1 954.0 453.0
1 1084.0 453.0
1 1098.0 453.0
1 732.0 454.0
1 818.0 454.0
1 823.0 454.0
1 993.0 454.0
1 661.0 455.0
1 666.0 455.0
1 693.0 455.0
1 813.0 455.0
1 869.0 455.0
1 1039.0 455.0
1 636.0 456.0
1 647.0 456.0
1 922.0 456.0
1 1028.0 456.0
1 1033.0 456.0
1 780.0 457.0
1 705.0 458.0
1 983.0 459.0
1 693.0 460.0
1 744.0 461.0
1 936.0 461.0
1 720.0 462.0
1 960.0 462.0
1 972.0 462.0
1 621.0 463.0
1 1096.0 463.0
1 612.0 464.0
1 885.0 464.0
1 603.0 465.0
1 701.0 465.0
1 1023.0 465.0
1 596.0 467.0
1 690.0 467.0
1 901.0 467.0
1 922.0 467.0
1 1028.0 467.0
1 637.0 468.0
1 649.0 468.0
1 659.0 468.0
1 667.0 468.0
1 672.0 468.0
1 1009.0 468.0
1 1099.0 468.0
1 800.0 469.0
1 973.0 469.0
1 681.0 470.0
1 931.0 470.0
1 624.0 471.0
1 745.0 471.0
1 911.0 471.0
1 596.0 472.0
1 917.0 472.0
1 1027.0 472.0
1 721.0 473.0
1 960.0 473.0
1 790.0 474.0
1 604.0 475.0
1 871.0 475.0
1 619.0 476.0
1 627.0 476.0
1 1020.0 476.0
1 632.0 477.0
1 1027.0 477.0
1 701.0 478.0
1 932.0 478.0
1 738.0 479.0
1 758.0 479.0
1 717.0 481.0
1 939.0 481.0
1 1001.0 482.0
1 976.0 483.0
1 1012.0 483.0
1 1024.0 483.0
1 604.0 485.0
1 1149.0 485.0
1 594.0 486.0
1 620.0 486.0
1 710.0 486.0
1 1104.0 486.0
1 1109.0 486.0
1 1116.0 486.0
1 1027.0 488.0
1 726.0 489.0
1 715.0 490.0
1 720.0 490.0
1 1013.0 491.0
1 1131.0 491.0
1 637.0 492.0
1 1103.0 492.0
1 671.0 493.0
1 766.0 493.0
1 986.0 493.0
1 959.0 494.0
1 618.0 495.0
1 755.0 495.0
1 1030.0 495.0
1 1122.0 496.0
1 1101.0 497.0
1 592.0 498.0
1 608.0 498.0
1 1045.0 498.0
1 1149.0 498.0
1 808.0 499.0
1 887.0 499.0
1 1031.0 500.0
1 993.0 501.0
1 1142.0 502.0
1 967.0 503.0
1 1130.0 503.0
1 596.0 505.0
1 845.0 506.0
1 856.0 506.0
1 861.0 506.0
1 866.0 506.0
1 917.0 506.0
1 1027.0 506.0
1 1151.0 506.0
1 613.0 507.0
1 729.0 508.0
1 877.0 509.0
1 1120.0 509.0
1 897.0 510.0
1 974.0 510.0
1 1142.0 510.0
1 808.0 511.0
1 823.0 512.0
1 832.0 512.0
1 1041.0 512.0
1 1090.0 512.0
1 1128.0 512.0
1 1155.0 512.0
1 868.0 513.0
1 1018.0 513.0
1 1033.0 513.0
1 1160.0 514.0
1 844.0 515.0
1 857.0 515.0
1 839.0 516.0
1 1084.0 516.0
1 1050.0 517.0
1 1149.0 517.0
1 686.0 518.0
1 909.0 518.0
1 934.0 518.0
1 1129.0 518.0
1 1141.0 518.0
1 716.0 519.0
1 1055.0 519.0
1 1079.0 519.0
1 827.0 520.0
1 1039.0 520.0
1 1073.0 520.0
1 792.0 521.0
1 804.0 521.0
1 813.0 521.0
1 923.0 521.0
1 1063.0 521.0
1 1068.0 521.0
1 656.0 522.0
1 686.0 524.0
1 717.0 524.0
1 729.0 524.0
1 750.0 524.0
1 929.0 524.0
1 706.0 526.0
1 1120.0 527.0
1 1163.0 527.0
1 798.0 528.0
1 919.0 528.0
1 810.0 529.0
1 691.0 530.0
1 939.0 531.0
1 737.0 533.0
1 927.0 533.0
1 1165.0 533.0
1 684.0 534.0
1 696.0 535.0
1 1118.0 535.0
1 801.0 536.0
1 851.0 536.0
1 1106.0 536.0
1 1138.0 536.0
1 789.0 538.0
1 838.0 538.0
1 933.0 538.0
1 946.0 538.0
1 1164.0 538.0
1 1002.0 540.0
1 733.0 543.0
1 793.0 543.0
1 950.0 543.0
1 1118.0 543.0
1 1162.0 543.0
1 840.0 544.0
1 1027.0 544.0
1 1065.0 544.0
1 1098.0 544.0
1 695.0 546.0
1 835.0 547.0
1 942.0 547.0
1 1047.0 547.0
1 1060.0 547.0
1 1079.0 548.0
1 1160.0 548.0
1 840.0 549.0
1 1088.0 549.0
1 1148.0 549.0
1 957.0 551.0
1 686.0 552.0
1 703.0 552.0
1 717.0 552.0
1 1120.0 552.0
1 730.0 553.0
1 818.0 555.0
1 951.0 556.0
1 596.0 558.0
1 962.0 558.0
1 622.0 559.0
1 686.0 560.0
1 769.0 560.0
1 1126.0 560.0
1 727.0 562.0
1 774.0 562.0
1 954.0 562.0
1 779.0 563.0
1 1147.0 563.0
1 885.0 565.0
1 892.0 569.0
1 962.0 569.0
1 968.0 569.0
1 835.0 572.0
1 763.0 574.0
1 772.0 576.0
1 798.0 577.0
1 824.0 579.0
1 814.0 580.0
1 717.0 581.0
1 839.0 581.0
1 859.0 583.0
1 761.0 584.0
1 898.0 584.0
1 903.0 584.0
1 686.0 586.0
1 910.0 586.0
1 719.0 587.0
1 724.0 589.0
1 1024.0 590.0
1 758.0 593.0
1 809.0 593.0
1 769.0 594.0
1 831.0 594.0
1 724.0 597.0
1 809.0 598.0
1 941.0 598.0
1 971.0 599.0
1 977.0 600.0
1 826.0 603.0
1 901.0 605.0
1 991.0 605.0
1 735.0 606.0
1 906.0 606.0
1 947.0 606.0
1 910.0 611.0
1 979.0 612.0
1 1024.0 612.0
1 811.0 616.0
1 735.0 618.0
1 768.0 618.0
1 725.0 619.0
1 882.0 619.0
1 967.0 620.0
1 760.0 621.0
1 796.0 621.0
1 978.0 622.0
1 1023.0 623.0
1 992.0 630.0
1 836.0 631.0
1 909.0 631.0
1 795.0 633.0
1 904.0 633.0
1 1021.0 633.0
1 936.0 635.0
1 821.0 636.0
1 977.0 636.0
1 925.0 637.0
1 762.0 639.0
1 898.0 639.0
1 599.0 641.0
1 940.0 641.0
1 976.0 641.0
1 1018.0 643.0
1 772.0 644.0
1 962.0 646.0
1 974.0 646.0
1 730.0 647.0
1 625.0 648.0
1 763.0 648.0
1 907.0 652.0
1 922.0 652.0
1 893.0 654.0
1 1015.0 654.0
1 933.0 655.0
1 971.0 655.0
1 598.0 656.0
1 776.0 657.0
1 769.0 660.0
1 625.0 662.0
1 878.0 662.0
1 908.0 663.0
1 1011.0 664.0
1 953.0 665.0
1 965.0 667.0
1 898.0 668.0
1 738.0 669.0
1 951.0 670.0
1 917.0 671.0
1 847.0 672.0
1 1007.0 672.0
1 600.0 674.0
1 871.0 674.0
1 960.0 676.0
1 944.0 678.0
1 791.0 679.0
1 624.0 680.0
1 1000.0 683.0
1 787.0 684.0
1 792.0 684.0
1 874.0 684.0
1 1139.0 684.0
1 746.0 687.0
1 955.0 687.0
1 1104.0 688.0
1 791.0 689.0
1 971.0 691.0
1 599.0 693.0
1 811.0 694.0
1 803.0 695.0
1 949.0 695.0
1 599.0 698.0
1 625.0 699.0
1 820.0 700.0
1 915.0 700.0
1 988.0 700.0
1 804.0 701.0
1 1138.0 702.0
1 599.0 703.0
1 790.0 703.0
1 814.0 703.0
1 826.0 704.0
1 1105.0 705.0
1 834.0 706.0
1 906.0 706.0
1 900.0 707.0
1 763.0 708.0
1 889.0 708.0
1 894.0 708.0
1 845.0 709.0
1 822.0 711.0
1 626.0 713.0
1 923.0 713.0
1 829.0 714.0
1 910.0 715.0
1 871.0 716.0
1 805.0 717.0
1 837.0 717.0
1 901.0 718.0
1 895.0 719.0
1 890.0 720.0
1 779.0 721.0
1 871.0 721.0
1 627.0 722.0
1 932.0 722.0
1 600.0 725.0
1 1138.0 725.0
1 834.0 728.0
1 1241.0 728.0
1 702.0 729.0
1 919.0 729.0
1 862.0 734.0
1 804.0 737.0
1 309.0 739.0
1 599.0 739.0
1 329.0 741.0
1 907.0 741.0
1 340.0 742.0
1 852.0 743.0
1 875.0 743.0
1 1136.0 743.0
1 862.0 746.0
1 1466.0 748.0
1 599.0 750.0
1 365.0 754.0
1 174.0 756.0
1 774.0 758.0
1 779.0 760.0
1 1346.0 760.0
1 600.0 762.0
1 1136.0 763.0
1 145.0 768.0
1 505.0 770.0
1 1136.0 773.0
1 449.0 775.0
1 520.0 778.0
1 408.0 779.0
1 599.0 779.0
1 394.0 786.0
1 748.0 786.0
1 354.0 787.0
1 446.0 788.0
1 1134.0 791.0
1 1133.0 796.0
1 598.0 806.0
1 547.0 810.0
1 355.0 814.0
1 1027.0 825.0
1 1130.0 825.0
1 1141.0 826.0
1 151.0 827.0
1 1131.0 837.0
1 955.0 867.0
1 1137.0 881.0
1 891.0 890.0
1 724.0 906.0
