0 0 0 383.8978250455726
0 8 1 411.45592135620524
0 19 2 471.1129644254901
0 11 4 355.31605980593093
0 25 7 496.1383136674853
0 15 8 327.15961174257194
0 9 9 414.0309959054597
0 14 10 396.6839943249171
0 16 11 327.14774595238606
0 49 16 316.07165127932296
0 45 19 479.3984066073091
0 56 25 316.1060427252976
0 57 26 180.23052279606918
0 101 29 236.67865280413758
0 64 31 244.09292754321967
0 111 35 403.0845651015717
0 120 39 122.67478628707022
0 63 42 204.24935948434913
0 79 43 238.59887646505604
0 115 44 145.0618811474552
0 72 48 243.97818490536568
0 140 50 120.79552806701275
0 94 52 487.77329140539234
0 130 53 345.30925125437216
0 102 54 200.3024495813396
0 90 55 314.49371465869194
0 146 56 360.963126812242
0 106 58 461.5784558408924
0 139 59 332.1867753864589
0 156 61 152.82237253564915
0 147 62 165.7300181434348
0 150 63 289.6666295458921
0 162 69 387.32927585918316
0 97 75 400.2480375078898
0 119 76 456.96290543717436
0 180 77 142.96101799681958
0 121 78 251.4038130560919
0 131 82 367.5948406360928
0 174 83 142.14905386563854
0 123 84 423.1737420252375
0 127 87 266.031383592749
0 190 91 364.12741148287716
0 143 93 495.40594926842044
0 189 95 184.74957433373953
0 193 96 349.42196266937697
0 129 97 423.2290393389569
0 126 98 344.0351769747728
0 182 99 393.5252708955136
0 195 100 338.4779763163289
0 136 103 178.62068745242289
0 145 104 362.4180535741905
0 117 107 254.4910176915776
0 207 108 248.74324895836307
0 213 114 321.69114136472604
0 215 115 135.40087164853463
0 224 116 153.91078536790278
0 152 117 182.98957288076437
0 209 119 468.62553734682643
0 223 120 357.16285166713413
0 160 121 399.3371521822232
0 170 126 260.4582854886922
0 237 130 265.18712585794094
0 238 132 217.13883757733535
0 249 134 134.49664175580753
0 250 135 190.06712930051506
0 177 136 250.98123693695533
0 192 137 181.28343170509908
0 227 139 454.7336158452988
0 242 144 347.2285251483908
0 191 145 438.89529668411643
0 216 146 273.01807531488333
0 261 148 282.67437483719937
0 263 149 175.45384515793572
0 247 150 476.68493859638596
0 246 152 363.81847259794966
0 220 154 296.1057573005358
0 221 157 256.7111693779972
0 264 163 132.31332641530534
0 300 169 479.5831679251978
0 279 170 274.0918791462663
0 276 179 123.96422085607435
0 290 180 302.9725035722106
0 298 185 348.05870098207015
0 303 186 382.6700179038543
0 273 188 262.32615272229657
0 296 193 171.96650914120866
0 301 205 233.9339913621087
0 294 209 209.91996380469377
0 307 219 253.65678276716378
0 413 228 457.4181169540659
0 313 230 302.28793180924663
0 329 239 310.6181744191999
0 318 246 331.54017667028234
0 320 252 360.7239326723264
0 341 255 447.03598997066337
0 363 263 388.27272700974027
0 469 265 406.0821497945078
0 362 271 333.4872373252827
0 351 274 224.95194005309776
0 379 277 309.6501369478712
0 491 281 428.7417873411126
0 319 284 239.54871698805027
0 326 291 197.3866982349548
0 396 293 334.4423991831713
0 502 295 486.53748084013273
0 441 297 249.4121711631984
0 380 299 187.43189105249633
0 495 302 383.9410490904774
0 342 305 152.045073710597
0 408 307 250.30978364901523
0 513 314 351.6195205947422
0 517 315 304.1545375947899
0 510 316 299.42933896786997
0 335 324 145.7770681382804
0 458 326 185.88427791806973
0 518 327 237.83056296733648
0 404 328 219.33727970627461
0 479 330 414.4600141836534
0 358 331 206.1371486747347
0 428 334 300.621913992814
0 421 335 244.58668851498268
0 522 336 407.38662549711603
0 488 337 360.37355329935065
0 392 339 214.29046208332556
0 446 344 200.23293174080763
0 398 348 298.22956804019907
0 384 350 323.5417930410194
0 385 351 209.2146669851547
0 532 352 152.66876155442952
0 445 355 203.79522882118422
0 466 360 260.76621724435654
0 457 361 227.6270594983993
0 467 363 267.17015949822917
0 462 364 270.5583215246798
0 531 367 417.10760595013977
0 436 369 126.9326278400214
0 416 370 214.31028029742723
0 547 379 156.5522774484575
0 550 382 135.31063743095532
0 496 390 442.6536715613783
0 470 392 197.8418453051639
0 484 395 112.89309786394097
0 562 398 145.08138747456223
0 565 402 131.7022466966335
0 569 405 240.31572814463163
0 489 406 218.40278503250065
0 492 413 107.4477075769224
0 494 416 125.19852632254491
0 490 417 148.8759861343109
0 480 422 388.64504842422065
0 534 423 444.52517998573467
0 579 427 137.5471615819335
0 580 430 128.09005354640428
0 498 440 166.58125395733364
0 497 447 449.02366978918815
0 605 455 112.23172968295363
0 613 469 372.4255474820366
0 648 482 187.58005060358698
0 646 498 418.2364395242681
0 659 500 206.68970197864928
0 673 509 362.36138133136126
0 662 513 188.82971317769517
0 681 514 376.4944547055086
0 656 519 496.7931389714794
0 687 523 441.2173254663696
0 683 525 469.71372385209014
0 692 530 422.84255442055627
0 690 534 342.3999196716497
0 698 537 276.8967791709361
0 704 538 441.4374356596184
0 705 550 389.6143803174468
0 710 551 297.0668807980704
0 625 554 226.93258976906588
0 709 558 310.4884601454874
0 720 564 258.2421825485668
0 620 566 271.1007012137729
0 614 569 366.32379794523314
0 724 571 380.7530311540797
0 636 581 417.7604808080599
0 700 589 174.1327053274975
0 671 590 266.7757904524373
0 772 595 429.735291130577
0 755 597 106.3454391597443
0 797 599 286.07083013695313
0 786 601 148.13076165796247
0 781 602 228.71375084699815
0 831 606 248.72189767457579
0 769 607 253.37123860423648
0 799 609 279.08286934483743
0 817 612 184.56228982341892
0 848 614 297.06488199848417
0 770 615 417.45341888069703
0 739 618 470.6984649401212
0 790 619 133.44609994735242
0 729 620 108.18039462735246
0 805 623 160.09042888739586
0 795 624 399.95308472688544
0 836 626 251.97603847913084
0 776 629 164.4432852438237
0 747 630 292.9369356470694
0 849 632 287.9004515965124
0 866 633 158.805132888378

0 828.0 286.0
0 782.0 289.0
0 739.0 290.0
0 728.0 291.0
0 776.0 291.0
0 679.0 292.0
0 771.0 296.0
0 783.0 299.0
0 802.0 302.0
0 830.0 302.0
0 836.0 309.0
0 846.0 313.0
0 818.0 314.0
0 766.0 321.0
0 755.0 322.0
0 635.0 324.0
0 784.0 324.0
0 968.0 324.0
0 746.0 326.0
0 606.0 327.0
0 784.0 330.0
0 794.0 330.0
0 823.0 330.0
0 738.0 331.0
0 881.0 331.0
0 892.0 331.0
0 952.0 333.0
0 975.0 333.0
0 871.0 335.0
0 620.0 336.0
0 783.0 336.0
0 965.0 336.0
0 794.0 338.0
0 864.0 338.0
0 749.0 339.0
0 731.0 340.0
0 740.0 341.0
0 772.0 341.0
0 590.0 342.0
0 713.0 342.0
0 914.0 343.0
0 945.0 343.0
0 887.0 344.0
0 893.0 344.0
0 612.0 346.0
0 760.0 347.0
0 730.0 348.0
0 983.0 350.0
0 867.0 351.0
0 968.0 351.0
0 708.0 352.0
0 747.0 352.0
0 592.0 354.0
0 737.0 356.0
0 888.0 358.0
0 971.0 358.0
0 608.0 359.0
0 934.0 359.0
0 874.0 360.0
0 589.0 361.0
0 760.0 361.0
0 616.0 362.0
0 623.0 362.0
0 629.0 362.0
0 906.0 362.0
0 647.0 363.0
0 863.0 363.0
0 991.0 363.0
0 559.0 364.0
0 659.0 364.0
0 676.0 365.0
0 963.0 365.0
0 970.0 365.0
0 681.0 366.0
0 686.0 366.0
0 853.0 366.0
0 590.0 367.0
0 702.0 368.0
0 875.0 368.0
0 953.0 368.0
0 726.0 369.0
0 750.0 369.0
0 936.0 369.0
0 613.0 370.0
0 884.0 370.0
0 890.0 370.0
0 895.0 370.0
0 900.0 370.0
0 910.0 370.0
0 917.0 370.0
0 982.0 373.0
0 673.0 375.0
0 883.0 375.0
0 954.0 375.0
0 560.0 376.0
0 617.0 376.0
0 627.0 376.0
0 777.0 376.0
0 863.0 377.0
0 602.0 378.0
0 638.0 378.0
0 752.0 378.0
0 809.0 378.0
0 874.0 378.0
0 936.0 378.0
0 990.0 378.0
0 647.0 379.0
0 852.0 379.0
0 663.0 380.0
0 910.0 380.0
0 916.0 380.0
0 686.0 381.0
0 897.0 381.0
0 1014.0 381.0
0 680.0 382.0
0 702.0 382.0
0 719.0 383.0
0 880.0 383.0
0 603.0 384.0
0 609.0 384.0
0 691.0 384.0
0 780.0 384.0
0 786.0 384.0
0 792.0 384.0
0 990.0 384.0
0 930.0 386.0
0 807.0 387.0
0 1015.0 388.0
0 609.0 389.0
0 914.0 389.0
0 614.0 390.0
0 626.0 391.0
0 735.0 391.0
0 951.0 393.0
0 706.0 395.0
0 717.0 395.0
0 877.0 395.0
0 905.0 395.0
0 1018.0 395.0
0 825.0 397.0
0 726.0 398.0
0 562.0 399.0
0 704.0 400.0
0 834.0 400.0
0 604.0 401.0
0 813.0 401.0
0 875.0 401.0
0 950.0 401.0
0 617.0 403.0
0 661.0 403.0
0 553.0 404.0
0 638.0 404.0
0 820.0 404.0
0 773.0 405.0
0 884.0 405.0
0 633.0 406.0
0 796.0 407.0
0 905.0 407.0
0 920.0 407.0
0 925.0 407.0
0 952.0 407.0
0 993.0 407.0
0 614.0 408.0
0 726.0 408.0
0 751.0 408.0
0 559.0 409.0
0 603.0 409.0
0 840.0 410.0
0 584.0 411.0
0 620.0 411.0
0 677.0 411.0
0 827.0 411.0
0 879.0 412.0
0 562.0 414.0
0 570.0 414.0
0 999.0 414.0
0 849.0 415.0
0 987.0 415.0
0 722.0 416.0
0 710.0 417.0
0 789.0 417.0
0 794.0 417.0
0 818.0 417.0
0 554.0 418.0
0 727.0 418.0
0 784.0 418.0
0 651.0 420.0
0 745.0 420.0
0 753.0 420.0
0 902.0 420.0
0 676.0 421.0
0 878.0 421.0
0 1018.0 422.0
0 736.0 423.0
0 641.0 424.0
0 855.0 424.0
0 832.0 425.0
0 850.0 425.0
0 860.0 425.0
0 543.0 426.0
0 587.0 426.0
0 714.0 426.0
0 837.0 426.0
0 988.0 426.0
0 665.0 427.0
0 776.0 427.0
0 843.0 427.0
0 1018.0 427.0
0 530.0 428.0
0 816.0 428.0
0 525.0 429.0
0 648.0 429.0
0 520.0 430.0
0 748.0 430.0
0 829.0 430.0
0 1007.0 430.0
0 615.0 432.0
0 667.0 432.0
0 653.0 433.0
0 819.0 433.0
0 514.0 434.0
0 602.0 434.0
0 638.0 434.0
0 998.0 434.0
0 1019.0 435.0
0 704.0 436.0
0 667.0 437.0
0 572.0 438.0
0 583.0 438.0
0 693.0 438.0
0 771.0 438.0
0 547.0 439.0
0 608.0 439.0
0 660.0 440.0
0 679.0 440.0
0 759.0 440.0
0 541.0 441.0
0 992.0 441.0
0 506.0 442.0
0 731.0 442.0
0 845.0 442.0
0 583.0 443.0
0 689.0 443.0
0 710.0 443.0
0 749.0 443.0
0 671.0 444.0
0 827.0 444.0
0 839.0 444.0
0 592.0 445.0
0 616.0 445.0
0 700.0 446.0
0 652.0 447.0
0 769.0 447.0
0 583.0 448.0
0 712.0 448.0
0 760.0 449.0
0 597.0 450.0
0 668.0 450.0
0 751.0 450.0
0 620.0 451.0
0 588.0 452.0
0 633.0 452.0
0 680.0 452.0
0 769.0 452.0
0 645.0 453.0
0 497.0 454.0
0 655.0 455.0
0 699.0 455.0
0 752.0 455.0
0 850.0 455.0
0 738.0 456.0
0 723.0 457.0
0 605.0 458.0
0 633.0 458.0
0 829.0 458.0
0 986.0 458.0
0 595.0 459.0
0 769.0 460.0
0 1018.0 461.0
0 489.0 462.0
0 684.0 462.0
0 542.0 463.0
0 619.0 463.0
0 712.0 463.0
0 902.0 463.0
0 970.0 463.0
0 609.0 465.0
0 952.0 465.0
0 484.0 466.0
0 638.0 466.0
0 600.0 467.0
0 926.0 467.0
0 699.0 468.0
0 770.0 468.0
0 999.0 468.0
0 523.0 469.0
0 535.0 470.0
0 690.0 470.0
0 638.0 471.0
0 830.0 471.0
0 934.0 471.0
0 481.0 472.0
0 552.0 472.0
0 717.0 472.0
0 725.0 472.0
0 921.0 472.0
0 628.0 473.0
0 772.0 473.0
0 519.0 474.0
0 543.0 474.0
0 644.0 475.0
0 864.0 475.0
0 849.0 476.0
0 479.0 477.0
0 526.0 477.0
0 509.0 478.0
0 544.0 479.0
0 732.0 479.0
0 987.0 479.0
0 1018.0 479.0
0 559.0 480.0
0 687.0 480.0
0 714.0 480.0
0 723.0 480.0
0 933.0 480.0
0 602.0 481.0
0 709.0 481.0
0 514.0 482.0
0 826.0 482.0
0 971.0 482.0
0 635.0 483.0
0 913.0 483.0
0 553.0 485.0
0 947.0 485.0
0 754.0 487.0
0 824.0 487.0
0 542.0 488.0
0 637.0 488.0
0 647.0 488.0
0 927.0 488.0
0 698.0 489.0
0 850.0 490.0
0 567.0 491.0
0 740.0 491.0
0 782.0 491.0
0 735.0 492.0
0 999.0 492.0
0 648.0 493.0
0 919.0 494.0
0 611.0 495.0
0 912.0 495.0
0 945.0 495.0
0 503.0 496.0
0 553.0 496.0
0 730.0 496.0
0 816.0 496.0
0 934.0 496.0
0 869.0 498.0
0 877.0 498.0
0 1017.0 498.0
0 792.0 499.0
0 811.0 500.0
0 573.0 501.0
0 800.0 501.0
0 806.0 501.0
0 956.0 501.0
0 717.0 503.0
0 542.0 504.0
0 615.0 505.0
0 898.0 505.0
0 923.0 505.0
0 932.0 505.0
0 563.0 506.0
0 571.0 506.0
0 637.0 506.0
0 959.0 506.0
0 602.0 509.0
0 851.0 510.0
0 895.0 510.0
0 493.0 511.0
0 958.0 511.0
0 530.0 512.0
0 500.0 514.0
0 999.0 515.0
0 1017.0 515.0
0 621.0 516.0
0 865.0 516.0
0 722.0 517.0
0 551.0 518.0
0 642.0 518.0
0 742.0 519.0
0 664.0 520.0
0 892.0 520.0
0 582.0 521.0
0 712.0 521.0
0 792.0 521.0
0 967.0 521.0
0 946.0 522.0
0 490.0 523.0
0 553.0 524.0
0 624.0 524.0
0 659.0 524.0
0 498.0 526.0
0 807.0 527.0
0 892.0 527.0
0 469.0 528.0
0 819.0 528.0
0 646.0 529.0
0 1017.0 529.0
0 773.0 530.0
0 563.0 531.0
0 569.0 531.0
0 753.0 532.0
0 850.0 532.0
0 534.0 533.0
0 557.0 533.0
0 833.0 533.0
0 893.0 533.0
0 627.0 534.0
0 743.0 534.0
0 1017.0 534.0
0 648.0 536.0
0 956.0 537.0
0 714.0 538.0
0 872.0 538.0
0 963.0 538.0
0 999.0 538.0
0 490.0 540.0
0 629.0 540.0
0 881.0 540.0
0 498.0 541.0
0 545.0 541.0
0 649.0 541.0
0 780.0 543.0
0 959.0 543.0
0 631.0 546.0
0 850.0 546.0
0 651.0 548.0
0 756.0 550.0
0 632.0 551.0
0 904.0 551.0
0 952.0 551.0
0 595.0 553.0
0 529.0 554.0
0 910.0 554.0
0 946.0 555.0
0 915.0 557.0
0 941.0 557.0
0 585.0 558.0
0 634.0 558.0
0 922.0 559.0
0 927.0 559.0
0 935.0 559.0
0 654.0 560.0
0 597.0 562.0
0 495.0 564.0
0 532.0 565.0
0 635.0 565.0
0 556.0 567.0
0 636.0 570.0
0 999.0 570.0
0 672.0 572.0
0 657.0 573.0
0 601.0 575.0
0 756.0 575.0
0 637.0 576.0
0 747.0 576.0
0 582.0 577.0
0 589.0 578.0
0 519.0 579.0
0 999.0 583.0
0 541.0 589.0
0 639.0 589.0
0 1015.0 589.0
0 574.0 590.0
0 590.0 590.0
0 603.0 593.0
0 1015.0 594.0
0 723.0 597.0
0 821.0 597.0
0 563.0 598.0
0 732.0 599.0
0 504.0 600.0
0 577.0 600.0
0 601.0 600.0
0 596.0 601.0
0 998.0 601.0
0 541.0 602.0
0 640.0 602.0
0 585.0 605.0
0 639.0 607.0
0 572.0 609.0
0 722.0 609.0
0 731.0 610.0
0 639.0 613.0
0 577.0 614.0
0 751.0 616.0
0 584.0 617.0
0 603.0 619.0
0 709.0 619.0
0 517.0 620.0
0 553.0 621.0
0 750.0 621.0
0 590.0 624.0
0 639.0 624.0
0 693.0 624.0
0 702.0 624.0
0 516.0 625.0
0 714.0 625.0
0 511.0 627.0
0 675.0 627.0
0 686.0 630.0
0 694.0 632.0
0 569.0 634.0
0 527.0 636.0
0 513.0 637.0
0 574.0 637.0
0 593.0 637.0
0 638.0 637.0
0 579.0 638.0
0 712.0 641.0
0 723.0 641.0
0 602.0 642.0
0 534.0 644.0
0 740.0 644.0
0 519.0 645.0
0 1015.0 653.0
0 593.0 655.0
0 526.0 656.0
0 715.0 656.0
0 547.0 657.0
0 1015.0 658.0
0 997.0 661.0
0 810.0 662.0
0 594.0 663.0
0 1014.0 663.0
0 582.0 665.0
0 559.0 666.0
0 537.0 667.0
0 631.0 667.0
0 574.0 668.0
0 824.0 668.0
0 871.0 668.0
0 985.0 668.0
0 792.0 669.0
0 829.0 669.0
0 1013.0 670.0
0 881.0 671.0
0 704.0 672.0
0 699.0 674.0
0 582.0 675.0
0 557.0 676.0
0 774.0 677.0
0 904.0 678.0
0 811.0 683.0
0 946.0 683.0
0 955.0 683.0
0 989.0 684.0
0 528.0 685.0
0 1014.0 686.0
0 559.0 687.0
0 880.0 688.0
0 580.0 690.0
0 646.0 692.0
0 540.0 693.0
0 1010.0 693.0
0 906.0 695.0
0 641.0 696.0
0 551.0 700.0
0 955.0 700.0
0 450.0 701.0
0 566.0 701.0
0 626.0 702.0
0 1014.0 704.0
0 905.0 708.0
0 23.0 712.0
0 529.0 714.0
0 902.0 714.0
0 1014.0 715.0
0 956.0 720.0
0 1013.0 720.0
0 951.0 721.0
0 518.0 722.0
0 946.0 722.0
0 1012.0 725.0
0 516.0 727.0
0 905.0 728.0
0 505.0 742.0
0 1009.0 744.0
0 805.0 745.0
0 900.0 745.0
0 851.0 753.0
0 1008.0 753.0
0 776.0 758.0
0 38.0 765.0
0 301.0 765.0
0 1008.0 766.0
0 582.0 770.0
0 239.0 772.0
0 442.0 777.0
0 1006.0 783.0
0 509.0 789.0
0 492.0 803.0
0 101.0 812.0
0 45.0 813.0
0 10.0 825.0
0 442.0 829.0
0 689.0 830.0
0 359.0 833.0
0 582.0 833.0
0 507.0 837.0
0 184.0 838.0
0 548.0 840.0
0 654.0 840.0
0 420.0 845.0
0 706.0 845.0
0 691.0 846.0
0 630.0 847.0
0 874.0 848.0
0 653.0 850.0
0 1007.0 855.0
0 111.0 858.0
0 232.0 858.0
0 650.0 859.0
0 701.0 859.0
0 67.0 861.0
0 533.0 864.0
0 910.0 864.0
0 184.0 868.0
0 765.0 874.0
0 928.0 888.0
0 664.0 891.0
0 510.0 895.0
0 464.0 912.0
0 992.0 981.0
1 817.0 284.0
1 830.0 285.0
1 883.0 287.0
1 898.0 288.0
1 825.0 295.0
1 843.0 297.0
1 877.0 297.0
1 865.0 299.0
1 804.0 302.0
1 897.0 302.0
1 815.0 303.0
1 876.0 305.0
1 887.0 306.0
1 826.0 307.0
1 901.0 310.0
1 842.0 311.0
1 913.0 311.0
1 798.0 312.0
1 803.0 312.0
1 790.0 315.0
1 762.0 317.0
1 767.0 319.0
1 690.0 320.0
1 703.0 321.0
1 711.0 321.0
1 884.0 321.0
1 802.0 325.0
1 670.0 327.0
1 779.0 328.0
1 653.0 329.0
1 697.0 329.0
1 735.0 330.0
1 616.0 331.0
1 621.0 331.0
1 610.0 332.0
1 626.0 332.0
1 687.0 332.0
1 639.0 333.0
1 604.0 334.0
1 1067.0 337.0
1 666.0 338.0
1 651.0 339.0
1 1086.0 339.0
1 759.0 340.0
1 1000.0 340.0
1 591.0 341.0
1 723.0 341.0
1 678.0 342.0
1 714.0 342.0
1 901.0 342.0
1 735.0 343.0
1 641.0 344.0
1 699.0 344.0
1 743.0 344.0
1 751.0 344.0
1 932.0 344.0
1 1017.0 344.0
1 1073.0 346.0
1 655.0 347.0
1 607.0 348.0
1 666.0 348.0
1 687.0 348.0
1 624.0 349.0
1 1007.0 353.0
1 1083.0 353.0
1 702.0 354.0
1 675.0 355.0
1 761.0 355.0
1 642.0 356.0
1 655.0 356.0
1 589.0 357.0
1 714.0 357.0
1 995.0 357.0
1 1092.0 357.0
1 626.0 358.0
1 725.0 358.0
1 734.0 358.0
1 743.0 358.0
1 907.0 358.0
1 1030.0 358.0
1 573.0 360.0
1 985.0 361.0
1 1004.0 362.0
1 700.0 363.0
1 942.0 363.0
1 952.0 363.0
1 591.0 364.0
1 974.0 364.0
1 688.0 365.0
1 754.0 365.0
1 1089.0 365.0
1 717.0 367.0
1 733.0 367.0
1 607.0 368.0
1 626.0 370.0
1 979.0 370.0
1 987.0 370.0
1 968.0 371.0
1 554.0 373.0
1 656.0 373.0
1 713.0 373.0
1 751.0 374.0
1 1028.0 374.0
1 1102.0 374.0
1 673.0 375.0
1 989.0 375.0
1 1015.0 376.0
1 1093.0 376.0
1 994.0 377.0
1 551.0 378.0
1 707.0 379.0
1 939.0 379.0
1 593.0 380.0
1 576.0 381.0
1 673.0 381.0
1 746.0 381.0
1 957.0 381.0
1 967.0 381.0
1 552.0 383.0
1 628.0 383.0
1 899.0 384.0
1 1009.0 384.0
1 981.0 385.0
1 1026.0 387.0
1 1081.0 387.0
1 1074.0 388.0
1 993.0 389.0
1 1044.0 389.0
1 576.0 390.0
1 920.0 390.0
1 949.0 390.0
1 1061.0 390.0
1 708.0 391.0
1 914.0 392.0
1 966.0 392.0
1 1108.0 392.0
1 1016.0 393.0
1 991.0 394.0
1 1006.0 394.0
1 673.0 395.0
1 896.0 395.0
1 1086.0 395.0
1 704.0 396.0
1 1076.0 397.0
1 1028.0 398.0
1 1061.0 399.0
1 732.0 400.0
1 758.0 400.0
1 921.0 400.0
1 1044.0 400.0
1 773.0 401.0
1 782.0 401.0
1 1021.0 401.0
1 787.0 402.0
1 1106.0 402.0
1 554.0 403.0
1 751.0 403.0
1 793.0 403.0
1 799.0 403.0
1 804.0 403.0
1 933.0 403.0
1 811.0 404.0
1 820.0 404.0
1 829.0 404.0
1 624.0 405.0
1 638.0 405.0
1 633.0 406.0
1 850.0 406.0
1 858.0 407.0
1 865.0 407.0
1 967.0 407.0
1 1110.0 407.0
1 793.0 408.0
1 872.0 408.0
1 752.0 409.0
1 838.0 409.0
1 843.0 409.0
1 1021.0 410.0
1 646.0 411.0
1 881.0 411.0
1 893.0 411.0
1 592.0 412.0
1 732.0 412.0
1 616.0 413.0
1 668.0 413.0
1 679.0 413.0
1 780.0 413.0
1 816.0 413.0
1 821.0 413.0
1 754.0 414.0
1 837.0 414.0
1 936.0 414.0
1 1070.0 414.0
1 768.0 415.0
1 762.0 416.0
1 773.0 416.0
1 847.0 416.0
1 958.0 416.0
1 577.0 417.0
1 794.0 417.0
1 660.0 418.0
1 805.0 418.0
1 872.0 419.0
1 1064.0 419.0
1 557.0 420.0
1 722.0 420.0
1 817.0 420.0
1 828.0 420.0
1 886.0 420.0
1 731.0 421.0
1 836.0 421.0
1 853.0 421.0
1 1113.0 421.0
1 859.0 422.0
1 864.0 422.0
1 894.0 422.0
1 1048.0 422.0
1 696.0 423.0
1 741.0 423.0
1 1024.0 423.0
1 1057.0 424.0
1 1069.0 424.0
1 655.0 425.0
1 880.0 425.0
1 914.0 425.0
1 940.0 425.0
1 945.0 425.0
1 1014.0 425.0
1 614.0 426.0
1 623.0 426.0
1 631.0 426.0
1 645.0 426.0
1 672.0 427.0
1 711.0 427.0
1 961.0 427.0
1 574.0 428.0
1 636.0 428.0
1 748.0 428.0
1 928.0 428.0
1 995.0 428.0
1 689.0 430.0
1 954.0 430.0
1 735.0 431.0
1 590.0 432.0
1 699.0 433.0
1 1002.0 433.0
1 1012.0 433.0
1 553.0 434.0
1 576.0 435.0
1 899.0 435.0
1 914.0 435.0
1 953.0 435.0
1 655.0 437.0
1 1048.0 437.0
1 931.0 438.0
1 941.0 439.0
1 691.0 440.0
1 1010.0 440.0
1 1027.0 440.0
1 708.0 441.0
1 723.0 441.0
1 750.0 442.0
1 990.0 442.0
1 817.0 444.0
1 919.0 444.0
1 587.0 445.0
1 1027.0 445.0
1 1041.0 445.0
1 628.0 448.0
1 683.0 448.0
1 1058.0 448.0
1 1110.0 448.0
1 666.0 449.0
1 938.0 449.0
1 671.0 450.0
1 978.0 450.0
1 897.0 451.0
1 806.0 452.0
1 827.0 452.0
1 858.0 452.0
1 554.0 453.0
1 780.0 453.0
1 792.0 453.0
1 1007.0 453.0
1 1014.0 453.0
1 1034.0 453.0
1 881.0 454.0
1 999.0 454.0
1 1043.0 454.0
1 843.0 455.0
1 994.0 455.0
1 707.0 456.0
1 772.0 456.0
1 973.0 456.0
1 1023.0 456.0
1 575.0 457.0
1 927.0 457.0
1 561.0 458.0
1 984.0 458.0
1 1028.0 458.0
1 814.0 460.0
1 979.0 460.0
1 745.0 461.0
1 830.0 461.0
1 863.0 461.0
1 955.0 461.0
1 792.0 462.0
1 1033.0 463.0
1 782.0 464.0
1 822.0 464.0
1 968.0 464.0
1 760.0 465.0
1 846.0 465.0
1 976.0 465.0
1 1107.0 465.0
1 754.0 467.0
1 749.0 468.0
1 822.0 469.0
1 1039.0 469.0
1 1056.0 469.0
1 973.0 470.0
1 708.0 471.0
1 799.0 471.0
1 830.0 471.0
1 965.0 471.0
1 1050.0 471.0
1 1082.0 471.0
1 810.0 472.0
1 865.0 472.0
1 914.0 472.0
1 1045.0 472.0
1 643.0 474.0
1 739.0 474.0
1 819.0 474.0
1 959.0 475.0
1 1095.0 475.0
1 674.0 476.0
1 679.0 476.0
1 792.0 476.0
1 801.0 476.0
1 830.0 476.0
1 946.0 476.0
1 1079.0 476.0
1 810.0 477.0
1 1050.0 477.0
1 898.0 478.0
1 684.0 479.0
1 731.0 479.0
1 840.0 479.0
1 822.0 480.0
1 964.0 480.0
1 1044.0 480.0
1 644.0 481.0
1 796.0 481.0
1 666.0 482.0
1 806.0 482.0
1 834.0 482.0
1 959.0 482.0
1 1074.0 482.0
1 674.0 483.0
1 817.0 483.0
1 850.0 483.0
1 910.0 483.0
1 969.0 483.0
1 685.0 484.0
1 695.0 485.0
1 703.0 485.0
1 723.0 485.0
1 714.0 486.0
1 827.0 486.0
1 845.0 486.0
1 891.0 486.0
1 767.0 487.0
1 777.0 487.0
1 787.0 487.0
1 757.0 488.0
1 799.0 488.0
1 806.0 488.0
1 838.0 488.0
1 970.0 488.0
1 1045.0 488.0
1 813.0 489.0
1 853.0 490.0
1 882.0 490.0
1 1072.0 490.0
1 1105.0 490.0
1 564.0 491.0
1 654.0 491.0
1 708.0 491.0
1 748.0 491.0
1 819.0 491.0
1 846.0 491.0
1 1086.0 491.0
1 828.0 493.0
1 833.0 493.0
1 739.0 494.0
1 970.0 494.0
1 892.0 495.0
1 1093.0 495.0
1 707.0 496.0
1 767.0 496.0
1 772.0 496.0
1 839.0 496.0
1 730.0 497.0
1 1044.0 497.0
1 1114.0 497.0
1 754.0 498.0
1 759.0 498.0
1 973.0 499.0
1 1104.0 499.0
1 722.0 500.0
1 810.0 500.0
1 849.0 500.0
1 798.0 501.0
1 653.0 503.0
1 748.0 503.0
1 1095.0 503.0
1 702.0 504.0
1 734.0 504.0
1 763.0 504.0
1 976.0 504.0
1 1041.0 504.0
1 586.0 505.0
1 714.0 505.0
1 773.0 505.0
1 792.0 505.0
1 825.0 505.0
1 859.0 505.0
1 962.0 505.0
1 661.0 506.0
1 675.0 506.0
1 930.0 506.0
1 757.0 507.0
1 808.0 507.0
1 697.0 508.0
1 1010.0 508.0
1 1072.0 508.0
1 1116.0 508.0
1 867.0 509.0
1 706.0 510.0
1 822.0 510.0
1 910.0 510.0
1 1052.0 510.0
1 838.0 511.0
1 733.0 512.0
1 1034.0 512.0
1 985.0 513.0
1 1091.0 513.0
1 851.0 514.0
1 688.0 515.0
1 712.0 515.0
1 877.0 515.0
1 695.0 516.0
1 700.0 516.0
1 856.0 516.0
1 793.0 517.0
1 991.0 517.0
1 1026.0 517.0
1 925.0 518.0
1 1103.0 518.0
1 841.0 519.0
1 999.0 519.0
1 1020.0 519.0
1 567.0 520.0
1 687.0 520.0
1 864.0 520.0
1 1004.0 520.0
1 1010.0 520.0
1 1015.0 520.0
1 704.0 521.0
1 1066.0 521.0
1 768.0 523.0
1 853.0 523.0
1 832.0 524.0
1 1318.0 524.0
1 568.0 525.0
1 911.0 525.0
1 873.0 526.0
1 1110.0 526.0
1 860.0 527.0
1 1105.0 527.0
1 895.0 529.0
1 719.0 530.0
1 731.0 530.0
1 971.0 531.0
1 1009.0 532.0
1 647.0 534.0
1 674.0 535.0
1 881.0 536.0
1 1004.0 536.0
1 1068.0 536.0
1 761.0 537.0
1 1041.0 537.0
1 745.0 538.0
1 1023.0 539.0
1 809.0 540.0
1 947.0 540.0
1 1099.0 540.0
1 1072.0 541.0
1 894.0 542.0
1 729.0 543.0
1 724.0 545.0
1 767.0 547.0
1 775.0 549.0
1 788.0 549.0
1 903.0 550.0
1 747.0 551.0
1 756.0 551.0
1 890.0 551.0
1 571.0 552.0
1 799.0 552.0
1 716.0 553.0
1 768.0 553.0
1 780.0 554.0
1 818.0 555.0
1 1369.0 556.0
1 752.0 557.0
1 729.0 558.0
1 738.0 558.0
1 724.0 561.0
1 829.0 561.0
1 778.0 563.0
1 795.0 563.0
1 768.0 564.0
1 773.0 564.0
1 813.0 565.0
1 853.0 565.0
1 762.0 566.0
1 807.0 566.0
1 843.0 566.0
1 727.0 568.0
1 753.0 569.0
1 716.0 570.0
1 574.0 572.0
1 933.0 572.0
1 847.0 575.0
1 823.0 576.0
1 857.0 576.0
1 652.0 578.0
1 680.0 581.0
1 805.0 581.0
1 574.0 583.0
1 597.0 583.0
1 865.0 583.0
1 952.0 584.0
1 845.0 586.0
1 688.0 587.0
1 698.0 588.0
1 862.0 588.0
1 703.0 589.0
1 708.0 589.0
1 952.0 589.0
1 742.0 591.0
1 597.0 594.0
1 951.0 594.0
1 727.0 595.0
1 810.0 595.0
1 822.0 596.0
1 743.0 597.0
1 769.0 598.0
1 871.0 598.0
1 578.0 599.0
1 693.0 599.0
1 815.0 599.0
1 951.0 599.0
1 703.0 600.0
1 858.0 600.0
1 880.0 601.0
1 1092.0 601.0
1 658.0 602.0
1 743.0 603.0
1 770.0 603.0
1 599.0 608.0
1 743.0 608.0
1 771.0 608.0
1 784.0 609.0
1 863.0 610.0
1 882.0 610.0
1 854.0 612.0
1 689.0 614.0
1 699.0 614.0
1 844.0 615.0
1 578.0 616.0
1 658.0 616.0
1 951.0 618.0
1 783.0 619.0
1 819.0 619.0
1 866.0 619.0
1 848.0 623.0
1 160.0 624.0
1 790.0 624.0
1 819.0 624.0
1 600.0 626.0
1 768.0 626.0
1 667.0 627.0
1 797.0 627.0
1 802.0 628.0
1 819.0 629.0
1 1117.0 629.0
1 839.0 631.0
1 579.0 632.0
1 661.0 633.0
1 830.0 635.0
1 890.0 635.0
1 948.0 635.0
1 694.0 636.0
1 863.0 637.0
1 796.0 638.0
1 820.0 638.0
1 825.0 638.0
1 803.0 639.0
1 808.0 639.0
1 604.0 640.0
1 729.0 641.0
1 1083.0 642.0
1 830.0 643.0
1 896.0 643.0
1 940.0 644.0
1 854.0 646.0
1 764.0 647.0
1 1047.0 647.0
1 1083.0 647.0
1 581.0 648.0
1 896.0 648.0
1 877.0 649.0
1 945.0 650.0
1 696.0 651.0
1 847.0 651.0
1 936.0 651.0
1 887.0 652.0
1 797.0 653.0
1 704.0 654.0
1 896.0 655.0
1 829.0 656.0
1 839.0 656.0
1 935.0 656.0
1 1081.0 656.0
1 1102.0 656.0
1 697.0 659.0
1 863.0 659.0
1 671.0 660.0
1 819.0 662.0
1 845.0 663.0
1 885.0 664.0
1 672.0 665.0
1 708.0 666.0
1 894.0 666.0
1 828.0 668.0
1 703.0 669.0
1 675.0 670.0
1 816.0 670.0
1 1080.0 670.0
1 883.0 673.0
1 892.0 674.0
1 346.0 681.0
1 725.0 681.0
1 841.0 681.0
1 888.0 682.0
1 586.0 684.0
1 724.0 686.0
1 874.0 687.0
1 686.0 688.0
1 805.0 688.0
1 561.0 689.0
1 719.0 690.0
1 867.0 692.0
1 872.0 692.0
1 882.0 692.0
1 899.0 692.0
1 690.0 693.0
1 724.0 694.0
1 1076.0 694.0
1 1445.0 694.0
1 714.0 695.0
1 866.0 697.0
1 878.0 697.0
1 743.0 698.0
1 736.0 700.0
1 857.0 701.0
1 342.0 703.0
1 699.0 703.0
1 751.0 703.0
1 605.0 705.0
1 738.0 705.0
1 871.0 706.0
1 758.0 707.0
1 747.0 709.0
1 765.0 710.0
1 1466.0 710.0
1 840.0 711.0
1 865.0 711.0
1 302.0 712.0
1 774.0 712.0
1 752.0 713.0
1 711.0 714.0
1 829.0 714.0
1 760.0 715.0
1 818.0 715.0
1 798.0 717.0
1 806.0 717.0
1 1016.0 717.0
1 330.0 718.0
1 274.0 719.0
1 717.0 720.0
1 767.0 720.0
1 842.0 721.0
1 411.0 722.0
1 833.0 723.0
1 1074.0 723.0
1 723.0 724.0
1 797.0 724.0
1 820.0 725.0
1 807.0 726.0
1 446.0 734.0
1 425.0 736.0
1 350.0 737.0
1 623.0 738.0
1 188.0 742.0
1 271.0 745.0
1 837.0 745.0
1 779.0 746.0
1 1381.0 746.0
1 832.0 747.0
1 819.0 748.0
1 824.0 748.0
1 925.0 755.0
1 470.0 761.0
1 162.0 762.0
1 447.0 764.0
1 1253.0 764.0
1 1239.0 767.0
1 420.0 771.0
1 490.0 771.0
1 925.0 771.0
1 385.0 776.0
1 198.0 777.0
1 703.0 777.0
1 481.0 778.0
1 423.0 782.0
1 1168.0 783.0
1 1481.0 785.0
1 339.0 787.0
1 372.0 788.0
1 291.0 790.0
1 496.0 792.0
1 313.0 793.0
1 414.0 793.0
1 1274.0 800.0
1 392.0 802.0
1 482.0 803.0
1 381.0 805.0
1 1301.0 807.0
1 1128.0 808.0
1 342.0 809.0
1 337.0 810.0
1 903.0 810.0
1 474.0 811.0
1 1137.0 812.0
1 1003.0 813.0
1 469.0 814.0
1 1236.0 814.0
1 108.0 819.0
1 148.0 820.0
1 366.0 821.0
1 1214.0 823.0
1 355.0 824.0
1 1408.0 826.0
1 385.0 829.0
1 1284.0 829.0
1 1056.0 831.0
1 1103.0 831.0
1 335.0 832.0
1 327.0 837.0
1 215.0 839.0
1 260.0 839.0
1 285.0 839.0
1 1151.0 845.0
1 1428.0 845.0
1 114.0 851.0
1 1271.0 851.0
1 166.0 853.0
1 848.0 853.0
1 1261.0 853.0
1 1365.0 853.0
1 150.0 855.0
1 943.0 855.0
1 865.0 856.0
1 1285.0 858.0
1 191.0 859.0
1 1444.0 860.0
1 1060.0 861.0
1 245.0 863.0
1 1336.0 863.0
1 1357.0 864.0
1 105.0 866.0
1 1021.0 868.0
1 1190.0 868.0
1 804.0 869.0
1 1068.0 869.0
1 994.0 870.0
1 202.0 871.0
1 54.0 872.0
1 136.0 872.0
1 1454.0 874.0
1 34.0 875.0
1 1070.0 876.0
1 184.0 878.0
1 1377.0 880.0
1 271.0 881.0
1 988.0 881.0
1 1185.0 881.0
1 1369.0 882.0
1 53.0 883.0
1 124.0 884.0
1 1140.0 886.0
1 114.0 887.0
1 952.0 887.0
1 982.0 890.0
1 39.0 891.0
1 498.0 891.0
1 904.0 895.0
1 1159.0 895.0
1 1190.0 897.0
1 413.0 898.0
1 682.0 899.0
1 713.0 900.0
1 1139.0 902.0
1 82.0 913.0
1 725.0 913.0
1 1183.0 915.0
1 551.0 916.0
1 816.0 916.0
1 989.0 920.0
1 1033.0 922.0
1 1086.0 922.0
1 1337.0 922.0
1 972.0 926.0
1 1051.0 929.0
1 991.0 933.0
1 598.0 936.0
1 582.0 939.0
1 829.0 940.0
1 955.0 940.0
1 897.0 943.0
1 710.0 944.0
1 1071.0 945.0
1 698.0 947.0
1 1188.0 948.0
1 859.0 950.0
1 1030.0 951.0
1 1089.0 951.0
1 615.0 954.0
1 1075.0 956.0
1 990.0 957.0
1 516.0 959.0
1 570.0 959.0
1 1032.0 964.0
1 1194.0 967.0
1 451.0 968.0
1 176.0 971.0
1 691.0 971.0
1 232.0 975.0
1 151.0 977.0
1 912.0 978.0
1 211.0 979.0
1 804.0 980.0
1 1029.0 984.0
1 903.0 991.0
1 999.0 991.0
