0 1 2 140.75945025572048
0 2 4 181.65232299114737
0 7 16 396.5873175244921
0 13 19 202.89299899371107
0 16 21 428.26999986470753
0 17 22 232.2425856571251
0 18 23 189.62238539335317
0 19 24 259.2384433748526
0 20 26 405.7467187074411
0 23 32 161.8548440156927
0 26 36 223.8268685373942
0 25 40 229.25171601793926
0 35 43 365.9374367805249
0 27 44 111.11026046368085
0 31 46 160.02136515724374
0 37 48 317.6843594587184
0 38 52 141.29203956732533
0 78 55 354.1173500703709
0 61 56 122.66320715594645
0 53 57 301.30517500285777
0 43 59 456.75138433199845
0 42 61 194.77317581718466
0 50 63 269.9568898380247
0 62 64 196.97111933616998
0 64 67 196.9290636065526
0 65 68 350.6282051335638
0 71 69 422.8931548754086
0 72 70 230.51010747771508
0 70 71 312.64935187637974
0 103 72 145.9521272398735
0 69 76 489.76668072035966
0 84 78 179.3665769649325
0 60 79 307.8324148662225
0 82 81 404.45251233688435
0 129 82 299.14007918186053
0 85 83 240.1380493317959
0 96 84 232.3624336400297
0 106 86 255.5403190884805
0 89 88 246.01498828888714
0 116 90 359.6136191428501
0 88 92 293.0890775281119
0 108 93 180.31501682216313
0 99 94 331.2378961126396
0 100 95 167.97648659829818
0 87 96 275.0262510873577
0 93 100 274.2112218071687
0 109 101 241.8390951064647
0 111 102 158.7170206653012
0 101 103 368.84306629801154
0 126 106 277.69183571355387
0 120 110 222.97637128137993
0 119 112 250.49880004153775
0 134 114 224.53165069925512
0 135 115 201.9684720403609
0 132 119 182.53101556634314
0 121 120 400.8330492234423
0 123 122 359.09376064163024
0 146 123 475.91388216992607
0 138 124 212.9927186424247
0 125 125 229.74975169078274
0 131 127 179.2647323591809
0 124 128 295.8580668427473
0 141 134 395.2209434956992
0 142 136 187.03406937172323
0 154 138 387.8387968806853
0 143 140 467.06817160142646
0 140 141 226.89092836102796
0 137 142 469.6256968751693
0 178 148 493.5637346381111
0 183 152 321.82356538399273
0 156 155 317.09350509120645
0 186 157 350.9332703026779
0 168 158 141.4996390232712
0 166 159 152.80656051497252
0 164 162 247.39194123422172
0 167 163 157.18275761919486
0 158 170 205.16691869413188
0 148 174 412.12843714087455
0 174 175 243.3752611223942
0 170 176 487.731672832399
0 188 180 144.07760390272927
0 159 183 338.04681294688316
0 180 185 270.8723755792412
0 193 188 166.72063627495027
0 191 191 361.4079758182682
0 169 192 161.49597425184538
0 220 194 472.0463700735965
0 228 200 294.55711045951335
0 206 203 237.9327614955804
0 196 204 198.6691222992413
0 273 220 202.24158957890003
0 223 230 247.04725128315076
0 240 232 329.47800393927054
0 274 235 457.76919992649374
0 213 237 274.1782846795847
0 231 245 421.81489322798694
0 233 246 328.2248083073046
0 245 253 456.10193639652437
0 296 255 209.01005233593165
0 252 258 252.35804779338463
0 276 260 386.9816500355734
0 251 261 252.53283697429305
0 324 264 222.2811419462181
0 249 265 256.48176430031384
0 250 266 250.709960911597
0 278 267 394.1241328212002
0 323 270 154.47448644132544
0 290 271 251.4380996577971
0 333 273 289.9948568362205
0 320 274 290.05043185441275
0 292 275 479.5211766738545
0 266 279 249.17881732555423
0 257 280 179.500815056091
0 259 282 242.6674533212519
0 267 283 146.50897542580887
0 338 284 182.74725596714882
0 325 285 251.41711213318086
0 307 286 349.4894378556536
0 340 291 255.92322615621597
0 275 297 213.74438859725248
0 268 298 177.58595030282476
0 277 299 320.5334194344646
0 293 305 256.095582549273
0 326 308 478.74942910785876
0 286 309 268.1065214709377
0 272 311 494.2547273344725
0 298 314 194.1385875011398
0 299 315 143.09674356535655
0 353 317 123.74103945560249
0 300 322 258.3570905765784
0 294 323 377.2674178112588
0 318 324 193.74951352487463
0 287 325 308.1954842052996
0 309 327 238.79056279166585
0 327 328 198.21613680931537
0 328 329 236.5992145943607
0 311 334 356.4729162049775
0 369 335 452.00562622159265
0 356 336 439.5963322463877
0 315 338 368.8806955544369
0 316 341 200.1076084878312
0 390 342 131.17934159561503
0 384 343 233.4926626185106
0 370 345 485.97104357223077
0 336 346 142.2325914195269
0 393 347 164.6483041894441
0 361 351 389.18597918553377
0 345 355 412.7144778642983
0 402 357 121.80407982148313
0 351 358 348.5245595823493
0 403 360 113.12955530751631
0 358 362 280.8735478432723
0 365 363 126.55007896360763
0 406 365 232.10165083061702
0 401 368 169.8167365261006
0 348 369 152.88076337885374
0 404 370 237.34319381141637
0 385 371 383.602677158729
0 373 372 204.26884365562375
0 366 373 197.51399515268727
0 405 374 336.91137158132835
0 362 375 189.36991209655991
0 367 377 150.46234041664
0 376 379 163.6588405315015
0 399 383 320.97513043930763
0 400 384 340.711793559377
0 382 386 169.33811421116778
0 418 387 135.78524371628023
0 377 389 261.838140322336
0 420 390 111.15848682497034
0 411 391 323.7941227018599
0 421 393 330.6139730047717
0 374 399 232.75389315309073
0 423 402 180.19167283963148
0 414 403 484.01364089070694
0 391 405 197.5755180505411
0 424 406 298.75063937992724
0 427 414 303.1003932829178
0 428 417 403.091683256714
0 396 418 288.27891609760223
0 442 419 108.86875355155645
0 433 424 311.95749459538786
0 449 427 191.43237886897634
0 453 430 106.98987476982677
0 417 431 226.24628040908016
0 432 432 477.92511895452054
0 456 434 141.8194789847489
0 450 435 311.7145239317291
0 467 436 147.83658826062012
0 452 437 473.90477664696704
0 448 438 319.3669165870496
0 447 439 460.56646997379715
0 476 445 134.12934212871085
0 457 447 224.2903435005768
0 468 449 360.323206420745
0 470 451 253.36048676843893
0 445 452 337.6511619552522
0 460 459 362.07207357886597
0 493 462 128.3809939500939
0 487 463 414.82362805162614
0 461 468 322.31930121567973
0 496 470 153.2245045725651
0 506 478 254.49939489478695
0 498 480 281.2257375312765
0 482 483 452.7200360509138
0 511 485 321.6885507424224
0 514 487 241.01171614739033
0 480 489 305.03602040480524
0 527 492 287.1692523177403
0 501 493 253.41052308502836
0 512 495 275.71850517037444
0 535 498 393.0067852941411
0 525 499 408.284886073143
0 540 506 188.939144630338
0 538 509 358.5329125535658
0 495 512 337.42261673833565
0 539 519 216.47730146589
0 542 523 418.47123776858206
0 513 525 394.97112206656436
0 499 526 296.4517338280434
0 548 534 456.26421048094227
0 554 535 418.61613928207896
0 515 536 269.97824126011614
0 565 538 410.48804619123825
0 582 542 206.71847971894434
0 520 543 202.5513878340102
0 544 550 295.4032954906106
0 558 556 227.2795481453018
0 568 559 243.65915954284688
0 571 563 281.58644401198035
0 580 567 396.6281954642366
0 585 571 234.50044619086347
0 593 572 432.1500061787357

0 1142.0 65.0
0 1143.0 72.0
0 734.0 337.0
0 774.0 337.0
0 818.0 337.0
0 675.0 338.0
0 765.0 338.0
0 775.0 346.0
0 796.0 351.0
0 820.0 354.0
0 808.0 362.0
0 835.0 363.0
0 748.0 364.0
0 759.0 365.0
0 739.0 368.0
0 776.0 368.0
0 949.0 370.0
0 628.0 371.0
0 776.0 373.0
0 604.0 374.0
0 761.0 375.0
0 869.0 375.0
0 878.0 377.0
0 934.0 377.0
0 619.0 378.0
0 775.0 378.0
0 956.0 378.0
0 857.0 379.0
0 726.0 380.0
0 743.0 380.0
0 947.0 380.0
0 785.0 381.0
0 708.0 382.0
0 735.0 382.0
0 765.0 383.0
0 615.0 384.0
0 874.0 385.0
0 894.0 385.0
0 899.0 385.0
0 603.0 387.0
0 610.0 387.0
0 724.0 387.0
0 753.0 388.0
0 587.0 389.0
0 704.0 391.0
0 740.0 392.0
0 853.0 394.0
0 949.0 394.0
0 964.0 394.0
0 731.0 395.0
0 930.0 396.0
0 867.0 397.0
0 888.0 398.0
0 718.0 399.0
0 918.0 400.0
0 588.0 401.0
0 616.0 401.0
0 629.0 401.0
0 753.0 401.0
0 644.0 402.0
0 657.0 402.0
0 605.0 403.0
0 673.0 403.0
0 682.0 404.0
0 697.0 405.0
0 950.0 405.0
0 742.0 407.0
0 859.0 407.0
0 941.0 407.0
0 970.0 407.0
0 840.0 408.0
0 935.0 408.0
0 557.0 409.0
0 882.0 409.0
0 892.0 409.0
0 897.0 409.0
0 902.0 409.0
0 918.0 409.0
0 662.0 410.0
0 871.0 410.0
0 887.0 410.0
0 650.0 411.0
0 588.0 412.0
0 670.0 412.0
0 615.0 415.0
0 625.0 415.0
0 636.0 416.0
0 744.0 416.0
0 936.0 416.0
0 971.0 416.0
0 644.0 417.0
0 851.0 417.0
0 918.0 417.0
0 659.0 418.0
0 684.0 418.0
0 696.0 418.0
0 861.0 418.0
0 866.0 418.0
0 883.0 418.0
0 894.0 418.0
0 900.0 418.0
0 676.0 419.0
0 713.0 419.0
0 839.0 419.0
0 557.0 420.0
0 946.0 420.0
0 600.0 422.0
0 770.0 423.0
0 605.0 424.0
0 782.0 425.0
0 968.0 425.0
0 993.0 425.0
0 728.0 427.0
0 799.0 427.0
0 610.0 428.0
0 622.0 429.0
0 701.0 429.0
0 838.0 429.0
0 867.0 429.0
0 712.0 430.0
0 994.0 430.0
0 932.0 431.0
0 890.0 432.0
0 591.0 433.0
0 719.0 433.0
0 862.0 433.0
0 581.0 434.0
0 699.0 434.0
0 814.0 435.0
0 932.0 437.0
0 996.0 437.0
0 802.0 438.0
0 861.0 438.0
0 656.0 439.0
0 765.0 441.0
0 609.0 442.0
0 870.0 442.0
0 601.0 443.0
0 614.0 443.0
0 630.0 443.0
0 889.0 443.0
0 743.0 444.0
0 828.0 444.0
0 909.0 444.0
0 934.0 444.0
0 579.0 445.0
0 719.0 445.0
0 815.0 445.0
0 620.0 446.0
0 625.0 446.0
0 971.0 446.0
0 560.0 447.0
0 672.0 447.0
0 865.0 448.0
0 835.0 449.0
0 784.0 450.0
0 808.0 450.0
0 554.0 451.0
0 704.0 451.0
0 715.0 451.0
0 779.0 451.0
0 574.0 452.0
0 774.0 452.0
0 720.0 453.0
0 737.0 454.0
0 967.0 454.0
0 978.0 454.0
0 586.0 455.0
0 637.0 455.0
0 647.0 455.0
0 794.0 455.0
0 802.0 455.0
0 547.0 456.0
0 701.0 456.0
0 742.0 456.0
0 747.0 456.0
0 863.0 456.0
0 532.0 457.0
0 887.0 457.0
0 524.0 458.0
0 728.0 458.0
0 837.0 458.0
0 595.0 460.0
0 830.0 460.0
0 660.0 461.0
0 766.0 461.0
0 996.0 461.0
0 518.0 462.0
0 708.0 462.0
0 600.0 463.0
0 639.0 464.0
0 695.0 464.0
0 807.0 464.0
0 584.0 465.0
0 650.0 465.0
0 740.0 465.0
0 967.0 465.0
0 512.0 466.0
0 996.0 466.0
0 548.0 467.0
0 543.0 468.0
0 607.0 468.0
0 697.0 469.0
0 762.0 469.0
0 809.0 469.0
0 656.0 471.0
0 688.0 471.0
0 673.0 472.0
0 750.0 472.0
0 977.0 472.0
0 591.0 473.0
0 683.0 473.0
0 832.0 473.0
0 583.0 474.0
0 816.0 475.0
0 821.0 475.0
0 826.0 475.0
0 997.0 475.0
0 666.0 476.0
0 703.0 476.0
0 512.0 477.0
0 596.0 477.0
0 693.0 478.0
0 723.0 478.0
0 583.0 479.0
0 619.0 479.0
0 967.0 479.0
0 500.0 481.0
0 642.0 481.0
0 741.0 481.0
0 760.0 481.0
0 707.0 482.0
0 751.0 482.0
0 651.0 483.0
0 674.0 483.0
0 544.0 487.0
0 743.0 487.0
0 815.0 487.0
0 820.0 487.0
0 837.0 487.0
0 687.0 488.0
0 490.0 490.0
0 715.0 490.0
0 598.0 491.0
0 608.0 491.0
0 730.0 491.0
0 759.0 491.0
0 671.0 492.0
0 679.0 492.0
0 744.0 492.0
0 816.0 492.0
0 635.0 493.0
0 706.0 494.0
0 966.0 494.0
0 486.0 495.0
0 524.0 495.0
0 552.0 495.0
0 615.0 496.0
0 760.0 496.0
0 693.0 497.0
0 720.0 497.0
0 886.0 497.0
0 950.0 497.0
0 635.0 498.0
0 514.0 499.0
0 816.0 499.0
0 933.0 499.0
0 625.0 500.0
0 684.0 500.0
0 996.0 500.0
0 501.0 501.0
0 542.0 501.0
0 640.0 501.0
0 481.0 502.0
0 526.0 503.0
0 559.0 503.0
0 709.0 503.0
0 717.0 503.0
0 978.0 503.0
0 762.0 504.0
0 913.0 504.0
0 600.0 505.0
0 815.0 505.0
0 904.0 505.0
0 510.0 506.0
0 519.0 506.0
0 547.0 509.0
0 681.0 509.0
0 850.0 509.0
0 707.0 510.0
0 476.0 511.0
0 514.0 511.0
0 715.0 511.0
0 724.0 511.0
0 836.0 511.0
0 919.0 511.0
0 557.0 512.0
0 702.0 512.0
0 813.0 512.0
0 914.0 512.0
0 643.0 513.0
0 879.0 514.0
0 897.0 514.0
0 966.0 514.0
0 541.0 515.0
0 634.0 515.0
0 474.0 516.0
0 950.0 516.0
0 607.0 517.0
0 692.0 518.0
0 572.0 519.0
0 929.0 519.0
0 636.0 520.0
0 647.0 520.0
0 770.0 520.0
0 808.0 520.0
0 836.0 520.0
0 501.0 521.0
0 611.0 524.0
0 730.0 524.0
0 648.0 525.0
0 901.0 525.0
0 896.0 526.0
0 915.0 526.0
0 778.0 527.0
0 927.0 527.0
0 722.0 528.0
0 800.0 528.0
0 783.0 529.0
0 791.0 530.0
0 852.0 530.0
0 902.0 530.0
0 540.0 531.0
0 860.0 532.0
0 924.0 532.0
0 571.0 533.0
0 576.0 533.0
0 995.0 533.0
0 882.0 535.0
0 905.0 536.0
0 938.0 536.0
0 915.0 537.0
0 492.0 539.0
0 528.0 539.0
0 617.0 539.0
0 603.0 540.0
0 878.0 540.0
0 497.0 541.0
0 638.0 541.0
0 837.0 541.0
0 939.0 541.0
0 580.0 544.0
0 551.0 545.0
0 655.0 545.0
0 713.0 546.0
0 995.0 546.0
0 704.0 548.0
0 489.0 550.0
0 851.0 550.0
0 622.0 551.0
0 496.0 552.0
0 586.0 552.0
0 732.0 552.0
0 780.0 552.0
0 946.0 552.0
0 552.0 553.0
0 641.0 553.0
0 535.0 554.0
0 576.0 554.0
0 876.0 554.0
0 530.0 555.0
0 623.0 556.0
0 794.0 557.0
0 806.0 558.0
0 565.0 559.0
0 875.0 559.0
0 761.0 560.0
0 836.0 560.0
0 743.0 562.0
0 820.0 562.0
0 946.0 563.0
0 644.0 564.0
0 543.0 565.0
0 705.0 565.0
0 710.0 565.0
0 836.0 565.0
0 877.0 566.0
0 488.0 567.0
0 626.0 567.0
0 936.0 567.0
0 495.0 568.0
0 590.0 568.0
0 847.0 568.0
0 576.0 570.0
0 994.0 571.0
0 976.0 572.0
0 592.0 574.0
0 768.0 574.0
0 835.0 575.0
0 937.0 575.0
0 628.0 578.0
0 744.0 579.0
0 526.0 581.0
0 580.0 581.0
0 648.0 581.0
0 887.0 581.0
0 594.0 584.0
0 892.0 584.0
0 928.0 584.0
0 630.0 585.0
0 993.0 586.0
0 581.0 587.0
0 898.0 587.0
0 922.0 587.0
0 563.0 588.0
0 903.0 588.0
0 917.0 588.0
0 552.0 589.0
0 912.0 589.0
0 492.0 590.0
0 649.0 591.0
0 994.0 591.0
0 631.0 595.0
0 927.0 600.0
0 576.0 601.0
0 583.0 601.0
0 977.0 604.0
0 514.0 605.0
0 525.0 606.0
0 598.0 606.0
0 534.0 607.0
0 743.0 608.0
0 633.0 609.0
0 993.0 609.0
0 492.0 611.0
0 564.0 614.0
0 492.0 616.0
0 575.0 616.0
0 597.0 618.0
0 556.0 620.0
0 632.0 623.0
0 712.0 623.0
0 992.0 623.0
0 595.0 624.0
0 720.0 625.0
0 497.0 626.0
0 535.0 626.0
0 590.0 626.0
0 580.0 627.0
0 577.0 632.0
0 632.0 632.0
0 563.0 633.0
0 711.0 634.0
0 632.0 637.0
0 719.0 637.0
0 991.0 638.0
0 929.0 639.0
0 543.0 641.0
0 582.0 642.0
0 597.0 643.0
0 992.0 643.0
0 571.0 644.0
0 511.0 645.0
0 559.0 645.0
0 545.0 646.0
0 704.0 646.0
0 585.0 647.0
0 690.0 649.0
0 737.0 649.0
0 716.0 650.0
0 504.0 652.0
0 585.0 652.0
0 590.0 653.0
0 674.0 653.0
0 926.0 653.0
0 683.0 654.0
0 697.0 655.0
0 630.0 656.0
0 519.0 658.0
0 666.0 659.0
0 564.0 660.0
0 570.0 662.0
0 581.0 662.0
0 595.0 662.0
0 702.0 666.0
0 527.0 668.0
0 708.0 668.0
0 511.0 669.0
0 963.0 672.0
0 726.0 673.0
0 612.0 680.0
0 624.0 680.0
0 539.0 681.0
0 586.0 683.0
0 991.0 685.0
0 574.0 686.0
0 701.0 686.0
0 551.0 688.0
0 528.0 689.0
0 565.0 689.0
0 992.0 690.0
0 834.0 692.0
0 974.0 694.0
0 618.0 695.0
0 992.0 695.0
0 572.0 696.0
0 549.0 698.0
0 692.0 698.0
0 855.0 698.0
0 560.0 699.0
0 962.0 699.0
0 585.0 700.0
0 813.0 701.0
0 687.0 702.0
0 818.0 703.0
0 991.0 703.0
0 613.0 704.0
0 682.0 704.0
0 885.0 706.0
0 520.0 708.0
0 906.0 709.0
0 925.0 711.0
0 935.0 711.0
0 568.0 712.0
0 530.0 714.0
0 794.0 715.0
0 967.0 715.0
0 634.0 716.0
0 859.0 716.0
0 535.0 717.0
0 992.0 718.0
0 628.0 720.0
0 549.0 722.0
0 886.0 723.0
0 620.0 724.0
0 609.0 726.0
0 986.0 726.0
0 933.0 728.0
0 541.0 731.0
0 885.0 735.0
0 991.0 736.0
0 883.0 743.0
0 511.0 747.0
0 932.0 749.0
0 927.0 750.0
0 990.0 751.0
0 884.0 753.0
0 649.0 763.0
0 787.0 768.0
0 35.0 769.0
0 987.0 769.0
0 884.0 770.0
0 952.0 772.0
0 487.0 777.0
0 986.0 777.0
0 234.0 779.0
0 986.0 788.0
0 482.0 790.0
0 561.0 798.0
0 984.0 803.0
0 573.0 804.0
0 1014.0 805.0
0 1047.0 809.0
0 984.0 813.0
0 575.0 817.0
0 384.0 818.0
0 479.0 823.0
0 982.0 832.0
0 1318.0 839.0
0 981.0 847.0
0 693.0 849.0
0 781.0 856.0
0 481.0 857.0
0 486.0 858.0
0 507.0 860.0
0 983.0 863.0
0 906.0 887.0
0 1188.0 896.0
0 974.0 903.0
0 1390.0 905.0
1 864.0 117.0
1 841.0 342.0
1 931.0 343.0
1 813.0 375.0
1 1103.0 375.0
1 774.0 376.0
1 785.0 377.0
1 1114.0 377.0
1 739.0 378.0
1 701.0 379.0
1 727.0 379.0
1 734.0 379.0
1 808.0 379.0
1 689.0 380.0
1 774.0 381.0
1 765.0 382.0
1 1034.0 382.0
1 1066.0 382.0
1 1093.0 382.0
1 808.0 384.0
1 1120.0 386.0
1 716.0 387.0
1 728.0 387.0
1 957.0 387.0
1 700.0 388.0
1 806.0 391.0
1 1043.0 391.0
1 954.0 392.0
1 702.0 394.0
1 774.0 394.0
1 783.0 394.0
1 1031.0 394.0
1 707.0 395.0
1 719.0 396.0
1 672.0 397.0
1 635.0 398.0
1 651.0 398.0
1 1122.0 398.0
1 1076.0 400.0
1 747.0 402.0
1 763.0 403.0
1 779.0 403.0
1 795.0 403.0
1 841.0 406.0
1 846.0 406.0
1 852.0 406.0
1 859.0 406.0
1 864.0 406.0
1 870.0 406.0
1 875.0 406.0
1 888.0 406.0
1 818.0 407.0
1 823.0 407.0
1 832.0 407.0
1 880.0 407.0
1 906.0 407.0
1 911.0 407.0
1 916.0 407.0
1 923.0 407.0
1 930.0 407.0
1 1061.0 407.0
1 813.0 408.0
1 950.0 408.0
1 1020.0 408.0
1 1036.0 408.0
1 1115.0 409.0
1 676.0 410.0
1 939.0 410.0
1 1086.0 410.0
1 1091.0 410.0
1 1104.0 410.0
1 1135.0 410.0
1 1007.0 411.0
1 706.0 412.0
1 852.0 412.0
1 901.0 412.0
1 789.0 414.0
1 633.0 415.0
1 722.0 415.0
1 816.0 415.0
1 870.0 415.0
1 875.0 415.0
1 880.0 415.0
1 756.0 416.0
1 895.0 416.0
1 906.0 416.0
1 952.0 416.0
1 1048.0 417.0
1 1102.0 417.0
1 1116.0 417.0
1 651.0 418.0
1 839.0 418.0
1 844.0 418.0
1 1085.0 418.0
1 810.0 419.0
1 944.0 419.0
1 815.0 421.0
1 827.0 421.0
1 911.0 421.0
1 930.0 421.0
1 952.0 421.0
1 1006.0 421.0
1 1019.0 421.0
1 598.0 422.0
1 822.0 422.0
1 832.0 422.0
1 853.0 422.0
1 864.0 422.0
1 895.0 422.0
1 917.0 422.0
1 922.0 422.0
1 972.0 422.0
1 622.0 423.0
1 784.0 423.0
1 844.0 423.0
1 876.0 423.0
1 887.0 423.0
1 675.0 424.0
1 757.0 424.0
1 980.0 425.0
1 1132.0 425.0
1 1148.0 428.0
1 722.0 429.0
1 1114.0 429.0
1 1060.0 430.0
1 1088.0 430.0
1 788.0 431.0
1 804.0 431.0
1 596.0 432.0
1 756.0 432.0
1 621.0 433.0
1 958.0 433.0
1 971.0 433.0
1 779.0 436.0
1 807.0 436.0
1 827.0 436.0
1 996.0 437.0
1 1064.0 437.0
1 985.0 438.0
1 990.0 438.0
1 1008.0 438.0
1 1024.0 438.0
1 1101.0 439.0
1 1116.0 439.0
1 1151.0 440.0
1 792.0 443.0
1 767.0 444.0
1 682.0 445.0
1 996.0 445.0
1 1005.0 445.0
1 671.0 447.0
1 689.0 447.0
1 793.0 448.0
1 799.0 448.0
1 805.0 448.0
1 1058.0 448.0
1 1063.0 448.0
1 765.0 449.0
1 1072.0 449.0
1 1107.0 449.0
1 718.0 450.0
1 1079.0 450.0
1 723.0 451.0
1 1034.0 451.0
1 1048.0 451.0
1 772.0 452.0
1 969.0 452.0
1 974.0 452.0
1 954.0 453.0
1 1084.0 453.0
1 1098.0 453.0
1 732.0 454.0
1 818.0 454.0
1 823.0 454.0
1 993.0 454.0
1 661.0 455.0
1 666.0 455.0
1 693.0 455.0
1 813.0 455.0
1 869.0 455.0
1 1039.0 455.0
1 636.0 456.0
1 647.0 456.0
1 922.0 456.0
1 1028.0 456.0
1 1033.0 456.0
1 780.0 457.0
1 705.0 458.0
1 983.0 459.0
1 693.0 460.0
1 744.0 461.0
1 936.0 461.0
1 720.0 462.0
1 960.0 462.0
1 972.0 462.0
1 621.0 463.0
1 1096.0 463.0
1 612.0 464.0
1 885.0 464.0
1 603.0 465.0
1 701.0 465.0
1 1023.0 465.0
1 596.0 467.0
1 690.0 467.0
1 901.0 467.0
1 922.0 467.0
1 1028.0 467.0
1 637.0 468.0
1 649.0 468.0
1 659.0 468.0
1 667.0 468.0
1 672.0 468.0
1 1009.0 468.0
1 1099.0 468.0
1 800.0 469.0
1 973.0 469.0
1 681.0 470.0
1 931.0 470.0
1 624.0 471.0
1 745.0 471.0
1 911.0 471.0
1 596.0 472.0
1 917.0 472.0
1 1027.0 472.0
1 721.0 473.0
1 960.0 473.0
1 790.0 474.0
1 604.0 475.0
1 871.0 475.0
1 619.0 476.0
1 627.0 476.0
1 1020.0 476.0
1 632.0 477.0
1 1027.0 477.0
1 701.0 478.0
1 932.0 478.0
1 738.0 479.0
1 758.0 479.0
1 717.0 481.0
1 939.0 481.0
1 1001.0 482.0
1 976.0 483.0
1 1012.0 483.0
1 1024.0 483.0
1 604.0 485.0
1 1149.0 485.0
1 594.0 486.0
1 620.0 486.0
1 710.0 486.0
1 1104.0 486.0
1 1109.0 486.0
1 1116.0 486.0
1 1027.0 488.0
1 726.0 489.0
1 715.0 490.0
1 720.0 490.0
1 1013.0 491.0
1 1131.0 491.0
1 637.0 492.0
1 1103.0 492.0
1 671.0 493.0
1 766.0 493.0
1 986.0 493.0
1 959.0 494.0
1 618.0 495.0
1 755.0 495.0
1 1030.0 495.0
1 1122.0 496.0
1 1101.0 497.0
1 592.0 498.0
1 608.0 498.0
1 1045.0 498.0
1 1149.0 498.0
1 808.0 499.0
1 887.0 499.0
1 1031.0 500.0
1 993.0 501.0
1 1142.0 502.0
1 967.0 503.0
1 1130.0 503.0
1 596.0 505.0
1 845.0 506.0
1 856.0 506.0
1 861.0 506.0
1 866.0 506.0
1 917.0 506.0
1 1027.0 506.0
1 1151.0 506.0
1 613.0 507.0
1 729.0 508.0
1 877.0 509.0
1 1120.0 509.0
1 897.0 510.0
1 974.0 510.0
1 1142.0 510.0
1 808.0 511.0
1 823.0 512.0
1 832.0 512.0
1 1041.0 512.0
1 1090.0 512.0
1 1128.0 512.0
1 1155.0 512.0
1 868.0 513.0
1 1018.0 513.0
1 1033.0 513.0
1 1160.0 514.0
1 844.0 515.0
1 857.0 515.0
1 839.0 516.0
1 1084.0 516.0
1 1050.0 517.0
1 1149.0 517.0
1 686.0 518.0
1 909.0 518.0
1 934.0 518.0
1 1129.0 518.0
1 1141.0 518.0
1 716.0 519.0
1 1055.0 519.0
1 1079.0 519.0
1 827.0 520.0
1 1039.0 520.0
1 1073.0 520.0
1 792.0 521.0
1 804.0 521.0
1 813.0 521.0
1 923.0 521.0
1 1063.0 521.0
1 1068.0 521.0
1 656.0 522.0
1 686.0 524.0
1 717.0 524.0
1 729.0 524.0
1 750.0 524.0
1 929.0 524.0
1 706.0 526.0
1 1120.0 527.0
1 1163.0 527.0
1 798.0 528.0
1 919.0 528.0
1 810.0 529.0
1 691.0 530.0
1 939.0 531.0
1 737.0 533.0
1 927.0 533.0
1 1165.0 533.0
1 684.0 534.0
1 696.0 535.0
1 1118.0 535.0
1 801.0 536.0
1 851.0 536.0
1 1106.0 536.0
1 1138.0 536.0
1 789.0 538.0
1 838.0 538.0
1 933.0 538.0
1 946.0 538.0
1 1164.0 538.0
1 1002.0 540.0
1 733.0 543.0
1 793.0 543.0
1 950.0 543.0
1 1118.0 543.0
1 1162.0 543.0
1 840.0 544.0
1 1027.0 544.0
1 1065.0 544.0
1 1098.0 544.0
1 695.0 546.0
1 835.0 547.0
1 942.0 547.0
1 1047.0 547.0
1 1060.0 547.0
1 1079.0 548.0
1 1160.0 548.0
1 840.0 549.0
1 1088.0 549.0
1 1148.0 549.0
1 957.0 551.0
1 686.0 552.0
1 703.0 552.0
1 717.0 552.0
1 1120.0 552.0
1 730.0 553.0
1 818.0 555.0
1 951.0 556.0
1 596.0 558.0
1 962.0 558.0
1 622.0 559.0
1 686.0 560.0
1 769.0 560.0
1 1126.0 560.0
1 727.0 562.0
1 774.0 562.0
1 954.0 562.0
1 779.0 563.0
1 1147.0 563.0
1 885.0 565.0
1 892.0 569.0
1 962.0 569.0
1 968.0 569.0
1 835.0 572.0
1 763.0 574.0
1 772.0 576.0
1 798.0 577.0
1 824.0 579.0
1 814.0 580.0
1 717.0 581.0
1 839.0 581.0
1 859.0 583.0
1 761.0 584.0
1 898.0 584.0
1 903.0 584.0
1 686.0 586.0
1 910.0 586.0
1 719.0 587.0
1 724.0 589.0
1 1024.0 590.0
1 758.0 593.0
1 809.0 593.0
1 769.0 594.0
1 831.0 594.0
1 724.0 597.0
1 809.0 598.0
1 941.0 598.0
1 971.0 599.0
1 977.0 600.0
1 826.0 603.0
1 901.0 605.0
1 991.0 605.0
1 735.0 606.0
1 906.0 606.0
1 947.0 606.0
1 910.0 611.0
1 979.0 612.0
1 1024.0 612.0
1 811.0 616.0
1 735.0 618.0
1 768.0 618.0
1 725.0 619.0
1 882.0 619.0
1 967.0 620.0
1 760.0 621.0
1 796.0 621.0
1 978.0 622.0
1 1023.0 623.0
1 992.0 630.0
1 836.0 631.0
1 909.0 631.0
1 795.0 633.0
1 904.0 633.0
1 1021.0 633.0
1 936.0 635.0
1 821.0 636.0
1 977.0 636.0
1 925.0 637.0
1 762.0 639.0
1 898.0 639.0
1 599.0 641.0
1 940.0 641.0
1 976.0 641.0
1 1018.0 643.0
1 772.0 644.0
1 962.0 646.0
1 974.0 646.0
1 730.0 647.0
1 625.0 648.0
1 763.0 648.0
1 907.0 652.0
1 922.0 652.0
1 893.0 654.0
1 1015.0 654.0
1 933.0 655.0
1 971.0 655.0
1 598.0 656.0
1 776.0 657.0
1 769.0 660.0
1 625.0 662.0
1 878.0 662.0
1 908.0 663.0
1 1011.0 664.0
1 953.0 665.0
1 965.0 667.0
1 898.0 668.0
1 738.0 669.0
1 951.0 670.0
1 917.0 671.0
1 847.0 672.0
1 1007.0 672.0
1 600.0 674.0
1 871.0 674.0
1 960.0 676.0
1 944.0 678.0
1 791.0 679.0
1 624.0 680.0
1 1000.0 683.0
1 787.0 684.0
1 792.0 684.0
1 874.0 684.0
1 1139.0 684.0
1 746.0 687.0
1 955.0 687.0
1 1104.0 688.0
1 791.0 689.0
1 971.0 691.0
1 599.0 693.0
1 811.0 694.0
1 803.0 695.0
1 949.0 695.0
1 599.0 698.0
1 625.0 699.0
1 820.0 700.0
1 915.0 700.0
1 988.0 700.0
1 804.0 701.0
1 1138.0 702.0
1 599.0 703.0
1 790.0 703.0
1 814.0 703.0
1 826.0 704.0
1 1105.0 705.0
1 834.0 706.0
1 906.0 706.0
1 900.0 707.0
1 763.0 708.0
1 889.0 708.0
1 894.0 708.0
1 845.0 709.0
1 822.0 711.0
1 626.0 713.0
1 923.0 713.0
1 829.0 714.0
1 910.0 715.0
1 871.0 716.0
1 805.0 717.0
1 837.0 717.0
1 901.0 718.0
1 895.0 719.0
1 890.0 720.0
1 779.0 721.0
1 871.0 721.0
1 627.0 722.0
1 932.0 722.0
1 600.0 725.0
1 1138.0 725.0
1 834.0 728.0
1 1241.0 728.0
1 702.0 729.0
1 919.0 729.0
1 862.0 734.0
1 804.0 737.0
1 309.0 739.0
1 599.0 739.0
1 329.0 741.0
1 907.0 741.0
1 340.0 742.0
1 852.0 743.0
1 875.0 743.0
1 1136.0 743.0
1 862.0 746.0
1 1466.0 748.0
1 599.0 750.0
1 365.0 754.0
1 174.0 756.0
1 774.0 758.0
1 779.0 760.0
1 1346.0 760.0
1 600.0 762.0
1 1136.0 763.0
1 145.0 768.0
1 505.0 770.0
1 1136.0 773.0
1 449.0 775.0
1 520.0 778.0
1 408.0 779.0
1 599.0 779.0
1 394.0 786.0
1 748.0 786.0
1 354.0 787.0
1 446.0 788.0
1 1134.0 791.0
1 1133.0 796.0
1 598.0 806.0
1 547.0 810.0
1 355.0 814.0
1 1027.0 825.0
1 1130.0 825.0
1 1141.0 826.0
1 151.0 827.0
1 1131.0 837.0
1 955.0 867.0
1 1137.0 881.0
1 891.0 890.0
1 724.0 906.0
