0 0 0 277.1165646907796
0 3 2 197.1076525000523
0 4 3 154.09472740500453
0 2 4 177.81559370852293
0 5 5 142.7627890266804
0 6 6 222.6758827484622
0 8 7 151.24532609999878
0 10 8 143.27781464221147
0 11 9 164.4498616696195
0 12 11 130.91326766295865
0 15 12 331.79795609790295
0 13 13 203.76238383738277
0 19 14 299.73104589995734
0 16 15 222.65210853556664
0 14 16 279.9945961087811
0 18 17 229.86426852053688
0 24 19 138.46383789879025
0 20 21 192.1511222720292
0 21 22 147.005127807909
0 22 23 120.73327917424884
0 27 24 232.47659069023402
0 43 25 368.65932851337845
0 23 26 224.55210115194402
0 25 28 207.1161128446693
0 28 29 131.09111062597094
0 34 30 266.32966193538226
0 26 31 123.52498074111531
0 35 32 112.50204354511322
0 31 36 152.00556516041422
0 32 37 196.22144375580106
0 40 39 280.6222752709006
0 42 40 219.7982669083277
0 37 41 154.24301185275678
0 44 43 192.1184030502197
0 46 45 197.38539776286882
0 38 46 202.30003142923306
0 39 47 149.42204241101746
0 36 48 178.5252347602683
0 50 49 176.62878659470357
0 47 51 131.42652304591635
0 49 52 123.0292059522871
0 86 55 348.4715336361468
0 60 56 189.8882981781733
0 62 57 295.6322774414261
0 54 58 116.66196835418832
0 65 59 452.02176234353175
0 83 61 138.26293650807386
0 73 62 476.462212094379
0 75 63 449.6690410657102
0 87 64 246.8696719428733
0 51 65 190.6533232649856
0 88 66 131.55586865158187
0 58 67 220.14020061669166
0 55 68 269.9603649156773
0 53 69 235.75593076197285
0 78 70 270.6651522175438
0 59 71 225.11568780665448
0 93 72 137.122408432515
0 81 74 419.9330335953991
0 82 76 369.32792736548885
0 68 77 168.988522486002
0 95 78 163.08648945419367
0 79 79 200.83659088555743
0 80 80 325.82072186897545
0 94 81 192.03176306627867
0 103 82 223.54624361003684
0 104 84 208.34437216032464
0 114 85 181.0052160377382
0 115 86 163.8953787119476
0 105 87 116.54187739552229
0 116 90 176.81948245897857
0 101 91 267.92158240494734
0 99 92 238.01821354287333
0 120 93 143.19517172957262
0 117 94 185.29251200155855
0 118 95 107.68313133405276
0 111 97 214.4560594752867
0 97 98 259.55445762062624
0 98 100 262.4727881785668
0 121 101 151.010683843577
0 123 102 119.27418925414317
0 107 103 156.84974012659632
0 126 104 189.7362567668372
0 89 105 228.90424266238801
0 132 106 202.55679232020586
0 124 107 129.9690199430195
0 106 109 304.3309507956863
0 112 110 219.9038252641037
0 136 112 116.3589070878772
0 129 113 135.57478824641439
0 135 114 183.65507313104058
0 139 116 140.1467775719593
0 130 117 279.79119577135
0 140 119 113.13333148118127
0 108 120 270.0229316158871
0 128 121 164.1020665130555
0 131 122 115.41596818558556
0 152 123 295.6108685503563
0 146 124 119.98803925532992
0 137 125 277.44128902289566
0 160 126 246.03282854260823
0 150 127 135.80946930403098
0 138 128 158.65587287267266
0 141 129 206.3312641030775
0 134 130 176.4588219492722
0 143 131 272.27936538643024
0 145 132 191.07034115587584
0 158 133 110.02811691437047
0 157 134 183.18049745142508
0 170 135 419.17601255737924
0 155 136 138.98529038124326
0 173 138 196.20040133031443
0 177 139 287.23813313197076
0 153 140 117.01112096982189
0 164 141 110.76298386632506
0 154 142 343.66136077863894
0 151 144 180.00275306143973
0 163 146 121.21333148858126
0 184 151 448.0018286207452
0 174 152 139.63109136642873
0 172 153 177.12825136537023
0 165 154 199.58852720386224
0 179 155 294.00943124268684
0 187 158 122.55610301008434
0 188 159 136.82523384645873
0 182 162 267.06088295300555
0 190 163 141.36934293972993
0 156 165 202.01190526790705
0 189 168 210.41172857524924
0 217 169 249.1143095819798
0 185 170 146.92664796646224
0 194 171 225.9767252492032
0 225 172 412.33032943360917
0 213 173 208.83362191717802
0 191 175 202.6997000380276
0 169 176 178.6930196335056
0 180 178 134.58774740217785
0 205 180 124.90151392652189
0 192 181 174.87992730125396
0 195 183 162.7095341981904
0 209 185 228.24647417679546
0 183 186 214.788147001435
0 212 191 267.62000713346407
0 201 192 183.6773914620946
0 234 193 259.429255254952
0 232 195 186.87217849143062
0 193 196 119.50606316110088
0 242 199 236.55658027934243
0 235 201 431.3172610999554
0 247 202 413.2522784373615
0 224 203 252.41087875828146
0 221 204 207.09557046830747
0 236 205 307.6579284712319
0 239 207 248.37630724539758
0 246 211 307.67584217314607
0 229 212 176.50755415672725
0 249 213 314.159483928956
0 218 217 190.02570982925542
0 251 218 243.6273329590705
0 277 220 304.76719179913056
0 250 221 319.7077561528468
0 252 223 307.087784755412
0 245 225 371.4440945865106
0 222 226 133.3726893103448
0 269 227 286.74002139797847
0 258 228 440.50721085949067
0 237 230 244.87061629113728
0 253 231 371.9336376246478
0 254 232 227.6739504565498
0 261 234 218.41154221858199
0 279 235 243.21540043804882
0 240 237 236.0546997699914
0 238 239 152.99649308136824
0 271 242 382.83828593706374
0 275 243 286.98816157001386
0 280 244 161.5306325127698
0 267 246 221.54571340247819
0 276 248 170.5895314059347
0 260 250 260.2946472026637
0 270 251 449.29098058696695
0 255 253 115.64905152386015
0 295 255 197.42218915878192
0 287 257 179.98120289661196
0 264 261 126.00622489925154
0 263 262 144.8994112031186
0 301 264 185.45222978094324
0 281 265 244.1942000803442
0 265 266 151.088472297006
0 290 267 309.22782601739794
0 288 268 153.42898904519967
0 262 269 136.5603386737449
0 298 271 211.01940543529284
0 308 273 326.60968348158286
0 307 274 177.98482231345253
0 314 275 253.68242278790927
0 292 276 270.8309230143512
0 272 278 142.83217652423306
0 293 279 203.80300228071295
0 274 280 159.24456573169786
0 299 281 342.6413124482149
0 283 283 153.02458404017096
0 313 284 198.97030604766118
0 318 285 275.1179386737754
0 312 286 146.24116153229684
0 285 288 110.36356950539312
0 303 289 248.23517009261167
0 324 290 303.09215232311806
0 326 291 168.2431061026024
0 286 295 204.83181744234562
0 327 296 198.98701412069676
0 305 297 139.6859641516995
0 297 298 209.22325075520862
0 289 299 160.12691638966697
0 268 301 368.2341602856988
0 284 303 127.54359609317336
0 341 304 191.3949692416718
0 332 306 187.08500075325918
0 294 307 129.76844554997112
0 319 309 114.80319446707321
0 338 310 250.8003398176029
0 300 311 165.37517907938755
0 339 312 273.56932358299616
0 309 314 206.92124587753855
0 310 315 175.1772162498713
0 322 316 134.48041666670008
0 344 317 116.0119856533392
0 320 319 135.89289603659057
0 306 321 211.31836678964964
0 304 322 246.92275539699642
0 335 326 237.44823356894807
0 328 327 158.82360904278508
0 330 328 214.10712594778545
0 333 329 176.08000186394503
0 348 330 259.24919913781474
0 329 331 241.05609284527225
0 354 332 167.78204236229516
0 317 334 183.98866318938383
0 353 335 342.37315806143005
0 352 336 235.6900725984071
0 343 338 153.51424790058678
0 323 340 138.81764501218166
0 334 341 142.0881377199725
0 367 342 118.13494939844686
0 363 343 172.78268508477333
0 364 345 360.793787725793
0 350 346 175.69093705304212
0 373 347 122.45276958147997
0 346 350 182.9955207740926
0 361 353 141.03343383282697
0 357 354 109.5866187558248
0 331 355 176.7089873116007
0 362 356 115.23246099973674
0 386 357 142.44537272881644
0 388 360 132.64839141089598
0 390 361 440.3035107893901
0 356 362 166.92634421386833
0 359 363 108.1690466301427
0 377 365 392.15929919461934
0 389 367 196.13248598144827
0 383 368 225.5461276357936
0 360 372 400.9594031739841
0 370 373 120.20914990719862
0 397 374 394.66219026344663
0 366 375 200.09271626330798
0 378 376 114.77462233533147
0 365 377 188.46755618343565
0 380 378 245.43452960584472
0 374 379 107.50792569982421
0 409 382 190.13801913572803
0 387 384 198.14185791768898
0 384 385 210.50123793510443
0 381 386 129.99766073860067
0 412 387 157.9218627706143
0 408 388 383.98129485650895
0 369 389 150.79122806670645
0 413 390 150.13288249007084
0 382 395 296.1839858450699
0 393 398 148.74429848199784
0 376 399 164.99592211490244
0 395 401 182.2947634800173
0 422 402 218.66423897789437
0 394 405 130.5197789726529
0 421 406 389.0685595511658
0 400 407 160.49009832749795
0 396 408 149.67948732246143
0 402 412 175.98866604364594
0 403 413 195.73531866925964
0 405 415 193.30436052014645
0 423 417 239.21336218343083
0 406 418 218.3602032752828
0 430 419 111.9205864384442
0 416 423 117.157055191247
0 431 424 493.75274848209483
0 438 427 146.06088180042335
0 436 430 185.5059131252617
0 415 433 245.69682424431298
0 442 434 151.30375951227734
0 447 435 325.85584371240526
0 452 436 151.11672443472023
0 456 439 184.50245518062303
0 441 441 128.21666495606323
0 443 444 129.03294677784416
0 463 445 119.04605157422662
0 466 446 151.01716768639673
0 467 449 360.355015033572
0 468 451 140.6026754642565
0 457 452 123.34140405218017
0 475 457 315.1004455429506
0 469 459 323.5729617065578
0 478 462 130.79932428365743
0 470 463 239.82257046260776
0 479 464 163.8978123924181
0 464 468 241.56387159829583
0 488 470 198.31578554179868
0 459 474 111.18933948073384
0 490 477 277.16360396594746
0 513 478 349.2533886374932
0 499 480 235.76527344632413
0 500 481 250.10815096546511
0 494 482 333.8592322968282
0 492 486 310.9320288577236
0 538 487 363.33686515810643
0 512 489 169.3326962622133
0 533 491 247.67946140412533
0 543 492 236.81005980234514
0 535 493 303.6212754752561
0 480 494 201.70216546614128
0 540 495 185.56280872356285
0 548 497 269.3195350786305
0 562 498 135.33793633963555
0 546 499 250.28948813348163
0 487 500 255.2226022968978
0 493 502 137.05913939536433
0 556 505 273.64863768298903
0 567 506 254.55073178410424
0 528 507 201.0436471918152
0 566 509 262.568930890891
0 505 510 155.2753225459235
0 563 511 282.4278109281507
0 521 512 167.24592071048446
0 506 515 226.96981409332224
0 523 518 115.14573465594916
0 525 522 139.65319805202236
0 551 525 104.18783501434994
0 526 526 177.66980739747953
0 568 527 236.32376403678106
0 537 530 238.5130070513045
0 578 532 259.233856924284
0 552 533 129.0493728836583
0 577 534 433.43092314276134
0 576 535 188.50952760302607
0 547 536 134.87093491196563
0 554 537 126.3827364173076
0 586 538 289.41368822696415
0 570 539 124.21534222229988
0 558 540 125.90736828170289
0 574 541 122.98034487563694
0 587 542 151.86776296333576
0 575 543 161.2214425890118
0 572 545 135.0402419086365
0 579 546 108.20314661560109
0 610 549 183.60830266120814
0 580 550 196.79312390663748
0 583 551 107.05989565734994
0 585 556 199.17659222581398
0 598 557 180.49756309372088
0 588 559 224.89681749698036
0 596 560 137.50486428361847
0 591 563 317.18255826549864
0 606 571 330.7270164241689
0 614 576 421.8227413134378
0 604 577 110.57907175149407

0 1142.0 65.0
0 1143.0 72.0
0 734.0 337.0
0 774.0 337.0
0 818.0 337.0
0 675.0 338.0
0 765.0 338.0
0 775.0 346.0
0 796.0 351.0
0 820.0 354.0
0 808.0 362.0
0 835.0 363.0
0 748.0 364.0
0 759.0 365.0
0 739.0 368.0
0 776.0 368.0
0 949.0 370.0
0 628.0 371.0
0 776.0 373.0
0 604.0 374.0
0 761.0 375.0
0 869.0 375.0
0 878.0 377.0
0 934.0 377.0
0 619.0 378.0
0 775.0 378.0
0 956.0 378.0
0 857.0 379.0
0 726.0 380.0
0 743.0 380.0
0 947.0 380.0
0 785.0 381.0
0 708.0 382.0
0 735.0 382.0
0 765.0 383.0
0 615.0 384.0
0 874.0 385.0
0 894.0 385.0
0 899.0 385.0
0 603.0 387.0
0 610.0 387.0
0 724.0 387.0
0 753.0 388.0
0 587.0 389.0
0 704.0 391.0
0 740.0 392.0
0 853.0 394.0
0 949.0 394.0
0 964.0 394.0
0 731.0 395.0
0 930.0 396.0
0 867.0 397.0
0 888.0 398.0
0 718.0 399.0
0 918.0 400.0
0 588.0 401.0
0 616.0 401.0
0 629.0 401.0
0 753.0 401.0
0 644.0 402.0
0 657.0 402.0
0 605.0 403.0
0 673.0 403.0
0 682.0 404.0
0 697.0 405.0
0 950.0 405.0
0 742.0 407.0
0 859.0 407.0
0 941.0 407.0
0 970.0 407.0
0 840.0 408.0
0 935.0 408.0
0 557.0 409.0
0 882.0 409.0
0 892.0 409.0
0 897.0 409.0
0 902.0 409.0
0 918.0 409.0
0 662.0 410.0
0 871.0 410.0
0 887.0 410.0
0 650.0 411.0
0 588.0 412.0
0 670.0 412.0
0 615.0 415.0
0 625.0 415.0
0 636.0 416.0
0 744.0 416.0
0 936.0 416.0
0 971.0 416.0
0 644.0 417.0
0 851.0 417.0
0 918.0 417.0
0 659.0 418.0
0 684.0 418.0
0 696.0 418.0
0 861.0 418.0
0 866.0 418.0
0 883.0 418.0
0 894.0 418.0
0 900.0 418.0
0 676.0 419.0
0 713.0 419.0
0 839.0 419.0
0 557.0 420.0
0 946.0 420.0
0 600.0 422.0
0 770.0 423.0
0 605.0 424.0
0 782.0 425.0
0 968.0 425.0
0 993.0 425.0
0 728.0 427.0
0 799.0 427.0
0 610.0 428.0
0 622.0 429.0
0 701.0 429.0
0 838.0 429.0
0 867.0 429.0
0 712.0 430.0
0 994.0 430.0
0 932.0 431.0
0 890.0 432.0
0 591.0 433.0
0 719.0 433.0
0 862.0 433.0
0 581.0 434.0
0 699.0 434.0
0 814.0 435.0
0 932.0 437.0
0 996.0 437.0
0 802.0 438.0
0 861.0 438.0
0 656.0 439.0
0 765.0 441.0
0 609.0 442.0
0 870.0 442.0
0 601.0 443.0
0 614.0 443.0
0 630.0 443.0
0 889.0 443.0
0 743.0 444.0
0 828.0 444.0
0 909.0 444.0
0 934.0 444.0
0 579.0 445.0
0 719.0 445.0
0 815.0 445.0
0 620.0 446.0
0 625.0 446.0
0 971.0 446.0
0 560.0 447.0
0 672.0 447.0
0 865.0 448.0
0 835.0 449.0
0 784.0 450.0
0 808.0 450.0
0 554.0 451.0
0 704.0 451.0
0 715.0 451.0
0 779.0 451.0
0 574.0 452.0
0 774.0 452.0
0 720.0 453.0
0 737.0 454.0
0 967.0 454.0
0 978.0 454.0
0 586.0 455.0
0 637.0 455.0
0 647.0 455.0
0 794.0 455.0
0 802.0 455.0
0 547.0 456.0
0 701.0 456.0
0 742.0 456.0
0 747.0 456.0
0 863.0 456.0
0 532.0 457.0
0 887.0 457.0
0 524.0 458.0
0 728.0 458.0
0 837.0 458.0
0 595.0 460.0
0 830.0 460.0
0 660.0 461.0
0 766.0 461.0
0 996.0 461.0
0 518.0 462.0
0 708.0 462.0
0 600.0 463.0
0 639.0 464.0
0 695.0 464.0
0 807.0 464.0
0 584.0 465.0
0 650.0 465.0
0 740.0 465.0
0 967.0 465.0
0 512.0 466.0
0 996.0 466.0
0 548.0 467.0
0 543.0 468.0
0 607.0 468.0
0 697.0 469.0
0 762.0 469.0
0 809.0 469.0
0 656.0 471.0
0 688.0 471.0
0 673.0 472.0
0 750.0 472.0
0 977.0 472.0
0 591.0 473.0
0 683.0 473.0
0 832.0 473.0
0 583.0 474.0
0 816.0 475.0
0 821.0 475.0
0 826.0 475.0
0 997.0 475.0
0 666.0 476.0
0 703.0 476.0
0 512.0 477.0
0 596.0 477.0
0 693.0 478.0
0 723.0 478.0
0 583.0 479.0
0 619.0 479.0
0 967.0 479.0
0 500.0 481.0
0 642.0 481.0
0 741.0 481.0
0 760.0 481.0
0 707.0 482.0
0 751.0 482.0
0 651.0 483.0
0 674.0 483.0
0 544.0 487.0
0 743.0 487.0
0 815.0 487.0
0 820.0 487.0
0 837.0 487.0
0 687.0 488.0
0 490.0 490.0
0 715.0 490.0
0 598.0 491.0
0 608.0 491.0
0 730.0 491.0
0 759.0 491.0
0 671.0 492.0
0 679.0 492.0
0 744.0 492.0
0 816.0 492.0
0 635.0 493.0
0 706.0 494.0
0 966.0 494.0
0 486.0 495.0
0 524.0 495.0
0 552.0 495.0
0 615.0 496.0
0 760.0 496.0
0 693.0 497.0
0 720.0 497.0
0 886.0 497.0
0 950.0 497.0
0 635.0 498.0
0 514.0 499.0
0 816.0 499.0
0 933.0 499.0
0 625.0 500.0
0 684.0 500.0
0 996.0 500.0
0 501.0 501.0
0 542.0 501.0
0 640.0 501.0
0 481.0 502.0
0 526.0 503.0
0 559.0 503.0
0 709.0 503.0
0 717.0 503.0
0 978.0 503.0
0 762.0 504.0
0 913.0 504.0
0 600.0 505.0
0 815.0 505.0
0 904.0 505.0
0 510.0 506.0
0 519.0 506.0
0 547.0 509.0
0 681.0 509.0
0 850.0 509.0
0 707.0 510.0
0 476.0 511.0
0 514.0 511.0
0 715.0 511.0
0 724.0 511.0
0 836.0 511.0
0 919.0 511.0
0 557.0 512.0
0 702.0 512.0
0 813.0 512.0
0 914.0 512.0
0 643.0 513.0
0 879.0 514.0
0 897.0 514.0
0 966.0 514.0
0 541.0 515.0
0 634.0 515.0
0 474.0 516.0
0 950.0 516.0
0 607.0 517.0
0 692.0 518.0
0 572.0 519.0
0 929.0 519.0
0 636.0 520.0
0 647.0 520.0
0 770.0 520.0
0 808.0 520.0
0 836.0 520.0
0 501.0 521.0
0 611.0 524.0
0 730.0 524.0
0 648.0 525.0
0 901.0 525.0
0 896.0 526.0
0 915.0 526.0
0 778.0 527.0
0 927.0 527.0
0 722.0 528.0
0 800.0 528.0
0 783.0 529.0
0 791.0 530.0
0 852.0 530.0
0 902.0 530.0
0 540.0 531.0
0 860.0 532.0
0 924.0 532.0
0 571.0 533.0
0 576.0 533.0
0 995.0 533.0
0 882.0 535.0
0 905.0 536.0
0 938.0 536.0
0 915.0 537.0
0 492.0 539.0
0 528.0 539.0
0 617.0 539.0
0 603.0 540.0
0 878.0 540.0
0 497.0 541.0
0 638.0 541.0
0 837.0 541.0
0 939.0 541.0
0 580.0 544.0
0 551.0 545.0
0 655.0 545.0
0 713.0 546.0
0 995.0 546.0
0 704.0 548.0
0 489.0 550.0
0 851.0 550.0
0 622.0 551.0
0 496.0 552.0
0 586.0 552.0
0 732.0 552.0
0 780.0 552.0
0 946.0 552.0
0 552.0 553.0
0 641.0 553.0
0 535.0 554.0
0 576.0 554.0
0 876.0 554.0
0 530.0 555.0
0 623.0 556.0
0 794.0 557.0
0 806.0 558.0
0 565.0 559.0
0 875.0 559.0
0 761.0 560.0
0 836.0 560.0
0 743.0 562.0
0 820.0 562.0
0 946.0 563.0
0 644.0 564.0
0 543.0 565.0
0 705.0 565.0
0 710.0 565.0
0 836.0 565.0
0 877.0 566.0
0 488.0 567.0
0 626.0 567.0
0 936.0 567.0
0 495.0 568.0
0 590.0 568.0
0 847.0 568.0
0 576.0 570.0
0 994.0 571.0
0 976.0 572.0
0 592.0 574.0
0 768.0 574.0
0 835.0 575.0
0 937.0 575.0
0 628.0 578.0
0 744.0 579.0
0 526.0 581.0
0 580.0 581.0
0 648.0 581.0
0 887.0 581.0
0 594.0 584.0
0 892.0 584.0
0 928.0 584.0
0 630.0 585.0
0 993.0 586.0
0 581.0 587.0
0 898.0 587.0
0 922.0 587.0
0 563.0 588.0
0 903.0 588.0
0 917.0 588.0
0 552.0 589.0
0 912.0 589.0
0 492.0 590.0
0 649.0 591.0
0 994.0 591.0
0 631.0 595.0
0 927.0 600.0
0 576.0 601.0
0 583.0 601.0
0 977.0 604.0
0 514.0 605.0
0 525.0 606.0
0 598.0 606.0
0 534.0 607.0
0 743.0 608.0
0 633.0 609.0
0 993.0 609.0
0 492.0 611.0
0 564.0 614.0
0 492.0 616.0
0 575.0 616.0
0 597.0 618.0
0 556.0 620.0
0 632.0 623.0
0 712.0 623.0
0 992.0 623.0
0 595.0 624.0
0 720.0 625.0
0 497.0 626.0
0 535.0 626.0
0 590.0 626.0
0 580.0 627.0
0 577.0 632.0
0 632.0 632.0
0 563.0 633.0
0 711.0 634.0
0 632.0 637.0
0 719.0 637.0
0 991.0 638.0
0 929.0 639.0
0 543.0 641.0
0 582.0 642.0
0 597.0 643.0
0 992.0 643.0
0 571.0 644.0
0 511.0 645.0
0 559.0 645.0
0 545.0 646.0
0 704.0 646.0
0 585.0 647.0
0 690.0 649.0
0 737.0 649.0
0 716.0 650.0
0 504.0 652.0
0 585.0 652.0
0 590.0 653.0
0 674.0 653.0
0 926.0 653.0
0 683.0 654.0
0 697.0 655.0
0 630.0 656.0
0 519.0 658.0
0 666.0 659.0
0 564.0 660.0
0 570.0 662.0
0 581.0 662.0
0 595.0 662.0
0 702.0 666.0
0 527.0 668.0
0 708.0 668.0
0 511.0 669.0
0 963.0 672.0
0 726.0 673.0
0 612.0 680.0
0 624.0 680.0
0 539.0 681.0
0 586.0 683.0
0 991.0 685.0
0 574.0 686.0
0 701.0 686.0
0 551.0 688.0
0 528.0 689.0
0 565.0 689.0
0 992.0 690.0
0 834.0 692.0
0 974.0 694.0
0 618.0 695.0
0 992.0 695.0
0 572.0 696.0
0 549.0 698.0
0 692.0 698.0
0 855.0 698.0
0 560.0 699.0
0 962.0 699.0
0 585.0 700.0
0 813.0 701.0
0 687.0 702.0
0 818.0 703.0
0 991.0 703.0
0 613.0 704.0
0 682.0 704.0
0 885.0 706.0
0 520.0 708.0
0 906.0 709.0
0 925.0 711.0
0 935.0 711.0
0 568.0 712.0
0 530.0 714.0
0 794.0 715.0
0 967.0 715.0
0 634.0 716.0
0 859.0 716.0
0 535.0 717.0
0 992.0 718.0
0 628.0 720.0
0 549.0 722.0
0 886.0 723.0
0 620.0 724.0
0 609.0 726.0
0 986.0 726.0
0 933.0 728.0
0 541.0 731.0
0 885.0 735.0
0 991.0 736.0
0 883.0 743.0
0 511.0 747.0
0 932.0 749.0
0 927.0 750.0
0 990.0 751.0
0 884.0 753.0
0 649.0 763.0
0 787.0 768.0
0 35.0 769.0
0 987.0 769.0
0 884.0 770.0
0 952.0 772.0
0 487.0 777.0
0 986.0 777.0
0 234.0 779.0
0 986.0 788.0
0 482.0 790.0
0 561.0 798.0
0 984.0 803.0
0 573.0 804.0
0 1014.0 805.0
0 1047.0 809.0
0 984.0 813.0
0 575.0 817.0
0 384.0 818.0
0 479.0 823.0
0 982.0 832.0
0 1318.0 839.0
0 981.0 847.0
0 693.0 849.0
0 781.0 856.0
0 481.0 857.0
0 486.0 858.0
0 507.0 860.0
0 983.0 863.0
0 906.0 887.0
0 1188.0 896.0
0 974.0 903.0
0 1390.0 905.0
1 1050.0 94.0
1 895.0 191.0
1 870.0 363.0
1 811.0 364.0
1 838.0 364.0
1 738.0 367.0
1 828.0 368.0
1 833.0 368.0
1 840.0 372.0
1 874.0 373.0
1 855.0 377.0
1 871.0 380.0
1 887.0 388.0
1 835.0 393.0
1 1031.0 393.0
1 828.0 394.0
1 849.0 396.0
1 699.0 398.0
1 672.0 401.0
1 819.0 401.0
1 944.0 401.0
1 968.0 401.0
1 1017.0 401.0
1 1037.0 401.0
1 636.0 403.0
1 818.0 407.0
1 858.0 408.0
1 686.0 409.0
1 830.0 409.0
1 660.0 410.0
1 960.0 410.0
1 965.0 410.0
1 983.0 410.0
1 818.0 412.0
1 1034.0 412.0
1 804.0 413.0
1 1045.0 416.0
1 818.0 417.0
1 938.0 417.0
1 1033.0 417.0
1 620.0 418.0
1 645.0 418.0
1 678.0 418.0
1 854.0 418.0
1 608.0 419.0
1 656.0 420.0
1 830.0 420.0
1 954.0 422.0
1 964.0 423.0
1 976.0 423.0
1 827.0 425.0
1 1033.0 425.0
1 944.0 426.0
1 1051.0 429.0
1 841.0 430.0
1 1030.0 430.0
1 621.0 431.0
1 926.0 431.0
1 943.0 431.0
1 1017.0 432.0
1 687.0 433.0
1 692.0 433.0
1 704.0 433.0
1 709.0 433.0
1 714.0 433.0
1 719.0 433.0
1 737.0 433.0
1 743.0 433.0
1 1002.0 433.0
1 645.0 434.0
1 699.0 434.0
1 726.0 434.0
1 732.0 434.0
1 760.0 434.0
1 765.0 434.0
1 774.0 434.0
1 785.0 434.0
1 790.0 434.0
1 915.0 434.0
1 957.0 434.0
1 977.0 434.0
1 982.0 434.0
1 988.0 434.0
1 672.0 435.0
1 682.0 435.0
1 779.0 435.0
1 606.0 436.0
1 795.0 436.0
1 836.0 436.0
1 1033.0 437.0
1 613.0 440.0
1 651.0 440.0
1 1018.0 441.0
1 576.0 442.0
1 733.0 442.0
1 750.0 442.0
1 900.0 442.0
1 967.0 442.0
1 984.0 442.0
1 1002.0 442.0
1 1052.0 442.0
1 925.0 443.0
1 977.0 443.0
1 620.0 444.0
1 682.0 444.0
1 839.0 444.0
1 876.0 444.0
1 916.0 444.0
1 1070.0 444.0
1 651.0 445.0
1 667.0 445.0
1 957.0 446.0
1 1056.0 447.0
1 688.0 448.0
1 699.0 448.0
1 715.0 448.0
1 724.0 448.0
1 777.0 448.0
1 795.0 448.0
1 733.0 449.0
1 744.0 449.0
1 763.0 449.0
1 772.0 449.0
1 814.0 449.0
1 859.0 451.0
1 570.0 452.0
1 582.0 453.0
1 651.0 453.0
1 1037.0 453.0
1 888.0 454.0
1 916.0 454.0
1 994.0 455.0
1 667.0 456.0
1 953.0 456.0
1 1073.0 456.0
1 677.0 457.0
1 830.0 457.0
1 958.0 457.0
1 913.0 459.0
1 800.0 460.0
1 813.0 460.0
1 1038.0 460.0
1 867.0 461.0
1 878.0 461.0
1 681.0 462.0
1 958.0 462.0
1 821.0 463.0
1 926.0 463.0
1 627.0 465.0
1 664.0 465.0
1 797.0 465.0
1 1039.0 465.0
1 614.0 466.0
1 993.0 466.0
1 949.0 467.0
1 977.0 467.0
1 1061.0 467.0
1 864.0 469.0
1 740.0 470.0
1 891.0 470.0
1 609.0 471.0
1 650.0 471.0
1 932.0 471.0
1 821.0 472.0
1 843.0 472.0
1 945.0 472.0
1 991.0 472.0
1 592.0 473.0
1 658.0 473.0
1 964.0 473.0
1 672.0 474.0
1 711.0 474.0
1 974.0 474.0
1 684.0 475.0
1 782.0 475.0
1 643.0 476.0
1 698.0 477.0
1 703.0 477.0
1 658.0 478.0
1 897.0 478.0
1 992.0 478.0
1 665.0 479.0
1 892.0 479.0
1 1074.0 479.0
1 582.0 480.0
1 907.0 480.0
1 570.0 481.0
1 802.0 481.0
1 814.0 481.0
1 727.0 482.0
1 822.0 482.0
1 847.0 482.0
1 953.0 483.0
1 1060.0 483.0
1 919.0 484.0
1 948.0 485.0
1 609.0 486.0
1 615.0 486.0
1 629.0 487.0
1 675.0 487.0
1 744.0 487.0
1 926.0 487.0
1 1073.0 487.0
1 659.0 488.0
1 687.0 488.0
1 831.0 488.0
1 866.0 488.0
1 645.0 489.0
1 692.0 489.0
1 880.0 489.0
1 577.0 490.0
1 582.0 490.0
1 788.0 491.0
1 801.0 491.0
1 851.0 491.0
1 565.0 492.0
1 699.0 492.0
1 759.0 492.0
1 1074.0 492.0
1 590.0 493.0
1 668.0 493.0
1 931.0 493.0
1 1060.0 493.0
1 708.0 495.0
1 874.0 495.0
1 632.0 496.0
1 715.0 498.0
1 824.0 498.0
1 869.0 498.0
1 952.0 498.0
1 959.0 498.0
1 661.0 499.0
1 843.0 499.0
1 793.0 501.0
1 701.0 503.0
1 723.0 503.0
1 767.0 503.0
1 870.0 503.0
1 959.0 503.0
1 779.0 504.0
1 936.0 504.0
1 592.0 506.0
1 657.0 506.0
1 607.0 507.0
1 582.0 508.0
1 731.0 508.0
1 786.0 508.0
1 802.0 508.0
1 822.0 508.0
1 691.0 509.0
1 713.0 509.0
1 773.0 509.0
1 835.0 509.0
1 812.0 511.0
1 854.0 511.0
1 1060.0 511.0
1 560.0 513.0
1 720.0 513.0
1 740.0 513.0
1 870.0 513.0
1 940.0 513.0
1 782.0 515.0
1 1074.0 515.0
1 1051.0 516.0
1 991.0 517.0
1 1041.0 517.0
1 728.0 518.0
1 870.0 518.0
1 979.0 518.0
1 574.0 519.0
1 749.0 519.0
1 819.0 519.0
1 1065.0 519.0
1 624.0 520.0
1 1015.0 520.0
1 720.0 524.0
1 791.0 524.0
1 606.0 525.0
1 1023.0 525.0
1 669.0 527.0
1 735.0 527.0
1 940.0 527.0
1 873.0 528.0
1 1006.0 529.0
1 1061.0 530.0
1 963.0 531.0
1 1030.0 531.0
1 744.0 532.0
1 796.0 532.0
1 1016.0 532.0
1 751.0 533.0
1 763.0 533.0
1 824.0 533.0
1 875.0 533.0
1 1050.0 533.0
1 630.0 534.0
1 843.0 535.0
1 936.0 536.0
1 656.0 537.0
1 731.0 537.0
1 1035.0 537.0
1 615.0 539.0
1 623.0 540.0
1 824.0 540.0
1 1003.0 541.0
1 817.0 542.0
1 1016.0 542.0
1 633.0 543.0
1 575.0 544.0
1 880.0 544.0
1 931.0 544.0
1 644.0 545.0
1 658.0 545.0
1 610.0 547.0
1 680.0 547.0
1 875.0 547.0
1 1018.0 547.0
1 1030.0 547.0
1 622.0 548.0
1 808.0 548.0
1 835.0 548.0
1 887.0 548.0
1 953.0 548.0
1 1045.0 549.0
1 570.0 550.0
1 925.0 551.0
1 614.0 552.0
1 680.0 552.0
1 920.0 552.0
1 1007.0 552.0
1 895.0 553.0
1 1073.0 553.0
1 567.0 555.0
1 911.0 555.0
1 1024.0 555.0
1 840.0 556.0
1 904.0 556.0
1 687.0 557.0
1 708.0 557.0
1 727.0 557.0
1 732.0 558.0
1 647.0 560.0
1 749.0 560.0
1 992.0 560.0
1 595.0 562.0
1 878.0 562.0
1 1050.0 562.0
1 667.0 563.0
1 964.0 563.0
1 695.0 565.0
1 991.0 565.0
1 601.0 568.0
1 681.0 569.0
1 700.0 571.0
1 641.0 572.0
1 663.0 572.0
1 843.0 573.0
1 830.0 575.0
1 1033.0 575.0
1 886.0 577.0
1 921.0 577.0
1 789.0 579.0
1 823.0 579.0
1 622.0 580.0
1 709.0 580.0
1 953.0 580.0
1 989.0 580.0
1 582.0 581.0
1 759.0 581.0
1 1048.0 581.0
1 917.0 582.0
1 689.0 583.0
1 556.0 584.0
1 590.0 584.0
1 935.0 585.0
1 952.0 585.0
1 1048.0 586.0
1 646.0 587.0
1 867.0 587.0
1 715.0 588.0
1 848.0 588.0
1 991.0 589.0
1 1072.0 590.0
1 673.0 591.0
1 951.0 591.0
1 615.0 592.0
1 578.0 594.0
1 828.0 594.0
1 587.0 596.0
1 637.0 596.0
1 679.0 596.0
1 719.0 596.0
1 942.0 598.0
1 947.0 598.0
1 999.0 598.0
1 850.0 599.0
1 1040.0 599.0
1 662.0 600.0
1 688.0 600.0
1 700.0 601.0
1 1004.0 601.0
1 578.0 602.0
1 1009.0 603.0
1 1032.0 603.0
1 731.0 604.0
1 1016.0 605.0
1 1024.0 605.0
1 675.0 607.0
1 723.0 607.0
1 652.0 608.0
1 665.0 610.0
1 568.0 611.0
1 576.0 611.0
1 586.0 612.0
1 704.0 613.0
1 1072.0 613.0
1 1034.0 614.0
1 674.0 616.0
1 689.0 616.0
1 713.0 618.0
1 623.0 622.0
1 740.0 624.0
1 635.0 625.0
1 660.0 625.0
1 553.0 626.0
1 1025.0 628.0
1 676.0 629.0
1 740.0 629.0
1 677.0 634.0
1 586.0 635.0
1 580.0 636.0
1 680.0 639.0
1 554.0 641.0
1 637.0 641.0
1 1047.0 645.0
1 555.0 646.0
1 639.0 646.0
1 650.0 648.0
1 617.0 650.0
1 692.0 651.0
1 898.0 651.0
1 833.0 653.0
1 582.0 654.0
1 840.0 654.0
1 702.0 656.0
1 740.0 657.0
1 591.0 658.0
1 684.0 659.0
1 709.0 659.0
1 715.0 659.0
1 721.0 660.0
1 728.0 661.0
1 582.0 662.0
1 740.0 662.0
1 659.0 664.0
1 693.0 664.0
1 673.0 665.0
1 831.0 665.0
1 559.0 666.0
1 1031.0 666.0
1 706.0 667.0
1 727.0 668.0
1 596.0 671.0
1 587.0 674.0
1 848.0 675.0
1 581.0 676.0
1 639.0 676.0
1 691.0 678.0
1 676.0 679.0
1 745.0 679.0
1 653.0 680.0
1 732.0 680.0
1 845.0 682.0
1 843.0 687.0
1 894.0 687.0
1 639.0 688.0
1 701.0 688.0
1 586.0 689.0
1 607.0 690.0
1 651.0 690.0
1 1071.0 691.0
1 715.0 692.0
1 589.0 694.0
1 572.0 696.0
1 709.0 696.0
1 727.0 696.0
1 862.0 696.0
1 1072.0 696.0
1 600.0 698.0
1 703.0 698.0
1 770.0 699.0
1 734.0 700.0
1 835.0 700.0
1 1063.0 700.0
1 696.0 701.0
1 861.0 701.0
1 595.0 702.0
1 668.0 702.0
1 604.0 703.0
1 673.0 703.0
1 678.0 703.0
1 724.0 703.0
1 609.0 704.0
1 769.0 704.0
1 860.0 706.0
1 1058.0 707.0
1 1071.0 708.0
1 614.0 709.0
1 719.0 709.0
1 729.0 709.0
1 767.0 709.0
1 622.0 710.0
1 827.0 710.0
1 628.0 714.0
1 725.0 714.0
1 614.0 715.0
1 585.0 716.0
1 713.0 716.0
1 886.0 716.0
1 1071.0 716.0
1 311.0 718.0
1 893.0 718.0
1 725.0 719.0
1 987.0 719.0
1 636.0 720.0
1 1039.0 720.0
1 1060.0 720.0
1 618.0 721.0
1 809.0 721.0
1 1072.0 721.0
1 623.0 722.0
1 641.0 723.0
1 734.0 724.0
1 760.0 724.0
1 632.0 725.0
1 718.0 725.0
1 646.0 726.0
1 1072.0 726.0
1 626.0 729.0
1 638.0 729.0
1 699.0 729.0
1 863.0 729.0
1 585.0 730.0
1 666.0 731.0
1 729.0 731.0
1 684.0 732.0
1 689.0 732.0
1 1066.0 732.0
1 671.0 733.0
1 97.0 734.0
1 584.0 736.0
1 884.0 736.0
1 993.0 736.0
1 636.0 737.0
1 1040.0 737.0
1 700.0 738.0
1 692.0 740.0
1 584.0 741.0
1 1071.0 741.0
1 1436.0 741.0
1 1456.0 741.0
1 311.0 742.0
1 647.0 742.0
1 722.0 742.0
1 1282.0 742.0
1 248.0 743.0
1 682.0 743.0
1 662.0 746.0
1 745.0 746.0
1 584.0 748.0
1 992.0 749.0
1 395.0 751.0
1 1071.0 752.0
1 113.0 755.0
1 990.0 755.0
1 1039.0 756.0
1 738.0 762.0
1 720.0 763.0
1 655.0 766.0
1 992.0 766.0
1 1069.0 771.0
1 585.0 775.0
1 360.0 781.0
1 993.0 781.0
1 1006.0 783.0
1 1067.0 786.0
1 586.0 792.0
1 585.0 799.0
1 1066.0 802.0
1 251.0 807.0
1 585.0 814.0
1 1068.0 816.0
1 1064.0 826.0
1 729.0 830.0
1 935.0 834.0
1 980.0 836.0
1 694.0 843.0
1 1065.0 846.0
1 573.0 850.0
1 23.0 857.0
1 527.0 863.0
1 1064.0 864.0
1 359.0 865.0
1 364.0 866.0
1 1360.0 867.0
1 288.0 868.0
1 889.0 870.0
1 543.0 875.0
1 680.0 878.0
1 902.0 879.0
1 114.0 880.0
1 367.0 880.0
1 729.0 891.0
1 859.0 896.0
1 1064.0 901.0
1 733.0 907.0
1 814.0 910.0
1 744.0 916.0
1 735.0 917.0
1 734.0 922.0
1 691.0 926.0
1 717.0 926.0
1 736.0 931.0
1 847.0 945.0
1 842.0 954.0
1 751.0 959.0
