0 74 2 241.96481495850293
0 53 3 193.6215241304224
0 63 6 484.45259827927265
0 67 7 120.8494576719005
0 55 9 188.30127321986768
0 73 10 123.52627220593052
0 64 11 312.51892562081997
0 98 12 410.83913737870523
0 89 13 309.4833178243181
0 86 15 171.3320108555512
0 77 17 366.25674251818845
0 95 18 261.50786169612246
0 11 19 447.0215180124544
0 110 20 206.87053618631057
0 187 22 435.8279640813489
0 164 23 269.25815814672785
0 120 27 436.6079767825501
0 152 28 247.42474082824356
0 123 29 164.74772133179098
0 174 30 299.0600682854241
0 109 31 195.44573156887301
0 168 32 142.74516423693026
0 140 33 217.97996486276284
0 125 34 168.84048126113169
0 88 35 179.54370993506993
0 204 36 173.98885125072906
0 199 37 469.0959317768768
0 101 40 191.33537990480912
0 173 41 202.2129479705805
0 149 42 187.64517232331417
0 106 43 229.5274657125787
0 198 44 174.8662567085314
0 169 45 164.18973696706306
0 224 46 364.6730146530282
0 220 47 209.989643339492
0 133 48 448.55885912393256
0 190 49 143.14956210552145
0 232 50 189.42644393887218
0 193 51 471.5552642120878
0 244 52 215.92009579279764
0 245 54 222.40582953741256
0 122 55 286.3710831231849
0 135 56 131.56659790034112
0 142 57 185.62748185184734
0 180 58 121.03578809825986
0 167 59 237.4156401359013
0 172 60 212.89452694771333
0 119 61 318.0197464651159
0 197 62 260.1626177632785
0 209 63 172.1122809666806
0 228 64 145.878724752728
0 252 65 279.3230436712801
0 185 66 155.68969032376486
0 257 67 288.0740146830518
0 259 68 207.1643081866818
0 161 70 194.99296316566773
0 266 71 234.78619855012957
0 65 72 293.16945970893994
0 275 75 340.32845319798537
0 269 77 257.8580169994747
0 182 78 192.81315098165993
0 268 80 329.7702085336796
0 75 82 196.8190269004048
0 213 83 210.7658943289667
0 158 84 206.99901073094128
0 165 85 181.87723027646132
0 179 86 185.68566456947977
0 218 87 159.32530585468564
0 188 90 198.9078879946165
0 263 91 432.2532465918016
0 308 92 364.2246431911199
0 215 93 292.84308363270515
0 241 94 292.49473949483286
0 256 95 157.8593653659111
0 287 96 314.3198118414441
0 283 98 304.5132615025014
0 312 100 337.7370099899578
0 235 101 289.72630654054285
0 274 102 197.4554153954395
0 191 103 417.7265976398764
0 71 104 162.75538792267156
0 155 106 272.98735637514164
0 210 107 342.0555875478853
0 225 109 255.03720885229336
0 270 110 451.1638860557612
0 291 112 154.90104492460247
0 239 113 177.0626365392125
0 176 114 130.28317608231413
0 300 116 329.21464176857233
0 280 117 113.9522733786954
0 292 118 307.86252262903537
0 303 119 146.42956734228915
0 360 122 314.27724189632414
0 87 123 332.78859746100466
0 307 124 196.73946961354213
0 84 126 340.40050768265144
0 297 127 189.71091874784943
0 379 128 411.1703474929213
0 380 129 169.84539479611828
0 265 131 168.1921020403744
0 364 132 179.89308631636735
0 253 133 154.68123923367162
0 326 134 403.0284518520885
0 184 137 462.3864796483461
0 202 138 339.38981018326245
0 301 141 188.61841850826866
0 420 144 197.84163533457766
0 267 145 282.13949017443423
0 392 147 395.6382021650519
0 361 150 150.5726524561012
0 83 151 251.36352883062253
0 441 155 221.53388020435995
0 346 157 427.53281486165156
0 331 158 206.043783095441
0 344 159 285.29788477222377
0 438 160 225.5456879747261
0 282 161 495.7060536698233
0 437 162 218.5967874751139
0 356 163 252.5108111901321
0 325 164 325.5679099777605
0 330 169 420.5574413732
0 447 170 170.47136957152156
0 314 172 282.0388911779633
0 338 175 265.03643789420937
0 393 176 227.53807233100375
0 400 178 190.30309492346345
0 378 180 130.2842990919976
0 469 181 405.59874756045843
0 439 183 370.3917377014726
0 382 184 380.361087863595
0 440 185 271.1511322034249
0 370 188 179.84462619126637
0 391 190 378.85074913344397
0 386 191 271.1343270918725
0 476 192 195.15686387411108
0 367 195 260.8766692929707
0 424 196 157.61311228011766
0 408 200 314.2292982786536
0 468 203 347.71500586374214
0 499 204 226.32094789444434
0 397 205 445.7784116309549
0 388 206 315.4795968073357
0 430 207 226.14230418073467
0 436 211 366.4034806681356
0 473 216 283.6665573574527
0 451 218 315.99842690297277
0 470 220 270.9970501970466
0 453 221 368.0859928375868
0 457 222 308.4323173784124
0 417 223 295.87202381477243
0 480 227 289.82217633665306
0 423 228 146.9396706428705
0 483 230 385.70223421413175
0 433 231 314.5501130730946
0 419 233 171.16280967832273
0 462 234 251.5644944911279
0 528 237 257.94434365486916
0 478 240 193.51758464742582
0 477 244 367.9126091064929
0 493 246 346.26127973854796
0 426 247 225.28986880730244
0 492 248 176.75204778786235
0 486 253 142.7333115539584
0 434 254 449.9036689725598
0 491 255 274.7152263010612
0 497 259 124.2447233329949
0 512 261 115.02001358119529
0 517 262 196.91554207825675
0 471 264 425.70156945777103
0 535 266 158.52831078670303
0 501 267 347.7750106858026
0 514 268 340.11688541926515
0 456 269 482.10023688038007
0 530 270 253.07396740792586
0 402 271 417.8058923519309
0 489 272 499.6763626816821
0 520 274 204.7628817285929
0 551 275 287.1663768566427
0 487 278 205.80851700416235
0 516 279 298.37407165011524
0 532 280 168.06390212770347
0 543 283 170.28127156463202
0 519 284 262.81545241600844
0 565 288 323.75444572889205
0 515 289 486.0115878537485
0 509 291 192.60381926263662
0 575 292 336.82702467536876
0 485 293 335.6700284256454
0 552 294 188.28681850998214
0 547 295 177.4958813699116
0 534 297 155.52948546888288
0 579 298 261.8947089738955
0 566 299 220.2476201466019
0 567 302 218.02799421571132
0 524 303 133.0314176722791
0 523 306 478.9135934906041
0 548 307 265.90862209136964
0 556 309 164.58753924440606
0 569 311 113.40819516260147
0 558 312 318.9044593396822
0 545 314 244.04776303946613
0 587 315 230.0196214068637
0 526 319 188.3245448928864
0 604 320 300.86084150287536
0 588 321 186.02933985438514
0 585 323 143.45480590499133
0 564 324 245.85585737407868
0 583 325 127.59062015300486
0 544 326 161.71691277645482
0 572 330 353.7162071704143
0 581 332 495.7230806028644
0 580 333 282.26250243003904
0 599 334 316.78566667635937
0 577 335 312.24843242677855
0 598 338 139.66718397053947
0 605 339 143.37807277807016
0 602 340 193.33902230048236
0 608 341 139.09136710288192
0 540 342 192.46537084698244
0 570 343 196.41737540266098
0 589 345 291.32747994381896
0 616 346 181.72707278250496
0 550 347 155.1316026477721
0 595 348 247.803275947558
0 619 350 197.5094842063316
0 601 354 108.042803126291
0 611 356 144.66579243446535
0 606 359 490.5180904540611
0 590 362 234.15986547111802
0 586 363 180.64515017570065
0 625 364 137.5276105030821
0 618 373 167.81028649709214
0 596 374 451.0967732221304
0 626 375 221.5903076852161
0 597 376 205.50568575355106
0 636 377 191.26549159854028
0 607 378 226.30756119478926
0 627 379 112.06359749374064
0 624 381 389.93553026493635
0 640 383 183.6953505977221
0 629 384 135.34973907775068
0 637 386 164.89374186328612
0 582 387 160.68381831249013
0 632 388 329.10476007018275
0 642 389 239.87242617105014
0 584 390 168.2354130333286
0 628 393 422.5474533356093
0 630 397 280.4146814592407
0 646 399 235.1987822588073
0 615 401 291.364413482755
0 638 404 238.65531969614335
0 649 405 182.19700676010936
0 655 407 233.0168565254366
0 651 408 253.07589524237923
0 650 409 444.513313932327
0 662 412 228.65792257063967
0 660 413 217.37193625410666
0 663 415 235.42319183964713
0 659 416 244.44772274387253
0 634 417 274.66386565627727
0 665 418 203.19497795004983
0 620 419 138.02125139576378
0 664 422 360.6362352099561
0 679 423 246.09114760210903
0 674 425 308.8120084854565
0 633 427 145.29149721839255
0 631 428 409.0173799064784
0 678 431 344.87023183524224
0 668 432 387.9706818467463
0 644 434 227.6800217458288
0 686 437 459.3673997913885
0 673 438 204.5177520208165
0 691 441 146.18211423823516
0 676 442 447.50349703463064
0 683 443 216.3785364592882
0 688 444 135.49109498928448
0 661 445 172.81548617777176
0 652 446 251.390138701828
0 687 447 180.25106758463133
0 696 449 342.65863280005806
0 701 452 184.2357220526343
0 693 459 272.98111570014964
0 680 462 163.82491338932363
0 690 463 274.9380037286665
0 698 464 365.8197051239393
0 685 470 301.35905309415796
0 715 474 145.74481355988743
0 728 477 256.09253343493253
0 721 478 267.28740314600725
0 724 479 219.57817111943575
0 706 480 292.7269193283123
0 709 481 286.8729405371707
0 732 483 234.00761864432428
0 737 485 468.1136653069447
0 736 487 246.84283007097542
0 705 489 290.6844432893683
0 734 492 405.08345790066755
0 750 493 257.7205885176718
0 751 495 282.64796814746495
0 749 497 263.2172890599928
0 748 498 148.63255293609961
0 719 502 138.14305745176972
0 723 504 448.12831310723044
0 756 505 403.45608581814326
0 730 507 348.42268441923534
0 759 511 380.80281014647
0 703 512 245.95834595031945
0 731 515 357.0467461961721
0 743 518 211.69394297762616
0 762 523 206.74076887303147
0 746 524 313.2162311389157
0 722 525 121.36601818390682
0 758 531 291.2913396763664
0 761 532 198.29026048884887
0 755 533 317.41497334823174
0 763 535 200.31085571285126
0 760 537 149.14230278902383
0 767 538 392.1574658964488
0 747 540 125.97354552060074
0 768 543 189.95578549278213
0 765 545 196.8241067184235
0 816 562 488.33182268808696
0 777 574 467.86462302133697
0 918 575 324.4647570481262

0 1142.0 65.0
0 1143.0 72.0
0 734.0 337.0
0 774.0 337.0
0 818.0 337.0
0 675.0 338.0
0 765.0 338.0
0 775.0 346.0
0 796.0 351.0
0 820.0 354.0
0 808.0 362.0
0 835.0 363.0
0 748.0 364.0
0 759.0 365.0
0 739.0 368.0
0 776.0 368.0
0 949.0 370.0
0 628.0 371.0
0 776.0 373.0
0 604.0 374.0
0 761.0 375.0
0 869.0 375.0
0 878.0 377.0
0 934.0 377.0
0 619.0 378.0
0 775.0 378.0
0 956.0 378.0
0 857.0 379.0
0 726.0 380.0
0 743.0 380.0
0 947.0 380.0
0 785.0 381.0
0 708.0 382.0
0 735.0 382.0
0 765.0 383.0
0 615.0 384.0
0 874.0 385.0
0 894.0 385.0
0 899.0 385.0
0 603.0 387.0
0 610.0 387.0
0 724.0 387.0
0 753.0 388.0
0 587.0 389.0
0 704.0 391.0
0 740.0 392.0
0 853.0 394.0
0 949.0 394.0
0 964.0 394.0
0 731.0 395.0
0 930.0 396.0
0 867.0 397.0
0 888.0 398.0
0 718.0 399.0
0 918.0 400.0
0 588.0 401.0
0 616.0 401.0
0 629.0 401.0
0 753.0 401.0
0 644.0 402.0
0 657.0 402.0
0 605.0 403.0
0 673.0 403.0
0 682.0 404.0
0 697.0 405.0
0 950.0 405.0
0 742.0 407.0
0 859.0 407.0
0 941.0 407.0
0 970.0 407.0
0 840.0 408.0
0 935.0 408.0
0 557.0 409.0
0 882.0 409.0
0 892.0 409.0
0 897.0 409.0
0 902.0 409.0
0 918.0 409.0
0 662.0 410.0
0 871.0 410.0
0 887.0 410.0
0 650.0 411.0
0 588.0 412.0
0 670.0 412.0
0 615.0 415.0
0 625.0 415.0
0 636.0 416.0
0 744.0 416.0
0 936.0 416.0
0 971.0 416.0
0 644.0 417.0
0 851.0 417.0
0 918.0 417.0
0 659.0 418.0
0 684.0 418.0
0 696.0 418.0
0 861.0 418.0
0 866.0 418.0
0 883.0 418.0
0 894.0 418.0
0 900.0 418.0
0 676.0 419.0
0 713.0 419.0
0 839.0 419.0
0 557.0 420.0
0 946.0 420.0
0 600.0 422.0
0 770.0 423.0
0 605.0 424.0
0 782.0 425.0
0 968.0 425.0
0 993.0 425.0
0 728.0 427.0
0 799.0 427.0
0 610.0 428.0
0 622.0 429.0
0 701.0 429.0
0 838.0 429.0
0 867.0 429.0
0 712.0 430.0
0 994.0 430.0
0 932.0 431.0
0 890.0 432.0
0 591.0 433.0
0 719.0 433.0
0 862.0 433.0
0 581.0 434.0
0 699.0 434.0
0 814.0 435.0
0 932.0 437.0
0 996.0 437.0
0 802.0 438.0
0 861.0 438.0
0 656.0 439.0
0 765.0 441.0
0 609.0 442.0
0 870.0 442.0
0 601.0 443.0
0 614.0 443.0
0 630.0 443.0
0 889.0 443.0
0 743.0 444.0
0 828.0 444.0
0 909.0 444.0
0 934.0 444.0
0 579.0 445.0
0 719.0 445.0
0 815.0 445.0
0 620.0 446.0
0 625.0 446.0
0 971.0 446.0
0 560.0 447.0
0 672.0 447.0
0 865.0 448.0
0 835.0 449.0
0 784.0 450.0
0 808.0 450.0
0 554.0 451.0
0 704.0 451.0
0 715.0 451.0
0 779.0 451.0
0 574.0 452.0
0 774.0 452.0
0 720.0 453.0
0 737.0 454.0
0 967.0 454.0
0 978.0 454.0
0 586.0 455.0
0 637.0 455.0
0 647.0 455.0
0 794.0 455.0
0 802.0 455.0
0 547.0 456.0
0 701.0 456.0
0 742.0 456.0
0 747.0 456.0
0 863.0 456.0
0 532.0 457.0
0 887.0 457.0
0 524.0 458.0
0 728.0 458.0
0 837.0 458.0
0 595.0 460.0
0 830.0 460.0
0 660.0 461.0
0 766.0 461.0
0 996.0 461.0
0 518.0 462.0
0 708.0 462.0
0 600.0 463.0
0 639.0 464.0
0 695.0 464.0
0 807.0 464.0
0 584.0 465.0
0 650.0 465.0
0 740.0 465.0
0 967.0 465.0
0 512.0 466.0
0 996.0 466.0
0 548.0 467.0
0 543.0 468.0
0 607.0 468.0
0 697.0 469.0
0 762.0 469.0
0 809.0 469.0
0 656.0 471.0
0 688.0 471.0
0 673.0 472.0
0 750.0 472.0
0 977.0 472.0
0 591.0 473.0
0 683.0 473.0
0 832.0 473.0
0 583.0 474.0
0 816.0 475.0
0 821.0 475.0
0 826.0 475.0
0 997.0 475.0
0 666.0 476.0
0 703.0 476.0
0 512.0 477.0
0 596.0 477.0
0 693.0 478.0
0 723.0 478.0
0 583.0 479.0
0 619.0 479.0
0 967.0 479.0
0 500.0 481.0
0 642.0 481.0
0 741.0 481.0
0 760.0 481.0
0 707.0 482.0
0 751.0 482.0
0 651.0 483.0
0 674.0 483.0
0 544.0 487.0
0 743.0 487.0
0 815.0 487.0
0 820.0 487.0
0 837.0 487.0
0 687.0 488.0
0 490.0 490.0
0 715.0 490.0
0 598.0 491.0
0 608.0 491.0
0 730.0 491.0
0 759.0 491.0
0 671.0 492.0
0 679.0 492.0
0 744.0 492.0
0 816.0 492.0
0 635.0 493.0
0 706.0 494.0
0 966.0 494.0
0 486.0 495.0
0 524.0 495.0
0 552.0 495.0
0 615.0 496.0
0 760.0 496.0
0 693.0 497.0
0 720.0 497.0
0 886.0 497.0
0 950.0 497.0
0 635.0 498.0
0 514.0 499.0
0 816.0 499.0
0 933.0 499.0
0 625.0 500.0
0 684.0 500.0
0 996.0 500.0
0 501.0 501.0
0 542.0 501.0
0 640.0 501.0
0 481.0 502.0
0 526.0 503.0
0 559.0 503.0
0 709.0 503.0
0 717.0 503.0
0 978.0 503.0
0 762.0 504.0
0 913.0 504.0
0 600.0 505.0
0 815.0 505.0
0 904.0 505.0
0 510.0 506.0
0 519.0 506.0
0 547.0 509.0
0 681.0 509.0
0 850.0 509.0
0 707.0 510.0
0 476.0 511.0
0 514.0 511.0
0 715.0 511.0
0 724.0 511.0
0 836.0 511.0
0 919.0 511.0
0 557.0 512.0
0 702.0 512.0
0 813.0 512.0
0 914.0 512.0
0 643.0 513.0
0 879.0 514.0
0 897.0 514.0
0 966.0 514.0
0 541.0 515.0
0 634.0 515.0
0 474.0 516.0
0 950.0 516.0
0 607.0 517.0
0 692.0 518.0
0 572.0 519.0
0 929.0 519.0
0 636.0 520.0
0 647.0 520.0
0 770.0 520.0
0 808.0 520.0
0 836.0 520.0
0 501.0 521.0
0 611.0 524.0
0 730.0 524.0
0 648.0 525.0
0 901.0 525.0
0 896.0 526.0
0 915.0 526.0
0 778.0 527.0
0 927.0 527.0
0 722.0 528.0
0 800.0 528.0
0 783.0 529.0
0 791.0 530.0
0 852.0 530.0
0 902.0 530.0
0 540.0 531.0
0 860.0 532.0
0 924.0 532.0
0 571.0 533.0
0 576.0 533.0
0 995.0 533.0
0 882.0 535.0
0 905.0 536.0
0 938.0 536.0
0 915.0 537.0
0 492.0 539.0
0 528.0 539.0
0 617.0 539.0
0 603.0 540.0
0 878.0 540.0
0 497.0 541.0
0 638.0 541.0
0 837.0 541.0
0 939.0 541.0
0 580.0 544.0
0 551.0 545.0
0 655.0 545.0
0 713.0 546.0
0 995.0 546.0
0 704.0 548.0
0 489.0 550.0
0 851.0 550.0
0 622.0 551.0
0 496.0 552.0
0 586.0 552.0
0 732.0 552.0
0 780.0 552.0
0 946.0 552.0
0 552.0 553.0
0 641.0 553.0
0 535.0 554.0
0 576.0 554.0
0 876.0 554.0
0 530.0 555.0
0 623.0 556.0
0 794.0 557.0
0 806.0 558.0
0 565.0 559.0
0 875.0 559.0
0 761.0 560.0
0 836.0 560.0
0 743.0 562.0
0 820.0 562.0
0 946.0 563.0
0 644.0 564.0
0 543.0 565.0
0 705.0 565.0
0 710.0 565.0
0 836.0 565.0
0 877.0 566.0
0 488.0 567.0
0 626.0 567.0
0 936.0 567.0
0 495.0 568.0
0 590.0 568.0
0 847.0 568.0
0 576.0 570.0
0 994.0 571.0
0 976.0 572.0
0 592.0 574.0
0 768.0 574.0
0 835.0 575.0
0 937.0 575.0
0 628.0 578.0
0 744.0 579.0
0 526.0 581.0
0 580.0 581.0
0 648.0 581.0
0 887.0 581.0
0 594.0 584.0
0 892.0 584.0
0 928.0 584.0
0 630.0 585.0
0 993.0 586.0
0 581.0 587.0
0 898.0 587.0
0 922.0 587.0
0 563.0 588.0
0 903.0 588.0
0 917.0 588.0
0 552.0 589.0
0 912.0 589.0
0 492.0 590.0
0 649.0 591.0
0 994.0 591.0
0 631.0 595.0
0 927.0 600.0
0 576.0 601.0
0 583.0 601.0
0 977.0 604.0
0 514.0 605.0
0 525.0 606.0
0 598.0 606.0
0 534.0 607.0
0 743.0 608.0
0 633.0 609.0
0 993.0 609.0
0 492.0 611.0
0 564.0 614.0
0 492.0 616.0
0 575.0 616.0
0 597.0 618.0
0 556.0 620.0
0 632.0 623.0
0 712.0 623.0
0 992.0 623.0
0 595.0 624.0
0 720.0 625.0
0 497.0 626.0
0 535.0 626.0
0 590.0 626.0
0 580.0 627.0
0 577.0 632.0
0 632.0 632.0
0 563.0 633.0
0 711.0 634.0
0 632.0 637.0
0 719.0 637.0
0 991.0 638.0
0 929.0 639.0
0 543.0 641.0
0 582.0 642.0
0 597.0 643.0
0 992.0 643.0
0 571.0 644.0
0 511.0 645.0
0 559.0 645.0
0 545.0 646.0
0 704.0 646.0
0 585.0 647.0
0 690.0 649.0
0 737.0 649.0
0 716.0 650.0
0 504.0 652.0
0 585.0 652.0
0 590.0 653.0
0 674.0 653.0
0 926.0 653.0
0 683.0 654.0
0 697.0 655.0
0 630.0 656.0
0 519.0 658.0
0 666.0 659.0
0 564.0 660.0
0 570.0 662.0
0 581.0 662.0
0 595.0 662.0
0 702.0 666.0
0 527.0 668.0
0 708.0 668.0
0 511.0 669.0
0 963.0 672.0
0 726.0 673.0
0 612.0 680.0
0 624.0 680.0
0 539.0 681.0
0 586.0 683.0
0 991.0 685.0
0 574.0 686.0
0 701.0 686.0
0 551.0 688.0
0 528.0 689.0
0 565.0 689.0
0 992.0 690.0
0 834.0 692.0
0 974.0 694.0
0 618.0 695.0
0 992.0 695.0
0 572.0 696.0
0 549.0 698.0
0 692.0 698.0
0 855.0 698.0
0 560.0 699.0
0 962.0 699.0
0 585.0 700.0
0 813.0 701.0
0 687.0 702.0
0 818.0 703.0
0 991.0 703.0
0 613.0 704.0
0 682.0 704.0
0 885.0 706.0
0 520.0 708.0
0 906.0 709.0
0 925.0 711.0
0 935.0 711.0
0 568.0 712.0
0 530.0 714.0
0 794.0 715.0
0 967.0 715.0
0 634.0 716.0
0 859.0 716.0
0 535.0 717.0
0 992.0 718.0
0 628.0 720.0
0 549.0 722.0
0 886.0 723.0
0 620.0 724.0
0 609.0 726.0
0 986.0 726.0
0 933.0 728.0
0 541.0 731.0
0 885.0 735.0
0 991.0 736.0
0 883.0 743.0
0 511.0 747.0
0 932.0 749.0
0 927.0 750.0
0 990.0 751.0
0 884.0 753.0
0 649.0 763.0
0 787.0 768.0
0 35.0 769.0
0 987.0 769.0
0 884.0 770.0
0 952.0 772.0
0 487.0 777.0
0 986.0 777.0
0 234.0 779.0
0 986.0 788.0
0 482.0 790.0
0 561.0 798.0
0 984.0 803.0
0 573.0 804.0
0 1014.0 805.0
0 1047.0 809.0
0 984.0 813.0
0 575.0 817.0
0 384.0 818.0
0 479.0 823.0
0 982.0 832.0
0 1318.0 839.0
0 981.0 847.0
0 693.0 849.0
0 781.0 856.0
0 481.0 857.0
0 486.0 858.0
0 507.0 860.0
0 983.0 863.0
0 906.0 887.0
0 1188.0 896.0
0 974.0 903.0
0 1390.0 905.0
1 832.0 275.0
1 840.0 277.0
1 644.0 282.0
1 671.0 282.0
1 732.0 282.0
1 831.0 282.0
1 676.0 283.0
1 805.0 283.0
1 682.0 284.0
1 709.0 286.0
1 760.0 289.0
1 629.0 290.0
1 683.0 290.0
1 832.0 290.0
1 853.0 291.0
1 901.0 292.0
1 738.0 293.0
1 783.0 294.0
1 722.0 295.0
1 687.0 296.0
1 869.0 297.0
1 712.0 298.0
1 794.0 298.0
1 837.0 298.0
1 784.0 299.0
1 638.0 300.0
1 757.0 300.0
1 649.0 301.0
1 770.0 302.0
1 622.0 303.0
1 783.0 304.0
1 697.0 305.0
1 736.0 305.0
1 752.0 305.0
1 813.0 305.0
1 853.0 305.0
1 638.0 307.0
1 830.0 307.0
1 707.0 308.0
1 713.0 308.0
1 792.0 308.0
1 724.0 309.0
1 900.0 309.0
1 736.0 310.0
1 813.0 310.0
1 674.0 311.0
1 843.0 311.0
1 692.0 313.0
1 592.0 314.0
1 781.0 314.0
1 819.0 314.0
1 631.0 316.0
1 829.0 317.0
1 853.0 317.0
1 593.0 319.0
1 906.0 319.0
1 618.0 320.0
1 654.0 320.0
1 682.0 320.0
1 704.0 320.0
1 727.0 320.0
1 911.0 320.0
1 668.0 322.0
1 842.0 322.0
1 916.0 322.0
1 596.0 324.0
1 633.0 327.0
1 855.0 329.0
1 841.0 330.0
1 689.0 332.0
1 675.0 335.0
1 599.0 336.0
1 655.0 336.0
1 890.0 336.0
1 813.0 337.0
1 633.0 338.0
1 661.0 340.0
1 704.0 341.0
1 928.0 345.0
1 662.0 347.0
1 931.0 350.0
1 691.0 352.0
1 590.0 358.0
1 601.0 359.0
1 628.0 359.0
1 662.0 360.0
1 859.0 360.0
1 638.0 362.0
1 679.0 366.0
1 838.0 366.0
1 867.0 367.0
1 1174.0 367.0
1 587.0 370.0
1 805.0 370.0
1 940.0 370.0
1 856.0 371.0
1 869.0 372.0
1 602.0 373.0
1 828.0 373.0
1 850.0 374.0
1 609.0 375.0
1 673.0 375.0
1 999.0 375.0
1 1004.0 375.0
1 593.0 376.0
1 1009.0 376.0
1 654.0 377.0
1 979.0 378.0
1 1027.0 378.0
1 868.0 379.0
1 844.0 380.0
1 1032.0 380.0
1 821.0 381.0
1 970.0 381.0
1 1037.0 381.0
1 602.0 383.0
1 644.0 383.0
1 856.0 383.0
1 946.0 383.0
1 667.0 385.0
1 963.0 386.0
1 583.0 388.0
1 657.0 388.0
1 837.0 388.0
1 612.0 389.0
1 849.0 389.0
1 951.0 390.0
1 863.0 391.0
1 957.0 391.0
1 982.0 391.0
1 814.0 392.0
1 601.0 393.0
1 968.0 393.0
1 1055.0 393.0
1 650.0 394.0
1 676.0 394.0
1 684.0 395.0
1 842.0 395.0
1 923.0 395.0
1 661.0 396.0
1 826.0 396.0
1 934.0 396.0
1 691.0 398.0
1 1042.0 398.0
1 923.0 400.0
1 964.0 401.0
1 969.0 401.0
1 674.0 402.0
1 700.0 402.0
1 836.0 402.0
1 974.0 402.0
1 818.0 403.0
1 809.0 404.0
1 952.0 404.0
1 1063.0 405.0
1 658.0 407.0
1 913.0 407.0
1 1054.0 407.0
1 681.0 408.0
1 714.0 408.0
1 851.0 408.0
1 934.0 408.0
1 943.0 409.0
1 808.0 410.0
1 1039.0 410.0
1 691.0 412.0
1 951.0 412.0
1 725.0 413.0
1 793.0 413.0
1 824.0 414.0
1 926.0 414.0
1 843.0 415.0
1 731.0 416.0
1 810.0 416.0
1 1051.0 416.0
1 888.0 417.0
1 674.0 418.0
1 791.0 418.0
1 972.0 418.0
1 705.0 419.0
1 837.0 419.0
1 1058.0 419.0
1 741.0 421.0
1 944.0 421.0
1 663.0 422.0
1 828.0 422.0
1 932.0 422.0
1 979.0 422.0
1 713.0 423.0
1 746.0 423.0
1 817.0 423.0
1 924.0 423.0
1 903.0 424.0
1 970.0 424.0
1 1035.0 424.0
1 1073.0 424.0
1 645.0 425.0
1 751.0 425.0
1 785.0 425.0
1 999.0 425.0
1 944.0 426.0
1 956.0 426.0
1 678.0 427.0
1 721.0 427.0
1 977.0 427.0
1 604.0 429.0
1 759.0 429.0
1 1074.0 429.0
1 659.0 430.0
1 764.0 430.0
1 854.0 430.0
1 731.0 431.0
1 1067.0 431.0
1 746.0 432.0
1 643.0 433.0
1 736.0 433.0
1 741.0 433.0
1 924.0 433.0
1 828.0 434.0
1 932.0 434.0
1 1054.0 434.0
1 1078.0 434.0
1 774.0 435.0
1 955.0 435.0
1 949.0 436.0
1 866.0 437.0
1 750.0 438.0
1 861.0 438.0
1 781.0 440.0
1 941.0 440.0
1 972.0 440.0
1 659.0 441.0
1 1034.0 441.0
1 1053.0 441.0
1 690.0 442.0
1 756.0 442.0
1 855.0 442.0
1 952.0 442.0
1 1064.0 442.0
1 883.0 443.0
1 701.0 444.0
1 763.0 444.0
1 982.0 444.0
1 781.0 445.0
1 987.0 445.0
1 1025.0 446.0
1 1077.0 446.0
1 1061.0 447.0
1 648.0 448.0
1 668.0 448.0
1 867.0 448.0
1 932.0 448.0
1 1056.0 449.0
1 727.0 450.0
1 771.0 450.0
1 1100.0 451.0
1 780.0 452.0
1 967.0 453.0
1 956.0 455.0
1 1043.0 455.0
1 693.0 456.0
1 720.0 456.0
1 946.0 456.0
1 951.0 456.0
1 1100.0 456.0
1 889.0 457.0
1 1038.0 457.0
1 656.0 458.0
1 988.0 458.0
1 1033.0 458.0
1 1075.0 458.0
1 702.0 459.0
1 711.0 459.0
1 683.0 460.0
1 798.0 460.0
1 1008.0 460.0
1 1026.0 460.0
1 806.0 461.0
1 812.0 461.0
1 877.0 461.0
1 930.0 461.0
1 646.0 462.0
1 660.0 463.0
1 976.0 463.0
1 988.0 463.0
1 693.0 464.0
1 723.0 464.0
1 961.0 464.0
1 996.0 465.0
1 1100.0 465.0
1 806.0 466.0
1 816.0 466.0
1 968.0 466.0
1 669.0 467.0
1 659.0 468.0
1 703.0 468.0
1 716.0 468.0
1 782.0 468.0
1 871.0 468.0
1 676.0 469.0
1 790.0 469.0
1 827.0 469.0
1 1043.0 469.0
1 796.0 470.0
1 986.0 470.0
1 734.0 471.0
1 1036.0 471.0
1 805.0 472.0
1 1026.0 472.0
1 684.0 473.0
1 721.0 473.0
1 726.0 473.0
1 1006.0 473.0
1 663.0 474.0
1 611.0 475.0
1 911.0 475.0
1 691.0 476.0
1 985.0 476.0
1 1054.0 476.0
1 716.0 477.0
1 742.0 477.0
1 651.0 478.0
1 737.0 478.0
1 659.0 479.0
1 668.0 479.0
1 829.0 479.0
1 854.0 479.0
1 702.0 480.0
1 805.0 480.0
1 1042.0 480.0
1 726.0 481.0
1 788.0 481.0
1 896.0 481.0
1 711.0 482.0
1 1003.0 482.0
1 649.0 483.0
1 675.0 483.0
1 737.0 483.0
1 834.0 483.0
1 668.0 484.0
1 732.0 484.0
1 751.0 484.0
1 663.0 485.0
1 693.0 485.0
1 799.0 485.0
1 593.0 486.0
1 610.0 487.0
1 654.0 487.0
1 744.0 487.0
1 874.0 487.0
1 919.0 487.0
1 645.0 488.0
1 682.0 488.0
1 718.0 488.0
1 943.0 488.0
1 677.0 489.0
1 806.0 489.0
1 1098.0 489.0
1 666.0 490.0
1 671.0 490.0
1 992.0 490.0
1 1083.0 490.0
1 635.0 491.0
1 701.0 491.0
1 967.0 491.0
1 640.0 492.0
1 729.0 492.0
1 833.0 492.0
1 689.0 493.0
1 760.0 493.0
1 794.0 493.0
1 678.0 494.0
1 734.0 494.0
1 954.0 494.0
1 648.0 495.0
1 653.0 495.0
1 667.0 495.0
1 673.0 495.0
1 817.0 495.0
1 907.0 495.0
1 1040.0 495.0
1 1176.0 495.0
1 742.0 496.0
1 856.0 496.0
1 583.0 497.0
1 617.0 497.0
1 780.0 497.0
1 697.0 498.0
1 767.0 498.0
1 897.0 498.0
1 660.0 499.0
1 725.0 499.0
1 902.0 499.0
1 960.0 499.0
1 655.0 500.0
1 685.0 500.0
1 678.0 501.0
1 734.0 501.0
1 640.0 502.0
1 781.0 502.0
1 989.0 502.0
1 1041.0 502.0
1 624.0 503.0
1 669.0 503.0
1 773.0 503.0
1 873.0 503.0
1 664.0 504.0
1 910.0 504.0
1 599.0 505.0
1 855.0 505.0
1 650.0 506.0
1 694.0 506.0
1 563.0 507.0
1 682.0 507.0
1 780.0 507.0
1 889.0 507.0
1 745.0 508.0
1 809.0 508.0
1 670.0 509.0
1 720.0 509.0
1 1040.0 509.0
1 633.0 510.0
1 676.0 510.0
1 715.0 510.0
1 1072.0 510.0
1 687.0 511.0
1 738.0 511.0
1 578.0 512.0
1 624.0 512.0
1 658.0 512.0
1 757.0 512.0
1 820.0 512.0
1 1095.0 512.0
1 794.0 513.0
1 559.0 514.0
1 645.0 514.0
1 768.0 514.0
1 865.0 514.0
1 871.0 514.0
1 931.0 514.0
1 860.0 515.0
1 879.0 515.0
1 912.0 515.0
1 676.0 516.0
1 788.0 516.0
1 936.0 516.0
1 855.0 517.0
1 884.0 517.0
1 814.0 518.0
1 636.0 519.0
1 683.0 519.0
1 751.0 519.0
1 723.0 520.0
1 654.0 521.0
1 625.0 522.0
1 670.0 522.0
1 1092.0 522.0
1 778.0 523.0
1 684.0 524.0
1 620.0 525.0
1 645.0 526.0
1 912.0 526.0
1 760.0 527.0
1 796.0 527.0
1 897.0 527.0
1 676.0 528.0
1 784.0 528.0
1 789.0 528.0
1 853.0 528.0
1 938.0 528.0
1 567.0 529.0
1 572.0 529.0
1 755.0 529.0
1 921.0 529.0
1 699.0 530.0
1 691.0 531.0
1 902.0 531.0
1 666.0 532.0
1 773.0 533.0
1 799.0 533.0
1 553.0 534.0
1 655.0 534.0
1 590.0 535.0
1 852.0 535.0
1 787.0 536.0
1 809.0 536.0
1 1066.0 536.0
1 1076.0 536.0
1 919.0 537.0
1 706.0 538.0
1 698.0 539.0
1 598.0 540.0
1 766.0 540.0
1 850.0 540.0
1 393.0 541.0
1 675.0 542.0
1 545.0 543.0
1 780.0 543.0
1 790.0 543.0
1 909.0 543.0
1 972.0 543.0
1 693.0 544.0
1 935.0 545.0
1 806.0 546.0
1 705.0 547.0
1 717.0 547.0
1 722.0 547.0
1 949.0 547.0
1 543.0 548.0
1 588.0 548.0
1 608.0 548.0
1 668.0 548.0
1 984.0 548.0
1 682.0 549.0
1 771.0 549.0
1 799.0 549.0
1 853.0 549.0
1 1052.0 549.0
1 1087.0 549.0
1 574.0 550.0
1 599.0 550.0
1 614.0 552.0
1 700.0 552.0
1 542.0 553.0
1 1065.0 553.0
1 674.0 554.0
1 818.0 554.0
1 855.0 554.0
1 915.0 554.0
1 1073.0 554.0
1 558.0 555.0
1 760.0 555.0
1 1008.0 555.0
1 727.0 556.0
1 795.0 556.0
1 1039.0 557.0
1 374.0 558.0
1 689.0 558.0
1 813.0 558.0
1 540.0 559.0
1 564.0 560.0
1 895.0 560.0
1 915.0 560.0
1 1000.0 560.0
1 808.0 561.0
1 858.0 561.0
1 682.0 563.0
1 1022.0 563.0
1 1050.0 563.0
1 540.0 564.0
1 572.0 564.0
1 628.0 564.0
1 937.0 564.0
1 944.0 564.0
1 747.0 565.0
1 766.0 565.0
1 784.0 565.0
1 735.0 566.0
1 720.0 567.0
1 917.0 567.0
1 669.0 568.0
1 697.0 568.0
1 711.0 568.0
1 779.0 569.0
1 864.0 569.0
1 944.0 569.0
1 1010.0 569.0
1 994.0 570.0
1 688.0 572.0
1 1028.0 572.0
1 598.0 573.0
1 917.0 573.0
1 944.0 574.0
1 1018.0 574.0
1 1082.0 575.0
1 815.0 576.0
1 1171.0 576.0
1 641.0 578.0
1 709.0 578.0
1 915.0 578.0
1 950.0 579.0
1 602.0 581.0
1 563.0 582.0
1 1025.0 582.0
1 571.0 583.0
1 1016.0 583.0
1 870.0 584.0
1 912.0 584.0
1 1002.0 584.0
1 670.0 585.0
1 827.0 585.0
1 1033.0 586.0
1 989.0 587.0
1 619.0 588.0
1 692.0 588.0
1 716.0 588.0
1 635.0 589.0
1 851.0 589.0
1 984.0 589.0
1 1016.0 589.0
1 1301.0 589.0
1 804.0 591.0
1 1038.0 591.0
1 640.0 592.0
1 735.0 592.0
1 1004.0 593.0
1 696.0 594.0
1 832.0 594.0
1 1014.0 594.0
1 624.0 595.0
1 896.0 595.0
1 795.0 598.0
1 601.0 599.0
1 699.0 599.0
1 723.0 599.0
1 831.0 599.0
1 973.0 599.0
1 687.0 600.0
1 899.0 600.0
1 1036.0 600.0
1 569.0 601.0
1 1078.0 601.0
1 831.0 604.0
1 702.0 605.0
1 725.0 605.0
1 1045.0 605.0
1 971.0 606.0
1 919.0 607.0
1 651.0 608.0
1 802.0 611.0
1 854.0 611.0
1 606.0 614.0
1 707.0 614.0
1 594.0 615.0
1 625.0 615.0
1 892.0 615.0
1 930.0 615.0
1 973.0 615.0
1 730.0 616.0
1 741.0 616.0
1 796.0 616.0
1 1055.0 616.0
1 1040.0 617.0
1 754.0 619.0
1 572.0 621.0
1 988.0 621.0
1 1038.0 622.0
1 610.0 623.0
1 890.0 623.0
1 976.0 623.0
1 713.0 624.0
1 1033.0 624.0
1 613.0 629.0
1 746.0 629.0
1 555.0 631.0
1 992.0 631.0
1 350.0 632.0
1 584.0 632.0
1 701.0 632.0
1 1016.0 632.0
1 1021.0 632.0
1 579.0 633.0
1 998.0 634.0
1 1003.0 634.0
1 718.0 635.0
1 1008.0 635.0
1 380.0 637.0
1 186.0 638.0
1 721.0 641.0
1 851.0 641.0
1 226.0 643.0
1 832.0 643.0
1 651.0 644.0
1 682.0 644.0
1 667.0 645.0
1 641.0 647.0
1 1070.0 647.0
1 673.0 648.0
1 832.0 648.0
1 1022.0 650.0
1 595.0 651.0
1 831.0 653.0
1 337.0 654.0
1 687.0 655.0
1 419.0 656.0
1 594.0 656.0
1 663.0 656.0
1 677.0 656.0
1 812.0 657.0
1 829.0 658.0
1 654.0 659.0
1 804.0 659.0
1 761.0 661.0
1 690.0 663.0
1 287.0 664.0
1 573.0 664.0
1 668.0 664.0
1 279.0 666.0
1 641.0 667.0
1 824.0 667.0
1 691.0 668.0
1 803.0 668.0
1 602.0 669.0
1 879.0 671.0
1 646.0 672.0
1 822.0 672.0
1 656.0 673.0
1 1067.0 673.0
1 651.0 674.0
1 666.0 674.0
1 694.0 675.0
1 817.0 676.0
1 862.0 676.0
1 877.0 676.0
1 614.0 677.0
1 1013.0 677.0
1 1066.0 678.0
1 603.0 681.0
1 682.0 681.0
1 1053.0 681.0
1 391.0 682.0
1 618.0 682.0
1 873.0 683.0
1 1064.0 684.0
1 765.0 685.0
1 588.0 686.0
1 1418.0 686.0
1 622.0 687.0
1 732.0 687.0
1 612.0 688.0
1 796.0 689.0
1 1062.0 689.0
1 697.0 690.0
1 616.0 693.0
1 629.0 694.0
1 391.0 699.0
1 622.0 699.0
1 637.0 699.0
1 843.0 700.0
1 698.0 702.0
1 1046.0 704.0
1 626.0 707.0
1 698.0 707.0
1 967.0 708.0
1 379.0 710.0
1 690.0 710.0
1 612.0 712.0
1 1058.0 712.0
1 633.0 713.0
1 661.0 715.0
1 694.0 715.0
1 682.0 716.0
1 670.0 717.0
1 933.0 718.0
1 684.0 724.0
1 970.0 724.0
1 669.0 725.0
1 747.0 725.0
1 745.0 730.0
1 692.0 733.0
1 1014.0 733.0
1 639.0 734.0
1 679.0 735.0
1 731.0 736.0
1 1013.0 739.0
1 1054.0 739.0
1 644.0 740.0
1 631.0 743.0
1 1012.0 745.0
1 658.0 746.0
1 688.0 747.0
1 667.0 749.0
1 672.0 749.0
1 127.0 754.0
1 1172.0 755.0
1 1487.0 773.0
1 111.0 774.0
1 639.0 774.0
1 236.0 785.0
1 257.0 792.0
1 90.0 794.0
1 642.0 801.0
1 191.0 802.0
1 373.0 803.0
1 853.0 804.0
1 262.0 805.0
1 179.0 806.0
1 107.0 808.0
1 160.0 813.0
1 303.0 818.0
1 1090.0 819.0
1 1206.0 820.0
1 1103.0 821.0
1 269.0 822.0
1 187.0 823.0
1 447.0 826.0
1 369.0 827.0
1 1458.0 827.0
1 492.0 828.0
1 516.0 828.0
1 307.0 829.0
1 830.0 829.0
1 459.0 831.0
1 421.0 833.0
1 828.0 834.0
1 334.0 835.0
1 406.0 838.0
1 467.0 839.0
1 1005.0 841.0
1 423.0 845.0
1 1244.0 845.0
1 346.0 846.0
1 556.0 846.0
1 366.0 847.0
1 601.0 848.0
1 408.0 851.0
1 1125.0 851.0
1 236.0 854.0
1 991.0 857.0
1 611.0 858.0
1 428.0 859.0
1 642.0 859.0
1 1315.0 859.0
1 273.0 860.0
1 625.0 862.0
1 669.0 862.0
1 338.0 863.0
1 639.0 864.0
1 439.0 868.0
1 446.0 870.0
1 422.0 871.0
1 517.0 872.0
1 231.0 874.0
1 509.0 876.0
1 468.0 878.0
1 1306.0 882.0
1 938.0 884.0
1 756.0 886.0
1 461.0 887.0
1 596.0 888.0
1 645.0 888.0
1 470.0 889.0
1 421.0 890.0
1 604.0 890.0
1 678.0 890.0
1 524.0 891.0
1 496.0 892.0
1 566.0 892.0
1 687.0 893.0
1 1122.0 895.0
1 598.0 897.0
1 628.0 897.0
1 781.0 897.0
1 19.0 898.0
1 583.0 899.0
1 1400.0 899.0
1 607.0 900.0
1 815.0 900.0
1 196.0 902.0
1 462.0 903.0
1 239.0 905.0
1 575.0 905.0
1 524.0 906.0
1 558.0 907.0
1 641.0 907.0
1 736.0 908.0
1 497.0 909.0
1 592.0 909.0
1 606.0 909.0
1 189.0 910.0
1 669.0 910.0
1 503.0 911.0
1 802.0 911.0
1 625.0 913.0
1 1402.0 913.0
1 768.0 915.0
1 204.0 916.0
1 279.0 916.0
1 779.0 916.0
1 891.0 916.0
1 938.0 918.0
1 830.0 920.0
1 849.0 920.0
1 463.0 922.0
1 957.0 923.0
1 576.0 924.0
1 695.0 924.0
1 133.0 925.0
1 659.0 925.0
1 584.0 926.0
1 702.0 926.0
1 526.0 927.0
1 771.0 927.0
1 866.0 928.0
1 479.0 930.0
1 453.0 933.0
1 684.0 933.0
1 501.0 934.0
1 636.0 934.0
1 1407.0 934.0
1 727.0 936.0
1 435.0 938.0
1 528.0 938.0
1 672.0 938.0
1 893.0 938.0
1 464.0 939.0
1 813.0 939.0
1 512.0 940.0
1 838.0 940.0
1 902.0 940.0
1 12.0 941.0
1 484.0 941.0
1 568.0 941.0
1 444.0 942.0
1 144.0 943.0
1 595.0 943.0
1 455.0 944.0
1 702.0 944.0
1 1072.0 945.0
1 769.0 946.0
1 428.0 948.0
1 563.0 948.0
1 689.0 949.0
1 896.0 949.0
1 128.0 950.0
1 658.0 951.0
1 906.0 951.0
1 812.0 957.0
1 767.0 958.0
1 825.0 960.0
1 746.0 962.0
1 415.0 964.0
1 714.0 965.0
1 632.0 967.0
1 761.0 967.0
1 449.0 968.0
1 1030.0 968.0
1 549.0 969.0
1 652.0 969.0
1 846.0 969.0
1 219.0 970.0
1 1040.0 970.0
1 606.0 971.0
1 965.0 972.0
1 1238.0 972.0
1 739.0 973.0
1 1420.0 976.0
1 447.0 977.0
1 575.0 978.0
1 412.0 979.0
1 626.0 979.0
1 639.0 980.0
1 186.0 981.0
1 689.0 981.0
1 147.0 983.0
1 541.0 984.0
1 598.0 984.0
1 734.0 984.0
1 434.0 985.0
1 1054.0 985.0
1 465.0 986.0
1 556.0 986.0
1 709.0 986.0
1 473.0 988.0
1 608.0 988.0
1 958.0 988.0
1 1065.0 988.0
1 225.0 989.0
1 525.0 990.0
1 570.0 990.0
1 992.0 990.0
1 686.0 991.0
