0 74 1 338.2024219351997
0 15 2 491.12005369845787
0 53 3 201.34316254227724
0 1 4 404.47430529111494
0 63 6 301.49216664177777
0 67 7 116.83136959532175
0 55 9 185.79903242221695
0 64 10 399.08400018934657
0 89 11 238.98442967471217
0 86 14 264.10312939367645
0 130 15 304.8639963744602
0 95 16 358.8234967013986
0 164 18 305.7762387200102
0 77 20 427.47491687475446
0 113 21 363.9020810822916
0 152 23 290.6281719650582
0 123 24 150.07712184822645
0 109 26 154.5194302205058
0 199 27 148.08570553981872
0 27 28 251.2688674812294
0 140 29 219.94996684470976
0 204 30 238.41418876555989
0 168 31 145.1524448748791
0 193 32 249.52803785543102
0 173 33 178.62470014444597
0 149 34 159.352651130656
0 88 36 288.34917282646956
0 201 39 300.28438679109354
0 220 40 180.07530071018115
0 198 41 189.895283329917
0 11 42 340.3641486360047
0 169 43 184.729659216319
0 232 44 177.72564945245483
0 244 45 204.08346574198353
0 190 46 148.42482127898137
0 245 47 192.55054630650756
0 252 48 425.0873562653401
0 223 49 315.47057997834025
0 180 50 125.42427239794709
0 36 52 201.17100232338302
0 135 53 138.3581681274617
0 136 54 154.19006592029845
0 142 55 161.10817799050744
0 148 56 173.161357017646
0 159 58 248.16913092073304
0 172 59 201.90713558695313
0 93 60 417.2281394959468
0 237 61 377.040279775253
0 266 62 278.54734870401694
0 167 63 213.16289669108156
0 197 64 181.96909786485978
0 209 65 141.61141877925388
0 269 67 296.22014751315646
0 72 68 269.15444288017693
0 139 69 296.5285205967752
0 228 70 128.26944294529824
0 257 72 248.31544847209966
0 275 73 164.42123871290707
0 51 74 193.84248112408474
0 268 77 200.5484439825035
0 185 78 178.8105653440447
0 288 79 444.84028896084055
0 302 80 439.15154302442653
0 119 81 424.62585659007584
0 147 82 145.97509971979963
0 182 83 218.88300523266767
0 213 84 167.10251338784954
0 222 85 157.05547936549542
0 308 86 249.9574606991016
0 65 87 198.7129837133728
0 263 88 360.72257540175474
0 292 89 237.73101231765764
0 312 90 186.96905850695478
0 75 91 140.5006707131098
0 218 92 178.75344913961428
0 287 93 360.1382318829318
0 283 94 279.3475536174476
0 155 95 405.87579724252595
0 191 96 318.08284418558793
0 158 97 135.28702582919186
0 165 98 136.43511515066547
0 179 99 140.75764340994738
0 256 100 163.4296383923492
0 255 101 361.39193880390866
0 188 102 165.62265943900277
0 211 103 245.7149782492246
0 215 104 233.13110694163007
0 241 105 196.3827275321598
0 274 106 272.28767308371926
0 235 107 201.02831422848033
0 254 108 145.636920901689
0 270 109 486.1367828500847
0 236 110 309.9414514336016
0 225 111 401.3010242767609
0 71 112 118.38837789264345
0 85 113 254.74089136906852
0 239 115 237.06674621071838
0 176 116 183.20758199026153
0 291 117 147.00632573823574
0 360 118 260.2370520083498
0 380 119 116.56155280193983
0 300 121 229.33251864404812
0 303 122 142.01911041160125
0 307 126 200.4142262762998
0 280 128 169.17605053778274
0 297 129 180.55290426858937
0 364 130 234.28250249088651
0 84 131 132.7990096204231
0 79 132 416.15559360475044
0 392 133 419.7204268149291
0 401 134 237.68793549852728
0 253 139 137.70209781852876
0 326 140 233.71478721181305
0 361 142 122.31673085715316
0 328 143 265.48191658164586
0 106 145 354.30804911127416
0 325 146 176.92009667050303
0 439 147 238.0250179133617
0 393 153 413.3796076652509
0 282 155 304.1165507097895
0 447 157 272.73365106603234
0 83 158 215.49056256736802
0 344 160 295.9823693668455
0 441 161 180.5388763732997
0 331 163 245.29307481079292
0 400 164 166.98286539186574
0 92 165 313.12515391731284
0 356 166 187.60696237968043
0 319 167 366.1090033679762
0 338 168 265.90811635362996
0 442 169 379.568581981075
0 464 173 228.95445772765933
0 438 174 255.14448965637908
0 330 177 338.8341967499237
0 378 180 121.4844825973203
0 424 182 129.97769947004767
0 409 185 330.559906340267
0 343 188 347.13516309576767
0 370 192 196.25541488120248
0 314 193 462.7566253375919
0 382 194 432.5221145256223
0 476 195 220.65674028811137
0 115 196 458.54976790948666
0 367 198 204.4641267390713
0 391 205 381.39519235009794
0 386 206 208.6481991903654
0 387 208 341.6246233716941
0 455 209 384.837677869297
0 468 210 360.88358013756937
0 502 212 253.3420079870336
0 388 214 293.5566483810718
0 428 215 447.2667149019982
0 488 218 445.3590065147217
0 433 224 230.97055393947238
0 451 225 217.32633498952342
0 417 227 219.95962717080656
0 528 229 340.1808144100011
0 483 232 352.9085499656709
0 462 234 166.54687464324962
0 542 235 305.57858147028634
0 431 237 448.7612682043615
0 486 238 127.44201337709924
0 472 240 335.5321066313186
0 463 244 353.4592612739665
0 493 247 332.8377829999791
0 500 248 113.40116587361675
0 512 249 117.79037178437022
0 517 250 194.1357120408646
0 535 251 252.94849231703535
0 456 252 469.75939385942473
0 467 253 282.18658908555614
0 561 255 235.91449225708567
0 492 256 177.1246235213235
0 532 257 156.39491477439833
0 487 261 222.07878393939814
0 562 265 350.6547704329748
0 547 266 206.80761419911926
0 491 268 269.9382128283439
0 516 269 311.6332318933198
0 543 270 145.1106505279384
0 514 271 240.99115223228162
0 552 272 282.0098299591875
0 471 273 319.44566409074827
0 485 274 327.66544064692437
0 402 276 380.0249911292024
0 566 278 247.42921085668885
0 573 279 223.6680162520845
0 571 282 285.77660927190675
0 524 284 147.1677739268237
0 434 285 392.0979846722207
0 548 289 302.056222567038
0 530 290 357.3655995573725
0 520 291 219.36134075816432
0 545 293 302.5515295318464
0 479 295 325.76542822253043
0 579 296 297.5219121880977
0 569 298 137.01346025378646
0 534 300 114.53679688730448
0 567 302 319.41428205343976
0 558 303 198.2015950197071
0 604 305 394.9494578548661
0 509 307 152.5393931525178
0 553 308 223.41581159539365
0 563 309 202.8505350435899
0 564 310 207.89163950440474
0 588 311 160.83675064287857
0 583 313 120.1099668225277
0 587 316 237.86912163381672
0 585 317 215.2516886846581
0 538 319 136.82399524510728
0 496 323 417.45341888069703
0 591 325 208.65913698413513
0 565 326 276.9556532471382
0 519 329 363.5531450452626
0 610 331 186.44085576995738
0 592 332 189.3958432792999
0 608 335 133.1048331657082
0 577 336 397.5531495675833
0 605 338 148.46389587184183
0 522 339 364.5558178030976
0 598 343 166.59428840270633
0 619 348 248.310707482519
0 628 349 471.69109003252976
0 616 351 168.9322855779782
0 570 356 199.407786585426
0 601 357 109.8982407926773
0 572 358 277.7851945228823
0 540 359 171.30569980035185
0 554 361 281.6026791270514
0 625 362 180.33040550548293
0 626 363 221.35543859827354
0 550 364 123.54642073461788
0 614 365 273.01234414213644
0 611 366 142.7516257496555
0 590 367 232.14470189846455
0 586 368 169.2453562030696
0 632 370 416.02543978805465
0 618 371 126.05754888433329
0 636 375 114.30818649198096
0 627 377 130.96240084079636
0 597 379 220.1648715374789
0 637 387 208.61694910996985
0 642 388 213.60429336937625
0 641 389 459.80350415803423
0 607 390 221.9972682394965
0 615 391 302.4635489422791
0 629 394 127.7622977148381
0 640 395 165.93752157397384
0 638 397 339.0094029090136
0 650 398 497.8816413442097
0 649 403 188.70548600963164
0 651 404 188.8251226357068
0 582 405 120.71289989635532
0 584 407 134.61129913195003
0 622 408 309.42783698857204
0 655 409 199.7669554441004
0 549 410 330.8055633850653
0 660 411 179.58360731157157
0 662 412 212.1462501764754
0 659 413 202.5903139119261
0 664 414 499.551497738209
0 663 415 200.40734355584368
0 665 416 190.40103773301186
0 620 424 122.77556583278368
0 634 426 409.61150032288504
0 679 431 227.8983551375971
0 643 433 449.3625218348952
0 676 435 428.0680917261285
0 693 437 363.26964016913246
0 631 438 196.24549776958872
0 673 440 274.51434559106383
0 683 445 327.3789967524976
0 691 446 129.81480446940344
0 644 447 158.54054988302624
0 688 448 121.58751815147029
0 648 449 219.3546438566226
0 687 451 269.0076675898838
0 657 453 155.737064415017
0 652 454 198.27758244155663
0 701 456 189.53035892252072
0 661 457 138.4067351742449
0 671 459 366.15546620820527
0 710 460 272.4128580720816
0 675 461 355.43062809908076
0 715 465 112.61292863276897
0 732 466 304.17281768512726
0 678 470 427.7709987260992
0 680 471 132.43123069788552
0 718 472 403.9908785972111
0 654 473 229.10690901314533
0 690 474 350.9759608515278
0 704 475 342.2040557909647
0 739 476 408.40775546045427
0 685 477 203.4383265863987
0 699 480 321.3566181238049
0 717 481 310.40674378970175
0 742 483 367.5257893997218
0 706 485 290.0558476093133
0 709 486 269.14878641160243
0 669 488 214.05699836929887
0 702 489 304.76979386386427
0 707 490 362.0287113965719
0 728 491 283.04069553862786
0 721 492 295.16690429375495
0 733 493 349.4792821570908
0 711 494 226.96223008590013
0 716 495 400.0419660723381
0 719 497 122.20992797741641
0 751 498 279.65648218110914
0 736 506 274.0079669848904
0 754 508 254.87624373432868
0 731 512 330.1030985847875
0 734 513 440.22078978035495
0 703 515 229.1254946801083
0 752 516 246.79174131345297
0 725 518 159.4000849768138
0 737 520 460.728805532629
0 749 523 174.27915094725736
0 743 525 222.4611829990503
0 748 528 345.0692669763481
0 730 529 235.75212101458524
0 740 533 226.06833328325226
0 756 534 178.6539925517248
0 759 540 264.33090456740496
0 722 542 112.69226943134092
0 755 543 303.30091530543524
0 760 546 126.50971379553437
0 762 547 224.3711066641052
0 758 548 277.25376713726655
0 747 551 141.45376716876473
0 746 552 151.57085717605185
0 763 553 357.4324083927466
0 765 555 176.24858914700016
0 768 556 209.69567209053656
0 928 584 285.4916887372367
0 918 587 139.80330627187703

0 1098.0 69.0
0 766.0 340.0
0 841.0 340.0
0 802.0 341.0
0 784.0 342.0
0 698.0 343.0
0 797.0 344.0
0 803.0 350.0
0 820.0 354.0
0 842.0 357.0
0 859.0 366.0
0 782.0 370.0
0 792.0 370.0
0 993.0 371.0
0 807.0 374.0
0 770.0 378.0
0 808.0 379.0
0 923.0 379.0
0 978.0 379.0
0 1000.0 379.0
0 646.0 380.0
0 900.0 381.0
0 610.0 382.0
0 765.0 384.0
0 781.0 385.0
0 635.0 387.0
0 817.0 387.0
0 942.0 387.0
0 620.0 388.0
0 773.0 388.0
0 924.0 388.0
0 748.0 389.0
0 915.0 389.0
0 764.0 393.0
0 789.0 394.0
0 609.0 395.0
0 634.0 395.0
0 1008.0 395.0
0 617.0 396.0
0 896.0 396.0
0 994.0 396.0
0 744.0 397.0
0 590.0 398.0
0 778.0 398.0
0 976.0 399.0
0 934.0 401.0
0 773.0 402.0
0 967.0 402.0
0 994.0 404.0
0 902.0 405.0
0 792.0 408.0
0 1014.0 409.0
0 595.0 410.0
0 640.0 410.0
0 647.0 410.0
0 652.0 410.0
0 660.0 410.0
0 665.0 410.0
0 674.0 410.0
0 690.0 410.0
0 761.0 410.0
0 901.0 410.0
0 986.0 410.0
0 681.0 411.0
0 709.0 411.0
0 720.0 411.0
0 884.0 411.0
0 970.0 411.0
0 615.0 412.0
0 626.0 412.0
0 737.0 412.0
0 906.0 412.0
0 911.0 412.0
0 954.0 412.0
0 589.0 413.0
0 621.0 413.0
0 876.0 413.0
0 927.0 413.0
0 783.0 414.0
0 941.0 417.0
0 987.0 417.0
0 621.0 418.0
0 635.0 418.0
0 695.0 419.0
0 705.0 420.0
0 729.0 420.0
0 971.0 420.0
0 556.0 421.0
0 896.0 421.0
0 916.0 421.0
0 952.0 421.0
0 593.0 422.0
0 785.0 422.0
0 908.0 422.0
0 929.0 422.0
0 621.0 423.0
0 877.0 424.0
0 640.0 425.0
0 651.0 425.0
0 665.0 425.0
0 737.0 425.0
0 1037.0 425.0
0 674.0 426.0
0 684.0 426.0
0 693.0 426.0
0 720.0 426.0
0 756.0 426.0
0 714.0 427.0
0 725.0 427.0
0 1013.0 427.0
0 809.0 429.0
0 821.0 430.0
0 560.0 432.0
0 621.0 433.0
0 836.0 433.0
0 841.0 433.0
0 631.0 434.0
0 772.0 434.0
0 943.0 435.0
0 987.0 435.0
0 912.0 437.0
0 743.0 438.0
0 755.0 438.0
0 1040.0 438.0
0 634.0 439.0
0 860.0 439.0
0 763.0 441.0
0 903.0 441.0
0 881.0 442.0
0 740.0 443.0
0 914.0 443.0
0 587.0 445.0
0 622.0 445.0
0 850.0 446.0
0 990.0 446.0
0 925.0 447.0
0 942.0 447.0
0 960.0 447.0
0 965.0 447.0
0 689.0 448.0
0 808.0 449.0
0 842.0 449.0
0 1021.0 449.0
0 763.0 451.0
0 871.0 451.0
0 614.0 452.0
0 787.0 452.0
0 885.0 452.0
0 639.0 453.0
0 892.0 453.0
0 835.0 454.0
0 651.0 455.0
0 656.0 455.0
0 920.0 455.0
0 1028.0 455.0
0 622.0 456.0
0 645.0 456.0
0 843.0 456.0
0 560.0 457.0
0 608.0 457.0
0 757.0 459.0
0 834.0 459.0
0 596.0 460.0
0 746.0 460.0
0 940.0 460.0
0 549.0 461.0
0 764.0 461.0
0 673.0 462.0
0 782.0 462.0
0 874.0 462.0
0 898.0 462.0
0 589.0 463.0
0 736.0 463.0
0 857.0 463.0
0 822.0 464.0
0 1041.0 464.0
0 612.0 465.0
0 684.0 465.0
0 889.0 465.0
0 559.0 466.0
0 772.0 466.0
0 862.0 466.0
0 1018.0 466.0
0 725.0 467.0
0 794.0 468.0
0 810.0 468.0
0 631.0 469.0
0 653.0 469.0
0 664.0 469.0
0 738.0 469.0
0 817.0 469.0
0 1040.0 469.0
0 747.0 470.0
0 568.0 471.0
0 700.0 471.0
0 864.0 471.0
0 557.0 472.0
0 638.0 472.0
0 785.0 472.0
0 657.0 474.0
0 814.0 474.0
0 644.0 475.0
0 693.0 476.0
0 1041.0 476.0
0 548.0 477.0
0 680.0 477.0
0 738.0 477.0
0 1019.0 477.0
0 667.0 478.0
0 628.0 479.0
0 812.0 479.0
0 651.0 480.0
0 891.0 480.0
0 587.0 481.0
0 731.0 481.0
0 582.0 482.0
0 701.0 482.0
0 787.0 482.0
0 876.0 482.0
0 871.0 484.0
0 638.0 485.0
0 659.0 485.0
0 778.0 486.0
0 631.0 487.0
0 747.0 487.0
0 708.0 488.0
0 739.0 488.0
0 766.0 488.0
0 797.0 490.0
0 872.0 490.0
0 644.0 491.0
0 666.0 491.0
0 810.0 491.0
0 531.0 493.0
0 720.0 494.0
0 873.0 495.0
0 878.0 495.0
0 787.0 496.0
0 1018.0 496.0
0 577.0 497.0
0 712.0 497.0
0 1041.0 497.0
0 528.0 498.0
0 644.0 499.0
0 760.0 499.0
0 582.0 500.0
0 679.0 500.0
0 809.0 500.0
0 927.0 501.0
0 939.0 501.0
0 1005.0 501.0
0 991.0 502.0
0 1040.0 502.0
0 751.0 503.0
0 590.0 504.0
0 658.0 504.0
0 727.0 504.0
0 965.0 504.0
0 521.0 506.0
0 650.0 506.0
0 810.0 506.0
0 1027.0 506.0
0 684.0 507.0
0 879.0 507.0
0 574.0 508.0
0 672.0 509.0
0 968.0 509.0
0 666.0 510.0
0 561.0 511.0
0 812.0 511.0
0 958.0 511.0
0 731.0 512.0
0 893.0 512.0
0 537.0 513.0
0 765.0 513.0
0 759.0 514.0
0 582.0 515.0
0 691.0 515.0
0 969.0 515.0
0 974.0 515.0
0 548.0 516.0
0 554.0 516.0
0 873.0 516.0
0 979.0 516.0
0 1019.0 516.0
0 512.0 517.0
0 609.0 519.0
0 652.0 519.0
0 956.0 519.0
0 1005.0 519.0
0 530.0 520.0
0 563.0 520.0
0 585.0 520.0
0 816.0 520.0
0 573.0 521.0
0 763.0 521.0
0 872.0 521.0
0 693.0 522.0
0 985.0 522.0
0 543.0 523.0
0 751.0 523.0
0 554.0 524.0
0 956.0 524.0
0 685.0 525.0
0 603.0 526.0
0 697.0 527.0
0 871.0 527.0
0 548.0 528.0
0 894.0 528.0
0 742.0 530.0
0 824.0 530.0
0 955.0 530.0
0 962.0 530.0
0 984.0 530.0
0 503.0 531.0
0 623.0 531.0
0 866.0 531.0
0 975.0 531.0
0 935.0 532.0
0 776.0 533.0
0 610.0 534.0
0 662.0 534.0
0 831.0 535.0
0 501.0 536.0
0 860.0 536.0
0 994.0 536.0
0 907.0 537.0
0 855.0 538.0
0 954.0 538.0
0 531.0 539.0
0 840.0 539.0
0 849.0 539.0
0 942.0 540.0
0 618.0 541.0
0 662.0 541.0
0 972.0 541.0
0 607.0 542.0
0 668.0 543.0
0 963.0 543.0
0 652.0 544.0
0 1000.0 544.0
0 626.0 545.0
0 632.0 545.0
0 938.0 545.0
0 660.0 546.0
0 1040.0 547.0
0 576.0 549.0
0 910.0 549.0
0 1002.0 549.0
0 620.0 550.0
0 602.0 551.0
0 935.0 551.0
0 1039.0 552.0
0 1027.0 553.0
0 674.0 554.0
0 496.0 555.0
0 559.0 557.0
0 765.0 557.0
0 904.0 557.0
0 520.0 558.0
0 630.0 558.0
0 714.0 558.0
0 1005.0 558.0
0 933.0 559.0
0 527.0 560.0
0 695.0 561.0
0 756.0 561.0
0 783.0 561.0
0 830.0 561.0
0 636.0 563.0
0 679.0 566.0
0 860.0 566.0
0 846.0 567.0
0 699.0 568.0
0 934.0 568.0
0 894.0 569.0
0 517.0 570.0
0 876.0 570.0
0 612.0 571.0
0 810.0 571.0
0 567.0 572.0
0 577.0 572.0
0 884.0 572.0
0 1039.0 572.0
0 525.0 573.0
0 572.0 573.0
0 640.0 573.0
0 935.0 573.0
0 996.0 573.0
0 1026.0 574.0
0 790.0 575.0
0 785.0 576.0
0 601.0 577.0
0 684.0 577.0
0 764.0 577.0
0 759.0 578.0
0 1039.0 578.0
0 702.0 579.0
0 684.0 582.0
0 1039.0 583.0
0 645.0 585.0
0 891.0 585.0
0 704.0 586.0
0 944.0 586.0
0 992.0 586.0
0 515.0 588.0
0 1039.0 588.0
0 524.0 589.0
0 793.0 590.0
0 950.0 590.0
0 492.0 591.0
0 984.0 591.0
0 955.0 592.0
0 976.0 594.0
0 688.0 595.0
0 963.0 595.0
0 968.0 595.0
0 707.0 598.0
0 1039.0 604.0
0 627.0 605.0
0 597.0 606.0
0 690.0 608.0
0 563.0 609.0
0 654.0 612.0
0 520.0 613.0
0 691.0 613.0
0 564.0 614.0
0 618.0 616.0
0 710.0 616.0
0 606.0 618.0
0 975.0 618.0
0 989.0 621.0
0 495.0 622.0
0 710.0 622.0
0 693.0 624.0
0 1038.0 625.0
0 621.0 626.0
0 656.0 627.0
0 557.0 628.0
0 693.0 629.0
0 637.0 630.0
0 521.0 631.0
0 529.0 636.0
0 577.0 637.0
0 609.0 637.0
0 657.0 638.0
0 766.0 638.0
0 521.0 639.0
0 774.0 640.0
0 850.0 640.0
0 600.0 643.0
0 632.0 643.0
0 1026.0 647.0
0 532.0 649.0
0 571.0 650.0
0 610.0 650.0
0 765.0 650.0
0 526.0 651.0
0 649.0 651.0
0 789.0 656.0
0 659.0 657.0
0 586.0 658.0
0 604.0 658.0
0 622.0 658.0
0 771.0 659.0
0 983.0 659.0
0 659.0 662.0
0 652.0 663.0
0 848.0 663.0
0 769.0 665.0
0 786.0 666.0
0 544.0 669.0
0 642.0 671.0
0 510.0 672.0
0 605.0 672.0
0 590.0 675.0
0 654.0 675.0
0 537.0 678.0
0 637.0 679.0
0 632.0 681.0
0 779.0 681.0
0 542.0 682.0
0 920.0 683.0
0 651.0 684.0
0 754.0 684.0
0 610.0 685.0
0 615.0 685.0
0 759.0 685.0
0 806.0 685.0
0 550.0 688.0
0 1038.0 689.0
0 687.0 690.0
0 562.0 692.0
0 549.0 693.0
0 772.0 693.0
0 1038.0 694.0
0 685.0 696.0
0 1025.0 698.0
0 637.0 699.0
0 865.0 699.0
0 1038.0 699.0
0 571.0 700.0
0 872.0 701.0
0 877.0 702.0
0 883.0 703.0
0 1016.0 703.0
0 554.0 705.0
0 892.0 705.0
0 638.0 706.0
0 681.0 707.0
0 748.0 707.0
0 903.0 707.0
0 1037.0 707.0
0 583.0 708.0
0 839.0 708.0
0 844.0 709.0
0 623.0 711.0
0 853.0 711.0
0 535.0 712.0
0 679.0 712.0
0 596.0 713.0
0 859.0 713.0
0 563.0 714.0
0 612.0 714.0
0 617.0 714.0
0 939.0 715.0
0 951.0 716.0
0 133.0 717.0
0 569.0 717.0
0 737.0 718.0
0 981.0 718.0
0 992.0 718.0
0 674.0 719.0
0 1020.0 719.0
0 622.0 720.0
0 808.0 720.0
0 1038.0 722.0
0 578.0 723.0
0 593.0 724.0
0 607.0 724.0
0 640.0 725.0
0 76.0 727.0
0 837.0 728.0
0 942.0 732.0
0 1033.0 732.0
0 664.0 733.0
0 990.0 735.0
0 623.0 737.0
0 689.0 737.0
0 191.0 738.0
0 618.0 738.0
0 1038.0 740.0
0 569.0 741.0
0 661.0 750.0
0 939.0 752.0
0 1037.0 755.0
0 992.0 756.0
0 987.0 757.0
0 1464.0 760.0
0 566.0 761.0
0 939.0 762.0
0 1035.0 773.0
0 542.0 774.0
0 940.0 778.0
0 1019.0 779.0
0 1034.0 780.0
0 1148.0 787.0
0 531.0 790.0
0 1034.0 791.0
0 1032.0 807.0
0 1052.0 808.0
0 520.0 810.0
0 1127.0 812.0
0 637.0 815.0
0 271.0 819.0
0 514.0 823.0
0 883.0 823.0
0 615.0 827.0
0 266.0 831.0
0 1031.0 837.0
0 509.0 878.0
0 977.0 881.0
0 598.0 883.0
0 1030.0 883.0
0 738.0 889.0
0 599.0 903.0
0 1028.0 903.0
0 1101.0 918.0
0 785.0 948.0
1 832.0 275.0
1 840.0 277.0
1 644.0 282.0
1 671.0 282.0
1 732.0 282.0
1 831.0 282.0
1 676.0 283.0
1 805.0 283.0
1 682.0 284.0
1 709.0 286.0
1 760.0 289.0
1 629.0 290.0
1 683.0 290.0
1 832.0 290.0
1 853.0 291.0
1 901.0 292.0
1 738.0 293.0
1 783.0 294.0
1 722.0 295.0
1 687.0 296.0
1 869.0 297.0
1 712.0 298.0
1 794.0 298.0
1 837.0 298.0
1 784.0 299.0
1 638.0 300.0
1 757.0 300.0
1 649.0 301.0
1 770.0 302.0
1 622.0 303.0
1 783.0 304.0
1 697.0 305.0
1 736.0 305.0
1 752.0 305.0
1 813.0 305.0
1 853.0 305.0
1 638.0 307.0
1 830.0 307.0
1 707.0 308.0
1 713.0 308.0
1 792.0 308.0
1 724.0 309.0
1 900.0 309.0
1 736.0 310.0
1 813.0 310.0
1 674.0 311.0
1 843.0 311.0
1 692.0 313.0
1 592.0 314.0
1 781.0 314.0
1 819.0 314.0
1 631.0 316.0
1 829.0 317.0
1 853.0 317.0
1 593.0 319.0
1 906.0 319.0
1 618.0 320.0
1 654.0 320.0
1 682.0 320.0
1 704.0 320.0
1 727.0 320.0
1 911.0 320.0
1 668.0 322.0
1 842.0 322.0
1 916.0 322.0
1 596.0 324.0
1 633.0 327.0
1 855.0 329.0
1 841.0 330.0
1 689.0 332.0
1 675.0 335.0
1 599.0 336.0
1 655.0 336.0
1 890.0 336.0
1 813.0 337.0
1 633.0 338.0
1 661.0 340.0
1 704.0 341.0
1 928.0 345.0
1 662.0 347.0
1 931.0 350.0
1 691.0 352.0
1 590.0 358.0
1 601.0 359.0
1 628.0 359.0
1 662.0 360.0
1 859.0 360.0
1 638.0 362.0
1 679.0 366.0
1 838.0 366.0
1 867.0 367.0
1 1174.0 367.0
1 587.0 370.0
1 805.0 370.0
1 940.0 370.0
1 856.0 371.0
1 869.0 372.0
1 602.0 373.0
1 828.0 373.0
1 850.0 374.0
1 609.0 375.0
1 673.0 375.0
1 999.0 375.0
1 1004.0 375.0
1 593.0 376.0
1 1009.0 376.0
1 654.0 377.0
1 979.0 378.0
1 1027.0 378.0
1 868.0 379.0
1 844.0 380.0
1 1032.0 380.0
1 821.0 381.0
1 970.0 381.0
1 1037.0 381.0
1 602.0 383.0
1 644.0 383.0
1 856.0 383.0
1 946.0 383.0
1 667.0 385.0
1 963.0 386.0
1 583.0 388.0
1 657.0 388.0
1 837.0 388.0
1 612.0 389.0
1 849.0 389.0
1 951.0 390.0
1 863.0 391.0
1 957.0 391.0
1 982.0 391.0
1 814.0 392.0
1 601.0 393.0
1 968.0 393.0
1 1055.0 393.0
1 650.0 394.0
1 676.0 394.0
1 684.0 395.0
1 842.0 395.0
1 923.0 395.0
1 661.0 396.0
1 826.0 396.0
1 934.0 396.0
1 691.0 398.0
1 1042.0 398.0
1 923.0 400.0
1 964.0 401.0
1 969.0 401.0
1 674.0 402.0
1 700.0 402.0
1 836.0 402.0
1 974.0 402.0
1 818.0 403.0
1 809.0 404.0
1 952.0 404.0
1 1063.0 405.0
1 658.0 407.0
1 913.0 407.0
1 1054.0 407.0
1 681.0 408.0
1 714.0 408.0
1 851.0 408.0
1 934.0 408.0
1 943.0 409.0
1 808.0 410.0
1 1039.0 410.0
1 691.0 412.0
1 951.0 412.0
1 725.0 413.0
1 793.0 413.0
1 824.0 414.0
1 926.0 414.0
1 843.0 415.0
1 731.0 416.0
1 810.0 416.0
1 1051.0 416.0
1 888.0 417.0
1 674.0 418.0
1 791.0 418.0
1 972.0 418.0
1 705.0 419.0
1 837.0 419.0
1 1058.0 419.0
1 741.0 421.0
1 944.0 421.0
1 663.0 422.0
1 828.0 422.0
1 932.0 422.0
1 979.0 422.0
1 713.0 423.0
1 746.0 423.0
1 817.0 423.0
1 924.0 423.0
1 903.0 424.0
1 970.0 424.0
1 1035.0 424.0
1 1073.0 424.0
1 645.0 425.0
1 751.0 425.0
1 785.0 425.0
1 999.0 425.0
1 944.0 426.0
1 956.0 426.0
1 678.0 427.0
1 721.0 427.0
1 977.0 427.0
1 604.0 429.0
1 759.0 429.0
1 1074.0 429.0
1 659.0 430.0
1 764.0 430.0
1 854.0 430.0
1 731.0 431.0
1 1067.0 431.0
1 746.0 432.0
1 643.0 433.0
1 736.0 433.0
1 741.0 433.0
1 924.0 433.0
1 828.0 434.0
1 932.0 434.0
1 1054.0 434.0
1 1078.0 434.0
1 774.0 435.0
1 955.0 435.0
1 949.0 436.0
1 866.0 437.0
1 750.0 438.0
1 861.0 438.0
1 781.0 440.0
1 941.0 440.0
1 972.0 440.0
1 659.0 441.0
1 1034.0 441.0
1 1053.0 441.0
1 690.0 442.0
1 756.0 442.0
1 855.0 442.0
1 952.0 442.0
1 1064.0 442.0
1 883.0 443.0
1 701.0 444.0
1 763.0 444.0
1 982.0 444.0
1 781.0 445.0
1 987.0 445.0
1 1025.0 446.0
1 1077.0 446.0
1 1061.0 447.0
1 648.0 448.0
1 668.0 448.0
1 867.0 448.0
1 932.0 448.0
1 1056.0 449.0
1 727.0 450.0
1 771.0 450.0
1 1100.0 451.0
1 780.0 452.0
1 967.0 453.0
1 956.0 455.0
1 1043.0 455.0
1 693.0 456.0
1 720.0 456.0
1 946.0 456.0
1 951.0 456.0
1 1100.0 456.0
1 889.0 457.0
1 1038.0 457.0
1 656.0 458.0
1 988.0 458.0
1 1033.0 458.0
1 1075.0 458.0
1 702.0 459.0
1 711.0 459.0
1 683.0 460.0
1 798.0 460.0
1 1008.0 460.0
1 1026.0 460.0
1 806.0 461.0
1 812.0 461.0
1 877.0 461.0
1 930.0 461.0
1 646.0 462.0
1 660.0 463.0
1 976.0 463.0
1 988.0 463.0
1 693.0 464.0
1 723.0 464.0
1 961.0 464.0
1 996.0 465.0
1 1100.0 465.0
1 806.0 466.0
1 816.0 466.0
1 968.0 466.0
1 669.0 467.0
1 659.0 468.0
1 703.0 468.0
1 716.0 468.0
1 782.0 468.0
1 871.0 468.0
1 676.0 469.0
1 790.0 469.0
1 827.0 469.0
1 1043.0 469.0
1 796.0 470.0
1 986.0 470.0
1 734.0 471.0
1 1036.0 471.0
1 805.0 472.0
1 1026.0 472.0
1 684.0 473.0
1 721.0 473.0
1 726.0 473.0
1 1006.0 473.0
1 663.0 474.0
1 611.0 475.0
1 911.0 475.0
1 691.0 476.0
1 985.0 476.0
1 1054.0 476.0
1 716.0 477.0
1 742.0 477.0
1 651.0 478.0
1 737.0 478.0
1 659.0 479.0
1 668.0 479.0
1 829.0 479.0
1 854.0 479.0
1 702.0 480.0
1 805.0 480.0
1 1042.0 480.0
1 726.0 481.0
1 788.0 481.0
1 896.0 481.0
1 711.0 482.0
1 1003.0 482.0
1 649.0 483.0
1 675.0 483.0
1 737.0 483.0
1 834.0 483.0
1 668.0 484.0
1 732.0 484.0
1 751.0 484.0
1 663.0 485.0
1 693.0 485.0
1 799.0 485.0
1 593.0 486.0
1 610.0 487.0
1 654.0 487.0
1 744.0 487.0
1 874.0 487.0
1 919.0 487.0
1 645.0 488.0
1 682.0 488.0
1 718.0 488.0
1 943.0 488.0
1 677.0 489.0
1 806.0 489.0
1 1098.0 489.0
1 666.0 490.0
1 671.0 490.0
1 992.0 490.0
1 1083.0 490.0
1 635.0 491.0
1 701.0 491.0
1 967.0 491.0
1 640.0 492.0
1 729.0 492.0
1 833.0 492.0
1 689.0 493.0
1 760.0 493.0
1 794.0 493.0
1 678.0 494.0
1 734.0 494.0
1 954.0 494.0
1 648.0 495.0
1 653.0 495.0
1 667.0 495.0
1 673.0 495.0
1 817.0 495.0
1 907.0 495.0
1 1040.0 495.0
1 1176.0 495.0
1 742.0 496.0
1 856.0 496.0
1 583.0 497.0
1 617.0 497.0
1 780.0 497.0
1 697.0 498.0
1 767.0 498.0
1 897.0 498.0
1 660.0 499.0
1 725.0 499.0
1 902.0 499.0
1 960.0 499.0
1 655.0 500.0
1 685.0 500.0
1 678.0 501.0
1 734.0 501.0
1 640.0 502.0
1 781.0 502.0
1 989.0 502.0
1 1041.0 502.0
1 624.0 503.0
1 669.0 503.0
1 773.0 503.0
1 873.0 503.0
1 664.0 504.0
1 910.0 504.0
1 599.0 505.0
1 855.0 505.0
1 650.0 506.0
1 694.0 506.0
1 563.0 507.0
1 682.0 507.0
1 780.0 507.0
1 889.0 507.0
1 745.0 508.0
1 809.0 508.0
1 670.0 509.0
1 720.0 509.0
1 1040.0 509.0
1 633.0 510.0
1 676.0 510.0
1 715.0 510.0
1 1072.0 510.0
1 687.0 511.0
1 738.0 511.0
1 578.0 512.0
1 624.0 512.0
1 658.0 512.0
1 757.0 512.0
1 820.0 512.0
1 1095.0 512.0
1 794.0 513.0
1 559.0 514.0
1 645.0 514.0
1 768.0 514.0
1 865.0 514.0
1 871.0 514.0
1 931.0 514.0
1 860.0 515.0
1 879.0 515.0
1 912.0 515.0
1 676.0 516.0
1 788.0 516.0
1 936.0 516.0
1 855.0 517.0
1 884.0 517.0
1 814.0 518.0
1 636.0 519.0
1 683.0 519.0
1 751.0 519.0
1 723.0 520.0
1 654.0 521.0
1 625.0 522.0
1 670.0 522.0
1 1092.0 522.0
1 778.0 523.0
1 684.0 524.0
1 620.0 525.0
1 645.0 526.0
1 912.0 526.0
1 760.0 527.0
1 796.0 527.0
1 897.0 527.0
1 676.0 528.0
1 784.0 528.0
1 789.0 528.0
1 853.0 528.0
1 938.0 528.0
1 567.0 529.0
1 572.0 529.0
1 755.0 529.0
1 921.0 529.0
1 699.0 530.0
1 691.0 531.0
1 902.0 531.0
1 666.0 532.0
1 773.0 533.0
1 799.0 533.0
1 553.0 534.0
1 655.0 534.0
1 590.0 535.0
1 852.0 535.0
1 787.0 536.0
1 809.0 536.0
1 1066.0 536.0
1 1076.0 536.0
1 919.0 537.0
1 706.0 538.0
1 698.0 539.0
1 598.0 540.0
1 766.0 540.0
1 850.0 540.0
1 393.0 541.0
1 675.0 542.0
1 545.0 543.0
1 780.0 543.0
1 790.0 543.0
1 909.0 543.0
1 972.0 543.0
1 693.0 544.0
1 935.0 545.0
1 806.0 546.0
1 705.0 547.0
1 717.0 547.0
1 722.0 547.0
1 949.0 547.0
1 543.0 548.0
1 588.0 548.0
1 608.0 548.0
1 668.0 548.0
1 984.0 548.0
1 682.0 549.0
1 771.0 549.0
1 799.0 549.0
1 853.0 549.0
1 1052.0 549.0
1 1087.0 549.0
1 574.0 550.0
1 599.0 550.0
1 614.0 552.0
1 700.0 552.0
1 542.0 553.0
1 1065.0 553.0
1 674.0 554.0
1 818.0 554.0
1 855.0 554.0
1 915.0 554.0
1 1073.0 554.0
1 558.0 555.0
1 760.0 555.0
1 1008.0 555.0
1 727.0 556.0
1 795.0 556.0
1 1039.0 557.0
1 374.0 558.0
1 689.0 558.0
1 813.0 558.0
1 540.0 559.0
1 564.0 560.0
1 895.0 560.0
1 915.0 560.0
1 1000.0 560.0
1 808.0 561.0
1 858.0 561.0
1 682.0 563.0
1 1022.0 563.0
1 1050.0 563.0
1 540.0 564.0
1 572.0 564.0
1 628.0 564.0
1 937.0 564.0
1 944.0 564.0
1 747.0 565.0
1 766.0 565.0
1 784.0 565.0
1 735.0 566.0
1 720.0 567.0
1 917.0 567.0
1 669.0 568.0
1 697.0 568.0
1 711.0 568.0
1 779.0 569.0
1 864.0 569.0
1 944.0 569.0
1 1010.0 569.0
1 994.0 570.0
1 688.0 572.0
1 1028.0 572.0
1 598.0 573.0
1 917.0 573.0
1 944.0 574.0
1 1018.0 574.0
1 1082.0 575.0
1 815.0 576.0
1 1171.0 576.0
1 641.0 578.0
1 709.0 578.0
1 915.0 578.0
1 950.0 579.0
1 602.0 581.0
1 563.0 582.0
1 1025.0 582.0
1 571.0 583.0
1 1016.0 583.0
1 870.0 584.0
1 912.0 584.0
1 1002.0 584.0
1 670.0 585.0
1 827.0 585.0
1 1033.0 586.0
1 989.0 587.0
1 619.0 588.0
1 692.0 588.0
1 716.0 588.0
1 635.0 589.0
1 851.0 589.0
1 984.0 589.0
1 1016.0 589.0
1 1301.0 589.0
1 804.0 591.0
1 1038.0 591.0
1 640.0 592.0
1 735.0 592.0
1 1004.0 593.0
1 696.0 594.0
1 832.0 594.0
1 1014.0 594.0
1 624.0 595.0
1 896.0 595.0
1 795.0 598.0
1 601.0 599.0
1 699.0 599.0
1 723.0 599.0
1 831.0 599.0
1 973.0 599.0
1 687.0 600.0
1 899.0 600.0
1 1036.0 600.0
1 569.0 601.0
1 1078.0 601.0
1 831.0 604.0
1 702.0 605.0
1 725.0 605.0
1 1045.0 605.0
1 971.0 606.0
1 919.0 607.0
1 651.0 608.0
1 802.0 611.0
1 854.0 611.0
1 606.0 614.0
1 707.0 614.0
1 594.0 615.0
1 625.0 615.0
1 892.0 615.0
1 930.0 615.0
1 973.0 615.0
1 730.0 616.0
1 741.0 616.0
1 796.0 616.0
1 1055.0 616.0
1 1040.0 617.0
1 754.0 619.0
1 572.0 621.0
1 988.0 621.0
1 1038.0 622.0
1 610.0 623.0
1 890.0 623.0
1 976.0 623.0
1 713.0 624.0
1 1033.0 624.0
1 613.0 629.0
1 746.0 629.0
1 555.0 631.0
1 992.0 631.0
1 350.0 632.0
1 584.0 632.0
1 701.0 632.0
1 1016.0 632.0
1 1021.0 632.0
1 579.0 633.0
1 998.0 634.0
1 1003.0 634.0
1 718.0 635.0
1 1008.0 635.0
1 380.0 637.0
1 186.0 638.0
1 721.0 641.0
1 851.0 641.0
1 226.0 643.0
1 832.0 643.0
1 651.0 644.0
1 682.0 644.0
1 667.0 645.0
1 641.0 647.0
1 1070.0 647.0
1 673.0 648.0
1 832.0 648.0
1 1022.0 650.0
1 595.0 651.0
1 831.0 653.0
1 337.0 654.0
1 687.0 655.0
1 419.0 656.0
1 594.0 656.0
1 663.0 656.0
1 677.0 656.0
1 812.0 657.0
1 829.0 658.0
1 654.0 659.0
1 804.0 659.0
1 761.0 661.0
1 690.0 663.0
1 287.0 664.0
1 573.0 664.0
1 668.0 664.0
1 279.0 666.0
1 641.0 667.0
1 824.0 667.0
1 691.0 668.0
1 803.0 668.0
1 602.0 669.0
1 879.0 671.0
1 646.0 672.0
1 822.0 672.0
1 656.0 673.0
1 1067.0 673.0
1 651.0 674.0
1 666.0 674.0
1 694.0 675.0
1 817.0 676.0
1 862.0 676.0
1 877.0 676.0
1 614.0 677.0
1 1013.0 677.0
1 1066.0 678.0
1 603.0 681.0
1 682.0 681.0
1 1053.0 681.0
1 391.0 682.0
1 618.0 682.0
1 873.0 683.0
1 1064.0 684.0
1 765.0 685.0
1 588.0 686.0
1 1418.0 686.0
1 622.0 687.0
1 732.0 687.0
1 612.0 688.0
1 796.0 689.0
1 1062.0 689.0
1 697.0 690.0
1 616.0 693.0
1 629.0 694.0
1 391.0 699.0
1 622.0 699.0
1 637.0 699.0
1 843.0 700.0
1 698.0 702.0
1 1046.0 704.0
1 626.0 707.0
1 698.0 707.0
1 967.0 708.0
1 379.0 710.0
1 690.0 710.0
1 612.0 712.0
1 1058.0 712.0
1 633.0 713.0
1 661.0 715.0
1 694.0 715.0
1 682.0 716.0
1 670.0 717.0
1 933.0 718.0
1 684.0 724.0
1 970.0 724.0
1 669.0 725.0
1 747.0 725.0
1 745.0 730.0
1 692.0 733.0
1 1014.0 733.0
1 639.0 734.0
1 679.0 735.0
1 731.0 736.0
1 1013.0 739.0
1 1054.0 739.0
1 644.0 740.0
1 631.0 743.0
1 1012.0 745.0
1 658.0 746.0
1 688.0 747.0
1 667.0 749.0
1 672.0 749.0
1 127.0 754.0
1 1172.0 755.0
1 1487.0 773.0
1 111.0 774.0
1 639.0 774.0
1 236.0 785.0
1 257.0 792.0
1 90.0 794.0
1 642.0 801.0
1 191.0 802.0
1 373.0 803.0
1 853.0 804.0
1 262.0 805.0
1 179.0 806.0
1 107.0 808.0
1 160.0 813.0
1 303.0 818.0
1 1090.0 819.0
1 1206.0 820.0
1 1103.0 821.0
1 269.0 822.0
1 187.0 823.0
1 447.0 826.0
1 369.0 827.0
1 1458.0 827.0
1 492.0 828.0
1 516.0 828.0
1 307.0 829.0
1 830.0 829.0
1 459.0 831.0
1 421.0 833.0
1 828.0 834.0
1 334.0 835.0
1 406.0 838.0
1 467.0 839.0
1 1005.0 841.0
1 423.0 845.0
1 1244.0 845.0
1 346.0 846.0
1 556.0 846.0
1 366.0 847.0
1 601.0 848.0
1 408.0 851.0
1 1125.0 851.0
1 236.0 854.0
1 991.0 857.0
1 611.0 858.0
1 428.0 859.0
1 642.0 859.0
1 1315.0 859.0
1 273.0 860.0
1 625.0 862.0
1 669.0 862.0
1 338.0 863.0
1 639.0 864.0
1 439.0 868.0
1 446.0 870.0
1 422.0 871.0
1 517.0 872.0
1 231.0 874.0
1 509.0 876.0
1 468.0 878.0
1 1306.0 882.0
1 938.0 884.0
1 756.0 886.0
1 461.0 887.0
1 596.0 888.0
1 645.0 888.0
1 470.0 889.0
1 421.0 890.0
1 604.0 890.0
1 678.0 890.0
1 524.0 891.0
1 496.0 892.0
1 566.0 892.0
1 687.0 893.0
1 1122.0 895.0
1 598.0 897.0
1 628.0 897.0
1 781.0 897.0
1 19.0 898.0
1 583.0 899.0
1 1400.0 899.0
1 607.0 900.0
1 815.0 900.0
1 196.0 902.0
1 462.0 903.0
1 239.0 905.0
1 575.0 905.0
1 524.0 906.0
1 558.0 907.0
1 641.0 907.0
1 736.0 908.0
1 497.0 909.0
1 592.0 909.0
1 606.0 909.0
1 189.0 910.0
1 669.0 910.0
1 503.0 911.0
1 802.0 911.0
1 625.0 913.0
1 1402.0 913.0
1 768.0 915.0
1 204.0 916.0
1 279.0 916.0
1 779.0 916.0
1 891.0 916.0
1 938.0 918.0
1 830.0 920.0
1 849.0 920.0
1 463.0 922.0
1 957.0 923.0
1 576.0 924.0
1 695.0 924.0
1 133.0 925.0
1 659.0 925.0
1 584.0 926.0
1 702.0 926.0
1 526.0 927.0
1 771.0 927.0
1 866.0 928.0
1 479.0 930.0
1 453.0 933.0
1 684.0 933.0
1 501.0 934.0
1 636.0 934.0
1 1407.0 934.0
1 727.0 936.0
1 435.0 938.0
1 528.0 938.0
1 672.0 938.0
1 893.0 938.0
1 464.0 939.0
1 813.0 939.0
1 512.0 940.0
1 838.0 940.0
1 902.0 940.0
1 12.0 941.0
1 484.0 941.0
1 568.0 941.0
1 444.0 942.0
1 144.0 943.0
1 595.0 943.0
1 455.0 944.0
1 702.0 944.0
1 1072.0 945.0
1 769.0 946.0
1 428.0 948.0
1 563.0 948.0
1 689.0 949.0
1 896.0 949.0
1 128.0 950.0
1 658.0 951.0
1 906.0 951.0
1 812.0 957.0
1 767.0 958.0
1 825.0 960.0
1 746.0 962.0
1 415.0 964.0
1 714.0 965.0
1 632.0 967.0
1 761.0 967.0
1 449.0 968.0
1 1030.0 968.0
1 549.0 969.0
1 652.0 969.0
1 846.0 969.0
1 219.0 970.0
1 1040.0 970.0
1 606.0 971.0
1 965.0 972.0
1 1238.0 972.0
1 739.0 973.0
1 1420.0 976.0
1 447.0 977.0
1 575.0 978.0
1 412.0 979.0
1 626.0 979.0
1 639.0 980.0
1 186.0 981.0
1 689.0 981.0
1 147.0 983.0
1 541.0 984.0
1 598.0 984.0
1 734.0 984.0
1 434.0 985.0
1 1054.0 985.0
1 465.0 986.0
1 556.0 986.0
1 709.0 986.0
1 473.0 988.0
1 608.0 988.0
1 958.0 988.0
1 1065.0 988.0
1 225.0 989.0
1 525.0 990.0
1 570.0 990.0
1 992.0 990.0
1 686.0 991.0
