0 80 1 222.8137520412489
0 17 2 319.97848655385775
0 54 3 238.5291484283503
0 64 6 308.4289436348169
0 70 7 127.2526701706652
0 49 9 181.14207544664114
0 53 10 275.4388750115948
0 101 11 235.78348055615908
0 92 14 185.0789887803444
0 128 15 301.64242608938764
0 108 16 293.2627008802662
0 188 17 441.95071695221515
0 159 18 265.2072263415026
0 100 20 335.9651499468234
0 163 23 232.40266800424268
0 151 24 208.93681893959175
0 118 26 158.38550632202757
0 196 27 141.32761504527952
0 26 28 496.1163068302496
0 165 29 171.62507426727052
0 201 30 141.03524776598994
0 187 31 159.41451906740141
0 191 32 212.67607633473213
0 195 33 172.64556446459366
0 160 34 140.79147336795353
0 57 35 470.2468631109301
0 115 36 461.4352232924287
0 189 39 232.61730405325963
0 221 40 176.6091707370888
0 217 41 167.22501646861633
0 183 43 161.66795004267374
0 192 44 475.94925504985673
0 239 45 214.58669346844732
0 207 46 167.31091726328856
0 209 49 425.79475419089124
0 199 50 133.116323539038
0 149 51 481.8430481888541
0 51 52 244.87084860077167
0 153 53 137.52099325977935
0 154 54 159.39475426332962
0 162 55 188.64117474365898
0 166 56 286.0074079346131
0 175 57 252.26252225894518
0 177 58 206.8842476758654
0 198 59 184.12251556603746
0 268 62 339.38188061505474
0 194 63 210.6277447039298
0 219 64 201.30619968197223
0 225 65 202.1021874386019
0 269 67 390.04617397225655
0 79 68 342.7738314335309
0 146 69 447.88157306199344
0 254 70 165.95943488062935
0 250 71 337.4409744852895
0 259 72 328.9590209433436
0 277 73 297.355278887728
0 55 74 175.52144954976717
0 265 77 193.56226003324792
0 273 79 311.0063252462905
0 284 80 316.3042892172112
0 164 81 418.7115507757339
0 169 82 134.92567763351596
0 206 83 388.4477132770909
0 231 84 148.21753852859877
0 261 85 178.5241329555116
0 295 86 318.05447273865417
0 65 87 244.50775140219974
0 255 88 373.3058491914518
0 301 90 271.063864713132
0 81 91 161.45315787128624
0 232 92 194.05548062321347
0 272 93 220.47090043666526
0 288 94 398.56464411037274
0 190 96 308.01066172788694
0 182 97 142.73570379145286
0 193 98 157.6911537689364
0 205 99 169.68041993871478
0 282 100 118.36562577231749
0 213 102 194.46832428001454
0 223 103 179.0692638082057
0 234 104 143.51631049525534
0 264 105 205.92523612147505
0 292 106 222.1051556473484
0 253 107 224.5210437758876
0 279 108 216.46573816098487
0 220 110 410.3530067839942
0 78 112 144.55305145865566
0 94 113 286.7820019047331
0 241 115 243.80920493238983
0 305 117 165.44781671256848
0 340 118 267.63926131430134
0 345 119 142.6294298441332
0 310 121 187.87894601458643
0 316 122 154.38906721934487
0 203 124 176.13248200405255
0 283 125 258.25214024648545
0 322 126 210.10994405739783
0 313 129 154.29023314106388
0 347 130 262.5242499683135
0 93 131 148.94622149155242
0 356 136 252.5829461659134
0 278 139 144.04573824744176
0 258 140 489.0147901241387
0 324 142 171.51036562713594
0 224 148 339.9351260491261
0 361 150 395.3536121180202
0 355 153 268.0673887525472
0 312 155 400.07497285095707
0 421 157 328.8501799665646
0 420 161 207.0231997005933
0 338 163 172.65562063632612
0 376 164 122.60624922079495
0 112 165 301.4043136713131
0 360 166 147.4563340807569
0 334 167 473.4814770078201
0 354 168 271.5684213874415
0 415 169 336.9441206548485
0 311 171 488.72621852629254
0 430 173 302.1842922207143
0 422 174 315.6837998078299
0 350 177 214.59569627137586
0 416 178 489.82319791133693
0 95 179 255.14460606199782
0 380 180 130.11921223398014
0 364 182 256.50060592652943
0 368 183 372.7110676678367
0 372 184 215.2686191100694
0 375 188 377.7047857599227
0 377 189 279.4497324674284
0 371 192 179.31380034765715
0 440 193 347.9831878392258
0 390 194 207.21183496951423
0 460 195 268.10984195913744
0 379 199 474.3655138986641
0 426 200 391.89516022599145
0 406 202 303.0498046919099
0 384 205 419.1842078749125
0 385 206 329.38595548330636
0 405 208 492.7317640639084
0 447 209 393.65079960975646
0 465 212 336.48462628816225
0 480 219 279.7900059369351
0 435 224 450.66654919097573
0 445 225 284.49217139410985
0 454 226 330.4405988624497
0 407 227 285.4531691495402
0 436 228 205.0915018190222
0 494 229 381.70175773478155
0 461 234 303.2351047636054
0 516 235 343.1578254092243
0 383 239 381.16630571406984
0 429 240 308.780947520338
0 458 242 374.533605402662
0 419 244 242.63921891338018
0 479 247 350.60944696079
0 475 249 134.81621492659937
0 485 253 240.90600859407516
0 521 255 408.1323030296506
0 484 256 232.055181311783
0 487 257 198.8220622928272
0 439 261 422.6568833997077
0 506 265 407.59862705387997
0 497 266 255.2151868194622
0 551 267 457.7491226326634
0 504 268 369.2143419340293
0 493 269 269.2177165345802
0 496 270 172.42014147991657
0 502 271 245.06007706943063
0 450 274 397.6617967530433
0 533 275 344.43059490550246
0 529 280 307.2704599070966
0 532 282 265.4202606058962
0 476 284 401.39499533133414
0 482 285 457.94516233922434
0 535 286 387.6931147056088
0 512 288 308.0397580440085
0 518 290 266.116769938852
0 526 291 194.7966951053563
0 428 292 485.8565917614818
0 508 293 230.94710564451714
0 468 295 404.9113910241976
0 539 296 285.0092210176688
0 517 298 237.78463596827217
0 515 300 108.74936598257064
0 523 302 264.5837515780277
0 547 305 332.0719433103863
0 548 306 264.09040820465776
0 525 307 175.4737557834629
0 451 308 424.4811150778232
0 541 309 149.3766629592314
0 531 310 197.5951110767729
0 549 312 180.85803457699794
0 534 313 141.6836875759945
0 524 314 422.01447375048804
0 552 317 196.49045879351704
0 492 319 126.42191552243258
0 556 322 246.32417617832013
0 540 323 471.71290634966124
0 561 324 230.38131069582647
0 542 325 225.0453904551641
0 537 326 256.77619396829357
0 566 327 172.87795480500654
0 543 328 210.30861203744013
0 557 332 163.42597688551132
0 567 335 150.89761202229337
0 571 336 336.9746764089531
0 555 340 198.0098244749361
0 614 349 436.2581303289108
0 568 351 212.48814371445567
0 564 356 150.84263818822134
0 576 357 121.80541514188003
0 544 359 151.45497637433894
0 594 362 251.56630509380346
0 577 363 196.68909583619342
0 553 364 150.592614746738
0 583 365 345.74272781668145
0 588 366 149.5912174135952
0 554 368 141.7590964577243
0 579 371 162.25310442758524
0 572 372 216.42445272001862
0 601 373 396.0192750346427
0 589 374 202.70945971743558
0 602 375 115.89482160530187
0 591 381 442.47913831481895
0 599 387 187.24617404194518
0 593 388 121.38163908755348
0 590 389 334.6885548341446
0 560 390 264.1856182016619
0 592 392 408.3756208954087
0 620 393 455.378304924466
0 604 394 207.81007515971393
0 611 397 410.27945021500756
0 609 404 178.8123567691708
0 582 405 136.63667816462092
0 584 407 163.49761300651252
0 600 408 338.9555688448546
0 612 409 231.19478498968888
0 597 410 400.64232810386045
0 608 411 186.5685703228906
0 618 413 169.84709706124875
0 627 414 469.5728570958761
0 617 416 212.8243914391073
0 639 423 260.5051175312936
0 607 424 124.08563003802473
0 624 426 284.9054043704405
0 648 427 491.97110964199055
0 634 430 171.62237058620505
0 628 431 343.9539951822049
0 613 432 300.77233152475463
0 653 437 457.0921662162644
0 623 438 147.8064239155591
0 649 440 392.6721950261616
0 630 442 149.42269450083114
0 667 444 288.50085180340375
0 661 445 434.81849049794397
0 631 447 179.9818014426251
0 645 448 161.36796568274545
0 668 450 328.95211952472454
0 669 451 271.42809185531263
0 633 454 230.3795549393993
0 673 455 264.86474027423577
0 637 457 191.06551047156938
0 696 460 415.5834993899594
0 658 461 308.07677967046294
0 643 462 458.8754796273548
0 675 463 282.4333499039348
0 655 465 140.93655702060747
0 671 466 400.935879403902
0 685 471 382.50931039203795
0 686 472 412.0235302510881
0 635 473 310.8222055772387
0 682 475 280.142709474611
0 666 477 278.53738295607917
0 642 480 484.0288965310315
0 697 481 350.387505589274
0 709 483 476.03234123846966
0 693 485 310.0370738731387
0 699 492 402.8760711576072
0 676 494 177.92508111092457
0 720 498 235.17174801833525
0 703 501 450.59864631456304
0 722 506 276.0392099953964
0 728 508 214.66631761607658
0 680 510 477.5392231356335
0 654 515 269.12506205902
0 724 516 247.63495207881826
0 712 520 381.1655696303762
0 719 523 279.5603708572105
0 727 528 349.78789287041917
0 688 529 339.2100613702095
0 694 530 462.6244603915823
0 730 534 190.90195546535577
0 729 537 333.72601381373585
0 731 540 371.41523165832984
0 670 542 143.45015716298454
0 706 543 213.35865914768402
0 711 546 169.73349846819943
0 732 548 291.56330715113364
0 740 550 380.52197998163075
0 723 552 201.94882865289213
0 716 554 218.21447656286125
0 715 555 332.0931745210597
0 725 557 241.87357701790887
0 735 559 254.86786106302853
0 736 569 211.86309453528557
0 767 577 223.83520007023026
0 841 584 187.16084436265118
0 830 586 427.8854430984659
0 824 587 256.5368068696605

0 1098.0 69.0
0 766.0 340.0
0 841.0 340.0
0 802.0 341.0
0 784.0 342.0
0 698.0 343.0
0 797.0 344.0
0 803.0 350.0
0 820.0 354.0
0 842.0 357.0
0 859.0 366.0
0 782.0 370.0
0 792.0 370.0
0 993.0 371.0
0 807.0 374.0
0 770.0 378.0
0 808.0 379.0
0 923.0 379.0
0 978.0 379.0
0 1000.0 379.0
0 646.0 380.0
0 900.0 381.0
0 610.0 382.0
0 765.0 384.0
0 781.0 385.0
0 635.0 387.0
0 817.0 387.0
0 942.0 387.0
0 620.0 388.0
0 773.0 388.0
0 924.0 388.0
0 748.0 389.0
0 915.0 389.0
0 764.0 393.0
0 789.0 394.0
0 609.0 395.0
0 634.0 395.0
0 1008.0 395.0
0 617.0 396.0
0 896.0 396.0
0 994.0 396.0
0 744.0 397.0
0 590.0 398.0
0 778.0 398.0
0 976.0 399.0
0 934.0 401.0
0 773.0 402.0
0 967.0 402.0
0 994.0 404.0
0 902.0 405.0
0 792.0 408.0
0 1014.0 409.0
0 595.0 410.0
0 640.0 410.0
0 647.0 410.0
0 652.0 410.0
0 660.0 410.0
0 665.0 410.0
0 674.0 410.0
0 690.0 410.0
0 761.0 410.0
0 901.0 410.0
0 986.0 410.0
0 681.0 411.0
0 709.0 411.0
0 720.0 411.0
0 884.0 411.0
0 970.0 411.0
0 615.0 412.0
0 626.0 412.0
0 737.0 412.0
0 906.0 412.0
0 911.0 412.0
0 954.0 412.0
0 589.0 413.0
0 621.0 413.0
0 876.0 413.0
0 927.0 413.0
0 783.0 414.0
0 941.0 417.0
0 987.0 417.0
0 621.0 418.0
0 635.0 418.0
0 695.0 419.0
0 705.0 420.0
0 729.0 420.0
0 971.0 420.0
0 556.0 421.0
0 896.0 421.0
0 916.0 421.0
0 952.0 421.0
0 593.0 422.0
0 785.0 422.0
0 908.0 422.0
0 929.0 422.0
0 621.0 423.0
0 877.0 424.0
0 640.0 425.0
0 651.0 425.0
0 665.0 425.0
0 737.0 425.0
0 1037.0 425.0
0 674.0 426.0
0 684.0 426.0
0 693.0 426.0
0 720.0 426.0
0 756.0 426.0
0 714.0 427.0
0 725.0 427.0
0 1013.0 427.0
0 809.0 429.0
0 821.0 430.0
0 560.0 432.0
0 621.0 433.0
0 836.0 433.0
0 841.0 433.0
0 631.0 434.0
0 772.0 434.0
0 943.0 435.0
0 987.0 435.0
0 912.0 437.0
0 743.0 438.0
0 755.0 438.0
0 1040.0 438.0
0 634.0 439.0
0 860.0 439.0
0 763.0 441.0
0 903.0 441.0
0 881.0 442.0
0 740.0 443.0
0 914.0 443.0
0 587.0 445.0
0 622.0 445.0
0 850.0 446.0
0 990.0 446.0
0 925.0 447.0
0 942.0 447.0
0 960.0 447.0
0 965.0 447.0
0 689.0 448.0
0 808.0 449.0
0 842.0 449.0
0 1021.0 449.0
0 763.0 451.0
0 871.0 451.0
0 614.0 452.0
0 787.0 452.0
0 885.0 452.0
0 639.0 453.0
0 892.0 453.0
0 835.0 454.0
0 651.0 455.0
0 656.0 455.0
0 920.0 455.0
0 1028.0 455.0
0 622.0 456.0
0 645.0 456.0
0 843.0 456.0
0 560.0 457.0
0 608.0 457.0
0 757.0 459.0
0 834.0 459.0
0 596.0 460.0
0 746.0 460.0
0 940.0 460.0
0 549.0 461.0
0 764.0 461.0
0 673.0 462.0
0 782.0 462.0
0 874.0 462.0
0 898.0 462.0
0 589.0 463.0
0 736.0 463.0
0 857.0 463.0
0 822.0 464.0
0 1041.0 464.0
0 612.0 465.0
0 684.0 465.0
0 889.0 465.0
0 559.0 466.0
0 772.0 466.0
0 862.0 466.0
0 1018.0 466.0
0 725.0 467.0
0 794.0 468.0
0 810.0 468.0
0 631.0 469.0
0 653.0 469.0
0 664.0 469.0
0 738.0 469.0
0 817.0 469.0
0 1040.0 469.0
0 747.0 470.0
0 568.0 471.0
0 700.0 471.0
0 864.0 471.0
0 557.0 472.0
0 638.0 472.0
0 785.0 472.0
0 657.0 474.0
0 814.0 474.0
0 644.0 475.0
0 693.0 476.0
0 1041.0 476.0
0 548.0 477.0
0 680.0 477.0
0 738.0 477.0
0 1019.0 477.0
0 667.0 478.0
0 628.0 479.0
0 812.0 479.0
0 651.0 480.0
0 891.0 480.0
0 587.0 481.0
0 731.0 481.0
0 582.0 482.0
0 701.0 482.0
0 787.0 482.0
0 876.0 482.0
0 871.0 484.0
0 638.0 485.0
0 659.0 485.0
0 778.0 486.0
0 631.0 487.0
0 747.0 487.0
0 708.0 488.0
0 739.0 488.0
0 766.0 488.0
0 797.0 490.0
0 872.0 490.0
0 644.0 491.0
0 666.0 491.0
0 810.0 491.0
0 531.0 493.0
0 720.0 494.0
0 873.0 495.0
0 878.0 495.0
0 787.0 496.0
0 1018.0 496.0
0 577.0 497.0
0 712.0 497.0
0 1041.0 497.0
0 528.0 498.0
0 644.0 499.0
0 760.0 499.0
0 582.0 500.0
0 679.0 500.0
0 809.0 500.0
0 927.0 501.0
0 939.0 501.0
0 1005.0 501.0
0 991.0 502.0
0 1040.0 502.0
0 751.0 503.0
0 590.0 504.0
0 658.0 504.0
0 727.0 504.0
0 965.0 504.0
0 521.0 506.0
0 650.0 506.0
0 810.0 506.0
0 1027.0 506.0
0 684.0 507.0
0 879.0 507.0
0 574.0 508.0
0 672.0 509.0
0 968.0 509.0
0 666.0 510.0
0 561.0 511.0
0 812.0 511.0
0 958.0 511.0
0 731.0 512.0
0 893.0 512.0
0 537.0 513.0
0 765.0 513.0
0 759.0 514.0
0 582.0 515.0
0 691.0 515.0
0 969.0 515.0
0 974.0 515.0
0 548.0 516.0
0 554.0 516.0
0 873.0 516.0
0 979.0 516.0
0 1019.0 516.0
0 512.0 517.0
0 609.0 519.0
0 652.0 519.0
0 956.0 519.0
0 1005.0 519.0
0 530.0 520.0
0 563.0 520.0
0 585.0 520.0
0 816.0 520.0
0 573.0 521.0
0 763.0 521.0
0 872.0 521.0
0 693.0 522.0
0 985.0 522.0
0 543.0 523.0
0 751.0 523.0
0 554.0 524.0
0 956.0 524.0
0 685.0 525.0
0 603.0 526.0
0 697.0 527.0
0 871.0 527.0
0 548.0 528.0
0 894.0 528.0
0 742.0 530.0
0 824.0 530.0
0 955.0 530.0
0 962.0 530.0
0 984.0 530.0
0 503.0 531.0
0 623.0 531.0
0 866.0 531.0
0 975.0 531.0
0 935.0 532.0
0 776.0 533.0
0 610.0 534.0
0 662.0 534.0
0 831.0 535.0
0 501.0 536.0
0 860.0 536.0
0 994.0 536.0
0 907.0 537.0
0 855.0 538.0
0 954.0 538.0
0 531.0 539.0
0 840.0 539.0
0 849.0 539.0
0 942.0 540.0
0 618.0 541.0
0 662.0 541.0
0 972.0 541.0
0 607.0 542.0
0 668.0 543.0
0 963.0 543.0
0 652.0 544.0
0 1000.0 544.0
0 626.0 545.0
0 632.0 545.0
0 938.0 545.0
0 660.0 546.0
0 1040.0 547.0
0 576.0 549.0
0 910.0 549.0
0 1002.0 549.0
0 620.0 550.0
0 602.0 551.0
0 935.0 551.0
0 1039.0 552.0
0 1027.0 553.0
0 674.0 554.0
0 496.0 555.0
0 559.0 557.0
0 765.0 557.0
0 904.0 557.0
0 520.0 558.0
0 630.0 558.0
0 714.0 558.0
0 1005.0 558.0
0 933.0 559.0
0 527.0 560.0
0 695.0 561.0
0 756.0 561.0
0 783.0 561.0
0 830.0 561.0
0 636.0 563.0
0 679.0 566.0
0 860.0 566.0
0 846.0 567.0
0 699.0 568.0
0 934.0 568.0
0 894.0 569.0
0 517.0 570.0
0 876.0 570.0
0 612.0 571.0
0 810.0 571.0
0 567.0 572.0
0 577.0 572.0
0 884.0 572.0
0 1039.0 572.0
0 525.0 573.0
0 572.0 573.0
0 640.0 573.0
0 935.0 573.0
0 996.0 573.0
0 1026.0 574.0
0 790.0 575.0
0 785.0 576.0
0 601.0 577.0
0 684.0 577.0
0 764.0 577.0
0 759.0 578.0
0 1039.0 578.0
0 702.0 579.0
0 684.0 582.0
0 1039.0 583.0
0 645.0 585.0
0 891.0 585.0
0 704.0 586.0
0 944.0 586.0
0 992.0 586.0
0 515.0 588.0
0 1039.0 588.0
0 524.0 589.0
0 793.0 590.0
0 950.0 590.0
0 492.0 591.0
0 984.0 591.0
0 955.0 592.0
0 976.0 594.0
0 688.0 595.0
0 963.0 595.0
0 968.0 595.0
0 707.0 598.0
0 1039.0 604.0
0 627.0 605.0
0 597.0 606.0
0 690.0 608.0
0 563.0 609.0
0 654.0 612.0
0 520.0 613.0
0 691.0 613.0
0 564.0 614.0
0 618.0 616.0
0 710.0 616.0
0 606.0 618.0
0 975.0 618.0
0 989.0 621.0
0 495.0 622.0
0 710.0 622.0
0 693.0 624.0
0 1038.0 625.0
0 621.0 626.0
0 656.0 627.0
0 557.0 628.0
0 693.0 629.0
0 637.0 630.0
0 521.0 631.0
0 529.0 636.0
0 577.0 637.0
0 609.0 637.0
0 657.0 638.0
0 766.0 638.0
0 521.0 639.0
0 774.0 640.0
0 850.0 640.0
0 600.0 643.0
0 632.0 643.0
0 1026.0 647.0
0 532.0 649.0
0 571.0 650.0
0 610.0 650.0
0 765.0 650.0
0 526.0 651.0
0 649.0 651.0
0 789.0 656.0
0 659.0 657.0
0 586.0 658.0
0 604.0 658.0
0 622.0 658.0
0 771.0 659.0
0 983.0 659.0
0 659.0 662.0
0 652.0 663.0
0 848.0 663.0
0 769.0 665.0
0 786.0 666.0
0 544.0 669.0
0 642.0 671.0
0 510.0 672.0
0 605.0 672.0
0 590.0 675.0
0 654.0 675.0
0 537.0 678.0
0 637.0 679.0
0 632.0 681.0
0 779.0 681.0
0 542.0 682.0
0 920.0 683.0
0 651.0 684.0
0 754.0 684.0
0 610.0 685.0
0 615.0 685.0
0 759.0 685.0
0 806.0 685.0
0 550.0 688.0
0 1038.0 689.0
0 687.0 690.0
0 562.0 692.0
0 549.0 693.0
0 772.0 693.0
0 1038.0 694.0
0 685.0 696.0
0 1025.0 698.0
0 637.0 699.0
0 865.0 699.0
0 1038.0 699.0
0 571.0 700.0
0 872.0 701.0
0 877.0 702.0
0 883.0 703.0
0 1016.0 703.0
0 554.0 705.0
0 892.0 705.0
0 638.0 706.0
0 681.0 707.0
0 748.0 707.0
0 903.0 707.0
0 1037.0 707.0
0 583.0 708.0
0 839.0 708.0
0 844.0 709.0
0 623.0 711.0
0 853.0 711.0
0 535.0 712.0
0 679.0 712.0
0 596.0 713.0
0 859.0 713.0
0 563.0 714.0
0 612.0 714.0
0 617.0 714.0
0 939.0 715.0
0 951.0 716.0
0 133.0 717.0
0 569.0 717.0
0 737.0 718.0
0 981.0 718.0
0 992.0 718.0
0 674.0 719.0
0 1020.0 719.0
0 622.0 720.0
0 808.0 720.0
0 1038.0 722.0
0 578.0 723.0
0 593.0 724.0
0 607.0 724.0
0 640.0 725.0
0 76.0 727.0
0 837.0 728.0
0 942.0 732.0
0 1033.0 732.0
0 664.0 733.0
0 990.0 735.0
0 623.0 737.0
0 689.0 737.0
0 191.0 738.0
0 618.0 738.0
0 1038.0 740.0
0 569.0 741.0
0 661.0 750.0
0 939.0 752.0
0 1037.0 755.0
0 992.0 756.0
0 987.0 757.0
0 1464.0 760.0
0 566.0 761.0
0 939.0 762.0
0 1035.0 773.0
0 542.0 774.0
0 940.0 778.0
0 1019.0 779.0
0 1034.0 780.0
0 1148.0 787.0
0 531.0 790.0
0 1034.0 791.0
0 1032.0 807.0
0 1052.0 808.0
0 520.0 810.0
0 1127.0 812.0
0 637.0 815.0
0 271.0 819.0
0 514.0 823.0
0 883.0 823.0
0 615.0 827.0
0 266.0 831.0
0 1031.0 837.0
0 509.0 878.0
0 977.0 881.0
0 598.0 883.0
0 1030.0 883.0
0 738.0 889.0
0 599.0 903.0
0 1028.0 903.0
0 1101.0 918.0
0 785.0 948.0
1 855.0 294.0
1 664.0 298.0
1 659.0 299.0
1 672.0 299.0
1 677.0 300.0
1 737.0 300.0
1 650.0 301.0
1 845.0 301.0
1 688.0 303.0
1 714.0 303.0
1 869.0 307.0
1 689.0 308.0
1 636.0 309.0
1 849.0 311.0
1 736.0 313.0
1 806.0 313.0
1 889.0 313.0
1 918.0 313.0
1 749.0 314.0
1 857.0 314.0
1 843.0 316.0
1 728.0 317.0
1 771.0 317.0
1 818.0 317.0
1 702.0 319.0
1 646.0 320.0
1 662.0 320.0
1 871.0 320.0
1 625.0 321.0
1 766.0 321.0
1 795.0 321.0
1 920.0 321.0
1 880.0 322.0
1 835.0 323.0
1 752.0 324.0
1 853.0 324.0
1 785.0 325.0
1 807.0 325.0
1 872.0 325.0
1 715.0 326.0
1 917.0 326.0
1 731.0 327.0
1 816.0 327.0
1 742.0 328.0
1 725.0 329.0
1 843.0 332.0
1 869.0 332.0
1 711.0 333.0
1 770.0 333.0
1 923.0 333.0
1 598.0 334.0
1 646.0 335.0
1 854.0 335.0
1 933.0 335.0
1 882.0 336.0
1 638.0 337.0
1 756.0 337.0
1 662.0 338.0
1 695.0 340.0
1 724.0 340.0
1 914.0 340.0
1 672.0 341.0
1 683.0 343.0
1 807.0 343.0
1 869.0 343.0
1 604.0 344.0
1 598.0 345.0
1 609.0 346.0
1 742.0 346.0
1 778.0 346.0
1 883.0 346.0
1 648.0 347.0
1 754.0 347.0
1 868.0 350.0
1 913.0 351.0
1 707.0 352.0
1 643.0 355.0
1 692.0 355.0
1 609.0 356.0
1 671.0 356.0
1 851.0 357.0
1 648.0 358.0
1 682.0 360.0
1 737.0 364.0
1 681.0 367.0
1 951.0 367.0
1 729.0 368.0
1 710.0 373.0
1 703.0 375.0
1 726.0 375.0
1 597.0 377.0
1 621.0 377.0
1 890.0 377.0
1 643.0 378.0
1 680.0 379.0
1 610.0 380.0
1 653.0 381.0
1 897.0 382.0
1 692.0 383.0
1 660.0 384.0
1 716.0 385.0
1 874.0 385.0
1 1016.0 385.0
1 1021.0 385.0
1 1040.0 385.0
1 711.0 386.0
1 1045.0 386.0
1 703.0 387.0
1 888.0 387.0
1 1055.0 388.0
1 899.0 389.0
1 1003.0 389.0
1 594.0 390.0
1 609.0 390.0
1 1060.0 390.0
1 710.0 391.0
1 962.0 393.0
1 677.0 394.0
1 898.0 394.0
1 994.0 394.0
1 605.0 395.0
1 621.0 395.0
1 671.0 396.0
1 879.0 397.0
1 709.0 398.0
1 969.0 398.0
1 591.0 399.0
1 890.0 399.0
1 860.0 400.0
1 685.0 401.0
1 660.0 402.0
1 1010.0 402.0
1 1078.0 402.0
1 987.0 403.0
1 874.0 404.0
1 997.0 404.0
1 884.0 405.0
1 946.0 405.0
1 955.0 406.0
1 1067.0 406.0
1 676.0 407.0
1 973.0 407.0
1 591.0 408.0
1 621.0 408.0
1 879.0 409.0
1 606.0 412.0
1 699.0 412.0
1 984.0 412.0
1 995.0 412.0
1 1089.0 412.0
1 666.0 413.0
1 866.0 413.0
1 1004.0 413.0
1 712.0 416.0
1 720.0 416.0
1 930.0 417.0
1 938.0 417.0
1 962.0 418.0
1 982.0 418.0
1 1067.0 418.0
1 875.0 419.0
1 972.0 419.0
1 729.0 420.0
1 854.0 420.0
1 695.0 421.0
1 860.0 421.0
1 738.0 423.0
1 992.0 423.0
1 1083.0 424.0
1 711.0 425.0
1 852.0 425.0
1 949.0 425.0
1 744.0 426.0
1 1078.0 426.0
1 677.0 427.0
1 749.0 427.0
1 1005.0 428.0
1 754.0 429.0
1 882.0 429.0
1 919.0 429.0
1 1096.0 429.0
1 688.0 430.0
1 718.0 430.0
1 866.0 430.0
1 958.0 430.0
1 976.0 430.0
1 701.0 431.0
1 840.0 431.0
1 1010.0 431.0
1 987.0 432.0
1 952.0 433.0
1 1003.0 433.0
1 1063.0 433.0
1 729.0 434.0
1 767.0 434.0
1 854.0 434.0
1 1030.0 434.0
1 933.0 435.0
1 774.0 436.0
1 874.0 436.0
1 838.0 437.0
1 1012.0 437.0
1 1091.0 437.0
1 710.0 439.0
1 1100.0 439.0
1 746.0 440.0
1 785.0 440.0
1 860.0 440.0
1 965.0 440.0
1 986.0 440.0
1 609.0 442.0
1 660.0 442.0
1 694.0 442.0
1 754.0 443.0
1 960.0 443.0
1 981.0 443.0
1 792.0 444.0
1 833.0 444.0
1 955.0 444.0
1 797.0 445.0
1 891.0 445.0
1 1080.0 445.0
1 1001.0 446.0
1 763.0 447.0
1 713.0 448.0
1 805.0 448.0
1 984.0 448.0
1 1006.0 448.0
1 900.0 449.0
1 1101.0 449.0
1 658.0 450.0
1 790.0 450.0
1 871.0 450.0
1 1088.0 450.0
1 774.0 451.0
1 811.0 451.0
1 1012.0 451.0
1 686.0 452.0
1 1119.0 452.0
1 1019.0 453.0
1 819.0 454.0
1 920.0 455.0
1 964.0 455.0
1 990.0 455.0
1 1029.0 455.0
1 1084.0 455.0
1 974.0 456.0
1 675.0 457.0
1 793.0 457.0
1 1120.0 457.0
1 997.0 458.0
1 662.0 459.0
1 732.0 459.0
1 798.0 459.0
1 828.0 459.0
1 980.0 459.0
1 1099.0 459.0
1 889.0 460.0
1 902.0 460.0
1 1002.0 460.0
1 684.0 461.0
1 819.0 461.0
1 726.0 462.0
1 1072.0 462.0
1 809.0 463.0
1 1009.0 463.0
1 1120.0 463.0
1 740.0 464.0
1 1067.0 464.0
1 1062.0 465.0
1 919.0 466.0
1 984.0 466.0
1 998.0 466.0
1 1027.0 466.0
1 1034.0 466.0
1 1039.0 466.0
1 1056.0 466.0
1 1044.0 467.0
1 767.0 468.0
1 817.0 468.0
1 1120.0 468.0
1 700.0 469.0
1 828.0 469.0
1 963.0 470.0
1 1069.0 471.0
1 742.0 472.0
1 662.0 474.0
1 762.0 474.0
1 1006.0 474.0
1 697.0 475.0
1 724.0 475.0
1 734.0 476.0
1 847.0 477.0
1 853.0 477.0
1 858.0 477.0
1 1062.0 477.0
1 1097.0 477.0
1 746.0 478.0
1 1024.0 478.0
1 755.0 479.0
1 901.0 479.0
1 1043.0 479.0
1 1119.0 479.0
1 613.0 480.0
1 912.0 480.0
1 863.0 481.0
1 767.0 483.0
1 1023.0 483.0
1 736.0 484.0
1 741.0 484.0
1 837.0 484.0
1 678.0 485.0
1 699.0 485.0
1 828.0 485.0
1 952.0 485.0
1 1070.0 485.0
1 845.0 486.0
1 708.0 487.0
1 797.0 487.0
1 1314.0 487.0
1 716.0 488.0
1 748.0 488.0
1 853.0 488.0
1 780.0 490.0
1 1108.0 490.0
1 724.0 491.0
1 754.0 491.0
1 897.0 491.0
1 939.0 491.0
1 1116.0 491.0
1 662.0 492.0
1 690.0 492.0
1 772.0 492.0
1 706.0 493.0
1 762.0 493.0
1 732.0 494.0
1 739.0 495.0
1 789.0 495.0
1 834.0 496.0
1 962.0 496.0
1 1031.0 496.0
1 1115.0 496.0
1 915.0 497.0
1 695.0 498.0
1 751.0 498.0
1 1076.0 498.0
1 709.0 499.0
1 1009.0 499.0
1 702.0 500.0
1 718.0 500.0
1 774.0 500.0
1 797.0 500.0
1 779.0 501.0
1 784.0 501.0
1 876.0 501.0
1 995.0 501.0
1 1026.0 501.0
1 757.0 502.0
1 690.0 503.0
1 695.0 503.0
1 852.0 503.0
1 930.0 503.0
1 709.0 504.0
1 953.0 504.0
1 1102.0 504.0
1 704.0 505.0
1 726.0 505.0
1 791.0 505.0
1 816.0 505.0
1 766.0 506.0
1 805.0 506.0
1 839.0 506.0
1 879.0 506.0
1 1001.0 506.0
1 716.0 507.0
1 744.0 507.0
1 1030.0 507.0
1 834.0 508.0
1 691.0 509.0
1 734.0 509.0
1 864.0 509.0
1 949.0 509.0
1 777.0 510.0
1 672.0 511.0
1 753.0 511.0
1 824.0 511.0
1 1079.0 511.0
1 462.0 512.0
1 618.0 512.0
1 724.0 512.0
1 790.0 512.0
1 812.0 512.0
1 710.0 513.0
1 921.0 513.0
1 687.0 514.0
1 696.0 514.0
1 742.0 514.0
1 898.0 516.0
1 963.0 516.0
1 704.0 517.0
1 732.0 517.0
1 912.0 517.0
1 1006.0 517.0
1 709.0 518.0
1 1110.0 518.0
1 751.0 519.0
1 784.0 519.0
1 852.0 520.0
1 662.0 521.0
1 740.0 521.0
1 671.0 522.0
1 689.0 522.0
1 828.0 522.0
1 718.0 523.0
1 729.0 523.0
1 960.0 523.0
1 981.0 523.0
1 864.0 524.0
1 795.0 525.0
1 838.0 525.0
1 920.0 525.0
1 930.0 525.0
1 913.0 526.0
1 620.0 527.0
1 647.0 527.0
1 707.0 527.0
1 908.0 527.0
1 935.0 527.0
1 680.0 528.0
1 790.0 528.0
1 940.0 528.0
1 664.0 529.0
1 737.0 529.0
1 818.0 529.0
1 992.0 529.0
1 837.0 530.0
1 885.0 530.0
1 903.0 530.0
1 672.0 532.0
1 1095.0 532.0
1 654.0 533.0
1 727.0 533.0
1 759.0 533.0
1 692.0 534.0
1 747.0 534.0
1 802.0 534.0
1 987.0 534.0
1 716.0 535.0
1 947.0 535.0
1 962.0 535.0
1 842.0 536.0
1 971.0 536.0
1 683.0 537.0
1 704.0 537.0
1 829.0 537.0
1 629.0 538.0
1 733.0 538.0
1 739.0 540.0
1 605.0 541.0
1 900.0 541.0
1 954.0 541.0
1 812.0 542.0
1 835.0 542.0
1 696.0 543.0
1 729.0 544.0
1 982.0 544.0
1 714.0 545.0
1 807.0 545.0
1 848.0 545.0
1 687.0 546.0
1 899.0 546.0
1 473.0 548.0
1 660.0 548.0
1 677.0 548.0
1 823.0 548.0
1 1019.0 548.0
1 1093.0 549.0
1 707.0 550.0
1 758.0 550.0
1 899.0 551.0
1 960.0 551.0
1 682.0 552.0
1 597.0 554.0
1 726.0 554.0
1 818.0 554.0
1 843.0 554.0
1 746.0 555.0
1 1043.0 555.0
1 1074.0 555.0
1 717.0 556.0
1 830.0 556.0
1 615.0 557.0
1 857.0 558.0
1 901.0 559.0
1 966.0 559.0
1 687.0 560.0
1 1036.0 560.0
1 1058.0 560.0
1 810.0 561.0
1 595.0 562.0
1 648.0 562.0
1 671.0 562.0
1 823.0 562.0
1 1100.0 562.0
1 653.0 563.0
1 738.0 563.0
1 754.0 563.0
1 791.0 564.0
1 903.0 564.0
1 765.0 565.0
1 781.0 565.0
1 718.0 566.0
1 1046.0 566.0
1 1073.0 566.0
1 594.0 567.0
1 845.0 568.0
1 967.0 568.0
1 1062.0 568.0
1 612.0 569.0
1 816.0 569.0
1 732.0 570.0
1 745.0 570.0
1 981.0 570.0
1 1031.0 571.0
1 593.0 572.0
1 641.0 572.0
1 655.0 573.0
1 773.0 573.0
1 789.0 574.0
1 625.0 575.0
1 738.0 575.0
1 910.0 575.0
1 968.0 575.0
1 859.0 577.0
1 1062.0 578.0
1 681.0 579.0
1 753.0 579.0
1 990.0 579.0
1 1055.0 579.0
1 966.0 580.0
1 589.0 581.0
1 833.0 581.0
1 1067.0 581.0
1 1033.0 583.0
1 612.0 584.0
1 747.0 584.0
1 753.0 585.0
1 782.0 585.0
1 963.0 585.0
1 1043.0 585.0
1 588.0 586.0
1 761.0 586.0
1 1056.0 586.0
1 620.0 587.0
1 912.0 587.0
1 1074.0 587.0
1 917.0 588.0
1 1024.0 588.0
1 384.0 590.0
1 735.0 590.0
1 873.0 590.0
1 959.0 590.0
1 587.0 591.0
1 263.0 592.0
1 646.0 592.0
1 754.0 592.0
1 952.0 592.0
1 1051.0 592.0
1 1015.0 595.0
1 1071.0 595.0
1 773.0 596.0
1 686.0 597.0
1 929.0 597.0
1 938.0 597.0
1 708.0 598.0
1 1079.0 598.0
1 854.0 600.0
1 1012.0 600.0
1 651.0 602.0
1 943.0 602.0
1 1083.0 603.0
1 1058.0 604.0
1 609.0 605.0
1 780.0 605.0
1 618.0 606.0
1 587.0 607.0
1 759.0 607.0
1 798.0 607.0
1 847.0 608.0
1 1011.0 608.0
1 1086.0 608.0
1 670.0 609.0
1 688.0 609.0
1 1071.0 609.0
1 1078.0 609.0
1 719.0 610.0
1 783.0 610.0
1 588.0 613.0
1 763.0 613.0
1 1013.0 613.0
1 878.0 614.0
1 787.0 615.0
1 974.0 615.0
1 1027.0 617.0
1 852.0 621.0
1 551.0 622.0
1 770.0 622.0
1 615.0 623.0
1 1056.0 623.0
1 1061.0 623.0
1 729.0 624.0
1 791.0 624.0
1 1024.0 624.0
1 590.0 625.0
1 712.0 625.0
1 680.0 626.0
1 1034.0 627.0
1 1039.0 627.0
1 1047.0 627.0
1 759.0 630.0
1 775.0 631.0
1 815.0 631.0
1 879.0 631.0
1 651.0 633.0
1 670.0 633.0
1 640.0 635.0
1 879.0 636.0
1 780.0 639.0
1 1054.0 640.0
1 878.0 641.0
1 626.0 642.0
1 617.0 643.0
1 877.0 646.0
1 659.0 647.0
1 1040.0 647.0
1 598.0 649.0
1 725.0 651.0
1 626.0 652.0
1 728.0 656.0
1 743.0 656.0
1 1083.0 656.0
1 479.0 657.0
1 873.0 658.0
1 703.0 660.0
1 722.0 662.0
1 861.0 662.0
1 867.0 663.0
1 606.0 664.0
1 714.0 664.0
1 734.0 665.0
1 1080.0 665.0
1 318.0 666.0
1 374.0 666.0
1 751.0 666.0
1 905.0 666.0
1 1044.0 666.0
1 404.0 668.0
1 609.0 669.0
1 684.0 669.0
1 74.0 671.0
1 730.0 671.0
1 752.0 671.0
1 865.0 671.0
1 171.0 672.0
1 441.0 672.0
1 361.0 673.0
1 639.0 674.0
1 717.0 674.0
1 708.0 675.0
1 734.0 677.0
1 903.0 678.0
1 759.0 679.0
1 8.0 681.0
1 709.0 681.0
1 1072.0 681.0
1 725.0 683.0
1 851.0 683.0
1 201.0 684.0
1 745.0 684.0
1 451.0 685.0
1 834.0 685.0
1 246.0 686.0
1 697.0 686.0
1 650.0 687.0
1 442.0 688.0
1 655.0 688.0
1 742.0 689.0
1 367.0 690.0
1 827.0 691.0
1 650.0 692.0
1 662.0 693.0
1 81.0 694.0
1 176.0 695.0
1 710.0 695.0
1 1001.0 697.0
1 666.0 698.0
1 763.0 698.0
1 656.0 699.0
1 340.0 702.0
1 670.0 703.0
1 160.0 704.0
1 315.0 704.0
1 661.0 704.0
1 679.0 708.0
1 764.0 708.0
1 202.0 710.0
1 1001.0 711.0
1 429.0 713.0
1 672.0 713.0
1 762.0 714.0
1 399.0 715.0
1 1043.0 717.0
1 696.0 719.0
1 751.0 719.0
1 762.0 719.0
1 1072.0 719.0
1 995.0 722.0
1 1042.0 722.0
1 710.0 724.0
1 717.0 726.0
1 740.0 726.0
1 756.0 726.0
1 684.0 727.0
1 662.0 728.0
1 726.0 728.0
1 1039.0 728.0
1 806.0 732.0
1 703.0 735.0
1 743.0 735.0
1 708.0 736.0
1 726.0 737.0
1 763.0 737.0
1 794.0 739.0
1 423.0 741.0
1 753.0 743.0
1 663.0 746.0
1 1061.0 750.0
1 701.0 751.0
1 706.0 754.0
1 722.0 759.0
1 727.0 759.0
1 732.0 760.0
1 863.0 760.0
1 1066.0 766.0
1 50.0 767.0
1 1224.0 782.0
1 697.0 786.0
1 881.0 786.0
1 378.0 789.0
1 1127.0 791.0
1 199.0 798.0
1 910.0 798.0
1 1326.0 810.0
1 168.0 811.0
1 771.0 819.0
1 113.0 820.0
1 95.0 832.0
1 292.0 833.0
1 1331.0 833.0
1 322.0 838.0
1 437.0 838.0
1 861.0 839.0
1 1403.0 839.0
1 324.0 851.0
1 412.0 852.0
1 217.0 853.0
1 135.0 856.0
1 735.0 857.0
1 425.0 861.0
1 414.0 862.0
1 438.0 862.0
1 495.0 863.0
1 631.0 863.0
1 170.0 864.0
1 541.0 864.0
1 615.0 864.0
1 996.0 864.0
1 335.0 866.0
1 730.0 866.0
1 160.0 867.0
1 743.0 868.0
1 479.0 869.0
1 687.0 870.0
1 232.0 872.0
1 495.0 874.0
1 250.0 875.0
1 640.0 878.0
1 441.0 883.0
1 421.0 884.0
1 554.0 884.0
1 490.0 894.0
1 236.0 895.0
1 726.0 895.0
1 757.0 895.0
1 767.0 896.0
1 1005.0 896.0
1 527.0 898.0
1 961.0 899.0
1 1023.0 899.0
1 502.0 901.0
1 685.0 901.0
1 308.0 903.0
1 550.0 903.0
1 759.0 903.0
1 672.0 905.0
1 1430.0 905.0
1 711.0 906.0
1 751.0 906.0
1 1129.0 906.0
1 650.0 908.0
1 610.0 911.0
1 541.0 912.0
1 940.0 912.0
1 962.0 912.0
1 753.0 914.0
1 635.0 918.0
1 499.0 919.0
1 967.0 919.0
1 976.0 920.0
1 711.0 921.0
1 751.0 923.0
1 311.0 924.0
1 610.0 924.0
1 944.0 925.0
1 1134.0 925.0
1 787.0 926.0
1 740.0 928.0
1 895.0 928.0
1 747.0 930.0
1 1441.0 933.0
1 1105.0 936.0
1 667.0 937.0
1 854.0 940.0
1 1293.0 940.0
1 726.0 941.0
1 1039.0 944.0
1 897.0 945.0
1 617.0 946.0
1 554.0 947.0
1 1119.0 947.0
1 1130.0 950.0
1 855.0 951.0
1 323.0 953.0
1 572.0 953.0
1 689.0 953.0
1 596.0 955.0
1 623.0 955.0
1 662.0 955.0
1 752.0 955.0
1 337.0 956.0
1 835.0 956.0
1 541.0 958.0
1 607.0 958.0
1 1066.0 958.0
1 1120.0 959.0
1 852.0 960.0
1 367.0 961.0
1 1082.0 961.0
1 656.0 962.0
1 875.0 962.0
1 580.0 963.0
1 807.0 963.0
1 272.0 964.0
1 23.0 966.0
1 531.0 966.0
1 790.0 967.0
1 1071.0 967.0
1 541.0 968.0
1 88.0 969.0
1 551.0 969.0
1 1000.0 969.0
1 729.0 972.0
1 748.0 973.0
1 762.0 975.0
1 829.0 978.0
1 705.0 979.0
1 520.0 983.0
1 649.0 983.0
1 807.0 983.0
1 55.0 984.0
1 668.0 984.0
1 217.0 985.0
1 740.0 985.0
1 775.0 985.0
1 75.0 988.0
1 266.0 990.0
1 785.0 990.0
1 699.0 991.0
1 795.0 991.0
1 828.0 991.0
1 883.0 991.0
1 930.0 991.0
