0 19 8 472.8569392243479
0 9 9 456.09455881738273
0 11 14 297.54987846848115
0 12 16 299.4846064270101
0 20 44 499.3554923634744
0 44 45 235.18206645234167
0 13 49 180.20156279369513
0 22 57 180.72629555828593
0 45 60 467.93313135609475
0 30 63 206.8238797204628
0 34 64 217.7672954648276
0 41 69 173.1705975242817
0 38 72 305.3442472279223
0 56 74 150.89854849823385
0 21 79 286.8017097791081
0 16 84 355.66982596846015
0 86 86 319.37849824365026
0 51 90 448.1481538367534
0 90 93 219.56193527933522
0 93 98 332.05232493010504
0 69 99 150.94086490692115
0 27 101 234.3558910371585
0 48 102 130.27435455351034
0 47 106 221.23713310063536
0 89 107 468.3768982636889
0 91 114 183.0452547026052
0 42 115 192.23139425833978
0 125 118 299.85956272398806
0 103 119 139.23216899714544
0 35 120 111.67802104062179
0 58 121 222.22720263304785
0 79 123 201.1060631133112
0 59 125 217.08386766866158
0 101 126 384.11773628276944
0 82 127 291.4532187733273
0 126 128 134.4438087087246
0 54 129 408.9344830897763
0 68 131 198.53556317010955
0 110 132 332.6170900374167
0 50 133 450.5917482369485
0 127 139 126.60023252126962
0 83 142 497.1914910136914
0 92 143 314.78704209342976
0 97 144 333.03483590449247
0 60 147 202.33476136877698
0 102 149 314.8362786106623
0 70 150 295.5588438067285
0 62 151 340.23904035046786
0 111 152 148.91681872963704
0 63 153 349.4204707941294
0 84 156 162.02038763291523
0 64 157 438.78335105779576
0 65 158 435.5522579395687
0 71 159 304.635706996045
0 124 160 268.2008767851287
0 66 162 339.60074906738515
0 67 163 226.0848449370624
0 152 164 132.7676083177278
0 148 165 167.65543828386677
0 73 167 252.28200094027483
0 74 168 244.21597194398257
0 75 169 210.61087540035888
0 129 170 283.2495908829146
0 85 173 195.39057930691683
0 137 177 327.42506249772515
0 76 179 165.24858279273897
0 87 180 128.37487398542726
0 167 181 109.31497266802506
0 160 183 122.25253943826931
0 161 184 267.6926196880704
0 94 188 208.857526567152
0 104 189 202.01372958034378
0 95 190 133.48638280588312
0 142 191 249.9149023676812
0 131 192 159.18603158421982
0 113 194 207.65316513523862
0 114 195 258.97131810335475
0 143 197 394.1324194584314
0 184 198 195.23569137587663
0 115 199 219.16695291772618
0 175 200 153.2691438936366
0 116 201 349.4531130233085
0 117 202 152.7856452371553
0 186 204 228.41566159464807
0 149 205 394.39485546661916
0 119 207 278.9893090950391
0 132 209 219.04639860539078
0 120 210 179.8636561628373
0 121 213 239.04221348216632
0 122 214 219.25100159316594
0 118 215 121.92069900785283
0 145 216 335.0343976467816
0 135 218 174.27864404089394
0 154 219 429.71828547249703
0 155 220 179.26729909301125
0 166 221 253.49872311691382
0 123 224 149.0363000031802
0 196 228 160.53165270839733
0 197 229 241.9693167184266
0 198 231 149.2458143968895
0 144 237 179.62059932788478
0 146 238 205.53910779264598
0 157 241 236.63340320207683
0 170 242 318.2195563381911
0 219 243 142.28658389720286
0 215 247 145.47221500858194
0 210 248 390.4011921545194
0 139 249 131.3863521119867
0 140 250 129.0844523983647
0 191 255 219.35723939520048
0 181 260 216.31736831912596
0 173 261 210.3282542791602
0 158 263 221.40303873968833
0 163 264 125.17016790954858
0 214 273 283.7724727838521
0 187 276 140.8844121974419
0 212 279 404.401208222542
0 256 280 209.44153844982299
0 185 283 286.15802364691996
0 179 290 267.3742156531667
0 206 293 385.8065401840612
0 194 294 225.97534035607393
0 205 296 131.88996507716294
0 201 299 260.5841190337031
0 209 301 241.48174642727986
0 220 302 406.1702610306961
0 221 307 233.0762909713795
0 189 309 493.7647732785962
0 228 310 406.5930872794615
0 200 312 236.1903689291959
0 224 313 222.74299212330803
0 240 318 182.01075191593225
0 264 319 272.9046961304623
0 237 320 278.42318617769564
0 274 326 160.73831560447445
0 217 328 228.88011915200713
0 248 329 203.49003291312178
0 278 335 175.21106097354146
0 254 341 271.6132220527281
0 289 342 236.5217136318184
0 233 345 139.58036079606956
0 260 351 166.58315606526855
0 283 358 181.18241249748377
0 253 362 259.31012524454434
0 259 363 261.1090087673571
0 246 371 169.30622679032444
0 267 379 269.78880296810496
0 281 380 164.142605870471
0 276 383 458.37377896406457
0 304 384 147.2294033086831
0 306 392 154.38060010096214
0 261 397 389.54956256053623
0 316 398 163.2345337829936
0 297 404 178.47927445816487
0 293 408 279.34473963846995
0 317 409 290.44211569391217
0 231 413 466.7658221755564
0 334 416 145.29738597978385
0 310 421 205.45287466225682
0 242 425 347.2336634946154
0 315 428 301.6320679104791
0 292 431 247.28849161563224
0 343 436 112.1216985607146
0 288 441 177.0249160126403
0 322 442 329.6813655003514
0 325 445 259.7157792061936
0 358 447 397.55183071244437
0 321 456 251.30347488450556
0 328 457 234.6426200587417
0 305 458 127.02030050055666
0 369 459 211.52432791585278
0 330 461 213.66775976243537
0 336 466 289.1511961048766
0 333 468 247.5128757927572
0 350 470 172.83360953870184
0 275 472 411.75363941219655
0 280 477 344.61560203069376
0 376 480 235.50547855165362
0 359 484 109.63574504034848
0 360 485 147.46836199628297
0 299 488 407.3996589100773
0 370 489 132.6084239924494
0 381 490 209.67457555098702
0 375 492 156.08781629192708
0 374 494 114.6096804004326
0 279 495 422.5271011241388
0 357 496 300.06209704881627
0 403 497 347.8033805340207
0 400 498 247.5688299848815
0 295 502 258.8305843190673
0 298 504 306.1437442885046
0 301 506 339.4359188662092
0 302 507 469.270210584988
0 372 509 346.724378231189
0 307 513 475.78273114119816
0 318 516 199.36376008733535
0 313 518 242.20411132468294
0 314 520 471.1284760529507
0 351 530 154.20763965529335
0 363 531 203.47993880034858
0 344 532 117.4205328963277
0 364 535 402.99444775825066
0 404 543 323.97760669041736
0 367 547 149.88938239883356
0 373 550 137.53443132659052
0 389 552 407.3266133117028
0 385 555 149.07176321983044
0 397 559 467.9705910615337
0 391 560 325.73981224332573
0 386 562 185.3718654056489
0 388 565 158.22879587427758
0 427 576 381.2462959798429
0 408 577 306.8909268957981
0 412 579 129.48301079278747
0 413 580 132.49945388214374
0 424 583 203.76967218306507
0 420 593 460.7540483328262
0 432 601 245.53871542623918
0 430 605 116.40246969599207
0 438 613 129.69075295269351
0 554 614 243.35157395035952
0 436 619 318.39834617939715
0 552 620 263.1754834102912
0 551 625 263.3818742321823
0 442 626 153.96486779307872
0 449 627 468.0607734648641
0 445 629 439.5095302355388
0 446 631 128.4427173679542
0 447 633 270.5034876232986
0 460 634 375.1420236501674
0 572 636 284.45148551379475
0 452 638 144.9845723087958
0 458 640 298.96467639811453
0 456 641 290.0036792327836
0 471 643 288.9648356007259
0 462 645 148.581953755359
0 469 646 286.72073850190213
0 467 647 293.3622850804021
0 463 648 145.59659077349352
0 468 650 322.4579447371436
0 580 651 358.7063092221527
0 478 655 177.42513410352285
0 476 656 305.76122027354677
0 491 657 274.4924952375094
0 485 660 341.9556464146279
0 497 662 303.04315387690923
0 488 664 197.14318213224462
0 509 667 479.4525903309401
0 533 668 324.0502260760596
0 483 669 247.4517459083672
0 498 670 190.39695386953534
0 592 671 267.631085420148
0 496 673 156.90628961009799
0 508 674 378.198619233261
0 514 675 431.10402335234505
0 507 677 328.6498379691163
0 517 678 370.10910544477156
0 516 680 262.1464576230402
0 511 681 262.6003501710316
0 515 683 282.5033784372563
0 522 684 325.05338454064304
0 513 685 306.3201521995538
0 540 689 170.75236940415854
0 535 690 161.88262719857505
0 524 692 314.39520600800626
0 530 693 320.88608327304564
0 546 695 187.47472219133752
0 534 696 408.06651274476957
0 545 697 240.39628696616683
0 543 698 305.8700050072191
0 548 699 319.81495691837085
0 595 700 178.56133588597083
0 555 705 196.20900592069455
0 556 707 195.56292243734217
0 597 708 235.83564897334023
0 550 709 486.2696177715533
0 566 711 152.6950506944318
0 567 712 287.32075008982406
0 577 719 358.06239877803205
0 553 720 480.67455733106283
0 604 721 286.34366361222567
0 578 723 412.30416065622785
0 571 732 123.03629755054803
0 561 734 168.87139456866583
0 586 736 203.99911918066778
0 520 742 265.93665139866187
0 565 745 209.17765265349038
0 593 755 115.32386810396791
0 549 761 284.90051789855926
0 609 769 314.3484338053714
0 573 780 402.15365286163444
0 608 786 461.93490744453294
0 616 795 315.9452563201655
0 603 819 334.64993458482854
0 589 823 387.62472531953733
0 624 833 490.9240713927315

0 817.0 284.0
0 830.0 285.0
0 883.0 287.0
0 898.0 288.0
0 825.0 295.0
0 843.0 297.0
0 877.0 297.0
0 865.0 299.0
0 804.0 302.0
0 897.0 302.0
0 815.0 303.0
0 876.0 305.0
0 887.0 306.0
0 826.0 307.0
0 901.0 310.0
0 842.0 311.0
0 913.0 311.0
0 798.0 312.0
0 803.0 312.0
0 790.0 315.0
0 762.0 317.0
0 767.0 319.0
0 690.0 320.0
0 703.0 321.0
0 711.0 321.0
0 884.0 321.0
0 802.0 325.0
0 670.0 327.0
0 779.0 328.0
0 653.0 329.0
0 697.0 329.0
0 735.0 330.0
0 616.0 331.0
0 621.0 331.0
0 610.0 332.0
0 626.0 332.0
0 687.0 332.0
0 639.0 333.0
0 604.0 334.0
0 1067.0 337.0
0 666.0 338.0
0 651.0 339.0
0 1086.0 339.0
0 759.0 340.0
0 1000.0 340.0
0 591.0 341.0
0 723.0 341.0
0 678.0 342.0
0 714.0 342.0
0 901.0 342.0
0 735.0 343.0
0 641.0 344.0
0 699.0 344.0
0 743.0 344.0
0 751.0 344.0
0 932.0 344.0
0 1017.0 344.0
0 1073.0 346.0
0 655.0 347.0
0 607.0 348.0
0 666.0 348.0
0 687.0 348.0
0 624.0 349.0
0 1007.0 353.0
0 1083.0 353.0
0 702.0 354.0
0 675.0 355.0
0 761.0 355.0
0 642.0 356.0
0 655.0 356.0
0 589.0 357.0
0 714.0 357.0
0 995.0 357.0
0 1092.0 357.0
0 626.0 358.0
0 725.0 358.0
0 734.0 358.0
0 743.0 358.0
0 907.0 358.0
0 1030.0 358.0
0 573.0 360.0
0 985.0 361.0
0 1004.0 362.0
0 700.0 363.0
0 942.0 363.0
0 952.0 363.0
0 591.0 364.0
0 974.0 364.0
0 688.0 365.0
0 754.0 365.0
0 1089.0 365.0
0 717.0 367.0
0 733.0 367.0
0 607.0 368.0
0 626.0 370.0
0 979.0 370.0
0 987.0 370.0
0 968.0 371.0
0 554.0 373.0
0 656.0 373.0
0 713.0 373.0
0 751.0 374.0
0 1028.0 374.0
0 1102.0 374.0
0 673.0 375.0
0 989.0 375.0
0 1015.0 376.0
0 1093.0 376.0
0 994.0 377.0
0 551.0 378.0
0 707.0 379.0
0 939.0 379.0
0 593.0 380.0
0 576.0 381.0
0 673.0 381.0
0 746.0 381.0
0 957.0 381.0
0 967.0 381.0
0 552.0 383.0
0 628.0 383.0
0 899.0 384.0
0 1009.0 384.0
0 981.0 385.0
0 1026.0 387.0
0 1081.0 387.0
0 1074.0 388.0
0 993.0 389.0
0 1044.0 389.0
0 576.0 390.0
0 920.0 390.0
0 949.0 390.0
0 1061.0 390.0
0 708.0 391.0
0 914.0 392.0
0 966.0 392.0
0 1108.0 392.0
0 1016.0 393.0
0 991.0 394.0
0 1006.0 394.0
0 673.0 395.0
0 896.0 395.0
0 1086.0 395.0
0 704.0 396.0
0 1076.0 397.0
0 1028.0 398.0
0 1061.0 399.0
0 732.0 400.0
0 758.0 400.0
0 921.0 400.0
0 1044.0 400.0
0 773.0 401.0
0 782.0 401.0
0 1021.0 401.0
0 787.0 402.0
0 1106.0 402.0
0 554.0 403.0
0 751.0 403.0
0 793.0 403.0
0 799.0 403.0
0 804.0 403.0
0 933.0 403.0
0 811.0 404.0
0 820.0 404.0
0 829.0 404.0
0 624.0 405.0
0 638.0 405.0
0 633.0 406.0
0 850.0 406.0
0 858.0 407.0
0 865.0 407.0
0 967.0 407.0
0 1110.0 407.0
0 793.0 408.0
0 872.0 408.0
0 752.0 409.0
0 838.0 409.0
0 843.0 409.0
0 1021.0 410.0
0 646.0 411.0
0 881.0 411.0
0 893.0 411.0
0 592.0 412.0
0 732.0 412.0
0 616.0 413.0
0 668.0 413.0
0 679.0 413.0
0 780.0 413.0
0 816.0 413.0
0 821.0 413.0
0 754.0 414.0
0 837.0 414.0
0 936.0 414.0
0 1070.0 414.0
0 768.0 415.0
0 762.0 416.0
0 773.0 416.0
0 847.0 416.0
0 958.0 416.0
0 577.0 417.0
0 794.0 417.0
0 660.0 418.0
0 805.0 418.0
0 872.0 419.0
0 1064.0 419.0
0 557.0 420.0
0 722.0 420.0
0 817.0 420.0
0 828.0 420.0
0 886.0 420.0
0 731.0 421.0
0 836.0 421.0
0 853.0 421.0
0 1113.0 421.0
0 859.0 422.0
0 864.0 422.0
0 894.0 422.0
0 1048.0 422.0
0 696.0 423.0
0 741.0 423.0
0 1024.0 423.0
0 1057.0 424.0
0 1069.0 424.0
0 655.0 425.0
0 880.0 425.0
0 914.0 425.0
0 940.0 425.0
0 945.0 425.0
0 1014.0 425.0
0 614.0 426.0
0 623.0 426.0
0 631.0 426.0
0 645.0 426.0
0 672.0 427.0
0 711.0 427.0
0 961.0 427.0
0 574.0 428.0
0 636.0 428.0
0 748.0 428.0
0 928.0 428.0
0 995.0 428.0
0 689.0 430.0
0 954.0 430.0
0 735.0 431.0
0 590.0 432.0
0 699.0 433.0
0 1002.0 433.0
0 1012.0 433.0
0 553.0 434.0
0 576.0 435.0
0 899.0 435.0
0 914.0 435.0
0 953.0 435.0
0 655.0 437.0
0 1048.0 437.0
0 931.0 438.0
0 941.0 439.0
0 691.0 440.0
0 1010.0 440.0
0 1027.0 440.0
0 708.0 441.0
0 723.0 441.0
0 750.0 442.0
0 990.0 442.0
0 817.0 444.0
0 919.0 444.0
0 587.0 445.0
0 1027.0 445.0
0 1041.0 445.0
0 628.0 448.0
0 683.0 448.0
0 1058.0 448.0
0 1110.0 448.0
0 666.0 449.0
0 938.0 449.0
0 671.0 450.0
0 978.0 450.0
0 897.0 451.0
0 806.0 452.0
0 827.0 452.0
0 858.0 452.0
0 554.0 453.0
0 780.0 453.0
0 792.0 453.0
0 1007.0 453.0
0 1014.0 453.0
0 1034.0 453.0
0 881.0 454.0
0 999.0 454.0
0 1043.0 454.0
0 843.0 455.0
0 994.0 455.0
0 707.0 456.0
0 772.0 456.0
0 973.0 456.0
0 1023.0 456.0
0 575.0 457.0
0 927.0 457.0
0 561.0 458.0
0 984.0 458.0
0 1028.0 458.0
0 814.0 460.0
0 979.0 460.0
0 745.0 461.0
0 830.0 461.0
0 863.0 461.0
0 955.0 461.0
0 792.0 462.0
0 1033.0 463.0
0 782.0 464.0
0 822.0 464.0
0 968.0 464.0
0 760.0 465.0
0 846.0 465.0
0 976.0 465.0
0 1107.0 465.0
0 754.0 467.0
0 749.0 468.0
0 822.0 469.0
0 1039.0 469.0
0 1056.0 469.0
0 973.0 470.0
0 708.0 471.0
0 799.0 471.0
0 830.0 471.0
0 965.0 471.0
0 1050.0 471.0
0 1082.0 471.0
0 810.0 472.0
0 865.0 472.0
0 914.0 472.0
0 1045.0 472.0
0 643.0 474.0
0 739.0 474.0
0 819.0 474.0
0 959.0 475.0
0 1095.0 475.0
0 674.0 476.0
0 679.0 476.0
0 792.0 476.0
0 801.0 476.0
0 830.0 476.0
0 946.0 476.0
0 1079.0 476.0
0 810.0 477.0
0 1050.0 477.0
0 898.0 478.0
0 684.0 479.0
0 731.0 479.0
0 840.0 479.0
0 822.0 480.0
0 964.0 480.0
0 1044.0 480.0
0 644.0 481.0
0 796.0 481.0
0 666.0 482.0
0 806.0 482.0
0 834.0 482.0
0 959.0 482.0
0 1074.0 482.0
0 674.0 483.0
0 817.0 483.0
0 850.0 483.0
0 910.0 483.0
0 969.0 483.0
0 685.0 484.0
0 695.0 485.0
0 703.0 485.0
0 723.0 485.0
0 714.0 486.0
0 827.0 486.0
0 845.0 486.0
0 891.0 486.0
0 767.0 487.0
0 777.0 487.0
0 787.0 487.0
0 757.0 488.0
0 799.0 488.0
0 806.0 488.0
0 838.0 488.0
0 970.0 488.0
0 1045.0 488.0
0 813.0 489.0
0 853.0 490.0
0 882.0 490.0
0 1072.0 490.0
0 1105.0 490.0
0 564.0 491.0
0 654.0 491.0
0 708.0 491.0
0 748.0 491.0
0 819.0 491.0
0 846.0 491.0
0 1086.0 491.0
0 828.0 493.0
0 833.0 493.0
0 739.0 494.0
0 970.0 494.0
0 892.0 495.0
0 1093.0 495.0
0 707.0 496.0
0 767.0 496.0
0 772.0 496.0
0 839.0 496.0
0 730.0 497.0
0 1044.0 497.0
0 1114.0 497.0
0 754.0 498.0
0 759.0 498.0
0 973.0 499.0
0 1104.0 499.0
0 722.0 500.0
0 810.0 500.0
0 849.0 500.0
0 798.0 501.0
0 653.0 503.0
0 748.0 503.0
0 1095.0 503.0
0 702.0 504.0
0 734.0 504.0
0 763.0 504.0
0 976.0 504.0
0 1041.0 504.0
0 586.0 505.0
0 714.0 505.0
0 773.0 505.0
0 792.0 505.0
0 825.0 505.0
0 859.0 505.0
0 962.0 505.0
0 661.0 506.0
0 675.0 506.0
0 930.0 506.0
0 757.0 507.0
0 808.0 507.0
0 697.0 508.0
0 1010.0 508.0
0 1072.0 508.0
0 1116.0 508.0
0 867.0 509.0
0 706.0 510.0
0 822.0 510.0
0 910.0 510.0
0 1052.0 510.0
0 838.0 511.0
0 733.0 512.0
0 1034.0 512.0
0 985.0 513.0
0 1091.0 513.0
0 851.0 514.0
0 688.0 515.0
0 712.0 515.0
0 877.0 515.0
0 695.0 516.0
0 700.0 516.0
0 856.0 516.0
0 793.0 517.0
0 991.0 517.0
0 1026.0 517.0
0 925.0 518.0
0 1103.0 518.0
0 841.0 519.0
0 999.0 519.0
0 1020.0 519.0
0 567.0 520.0
0 687.0 520.0
0 864.0 520.0
0 1004.0 520.0
0 1010.0 520.0
0 1015.0 520.0
0 704.0 521.0
0 1066.0 521.0
0 768.0 523.0
0 853.0 523.0
0 832.0 524.0
0 1318.0 524.0
0 568.0 525.0
0 911.0 525.0
0 873.0 526.0
0 1110.0 526.0
0 860.0 527.0
0 1105.0 527.0
0 895.0 529.0
0 719.0 530.0
0 731.0 530.0
0 971.0 531.0
0 1009.0 532.0
0 647.0 534.0
0 674.0 535.0
0 881.0 536.0
0 1004.0 536.0
0 1068.0 536.0
0 761.0 537.0
0 1041.0 537.0
0 745.0 538.0
0 1023.0 539.0
0 809.0 540.0
0 947.0 540.0
0 1099.0 540.0
0 1072.0 541.0
0 894.0 542.0
0 729.0 543.0
0 724.0 545.0
0 767.0 547.0
0 775.0 549.0
0 788.0 549.0
0 903.0 550.0
0 747.0 551.0
0 756.0 551.0
0 890.0 551.0
0 571.0 552.0
0 799.0 552.0
0 716.0 553.0
0 768.0 553.0
0 780.0 554.0
0 818.0 555.0
0 1369.0 556.0
0 752.0 557.0
0 729.0 558.0
0 738.0 558.0
0 724.0 561.0
0 829.0 561.0
0 778.0 563.0
0 795.0 563.0
0 768.0 564.0
0 773.0 564.0
0 813.0 565.0
0 853.0 565.0
0 762.0 566.0
0 807.0 566.0
0 843.0 566.0
0 727.0 568.0
0 753.0 569.0
0 716.0 570.0
0 574.0 572.0
0 933.0 572.0
0 847.0 575.0
0 823.0 576.0
0 857.0 576.0
0 652.0 578.0
0 680.0 581.0
0 805.0 581.0
0 574.0 583.0
0 597.0 583.0
0 865.0 583.0
0 952.0 584.0
0 845.0 586.0
0 688.0 587.0
0 698.0 588.0
0 862.0 588.0
0 703.0 589.0
0 708.0 589.0
0 952.0 589.0
0 742.0 591.0
0 597.0 594.0
0 951.0 594.0
0 727.0 595.0
0 810.0 595.0
0 822.0 596.0
0 743.0 597.0
0 769.0 598.0
0 871.0 598.0
0 578.0 599.0
0 693.0 599.0
0 815.0 599.0
0 951.0 599.0
0 703.0 600.0
0 858.0 600.0
0 880.0 601.0
0 1092.0 601.0
0 658.0 602.0
0 743.0 603.0
0 770.0 603.0
0 599.0 608.0
0 743.0 608.0
0 771.0 608.0
0 784.0 609.0
0 863.0 610.0
0 882.0 610.0
0 854.0 612.0
0 689.0 614.0
0 699.0 614.0
0 844.0 615.0
0 578.0 616.0
0 658.0 616.0
0 951.0 618.0
0 783.0 619.0
0 819.0 619.0
0 866.0 619.0
0 848.0 623.0
0 160.0 624.0
0 790.0 624.0
0 819.0 624.0
0 600.0 626.0
0 768.0 626.0
0 667.0 627.0
0 797.0 627.0
0 802.0 628.0
0 819.0 629.0
0 1117.0 629.0
0 839.0 631.0
0 579.0 632.0
0 661.0 633.0
0 830.0 635.0
0 890.0 635.0
0 948.0 635.0
0 694.0 636.0
0 863.0 637.0
0 796.0 638.0
0 820.0 638.0
0 825.0 638.0
0 803.0 639.0
0 808.0 639.0
0 604.0 640.0
0 729.0 641.0
0 1083.0 642.0
0 830.0 643.0
0 896.0 643.0
0 940.0 644.0
0 854.0 646.0
0 764.0 647.0
0 1047.0 647.0
0 1083.0 647.0
0 581.0 648.0
0 896.0 648.0
0 877.0 649.0
0 945.0 650.0
0 696.0 651.0
0 847.0 651.0
0 936.0 651.0
0 887.0 652.0
0 797.0 653.0
0 704.0 654.0
0 896.0 655.0
0 829.0 656.0
0 839.0 656.0
0 935.0 656.0
0 1081.0 656.0
0 1102.0 656.0
0 697.0 659.0
0 863.0 659.0
0 671.0 660.0
0 819.0 662.0
0 845.0 663.0
0 885.0 664.0
0 672.0 665.0
0 708.0 666.0
0 894.0 666.0
0 828.0 668.0
0 703.0 669.0
0 675.0 670.0
0 816.0 670.0
0 1080.0 670.0
0 883.0 673.0
0 892.0 674.0
0 346.0 681.0
0 725.0 681.0
0 841.0 681.0
0 888.0 682.0
0 586.0 684.0
0 724.0 686.0
0 874.0 687.0
0 686.0 688.0
0 805.0 688.0
0 561.0 689.0
0 719.0 690.0
0 867.0 692.0
0 872.0 692.0
0 882.0 692.0
0 899.0 692.0
0 690.0 693.0
0 724.0 694.0
0 1076.0 694.0
0 1445.0 694.0
0 714.0 695.0
0 866.0 697.0
0 878.0 697.0
0 743.0 698.0
0 736.0 700.0
0 857.0 701.0
0 342.0 703.0
0 699.0 703.0
0 751.0 703.0
0 605.0 705.0
0 738.0 705.0
0 871.0 706.0
0 758.0 707.0
0 747.0 709.0
0 765.0 710.0
0 1466.0 710.0
0 840.0 711.0
0 865.0 711.0
0 302.0 712.0
0 774.0 712.0
0 752.0 713.0
0 711.0 714.0
0 829.0 714.0
0 760.0 715.0
0 818.0 715.0
0 798.0 717.0
0 806.0 717.0
0 1016.0 717.0
0 330.0 718.0
0 274.0 719.0
0 717.0 720.0
0 767.0 720.0
0 842.0 721.0
0 411.0 722.0
0 833.0 723.0
0 1074.0 723.0
0 723.0 724.0
0 797.0 724.0
0 820.0 725.0
0 807.0 726.0
0 446.0 734.0
0 425.0 736.0
0 350.0 737.0
0 623.0 738.0
0 188.0 742.0
0 271.0 745.0
0 837.0 745.0
0 779.0 746.0
0 1381.0 746.0
0 832.0 747.0
0 819.0 748.0
0 824.0 748.0
0 925.0 755.0
0 470.0 761.0
0 162.0 762.0
0 447.0 764.0
0 1253.0 764.0
0 1239.0 767.0
0 420.0 771.0
0 490.0 771.0
0 925.0 771.0
0 385.0 776.0
0 198.0 777.0
0 703.0 777.0
0 481.0 778.0
0 423.0 782.0
0 1168.0 783.0
0 1481.0 785.0
0 339.0 787.0
0 372.0 788.0
0 291.0 790.0
0 496.0 792.0
0 313.0 793.0
0 414.0 793.0
0 1274.0 800.0
0 392.0 802.0
0 482.0 803.0
0 381.0 805.0
0 1301.0 807.0
0 1128.0 808.0
0 342.0 809.0
0 337.0 810.0
0 903.0 810.0
0 474.0 811.0
0 1137.0 812.0
0 1003.0 813.0
0 469.0 814.0
0 1236.0 814.0
0 108.0 819.0
0 148.0 820.0
0 366.0 821.0
0 1214.0 823.0
0 355.0 824.0
0 1408.0 826.0
0 385.0 829.0
0 1284.0 829.0
0 1056.0 831.0
0 1103.0 831.0
0 335.0 832.0
0 327.0 837.0
0 215.0 839.0
0 260.0 839.0
0 285.0 839.0
0 1151.0 845.0
0 1428.0 845.0
0 114.0 851.0
0 1271.0 851.0
0 166.0 853.0
0 848.0 853.0
0 1261.0 853.0
0 1365.0 853.0
0 150.0 855.0
0 943.0 855.0
0 865.0 856.0
0 1285.0 858.0
0 191.0 859.0
0 1444.0 860.0
0 1060.0 861.0
0 245.0 863.0
0 1336.0 863.0
0 1357.0 864.0
0 105.0 866.0
0 1021.0 868.0
0 1190.0 868.0
0 804.0 869.0
0 1068.0 869.0
0 994.0 870.0
0 202.0 871.0
0 54.0 872.0
0 136.0 872.0
0 1454.0 874.0
0 34.0 875.0
0 1070.0 876.0
0 184.0 878.0
0 1377.0 880.0
0 271.0 881.0
0 988.0 881.0
0 1185.0 881.0
0 1369.0 882.0
0 53.0 883.0
0 124.0 884.0
0 1140.0 886.0
0 114.0 887.0
0 952.0 887.0
0 982.0 890.0
0 39.0 891.0
0 498.0 891.0
0 904.0 895.0
0 1159.0 895.0
0 1190.0 897.0
0 413.0 898.0
0 682.0 899.0
0 713.0 900.0
0 1139.0 902.0
0 82.0 913.0
0 725.0 913.0
0 1183.0 915.0
0 551.0 916.0
0 816.0 916.0
0 989.0 920.0
0 1033.0 922.0
0 1086.0 922.0
0 1337.0 922.0
0 972.0 926.0
0 1051.0 929.0
0 991.0 933.0
0 598.0 936.0
0 582.0 939.0
0 829.0 940.0
0 955.0 940.0
0 897.0 943.0
0 710.0 944.0
0 1071.0 945.0
0 698.0 947.0
0 1188.0 948.0
0 859.0 950.0
0 1030.0 951.0
0 1089.0 951.0
0 615.0 954.0
0 1075.0 956.0
0 990.0 957.0
0 516.0 959.0
0 570.0 959.0
0 1032.0 964.0
0 1194.0 967.0
0 451.0 968.0
0 176.0 971.0
0 691.0 971.0
0 232.0 975.0
0 151.0 977.0
0 912.0 978.0
0 211.0 979.0
0 804.0 980.0
0 1029.0 984.0
0 903.0 991.0
0 999.0 991.0
1 1050.0 94.0
1 895.0 191.0
1 870.0 363.0
1 811.0 364.0
1 838.0 364.0
1 738.0 367.0
1 828.0 368.0
1 833.0 368.0
1 840.0 372.0
1 874.0 373.0
1 855.0 377.0
1 871.0 380.0
1 887.0 388.0
1 835.0 393.0
1 1031.0 393.0
1 828.0 394.0
1 849.0 396.0
1 699.0 398.0
1 672.0 401.0
1 819.0 401.0
1 944.0 401.0
1 968.0 401.0
1 1017.0 401.0
1 1037.0 401.0
1 636.0 403.0
1 818.0 407.0
1 858.0 408.0
1 686.0 409.0
1 830.0 409.0
1 660.0 410.0
1 960.0 410.0
1 965.0 410.0
1 983.0 410.0
1 818.0 412.0
1 1034.0 412.0
1 804.0 413.0
1 1045.0 416.0
1 818.0 417.0
1 938.0 417.0
1 1033.0 417.0
1 620.0 418.0
1 645.0 418.0
1 678.0 418.0
1 854.0 418.0
1 608.0 419.0
1 656.0 420.0
1 830.0 420.0
1 954.0 422.0
1 964.0 423.0
1 976.0 423.0
1 827.0 425.0
1 1033.0 425.0
1 944.0 426.0
1 1051.0 429.0
1 841.0 430.0
1 1030.0 430.0
1 621.0 431.0
1 926.0 431.0
1 943.0 431.0
1 1017.0 432.0
1 687.0 433.0
1 692.0 433.0
1 704.0 433.0
1 709.0 433.0
1 714.0 433.0
1 719.0 433.0
1 737.0 433.0
1 743.0 433.0
1 1002.0 433.0
1 645.0 434.0
1 699.0 434.0
1 726.0 434.0
1 732.0 434.0
1 760.0 434.0
1 765.0 434.0
1 774.0 434.0
1 785.0 434.0
1 790.0 434.0
1 915.0 434.0
1 957.0 434.0
1 977.0 434.0
1 982.0 434.0
1 988.0 434.0
1 672.0 435.0
1 682.0 435.0
1 779.0 435.0
1 606.0 436.0
1 795.0 436.0
1 836.0 436.0
1 1033.0 437.0
1 613.0 440.0
1 651.0 440.0
1 1018.0 441.0
1 576.0 442.0
1 733.0 442.0
1 750.0 442.0
1 900.0 442.0
1 967.0 442.0
1 984.0 442.0
1 1002.0 442.0
1 1052.0 442.0
1 925.0 443.0
1 977.0 443.0
1 620.0 444.0
1 682.0 444.0
1 839.0 444.0
1 876.0 444.0
1 916.0 444.0
1 1070.0 444.0
1 651.0 445.0
1 667.0 445.0
1 957.0 446.0
1 1056.0 447.0
1 688.0 448.0
1 699.0 448.0
1 715.0 448.0
1 724.0 448.0
1 777.0 448.0
1 795.0 448.0
1 733.0 449.0
1 744.0 449.0
1 763.0 449.0
1 772.0 449.0
1 814.0 449.0
1 859.0 451.0
1 570.0 452.0
1 582.0 453.0
1 651.0 453.0
1 1037.0 453.0
1 888.0 454.0
1 916.0 454.0
1 994.0 455.0
1 667.0 456.0
1 953.0 456.0
1 1073.0 456.0
1 677.0 457.0
1 830.0 457.0
1 958.0 457.0
1 913.0 459.0
1 800.0 460.0
1 813.0 460.0
1 1038.0 460.0
1 867.0 461.0
1 878.0 461.0
1 681.0 462.0
1 958.0 462.0
1 821.0 463.0
1 926.0 463.0
1 627.0 465.0
1 664.0 465.0
1 797.0 465.0
1 1039.0 465.0
1 614.0 466.0
1 993.0 466.0
1 949.0 467.0
1 977.0 467.0
1 1061.0 467.0
1 864.0 469.0
1 740.0 470.0
1 891.0 470.0
1 609.0 471.0
1 650.0 471.0
1 932.0 471.0
1 821.0 472.0
1 843.0 472.0
1 945.0 472.0
1 991.0 472.0
1 592.0 473.0
1 658.0 473.0
1 964.0 473.0
1 672.0 474.0
1 711.0 474.0
1 974.0 474.0
1 684.0 475.0
1 782.0 475.0
1 643.0 476.0
1 698.0 477.0
1 703.0 477.0
1 658.0 478.0
1 897.0 478.0
1 992.0 478.0
1 665.0 479.0
1 892.0 479.0
1 1074.0 479.0
1 582.0 480.0
1 907.0 480.0
1 570.0 481.0
1 802.0 481.0
1 814.0 481.0
1 727.0 482.0
1 822.0 482.0
1 847.0 482.0
1 953.0 483.0
1 1060.0 483.0
1 919.0 484.0
1 948.0 485.0
1 609.0 486.0
1 615.0 486.0
1 629.0 487.0
1 675.0 487.0
1 744.0 487.0
1 926.0 487.0
1 1073.0 487.0
1 659.0 488.0
1 687.0 488.0
1 831.0 488.0
1 866.0 488.0
1 645.0 489.0
1 692.0 489.0
1 880.0 489.0
1 577.0 490.0
1 582.0 490.0
1 788.0 491.0
1 801.0 491.0
1 851.0 491.0
1 565.0 492.0
1 699.0 492.0
1 759.0 492.0
1 1074.0 492.0
1 590.0 493.0
1 668.0 493.0
1 931.0 493.0
1 1060.0 493.0
1 708.0 495.0
1 874.0 495.0
1 632.0 496.0
1 715.0 498.0
1 824.0 498.0
1 869.0 498.0
1 952.0 498.0
1 959.0 498.0
1 661.0 499.0
1 843.0 499.0
1 793.0 501.0
1 701.0 503.0
1 723.0 503.0
1 767.0 503.0
1 870.0 503.0
1 959.0 503.0
1 779.0 504.0
1 936.0 504.0
1 592.0 506.0
1 657.0 506.0
1 607.0 507.0
1 582.0 508.0
1 731.0 508.0
1 786.0 508.0
1 802.0 508.0
1 822.0 508.0
1 691.0 509.0
1 713.0 509.0
1 773.0 509.0
1 835.0 509.0
1 812.0 511.0
1 854.0 511.0
1 1060.0 511.0
1 560.0 513.0
1 720.0 513.0
1 740.0 513.0
1 870.0 513.0
1 940.0 513.0
1 782.0 515.0
1 1074.0 515.0
1 1051.0 516.0
1 991.0 517.0
1 1041.0 517.0
1 728.0 518.0
1 870.0 518.0
1 979.0 518.0
1 574.0 519.0
1 749.0 519.0
1 819.0 519.0
1 1065.0 519.0
1 624.0 520.0
1 1015.0 520.0
1 720.0 524.0
1 791.0 524.0
1 606.0 525.0
1 1023.0 525.0
1 669.0 527.0
1 735.0 527.0
1 940.0 527.0
1 873.0 528.0
1 1006.0 529.0
1 1061.0 530.0
1 963.0 531.0
1 1030.0 531.0
1 744.0 532.0
1 796.0 532.0
1 1016.0 532.0
1 751.0 533.0
1 763.0 533.0
1 824.0 533.0
1 875.0 533.0
1 1050.0 533.0
1 630.0 534.0
1 843.0 535.0
1 936.0 536.0
1 656.0 537.0
1 731.0 537.0
1 1035.0 537.0
1 615.0 539.0
1 623.0 540.0
1 824.0 540.0
1 1003.0 541.0
1 817.0 542.0
1 1016.0 542.0
1 633.0 543.0
1 575.0 544.0
1 880.0 544.0
1 931.0 544.0
1 644.0 545.0
1 658.0 545.0
1 610.0 547.0
1 680.0 547.0
1 875.0 547.0
1 1018.0 547.0
1 1030.0 547.0
1 622.0 548.0
1 808.0 548.0
1 835.0 548.0
1 887.0 548.0
1 953.0 548.0
1 1045.0 549.0
1 570.0 550.0
1 925.0 551.0
1 614.0 552.0
1 680.0 552.0
1 920.0 552.0
1 1007.0 552.0
1 895.0 553.0
1 1073.0 553.0
1 567.0 555.0
1 911.0 555.0
1 1024.0 555.0
1 840.0 556.0
1 904.0 556.0
1 687.0 557.0
1 708.0 557.0
1 727.0 557.0
1 732.0 558.0
1 647.0 560.0
1 749.0 560.0
1 992.0 560.0
1 595.0 562.0
1 878.0 562.0
1 1050.0 562.0
1 667.0 563.0
1 964.0 563.0
1 695.0 565.0
1 991.0 565.0
1 601.0 568.0
1 681.0 569.0
1 700.0 571.0
1 641.0 572.0
1 663.0 572.0
1 843.0 573.0
1 830.0 575.0
1 1033.0 575.0
1 886.0 577.0
1 921.0 577.0
1 789.0 579.0
1 823.0 579.0
1 622.0 580.0
1 709.0 580.0
1 953.0 580.0
1 989.0 580.0
1 582.0 581.0
1 759.0 581.0
1 1048.0 581.0
1 917.0 582.0
1 689.0 583.0
1 556.0 584.0
1 590.0 584.0
1 935.0 585.0
1 952.0 585.0
1 1048.0 586.0
1 646.0 587.0
1 867.0 587.0
1 715.0 588.0
1 848.0 588.0
1 991.0 589.0
1 1072.0 590.0
1 673.0 591.0
1 951.0 591.0
1 615.0 592.0
1 578.0 594.0
1 828.0 594.0
1 587.0 596.0
1 637.0 596.0
1 679.0 596.0
1 719.0 596.0
1 942.0 598.0
1 947.0 598.0
1 999.0 598.0
1 850.0 599.0
1 1040.0 599.0
1 662.0 600.0
1 688.0 600.0
1 700.0 601.0
1 1004.0 601.0
1 578.0 602.0
1 1009.0 603.0
1 1032.0 603.0
1 731.0 604.0
1 1016.0 605.0
1 1024.0 605.0
1 675.0 607.0
1 723.0 607.0
1 652.0 608.0
1 665.0 610.0
1 568.0 611.0
1 576.0 611.0
1 586.0 612.0
1 704.0 613.0
1 1072.0 613.0
1 1034.0 614.0
1 674.0 616.0
1 689.0 616.0
1 713.0 618.0
1 623.0 622.0
1 740.0 624.0
1 635.0 625.0
1 660.0 625.0
1 553.0 626.0
1 1025.0 628.0
1 676.0 629.0
1 740.0 629.0
1 677.0 634.0
1 586.0 635.0
1 580.0 636.0
1 680.0 639.0
1 554.0 641.0
1 637.0 641.0
1 1047.0 645.0
1 555.0 646.0
1 639.0 646.0
1 650.0 648.0
1 617.0 650.0
1 692.0 651.0
1 898.0 651.0
1 833.0 653.0
1 582.0 654.0
1 840.0 654.0
1 702.0 656.0
1 740.0 657.0
1 591.0 658.0
1 684.0 659.0
1 709.0 659.0
1 715.0 659.0
1 721.0 660.0
1 728.0 661.0
1 582.0 662.0
1 740.0 662.0
1 659.0 664.0
1 693.0 664.0
1 673.0 665.0
1 831.0 665.0
1 559.0 666.0
1 1031.0 666.0
1 706.0 667.0
1 727.0 668.0
1 596.0 671.0
1 587.0 674.0
1 848.0 675.0
1 581.0 676.0
1 639.0 676.0
1 691.0 678.0
1 676.0 679.0
1 745.0 679.0
1 653.0 680.0
1 732.0 680.0
1 845.0 682.0
1 843.0 687.0
1 894.0 687.0
1 639.0 688.0
1 701.0 688.0
1 586.0 689.0
1 607.0 690.0
1 651.0 690.0
1 1071.0 691.0
1 715.0 692.0
1 589.0 694.0
1 572.0 696.0
1 709.0 696.0
1 727.0 696.0
1 862.0 696.0
1 1072.0 696.0
1 600.0 698.0
1 703.0 698.0
1 770.0 699.0
1 734.0 700.0
1 835.0 700.0
1 1063.0 700.0
1 696.0 701.0
1 861.0 701.0
1 595.0 702.0
1 668.0 702.0
1 604.0 703.0
1 673.0 703.0
1 678.0 703.0
1 724.0 703.0
1 609.0 704.0
1 769.0 704.0
1 860.0 706.0
1 1058.0 707.0
1 1071.0 708.0
1 614.0 709.0
1 719.0 709.0
1 729.0 709.0
1 767.0 709.0
1 622.0 710.0
1 827.0 710.0
1 628.0 714.0
1 725.0 714.0
1 614.0 715.0
1 585.0 716.0
1 713.0 716.0
1 886.0 716.0
1 1071.0 716.0
1 311.0 718.0
1 893.0 718.0
1 725.0 719.0
1 987.0 719.0
1 636.0 720.0
1 1039.0 720.0
1 1060.0 720.0
1 618.0 721.0
1 809.0 721.0
1 1072.0 721.0
1 623.0 722.0
1 641.0 723.0
1 734.0 724.0
1 760.0 724.0
1 632.0 725.0
1 718.0 725.0
1 646.0 726.0
1 1072.0 726.0
1 626.0 729.0
1 638.0 729.0
1 699.0 729.0
1 863.0 729.0
1 585.0 730.0
1 666.0 731.0
1 729.0 731.0
1 684.0 732.0
1 689.0 732.0
1 1066.0 732.0
1 671.0 733.0
1 97.0 734.0
1 584.0 736.0
1 884.0 736.0
1 993.0 736.0
1 636.0 737.0
1 1040.0 737.0
1 700.0 738.0
1 692.0 740.0
1 584.0 741.0
1 1071.0 741.0
1 1436.0 741.0
1 1456.0 741.0
1 311.0 742.0
1 647.0 742.0
1 722.0 742.0
1 1282.0 742.0
1 248.0 743.0
1 682.0 743.0
1 662.0 746.0
1 745.0 746.0
1 584.0 748.0
1 992.0 749.0
1 395.0 751.0
1 1071.0 752.0
1 113.0 755.0
1 990.0 755.0
1 1039.0 756.0
1 738.0 762.0
1 720.0 763.0
1 655.0 766.0
1 992.0 766.0
1 1069.0 771.0
1 585.0 775.0
1 360.0 781.0
1 993.0 781.0
1 1006.0 783.0
1 1067.0 786.0
1 586.0 792.0
1 585.0 799.0
1 1066.0 802.0
1 251.0 807.0
1 585.0 814.0
1 1068.0 816.0
1 1064.0 826.0
1 729.0 830.0
1 935.0 834.0
1 980.0 836.0
1 694.0 843.0
1 1065.0 846.0
1 573.0 850.0
1 23.0 857.0
1 527.0 863.0
1 1064.0 864.0
1 359.0 865.0
1 364.0 866.0
1 1360.0 867.0
1 288.0 868.0
1 889.0 870.0
1 543.0 875.0
1 680.0 878.0
1 902.0 879.0
1 114.0 880.0
1 367.0 880.0
1 729.0 891.0
1 859.0 896.0
1 1064.0 901.0
1 733.0 907.0
1 814.0 910.0
1 744.0 916.0
1 735.0 917.0
1 734.0 922.0
1 691.0 926.0
1 717.0 926.0
1 736.0 931.0
1 847.0 945.0
1 842.0 954.0
1 751.0 959.0
