0 120 0 300.0884227226811
0 344 2 328.98192024766763
0 292 36 428.2753021430976
0 94 40 297.0389526417793
0 515 42 384.3482011959153
0 535 52 267.1496540291714
0 412 55 203.94659602476403
0 556 56 299.6746168936108
0 139 58 235.43003035067565
0 306 59 294.18822227697035
0 540 65 224.62363941575308
0 153 76 462.0975092515746
0 211 77 471.8870450222738
0 485 81 477.5806497640629
0 95 84 194.69036078698593
0 152 90 447.81107030926313
0 164 106 311.7903246818533
0 388 110 319.351992383771
0 373 111 199.50375017510012
0 471 118 351.44874642588223
0 517 130 358.0774156094729
0 283 140 468.3764406082199
0 87 141 189.68134125830926
0 351 148 480.3194110157979
0 213 151 221.7741265484217
0 386 165 262.4942041816257
0 375 169 198.83591762181226
0 102 171 227.40325015607766
0 534 174 487.5614438805171
0 160 176 486.37442927404686
0 447 181 481.7805751341306
0 205 184 251.9002216504229
0 371 190 323.7913731177107
0 200 206 382.3141913601797
0 326 218 220.9826204155044
0 76 222 313.69288166402987
0 452 240 248.18533911729733
0 372 247 343.6756163476624
0 122 252 268.57943606408526
0 136 253 460.55022374568796
0 85 263 345.07171555942415
0 359 267 118.31072762734654
0 58 284 339.27117998501745
0 542 296 406.6811246647521
0 423 305 481.0638838706034
0 435 310 373.5384053631026
0 446 314 150.1524192557415
0 458 319 369.32739889938466
0 155 322 192.24991961519802
0 246 324 259.67071756231815
0 30 329 166.40619808242064
0 555 338 225.40452416806653
0 430 342 157.15016063261655
0 12 355 389.71411421958527
0 109 370 259.1907241906014
0 352 380 226.11220719304387
0 233 381 271.56609162959325
0 104 398 209.71875211136387
0 554 400 490.6109683052346
0 546 402 358.6395983510529
0 566 406 302.99808382411635
0 61 411 318.7750622194283
0 411 412 273.6800860131
0 404 416 283.6658858924408
0 438 420 287.1276497611465
0 68 426 333.2028701114399
0 22 436 247.155742057994
0 217 439 380.28254604466025
0 55 452 288.9730977036692
0 571 459 246.2147157810051
0 121 460 255.071136443057
0 128 465 430.98109745661617
0 511 472 479.37946916772074
0 80 473 340.82554819957164
0 35 475 246.12549876924166
0 118 481 166.98653843263597
0 424 497 300.83197969352005
0 478 499 359.6863220622922
0 463 502 173.26790609923682
0 370 505 356.4875348897298
0 32 519 301.0346148566753
0 333 531 285.4958910613301
0 31 541 141.61120362571333
0 321 547 331.4805998818682
0 374 549 408.2424394027113
0 413 560 196.86343800078407
0 479 578 375.7944202291584
0 88 598 438.75067634519144
0 572 610 453.9833263328114
0 305 615 393.31460520063195
0 310 619 341.84639503095366
0 123 620 390.58778665851526
0 92 621 316.1514032347392
0 408 633 440.09379383142135
0 545 636 450.45298442403737
0 462 638 203.22569547911323
0 219 645 234.94602416704606
0 296 650 438.8536511757403
0 75 654 446.19884475694187
0 101 658 409.26220380968516
0 158 665 188.84059535404313
0 516 673 269.57457030427776
0 111 689 210.7806699389577
0 483 698 390.6347132811415
0 260 714 276.4915801100019
0 194 723 257.732762816786
0 328 731 248.920377217009
0 431 732 433.76441623732245
0 237 740 405.8306840403762
0 282 751 486.6630175387299
0 39 764 463.5072128358101
0 59 779 284.2941814658746
0 179 786 304.1842610921483
0 84 794 361.53001272460654
0 212 798 456.8890171852001
0 312 803 378.4554964668994
0 297 815 280.2375599518506
0 209 841 355.7590471200258
0 367 851 183.4461473798111
0 49 853 316.43676085114487
0 432 857 345.6289786503668
0 174 860 315.8560639648773
0 442 864 216.96942350852902
0 79 867 222.4165324002839
0 336 874 364.79004892868085
0 113 896 473.1027542857554
0 309 899 455.05571661978263
0 488 900 334.56314665979085
0 259 907 467.6578821547693
0 51 909 334.5675833970307
0 224 930 337.7954564810812
0 138 949 360.08103382297173
0 330 991 313.7440353261848
0 466 1002 408.2054889269574
0 185 1006 259.67019508368014

0 873.0 410.0
0 987.0 648.0
0 801.0 605.0
0 310.0 863.0
0 637.0 300.0
0 741.0 319.0
0 685.0 316.0
0 738.0 300.0
0 584.0 435.0
0 723.0 492.0
0 810.0 410.0
0 981.0 388.0
0 844.0 403.0
0 963.0 320.0
0 575.0 436.0
0 744.0 411.0
0 596.0 346.0
0 864.0 266.0
0 831.0 250.0
0 682.0 377.0
0 852.0 411.0
0 698.0 345.0
0 660.0 325.0
0 703.0 437.0
0 741.0 333.0
0 836.0 275.0
0 677.0 295.0
0 1013.0 384.0
0 695.0 485.0
0 592.0 388.0
0 719.0 343.0
0 678.0 430.0
0 718.0 329.0
0 1106.0 359.0
0 883.0 464.0
0 707.0 619.0
0 975.0 485.0
0 938.0 358.0
0 622.0 498.0
0 828.0 412.0
0 857.0 403.0
0 878.0 265.0
0 830.0 733.0
0 645.0 307.0
0 627.0 312.0
0 746.0 675.0
0 824.0 276.0
0 788.0 502.0
0 1180.0 858.0
0 671.0 439.0
0 950.0 376.0
0 849.0 532.0
0 948.0 704.0
0 864.0 393.0
0 1097.0 403.0
0 768.0 654.0
0 914.0 723.0
0 917.0 308.0
0 940.0 414.0
0 1088.0 442.0
0 643.0 489.0
0 754.0 415.0
0 1007.0 300.0
0 790.0 525.0
0 591.0 374.0
0 920.0 711.0
0 590.0 359.0
0 1268.0 792.0
0 821.0 396.0
0 761.0 579.0
0 946.0 521.0
0 869.0 516.0
0 746.0 560.0
0 716.0 439.0
0 635.0 496.0
0 708.0 331.0
0 1076.0 369.0
0 537.0 447.0
0 680.0 540.0
0 678.0 486.0
0 525.0 446.0
0 969.0 666.0
0 811.0 396.0
0 965.0 529.0
0 873.0 402.0
0 840.0 581.0
0 709.0 345.0
0 963.0 390.0
0 80.0 828.0
0 748.0 299.0
0 588.0 413.0
0 494.0 930.0
0 700.0 306.0
0 697.0 331.0
0 944.0 445.0
0 939.0 316.0
0 555.0 618.0
0 839.0 411.0
0 863.0 410.0
0 776.0 518.0
0 897.0 570.0
0 635.0 339.0
0 848.0 238.0
0 708.0 488.0
0 627.0 441.0
0 850.0 579.0
0 1001.0 419.0
0 934.0 504.0
0 550.0 461.0
0 693.0 539.0
0 781.0 636.0
0 786.0 625.0
0 1035.0 577.0
0 282.0 865.0
0 1237.0 888.0
0 1050.0 348.0
0 828.0 723.0
0 836.0 257.0
0 977.0 646.0
0 976.0 674.0
0 738.0 364.0
0 1192.0 904.0
0 735.0 528.0
0 864.0 237.0
0 846.0 260.0
0 977.0 293.0
0 984.0 659.0
0 1079.0 482.0
0 636.0 515.0
0 751.0 514.0
0 940.0 698.0
0 323.0 863.0
0 654.0 441.0
0 712.0 297.0
0 1058.0 403.0
0 963.0 690.0
0 559.0 647.0
0 1178.0 874.0
0 799.0 268.0
0 918.0 523.0
0 1078.0 419.0
0 934.0 390.0
0 760.0 544.0
0 1106.0 432.0
0 993.0 299.0
0 1000.0 312.0
0 813.0 728.0
0 925.0 471.0
0 814.0 605.0
0 753.0 551.0
0 727.0 435.0
0 932.0 429.0
0 646.0 442.0
0 942.0 345.0
0 802.0 538.0
0 967.0 375.0
0 993.0 454.0
0 552.0 606.0
0 846.0 395.0
0 951.0 330.0
0 923.0 332.0
0 677.0 511.0
0 653.0 296.0
0 850.0 727.0
0 862.0 456.0
0 773.0 638.0
0 1011.0 325.0
0 820.0 488.0
0 851.0 268.0
0 1059.0 487.0
0 897.0 391.0
0 1032.0 349.0
0 754.0 425.0
0 951.0 319.0
0 844.0 734.0
0 785.0 269.0
0 582.0 421.0
0 805.0 251.0
0 851.0 519.0
0 933.0 592.0
0 759.0 508.0
0 914.0 657.0
0 1179.0 818.0
0 773.0 384.0
0 962.0 430.0
0 616.0 492.0
0 833.0 265.0
0 979.0 401.0
0 1016.0 406.0
0 950.0 413.0
0 909.0 580.0
0 955.0 699.0
0 676.0 419.0
0 866.0 498.0
0 1432.0 711.0
0 854.0 250.0
0 1080.0 408.0
0 736.0 446.0
0 46.0 851.0
0 698.0 451.0
0 666.0 541.0
0 756.0 565.0
0 1020.0 839.0
0 900.0 515.0
0 732.0 376.0
0 625.0 515.0
0 894.0 456.0
0 772.0 441.0
0 724.0 422.0
0 996.0 429.0
0 799.0 520.0
0 1111.0 802.0
0 782.0 278.0
0 532.0 870.0
0 733.0 389.0
0 805.0 546.0
0 964.0 301.0
0 1142.0 886.0
0 829.0 588.0
0 967.0 601.0
0 1217.0 860.0
0 490.0 969.0
0 921.0 392.0
0 837.0 395.0
0 733.0 576.0
0 785.0 511.0
0 993.0 341.0
0 634.0 352.0
0 527.0 628.0
0 1098.0 858.0
0 1031.0 381.0
0 544.0 345.0
0 1153.0 932.0
0 1295.0 819.0
0 1019.0 594.0
0 706.0 605.0
0 941.0 653.0
0 1229.0 899.0
0 766.0 524.0
0 1245.0 839.0
0 771.0 695.0
0 738.0 419.0
0 686.0 391.0
0 867.0 444.0
0 829.0 448.0
0 519.0 352.0
0 958.0 532.0
0 709.0 636.0
0 819.0 721.0
0 651.0 339.0
0 1285.0 828.0
0 981.0 505.0
0 910.0 405.0
0 963.0 401.0
0 528.0 642.0
0 460.0 987.0
0 856.0 394.0
0 569.0 355.0
0 779.0 508.0
0 856.0 500.0
0 438.0 943.0
0 771.0 368.0
0 928.0 575.0
0 912.0 391.0
0 901.0 727.0
0 649.0 430.0
0 1075.0 392.0
0 990.0 491.0
0 917.0 645.0
0 548.0 425.0
0 521.0 362.0
0 482.0 898.0
0 797.0 629.0
0 362.0 880.0
0 795.0 251.0
0 976.0 541.0
0 838.0 531.0
0 889.0 392.0
0 940.0 332.0
0 826.0 536.0
0 956.0 685.0
0 1234.0 820.0
0 730.0 483.0
0 742.0 457.0
0 996.0 331.0
0 1152.0 899.0
0 770.0 536.0
0 688.0 369.0
0 1021.0 611.0
0 1267.0 805.0
0 611.0 413.0
0 821.0 512.0
0 494.0 459.0
0 934.0 526.0
0 773.0 240.0
0 326.0 838.0
0 717.0 733.0
0 648.0 371.0
0 1084.0 463.0
0 614.0 522.0
0 509.0 430.0
0 297.0 864.0
0 1104.0 347.0
0 727.0 325.0
0 768.0 501.0
0 831.0 631.0
0 485.0 427.0
0 561.0 424.0
0 443.0 917.0
0 1223.0 821.0
0 747.0 697.0
0 310.0 803.0
0 1075.0 293.0
0 1193.0 807.0
0 779.0 689.0
0 559.0 886.0
0 824.0 560.0
0 793.0 293.0
0 691.0 437.0
0 735.0 702.0
0 635.0 480.0
0 885.0 524.0
0 1060.0 370.0
0 643.0 332.0
0 939.0 469.0
0 746.0 444.0
0 742.0 346.0
0 918.0 570.0
0 969.0 307.0
0 1015.0 311.0
0 881.0 515.0
0 761.0 307.0
0 955.0 524.0
0 831.0 508.0
0 801.0 399.0
0 1043.0 273.0
0 1093.0 417.0
0 559.0 632.0
0 924.0 718.0
0 614.0 430.0
0 980.0 667.0
0 739.0 568.0
0 770.0 672.0
0 643.0 321.0
0 519.0 609.0
0 574.0 367.0
0 848.0 853.0
0 613.0 334.0
0 498.0 358.0
0 496.0 479.0
0 816.0 497.0
0 1229.0 850.0
0 586.0 308.0
0 815.0 262.0
0 650.0 394.0
0 896.0 288.0
0 920.0 560.0
0 657.0 305.0
0 811.0 459.0
0 1002.0 288.0
0 1065.0 278.0
0 546.0 372.0
0 825.0 401.0
0 1314.0 751.0
0 751.0 538.0
0 796.0 507.0
0 783.0 743.0
0 988.0 291.0
0 651.0 513.0
0 662.0 421.0
0 652.0 380.0
0 594.0 334.0
0 1296.0 830.0
0 1192.0 956.0
0 886.0 402.0
0 481.0 402.0
0 596.0 320.0
0 526.0 403.0
0 874.0 637.0
0 676.0 500.0
0 900.0 578.0
0 945.0 459.0
0 890.0 537.0
0 882.0 272.0
0 1165.0 924.0
0 653.0 542.0
0 1256.0 818.0
0 837.0 522.0
0 927.0 516.0
0 794.0 414.0
0 686.0 353.0
0 1246.0 825.0
0 1251.0 884.0
0 733.0 551.0
0 948.0 692.0
0 752.0 527.0
0 1352.0 817.0
0 1145.0 940.0
0 777.0 412.0
0 980.0 284.0
0 1060.0 567.0
0 577.0 347.0
0 909.0 716.0
0 1323.0 794.0
0 853.0 624.0
0 682.0 326.0
0 906.0 726.0
0 871.0 464.0
0 801.0 471.0
0 530.0 433.0
0 521.0 915.0
0 785.0 398.0
0 741.0 657.0
0 1321.0 535.0
0 635.0 449.0
0 565.0 315.0
0 966.0 589.0
0 820.0 412.0
0 1310.0 690.0
0 843.0 504.0
0 817.0 680.0
0 779.0 531.0
0 954.0 463.0
0 973.0 317.0
0 667.0 349.0
0 620.0 293.0
0 1051.0 337.0
0 486.0 385.0
0 519.0 332.0
0 715.0 455.0
0 508.0 882.0
0 489.0 439.0
0 415.0 983.0
0 848.0 450.0
0 959.0 483.0
0 769.0 263.0
0 1056.0 285.0
0 972.0 389.0
0 810.0 515.0
0 915.0 461.0
0 1199.0 872.0
0 968.0 347.0
0 823.0 527.0
0 1010.0 556.0
0 577.0 378.0
0 699.0 320.0
0 772.0 428.0
0 1014.0 579.0
0 369.0 881.0
0 1405.0 780.0
0 877.0 729.0
0 1087.0 319.0
0 1070.0 331.0
0 696.0 313.0
0 852.0 670.0
0 1041.0 415.0
0 859.0 437.0
0 283.0 714.0
0 656.0 487.0
0 563.0 869.0
0 892.0 407.0
0 988.0 273.0
0 1369.0 743.0
0 1117.0 846.0
0 636.0 413.0
0 1077.0 357.0
0 677.0 526.0
0 946.0 306.0
0 981.0 311.0
0 967.0 334.0
0 1261.0 826.0
0 1306.0 788.0
0 833.0 724.0
0 1036.0 338.0
0 1068.0 478.0
0 940.0 373.0
0 914.0 318.0
0 1017.0 336.0
0 510.0 577.0
0 707.0 588.0
0 978.0 609.0
0 936.0 400.0
0 713.0 390.0
0 798.0 497.0
0 916.0 470.0
0 1247.0 812.0
0 572.0 344.0
0 691.0 508.0
0 61.0 831.0
0 1037.0 391.0
0 858.0 463.0
0 655.0 452.0
0 668.0 312.0
0 723.0 293.0
0 1294.0 800.0
0 1129.0 938.0
0 768.0 513.0
0 721.0 671.0
0 664.0 415.0
0 799.0 714.0
0 704.0 294.0
0 806.0 502.0
0 778.0 702.0
0 1014.0 348.0
0 129.0 857.0
0 1021.0 492.0
0 730.0 537.0
0 633.0 370.0
0 1450.0 141.0
0 654.0 353.0
0 1315.0 790.0
0 525.0 392.0
0 807.0 258.0
0 751.0 629.0
0 503.0 530.0
0 737.0 290.0
0 819.0 459.0
0 906.0 670.0
0 950.0 530.0
0 1038.0 308.0
0 647.0 453.0
0 1231.0 863.0
0 118.0 823.0
0 882.0 444.0
0 561.0 940.0
0 626.0 425.0
0 610.0 483.0
0 1080.0 400.0
0 533.0 469.0
0 1146.0 925.0
0 551.0 439.0
0 1047.0 476.0
0 1207.0 943.0
0 135.0 991.0
0 933.0 453.0
0 524.0 952.0
0 904.0 523.0
0 1459.0 144.0
0 940.0 716.0
0 1075.0 472.0
0 1230.0 877.0
0 1024.0 313.0
0 687.0 594.0
0 1058.0 884.0
0 1022.0 423.0
0 718.0 485.0
0 905.0 500.0
0 1015.0 476.0
0 490.0 990.0
0 1040.0 490.0
0 883.0 496.0
0 323.0 770.0
0 573.0 424.0
0 960.0 513.0
0 1175.0 893.0
0 973.0 412.0
0 983.0 631.0
0 1197.0 856.0
0 644.0 346.0
0 316.0 898.0
0 775.0 651.0
0 618.0 546.0
0 1076.0 305.0
0 945.0 584.0
0 398.0 959.0
0 1460.0 130.0
0 931.0 404.0
0 152.0 952.0
0 802.0 412.0
0 866.0 277.0
0 591.0 458.0
0 802.0 621.0
0 671.0 378.0
0 1288.0 805.0
0 213.0 796.0
0 665.0 487.0
0 1031.0 819.0
0 798.0 657.0
0 858.0 684.0
0 1096.0 464.0
0 1446.0 153.0
0 729.0 584.0
0 1043.0 663.0
0 644.0 411.0
0 591.0 434.0
0 945.0 366.0
0 809.0 492.0
0 1053.0 600.0
0 974.0 660.0
0 752.0 720.0
0 767.0 464.0
0 624.0 456.0
0 641.0 840.0
0 1138.0 930.0
0 1096.0 791.0
0 904.0 471.0
0 583.0 919.0
0 889.0 517.0
0 954.0 346.0
0 659.0 349.0
0 1414.0 700.0
0 871.0 712.0
0 1467.0 138.0
0 591.0 329.0
0 791.0 493.0
0 846.0 569.0
0 760.0 521.0
0 1215.0 951.0
0 1249.0 871.0
0 1477.0 51.0
0 1056.0 581.0
0 838.0 725.0
0 772.0 527.0
0 711.0 354.0
0 867.0 856.0
0 981.0 497.0
0 767.0 289.0
0 540.0 318.0
0 545.0 359.0
0 1067.0 465.0
0 957.0 400.0
0 1065.0 345.0
0 959.0 680.0
0 1159.0 869.0
0 616.0 353.0
0 721.0 554.0
0 1479.0 954.0
0 937.0 495.0
0 533.0 458.0
0 870.0 525.0
0 864.0 508.0
0 1432.0 728.0
0 764.0 535.0
0 958.0 593.0
0 728.0 339.0
0 606.0 354.0
0 904.0 718.0
0 541.0 491.0
0 784.0 698.0
0 562.0 605.0
0 1003.0 455.0
0 1329.0 817.0
0 707.0 416.0
0 502.0 442.0
0 625.0 600.0
0 544.0 447.0
0 726.0 285.0
0 1373.0 754.0
0 600.0 411.0
0 649.0 478.0
0 979.0 468.0
0 1177.0 783.0
0 943.0 507.0
0 1070.0 874.0
0 907.0 391.0
0 613.0 600.0
0 585.0 323.0
0 1038.0 977.0
0 962.0 334.0
0 604.0 435.0
0 669.0 428.0
0 899.0 719.0
0 1272.0 833.0
0 754.0 446.0
0 973.0 534.0
0 853.0 430.0
0 316.0 988.0
0 842.0 482.0
0 865.0 540.0
0 984.0 441.0
0 866.0 623.0
0 965.0 676.0
0 1176.0 840.0
0 772.0 735.0
0 772.0 568.0
0 750.0 476.0
0 1261.0 848.0
0 795.0 277.0
0 906.0 684.0
0 1252.0 655.0
0 1163.0 803.0
0 1003.0 677.0
0 937.0 306.0
0 1185.0 759.0
0 780.0 558.0
0 1444.0 722.0
0 888.0 496.0
0 725.0 544.0
0 1098.0 879.0
0 1009.0 348.0
0 663.0 299.0
0 1263.0 882.0
0 821.0 612.0
0 709.0 401.0
0 860.0 578.0
0 945.0 371.0
0 1115.0 833.0
0 502.0 454.0
0 760.0 726.0
0 1196.0 796.0
0 796.0 481.0
0 828.0 493.0
0 523.0 621.0
0 963.0 647.0
0 612.0 510.0
0 776.0 496.0
0 1046.0 431.0
0 1257.0 890.0
0 1185.0 889.0
0 528.0 477.0
0 896.0 728.0
0 875.0 455.0
0 338.0 975.0
0 713.0 651.0
0 1075.0 431.0
0 1133.0 968.0
0 528.0 323.0
0 906.0 560.0
0 864.0 721.0
0 827.0 474.0
0 1392.0 760.0
0 539.0 527.0
0 758.0 531.0
0 1063.0 419.0
0 1384.0 772.0
0 149.0 814.0
0 609.0 314.0
0 958.0 583.0
0 915.0 513.0
0 527.0 488.0
0 895.0 466.0
0 1056.0 472.0
0 838.0 622.0
0 503.0 434.0
0 565.0 792.0
0 1218.0 778.0
0 496.0 442.0
0 514.0 584.0
0 957.0 576.0
0 931.0 608.0
0 1005.0 441.0
0 831.0 461.0
0 861.0 548.0
0 851.0 394.0
0 698.0 417.0
0 500.0 506.0
0 398.0 951.0
0 801.0 406.0
0 924.0 625.0
0 884.0 614.0
0 817.0 451.0
0 1005.0 463.0
0 988.0 632.0
0 566.0 424.0
0 613.0 342.0
0 715.0 283.0
0 758.0 469.0
0 665.0 445.0
0 443.0 810.0
0 943.0 576.0
0 628.0 503.0
0 694.0 550.0
0 1047.0 880.0
0 831.0 485.0
0 1065.0 302.0
0 904.0 604.0
0 665.0 514.0
0 1276.0 825.0
0 902.0 806.0
0 848.0 838.0
0 661.0 338.0
0 1260.0 871.0
0 1418.0 735.0
0 962.0 916.0
0 595.0 415.0
0 1013.0 653.0
0 718.0 415.0
0 685.0 346.0
0 811.0 596.0
0 1063.0 335.0
0 1069.0 381.0
0 1266.0 952.0
0 718.0 563.0
0 475.0 920.0
0 968.0 681.0
0 804.0 478.0
0 1036.0 415.0
0 731.0 287.0
0 1324.0 724.0
0 1432.0 990.0
0 508.0 557.0
0 1170.0 938.0
0 1239.0 808.0
0 874.0 577.0
0 775.0 402.0
0 1082.0 939.0
0 616.0 423.0
0 1016.0 642.0
0 911.0 442.0
0 977.0 380.0
0 849.0 486.0
0 545.0 438.0
0 902.0 610.0
0 905.0 544.0
0 991.0 443.0
0 983.0 324.0
0 800.0 721.0
0 1287.0 766.0
0 968.0 686.0
0 746.0 524.0
0 191.0 411.0
0 743.0 482.0
0 505.0 461.0
0 819.0 730.0
0 830.0 396.0
0 1073.0 455.0
0 1104.0 449.0
0 668.0 317.0
0 783.0 525.0
0 863.0 573.0
0 210.0 991.0
0 806.0 456.0
0 1396.0 796.0
0 454.0 502.0
0 1039.0 885.0
0 853.0 684.0
0 1260.0 861.0
0 578.0 319.0
0 794.0 544.0
0 734.0 494.0
0 575.0 418.0
0 1422.0 722.0
0 717.0 431.0
0 543.0 805.0
0 1187.0 842.0
0 813.0 506.0
0 722.0 676.0
0 749.0 573.0
0 1018.0 637.0
0 367.0 901.0
0 1296.0 868.0
0 1017.0 426.0
0 1212.0 911.0
0 1168.0 775.0
0 954.0 499.0
0 1040.0 478.0
0 1055.0 958.0
0 1075.0 310.0
0 444.0 929.0
0 1105.0 443.0
0 897.0 404.0
0 777.0 628.0
0 699.0 282.0
0 1023.0 326.0
0 611.0 498.0
0 985.0 703.0
0 728.0 605.0
0 735.0 681.0
0 1470.0 71.0
0 288.0 895.0
0 911.0 421.0
0 1276.0 707.0
0 1288.0 952.0
0 408.0 592.0
0 771.0 690.0
0 1304.0 860.0
0 684.0 476.0
0 1012.0 335.0
0 682.0 452.0
0 600.0 427.0
0 516.0 942.0
0 875.0 669.0
0 1383.0 729.0
0 886.0 723.0
0 1035.0 479.0
0 861.0 624.0
0 812.0 275.0
0 1380.0 747.0
0 612.0 457.0
0 1309.0 816.0
0 888.0 731.0
0 877.0 394.0
0 846.0 623.0
0 1394.0 783.0
0 647.0 362.0
0 604.0 515.0
0 525.0 397.0
0 659.0 344.0
0 912.0 312.0
0 1241.0 878.0
0 735.0 405.0
0 906.0 447.0
0 808.0 846.0
0 899.0 801.0
0 1058.0 572.0
0 974.0 597.0
0 789.0 415.0
0 980.0 353.0
0 233.0 811.0
0 1010.0 472.0
0 795.0 720.0
0 1052.0 383.0
0 564.0 958.0
0 713.0 562.0
0 554.0 944.0
0 1067.0 828.0
0 713.0 509.0
0 1002.0 448.0
0 508.0 448.0
0 1066.0 323.0
0 1275.0 812.0
0 1072.0 424.0
0 892.0 952.0
0 824.0 501.0
0 623.0 396.0
0 1314.0 991.0
0 1010.0 373.0
0 782.0 407.0
0 1467.0 94.0
0 387.0 495.0
0 1212.0 879.0
0 1252.0 834.0
0 1479.0 56.0
0 612.0 505.0
0 1044.0 806.0
0 721.0 284.0
0 951.0 629.0
0 1298.0 520.0
0 839.0 490.0
0 1034.0 386.0
0 1011.0 433.0
0 1026.0 490.0
0 579.0 364.0
0 1112.0 947.0
0 591.0 874.0
0 1088.0 324.0
0 711.0 472.0
0 608.0 422.0
0 1434.0 191.0
0 684.0 305.0
0 498.0 363.0
0 782.0 457.0
0 835.0 498.0
0 878.0 497.0
0 950.0 476.0
0 1093.0 422.0
0 1255.0 712.0
0 890.0 628.0
0 1036.0 896.0
0 1008.0 362.0
0 184.0 807.0
0 543.0 433.0
0 575.0 975.0
0 706.0 600.0
0 1019.0 632.0
0 533.0 343.0
0 738.0 475.0
0 483.0 390.0
0 904.0 751.0
0 716.0 698.0
0 737.0 434.0
0 422.0 964.0
0 773.0 509.0
0 386.0 854.0
0 146.0 603.0
0 661.0 468.0
0 964.0 472.0
0 1158.0 912.0
0 523.0 324.0
0 1006.0 412.0
0 1118.0 969.0
0 355.0 698.0
0 844.0 411.0
0 533.0 320.0
0 984.0 549.0
0 690.0 522.0
0 509.0 567.0
0 1001.0 305.0
0 979.0 332.0
0 72.0 634.0
0 891.0 605.0
0 285.0 484.0
0 343.0 514.0
0 807.0 273.0
0 1041.0 338.0
0 716.0 354.0
0 784.0 321.0
0 538.0 457.0
0 768.0 600.0
0 1173.0 887.0
0 1307.0 745.0
0 1029.0 479.0
0 367.0 970.0
0 706.0 593.0
0 468.0 755.0
0 624.0 333.0
0 563.0 436.0
0 791.0 450.0
0 1309.0 87.0
0 572.0 377.0
0 726.0 440.0
0 792.0 488.0
0 847.0 684.0
0 545.0 317.0
0 744.0 510.0
0 1259.0 799.0
0 1048.0 415.0
0 984.0 804.0
0 1159.0 609.0
0 1260.0 919.0
0 1035.0 877.0
0 880.0 455.0
0 766.0 377.0
0 600.0 421.0
0 1027.0 989.0
0 421.0 978.0
0 830.0 401.0
0 1099.0 645.0
0 1021.0 616.0
0 611.0 354.0
0 1168.0 823.0
0 796.0 472.0
0 1096.0 441.0
0 532.0 441.0
1 1050.0 94.0
1 895.0 191.0
1 870.0 363.0
1 811.0 364.0
1 838.0 364.0
1 738.0 367.0
1 828.0 368.0
1 833.0 368.0
1 840.0 372.0
1 874.0 373.0
1 855.0 377.0
1 871.0 380.0
1 887.0 388.0
1 835.0 393.0
1 1031.0 393.0
1 828.0 394.0
1 849.0 396.0
1 699.0 398.0
1 672.0 401.0
1 819.0 401.0
1 944.0 401.0
1 968.0 401.0
1 1017.0 401.0
1 1037.0 401.0
1 636.0 403.0
1 818.0 407.0
1 858.0 408.0
1 686.0 409.0
1 830.0 409.0
1 660.0 410.0
1 960.0 410.0
1 965.0 410.0
1 983.0 410.0
1 818.0 412.0
1 1034.0 412.0
1 804.0 413.0
1 1045.0 416.0
1 818.0 417.0
1 938.0 417.0
1 1033.0 417.0
1 620.0 418.0
1 645.0 418.0
1 678.0 418.0
1 854.0 418.0
1 608.0 419.0
1 656.0 420.0
1 830.0 420.0
1 954.0 422.0
1 964.0 423.0
1 976.0 423.0
1 827.0 425.0
1 1033.0 425.0
1 944.0 426.0
1 1051.0 429.0
1 841.0 430.0
1 1030.0 430.0
1 621.0 431.0
1 926.0 431.0
1 943.0 431.0
1 1017.0 432.0
1 687.0 433.0
1 692.0 433.0
1 704.0 433.0
1 709.0 433.0
1 714.0 433.0
1 719.0 433.0
1 737.0 433.0
1 743.0 433.0
1 1002.0 433.0
1 645.0 434.0
1 699.0 434.0
1 726.0 434.0
1 732.0 434.0
1 760.0 434.0
1 765.0 434.0
1 774.0 434.0
1 785.0 434.0
1 790.0 434.0
1 915.0 434.0
1 957.0 434.0
1 977.0 434.0
1 982.0 434.0
1 988.0 434.0
1 672.0 435.0
1 682.0 435.0
1 779.0 435.0
1 606.0 436.0
1 795.0 436.0
1 836.0 436.0
1 1033.0 437.0
1 613.0 440.0
1 651.0 440.0
1 1018.0 441.0
1 576.0 442.0
1 733.0 442.0
1 750.0 442.0
1 900.0 442.0
1 967.0 442.0
1 984.0 442.0
1 1002.0 442.0
1 1052.0 442.0
1 925.0 443.0
1 977.0 443.0
1 620.0 444.0
1 682.0 444.0
1 839.0 444.0
1 876.0 444.0
1 916.0 444.0
1 1070.0 444.0
1 651.0 445.0
1 667.0 445.0
1 957.0 446.0
1 1056.0 447.0
1 688.0 448.0
1 699.0 448.0
1 715.0 448.0
1 724.0 448.0
1 777.0 448.0
1 795.0 448.0
1 733.0 449.0
1 744.0 449.0
1 763.0 449.0
1 772.0 449.0
1 814.0 449.0
1 859.0 451.0
1 570.0 452.0
1 582.0 453.0
1 651.0 453.0
1 1037.0 453.0
1 888.0 454.0
1 916.0 454.0
1 994.0 455.0
1 667.0 456.0
1 953.0 456.0
1 1073.0 456.0
1 677.0 457.0
1 830.0 457.0
1 958.0 457.0
1 913.0 459.0
1 800.0 460.0
1 813.0 460.0
1 1038.0 460.0
1 867.0 461.0
1 878.0 461.0
1 681.0 462.0
1 958.0 462.0
1 821.0 463.0
1 926.0 463.0
1 627.0 465.0
1 664.0 465.0
1 797.0 465.0
1 1039.0 465.0
1 614.0 466.0
1 993.0 466.0
1 949.0 467.0
1 977.0 467.0
1 1061.0 467.0
1 864.0 469.0
1 740.0 470.0
1 891.0 470.0
1 609.0 471.0
1 650.0 471.0
1 932.0 471.0
1 821.0 472.0
1 843.0 472.0
1 945.0 472.0
1 991.0 472.0
1 592.0 473.0
1 658.0 473.0
1 964.0 473.0
1 672.0 474.0
1 711.0 474.0
1 974.0 474.0
1 684.0 475.0
1 782.0 475.0
1 643.0 476.0
1 698.0 477.0
1 703.0 477.0
1 658.0 478.0
1 897.0 478.0
1 992.0 478.0
1 665.0 479.0
1 892.0 479.0
1 1074.0 479.0
1 582.0 480.0
1 907.0 480.0
1 570.0 481.0
1 802.0 481.0
1 814.0 481.0
1 727.0 482.0
1 822.0 482.0
1 847.0 482.0
1 953.0 483.0
1 1060.0 483.0
1 919.0 484.0
1 948.0 485.0
1 609.0 486.0
1 615.0 486.0
1 629.0 487.0
1 675.0 487.0
1 744.0 487.0
1 926.0 487.0
1 1073.0 487.0
1 659.0 488.0
1 687.0 488.0
1 831.0 488.0
1 866.0 488.0
1 645.0 489.0
1 692.0 489.0
1 880.0 489.0
1 577.0 490.0
1 582.0 490.0
1 788.0 491.0
1 801.0 491.0
1 851.0 491.0
1 565.0 492.0
1 699.0 492.0
1 759.0 492.0
1 1074.0 492.0
1 590.0 493.0
1 668.0 493.0
1 931.0 493.0
1 1060.0 493.0
1 708.0 495.0
1 874.0 495.0
1 632.0 496.0
1 715.0 498.0
1 824.0 498.0
1 869.0 498.0
1 952.0 498.0
1 959.0 498.0
1 661.0 499.0
1 843.0 499.0
1 793.0 501.0
1 701.0 503.0
1 723.0 503.0
1 767.0 503.0
1 870.0 503.0
1 959.0 503.0
1 779.0 504.0
1 936.0 504.0
1 592.0 506.0
1 657.0 506.0
1 607.0 507.0
1 582.0 508.0
1 731.0 508.0
1 786.0 508.0
1 802.0 508.0
1 822.0 508.0
1 691.0 509.0
1 713.0 509.0
1 773.0 509.0
1 835.0 509.0
1 812.0 511.0
1 854.0 511.0
1 1060.0 511.0
1 560.0 513.0
1 720.0 513.0
1 740.0 513.0
1 870.0 513.0
1 940.0 513.0
1 782.0 515.0
1 1074.0 515.0
1 1051.0 516.0
1 991.0 517.0
1 1041.0 517.0
1 728.0 518.0
1 870.0 518.0
1 979.0 518.0
1 574.0 519.0
1 749.0 519.0
1 819.0 519.0
1 1065.0 519.0
1 624.0 520.0
1 1015.0 520.0
1 720.0 524.0
1 791.0 524.0
1 606.0 525.0
1 1023.0 525.0
1 669.0 527.0
1 735.0 527.0
1 940.0 527.0
1 873.0 528.0
1 1006.0 529.0
1 1061.0 530.0
1 963.0 531.0
1 1030.0 531.0
1 744.0 532.0
1 796.0 532.0
1 1016.0 532.0
1 751.0 533.0
1 763.0 533.0
1 824.0 533.0
1 875.0 533.0
1 1050.0 533.0
1 630.0 534.0
1 843.0 535.0
1 936.0 536.0
1 656.0 537.0
1 731.0 537.0
1 1035.0 537.0
1 615.0 539.0
1 623.0 540.0
1 824.0 540.0
1 1003.0 541.0
1 817.0 542.0
1 1016.0 542.0
1 633.0 543.0
1 575.0 544.0
1 880.0 544.0
1 931.0 544.0
1 644.0 545.0
1 658.0 545.0
1 610.0 547.0
1 680.0 547.0
1 875.0 547.0
1 1018.0 547.0
1 1030.0 547.0
1 622.0 548.0
1 808.0 548.0
1 835.0 548.0
1 887.0 548.0
1 953.0 548.0
1 1045.0 549.0
1 570.0 550.0
1 925.0 551.0
1 614.0 552.0
1 680.0 552.0
1 920.0 552.0
1 1007.0 552.0
1 895.0 553.0
1 1073.0 553.0
1 567.0 555.0
1 911.0 555.0
1 1024.0 555.0
1 840.0 556.0
1 904.0 556.0
1 687.0 557.0
1 708.0 557.0
1 727.0 557.0
1 732.0 558.0
1 647.0 560.0
1 749.0 560.0
1 992.0 560.0
1 595.0 562.0
1 878.0 562.0
1 1050.0 562.0
1 667.0 563.0
1 964.0 563.0
1 695.0 565.0
1 991.0 565.0
1 601.0 568.0
1 681.0 569.0
1 700.0 571.0
1 641.0 572.0
1 663.0 572.0
1 843.0 573.0
1 830.0 575.0
1 1033.0 575.0
1 886.0 577.0
1 921.0 577.0
1 789.0 579.0
1 823.0 579.0
1 622.0 580.0
1 709.0 580.0
1 953.0 580.0
1 989.0 580.0
1 582.0 581.0
1 759.0 581.0
1 1048.0 581.0
1 917.0 582.0
1 689.0 583.0
1 556.0 584.0
1 590.0 584.0
1 935.0 585.0
1 952.0 585.0
1 1048.0 586.0
1 646.0 587.0
1 867.0 587.0
1 715.0 588.0
1 848.0 588.0
1 991.0 589.0
1 1072.0 590.0
1 673.0 591.0
1 951.0 591.0
1 615.0 592.0
1 578.0 594.0
1 828.0 594.0
1 587.0 596.0
1 637.0 596.0
1 679.0 596.0
1 719.0 596.0
1 942.0 598.0
1 947.0 598.0
1 999.0 598.0
1 850.0 599.0
1 1040.0 599.0
1 662.0 600.0
1 688.0 600.0
1 700.0 601.0
1 1004.0 601.0
1 578.0 602.0
1 1009.0 603.0
1 1032.0 603.0
1 731.0 604.0
1 1016.0 605.0
1 1024.0 605.0
1 675.0 607.0
1 723.0 607.0
1 652.0 608.0
1 665.0 610.0
1 568.0 611.0
1 576.0 611.0
1 586.0 612.0
1 704.0 613.0
1 1072.0 613.0
1 1034.0 614.0
1 674.0 616.0
1 689.0 616.0
1 713.0 618.0
1 623.0 622.0
1 740.0 624.0
1 635.0 625.0
1 660.0 625.0
1 553.0 626.0
1 1025.0 628.0
1 676.0 629.0
1 740.0 629.0
1 677.0 634.0
1 586.0 635.0
1 580.0 636.0
1 680.0 639.0
1 554.0 641.0
1 637.0 641.0
1 1047.0 645.0
1 555.0 646.0
1 639.0 646.0
1 650.0 648.0
1 617.0 650.0
1 692.0 651.0
1 898.0 651.0
1 833.0 653.0
1 582.0 654.0
1 840.0 654.0
1 702.0 656.0
1 740.0 657.0
1 591.0 658.0
1 684.0 659.0
1 709.0 659.0
1 715.0 659.0
1 721.0 660.0
1 728.0 661.0
1 582.0 662.0
1 740.0 662.0
1 659.0 664.0
1 693.0 664.0
1 673.0 665.0
1 831.0 665.0
1 559.0 666.0
1 1031.0 666.0
1 706.0 667.0
1 727.0 668.0
1 596.0 671.0
1 587.0 674.0
1 848.0 675.0
1 581.0 676.0
1 639.0 676.0
1 691.0 678.0
1 676.0 679.0
1 745.0 679.0
1 653.0 680.0
1 732.0 680.0
1 845.0 682.0
1 843.0 687.0
1 894.0 687.0
1 639.0 688.0
1 701.0 688.0
1 586.0 689.0
1 607.0 690.0
1 651.0 690.0
1 1071.0 691.0
1 715.0 692.0
1 589.0 694.0
1 572.0 696.0
1 709.0 696.0
1 727.0 696.0
1 862.0 696.0
1 1072.0 696.0
1 600.0 698.0
1 703.0 698.0
1 770.0 699.0
1 734.0 700.0
1 835.0 700.0
1 1063.0 700.0
1 696.0 701.0
1 861.0 701.0
1 595.0 702.0
1 668.0 702.0
1 604.0 703.0
1 673.0 703.0
1 678.0 703.0
1 724.0 703.0
1 609.0 704.0
1 769.0 704.0
1 860.0 706.0
1 1058.0 707.0
1 1071.0 708.0
1 614.0 709.0
1 719.0 709.0
1 729.0 709.0
1 767.0 709.0
1 622.0 710.0
1 827.0 710.0
1 628.0 714.0
1 725.0 714.0
1 614.0 715.0
1 585.0 716.0
1 713.0 716.0
1 886.0 716.0
1 1071.0 716.0
1 311.0 718.0
1 893.0 718.0
1 725.0 719.0
1 987.0 719.0
1 636.0 720.0
1 1039.0 720.0
1 1060.0 720.0
1 618.0 721.0
1 809.0 721.0
1 1072.0 721.0
1 623.0 722.0
1 641.0 723.0
1 734.0 724.0
1 760.0 724.0
1 632.0 725.0
1 718.0 725.0
1 646.0 726.0
1 1072.0 726.0
1 626.0 729.0
1 638.0 729.0
1 699.0 729.0
1 863.0 729.0
1 585.0 730.0
1 666.0 731.0
1 729.0 731.0
1 684.0 732.0
1 689.0 732.0
1 1066.0 732.0
1 671.0 733.0
1 97.0 734.0
1 584.0 736.0
1 884.0 736.0
1 993.0 736.0
1 636.0 737.0
1 1040.0 737.0
1 700.0 738.0
1 692.0 740.0
1 584.0 741.0
1 1071.0 741.0
1 1436.0 741.0
1 1456.0 741.0
1 311.0 742.0
1 647.0 742.0
1 722.0 742.0
1 1282.0 742.0
1 248.0 743.0
1 682.0 743.0
1 662.0 746.0
1 745.0 746.0
1 584.0 748.0
1 992.0 749.0
1 395.0 751.0
1 1071.0 752.0
1 113.0 755.0
1 990.0 755.0
1 1039.0 756.0
1 738.0 762.0
1 720.0 763.0
1 655.0 766.0
1 992.0 766.0
1 1069.0 771.0
1 585.0 775.0
1 360.0 781.0
1 993.0 781.0
1 1006.0 783.0
1 1067.0 786.0
1 586.0 792.0
1 585.0 799.0
1 1066.0 802.0
1 251.0 807.0
1 585.0 814.0
1 1068.0 816.0
1 1064.0 826.0
1 729.0 830.0
1 935.0 834.0
1 980.0 836.0
1 694.0 843.0
1 1065.0 846.0
1 573.0 850.0
1 23.0 857.0
1 527.0 863.0
1 1064.0 864.0
1 359.0 865.0
1 364.0 866.0
1 1360.0 867.0
1 288.0 868.0
1 889.0 870.0
1 543.0 875.0
1 680.0 878.0
1 902.0 879.0
1 114.0 880.0
1 367.0 880.0
1 729.0 891.0
1 859.0 896.0
1 1064.0 901.0
1 733.0 907.0
1 814.0 910.0
1 744.0 916.0
1 735.0 917.0
1 734.0 922.0
1 691.0 926.0
1 717.0 926.0
1 736.0 931.0
1 847.0 945.0
1 842.0 954.0
1 751.0 959.0
