0 0 0 152.33557013829062
0 1 1 278.49713414086557
0 2 3 114.01754897570717
0 4 4 296.48921840743674
0 5 5 247.77432785599177
0 7 6 134.33570699130806
0 12 7 239.20810973062024
0 19 9 299.21495652459265
0 16 10 152.94432960067797
0 20 11 266.212074054463
0 21 12 155.2650192702166
0 17 13 134.44913108849903
0 18 14 229.4914382274576
0 15 15 125.31015114180002
0 22 16 176.2696806289186
0 28 17 119.02431258615707
0 23 18 150.19997906878285
0 25 19 112.36848512126323
0 32 20 109.30584936105731
0 38 21 120.08568010479965
0 30 22 120.37406528700454
0 40 23 124.47029028795542
0 34 24 196.06124950772045
0 42 25 123.99530690789899
0 41 26 150.41255111446134
0 45 28 111.53263289676374
0 39 29 168.36156014977232
0 46 30 182.2706015982287
0 47 31 119.23858575490726
0 48 32 173.31541077196627
0 36 33 222.9893371346166
0 67 34 152.14886073919797
0 53 35 136.1564322069077
0 71 36 198.90152100739115
0 54 37 218.2944019338004
0 73 38 110.5328395644099
0 55 39 155.87925844907292
0 60 40 256.4524192268205
0 62 41 183.47343092429634
0 69 44 183.22907128728096
0 56 45 240.9058875222207
0 57 46 245.13663119217904
0 58 47 264.75172172406906
0 50 50 286.56752312990494
0 63 52 238.7254272460651
0 64 53 277.8548694445061
0 65 54 171.9494483124686
0 66 55 177.12750334412675
0 72 56 247.84912731328842
0 68 57 199.8538609048378
0 76 58 126.03458473089293
0 70 59 117.49004110172685
0 75 60 158.15403799475288
0 51 61 175.58364825198822
0 78 62 132.6450983258565
0 80 63 112.15938635025073
0 59 64 403.3637657442858
0 79 65 182.29694232517153
0 87 66 138.9307480086877
0 91 67 211.96676395845776
0 86 68 127.5844685837272
0 85 69 281.2947911169533
0 74 70 134.07588643821927
0 82 71 175.08626621055978
0 84 72 187.92301315444155
0 88 74 307.7292571333088
0 89 75 197.63251615572304
0 90 76 224.33687457975822
0 100 77 230.45787820766327
0 98 79 162.7037904927397
0 101 80 121.57476019602147
0 113 81 136.54380080243783
0 97 82 223.6593691799171
0 105 83 114.07971116044506
0 92 85 137.40261059142065
0 95 86 137.1973694949007
0 107 87 162.92955157512887
0 102 88 140.36687514913316
0 108 89 146.78022470549627
0 103 90 121.56640906204068
0 96 91 110.46708400479999
0 109 92 162.0863178475925
0 112 93 163.65298171952324
0 110 94 123.46702905371325
0 111 95 149.5536269028687
0 104 96 112.1173152896525
0 114 97 143.3009810571303
0 99 98 213.2131211625119
0 115 99 152.961843636479
0 93 100 198.38834162749185
0 116 101 162.31927132675742
0 118 102 182.49210057701222
0 119 103 253.24294571928024
0 124 104 108.15537918618847
0 121 105 123.12420736647118
0 129 106 236.7486226119329
0 123 107 182.63469775092352
0 122 108 194.68543569313135
0 127 109 104.83054061670332
0 125 110 134.4542491587802
0 130 111 161.4972023523208
0 128 112 109.42057474247984
0 141 114 158.88390818509126
0 142 115 311.16936561549517
0 136 118 182.7239889319285
0 138 120 187.35308684162183
0 137 121 233.2869995933486
0 152 122 345.56754108595214
0 144 124 126.04227323933186
0 132 125 308.22886244951985
0 147 126 254.92959212474173
0 148 127 115.05741858422563
0 155 128 164.92252958039225
0 151 129 207.1704221198903
0 149 132 132.09382832070332
0 182 133 359.08261640445147
0 153 134 154.47720309720182
0 161 135 296.0103342040151
0 167 136 215.10639821429498
0 162 137 108.92810013387135
0 159 139 265.4821686403245
0 183 140 203.5525202297201
0 170 141 108.066917275798
0 163 142 171.00007715645933
0 154 143 249.84817120030937
0 173 144 122.81198267024232
0 168 145 214.84705006581262
0 172 146 118.82736038230513
0 194 147 176.53970429638252
0 166 148 151.14056188575444
0 175 149 258.5613098503856
0 178 150 113.94846555631564
0 190 151 138.61292197515706
0 189 153 262.87411230990074
0 191 154 108.59039482200647
0 193 156 371.39874644298465
0 198 158 114.53848588993729
0 177 159 170.60627138016733
0 196 160 384.4242915354536
0 201 161 158.3684325191329
0 186 163 426.27883592338156
0 185 164 338.7195105639778
0 207 165 135.84650586993962
0 217 166 264.80775917625124
0 195 167 141.01439627754354
0 211 168 182.27947341390816
0 208 170 178.51256482661458
0 209 171 233.73463275874715
0 219 172 243.05759827357005
0 213 173 236.272044949273
0 192 174 257.7538874599286
0 200 175 486.3069345093401
0 221 176 125.12427618361626
0 232 177 215.19410927017785
0 224 178 133.55865344168822
0 226 179 182.17668859013324
0 220 184 134.8665656526925
0 229 185 146.0460438240433
0 228 186 124.47396571159952
0 231 191 420.975590906422
0 218 193 409.56892735737887
0 236 194 149.97654328050805
0 233 196 128.74156643096708
0 238 197 126.9644616085964
0 241 200 128.65964176837744
0 243 202 236.96390114649247
0 237 203 175.90494943204098
0 258 206 398.4755188433837
0 256 209 217.13665960445582
0 254 210 213.2793105587472
0 250 211 119.2889709498087
0 248 212 278.76418186416186
0 252 214 234.72352451505037
0 266 215 134.10869226883776
0 242 218 304.6704210179751
0 259 219 196.0300253794681
0 247 222 265.66223975862846
0 271 224 125.16288422541236
0 262 225 138.10577002544926
0 273 226 222.7577645722258
0 260 227 242.6645576321266
0 251 228 244.42685321560242
0 274 229 333.6141619048831
0 275 230 118.31224609420177
0 264 231 166.09496624980272
0 268 232 190.63742210890658
0 270 233 196.0627388012128
0 287 234 219.1624723225541
0 280 235 174.97852819890204
0 272 236 147.19753607639962
0 289 238 205.53314012298998
0 286 240 278.5061492343462
0 285 242 348.729865978625
0 277 243 198.4543776683561
0 293 244 243.08425716091037
0 282 245 249.74942388445788
0 279 247 287.91638536675276
0 305 248 197.15455710011085
0 292 249 108.94124203105106
0 284 250 168.0642220050003
0 298 251 223.80369878973875
0 301 255 233.7790898952425
0 308 256 327.9374180631242
0 290 257 171.3569298364863
0 288 258 169.08491839794982
0 306 261 158.5404000662616
0 294 262 162.88543409181156
0 295 264 144.58420747467545
0 317 265 238.12652180361806
0 323 266 115.55127067913753
0 314 268 212.0166942199309
0 311 269 240.687861759693
0 300 271 159.3467182093523
0 302 273 147.94468701816857
0 303 274 206.90625363232837
0 297 275 152.95746475149406
0 321 277 231.08269463993395
0 307 280 211.71735812646241
0 328 283 156.243746419208
0 345 284 295.9205573683746
0 312 285 145.58575056918463
0 340 286 197.29853717313185
0 320 288 181.67248501305215
0 326 290 195.7075084714702
0 333 291 318.0422031280982
0 327 292 223.11771372518666
0 331 293 295.19588388536613
0 332 294 109.72434802098137
0 344 296 104.94687699642489
0 330 298 139.63054518047372
0 341 300 158.77492484384385
0 336 302 285.9619982413316
0 337 303 248.5460826533601
0 335 304 169.10998912395965
0 352 305 133.30917796089244
0 356 307 121.95263004175717
0 350 308 173.9042499279857
0 367 309 159.4170184146758
0 346 310 268.94815725113097
0 338 311 113.29863127669174
0 358 312 105.01996085948878
0 354 313 290.8569177313036
0 360 314 164.50679874891333
0 343 316 152.2452320868236
0 347 317 198.78679647062893
0 362 318 119.90310964357495
0 351 320 208.32212391710087
0 349 321 327.3240670423324
0 357 322 187.24366630811403
0 363 323 247.74619137774022
0 339 324 276.5708426507401
0 369 325 184.2204283187854
0 361 326 107.07183210393028
0 382 328 292.16828586044386
0 376 329 114.71612449517042
0 384 330 194.18532567204133
0 368 331 106.56666285554581
0 385 333 123.4992298420118
0 374 334 196.2711419857255
0 380 335 158.91731878098716
0 378 337 297.9066454593438
0 377 338 130.32592480732953
0 389 339 153.0238443049631
0 381 340 108.75611238820993
0 388 342 143.5305529127464
0 396 344 376.89429797741764
0 393 345 235.89064302888292
0 391 346 136.8694029643751
0 394 347 494.79121499584124
0 398 348 336.20348054395447
0 405 350 385.4327280713725
0 399 351 270.31638226372274
0 402 353 120.70875712519286
0 403 354 105.73851417020914
0 400 355 426.02400007567115
0 411 356 112.20813019266083
0 409 357 380.8358304767798
0 401 358 270.1239032747654
0 407 360 336.56853169881265
0 419 363 134.4328420565452
0 413 364 254.6806434349156
0 416 365 234.52526090546945
0 408 367 482.700105093885
0 422 368 136.33665040675774
0 417 369 105.81472727530743
0 412 370 208.12245188338966
0 418 371 107.91747870141508
0 425 372 222.1332247286162
0 426 374 132.41733947889628
0 428 375 145.5889468718695
0 427 378 303.0985041196531
0 423 380 436.55634157121045
0 420 382 235.8940260751146
0 432 384 171.59953314727002
0 429 387 150.15092761774932
0 430 388 241.51513563656275
0 437 391 179.48472275920858
0 434 392 114.87131285258354
0 433 393 112.82894371826875
0 445 394 216.35840364966148
0 431 395 108.18952636722214
0 435 397 149.3145121922892
0 436 398 111.20800082776876
0 448 399 254.80720476814582
0 444 401 194.45617530942556
0 454 402 199.88102841676653
0 447 403 211.31332304091032
0 441 404 110.74444232042693
0 440 405 140.2649072287959
0 449 407 137.2296217821348
0 446 408 128.05848374051442
0 456 409 198.65877157116734
0 452 410 205.42927762361902
0 443 411 112.72875876060569
0 455 412 112.8125941801904
0 469 413 250.13056134333155
0 461 414 291.20190010395095
0 465 415 231.32677371280894
0 478 416 264.02154383024595
0 458 417 113.5949778084028
0 462 418 302.0424101547018
0 464 420 158.50335907157168
0 467 421 230.4408640823659
0 475 423 292.38764103443975
0 473 424 186.6316420269424
0 471 425 252.29702452897934
0 481 427 202.67321771392096
0 463 428 114.23135347125528
0 480 429 222.81407754605667
0 470 430 182.39615473804793
0 476 431 146.16288383489115
0 500 432 176.70671665410663
0 488 433 464.04527930522164
0 516 435 183.92936115929368
0 483 436 126.13745354488144
0 494 437 175.1227628477724
0 497 438 181.14569370176724
0 519 439 151.27452352339498
0 487 440 139.58029112062138
0 490 441 305.70188537119515
0 491 442 237.14849323170063
0 499 443 170.0690789667086
0 504 445 185.9169063966915
0 532 447 299.15960183059707
0 502 448 293.51104369850293
0 489 449 147.22014010873633
0 515 450 127.1962507422276
0 510 451 328.8343240833496
0 501 453 232.35112224618058
0 507 457 218.4560071438374
0 518 458 330.19502846092166
0 512 459 203.29984468852822
0 537 461 218.78053557703618
0 521 462 283.1168303000802
0 506 463 265.33609689252995
0 539 464 151.80599485257898
0 503 465 195.9458179473407
0 524 467 381.7583869374188
0 526 468 214.5113932058799
0 513 469 276.7314897065772
0 523 470 223.0559090408407
0 508 471 126.65723349043803
0 538 472 271.00893516763705
0 534 473 336.6006401288524
0 558 477 209.44763065184227
0 505 479 186.1477954746153
0 536 480 251.14152886144404
0 541 481 260.2611327023048
0 517 483 145.95324458402294
0 565 485 147.03631900186613
0 546 486 214.70304699846392
0 555 488 365.63099792636694
0 544 489 108.33810377761716
0 561 490 147.99520550047794
0 553 491 124.96496229275316
0 574 492 128.4438187064526
0 548 493 142.98080415589232
0 568 495 189.25103600551333
0 572 502 162.76508286195096
0 566 504 361.31200851097736
0 563 505 128.38111183636113
0 569 508 139.61391760663037
0 567 510 117.97119717249667
0 579 512 235.95938434197512
0 573 522 193.81780344422174
0 584 529 421.45681705851945

0 926.0 134.0
0 923.0 373.0
0 928.0 373.0
0 837.0 374.0
0 933.0 374.0
0 935.0 384.0
0 949.0 396.0
0 811.0 401.0
0 768.0 403.0
0 1104.0 403.0
0 750.0 406.0
0 738.0 407.0
0 704.0 408.0
0 1027.0 408.0
0 1055.0 408.0
0 1088.0 408.0
0 789.0 409.0
0 728.0 414.0
0 801.0 414.0
0 936.0 416.0
0 1024.0 419.0
0 716.0 421.0
0 798.0 421.0
0 688.0 422.0
0 1114.0 422.0
0 658.0 423.0
0 728.0 424.0
0 934.0 424.0
0 672.0 426.0
0 1043.0 426.0
0 756.0 428.0
0 792.0 429.0
0 1105.0 429.0
0 771.0 430.0
0 1014.0 433.0
0 1028.0 433.0
0 1053.0 434.0
0 1123.0 434.0
0 690.0 435.0
0 807.0 435.0
0 851.0 435.0
0 873.0 435.0
0 1046.0 435.0
0 1058.0 435.0
0 1100.0 435.0
0 815.0 436.0
0 824.0 436.0
0 835.0 436.0
0 856.0 436.0
0 861.0 436.0
0 866.0 436.0
0 889.0 436.0
0 896.0 436.0
0 902.0 436.0
0 907.0 436.0
0 912.0 436.0
0 1071.0 436.0
0 1087.0 436.0
0 718.0 437.0
0 930.0 437.0
0 1001.0 437.0
0 920.0 438.0
0 786.0 439.0
0 657.0 440.0
0 840.0 440.0
0 1111.0 440.0
0 762.0 441.0
0 976.0 441.0
0 731.0 442.0
0 1099.0 442.0
0 802.0 443.0
0 880.0 443.0
0 1034.0 443.0
0 1054.0 443.0
0 1047.0 444.0
0 1070.0 444.0
0 1085.0 444.0
0 624.0 445.0
0 673.0 446.0
0 1012.0 446.0
0 643.0 447.0
0 924.0 447.0
0 1000.0 447.0
0 690.0 448.0
0 783.0 448.0
0 804.0 448.0
0 912.0 448.0
0 813.0 449.0
0 823.0 449.0
0 841.0 449.0
0 894.0 449.0
0 931.0 449.0
0 852.0 450.0
0 861.0 450.0
0 875.0 450.0
0 904.0 450.0
0 950.0 450.0
0 1122.0 450.0
0 1132.0 450.0
0 969.0 451.0
0 762.0 454.0
0 1096.0 454.0
0 962.0 455.0
0 1000.0 455.0
0 621.0 456.0
0 731.0 456.0
0 1046.0 456.0
0 1072.0 456.0
0 782.0 457.0
0 642.0 458.0
0 797.0 458.0
0 937.0 460.0
0 950.0 460.0
0 1075.0 461.0
0 971.0 462.0
0 983.0 462.0
0 818.0 463.0
0 1016.0 464.0
0 1095.0 464.0
0 775.0 465.0
0 1083.0 465.0
0 767.0 467.0
0 787.0 467.0
0 1137.0 467.0
0 698.0 468.0
0 964.0 468.0
0 1068.0 468.0
0 685.0 469.0
0 986.0 469.0
0 1094.0 469.0
0 976.0 470.0
0 704.0 472.0
0 764.0 472.0
0 1137.0 472.0
0 728.0 473.0
0 1039.0 474.0
0 1095.0 474.0
0 677.0 475.0
0 737.0 475.0
0 1034.0 475.0
0 1082.0 475.0
0 655.0 477.0
0 801.0 478.0
0 826.0 478.0
0 954.0 478.0
0 742.0 479.0
0 935.0 479.0
0 974.0 480.0
0 1017.0 480.0
0 1059.0 480.0
0 776.0 481.0
0 642.0 483.0
0 751.0 483.0
0 1064.0 483.0
0 729.0 484.0
0 834.0 484.0
0 844.0 484.0
0 853.0 484.0
0 962.0 484.0
0 713.0 485.0
0 863.0 485.0
0 1010.0 485.0
0 630.0 486.0
0 825.0 486.0
0 807.0 487.0
0 943.0 487.0
0 1068.0 488.0
0 621.0 489.0
0 703.0 489.0
0 797.0 489.0
0 676.0 490.0
0 684.0 490.0
0 1007.0 490.0
0 695.0 491.0
0 753.0 492.0
0 852.0 493.0
0 990.0 493.0
0 1071.0 493.0
0 620.0 494.0
0 646.0 495.0
0 782.0 495.0
0 868.0 495.0
0 890.0 495.0
0 1007.0 495.0
0 639.0 496.0
0 651.0 497.0
0 938.0 497.0
0 876.0 498.0
0 899.0 498.0
0 712.0 499.0
0 881.0 499.0
0 746.0 500.0
0 759.0 500.0
0 773.0 501.0
0 952.0 501.0
0 728.0 502.0
0 840.0 502.0
0 931.0 502.0
0 908.0 503.0
0 896.0 505.0
0 619.0 506.0
0 633.0 506.0
0 639.0 506.0
0 993.0 506.0
0 721.0 508.0
0 736.0 508.0
0 1134.0 508.0
0 728.0 509.0
0 904.0 509.0
0 1086.0 509.0
0 1094.0 509.0
0 649.0 510.0
0 1079.0 510.0
0 640.0 511.0
0 1004.0 511.0
0 1107.0 511.0
0 686.0 512.0
0 924.0 512.0
0 943.0 512.0
0 1074.0 512.0
0 698.0 513.0
0 912.0 514.0
0 994.0 514.0
0 631.0 516.0
0 1108.0 516.0
0 616.0 517.0
0 1075.0 517.0
0 1006.0 518.0
0 757.0 520.0
0 921.0 521.0
0 1128.0 521.0
0 871.0 522.0
0 623.0 523.0
0 1008.0 523.0
0 1073.0 523.0
0 967.0 524.0
0 637.0 525.0
0 779.0 525.0
0 1112.0 525.0
0 800.0 527.0
0 1009.0 528.0
0 1071.0 528.0
0 791.0 531.0
0 815.0 531.0
0 1136.0 531.0
0 825.0 532.0
0 830.0 532.0
0 835.0 532.0
0 966.0 532.0
0 1103.0 532.0
0 844.0 534.0
0 1064.0 534.0
0 699.0 535.0
0 783.0 535.0
0 862.0 535.0
0 1017.0 535.0
0 1141.0 535.0
0 652.0 536.0
0 804.0 536.0
0 1011.0 536.0
0 796.0 537.0
0 998.0 537.0
0 816.0 539.0
0 1023.0 539.0
0 827.0 540.0
0 1055.0 540.0
0 1124.0 540.0
0 772.0 541.0
0 1031.0 541.0
0 1135.0 541.0
0 719.0 542.0
0 736.0 542.0
0 1050.0 542.0
0 787.0 543.0
0 808.0 543.0
0 873.0 543.0
0 1039.0 543.0
0 1045.0 543.0
0 895.0 544.0
0 779.0 545.0
0 800.0 545.0
0 886.0 546.0
0 827.0 549.0
0 1099.0 549.0
0 1146.0 549.0
0 792.0 550.0
0 979.0 550.0
0 708.0 551.0
0 774.0 551.0
0 699.0 552.0
0 882.0 552.0
0 847.0 555.0
0 899.0 555.0
0 889.0 556.0
0 1083.0 556.0
0 825.0 557.0
0 1122.0 557.0
0 778.0 558.0
0 765.0 559.0
0 919.0 559.0
0 1097.0 559.0
0 708.0 562.0
0 895.0 562.0
0 906.0 562.0
0 809.0 564.0
0 1008.0 564.0
0 1013.0 564.0
0 1098.0 564.0
0 623.0 565.0
0 1135.0 565.0
0 713.0 566.0
0 771.0 566.0
0 1075.0 566.0
0 1143.0 566.0
0 1041.0 567.0
0 701.0 568.0
0 825.0 568.0
0 966.0 568.0
0 1057.0 568.0
0 645.0 570.0
0 903.0 570.0
0 850.0 573.0
0 917.0 574.0
0 887.0 576.0
0 792.0 577.0
0 988.0 578.0
0 748.0 579.0
0 911.0 579.0
0 921.0 580.0
0 1106.0 580.0
0 1133.0 581.0
0 758.0 582.0
0 805.0 582.0
0 1111.0 583.0
0 914.0 584.0
0 820.0 587.0
0 701.0 588.0
0 860.0 589.0
0 743.0 592.0
0 921.0 592.0
0 753.0 594.0
0 776.0 594.0
0 808.0 595.0
0 700.0 596.0
0 793.0 598.0
0 712.0 599.0
0 742.0 600.0
0 887.0 600.0
0 830.0 601.0
0 862.0 601.0
0 792.0 603.0
0 816.0 606.0
0 948.0 606.0
0 739.0 609.0
0 750.0 609.0
0 827.0 613.0
0 931.0 618.0
0 815.0 619.0
0 717.0 620.0
0 991.0 620.0
0 864.0 623.0
0 911.0 624.0
0 991.0 625.0
0 929.0 626.0
0 711.0 629.0
0 874.0 629.0
0 892.0 629.0
0 793.0 631.0
0 938.0 631.0
0 749.0 632.0
0 625.0 633.0
0 741.0 634.0
0 826.0 635.0
0 794.0 636.0
0 928.0 638.0
0 937.0 639.0
0 908.0 640.0
0 713.0 642.0
0 797.0 642.0
0 775.0 645.0
0 894.0 645.0
0 907.0 645.0
0 742.0 646.0
0 686.0 647.0
0 874.0 647.0
0 626.0 648.0
0 841.0 648.0
0 744.0 651.0
0 906.0 651.0
0 648.0 653.0
0 936.0 653.0
0 808.0 654.0
0 863.0 654.0
0 753.0 655.0
0 927.0 655.0
0 717.0 656.0
0 905.0 656.0
0 744.0 659.0
0 626.0 660.0
0 900.0 660.0
0 924.0 662.0
0 934.0 662.0
0 889.0 663.0
0 873.0 665.0
0 647.0 666.0
0 760.0 666.0
0 755.0 667.0
0 860.0 668.0
0 750.0 670.0
0 931.0 670.0
0 849.0 671.0
0 723.0 673.0
0 628.0 677.0
0 928.0 678.0
0 976.0 678.0
0 916.0 679.0
0 871.0 680.0
0 647.0 682.0
0 887.0 682.0
0 924.0 683.0
0 772.0 684.0
0 824.0 684.0
0 879.0 684.0
0 914.0 684.0
0 846.0 685.0
0 831.0 686.0
0 771.0 689.0
0 921.0 689.0
0 731.0 690.0
0 907.0 691.0
0 626.0 692.0
0 765.0 694.0
0 982.0 694.0
0 967.0 695.0
0 626.0 698.0
0 1127.0 698.0
0 647.0 699.0
0 897.0 699.0
0 914.0 699.0
0 1089.0 702.0
0 626.0 703.0
0 782.0 703.0
0 789.0 703.0
0 931.0 704.0
0 888.0 706.0
0 907.0 706.0
0 796.0 707.0
0 1129.0 707.0
0 782.0 708.0
0 744.0 709.0
0 976.0 709.0
0 881.0 710.0
0 1145.0 710.0
0 802.0 711.0
0 904.0 711.0
0 649.0 713.0
0 791.0 713.0
0 809.0 714.0
0 872.0 714.0
0 819.0 716.0
0 867.0 716.0
0 1126.0 716.0
0 860.0 717.0
0 797.0 718.0
0 1087.0 718.0
0 650.0 719.0
0 841.0 719.0
0 893.0 719.0
0 783.0 721.0
0 804.0 721.0
0 811.0 723.0
0 627.0 724.0
0 878.0 726.0
0 841.0 729.0
0 865.0 730.0
0 809.0 735.0
0 884.0 737.0
0 1124.0 738.0
0 833.0 739.0
0 239.0 742.0
0 627.0 744.0
0 627.0 749.0
0 873.0 749.0
0 213.0 751.0
0 770.0 751.0
0 1125.0 753.0
0 627.0 754.0
0 770.0 757.0
0 774.0 762.0
0 429.0 767.0
0 628.0 770.0
0 524.0 771.0
0 1439.0 772.0
0 382.0 773.0
0 415.0 773.0
0 1124.0 773.0
0 1176.0 778.0
0 1306.0 779.0
0 628.0 782.0
0 746.0 783.0
0 62.0 784.0
0 1122.0 784.0
0 1124.0 790.0
0 392.0 795.0
0 628.0 795.0
0 377.0 796.0
0 1122.0 796.0
0 814.0 798.0
0 948.0 799.0
0 438.0 803.0
0 532.0 803.0
0 146.0 807.0
0 1121.0 812.0
0 10.0 813.0
0 248.0 813.0
0 1107.0 814.0
0 42.0 816.0
0 56.0 816.0
0 1134.0 820.0
0 1121.0 823.0
0 31.0 826.0
0 881.0 837.0
0 626.0 840.0
0 1120.0 846.0
0 652.0 857.0
0 905.0 857.0
0 791.0 864.0
0 1036.0 866.0
0 647.0 874.0
0 713.0 878.0
0 788.0 879.0
0 647.0 892.0
0 1115.0 914.0
0 642.0 919.0
1 1006.0 114.0
1 859.0 354.0
1 779.0 356.0
1 875.0 356.0
1 899.0 356.0
1 878.0 362.0
1 900.0 372.0
1 917.0 381.0
1 878.0 382.0
1 873.0 383.0
1 1069.0 384.0
1 891.0 386.0
1 740.0 389.0
1 734.0 391.0
1 1010.0 391.0
1 1053.0 391.0
1 704.0 392.0
1 983.0 392.0
1 1005.0 392.0
1 1074.0 392.0
1 697.0 393.0
1 662.0 394.0
1 721.0 396.0
1 731.0 397.0
1 899.0 397.0
1 860.0 399.0
1 697.0 400.0
1 661.0 401.0
1 687.0 401.0
1 672.0 402.0
1 726.0 406.0
1 898.0 406.0
1 979.0 406.0
1 1072.0 406.0
1 1081.0 406.0
1 690.0 408.0
1 704.0 408.0
1 1059.0 408.0
1 672.0 409.0
1 1003.0 409.0
1 646.0 410.0
1 682.0 410.0
1 626.0 411.0
1 879.0 411.0
1 1021.0 411.0
1 637.0 414.0
1 712.0 414.0
1 721.0 414.0
1 1070.0 415.0
1 753.0 419.0
1 789.0 419.0
1 843.0 419.0
1 891.0 419.0
1 985.0 419.0
1 1088.0 419.0
1 738.0 420.0
1 743.0 420.0
1 748.0 420.0
1 759.0 420.0
1 768.0 420.0
1 776.0 420.0
1 784.0 420.0
1 795.0 420.0
1 816.0 420.0
1 824.0 420.0
1 829.0 420.0
1 838.0 420.0
1 967.0 420.0
1 1050.0 420.0
1 1063.0 420.0
1 851.0 421.0
1 1004.0 421.0
1 1034.0 421.0
1 646.0 422.0
1 730.0 423.0
1 955.0 423.0
1 671.0 424.0
1 676.0 425.0
1 716.0 425.0
1 1064.0 427.0
1 625.0 428.0
1 784.0 428.0
1 802.0 428.0
1 807.0 428.0
1 980.0 428.0
1 1049.0 428.0
1 682.0 429.0
1 704.0 429.0
1 992.0 429.0
1 1015.0 429.0
1 1032.0 429.0
1 946.0 430.0
1 728.0 431.0
1 712.0 432.0
1 591.0 433.0
1 834.0 433.0
1 852.0 433.0
1 955.0 433.0
1 966.0 433.0
1 1103.0 433.0
1 596.0 434.0
1 605.0 434.0
1 748.0 434.0
1 817.0 434.0
1 871.0 434.0
1 646.0 435.0
1 682.0 435.0
1 734.0 435.0
1 764.0 435.0
1 775.0 435.0
1 797.0 435.0
1 826.0 435.0
1 784.0 436.0
1 841.0 437.0
1 1085.0 437.0
1 909.0 438.0
1 1043.0 440.0
1 930.0 441.0
1 886.0 442.0
1 935.0 442.0
1 1003.0 442.0
1 681.0 443.0
1 710.0 443.0
1 1008.0 443.0
1 588.0 444.0
1 724.0 444.0
1 1106.0 444.0
1 603.0 445.0
1 871.0 445.0
1 963.0 445.0
1 859.0 446.0
1 1039.0 446.0
1 878.0 448.0
1 726.0 449.0
1 854.0 449.0
1 1086.0 450.0
1 1043.0 451.0
1 706.0 452.0
1 1025.0 452.0
1 1101.0 453.0
1 727.0 455.0
1 897.0 455.0
1 917.0 455.0
1 986.0 455.0
1 653.0 456.0
1 791.0 456.0
1 877.0 456.0
1 1003.0 456.0
1 640.0 457.0
1 700.0 457.0
1 860.0 457.0
1 1039.0 457.0
1 721.0 460.0
1 679.0 461.0
1 756.0 461.0
1 908.0 461.0
1 746.0 462.0
1 765.0 462.0
1 783.0 462.0
1 956.0 462.0
1 962.0 462.0
1 967.0 462.0
1 634.0 463.0
1 729.0 463.0
1 738.0 463.0
1 774.0 463.0
1 951.0 463.0
1 1041.0 463.0
1 688.0 464.0
1 975.0 464.0
1 614.0 465.0
1 870.0 465.0
1 858.0 466.0
1 878.0 466.0
1 900.0 466.0
1 980.0 466.0
1 1016.0 466.0
1 670.0 467.0
1 708.0 467.0
1 769.0 467.0
1 787.0 467.0
1 792.0 467.0
1 1107.0 467.0
1 1006.0 468.0
1 1100.0 468.0
1 732.0 469.0
1 741.0 469.0
1 750.0 470.0
1 801.0 470.0
1 987.0 470.0
1 603.0 471.0
1 677.0 471.0
1 697.0 471.0
1 759.0 471.0
1 904.0 471.0
1 589.0 472.0
1 780.0 472.0
1 810.0 472.0
1 887.0 472.0
1 920.0 472.0
1 768.0 473.0
1 938.0 473.0
1 732.0 474.0
1 1103.0 474.0
1 854.0 475.0
1 992.0 475.0
1 820.0 476.0
1 869.0 476.0
1 632.0 477.0
1 640.0 477.0
1 645.0 477.0
1 660.0 477.0
1 665.0 478.0
1 655.0 479.0
1 732.0 479.0
1 1105.0 479.0
1 786.0 480.0
1 995.0 480.0
1 694.0 481.0
1 933.0 481.0
1 599.0 482.0
1 921.0 482.0
1 928.0 482.0
1 1015.0 482.0
1 584.0 483.0
1 761.0 483.0
1 607.0 484.0
1 795.0 484.0
1 853.0 484.0
1 612.0 485.0
1 776.0 485.0
1 676.0 486.0
1 998.0 486.0
1 727.0 487.0
1 667.0 489.0
1 803.0 489.0
1 877.0 490.0
1 922.0 490.0
1 846.0 491.0
1 930.0 491.0
1 1000.0 491.0
1 583.0 492.0
1 864.0 493.0
1 597.0 494.0
1 811.0 494.0
1 792.0 495.0
1 797.0 496.0
1 909.0 496.0
1 1001.0 496.0
1 1100.0 496.0
1 612.0 497.0
1 656.0 498.0
1 928.0 499.0
1 819.0 500.0
1 1038.0 500.0
1 1093.0 500.0
1 1017.0 501.0
1 1029.0 501.0
1 1088.0 501.0
1 1000.0 503.0
1 928.0 504.0
1 1104.0 504.0
1 579.0 505.0
1 876.0 505.0
1 747.0 507.0
1 827.0 507.0
1 1063.0 507.0
1 811.0 509.0
1 591.0 511.0
1 816.0 511.0
1 931.0 511.0
1 1055.0 511.0
1 600.0 512.0
1 1000.0 512.0
1 835.0 513.0
1 1077.0 513.0
1 1102.0 514.0
1 699.0 515.0
1 1067.0 515.0
1 719.0 516.0
1 884.0 516.0
1 1092.0 516.0
1 709.0 517.0
1 1039.0 517.0
1 728.0 518.0
1 681.0 519.0
1 936.0 520.0
1 996.0 520.0
1 691.0 521.0
1 1068.0 522.0
1 609.0 524.0
1 1017.0 524.0
1 1052.0 524.0
1 1080.0 524.0
1 702.0 526.0
1 714.0 526.0
1 730.0 527.0
1 756.0 527.0
1 992.0 527.0
1 1068.0 527.0
1 634.0 528.0
1 943.0 528.0
1 675.0 529.0
1 696.0 529.0
1 1080.0 529.0
1 890.0 530.0
1 929.0 530.0
1 688.0 531.0
1 1093.0 531.0
1 607.0 532.0
1 984.0 532.0
1 1088.0 533.0
1 679.0 534.0
1 753.0 534.0
1 953.0 534.0
1 629.0 535.0
1 958.0 535.0
1 978.0 535.0
1 1058.0 535.0
1 1101.0 535.0
1 664.0 536.0
1 968.0 536.0
1 973.0 536.0
1 1072.0 536.0
1 1046.0 538.0
1 650.0 539.0
1 764.0 539.0
1 780.0 543.0
1 1043.0 543.0
1 1096.0 544.0
1 657.0 545.0
1 772.0 545.0
1 1018.0 546.0
1 747.0 548.0
1 1041.0 548.0
1 722.0 551.0
1 777.0 551.0
1 789.0 551.0
1 663.0 552.0
1 695.0 552.0
1 903.0 553.0
1 1040.0 553.0
1 706.0 554.0
1 737.0 556.0
1 1079.0 556.0
1 1103.0 556.0
1 621.0 557.0
1 865.0 557.0
1 892.0 557.0
1 760.0 558.0
1 592.0 559.0
1 785.0 559.0
1 939.0 559.0
1 976.0 560.0
1 1095.0 561.0
1 636.0 562.0
1 1040.0 562.0
1 796.0 563.0
1 1009.0 563.0
1 959.0 564.0
1 971.0 564.0
1 642.0 565.0
1 990.0 565.0
1 777.0 566.0
1 999.0 566.0
1 733.0 567.0
1 745.0 567.0
1 1091.0 567.0
1 652.0 569.0
1 907.0 569.0
1 770.0 574.0
1 615.0 575.0
1 743.0 575.0
1 760.0 575.0
1 796.0 575.0
1 893.0 575.0
1 1048.0 577.0
1 638.0 578.0
1 749.0 578.0
1 815.0 578.0
1 730.0 579.0
1 648.0 581.0
1 808.0 581.0
1 909.0 581.0
1 1080.0 582.0
1 1057.0 583.0
1 1064.0 584.0
1 1073.0 584.0
1 718.0 585.0
1 802.0 586.0
1 593.0 587.0
1 637.0 587.0
1 729.0 588.0
1 612.0 589.0
1 797.0 589.0
1 911.0 589.0
1 692.0 590.0
1 21.0 591.0
1 758.0 591.0
1 728.0 593.0
1 738.0 595.0
1 626.0 596.0
1 634.0 596.0
1 645.0 597.0
1 719.0 599.0
1 712.0 601.0
1 1040.0 601.0
1 751.0 605.0
1 684.0 606.0
1 735.0 606.0
1 1070.0 607.0
1 812.0 611.0
1 594.0 614.0
1 611.0 615.0
1 729.0 615.0
1 764.0 616.0
1 755.0 619.0
1 645.0 620.0
1 637.0 622.0
1 811.0 622.0
1 627.0 624.0
1 594.0 625.0
1 819.0 625.0
1 767.0 626.0
1 736.0 627.0
1 724.0 629.0
1 811.0 633.0
1 701.0 634.0
1 819.0 635.0
1 640.0 639.0
1 800.0 640.0
1 614.0 641.0
1 756.0 641.0
1 649.0 643.0
1 745.0 647.0
1 640.0 648.0
1 595.0 649.0
1 712.0 649.0
1 634.0 651.0
1 683.0 654.0
1 655.0 655.0
1 609.0 656.0
1 753.0 656.0
1 619.0 657.0
1 817.0 657.0
1 808.0 658.0
1 646.0 659.0
1 761.0 659.0
1 793.0 659.0
1 745.0 661.0
1 772.0 661.0
1 640.0 663.0
1 729.0 663.0
1 717.0 665.0
1 787.0 665.0
1 597.0 666.0
1 814.0 667.0
1 1100.0 670.0
1 611.0 672.0
1 699.0 672.0
1 806.0 672.0
1 887.0 673.0
1 778.0 674.0
1 627.0 675.0
1 668.0 675.0
1 801.0 676.0
1 874.0 677.0
1 717.0 678.0
1 771.0 678.0
1 810.0 678.0
1 595.0 679.0
1 722.0 679.0
1 847.0 679.0
1 727.0 680.0
1 890.0 680.0
1 799.0 682.0
1 661.0 683.0
1 1099.0 684.0
1 752.0 687.0
1 654.0 688.0
1 794.0 688.0
1 805.0 688.0
1 884.0 688.0
1 611.0 689.0
1 665.0 689.0
1 670.0 689.0
1 1100.0 689.0
1 596.0 691.0
1 879.0 692.0
1 636.0 693.0
1 675.0 694.0
1 683.0 694.0
1 1071.0 695.0
1 1085.0 695.0
1 786.0 696.0
1 1038.0 696.0
1 1052.0 696.0
1 799.0 697.0
1 1100.0 698.0
1 838.0 699.0
1 927.0 699.0
1 690.0 700.0
1 676.0 701.0
1 614.0 703.0
1 792.0 704.0
1 199.0 705.0
1 684.0 706.0
1 700.0 706.0
1 597.0 708.0
1 649.0 708.0
1 770.0 708.0
1 695.0 710.0
1 716.0 710.0
1 690.0 711.0
1 760.0 712.0
1 912.0 712.0
1 1083.0 712.0
1 169.0 713.0
1 750.0 713.0
1 1039.0 713.0
1 1098.0 713.0
1 731.0 714.0
1 331.0 716.0
1 702.0 718.0
1 771.0 719.0
1 597.0 720.0
1 689.0 720.0
1 622.0 721.0
1 763.0 721.0
1 798.0 721.0
1 729.0 723.0
1 756.0 723.0
1 1100.0 723.0
1 818.0 725.0
1 715.0 727.0
1 750.0 728.0
1 597.0 729.0
1 1100.0 729.0
1 740.0 730.0
1 1036.0 732.0
1 1082.0 732.0
1 597.0 734.0
1 101.0 736.0
1 259.0 738.0
1 342.0 738.0
1 422.0 739.0
1 598.0 739.0
1 274.0 741.0
1 296.0 741.0
1 1036.0 742.0
1 1080.0 742.0
1 701.0 744.0
1 436.0 745.0
1 425.0 747.0
1 1097.0 747.0
1 693.0 754.0
1 1037.0 755.0
1 128.0 756.0
1 1079.0 756.0
1 1097.0 758.0
1 1175.0 758.0
1 597.0 759.0
1 414.0 761.0
1 275.0 762.0
1 1165.0 769.0
1 1097.0 773.0
1 599.0 774.0
1 413.0 775.0
1 1095.0 789.0
1 863.0 797.0
1 703.0 800.0
1 1094.0 800.0
1 1095.0 812.0
1 542.0 815.0
1 1416.0 817.0
1 816.0 819.0
1 598.0 821.0
1 644.0 832.0
1 931.0 835.0
1 1091.0 837.0
1 618.0 844.0
1 729.0 846.0
1 734.0 846.0
1 730.0 851.0
1 620.0 855.0
1 636.0 855.0
1 75.0 858.0
1 223.0 861.0
1 729.0 861.0
1 966.0 869.0
1 730.0 877.0
1 615.0 882.0
1 736.0 893.0
1 739.0 898.0
1 744.0 904.0
1 618.0 905.0
