0 402 1 296.913078165162
0 109 3 184.3015990871712
0 163 4 201.4695547960833
0 284 5 214.24795014779878
0 47 9 400.48971453271145
0 411 20 213.78261466520684
0 51 22 184.02077081521017
0 30 24 133.34026372690815
0 110 25 182.801814418396
0 222 28 239.74779148569766
0 172 34 161.78609081833085
0 64 35 216.73519890885817
0 65 37 205.0906243301436
0 199 42 332.791799030221
0 174 43 212.4466935282849
0 56 45 265.34142637724256
0 312 48 398.1655240845272
0 102 49 239.47677489158949
0 122 50 243.82628374840337
0 50 55 270.0018121125724
0 61 58 334.6287422981979
0 218 60 416.6996629338786
0 1 64 348.3891492204382
0 330 74 216.63064595309928
0 71 75 482.2998076948783
0 70 84 123.53681411516395
0 93 90 205.60371677518208
0 445 92 490.67015593572876
0 377 96 270.72634230861553
0 104 98 424.632304973034
0 139 100 413.89241600080527
0 66 101 197.1590750177273
0 62 102 171.43441044979264
0 42 104 243.79746020577565
0 403 106 193.69835561137847
0 292 122 172.1904993367821
0 368 137 158.47191851793778
0 148 139 119.6069710068935
0 141 141 480.3081696785502
0 208 144 152.50244130749547
0 60 148 273.68676050612396
0 96 150 129.27614228992203
0 254 151 215.8451482489841
0 499 155 476.94685168528343
0 178 158 287.91307494996295
0 9 164 307.4760885300543
0 545 165 264.96643070001755
0 241 170 215.71242331086214
0 162 172 135.53839240949534
0 213 175 174.31545673085165
0 121 179 133.4926918128109
0 293 180 243.79049893363918
0 449 182 483.1270475743854
0 262 186 153.99255224247332
0 4 192 216.04574542677724
0 469 203 368.1122810281779
0 63 214 150.71840286006432
0 40 216 456.35670221585303
0 195 220 178.5730053714903
0 194 222 383.66868941794
0 142 224 363.5129323092903
0 236 230 166.14914865626614
0 306 231 231.94265614124805
0 282 232 399.64845109931684
0 294 236 320.7895409080271
0 352 245 117.87318674913632
0 130 246 238.23305117627916
0 136 247 268.97609795689334
0 153 255 186.5480951980134
0 381 257 231.58282830674025
0 38 258 261.71966654376695
0 6 270 397.09006339702546
0 103 272 148.0360004235344
0 95 275 173.94131938033024
0 544 278 214.08577446608606
0 229 284 146.70492237339747
0 494 285 382.8371939446921
0 79 286 317.8863379129762
0 88 288 210.63508290110718
0 458 291 300.6617807292204
0 362 292 139.04387412999247
0 82 294 157.90740045994633
0 87 302 334.84355939889
0 198 305 125.58304003305523
0 8 311 253.36373900684413
0 226 317 239.52245174634848
0 76 318 195.6396829178332
0 24 326 348.3130587584129
0 238 328 280.4122677492354
0 170 329 123.23587367211144
0 190 332 195.40157085606262
0 116 333 247.3525312026623
0 266 338 196.83198095457766
0 206 343 375.6982333542599
0 21 359 418.2268476890628
0 268 364 195.36652965062598
0 553 368 166.59086418208483
0 72 370 206.81983859581777
0 389 375 337.47878212703034
0 83 376 215.4089845202705
0 108 379 133.15472718196096
0 484 382 368.22324967264836
0 75 395 400.0739949707028
0 346 396 341.75625252400255
0 23 397 191.59548782847006
0 324 399 156.59317668741514
0 296 401 279.4917004844438
0 210 418 209.93999324777005
0 84 421 432.7622357194105
0 439 437 263.52244887220616
0 358 441 110.16634398155884
0 435 443 298.1413806716349
0 523 445 449.91051583573045
0 228 446 208.5964580834625
0 25 448 155.3995435978704
0 361 449 198.55233929444233
0 481 461 379.68987451634126
0 118 479 276.1004234269765
0 297 480 403.25452521308824
0 127 481 204.6326618406164
0 105 486 136.53364444515336
0 52 499 312.9418448987144
0 418 511 153.24874571850785
0 68 516 243.64498781355076
0 5 527 379.7268274443652
0 191 535 120.15665068561532
0 133 536 209.99286306318527
0 146 540 183.35510717780593
0 401 543 388.55499446078295
0 483 549 253.54913975830397
0 452 550 481.7394541528962
0 350 554 368.9230782086186
0 476 556 179.64398675810543
0 250 560 436.8936679423014
0 436 562 188.07684180258633
0 272 564 282.2406832501892
0 12 566 480.1149147422098
0 433 570 281.72704498632817
0 58 571 322.3880195490258
0 59 575 237.44053802368006
0 507 576 419.7156229980537
0 562 577 218.1051460750712
0 106 580 154.33629074054892
0 356 589 258.7766486426123
0 144 590 138.6717537944755
0 28 593 470.78329466194543
0 301 594 239.682646375502
0 80 595 325.027502606415
0 552 597 240.44753593893398
0 305 604 441.92056621578286
0 463 617 482.5680331054034
0 94 619 399.6377414005268
0 81 623 217.70468999183797
0 299 624 278.088416623695
0 575 629 469.626814262565
0 223 633 358.36282182578134
0 572 634 176.5866782923066
0 341 637 263.62199258231914
0 339 640 422.71188595114586
0 516 641 190.8363339876079
0 270 649 218.85252546914512
0 55 653 148.42369203360667
0 204 654 200.62801728150683
0 86 656 188.04473651883316
0 478 658 368.7658449458167
0 548 659 382.78897777242366
0 73 664 185.36701135036532
0 69 675 234.43492715451475
0 360 685 166.17014684826526
0 151 686 258.14368048880027
0 171 691 209.9315738490215
0 11 692 212.30005937289468
0 101 702 162.88154391502502
0 504 705 309.2413914374766
0 111 706 168.94589470890062
0 446 722 198.01926629359374
0 242 723 422.15028792068
0 39 724 205.78613812638653
0 112 729 383.6807977859911
0 509 731 230.9112985561933
0 271 752 119.14577760172018
0 32 761 262.9839254575492
0 205 766 305.84243219717166
0 224 772 197.5017649204794
0 209 784 251.58318644590355
0 533 785 446.36162887837685
0 289 802 314.1468953466338
0 175 803 295.71265356079135
0 128 819 493.02860011008295
0 278 832 223.33145351468957
0 310 837 275.03948405965315
0 285 841 483.72595376032115
0 273 842 220.81651570976027
0 221 845 328.65283163865223
0 177 860 125.44341286628938
0 125 864 174.21076333901775
0 113 870 191.6486495038412
0 243 880 149.296268967243
0 517 882 375.6756033555324
0 252 884 293.01654351118265
0 259 891 259.8367913906959
0 166 892 334.4254994914513
0 453 901 423.20800757663
0 318 907 236.35475974278134
0 219 917 231.7178048539124
0 43 926 197.45692594466098
0 429 932 388.2764111983335
0 15 949 461.86556931073983
0 287 952 188.74382627646534
0 107 959 182.70594065993924
0 240 961 323.62848113871314
0 231 962 472.8418466269833
0 353 964 372.9765029162243
0 44 968 277.43729753059677
0 438 977 187.48873819256343
0 18 984 350.5207025909721
0 74 997 205.36169884095213
0 161 1013 372.0112841452659
0 131 1014 285.5526952996916
0 298 1016 272.21393789782707
0 89 1020 366.39611896353404

0 784.0 268.0
0 677.0 624.0
0 903.0 676.0
0 816.0 402.0
0 752.0 413.0
0 781.0 526.0
0 901.0 225.0
0 771.0 479.0
0 769.0 291.0
0 731.0 385.0
0 880.0 465.0
0 883.0 677.0
0 752.0 537.0
0 575.0 980.0
0 750.0 523.0
0 893.0 582.0
0 792.0 537.0
0 828.0 547.0
0 1472.0 952.0
0 808.0 491.0
0 895.0 670.0
0 926.0 389.0
0 907.0 404.0
0 787.0 255.0
0 750.0 359.0
0 844.0 407.0
0 668.0 273.0
0 863.0 563.0
0 1006.0 458.0
0 748.0 282.0
0 802.0 474.0
0 731.0 259.0
0 1149.0 308.0
0 846.0 477.0
0 923.0 444.0
0 880.0 397.0
0 935.0 483.0
0 888.0 398.0
0 959.0 563.0
0 1144.0 381.0
0 983.0 407.0
0 1270.0 911.0
0 992.0 451.0
0 970.0 441.0
0 829.0 487.0
0 779.0 380.0
0 786.0 438.0
0 952.0 603.0
0 732.0 585.0
0 779.0 395.0
0 730.0 395.0
0 865.0 553.0
0 870.0 221.0
0 792.0 244.0
0 844.0 608.0
0 835.0 389.0
0 814.0 476.0
0 831.0 601.0
0 825.0 388.0
0 746.0 712.0
0 744.0 504.0
0 1036.0 972.0
0 774.0 487.0
0 825.0 516.0
0 859.0 197.0
0 1295.0 919.0
0 1442.0 954.0
0 1031.0 324.0
0 1105.0 382.0
0 769.0 713.0
0 784.0 446.0
0 1085.0 379.0
0 639.0 245.0
0 740.0 595.0
0 705.0 591.0
0 1070.0 368.0
0 916.0 486.0
0 1281.0 909.0
0 939.0 893.0
0 1338.0 980.0
0 800.0 532.0
0 993.0 409.0
0 693.0 363.0
0 844.0 469.0
0 922.0 407.0
0 853.0 409.0
0 913.0 414.0
0 747.0 468.0
0 753.0 716.0
0 999.0 389.0
0 707.0 330.0
0 519.0 985.0
0 893.0 683.0
0 835.0 508.0
0 949.0 936.0
0 903.0 498.0
0 680.0 612.0
0 1121.0 983.0
0 948.0 423.0
0 913.0 508.0
0 1167.0 329.0
0 897.0 400.0
0 845.0 391.0
0 1048.0 932.0
0 560.0 258.0
0 846.0 734.0
0 687.0 623.0
0 826.0 478.0
0 685.0 253.0
0 903.0 689.0
0 797.0 489.0
0 1064.0 307.0
0 760.0 479.0
0 693.0 940.0
0 757.0 238.0
0 805.0 482.0
0 1218.0 937.0
0 749.0 297.0
0 977.0 932.0
0 876.0 210.0
0 840.0 722.0
0 860.0 463.0
0 1125.0 476.0
0 884.0 687.0
0 692.0 426.0
0 773.0 533.0
0 774.0 241.0
0 909.0 940.0
0 1246.0 963.0
0 1200.0 966.0
0 645.0 372.0
0 755.0 504.0
0 741.0 251.0
0 1058.0 909.0
0 675.0 261.0
0 721.0 387.0
0 1120.0 848.0
0 694.0 604.0
0 1040.0 418.0
0 611.0 337.0
0 829.0 672.0
0 972.0 384.0
0 893.0 233.0
0 714.0 510.0
0 600.0 356.0
0 872.0 454.0
0 711.0 448.0
0 825.0 455.0
0 816.0 386.0
0 1079.0 449.0
0 922.0 418.0
0 1113.0 456.0
0 818.0 463.0
0 908.0 579.0
0 737.0 283.0
0 916.0 698.0
0 872.0 927.0
0 673.0 248.0
0 721.0 408.0
0 889.0 945.0
0 1457.0 963.0
0 558.0 951.0
0 874.0 559.0
0 734.0 531.0
0 853.0 211.0
0 449.0 740.0
0 785.0 488.0
0 718.0 604.0
0 798.0 967.0
0 609.0 288.0
0 531.0 360.0
0 1020.0 309.0
0 606.0 344.0
0 762.0 488.0
0 751.0 488.0
0 635.0 360.0
0 714.0 908.0
0 696.0 373.0
0 871.0 568.0
0 666.0 333.0
0 1162.0 478.0
0 826.0 638.0
0 819.0 665.0
0 873.0 975.0
0 766.0 504.0
0 1313.0 877.0
0 533.0 379.0
0 782.0 480.0
0 1066.0 930.0
0 846.0 512.0
0 870.0 248.0
0 1019.0 321.0
0 904.0 215.0
0 837.0 398.0
0 749.0 480.0
0 687.0 495.0
0 605.0 959.0
0 1020.0 445.0
0 716.0 529.0
0 590.0 264.0
0 974.0 983.0
0 1194.0 985.0
0 1030.0 986.0
0 900.0 699.0
0 575.0 280.0
0 681.0 424.0
0 707.0 318.0
0 745.0 531.0
0 931.0 522.0
0 942.0 210.0
0 1169.0 453.0
0 743.0 495.0
0 831.0 497.0
0 810.0 468.0
0 871.0 396.0
0 896.0 573.0
0 610.0 272.0
0 685.0 268.0
0 559.0 984.0
0 1283.0 949.0
0 535.0 341.0
0 842.0 193.0
0 976.0 430.0
0 1404.0 985.0
0 991.0 424.0
0 1080.0 299.0
0 785.0 987.0
0 754.0 495.0
0 1052.0 307.0
0 926.0 246.0
0 941.0 464.0
0 994.0 493.0
0 763.0 524.0
0 653.0 653.0
0 831.0 731.0
0 787.0 394.0
0 761.0 532.0
0 794.0 480.0
0 900.0 923.0
0 820.0 494.0
0 1157.0 286.0
0 312.0 829.0
0 897.0 534.0
0 1042.0 325.0
0 698.0 260.0
0 1001.0 520.0
0 927.0 431.0
0 1132.0 413.0
0 1033.0 314.0
0 838.0 520.0
0 705.0 513.0
0 1347.0 978.0
0 659.0 290.0
0 790.0 473.0
0 722.0 428.0
0 673.0 350.0
0 823.0 504.0
0 690.0 612.0
0 646.0 289.0
0 745.0 701.0
0 768.0 276.0
0 1425.0 952.0
0 1019.0 988.0
0 779.0 504.0
0 1137.0 948.0
0 993.0 348.0
0 1176.0 990.0
0 1341.0 954.0
0 854.0 455.0
0 1046.0 406.0
0 909.0 242.0
0 1002.0 295.0
0 872.0 410.0
0 790.0 904.0
0 831.0 428.0
0 895.0 413.0
0 838.0 564.0
0 723.0 508.0
0 362.0 756.0
0 669.0 283.0
0 759.0 281.0
0 799.0 465.0
0 1167.0 300.0
0 15.0 873.0
0 573.0 360.0
0 874.0 711.0
0 1126.0 383.0
0 719.0 474.0
0 1059.0 369.0
0 874.0 511.0
0 1183.0 408.0
0 591.0 526.0
0 1060.0 535.0
0 1067.0 317.0
0 853.0 401.0
0 740.0 346.0
0 1350.0 938.0
0 1382.0 919.0
0 696.0 294.0
0 931.0 258.0
0 803.0 389.0
0 817.0 485.0
0 698.0 324.0
0 981.0 974.0
0 660.0 420.0
0 959.0 452.0
0 841.0 491.0
0 1003.0 885.0
0 1170.0 343.0
0 1097.0 899.0
0 939.0 226.0
0 947.0 306.0
0 689.0 380.0
0 1131.0 981.0
0 143.0 850.0
0 843.0 967.0
0 847.0 245.0
0 562.0 358.0
0 629.0 285.0
0 794.0 554.0
0 910.0 233.0
0 552.0 268.0
0 1147.0 847.0
0 701.0 338.0
0 1024.0 356.0
0 1139.0 293.0
0 956.0 312.0
0 829.0 436.0
0 949.0 522.0
0 573.0 341.0
0 815.0 679.0
0 873.0 727.0
0 556.0 342.0
0 1134.0 401.0
0 808.0 983.0
0 638.0 269.0
0 857.0 474.0
0 1002.0 468.0
0 1149.0 457.0
0 1138.0 841.0
0 712.0 401.0
0 790.0 506.0
0 679.0 364.0
0 883.0 457.0
0 1349.0 929.0
0 339.0 990.0
0 1145.0 529.0
0 700.0 416.0
0 844.0 501.0
0 1063.0 429.0
0 818.0 648.0
0 996.0 307.0
0 727.0 272.0
0 1382.0 989.0
0 1097.0 986.0
0 1280.0 786.0
0 1092.0 461.0
0 789.0 586.0
0 1016.0 334.0
0 627.0 232.0
0 882.0 973.0
0 788.0 380.0
0 642.0 985.0
0 675.0 546.0
0 544.0 384.0
0 710.0 276.0
0 400.0 749.0
0 770.0 983.0
0 462.0 761.0
0 931.0 551.0
0 1107.0 369.0
0 1170.0 321.0
0 1175.0 968.0
0 907.0 895.0
0 1333.0 794.0
0 894.0 654.0
0 862.0 399.0
0 694.0 539.0
0 732.0 497.0
0 803.0 399.0
0 704.0 500.0
0 684.0 592.0
0 730.0 702.0
0 838.0 481.0
0 1166.0 507.0
0 831.0 538.0
0 1055.0 298.0
0 823.0 471.0
0 883.0 250.0
0 1072.0 345.0
0 891.0 487.0
0 1327.0 892.0
0 909.0 868.0
0 902.0 596.0
0 697.0 517.0
0 1004.0 329.0
0 650.0 572.0
0 753.0 342.0
0 779.0 473.0
0 1124.0 498.0
0 1184.0 332.0
0 799.0 589.0
0 705.0 253.0
0 658.0 541.0
0 1295.0 840.0
0 814.0 513.0
0 806.0 438.0
0 945.0 539.0
0 824.0 233.0
0 989.0 290.0
0 529.0 952.0
0 857.0 682.0
0 1102.0 914.0
0 625.0 260.0
0 1449.0 912.0
0 863.0 505.0
0 810.0 502.0
0 861.0 644.0
0 613.0 357.0
0 1094.0 447.0
0 840.0 443.0
0 1044.0 360.0
0 1062.0 327.0
0 705.0 430.0
0 885.0 567.0
0 644.0 307.0
0 1372.0 921.0
0 1070.0 960.0
0 1055.0 959.0
0 1155.0 846.0
0 982.0 326.0
0 1064.0 417.0
0 739.0 481.0
0 918.0 219.0
0 781.0 630.0
0 1086.0 881.0
0 696.0 504.0
0 741.0 659.0
0 874.0 991.0
0 1013.0 343.0
0 712.0 384.0
0 1084.0 537.0
0 643.0 593.0
0 686.0 660.0
0 788.0 465.0
0 761.0 719.0
0 923.0 477.0
0 337.0 980.0
0 932.0 373.0
0 684.0 603.0
0 971.0 594.0
0 1160.0 394.0
0 1445.0 898.0
0 917.0 282.0
0 815.0 447.0
0 1307.0 896.0
0 784.0 236.0
0 785.0 278.0
0 1255.0 982.0
0 848.0 524.0
0 549.0 362.0
0 892.0 709.0
0 884.0 885.0
0 829.0 404.0
0 856.0 447.0
0 716.0 262.0
0 1184.0 944.0
0 727.0 914.0
0 193.0 834.0
0 1367.0 969.0
0 952.0 257.0
0 1363.0 894.0
0 641.0 466.0
0 1250.0 856.0
0 1300.0 880.0
0 843.0 233.0
0 589.0 511.0
0 740.0 307.0
0 844.0 457.0
0 962.0 424.0
0 815.0 532.0
0 554.0 316.0
0 1288.0 894.0
0 778.0 222.0
0 722.0 497.0
0 616.0 380.0
0 613.0 313.0
0 1055.0 922.0
0 1047.0 337.0
0 679.0 693.0
0 1173.0 957.0
0 1111.0 953.0
0 668.0 470.0
0 715.0 283.0
0 712.0 486.0
0 914.0 564.0
0 738.0 298.0
0 845.0 543.0
0 733.0 506.0
0 953.0 366.0
0 802.0 509.0
0 745.0 262.0
0 749.0 635.0
0 1058.0 441.0
0 918.0 470.0
0 824.0 723.0
0 31.0 883.0
0 886.0 447.0
0 1076.0 616.0
0 995.0 730.0
0 754.0 229.0
0 684.0 640.0
0 1181.0 392.0
0 572.0 247.0
0 547.0 978.0
0 892.0 495.0
0 1128.0 370.0
0 773.0 951.0
0 840.0 947.0
0 1295.0 980.0
0 685.0 293.0
0 1163.0 958.0
0 815.0 616.0
0 1173.0 831.0
0 957.0 232.0
0 680.0 387.0
0 834.0 457.0
0 911.0 257.0
0 809.0 454.0
0 1003.0 411.0
0 914.0 983.0
0 759.0 253.0
0 886.0 860.0
0 802.0 266.0
0 536.0 979.0
0 665.0 368.0
0 749.0 403.0
0 1258.0 970.0
0 1149.0 977.0
0 688.0 219.0
0 947.0 435.0
0 737.0 470.0
0 861.0 530.0
0 667.0 625.0
0 1063.0 360.0
0 1369.0 934.0
0 662.0 387.0
0 665.0 528.0
0 1424.0 978.0
0 592.0 540.0
0 803.0 667.0
0 947.0 233.0
0 836.0 931.0
0 948.0 927.0
0 555.0 441.0
0 825.0 965.0
0 713.0 688.0
0 812.0 789.0
0 1293.0 905.0
0 728.0 472.0
0 665.0 562.0
0 871.0 484.0
0 565.0 494.0
0 719.0 441.0
0 559.0 380.0
0 799.0 894.0
0 759.0 325.0
0 1061.0 452.0
0 1044.0 874.0
0 871.0 463.0
0 694.0 657.0
0 795.0 382.0
0 707.0 394.0
0 634.0 343.0
0 1064.0 921.0
0 807.0 384.0
0 759.0 708.0
0 462.0 799.0
0 751.0 706.0
0 1148.0 288.0
0 666.0 319.0
0 511.0 960.0
0 704.0 489.0
0 1168.0 811.0
0 1342.0 898.0
0 1443.0 940.0
0 779.0 515.0
0 868.0 675.0
0 1052.0 946.0
0 1112.0 525.0
0 623.0 338.0
0 736.0 905.0
0 798.0 444.0
0 687.0 322.0
0 1018.0 513.0
0 593.0 285.0
0 858.0 517.0
0 470.0 753.0
0 973.0 371.0
0 777.0 440.0
0 65.0 924.0
0 728.0 235.0
0 1351.0 952.0
0 1308.0 972.0
0 959.0 510.0
0 870.0 404.0
0 1159.0 359.0
0 764.0 419.0
0 872.0 232.0
0 1056.0 977.0
0 925.0 508.0
0 661.0 596.0
0 1053.0 346.0
0 1012.0 453.0
0 874.0 649.0
0 997.0 441.0
0 1106.0 483.0
0 666.0 678.0
0 792.0 452.0
0 527.0 290.0
0 978.0 347.0
0 700.0 985.0
0 1407.0 880.0
0 830.0 397.0
0 1149.0 489.0
0 877.0 442.0
0 923.0 515.0
0 710.0 240.0
0 722.0 958.0
0 896.0 858.0
0 853.0 614.0
0 1155.0 894.0
0 1151.0 966.0
0 1107.0 472.0
0 1106.0 642.0
0 731.0 489.0
0 862.0 991.0
0 1114.0 510.0
0 777.0 465.0
0 1166.0 495.0
0 762.0 613.0
0 1115.0 613.0
0 634.0 408.0
0 1165.0 369.0
0 626.0 972.0
0 1457.0 978.0
0 647.0 278.0
0 839.0 451.0
0 646.0 623.0
0 1008.0 499.0
0 1379.0 959.0
0 872.0 937.0
0 708.0 553.0
0 763.0 376.0
0 920.0 457.0
0 304.0 836.0
0 666.0 312.0
0 776.0 496.0
0 838.0 687.0
0 316.0 769.0
0 1276.0 920.0
0 1382.0 898.0
0 816.0 441.0
0 788.0 496.0
0 612.0 301.0
0 1431.0 916.0
0 798.0 500.0
0 1139.0 390.0
0 951.0 509.0
0 794.0 724.0
0 760.0 294.0
0 880.0 484.0
0 1077.0 376.0
0 528.0 301.0
0 1005.0 840.0
0 1144.0 368.0
0 1088.0 368.0
0 720.0 486.0
0 1091.0 330.0
0 769.0 577.0
0 857.0 481.0
0 1464.0 935.0
0 617.0 962.0
0 944.0 534.0
0 682.0 523.0
0 1041.0 530.0
0 1120.0 411.0
0 1121.0 959.0
0 913.0 433.0
0 958.0 346.0
0 860.0 244.0
0 935.0 446.0
0 948.0 296.0
0 1103.0 417.0
0 1002.0 854.0
0 955.0 990.0
0 772.0 303.0
0 861.0 448.0
0 827.0 247.0
0 835.0 469.0
0 681.0 335.0
0 939.0 908.0
0 555.0 305.0
0 760.0 985.0
0 707.0 229.0
0 881.0 719.0
0 882.0 414.0
0 1089.0 352.0
0 744.0 623.0
0 664.0 442.0
0 609.0 713.0
0 846.0 554.0
0 999.0 946.0
0 343.0 817.0
0 570.0 267.0
0 693.0 477.0
0 650.0 636.0
0 985.0 918.0
0 827.0 445.0
0 845.0 548.0
0 1018.0 976.0
0 697.0 498.0
0 696.0 667.0
0 953.0 501.0
0 1084.0 350.0
0 821.0 239.0
0 703.0 938.0
0 1146.0 502.0
0 1133.0 566.0
0 835.0 406.0
0 1073.0 278.0
0 699.0 710.0
0 1193.0 926.0
0 594.0 983.0
0 1363.0 936.0
0 105.0 631.0
0 780.0 254.0
0 933.0 491.0
0 849.0 487.0
0 851.0 500.0
0 811.0 541.0
0 767.0 394.0
0 1154.0 383.0
0 715.0 976.0
0 859.0 717.0
0 758.0 383.0
0 1100.0 457.0
0 702.0 231.0
0 905.0 985.0
0 480.0 975.0
0 879.0 491.0
0 963.0 552.0
0 1131.0 467.0
0 646.0 430.0
0 429.0 811.0
0 863.0 628.0
0 763.0 312.0
0 1382.0 972.0
0 730.0 484.0
0 736.0 575.0
0 594.0 961.0
0 1055.0 324.0
0 315.0 799.0
0 690.0 509.0
0 854.0 227.0
0 1070.0 438.0
0 1081.0 472.0
0 729.0 477.0
0 892.0 547.0
0 757.0 467.0
0 712.0 492.0
0 476.0 783.0
0 532.0 350.0
0 1157.0 989.0
0 608.0 984.0
0 1293.0 947.0
0 738.0 698.0
0 884.0 918.0
0 20.0 894.0
0 163.0 884.0
0 393.0 780.0
0 676.0 890.0
0 1450.0 972.0
0 765.0 496.0
0 608.0 357.0
0 896.0 740.0
0 609.0 977.0
0 320.0 976.0
0 758.0 270.0
0 720.0 480.0
0 1157.0 977.0
0 1318.0 983.0
0 970.0 528.0
0 968.0 962.0
0 1324.0 882.0
0 768.0 466.0
0 941.0 699.0
0 1157.0 493.0
0 822.0 395.0
0 1036.0 430.0
0 830.0 465.0
0 1074.0 991.0
0 1142.0 481.0
0 1071.0 466.0
0 888.0 524.0
0 303.0 924.0
0 873.0 886.0
0 843.0 922.0
0 559.0 972.0
0 885.0 576.0
0 1154.0 363.0
0 833.0 210.0
0 726.0 366.0
0 735.0 629.0
0 844.0 753.0
0 547.0 401.0
0 763.0 454.0
0 956.0 517.0
0 659.0 302.0
0 939.0 433.0
0 760.0 245.0
0 655.0 552.0
0 1373.0 943.0
0 755.0 455.0
0 831.0 615.0
0 942.0 354.0
0 793.0 517.0
0 1076.0 948.0
0 1168.0 982.0
0 1216.0 666.0
0 1168.0 947.0
0 976.0 266.0
0 1147.0 476.0
0 872.0 477.0
0 1170.0 486.0
0 803.0 611.0
0 1053.0 332.0
0 1077.0 519.0
0 1013.0 352.0
0 765.0 304.0
0 585.0 343.0
0 736.0 522.0
0 1093.0 504.0
0 1144.0 779.0
0 845.0 447.0
0 996.0 468.0
0 20.0 882.0
0 802.0 922.0
0 503.0 962.0
0 584.0 975.0
0 1433.0 884.0
0 1356.0 985.0
0 986.0 395.0
0 1102.0 440.0
0 951.0 451.0
0 711.0 478.0
0 941.0 919.0
0 684.0 358.0
0 783.0 465.0
0 867.0 476.0
0 649.0 356.0
0 575.0 889.0
0 855.0 506.0
0 689.0 520.0
0 745.0 398.0
0 1040.0 459.0
0 1116.0 889.0
0 875.0 952.0
0 1393.0 984.0
0 971.0 943.0
0 905.0 419.0
0 1023.0 464.0
0 1308.0 947.0
0 1322.0 851.0
0 1120.0 879.0
0 713.0 498.0
0 83.0 864.0
0 1008.0 987.0
0 915.0 607.0
0 1234.0 985.0
0 559.0 375.0
0 603.0 231.0
0 174.0 619.0
0 837.0 430.0
0 1005.0 487.0
0 870.0 637.0
0 824.0 404.0
0 401.0 975.0
0 921.0 618.0
0 1134.0 968.0
0 956.0 419.0
0 1095.0 499.0
0 1032.0 460.0
0 1087.0 855.0
0 1451.0 952.0
0 788.0 921.0
0 872.0 535.0
0 642.0 608.0
0 1291.0 964.0
0 1213.0 953.0
0 807.0 512.0
0 782.0 672.0
0 582.0 957.0
0 1153.0 936.0
0 613.0 887.0
0 814.0 723.0
0 764.0 714.0
0 1138.0 493.0
0 357.0 984.0
0 1324.0 960.0
0 1107.0 446.0
0 1267.0 853.0
0 955.0 468.0
0 835.0 474.0
0 1175.0 929.0
0 534.0 964.0
0 839.0 457.0
0 1012.0 471.0
0 941.0 488.0
0 695.0 450.0
0 846.0 575.0
0 1117.0 425.0
0 316.0 653.0
0 849.0 456.0
0 769.0 960.0
0 657.0 663.0
0 944.0 371.0
0 1164.0 381.0
0 1063.0 423.0
0 827.0 450.0
0 175.0 938.0
0 862.0 929.0
0 685.0 652.0
0 546.0 339.0
0 860.0 946.0
0 1155.0 961.0
0 1236.0 957.0
0 854.0 965.0
0 696.0 248.0
0 1085.0 336.0
0 459.0 671.0
0 1019.0 849.0
0 908.0 905.0
0 852.0 495.0
0 891.0 693.0
0 869.0 523.0
0 1423.0 938.0
0 836.0 636.0
0 915.0 725.0
0 1144.0 332.0
0 813.0 331.0
0 764.0 577.0
0 1088.0 511.0
0 741.0 611.0
0 313.0 774.0
0 942.0 447.0
0 831.0 663.0
0 839.0 556.0
0 867.0 511.0
0 762.0 392.0
0 863.0 404.0
0 1091.0 486.0
0 667.0 389.0
0 554.0 310.0
0 1046.0 528.0
0 659.0 350.0
0 1034.0 948.0
0 530.0 983.0
0 1102.0 355.0
0 1005.0 482.0
0 1374.0 973.0
0 904.0 621.0
0 1426.0 749.0
0 1256.0 864.0
0 801.0 438.0
0 749.0 947.0
0 686.0 370.0
0 678.0 665.0
0 1170.0 316.0
0 772.0 426.0
0 1244.0 950.0
0 863.0 620.0
0 1056.0 460.0
0 914.0 503.0
0 1086.0 328.0
0 1045.0 952.0
0 645.0 268.0
0 1183.0 352.0
0 136.0 842.0
0 1086.0 461.0
0 888.0 643.0
0 1249.0 972.0
0 834.0 443.0
0 852.0 232.0
0 690.0 484.0
0 919.0 926.0
0 905.0 488.0
0 751.0 380.0
0 799.0 457.0
0 1051.0 978.0
0 669.0 942.0
0 115.0 873.0
0 1474.0 978.0
0 180.0 875.0
0 691.0 242.0
0 808.0 393.0
0 368.0 790.0
0 861.0 493.0
0 1130.0 861.0
0 900.0 830.0
0 1094.0 353.0
0 884.0 935.0
0 878.0 635.0
0 1050.0 459.0
0 1124.0 405.0
0 973.0 536.0
0 1082.0 517.0
0 1150.0 331.0
0 1385.0 957.0
0 137.0 624.0
0 1095.0 378.0
0 953.0 664.0
0 1145.0 956.0
0 547.0 640.0
1 1006.0 114.0
1 859.0 354.0
1 779.0 356.0
1 875.0 356.0
1 899.0 356.0
1 878.0 362.0
1 900.0 372.0
1 917.0 381.0
1 878.0 382.0
1 873.0 383.0
1 1069.0 384.0
1 891.0 386.0
1 740.0 389.0
1 734.0 391.0
1 1010.0 391.0
1 1053.0 391.0
1 704.0 392.0
1 983.0 392.0
1 1005.0 392.0
1 1074.0 392.0
1 697.0 393.0
1 662.0 394.0
1 721.0 396.0
1 731.0 397.0
1 899.0 397.0
1 860.0 399.0
1 697.0 400.0
1 661.0 401.0
1 687.0 401.0
1 672.0 402.0
1 726.0 406.0
1 898.0 406.0
1 979.0 406.0
1 1072.0 406.0
1 1081.0 406.0
1 690.0 408.0
1 704.0 408.0
1 1059.0 408.0
1 672.0 409.0
1 1003.0 409.0
1 646.0 410.0
1 682.0 410.0
1 626.0 411.0
1 879.0 411.0
1 1021.0 411.0
1 637.0 414.0
1 712.0 414.0
1 721.0 414.0
1 1070.0 415.0
1 753.0 419.0
1 789.0 419.0
1 843.0 419.0
1 891.0 419.0
1 985.0 419.0
1 1088.0 419.0
1 738.0 420.0
1 743.0 420.0
1 748.0 420.0
1 759.0 420.0
1 768.0 420.0
1 776.0 420.0
1 784.0 420.0
1 795.0 420.0
1 816.0 420.0
1 824.0 420.0
1 829.0 420.0
1 838.0 420.0
1 967.0 420.0
1 1050.0 420.0
1 1063.0 420.0
1 851.0 421.0
1 1004.0 421.0
1 1034.0 421.0
1 646.0 422.0
1 730.0 423.0
1 955.0 423.0
1 671.0 424.0
1 676.0 425.0
1 716.0 425.0
1 1064.0 427.0
1 625.0 428.0
1 784.0 428.0
1 802.0 428.0
1 807.0 428.0
1 980.0 428.0
1 1049.0 428.0
1 682.0 429.0
1 704.0 429.0
1 992.0 429.0
1 1015.0 429.0
1 1032.0 429.0
1 946.0 430.0
1 728.0 431.0
1 712.0 432.0
1 591.0 433.0
1 834.0 433.0
1 852.0 433.0
1 955.0 433.0
1 966.0 433.0
1 1103.0 433.0
1 596.0 434.0
1 605.0 434.0
1 748.0 434.0
1 817.0 434.0
1 871.0 434.0
1 646.0 435.0
1 682.0 435.0
1 734.0 435.0
1 764.0 435.0
1 775.0 435.0
1 797.0 435.0
1 826.0 435.0
1 784.0 436.0
1 841.0 437.0
1 1085.0 437.0
1 909.0 438.0
1 1043.0 440.0
1 930.0 441.0
1 886.0 442.0
1 935.0 442.0
1 1003.0 442.0
1 681.0 443.0
1 710.0 443.0
1 1008.0 443.0
1 588.0 444.0
1 724.0 444.0
1 1106.0 444.0
1 603.0 445.0
1 871.0 445.0
1 963.0 445.0
1 859.0 446.0
1 1039.0 446.0
1 878.0 448.0
1 726.0 449.0
1 854.0 449.0
1 1086.0 450.0
1 1043.0 451.0
1 706.0 452.0
1 1025.0 452.0
1 1101.0 453.0
1 727.0 455.0
1 897.0 455.0
1 917.0 455.0
1 986.0 455.0
1 653.0 456.0
1 791.0 456.0
1 877.0 456.0
1 1003.0 456.0
1 640.0 457.0
1 700.0 457.0
1 860.0 457.0
1 1039.0 457.0
1 721.0 460.0
1 679.0 461.0
1 756.0 461.0
1 908.0 461.0
1 746.0 462.0
1 765.0 462.0
1 783.0 462.0
1 956.0 462.0
1 962.0 462.0
1 967.0 462.0
1 634.0 463.0
1 729.0 463.0
1 738.0 463.0
1 774.0 463.0
1 951.0 463.0
1 1041.0 463.0
1 688.0 464.0
1 975.0 464.0
1 614.0 465.0
1 870.0 465.0
1 858.0 466.0
1 878.0 466.0
1 900.0 466.0
1 980.0 466.0
1 1016.0 466.0
1 670.0 467.0
1 708.0 467.0
1 769.0 467.0
1 787.0 467.0
1 792.0 467.0
1 1107.0 467.0
1 1006.0 468.0
1 1100.0 468.0
1 732.0 469.0
1 741.0 469.0
1 750.0 470.0
1 801.0 470.0
1 987.0 470.0
1 603.0 471.0
1 677.0 471.0
1 697.0 471.0
1 759.0 471.0
1 904.0 471.0
1 589.0 472.0
1 780.0 472.0
1 810.0 472.0
1 887.0 472.0
1 920.0 472.0
1 768.0 473.0
1 938.0 473.0
1 732.0 474.0
1 1103.0 474.0
1 854.0 475.0
1 992.0 475.0
1 820.0 476.0
1 869.0 476.0
1 632.0 477.0
1 640.0 477.0
1 645.0 477.0
1 660.0 477.0
1 665.0 478.0
1 655.0 479.0
1 732.0 479.0
1 1105.0 479.0
1 786.0 480.0
1 995.0 480.0
1 694.0 481.0
1 933.0 481.0
1 599.0 482.0
1 921.0 482.0
1 928.0 482.0
1 1015.0 482.0
1 584.0 483.0
1 761.0 483.0
1 607.0 484.0
1 795.0 484.0
1 853.0 484.0
1 612.0 485.0
1 776.0 485.0
1 676.0 486.0
1 998.0 486.0
1 727.0 487.0
1 667.0 489.0
1 803.0 489.0
1 877.0 490.0
1 922.0 490.0
1 846.0 491.0
1 930.0 491.0
1 1000.0 491.0
1 583.0 492.0
1 864.0 493.0
1 597.0 494.0
1 811.0 494.0
1 792.0 495.0
1 797.0 496.0
1 909.0 496.0
1 1001.0 496.0
1 1100.0 496.0
1 612.0 497.0
1 656.0 498.0
1 928.0 499.0
1 819.0 500.0
1 1038.0 500.0
1 1093.0 500.0
1 1017.0 501.0
1 1029.0 501.0
1 1088.0 501.0
1 1000.0 503.0
1 928.0 504.0
1 1104.0 504.0
1 579.0 505.0
1 876.0 505.0
1 747.0 507.0
1 827.0 507.0
1 1063.0 507.0
1 811.0 509.0
1 591.0 511.0
1 816.0 511.0
1 931.0 511.0
1 1055.0 511.0
1 600.0 512.0
1 1000.0 512.0
1 835.0 513.0
1 1077.0 513.0
1 1102.0 514.0
1 699.0 515.0
1 1067.0 515.0
1 719.0 516.0
1 884.0 516.0
1 1092.0 516.0
1 709.0 517.0
1 1039.0 517.0
1 728.0 518.0
1 681.0 519.0
1 936.0 520.0
1 996.0 520.0
1 691.0 521.0
1 1068.0 522.0
1 609.0 524.0
1 1017.0 524.0
1 1052.0 524.0
1 1080.0 524.0
1 702.0 526.0
1 714.0 526.0
1 730.0 527.0
1 756.0 527.0
1 992.0 527.0
1 1068.0 527.0
1 634.0 528.0
1 943.0 528.0
1 675.0 529.0
1 696.0 529.0
1 1080.0 529.0
1 890.0 530.0
1 929.0 530.0
1 688.0 531.0
1 1093.0 531.0
1 607.0 532.0
1 984.0 532.0
1 1088.0 533.0
1 679.0 534.0
1 753.0 534.0
1 953.0 534.0
1 629.0 535.0
1 958.0 535.0
1 978.0 535.0
1 1058.0 535.0
1 1101.0 535.0
1 664.0 536.0
1 968.0 536.0
1 973.0 536.0
1 1072.0 536.0
1 1046.0 538.0
1 650.0 539.0
1 764.0 539.0
1 780.0 543.0
1 1043.0 543.0
1 1096.0 544.0
1 657.0 545.0
1 772.0 545.0
1 1018.0 546.0
1 747.0 548.0
1 1041.0 548.0
1 722.0 551.0
1 777.0 551.0
1 789.0 551.0
1 663.0 552.0
1 695.0 552.0
1 903.0 553.0
1 1040.0 553.0
1 706.0 554.0
1 737.0 556.0
1 1079.0 556.0
1 1103.0 556.0
1 621.0 557.0
1 865.0 557.0
1 892.0 557.0
1 760.0 558.0
1 592.0 559.0
1 785.0 559.0
1 939.0 559.0
1 976.0 560.0
1 1095.0 561.0
1 636.0 562.0
1 1040.0 562.0
1 796.0 563.0
1 1009.0 563.0
1 959.0 564.0
1 971.0 564.0
1 642.0 565.0
1 990.0 565.0
1 777.0 566.0
1 999.0 566.0
1 733.0 567.0
1 745.0 567.0
1 1091.0 567.0
1 652.0 569.0
1 907.0 569.0
1 770.0 574.0
1 615.0 575.0
1 743.0 575.0
1 760.0 575.0
1 796.0 575.0
1 893.0 575.0
1 1048.0 577.0
1 638.0 578.0
1 749.0 578.0
1 815.0 578.0
1 730.0 579.0
1 648.0 581.0
1 808.0 581.0
1 909.0 581.0
1 1080.0 582.0
1 1057.0 583.0
1 1064.0 584.0
1 1073.0 584.0
1 718.0 585.0
1 802.0 586.0
1 593.0 587.0
1 637.0 587.0
1 729.0 588.0
1 612.0 589.0
1 797.0 589.0
1 911.0 589.0
1 692.0 590.0
1 21.0 591.0
1 758.0 591.0
1 728.0 593.0
1 738.0 595.0
1 626.0 596.0
1 634.0 596.0
1 645.0 597.0
1 719.0 599.0
1 712.0 601.0
1 1040.0 601.0
1 751.0 605.0
1 684.0 606.0
1 735.0 606.0
1 1070.0 607.0
1 812.0 611.0
1 594.0 614.0
1 611.0 615.0
1 729.0 615.0
1 764.0 616.0
1 755.0 619.0
1 645.0 620.0
1 637.0 622.0
1 811.0 622.0
1 627.0 624.0
1 594.0 625.0
1 819.0 625.0
1 767.0 626.0
1 736.0 627.0
1 724.0 629.0
1 811.0 633.0
1 701.0 634.0
1 819.0 635.0
1 640.0 639.0
1 800.0 640.0
1 614.0 641.0
1 756.0 641.0
1 649.0 643.0
1 745.0 647.0
1 640.0 648.0
1 595.0 649.0
1 712.0 649.0
1 634.0 651.0
1 683.0 654.0
1 655.0 655.0
1 609.0 656.0
1 753.0 656.0
1 619.0 657.0
1 817.0 657.0
1 808.0 658.0
1 646.0 659.0
1 761.0 659.0
1 793.0 659.0
1 745.0 661.0
1 772.0 661.0
1 640.0 663.0
1 729.0 663.0
1 717.0 665.0
1 787.0 665.0
1 597.0 666.0
1 814.0 667.0
1 1100.0 670.0
1 611.0 672.0
1 699.0 672.0
1 806.0 672.0
1 887.0 673.0
1 778.0 674.0
1 627.0 675.0
1 668.0 675.0
1 801.0 676.0
1 874.0 677.0
1 717.0 678.0
1 771.0 678.0
1 810.0 678.0
1 595.0 679.0
1 722.0 679.0
1 847.0 679.0
1 727.0 680.0
1 890.0 680.0
1 799.0 682.0
1 661.0 683.0
1 1099.0 684.0
1 752.0 687.0
1 654.0 688.0
1 794.0 688.0
1 805.0 688.0
1 884.0 688.0
1 611.0 689.0
1 665.0 689.0
1 670.0 689.0
1 1100.0 689.0
1 596.0 691.0
1 879.0 692.0
1 636.0 693.0
1 675.0 694.0
1 683.0 694.0
1 1071.0 695.0
1 1085.0 695.0
1 786.0 696.0
1 1038.0 696.0
1 1052.0 696.0
1 799.0 697.0
1 1100.0 698.0
1 838.0 699.0
1 927.0 699.0
1 690.0 700.0
1 676.0 701.0
1 614.0 703.0
1 792.0 704.0
1 199.0 705.0
1 684.0 706.0
1 700.0 706.0
1 597.0 708.0
1 649.0 708.0
1 770.0 708.0
1 695.0 710.0
1 716.0 710.0
1 690.0 711.0
1 760.0 712.0
1 912.0 712.0
1 1083.0 712.0
1 169.0 713.0
1 750.0 713.0
1 1039.0 713.0
1 1098.0 713.0
1 731.0 714.0
1 331.0 716.0
1 702.0 718.0
1 771.0 719.0
1 597.0 720.0
1 689.0 720.0
1 622.0 721.0
1 763.0 721.0
1 798.0 721.0
1 729.0 723.0
1 756.0 723.0
1 1100.0 723.0
1 818.0 725.0
1 715.0 727.0
1 750.0 728.0
1 597.0 729.0
1 1100.0 729.0
1 740.0 730.0
1 1036.0 732.0
1 1082.0 732.0
1 597.0 734.0
1 101.0 736.0
1 259.0 738.0
1 342.0 738.0
1 422.0 739.0
1 598.0 739.0
1 274.0 741.0
1 296.0 741.0
1 1036.0 742.0
1 1080.0 742.0
1 701.0 744.0
1 436.0 745.0
1 425.0 747.0
1 1097.0 747.0
1 693.0 754.0
1 1037.0 755.0
1 128.0 756.0
1 1079.0 756.0
1 1097.0 758.0
1 1175.0 758.0
1 597.0 759.0
1 414.0 761.0
1 275.0 762.0
1 1165.0 769.0
1 1097.0 773.0
1 599.0 774.0
1 413.0 775.0
1 1095.0 789.0
1 863.0 797.0
1 703.0 800.0
1 1094.0 800.0
1 1095.0 812.0
1 542.0 815.0
1 1416.0 817.0
1 816.0 819.0
1 598.0 821.0
1 644.0 832.0
1 931.0 835.0
1 1091.0 837.0
1 618.0 844.0
1 729.0 846.0
1 734.0 846.0
1 730.0 851.0
1 620.0 855.0
1 636.0 855.0
1 75.0 858.0
1 223.0 861.0
1 729.0 861.0
1 966.0 869.0
1 730.0 877.0
1 615.0 882.0
1 736.0 893.0
1 739.0 898.0
1 744.0 904.0
1 618.0 905.0
