0 107 2 326.6665362120196
0 34 8 495.4940656363918
0 102 13 237.4630715849872
0 176 14 302.57474683113975
0 153 15 332.3003705526282
0 110 16 350.2147822050931
0 61 17 293.3108179633561
0 203 18 150.3153338033483
0 274 19 132.20503849396783
0 171 20 183.8514190194622
0 116 21 229.8967115615167
0 240 22 134.19095422081386
0 21 23 452.02285842378825
0 52 25 432.30002580574006
0 316 27 112.79038005976192
0 211 29 421.28021509446637
0 125 30 127.86529815392231
0 136 32 477.4322064670642
0 143 33 138.419010740474
0 214 35 391.14690924596954
0 224 36 393.7262754048978
0 137 37 425.2550115798564
0 139 38 152.22424919125388
0 277 39 108.79599460546898
0 306 40 176.541301893525
0 319 41 184.35198479931583
0 247 42 186.231955646795
0 227 43 479.22997415356383
0 261 44 219.6214161439102
0 288 45 179.4143001098373
0 289 46 197.6520273474219
0 292 47 244.5844777961935
0 311 48 217.78890701934074
0 315 50 215.8162304142089
0 340 51 235.6694963638998
0 332 52 182.9871379487337
0 334 53 212.59780028672517
0 338 54 197.68519124031513
0 343 55 143.84674881124545
0 232 56 309.48996886877586
0 267 57 155.9617099735193
0 147 58 290.26184648240456
0 359 59 108.14867224509035
0 166 60 307.1260115742381
0 354 61 110.99953005930065
0 172 62 297.543334943077
0 104 63 190.42029259221593
0 314 64 194.2932464249843
0 241 65 233.34986618405208
0 164 66 108.81996621221495
0 165 68 141.5409312255927
0 275 69 327.3694785405211
0 287 70 142.3432500880248
0 346 71 140.09339049446393
0 262 72 402.52085124494477
0 279 73 332.26233235965105
0 259 74 365.0580196950803
0 281 75 191.41056026884982
0 298 76 312.66368530824803
0 111 78 140.04062853785427
0 145 80 216.6927330921592
0 374 81 107.14839929300976
0 226 82 273.68401477225405
0 159 83 126.18408213224211
0 304 84 181.45597264427172
0 313 85 191.2459782378854
0 371 86 112.55618260393703
0 324 87 167.6232435104653
0 328 88 176.72946308833
0 339 89 159.5879322751665
0 367 90 128.36459022253453
0 378 91 107.74373825049979
0 348 92 198.90512891677236
0 351 93 286.4947071650931
0 364 94 201.95749509723404
0 373 95 135.1308123039704
0 385 96 151.60534502038834
0 270 99 223.061869987463
0 179 100 115.89161934849122
0 347 101 122.01463444043989
0 388 102 302.13906916540043
0 297 103 495.86798501361244
0 188 105 108.21248460715447
0 264 107 221.1736395053194
0 327 108 133.8033657369857
0 161 109 238.8598996593475
0 335 110 196.17094492797006
0 402 111 143.38381970706047
0 405 112 284.6900266614538
0 303 114 221.25824251184284
0 317 115 150.47274489085822
0 355 118 238.18159206664058
0 369 120 179.00327284657632
0 196 124 142.71324177584808
0 194 127 109.18254582929931
0 341 128 343.4436615941296
0 372 129 177.31916573870444
0 419 130 251.01822510690056
0 206 131 165.18965107101616
0 223 134 151.11578524883208
0 478 135 335.7822553061099
0 205 137 196.22013564359483
0 477 139 274.7792741102115
0 201 141 112.2838653770128
0 370 142 322.409672357815
0 439 144 225.81094791461692
0 239 145 180.75094549077608
0 429 146 120.75654219673166
0 440 147 157.92051006811477
0 490 148 340.4331442107529
0 514 149 289.78335531538426
0 362 150 111.05649596343927
0 202 151 173.61543037072943
0 251 152 169.76613111641475
0 543 153 328.8865704876474
0 258 154 112.18886913778579
0 532 156 459.1446942609704
0 454 158 110.45328054923482
0 234 159 189.60502719780555
0 501 161 350.2495472409096
0 198 162 128.03991478666828
0 433 165 198.6244101841381
0 200 167 213.08760433404217
0 245 168 111.56284790210418
0 233 170 129.38055144694286
0 237 171 153.4521159555127
0 244 173 124.44334996562034
0 273 174 172.98310299460962
0 451 176 139.50836511389488
0 572 177 161.2884141381698
0 221 178 328.921066724123
0 238 179 179.1470672026167
0 513 181 308.86252076032184
0 521 183 305.35500087681277
0 243 185 113.88116639367078
0 542 186 219.06770700616565
0 530 187 273.7617872333551
0 271 189 118.39774354886335
0 286 191 124.2817500707442
0 489 194 307.8837936696809
0 755 196 157.0905228452485
0 242 200 265.2385883424264
0 249 201 181.88460466436885
0 308 204 197.32506077161963
0 309 205 142.14925861266246
0 457 206 186.04078872649694
0 312 207 214.0303597206096
0 466 209 230.5811196117458
0 272 211 119.5538802883223
0 276 213 149.9763287711986
0 559 214 343.45150086905807
0 474 215 212.75620421035518
0 285 216 110.86702221369325
0 604 219 278.8800029388657
0 509 222 168.0015661385622
0 505 224 114.76805856632278
0 282 225 234.71736731563917
0 624 226 280.3912725684117
0 655 229 482.71923635991163
0 536 230 165.91828859422134
0 686 231 272.9536467972897
0 300 232 150.50583015316823
0 623 233 298.72755309993283
0 647 234 237.61485177801305
0 284 236 129.5690996696907
0 653 237 411.1587846624333
0 556 238 157.5862126942199
0 774 239 475.3332772358325
0 667 241 176.55477115841254
0 673 242 380.14515435026874
0 696 243 279.1293247060628
0 546 244 137.2550168161206
0 704 246 409.6109002900712
0 721 247 336.4278130799292
0 661 248 224.42107845533883
0 535 249 111.01593859204328
0 733 250 223.06059473328767
0 682 251 182.64611038032078
0 361 252 109.64829864003092
0 573 256 412.0364825769963
0 694 258 213.10751197166243
0 598 261 264.0619562557104
0 672 263 258.02197795437667
0 730 264 479.1271584736868
0 684 265 211.72332961788513
0 637 266 210.44202730442936
0 700 268 397.53397992688946
0 600 269 222.0841930099513
0 383 270 127.21942797719163
0 706 272 200.40419561691795
0 748 275 205.75503288211786
0 711 276 327.3819673145209
0 754 278 498.8857138375517
0 689 279 424.453166546326
0 720 280 261.249241757079
0 746 281 274.021683971171
0 622 283 113.45157833072321
0 611 284 281.88682466149487
0 782 285 330.5613066391981
0 728 286 339.368596844117
0 397 287 159.63359248124706
0 756 290 475.40944632103657
0 810 291 224.94648087044334
0 760 292 376.4465558567852
0 762 293 290.79715214161365
0 524 294 359.58618008312146
0 778 295 496.17356535317566
0 783 297 339.2721748022926
0 787 298 143.05014765259068
0 662 300 180.27959794631977
0 425 301 203.0292685364836
0 814 304 428.56212132581265
0 687 305 136.17960768894727
0 688 307 176.9026357383642
0 416 308 214.12673262600651
0 587 309 385.8330247843415
0 732 312 106.09852167839288
0 652 313 136.6454141543996
0 717 314 145.80501591650227
0 422 315 222.4127140431332
0 763 317 179.21883088484913
0 727 318 188.10473992727054
0 769 320 469.565234427642
0 773 322 248.45270322301664
0 786 323 234.6123998405546
0 770 325 225.9227574152464
0 799 326 137.18605000108343
0 702 329 170.76491764060214
0 713 330 164.75715351777086
0 801 331 115.05852327712248
0 776 334 468.0290767375638
0 861 339 293.85481426055884
0 812 340 140.12980444973428
0 802 341 149.1899544174846
0 499 343 133.19816530761616
0 811 346 290.9730405510813
0 794 350 342.8140694379072
0 832 353 159.81753011031336
0 829 354 128.7727030252791
0 877 356 252.34817884708133
0 790 357 376.38693164246683
0 817 360 226.62730513858676
0 793 362 205.22943608137072
0 849 371 165.74891274677395
0 830 373 314.3886075745373
0 844 376 411.3890300531793
0 840 378 189.12284293165152
0 850 379 143.0998193043666
0 843 384 208.3130707598493
0 857 387 262.05172912943857
0 885 390 249.59216596854557
0 883 392 245.64363712179994
0 862 393 140.39593537368
0 892 394 335.3556824286339
0 865 397 266.9293763953272
0 601 398 128.81599911426224
0 853 399 462.9007114623634
0 863 402 450.5406545806581
0 880 403 271.8978026185445
0 663 404 451.261330727705
0 872 405 139.8595853517206
0 875 406 172.41817461686085
0 871 407 158.85777644585275
0 903 409 345.40326913180996
0 876 410 150.25678650036684
0 859 411 315.4626017009227
0 869 414 303.3910296906896
0 900 415 367.9120846829428
0 703 417 152.32815658519115
0 891 418 186.3595289675535
0 912 419 367.13504211483865
0 879 421 244.4151913368845
0 888 424 339.2650739929885
0 890 426 148.51608431412558
0 887 428 285.5530841148696
0 914 429 215.5132748597695
0 896 431 118.53902619504233
0 815 435 197.19487814731116
0 736 436 213.54572991681536
0 921 437 265.1852186710625
0 927 438 307.5307870520152
0 819 439 249.0578950091308
0 901 442 202.06826741006725
0 947 443 398.37347370690566
0 924 444 227.28291963145338
0 906 446 225.02199794080093
0 907 448 163.12351500640204
0 899 449 194.71135171018707
0 908 453 214.268294115814
0 936 454 225.97553819691026
0 910 456 225.88202854717866
0 911 457 152.05827535489476
0 918 459 129.6152060930183
0 930 460 339.4692636260443
0 851 461 242.95899010183305
0 932 462 242.23299649707326
0 916 463 182.9899321385169
0 926 466 184.4814167357029
0 940 467 267.31353042028485
0 923 469 147.270410518994
0 925 470 148.45894309601357
0 943 472 388.77869862194706
0 934 473 133.5427282674087
0 939 474 275.3608699958746
0 952 476 276.87655841109193
0 949 478 261.53142393585773
0 905 479 314.63606151311797
0 957 489 371.4003496789887
0 962 492 181.85962486474793
0 960 493 238.19567642860727
0 963 494 163.06564520222184
0 971 497 105.4190354279303
0 974 502 475.6720159351051
0 987 508 113.32905295432276
0 959 510 247.34864741381207
0 1098 527 292.28408350990736
0 1123 532 302.8224468377645
0 1173 533 358.7798349381665

0 926.0 134.0
0 923.0 373.0
0 928.0 373.0
0 837.0 374.0
0 933.0 374.0
0 935.0 384.0
0 949.0 396.0
0 811.0 401.0
0 768.0 403.0
0 1104.0 403.0
0 750.0 406.0
0 738.0 407.0
0 704.0 408.0
0 1027.0 408.0
0 1055.0 408.0
0 1088.0 408.0
0 789.0 409.0
0 728.0 414.0
0 801.0 414.0
0 936.0 416.0
0 1024.0 419.0
0 716.0 421.0
0 798.0 421.0
0 688.0 422.0
0 1114.0 422.0
0 658.0 423.0
0 728.0 424.0
0 934.0 424.0
0 672.0 426.0
0 1043.0 426.0
0 756.0 428.0
0 792.0 429.0
0 1105.0 429.0
0 771.0 430.0
0 1014.0 433.0
0 1028.0 433.0
0 1053.0 434.0
0 1123.0 434.0
0 690.0 435.0
0 807.0 435.0
0 851.0 435.0
0 873.0 435.0
0 1046.0 435.0
0 1058.0 435.0
0 1100.0 435.0
0 815.0 436.0
0 824.0 436.0
0 835.0 436.0
0 856.0 436.0
0 861.0 436.0
0 866.0 436.0
0 889.0 436.0
0 896.0 436.0
0 902.0 436.0
0 907.0 436.0
0 912.0 436.0
0 1071.0 436.0
0 1087.0 436.0
0 718.0 437.0
0 930.0 437.0
0 1001.0 437.0
0 920.0 438.0
0 786.0 439.0
0 657.0 440.0
0 840.0 440.0
0 1111.0 440.0
0 762.0 441.0
0 976.0 441.0
0 731.0 442.0
0 1099.0 442.0
0 802.0 443.0
0 880.0 443.0
0 1034.0 443.0
0 1054.0 443.0
0 1047.0 444.0
0 1070.0 444.0
0 1085.0 444.0
0 624.0 445.0
0 673.0 446.0
0 1012.0 446.0
0 643.0 447.0
0 924.0 447.0
0 1000.0 447.0
0 690.0 448.0
0 783.0 448.0
0 804.0 448.0
0 912.0 448.0
0 813.0 449.0
0 823.0 449.0
0 841.0 449.0
0 894.0 449.0
0 931.0 449.0
0 852.0 450.0
0 861.0 450.0
0 875.0 450.0
0 904.0 450.0
0 950.0 450.0
0 1122.0 450.0
0 1132.0 450.0
0 969.0 451.0
0 762.0 454.0
0 1096.0 454.0
0 962.0 455.0
0 1000.0 455.0
0 621.0 456.0
0 731.0 456.0
0 1046.0 456.0
0 1072.0 456.0
0 782.0 457.0
0 642.0 458.0
0 797.0 458.0
0 937.0 460.0
0 950.0 460.0
0 1075.0 461.0
0 971.0 462.0
0 983.0 462.0
0 818.0 463.0
0 1016.0 464.0
0 1095.0 464.0
0 775.0 465.0
0 1083.0 465.0
0 767.0 467.0
0 787.0 467.0
0 1137.0 467.0
0 698.0 468.0
0 964.0 468.0
0 1068.0 468.0
0 685.0 469.0
0 986.0 469.0
0 1094.0 469.0
0 976.0 470.0
0 704.0 472.0
0 764.0 472.0
0 1137.0 472.0
0 728.0 473.0
0 1039.0 474.0
0 1095.0 474.0
0 677.0 475.0
0 737.0 475.0
0 1034.0 475.0
0 1082.0 475.0
0 655.0 477.0
0 801.0 478.0
0 826.0 478.0
0 954.0 478.0
0 742.0 479.0
0 935.0 479.0
0 974.0 480.0
0 1017.0 480.0
0 1059.0 480.0
0 776.0 481.0
0 642.0 483.0
0 751.0 483.0
0 1064.0 483.0
0 729.0 484.0
0 834.0 484.0
0 844.0 484.0
0 853.0 484.0
0 962.0 484.0
0 713.0 485.0
0 863.0 485.0
0 1010.0 485.0
0 630.0 486.0
0 825.0 486.0
0 807.0 487.0
0 943.0 487.0
0 1068.0 488.0
0 621.0 489.0
0 703.0 489.0
0 797.0 489.0
0 676.0 490.0
0 684.0 490.0
0 1007.0 490.0
0 695.0 491.0
0 753.0 492.0
0 852.0 493.0
0 990.0 493.0
0 1071.0 493.0
0 620.0 494.0
0 646.0 495.0
0 782.0 495.0
0 868.0 495.0
0 890.0 495.0
0 1007.0 495.0
0 639.0 496.0
0 651.0 497.0
0 938.0 497.0
0 876.0 498.0
0 899.0 498.0
0 712.0 499.0
0 881.0 499.0
0 746.0 500.0
0 759.0 500.0
0 773.0 501.0
0 952.0 501.0
0 728.0 502.0
0 840.0 502.0
0 931.0 502.0
0 908.0 503.0
0 896.0 505.0
0 619.0 506.0
0 633.0 506.0
0 639.0 506.0
0 993.0 506.0
0 721.0 508.0
0 736.0 508.0
0 1134.0 508.0
0 728.0 509.0
0 904.0 509.0
0 1086.0 509.0
0 1094.0 509.0
0 649.0 510.0
0 1079.0 510.0
0 640.0 511.0
0 1004.0 511.0
0 1107.0 511.0
0 686.0 512.0
0 924.0 512.0
0 943.0 512.0
0 1074.0 512.0
0 698.0 513.0
0 912.0 514.0
0 994.0 514.0
0 631.0 516.0
0 1108.0 516.0
0 616.0 517.0
0 1075.0 517.0
0 1006.0 518.0
0 757.0 520.0
0 921.0 521.0
0 1128.0 521.0
0 871.0 522.0
0 623.0 523.0
0 1008.0 523.0
0 1073.0 523.0
0 967.0 524.0
0 637.0 525.0
0 779.0 525.0
0 1112.0 525.0
0 800.0 527.0
0 1009.0 528.0
0 1071.0 528.0
0 791.0 531.0
0 815.0 531.0
0 1136.0 531.0
0 825.0 532.0
0 830.0 532.0
0 835.0 532.0
0 966.0 532.0
0 1103.0 532.0
0 844.0 534.0
0 1064.0 534.0
0 699.0 535.0
0 783.0 535.0
0 862.0 535.0
0 1017.0 535.0
0 1141.0 535.0
0 652.0 536.0
0 804.0 536.0
0 1011.0 536.0
0 796.0 537.0
0 998.0 537.0
0 816.0 539.0
0 1023.0 539.0
0 827.0 540.0
0 1055.0 540.0
0 1124.0 540.0
0 772.0 541.0
0 1031.0 541.0
0 1135.0 541.0
0 719.0 542.0
0 736.0 542.0
0 1050.0 542.0
0 787.0 543.0
0 808.0 543.0
0 873.0 543.0
0 1039.0 543.0
0 1045.0 543.0
0 895.0 544.0
0 779.0 545.0
0 800.0 545.0
0 886.0 546.0
0 827.0 549.0
0 1099.0 549.0
0 1146.0 549.0
0 792.0 550.0
0 979.0 550.0
0 708.0 551.0
0 774.0 551.0
0 699.0 552.0
0 882.0 552.0
0 847.0 555.0
0 899.0 555.0
0 889.0 556.0
0 1083.0 556.0
0 825.0 557.0
0 1122.0 557.0
0 778.0 558.0
0 765.0 559.0
0 919.0 559.0
0 1097.0 559.0
0 708.0 562.0
0 895.0 562.0
0 906.0 562.0
0 809.0 564.0
0 1008.0 564.0
0 1013.0 564.0
0 1098.0 564.0
0 623.0 565.0
0 1135.0 565.0
0 713.0 566.0
0 771.0 566.0
0 1075.0 566.0
0 1143.0 566.0
0 1041.0 567.0
0 701.0 568.0
0 825.0 568.0
0 966.0 568.0
0 1057.0 568.0
0 645.0 570.0
0 903.0 570.0
0 850.0 573.0
0 917.0 574.0
0 887.0 576.0
0 792.0 577.0
0 988.0 578.0
0 748.0 579.0
0 911.0 579.0
0 921.0 580.0
0 1106.0 580.0
0 1133.0 581.0
0 758.0 582.0
0 805.0 582.0
0 1111.0 583.0
0 914.0 584.0
0 820.0 587.0
0 701.0 588.0
0 860.0 589.0
0 743.0 592.0
0 921.0 592.0
0 753.0 594.0
0 776.0 594.0
0 808.0 595.0
0 700.0 596.0
0 793.0 598.0
0 712.0 599.0
0 742.0 600.0
0 887.0 600.0
0 830.0 601.0
0 862.0 601.0
0 792.0 603.0
0 816.0 606.0
0 948.0 606.0
0 739.0 609.0
0 750.0 609.0
0 827.0 613.0
0 931.0 618.0
0 815.0 619.0
0 717.0 620.0
0 991.0 620.0
0 864.0 623.0
0 911.0 624.0
0 991.0 625.0
0 929.0 626.0
0 711.0 629.0
0 874.0 629.0
0 892.0 629.0
0 793.0 631.0
0 938.0 631.0
0 749.0 632.0
0 625.0 633.0
0 741.0 634.0
0 826.0 635.0
0 794.0 636.0
0 928.0 638.0
0 937.0 639.0
0 908.0 640.0
0 713.0 642.0
0 797.0 642.0
0 775.0 645.0
0 894.0 645.0
0 907.0 645.0
0 742.0 646.0
0 686.0 647.0
0 874.0 647.0
0 626.0 648.0
0 841.0 648.0
0 744.0 651.0
0 906.0 651.0
0 648.0 653.0
0 936.0 653.0
0 808.0 654.0
0 863.0 654.0
0 753.0 655.0
0 927.0 655.0
0 717.0 656.0
0 905.0 656.0
0 744.0 659.0
0 626.0 660.0
0 900.0 660.0
0 924.0 662.0
0 934.0 662.0
0 889.0 663.0
0 873.0 665.0
0 647.0 666.0
0 760.0 666.0
0 755.0 667.0
0 860.0 668.0
0 750.0 670.0
0 931.0 670.0
0 849.0 671.0
0 723.0 673.0
0 628.0 677.0
0 928.0 678.0
0 976.0 678.0
0 916.0 679.0
0 871.0 680.0
0 647.0 682.0
0 887.0 682.0
0 924.0 683.0
0 772.0 684.0
0 824.0 684.0
0 879.0 684.0
0 914.0 684.0
0 846.0 685.0
0 831.0 686.0
0 771.0 689.0
0 921.0 689.0
0 731.0 690.0
0 907.0 691.0
0 626.0 692.0
0 765.0 694.0
0 982.0 694.0
0 967.0 695.0
0 626.0 698.0
0 1127.0 698.0
0 647.0 699.0
0 897.0 699.0
0 914.0 699.0
0 1089.0 702.0
0 626.0 703.0
0 782.0 703.0
0 789.0 703.0
0 931.0 704.0
0 888.0 706.0
0 907.0 706.0
0 796.0 707.0
0 1129.0 707.0
0 782.0 708.0
0 744.0 709.0
0 976.0 709.0
0 881.0 710.0
0 1145.0 710.0
0 802.0 711.0
0 904.0 711.0
0 649.0 713.0
0 791.0 713.0
0 809.0 714.0
0 872.0 714.0
0 819.0 716.0
0 867.0 716.0
0 1126.0 716.0
0 860.0 717.0
0 797.0 718.0
0 1087.0 718.0
0 650.0 719.0
0 841.0 719.0
0 893.0 719.0
0 783.0 721.0
0 804.0 721.0
0 811.0 723.0
0 627.0 724.0
0 878.0 726.0
0 841.0 729.0
0 865.0 730.0
0 809.0 735.0
0 884.0 737.0
0 1124.0 738.0
0 833.0 739.0
0 239.0 742.0
0 627.0 744.0
0 627.0 749.0
0 873.0 749.0
0 213.0 751.0
0 770.0 751.0
0 1125.0 753.0
0 627.0 754.0
0 770.0 757.0
0 774.0 762.0
0 429.0 767.0
0 628.0 770.0
0 524.0 771.0
0 1439.0 772.0
0 382.0 773.0
0 415.0 773.0
0 1124.0 773.0
0 1176.0 778.0
0 1306.0 779.0
0 628.0 782.0
0 746.0 783.0
0 62.0 784.0
0 1122.0 784.0
0 1124.0 790.0
0 392.0 795.0
0 628.0 795.0
0 377.0 796.0
0 1122.0 796.0
0 814.0 798.0
0 948.0 799.0
0 438.0 803.0
0 532.0 803.0
0 146.0 807.0
0 1121.0 812.0
0 10.0 813.0
0 248.0 813.0
0 1107.0 814.0
0 42.0 816.0
0 56.0 816.0
0 1134.0 820.0
0 1121.0 823.0
0 31.0 826.0
0 881.0 837.0
0 626.0 840.0
0 1120.0 846.0
0 652.0 857.0
0 905.0 857.0
0 791.0 864.0
0 1036.0 866.0
0 647.0 874.0
0 713.0 878.0
0 788.0 879.0
0 647.0 892.0
0 1115.0 914.0
0 642.0 919.0
1 842.0 193.0
1 859.0 197.0
1 833.0 210.0
1 876.0 210.0
1 942.0 210.0
1 853.0 211.0
1 904.0 215.0
1 688.0 219.0
1 918.0 219.0
1 870.0 221.0
1 778.0 222.0
1 901.0 225.0
1 939.0 226.0
1 656.0 227.0
1 854.0 227.0
1 707.0 229.0
1 754.0 229.0
1 603.0 231.0
1 608.0 231.0
1 702.0 231.0
1 595.0 232.0
1 617.0 232.0
1 622.0 232.0
1 627.0 232.0
1 852.0 232.0
1 872.0 232.0
1 957.0 232.0
1 824.0 233.0
1 843.0 233.0
1 893.0 233.0
1 910.0 233.0
1 947.0 233.0
1 952.0 233.0
1 714.0 235.0
1 728.0 235.0
1 784.0 236.0
1 580.0 238.0
1 757.0 238.0
1 821.0 239.0
1 854.0 239.0
1 710.0 240.0
1 728.0 240.0
1 774.0 241.0
1 691.0 242.0
1 909.0 242.0
1 792.0 244.0
1 860.0 244.0
1 639.0 245.0
1 663.0 245.0
1 760.0 245.0
1 847.0 245.0
1 926.0 246.0
1 572.0 247.0
1 827.0 247.0
1 899.0 247.0
1 673.0 248.0
1 696.0 248.0
1 837.0 248.0
1 870.0 248.0
1 883.0 250.0
1 741.0 251.0
1 685.0 253.0
1 705.0 253.0
1 759.0 253.0
1 780.0 254.0
1 787.0 255.0
1 521.0 256.0
1 795.0 256.0
1 911.0 257.0
1 952.0 257.0
1 560.0 258.0
1 931.0 258.0
1 731.0 259.0
1 625.0 260.0
1 698.0 260.0
1 1247.0 260.0
1 675.0 261.0
1 716.0 262.0
1 745.0 262.0
1 553.0 263.0
1 590.0 264.0
1 609.0 265.0
1 663.0 265.0
1 802.0 266.0
1 976.0 266.0
1 570.0 267.0
1 552.0 268.0
1 645.0 268.0
1 685.0 268.0
1 784.0 268.0
1 638.0 269.0
1 758.0 270.0
1 610.0 272.0
1 727.0 272.0
1 668.0 273.0
1 710.0 276.0
1 768.0 276.0
1 1078.0 276.0
1 698.0 277.0
1 1124.0 277.0
1 647.0 278.0
1 785.0 278.0
1 1073.0 278.0
1 722.0 279.0
1 575.0 280.0
1 759.0 281.0
1 748.0 282.0
1 917.0 282.0
1 669.0 283.0
1 715.0 283.0
1 737.0 283.0
1 593.0 285.0
1 629.0 285.0
1 1157.0 286.0
1 609.0 288.0
1 1148.0 288.0
1 646.0 289.0
1 527.0 290.0
1 659.0 290.0
1 989.0 290.0
1 769.0 291.0
1 947.0 291.0
1 690.0 292.0
1 685.0 293.0
1 1139.0 293.0
1 696.0 294.0
1 760.0 294.0
1 527.0 295.0
1 718.0 295.0
1 1002.0 295.0
1 948.0 296.0
1 1027.0 296.0
1 749.0 297.0
1 738.0 298.0
1 1055.0 298.0
1 1080.0 299.0
1 1145.0 300.0
1 1167.0 300.0
1 528.0 301.0
1 612.0 301.0
1 670.0 301.0
1 659.0 302.0
1 772.0 303.0
1 716.0 304.0
1 765.0 304.0
1 555.0 305.0
1 947.0 306.0
1 644.0 307.0
1 740.0 307.0
1 996.0 307.0
1 1052.0 307.0
1 1064.0 307.0
1 1040.0 308.0
1 1149.0 308.0
1 1020.0 309.0
1 554.0 310.0
1 666.0 312.0
1 763.0 312.0
1 956.0 312.0
1 613.0 313.0
1 1033.0 314.0
1 554.0 316.0
1 1170.0 316.0
1 1067.0 317.0
1 707.0 318.0
1 666.0 319.0
1 1019.0 321.0
1 1170.0 321.0
1 687.0 322.0
1 698.0 324.0
1 1031.0 324.0
1 1055.0 324.0
1 759.0 325.0
1 1042.0 325.0
1 982.0 326.0
1 1062.0 327.0
1 1086.0 328.0
1 1004.0 329.0
1 1167.0 329.0
1 707.0 330.0
1 1091.0 330.0
1 813.0 331.0
1 1150.0 331.0
1 1036.0 332.0
1 1053.0 332.0
1 1096.0 332.0
1 1144.0 332.0
1 1184.0 332.0
1 666.0 333.0
1 1139.0 333.0
1 1016.0 334.0
1 1118.0 334.0
1 681.0 335.0
1 1085.0 336.0
1 611.0 337.0
1 1047.0 337.0
1 623.0 338.0
1 701.0 338.0
1 546.0 339.0
1 1091.0 339.0
1 535.0 341.0
1 573.0 341.0
1 556.0 342.0
1 753.0 342.0
1 585.0 343.0
1 598.0 343.0
1 634.0 343.0
1 1013.0 343.0
1 1170.0 343.0
1 606.0 344.0
1 945.0 344.0
1 1072.0 345.0
1 740.0 346.0
1 958.0 346.0
1 1053.0 346.0
1 978.0 347.0
1 1033.0 347.0
1 636.0 348.0
1 993.0 348.0
1 1079.0 348.0
1 622.0 349.0
1 532.0 350.0
1 659.0 350.0
1 673.0 350.0
1 1084.0 350.0
1 747.0 351.0
1 1013.0 352.0
1 1089.0 352.0
1 1183.0 352.0
1 1094.0 353.0
1 942.0 354.0
1 1047.0 354.0
1 1102.0 355.0
1 600.0 356.0
1 649.0 356.0
1 1024.0 356.0
1 608.0 357.0
1 613.0 357.0
1 562.0 358.0
1 684.0 358.0
1 750.0 359.0
1 1159.0 359.0
1 531.0 360.0
1 573.0 360.0
1 624.0 360.0
1 635.0 360.0
1 1044.0 360.0
1 1063.0 360.0
1 1078.0 361.0
1 549.0 362.0
1 646.0 362.0
1 693.0 363.0
1 1154.0 363.0
1 679.0 364.0
1 539.0 366.0
1 726.0 366.0
1 953.0 366.0
1 698.0 367.0
1 665.0 368.0
1 1070.0 368.0
1 1088.0 368.0
1 1144.0 368.0
1 1059.0 369.0
1 1078.0 369.0
1 1107.0 369.0
1 1165.0 369.0
1 686.0 370.0
1 1128.0 370.0
1 944.0 371.0
1 951.0 371.0
1 973.0 371.0
1 645.0 372.0
1 570.0 373.0
1 696.0 373.0
1 932.0 373.0
1 1145.0 373.0
1 559.0 375.0
1 763.0 376.0
1 972.0 376.0
1 1077.0 376.0
1 863.0 378.0
1 1095.0 378.0
1 533.0 379.0
1 1085.0 379.0
1 559.0 380.0
1 616.0 380.0
1 689.0 380.0
1 751.0 380.0
1 779.0 380.0
1 788.0 380.0
1 1144.0 381.0
1 1164.0 381.0
1 795.0 382.0
1 884.0 382.0
1 1105.0 382.0
1 758.0 383.0
1 800.0 383.0
1 1039.0 383.0
1 1126.0 383.0
1 1154.0 383.0
1 544.0 384.0
1 712.0 384.0
1 807.0 384.0
1 972.0 384.0
1 731.0 385.0
1 770.0 385.0
1 816.0 386.0
1 906.0 386.0
1 662.0 387.0
1 680.0 387.0
1 721.0 387.0
1 825.0 388.0
1 667.0 389.0
1 755.0 389.0
1 803.0 389.0
1 835.0 389.0
1 926.0 389.0
1 999.0 389.0
1 1139.0 390.0
1 845.0 391.0
1 762.0 392.0
1 1181.0 392.0
1 808.0 393.0
1 707.0 394.0
1 767.0 394.0
1 787.0 394.0
1 1160.0 394.0
1 730.0 395.0
1 779.0 395.0
1 822.0 395.0
1 855.0 395.0
1 986.0 395.0
1 871.0 396.0
1 830.0 397.0
1 880.0 397.0
1 745.0 398.0
1 798.0 398.0
1 837.0 398.0
1 888.0 398.0
1 803.0 399.0
1 862.0 399.0
1 995.0 399.0
1 1007.0 399.0
1 897.0 400.0
1 547.0 401.0
1 712.0 401.0
1 853.0 401.0
1 1134.0 401.0
1 816.0 402.0
1 749.0 403.0
1 824.0 404.0
1 829.0 404.0
1 863.0 404.0
1 870.0 404.0
1 907.0 404.0
1 1124.0 405.0
1 835.0 406.0
1 1046.0 406.0
1 844.0 407.0
1 922.0 407.0
1 983.0 407.0
1 634.0 408.0
1 721.0 408.0
1 1183.0 408.0
1 853.0 409.0
1 879.0 409.0
1 993.0 409.0
1 872.0 410.0
1 1003.0 411.0
1 1120.0 411.0
1 752.0 413.0
1 895.0 413.0
1 1132.0 413.0
1 882.0 414.0
1 913.0 414.0
1 700.0 416.0
1 1064.0 417.0
1 1103.0 417.0
1 922.0 418.0
1 1040.0 418.0
1 764.0 419.0
1 905.0 419.0
1 956.0 419.0
1 660.0 420.0
1 670.0 423.0
1 948.0 423.0
1 1063.0 423.0
1 681.0 424.0
1 962.0 424.0
1 991.0 424.0
1 1117.0 425.0
1 692.0 426.0
1 772.0 426.0
1 722.0 428.0
1 831.0 428.0
1 766.0 429.0
1 1063.0 429.0
1 646.0 430.0
1 705.0 430.0
1 837.0 430.0
1 976.0 430.0
1 1036.0 430.0
1 927.0 431.0
1 934.0 432.0
1 913.0 433.0
1 939.0 433.0
1 947.0 435.0
1 829.0 436.0
1 1040.0 437.0
1 786.0 438.0
1 801.0 438.0
1 806.0 438.0
1 1070.0 438.0
1 851.0 439.0
1 777.0 440.0
1 1102.0 440.0
1 555.0 441.0
1 719.0 441.0
1 816.0 441.0
1 970.0 441.0
1 997.0 441.0
1 1058.0 441.0
1 637.0 442.0
1 664.0 442.0
1 877.0 442.0
1 653.0 443.0
1 834.0 443.0
1 840.0 443.0
1 798.0 444.0
1 923.0 444.0
1 827.0 445.0
1 1020.0 445.0
1 784.0 446.0
1 935.0 446.0
1 1107.0 446.0
1 815.0 447.0
1 845.0 447.0
1 856.0 447.0
1 886.0 447.0
1 942.0 447.0
1 979.0 447.0
1 1094.0 447.0
1 711.0 448.0
1 861.0 448.0
1 1045.0 449.0
1 1079.0 449.0
1 695.0 450.0
1 827.0 450.0
1 839.0 451.0
1 895.0 451.0
1 951.0 451.0
1 992.0 451.0
1 792.0 452.0
1 814.0 452.0
1 959.0 452.0
1 1061.0 452.0
1 1012.0 453.0
1 1169.0 453.0
1 763.0 454.0
1 809.0 454.0
1 872.0 454.0
1 755.0 455.0
1 825.0 455.0
1 854.0 455.0
1 849.0 456.0
1 904.0 456.0
1 1113.0 456.0
1 799.0 457.0
1 834.0 457.0
1 839.0 457.0
1 844.0 457.0
1 883.0 457.0
1 920.0 457.0
1 1100.0 457.0
1 1149.0 457.0
1 1006.0 458.0
1 1040.0 459.0
1 1045.0 459.0
1 1050.0 459.0
1 1032.0 460.0
1 1056.0 460.0
1 755.0 461.0
1 1086.0 461.0
1 1092.0 461.0
1 835.0 462.0
1 695.0 463.0
1 818.0 463.0
1 860.0 463.0
1 871.0 463.0
1 941.0 464.0
1 1023.0 464.0
1 1066.0 464.0
1 777.0 465.0
1 783.0 465.0
1 788.0 465.0
1 794.0 465.0
1 799.0 465.0
1 830.0 465.0
1 880.0 465.0
1 641.0 466.0
1 768.0 466.0
1 1016.0 466.0
1 1071.0 466.0
1 685.0 467.0
1 757.0 467.0
1 1131.0 467.0
1 747.0 468.0
1 810.0 468.0
1 955.0 468.0
1 996.0 468.0
1 1002.0 468.0
1 718.0 469.0
1 835.0 469.0
1 844.0 469.0
1 1076.0 469.0
1 668.0 470.0
1 737.0 470.0
1 918.0 470.0
1 980.0 470.0
1 767.0 471.0
1 823.0 471.0
1 1012.0 471.0
1 728.0 472.0
1 1081.0 472.0
1 1107.0 472.0
1 779.0 473.0
1 790.0 473.0
1 719.0 474.0
1 802.0 474.0
1 835.0 474.0
1 857.0 474.0
1 739.0 476.0
1 814.0 476.0
1 867.0 476.0
1 885.0 476.0
1 1125.0 476.0
1 1147.0 476.0
1 693.0 477.0
1 729.0 477.0
1 846.0 477.0
1 872.0 477.0
1 877.0 477.0
1 923.0 477.0
1 1086.0 477.0
1 711.0 478.0
1 826.0 478.0
1 1162.0 478.0
1 760.0 479.0
1 771.0 479.0
1 720.0 480.0
1 749.0 480.0
1 782.0 480.0
1 794.0 480.0
1 739.0 481.0
1 838.0 481.0
1 857.0 481.0
1 1142.0 481.0
1 695.0 482.0
1 805.0 482.0
1 1005.0 482.0
1 935.0 483.0
1 1106.0 483.0
1 690.0 484.0
1 730.0 484.0
1 871.0 484.0
1 880.0 484.0
1 924.0 484.0
1 817.0 485.0
1 712.0 486.0
1 720.0 486.0
1 740.0 486.0
1 916.0 486.0
1 1091.0 486.0
1 1170.0 486.0
1 774.0 487.0
1 829.0 487.0
1 849.0 487.0
1 891.0 487.0
1 1005.0 487.0
1 751.0 488.0
1 762.0 488.0
1 785.0 488.0
1 905.0 488.0
1 941.0 488.0
1 704.0 489.0
1 731.0 489.0
1 797.0 489.0
1 1149.0 489.0
1 721.0 491.0
1 808.0 491.0
1 841.0 491.0
1 879.0 491.0
1 933.0 491.0
1 712.0 492.0
1 1005.0 492.0
1 699.0 493.0
1 770.0 493.0
1 861.0 493.0
1 994.0 493.0
1 1138.0 493.0
1 1157.0 493.0
1 565.0 494.0
1 704.0 494.0
1 820.0 494.0
1 1095.0 494.0
1 687.0 495.0
1 743.0 495.0
1 754.0 495.0
1 759.0 495.0
1 852.0 495.0
1 892.0 495.0
1 1166.0 495.0
1 765.0 496.0
1 776.0 496.0
1 788.0 496.0
1 722.0 497.0
1 732.0 497.0
1 831.0 497.0
1 939.0 497.0
1 697.0 498.0
1 713.0 498.0
1 903.0 498.0
1 1124.0 498.0
1 1008.0 499.0
1 1095.0 499.0
1 704.0 500.0
1 749.0 500.0
1 798.0 500.0
1 851.0 500.0
1 773.0 501.0
1 786.0 501.0
1 844.0 501.0
1 944.0 501.0
1 953.0 501.0
1 722.0 502.0
1 810.0 502.0
1 831.0 502.0
1 1146.0 502.0
1 713.0 503.0
1 761.0 503.0
1 914.0 503.0
1 696.0 504.0
1 744.0 504.0
1 755.0 504.0
1 766.0 504.0
1 779.0 504.0
1 823.0 504.0
1 1093.0 504.0
1 863.0 505.0
1 733.0 506.0
1 790.0 506.0
1 855.0 506.0
1 1166.0 507.0
1 723.0 508.0
1 835.0 508.0
1 913.0 508.0
1 925.0 508.0
1 690.0 509.0
1 802.0 509.0
1 951.0 509.0
1 714.0 510.0
1 959.0 510.0
1 1114.0 510.0
1 589.0 511.0
1 867.0 511.0
1 874.0 511.0
1 936.0 511.0
1 1088.0 511.0
1 807.0 512.0
1 846.0 512.0
1 705.0 513.0
1 814.0 513.0
1 1018.0 513.0
1 742.0 514.0
1 779.0 515.0
1 923.0 515.0
1 825.0 516.0
1 697.0 517.0
1 793.0 517.0
1 858.0 517.0
1 878.0 517.0
1 956.0 517.0
1 1082.0 517.0
1 676.0 518.0
1 1077.0 519.0
1 689.0 520.0
1 838.0 520.0
1 1001.0 520.0
1 1111.0 520.0
1 736.0 522.0
1 895.0 522.0
1 931.0 522.0
1 949.0 522.0
1 682.0 523.0
1 750.0 523.0
1 869.0 523.0
1 763.0 524.0
1 770.0 524.0
1 848.0 524.0
1 888.0 524.0
1 1031.0 524.0
1 1146.0 524.0
1 1112.0 525.0
1 591.0 526.0
1 781.0 526.0
1 1036.0 526.0
1 1060.0 526.0
1 1024.0 527.0
1 665.0 528.0
1 794.0 528.0
1 970.0 528.0
1 1046.0 528.0
1 716.0 529.0
1 1145.0 529.0
1 703.0 530.0
1 754.0 530.0
1 861.0 530.0
1 1041.0 530.0
1 734.0 531.0
1 745.0 531.0
1 761.0 532.0
1 800.0 532.0
1 815.0 532.0
1 773.0 533.0
1 897.0 534.0
1 944.0 534.0
1 872.0 535.0
1 1060.0 535.0
1 973.0 536.0
1 752.0 537.0
1 792.0 537.0
1 1070.0 537.0
1 1084.0 537.0
1 831.0 538.0
1 694.0 539.0
1 945.0 539.0
1 592.0 540.0
1 658.0 541.0
1 811.0 541.0
1 882.0 541.0
1 665.0 542.0
1 816.0 542.0
1 845.0 543.0
1 657.0 546.0
1 675.0 546.0
1 828.0 547.0
1 850.0 547.0
1 892.0 547.0
1 845.0 548.0
1 810.0 549.0
1 931.0 551.0
1 655.0 552.0
1 963.0 552.0
1 708.0 553.0
1 865.0 553.0
1 794.0 554.0
1 846.0 554.0
1 762.0 556.0
1 839.0 556.0
1 653.0 557.0
1 874.0 559.0
1 665.0 562.0
1 863.0 563.0
1 959.0 563.0
1 977.0 563.0
1 838.0 564.0
1 914.0 564.0
1 1133.0 566.0
1 885.0 567.0
1 871.0 568.0
1 977.0 568.0
1 829.0 569.0
1 650.0 572.0
1 896.0 573.0
1 736.0 575.0
1 846.0 575.0
1 885.0 576.0
1 764.0 577.0
1 769.0 577.0
1 908.0 579.0
1 893.0 582.0
1 646.0 584.0
1 732.0 585.0
1 718.0 586.0
1 789.0 586.0
1 799.0 589.0
1 855.0 589.0
1 705.0 591.0
1 654.0 592.0
1 684.0 592.0
1 762.0 592.0
1 643.0 593.0
1 935.0 593.0
1 971.0 594.0
1 740.0 595.0
1 661.0 596.0
1 902.0 596.0
1 642.0 600.0
1 831.0 601.0
1 684.0 603.0
1 952.0 603.0
1 694.0 604.0
1 718.0 604.0
1 889.0 604.0
1 915.0 607.0
1 642.0 608.0
1 844.0 608.0
1 670.0 609.0
1 945.0 610.0
1 741.0 611.0
1 803.0 611.0
1 680.0 612.0
1 690.0 612.0
1 895.0 612.0
1 762.0 613.0
1 1115.0 613.0
1 853.0 614.0
1 831.0 615.0
1 815.0 616.0
1 1076.0 616.0
1 1264.0 616.0
1 644.0 618.0
1 770.0 618.0
1 921.0 618.0
1 174.0 619.0
1 863.0 620.0
1 904.0 621.0
1 18.0 623.0
1 646.0 623.0
1 687.0 623.0
1 744.0 623.0
1 137.0 624.0
1 677.0 624.0
1 667.0 625.0
1 122.0 627.0
1 863.0 628.0
1 735.0 629.0
1 873.0 629.0
1 781.0 630.0
1 105.0 631.0
1 749.0 635.0
1 878.0 635.0
1 650.0 636.0
1 836.0 636.0
1 870.0 637.0
1 435.0 638.0
1 826.0 638.0
1 938.0 638.0
1 547.0 640.0
1 684.0 640.0
1 722.0 640.0
1 1106.0 642.0
1 888.0 643.0
1 861.0 644.0
1 818.0 648.0
1 874.0 649.0
1 890.0 649.0
1 685.0 652.0
1 316.0 653.0
1 653.0 653.0
1 874.0 654.0
1 894.0 654.0
1 694.0 657.0
1 844.0 658.0
1 741.0 659.0
1 686.0 660.0
1 876.0 660.0
1 657.0 663.0
1 831.0 663.0
1 953.0 664.0
1 678.0 665.0
1 819.0 665.0
1 701.0 666.0
1 795.0 666.0
1 1216.0 666.0
1 696.0 667.0
1 803.0 667.0
1 895.0 670.0
1 459.0 671.0
1 782.0 672.0
1 829.0 672.0
1 663.0 673.0
1 1097.0 673.0
1 818.0 674.0
1 868.0 675.0
1 903.0 676.0
1 883.0 677.0
1 666.0 678.0
1 815.0 679.0
1 775.0 680.0
1 716.0 682.0
1 857.0 682.0
1 893.0 683.0
1 946.0 686.0
1 838.0 687.0
1 884.0 687.0
1 713.0 688.0
1 903.0 689.0
1 871.0 691.0
1 679.0 693.0
1 891.0 693.0
1 738.0 698.0
1 916.0 698.0
1 900.0 699.0
1 941.0 699.0
1 159.0 700.0
1 745.0 701.0
1 730.0 702.0
1 751.0 706.0
1 936.0 706.0
1 739.0 707.0
1 759.0 708.0
1 892.0 709.0
1 699.0 710.0
1 874.0 711.0
1 217.0 712.0
1 746.0 712.0
1 609.0 713.0
1 769.0 713.0
1 931.0 713.0
1 764.0 714.0
1 864.0 714.0
1 886.0 715.0
1 753.0 716.0
1 859.0 717.0
1 761.0 719.0
1 794.0 719.0
1 881.0 719.0
1 25.0 720.0
1 805.0 722.0
1 840.0 722.0
1 814.0 723.0
1 824.0 723.0
1 829.0 723.0
1 794.0 724.0
1 915.0 725.0
1 873.0 727.0
1 995.0 730.0
1 813.0 731.0
1 831.0 731.0
1 866.0 731.0
1 822.0 732.0
1 1487.0 733.0
1 846.0 734.0
1 1167.0 735.0
1 815.0 736.0
1 449.0 740.0
1 896.0 740.0
1 400.0 749.0
1 791.0 749.0
1 1426.0 749.0
1 470.0 753.0
1 839.0 753.0
1 844.0 753.0
1 859.0 753.0
1 851.0 754.0
1 925.0 755.0
1 362.0 756.0
1 414.0 759.0
1 462.0 761.0
1 316.0 769.0
1 183.0 770.0
1 1422.0 770.0
1 348.0 773.0
1 313.0 774.0
1 246.0 775.0
1 289.0 776.0
1 1144.0 779.0
1 393.0 780.0
1 476.0 783.0
1 1115.0 785.0
1 1280.0 786.0
1 812.0 789.0
1 368.0 790.0
1 1092.0 790.0
1 1333.0 794.0
1 315.0 799.0
1 462.0 799.0
1 1384.0 806.0
1 404.0 807.0
1 1185.0 808.0
1 429.0 811.0
1 1168.0 811.0
1 343.0 817.0
1 332.0 820.0
1 503.0 828.0
1 312.0 829.0
1 900.0 830.0
1 1173.0 831.0
1 207.0 833.0
1 193.0 834.0
1 304.0 836.0
1 1005.0 840.0
1 1040.0 840.0
1 1295.0 840.0
1 1138.0 841.0
1 136.0 842.0
1 1061.0 843.0
1 1155.0 846.0
1 1147.0 847.0
1 1120.0 848.0
1 1019.0 849.0
1 143.0 850.0
1 1322.0 851.0
1 1267.0 853.0
1 1002.0 854.0
1 1087.0 855.0
1 1250.0 856.0
1 896.0 858.0
1 1058.0 859.0
1 886.0 860.0
1 399.0 861.0
1 1130.0 861.0
1 83.0 864.0
1 1256.0 864.0
1 996.0 867.0
1 1228.0 867.0
1 909.0 868.0
1 1035.0 870.0
1 15.0 873.0
1 115.0 873.0
1 1290.0 873.0
1 1044.0 874.0
1 180.0 875.0
1 860.0 875.0
1 1283.0 875.0
1 1313.0 877.0
1 1120.0 879.0
1 1300.0 880.0
1 1407.0 880.0
1 1086.0 881.0
1 20.0 882.0
1 903.0 882.0
1 1018.0 882.0
1 1324.0 882.0
1 1366.0 882.0
1 31.0 883.0
1 163.0 884.0
1 974.0 884.0
1 1433.0 884.0
1 288.0 885.0
1 629.0 885.0
1 884.0 885.0
1 1003.0 885.0
1 368.0 886.0
1 873.0 886.0
1 613.0 887.0
1 575.0 889.0
1 866.0 889.0
1 1116.0 889.0
1 676.0 890.0
1 61.0 891.0
1 1327.0 892.0
1 1377.0 892.0
1 939.0 893.0
1 20.0 894.0
1 799.0 894.0
1 1155.0 894.0
1 1288.0 894.0
1 1363.0 894.0
1 907.0 895.0
1 1132.0 895.0
1 1217.0 896.0
1 1307.0 896.0
1 1342.0 898.0
1 1382.0 898.0
1 1445.0 898.0
1 1097.0 899.0
1 1122.0 899.0
1 1022.0 902.0
1 1065.0 903.0
1 790.0 904.0
1 736.0 905.0
1 908.0 905.0
1 1293.0 905.0
1 843.0 906.0
1 1137.0 906.0
1 1243.0 907.0
1 714.0 908.0
1 939.0 908.0
1 1377.0 908.0
1 1058.0 909.0
1 1281.0 909.0
1 775.0 910.0
1 1315.0 910.0
1 1270.0 911.0
1 1419.0 911.0
1 920.0 912.0
1 962.0 912.0
1 1449.0 912.0
1 727.0 914.0
1 1102.0 914.0
1 413.0 915.0
1 1317.0 916.0
1 1431.0 916.0
1 472.0 917.0
1 1486.0 917.0
1 884.0 918.0
1 985.0 918.0
1 941.0 919.0
1 1295.0 919.0
1 1382.0 919.0
1 1276.0 920.0
1 788.0 921.0
1 1064.0 921.0
1 1372.0 921.0
1 802.0 922.0
1 843.0 922.0
1 1055.0 922.0
1 900.0 923.0
1 1410.0 923.0
1 65.0 924.0
1 303.0 924.0
1 1246.0 924.0
1 919.0 926.0
1 1193.0 926.0
1 872.0 927.0
1 948.0 927.0
1 1388.0 927.0
1 1429.0 927.0
1 862.0 929.0
1 1175.0 929.0
1 1349.0 929.0
1 1066.0 930.0
1 836.0 931.0
1 606.0 932.0
1 977.0 932.0
1 1048.0 932.0
1 1114.0 933.0
1 1369.0 934.0
1 884.0 935.0
1 1464.0 935.0
1 949.0 936.0
1 1153.0 936.0
1 1363.0 936.0
1 1459.0 936.0
1 872.0 937.0
1 942.0 937.0
1 1218.0 937.0
1 175.0 938.0
1 703.0 938.0
1 921.0 938.0
1 1350.0 938.0
1 1423.0 938.0
1 693.0 940.0
1 909.0 940.0
1 1443.0 940.0
1 741.0 941.0
1 669.0 942.0
1 1230.0 942.0
1 971.0 943.0
1 1373.0 943.0
1 1184.0 944.0
1 889.0 945.0
1 765.0 946.0
1 860.0 946.0
1 865.0 946.0
1 999.0 946.0
1 1052.0 946.0
1 1324.0 946.0
1 44.0 947.0
1 749.0 947.0
1 840.0 947.0
1 958.0 947.0
1 1168.0 947.0
1 1293.0 947.0
1 1308.0 947.0
1 1034.0 948.0
1 1076.0 948.0
1 1137.0 948.0
1 1283.0 949.0
1 1244.0 950.0
1 1397.0 950.0
1 558.0 951.0
1 773.0 951.0
1 505.0 952.0
1 529.0 952.0
1 875.0 952.0
1 1045.0 952.0
1 1351.0 952.0
1 1425.0 952.0
1 1451.0 952.0
1 1472.0 952.0
1 1111.0 953.0
1 1213.0 953.0
1 1341.0 954.0
1 1442.0 954.0
1 66.0 955.0
1 923.0 955.0
1 1301.0 955.0
1 935.0 956.0
1 1145.0 956.0
1 582.0 957.0
1 1173.0 957.0
1 1236.0 957.0
1 1385.0 957.0
1 722.0 958.0
1 1163.0 958.0
1 605.0 959.0
1 631.0 959.0
1 1050.0 959.0
1 1055.0 959.0
1 1121.0 959.0
1 1379.0 959.0
1 511.0 960.0
1 769.0 960.0
1 1070.0 960.0
1 1324.0 960.0
1 594.0 961.0
1 1155.0 961.0
1 503.0 962.0
1 617.0 962.0
1 732.0 962.0
1 968.0 962.0
1 1405.0 962.0
1 781.0 963.0
1 1246.0 963.0
1 1457.0 963.0
1 453.0 964.0
1 534.0 964.0
1 1291.0 964.0
1 811.0 965.0
1 825.0 965.0
1 854.0 965.0
1 869.0 966.0
1 1151.0 966.0
1 1200.0 966.0
1 798.0 967.0
1 843.0 967.0
1 1134.0 968.0
1 1175.0 968.0
1 1344.0 968.0
1 1482.0 968.0
1 1367.0 969.0
1 1258.0 970.0
1 650.0 971.0
1 728.0 971.0
1 1356.0 971.0
1 559.0 972.0
1 626.0 972.0
1 1036.0 972.0
1 1168.0 972.0
1 1249.0 972.0
1 1308.0 972.0
1 1382.0 972.0
1 1450.0 972.0
1 882.0 973.0
1 1374.0 973.0
1 981.0 974.0
1 401.0 975.0
1 480.0 975.0
1 505.0 975.0
1 584.0 975.0
1 873.0 975.0
1 315.0 976.0
1 320.0 976.0
1 715.0 976.0
1 1018.0 976.0
1 609.0 977.0
1 1056.0 977.0
1 1149.0 977.0
1 1157.0 977.0
1 444.0 978.0
1 547.0 978.0
1 1051.0 978.0
1 1347.0 978.0
1 1424.0 978.0
1 1457.0 978.0
1 1474.0 978.0
1 536.0 979.0
1 337.0 980.0
1 575.0 980.0
1 1295.0 980.0
1 1338.0 980.0
1 1131.0 981.0
1 729.0 982.0
1 1168.0 982.0
1 1255.0 982.0
1 363.0 983.0
1 530.0 983.0
1 594.0 983.0
1 770.0 983.0
1 808.0 983.0
1 914.0 983.0
1 974.0 983.0
1 1121.0 983.0
1 1318.0 983.0
1 357.0 984.0
1 559.0 984.0
1 608.0 984.0
1 883.0 984.0
1 1393.0 984.0
1 519.0 985.0
1 587.0 985.0
1 642.0 985.0
1 700.0 985.0
1 760.0 985.0
1 905.0 985.0
1 1194.0 985.0
1 1234.0 985.0
1 1356.0 985.0
1 1404.0 985.0
1 1030.0 986.0
1 1097.0 986.0
1 455.0 987.0
1 785.0 987.0
1 1008.0 987.0
1 549.0 988.0
1 1003.0 988.0
1 1019.0 988.0
1 327.0 989.0
1 1157.0 989.0
1 1213.0 989.0
1 1382.0 989.0
1 339.0 990.0
1 955.0 990.0
1 1176.0 990.0
1 753.0 991.0
1 862.0 991.0
1 874.0 991.0
1 1074.0 991.0
