0 140 16 313.2210261445736
0 225 18 315.39870106737317
0 89 20 390.14866944901075
0 241 22 331.5167888357917
0 233 27 221.64778879881246
0 194 30 167.6535283633301
0 121 32 294.2537509109261
0 201 33 225.0560167905161
0 141 35 308.75369972419196
0 284 39 144.2645290877555
0 275 40 415.8140135474263
0 270 41 268.14652275879695
0 155 42 316.5561429440984
0 157 43 333.17570726193344
0 156 44 276.2339605828746
0 285 45 242.57640382400285
0 286 46 340.8010051032145
0 281 47 357.6762154135209
0 276 48 485.99909301807867
0 267 52 330.48645612945796
0 262 53 291.0456012988547
0 263 54 261.92993366905375
0 264 55 196.59335533091345
0 158 56 372.6731910105995
0 159 57 329.8038530745404
0 228 58 346.8935674681417
0 259 59 119.56893591003674
0 268 61 124.3413262943575
0 196 63 285.0080105976699
0 291 64 299.3850969455779
0 142 65 240.3333710557944
0 226 66 199.64602764021242
0 244 68 143.94411227513365
0 296 70 185.5845667131258
0 297 71 155.3399036288349
0 168 72 342.3884948171474
0 191 73 212.31788552990042
0 190 74 362.1554675392363
0 195 75 460.16453886392225
0 283 80 390.6486752181232
0 305 81 166.00249045055187
0 185 82 423.920995101106
0 220 83 365.7265629121374
0 324 85 135.2746995705888
0 307 86 159.74605493643423
0 340 87 240.54684021985443
0 325 88 319.1886468702621
0 327 89 313.5037229138896
0 311 90 173.74146500993223
0 287 91 153.8632315906669
0 323 93 493.6162300174353
0 316 94 207.82821077104114
0 304 95 252.08323973803633
0 288 96 304.2389531645421
0 223 99 373.51362326481035
0 261 100 373.6768047959732
0 208 101 153.63171279618388
0 293 102 294.3469343714966
0 277 104 390.59092384261834
0 271 105 253.53584406197368
0 217 106 494.042414601582
0 371 108 270.8430557586946
0 299 109 186.30789523538988
0 376 110 216.43178158590067
0 335 111 131.76003442978805
0 333 112 388.992107923111
0 238 114 426.4805499715802
0 236 115 209.90135626533782
0 227 118 232.10884363152903
0 258 119 426.2536553886336
0 229 120 201.21608412659765
0 318 124 256.3425084190325
0 330 127 164.38611829671248
0 256 128 231.01835551252657
0 260 130 484.13389677825114
0 331 131 285.0444245284221
0 319 134 234.08820003881652
0 342 135 251.28467392163128
0 349 137 293.71768766256287
0 341 139 301.23922695795125
0 369 141 199.96615029175112
0 417 142 325.8117053198558
0 337 145 344.7804362381213
0 377 146 150.58622137208965
0 372 148 321.6604883417069
0 353 149 216.71267623663138
0 435 150 287.0335785784724
0 350 152 207.86586932706444
0 381 154 129.31135518204903
0 384 158 145.0476341813832
0 370 159 155.47869296527514
0 392 161 396.6869957169374
0 394 162 265.5487498935571
0 368 166 368.26261174004424
0 421 167 369.6877162883276
0 380 168 167.75860510470756
0 403 170 163.31099358815243
0 398 171 221.42659077786027
0 399 173 323.50015059329127
0 382 174 153.88385014509032
0 387 177 243.1480227321706
0 422 178 398.9607227190903
0 437 179 246.96315553525156
0 419 183 229.20722603466564
0 434 184 155.0995783420284
0 438 185 191.99715092118421
0 481 186 184.66491899316483
0 498 187 397.21735976379875
0 415 189 192.14423424688377
0 411 191 154.4674890034135
0 490 194 443.04854246379557
0 416 195 371.99214784507524
0 678 196 482.21379182095234
0 504 197 275.6074225937024
0 459 200 291.68220071274067
0 484 201 272.7864434183537
0 476 202 207.5996171762373
0 426 203 386.7383442316518
0 455 204 273.5406212049214
0 452 207 223.66779261248539
0 471 211 216.19783812677173
0 502 213 150.65833711688
0 443 214 345.0866917077725
0 477 216 133.5896110233062
0 539 218 364.6497119158741
0 427 219 256.96542399131994
0 472 220 292.13847328139263
0 460 222 358.86693880624216
0 246 224 229.92817115579527
0 478 225 346.1351558165823
0 464 227 332.4938880732607
0 667 228 393.31142411152956
0 708 231 443.1533399905412
0 529 232 229.02149753450482
0 491 233 288.98922509700526
0 465 234 431.8461662112718
0 544 235 373.721712000752
0 523 236 185.09830538543412
0 425 238 215.91123160219206
0 483 241 449.67247596697473
0 723 243 387.45083748185834
0 348 244 460.658500885741
0 636 245 404.64443928572507
0 719 250 371.437022343054
0 513 251 272.87231620187185
0 537 252 175.89998835176903
0 720 254 397.2848016070208
0 512 255 300.6313948529385
0 560 257 116.95985262007402
0 734 258 323.19917795924414
0 737 260 342.74491073159584
0 501 261 495.95714550288363
0 731 262 307.7782583152215
0 521 263 229.9948365953443
0 669 264 239.17025796397695
0 522 265 279.8944932964739
0 759 267 482.00321369644905
0 571 270 180.15558661971392
0 724 275 195.49811292040962
0 530 276 260.89433651048483
0 676 280 373.8964074916937
0 696 282 475.1195819273374
0 745 285 338.4040712852099
0 702 286 340.0864120940039
0 580 287 266.0136253922489
0 753 288 263.17661869693876
0 579 289 359.4629486573663
0 707 291 469.09862058485163
0 726 292 463.29179813970455
0 743 293 306.36266356966246
0 768 298 197.6847253782467
0 727 299 309.0205884595733
0 624 301 167.6635307983957
0 561 306 197.7656319418798
0 664 308 273.9975179348721
0 492 309 168.8267022301401
0 625 310 197.59313298210566
0 549 312 107.25574460049043
0 565 314 224.15808359263985
0 641 315 367.1789933511628
0 559 318 161.99080535148858
0 658 319 120.7245828266329
0 750 320 328.44224902814
0 754 322 296.2941718024898
0 735 325 397.4030446882581
0 795 326 154.97869936329948
0 761 327 307.7723863830129
0 762 328 274.00823549346615
0 528 329 301.670467242465
0 536 330 326.02089114662675
0 792 331 143.15789258116834
0 775 339 142.3993933695887
0 807 340 200.94626903444927
0 694 343 143.8161686655545
0 810 346 215.17862565127825
0 824 353 148.43728351147288
0 821 354 170.56634372971138
0 801 356 142.07729626922543
0 841 358 318.66398752027834
0 799 361 256.44667645442615
0 813 365 375.1085575051544
0 728 370 351.0017343785631
0 839 371 168.95685165241642
0 815 374 182.95632768619114
0 818 375 226.3282753790262
0 845 379 241.52540975977837
0 853 382 268.32507779599786
0 741 385 275.31581855843
0 858 387 307.895094222724
0 830 390 360.9710096268096
0 836 391 390.1088440119517
0 857 393 155.54618332666882
0 831 394 291.370814561719
0 864 395 461.40330721283
0 863 397 243.00684986021528
0 774 398 138.60804352519082
0 833 400 364.6010156410018
0 834 401 379.1749587284999
0 829 402 235.24005442827004
0 837 403 467.78433069531314
0 782 404 385.6341907877437
0 867 405 232.3506878333844
0 872 408 170.53137469571413
0 871 411 406.2150071716836
0 785 412 297.1544335651776
0 846 415 352.2273574491652
0 794 417 263.27174921950825
0 848 419 442.01711546115894
0 854 423 356.5060940146549
0 884 426 164.75424123532372
0 891 431 181.20495585987487
0 715 435 220.37010852007754
0 868 437 254.0729557230154
0 730 439 191.340944370649
0 893 441 287.4979500804974
0 894 442 246.33368806572182
0 873 443 242.09084025449732
0 869 445 281.71389389764045
0 898 446 277.8201771323008
0 721 447 362.82369086876633
0 908 448 212.02550946064926
0 925 449 340.009563595835
0 901 453 328.3489468485502
0 811 455 369.3536207724778
0 913 456 307.47050986721683
0 903 457 256.32882025022025
0 906 459 194.03799704754235
0 760 461 208.6635098275305
0 889 462 456.44504029142786
0 917 463 194.88048347672435
0 918 469 177.00515605150545
0 919 470 130.76178808928756
0 911 473 199.11456458536057
0 930 475 338.29499661749685
0 926 476 493.3757359866531
0 1120 479 459.4370592408624
0 1043 489 339.8604112790798
0 1063 493 427.2352673754355
0 964 494 208.03919721984744
0 814 496 321.785048743756
0 825 497 119.95977891991257
0 1071 510 284.152547152507
0 1033 514 390.6803775232087
0 1010 526 430.38496152667847

0 926.0 134.0
0 923.0 373.0
0 928.0 373.0
0 837.0 374.0
0 933.0 374.0
0 935.0 384.0
0 949.0 396.0
0 811.0 401.0
0 768.0 403.0
0 1104.0 403.0
0 750.0 406.0
0 738.0 407.0
0 704.0 408.0
0 1027.0 408.0
0 1055.0 408.0
0 1088.0 408.0
0 789.0 409.0
0 728.0 414.0
0 801.0 414.0
0 936.0 416.0
0 1024.0 419.0
0 716.0 421.0
0 798.0 421.0
0 688.0 422.0
0 1114.0 422.0
0 658.0 423.0
0 728.0 424.0
0 934.0 424.0
0 672.0 426.0
0 1043.0 426.0
0 756.0 428.0
0 792.0 429.0
0 1105.0 429.0
0 771.0 430.0
0 1014.0 433.0
0 1028.0 433.0
0 1053.0 434.0
0 1123.0 434.0
0 690.0 435.0
0 807.0 435.0
0 851.0 435.0
0 873.0 435.0
0 1046.0 435.0
0 1058.0 435.0
0 1100.0 435.0
0 815.0 436.0
0 824.0 436.0
0 835.0 436.0
0 856.0 436.0
0 861.0 436.0
0 866.0 436.0
0 889.0 436.0
0 896.0 436.0
0 902.0 436.0
0 907.0 436.0
0 912.0 436.0
0 1071.0 436.0
0 1087.0 436.0
0 718.0 437.0
0 930.0 437.0
0 1001.0 437.0
0 920.0 438.0
0 786.0 439.0
0 657.0 440.0
0 840.0 440.0
0 1111.0 440.0
0 762.0 441.0
0 976.0 441.0
0 731.0 442.0
0 1099.0 442.0
0 802.0 443.0
0 880.0 443.0
0 1034.0 443.0
0 1054.0 443.0
0 1047.0 444.0
0 1070.0 444.0
0 1085.0 444.0
0 624.0 445.0
0 673.0 446.0
0 1012.0 446.0
0 643.0 447.0
0 924.0 447.0
0 1000.0 447.0
0 690.0 448.0
0 783.0 448.0
0 804.0 448.0
0 912.0 448.0
0 813.0 449.0
0 823.0 449.0
0 841.0 449.0
0 894.0 449.0
0 931.0 449.0
0 852.0 450.0
0 861.0 450.0
0 875.0 450.0
0 904.0 450.0
0 950.0 450.0
0 1122.0 450.0
0 1132.0 450.0
0 969.0 451.0
0 762.0 454.0
0 1096.0 454.0
0 962.0 455.0
0 1000.0 455.0
0 621.0 456.0
0 731.0 456.0
0 1046.0 456.0
0 1072.0 456.0
0 782.0 457.0
0 642.0 458.0
0 797.0 458.0
0 937.0 460.0
0 950.0 460.0
0 1075.0 461.0
0 971.0 462.0
0 983.0 462.0
0 818.0 463.0
0 1016.0 464.0
0 1095.0 464.0
0 775.0 465.0
0 1083.0 465.0
0 767.0 467.0
0 787.0 467.0
0 1137.0 467.0
0 698.0 468.0
0 964.0 468.0
0 1068.0 468.0
0 685.0 469.0
0 986.0 469.0
0 1094.0 469.0
0 976.0 470.0
0 704.0 472.0
0 764.0 472.0
0 1137.0 472.0
0 728.0 473.0
0 1039.0 474.0
0 1095.0 474.0
0 677.0 475.0
0 737.0 475.0
0 1034.0 475.0
0 1082.0 475.0
0 655.0 477.0
0 801.0 478.0
0 826.0 478.0
0 954.0 478.0
0 742.0 479.0
0 935.0 479.0
0 974.0 480.0
0 1017.0 480.0
0 1059.0 480.0
0 776.0 481.0
0 642.0 483.0
0 751.0 483.0
0 1064.0 483.0
0 729.0 484.0
0 834.0 484.0
0 844.0 484.0
0 853.0 484.0
0 962.0 484.0
0 713.0 485.0
0 863.0 485.0
0 1010.0 485.0
0 630.0 486.0
0 825.0 486.0
0 807.0 487.0
0 943.0 487.0
0 1068.0 488.0
0 621.0 489.0
0 703.0 489.0
0 797.0 489.0
0 676.0 490.0
0 684.0 490.0
0 1007.0 490.0
0 695.0 491.0
0 753.0 492.0
0 852.0 493.0
0 990.0 493.0
0 1071.0 493.0
0 620.0 494.0
0 646.0 495.0
0 782.0 495.0
0 868.0 495.0
0 890.0 495.0
0 1007.0 495.0
0 639.0 496.0
0 651.0 497.0
0 938.0 497.0
0 876.0 498.0
0 899.0 498.0
0 712.0 499.0
0 881.0 499.0
0 746.0 500.0
0 759.0 500.0
0 773.0 501.0
0 952.0 501.0
0 728.0 502.0
0 840.0 502.0
0 931.0 502.0
0 908.0 503.0
0 896.0 505.0
0 619.0 506.0
0 633.0 506.0
0 639.0 506.0
0 993.0 506.0
0 721.0 508.0
0 736.0 508.0
0 1134.0 508.0
0 728.0 509.0
0 904.0 509.0
0 1086.0 509.0
0 1094.0 509.0
0 649.0 510.0
0 1079.0 510.0
0 640.0 511.0
0 1004.0 511.0
0 1107.0 511.0
0 686.0 512.0
0 924.0 512.0
0 943.0 512.0
0 1074.0 512.0
0 698.0 513.0
0 912.0 514.0
0 994.0 514.0
0 631.0 516.0
0 1108.0 516.0
0 616.0 517.0
0 1075.0 517.0
0 1006.0 518.0
0 757.0 520.0
0 921.0 521.0
0 1128.0 521.0
0 871.0 522.0
0 623.0 523.0
0 1008.0 523.0
0 1073.0 523.0
0 967.0 524.0
0 637.0 525.0
0 779.0 525.0
0 1112.0 525.0
0 800.0 527.0
0 1009.0 528.0
0 1071.0 528.0
0 791.0 531.0
0 815.0 531.0
0 1136.0 531.0
0 825.0 532.0
0 830.0 532.0
0 835.0 532.0
0 966.0 532.0
0 1103.0 532.0
0 844.0 534.0
0 1064.0 534.0
0 699.0 535.0
0 783.0 535.0
0 862.0 535.0
0 1017.0 535.0
0 1141.0 535.0
0 652.0 536.0
0 804.0 536.0
0 1011.0 536.0
0 796.0 537.0
0 998.0 537.0
0 816.0 539.0
0 1023.0 539.0
0 827.0 540.0
0 1055.0 540.0
0 1124.0 540.0
0 772.0 541.0
0 1031.0 541.0
0 1135.0 541.0
0 719.0 542.0
0 736.0 542.0
0 1050.0 542.0
0 787.0 543.0
0 808.0 543.0
0 873.0 543.0
0 1039.0 543.0
0 1045.0 543.0
0 895.0 544.0
0 779.0 545.0
0 800.0 545.0
0 886.0 546.0
0 827.0 549.0
0 1099.0 549.0
0 1146.0 549.0
0 792.0 550.0
0 979.0 550.0
0 708.0 551.0
0 774.0 551.0
0 699.0 552.0
0 882.0 552.0
0 847.0 555.0
0 899.0 555.0
0 889.0 556.0
0 1083.0 556.0
0 825.0 557.0
0 1122.0 557.0
0 778.0 558.0
0 765.0 559.0
0 919.0 559.0
0 1097.0 559.0
0 708.0 562.0
0 895.0 562.0
0 906.0 562.0
0 809.0 564.0
0 1008.0 564.0
0 1013.0 564.0
0 1098.0 564.0
0 623.0 565.0
0 1135.0 565.0
0 713.0 566.0
0 771.0 566.0
0 1075.0 566.0
0 1143.0 566.0
0 1041.0 567.0
0 701.0 568.0
0 825.0 568.0
0 966.0 568.0
0 1057.0 568.0
0 645.0 570.0
0 903.0 570.0
0 850.0 573.0
0 917.0 574.0
0 887.0 576.0
0 792.0 577.0
0 988.0 578.0
0 748.0 579.0
0 911.0 579.0
0 921.0 580.0
0 1106.0 580.0
0 1133.0 581.0
0 758.0 582.0
0 805.0 582.0
0 1111.0 583.0
0 914.0 584.0
0 820.0 587.0
0 701.0 588.0
0 860.0 589.0
0 743.0 592.0
0 921.0 592.0
0 753.0 594.0
0 776.0 594.0
0 808.0 595.0
0 700.0 596.0
0 793.0 598.0
0 712.0 599.0
0 742.0 600.0
0 887.0 600.0
0 830.0 601.0
0 862.0 601.0
0 792.0 603.0
0 816.0 606.0
0 948.0 606.0
0 739.0 609.0
0 750.0 609.0
0 827.0 613.0
0 931.0 618.0
0 815.0 619.0
0 717.0 620.0
0 991.0 620.0
0 864.0 623.0
0 911.0 624.0
0 991.0 625.0
0 929.0 626.0
0 711.0 629.0
0 874.0 629.0
0 892.0 629.0
0 793.0 631.0
0 938.0 631.0
0 749.0 632.0
0 625.0 633.0
0 741.0 634.0
0 826.0 635.0
0 794.0 636.0
0 928.0 638.0
0 937.0 639.0
0 908.0 640.0
0 713.0 642.0
0 797.0 642.0
0 775.0 645.0
0 894.0 645.0
0 907.0 645.0
0 742.0 646.0
0 686.0 647.0
0 874.0 647.0
0 626.0 648.0
0 841.0 648.0
0 744.0 651.0
0 906.0 651.0
0 648.0 653.0
0 936.0 653.0
0 808.0 654.0
0 863.0 654.0
0 753.0 655.0
0 927.0 655.0
0 717.0 656.0
0 905.0 656.0
0 744.0 659.0
0 626.0 660.0
0 900.0 660.0
0 924.0 662.0
0 934.0 662.0
0 889.0 663.0
0 873.0 665.0
0 647.0 666.0
0 760.0 666.0
0 755.0 667.0
0 860.0 668.0
0 750.0 670.0
0 931.0 670.0
0 849.0 671.0
0 723.0 673.0
0 628.0 677.0
0 928.0 678.0
0 976.0 678.0
0 916.0 679.0
0 871.0 680.0
0 647.0 682.0
0 887.0 682.0
0 924.0 683.0
0 772.0 684.0
0 824.0 684.0
0 879.0 684.0
0 914.0 684.0
0 846.0 685.0
0 831.0 686.0
0 771.0 689.0
0 921.0 689.0
0 731.0 690.0
0 907.0 691.0
0 626.0 692.0
0 765.0 694.0
0 982.0 694.0
0 967.0 695.0
0 626.0 698.0
0 1127.0 698.0
0 647.0 699.0
0 897.0 699.0
0 914.0 699.0
0 1089.0 702.0
0 626.0 703.0
0 782.0 703.0
0 789.0 703.0
0 931.0 704.0
0 888.0 706.0
0 907.0 706.0
0 796.0 707.0
0 1129.0 707.0
0 782.0 708.0
0 744.0 709.0
0 976.0 709.0
0 881.0 710.0
0 1145.0 710.0
0 802.0 711.0
0 904.0 711.0
0 649.0 713.0
0 791.0 713.0
0 809.0 714.0
0 872.0 714.0
0 819.0 716.0
0 867.0 716.0
0 1126.0 716.0
0 860.0 717.0
0 797.0 718.0
0 1087.0 718.0
0 650.0 719.0
0 841.0 719.0
0 893.0 719.0
0 783.0 721.0
0 804.0 721.0
0 811.0 723.0
0 627.0 724.0
0 878.0 726.0
0 841.0 729.0
0 865.0 730.0
0 809.0 735.0
0 884.0 737.0
0 1124.0 738.0
0 833.0 739.0
0 239.0 742.0
0 627.0 744.0
0 627.0 749.0
0 873.0 749.0
0 213.0 751.0
0 770.0 751.0
0 1125.0 753.0
0 627.0 754.0
0 770.0 757.0
0 774.0 762.0
0 429.0 767.0
0 628.0 770.0
0 524.0 771.0
0 1439.0 772.0
0 382.0 773.0
0 415.0 773.0
0 1124.0 773.0
0 1176.0 778.0
0 1306.0 779.0
0 628.0 782.0
0 746.0 783.0
0 62.0 784.0
0 1122.0 784.0
0 1124.0 790.0
0 392.0 795.0
0 628.0 795.0
0 377.0 796.0
0 1122.0 796.0
0 814.0 798.0
0 948.0 799.0
0 438.0 803.0
0 532.0 803.0
0 146.0 807.0
0 1121.0 812.0
0 10.0 813.0
0 248.0 813.0
0 1107.0 814.0
0 42.0 816.0
0 56.0 816.0
0 1134.0 820.0
0 1121.0 823.0
0 31.0 826.0
0 881.0 837.0
0 626.0 840.0
0 1120.0 846.0
0 652.0 857.0
0 905.0 857.0
0 791.0 864.0
0 1036.0 866.0
0 647.0 874.0
0 713.0 878.0
0 788.0 879.0
0 647.0 892.0
0 1115.0 914.0
0 642.0 919.0
1 1477.0 51.0
1 1479.0 56.0
1 1470.0 71.0
1 1309.0 87.0
1 1467.0 94.0
1 1460.0 130.0
1 1467.0 138.0
1 1450.0 141.0
1 1459.0 144.0
1 1446.0 153.0
1 1434.0 191.0
1 864.0 237.0
1 848.0 238.0
1 773.0 240.0
1 831.0 250.0
1 854.0 250.0
1 795.0 251.0
1 805.0 251.0
1 836.0 257.0
1 807.0 258.0
1 846.0 260.0
1 757.0 262.0
1 815.0 262.0
1 769.0 263.0
1 833.0 265.0
1 878.0 265.0
1 864.0 266.0
1 799.0 268.0
1 851.0 268.0
1 785.0 269.0
1 882.0 272.0
1 772.0 273.0
1 807.0 273.0
1 988.0 273.0
1 1043.0 273.0
1 812.0 275.0
1 836.0 275.0
1 824.0 276.0
1 795.0 277.0
1 866.0 277.0
1 782.0 278.0
1 1065.0 278.0
1 699.0 282.0
1 706.0 283.0
1 715.0 283.0
1 721.0 284.0
1 980.0 284.0
1 726.0 285.0
1 1056.0 285.0
1 731.0 287.0
1 896.0 288.0
1 1002.0 288.0
1 767.0 289.0
1 737.0 290.0
1 988.0 291.0
1 620.0 293.0
1 723.0 293.0
1 793.0 293.0
1 977.0 293.0
1 1075.0 293.0
1 615.0 294.0
1 704.0 294.0
1 677.0 295.0
1 653.0 296.0
1 712.0 297.0
1 663.0 299.0
1 748.0 299.0
1 993.0 299.0
1 637.0 300.0
1 738.0 300.0
1 1007.0 300.0
1 964.0 301.0
1 1065.0 302.0
1 657.0 305.0
1 684.0 305.0
1 1001.0 305.0
1 1076.0 305.0
1 700.0 306.0
1 907.0 306.0
1 937.0 306.0
1 946.0 306.0
1 645.0 307.0
1 761.0 307.0
1 969.0 307.0
1 586.0 308.0
1 917.0 308.0
1 1038.0 308.0
1 658.0 310.0
1 1075.0 310.0
1 981.0 311.0
1 1015.0 311.0
1 627.0 312.0
1 668.0 312.0
1 912.0 312.0
1 1000.0 312.0
1 696.0 313.0
1 1024.0 313.0
1 1037.0 313.0
1 609.0 314.0
1 565.0 315.0
1 685.0 316.0
1 939.0 316.0
1 545.0 317.0
1 668.0 317.0
1 926.0 317.0
1 973.0 317.0
1 540.0 318.0
1 914.0 318.0
1 578.0 319.0
1 741.0 319.0
1 751.0 319.0
1 951.0 319.0
1 1087.0 319.0
1 533.0 320.0
1 596.0 320.0
1 699.0 320.0
1 963.0 320.0
1 643.0 321.0
1 784.0 321.0
1 528.0 323.0
1 585.0 323.0
1 1066.0 323.0
1 523.0 324.0
1 983.0 324.0
1 1006.0 324.0
1 1088.0 324.0
1 660.0 325.0
1 699.0 325.0
1 708.0 325.0
1 727.0 325.0
1 1011.0 325.0
1 682.0 326.0
1 1023.0 326.0
1 988.0 327.0
1 591.0 329.0
1 668.0 329.0
1 718.0 329.0
1 951.0 330.0
1 674.0 331.0
1 697.0 331.0
1 708.0 331.0
1 996.0 331.0
1 1070.0 331.0
1 519.0 332.0
1 643.0 332.0
1 923.0 332.0
1 940.0 332.0
1 979.0 332.0
1 624.0 333.0
1 741.0 333.0
1 594.0 334.0
1 613.0 334.0
1 962.0 334.0
1 967.0 334.0
1 582.0 335.0
1 1012.0 335.0
1 1063.0 335.0
1 1017.0 336.0
1 1027.0 337.0
1 1051.0 337.0
1 661.0 338.0
1 1036.0 338.0
1 1041.0 338.0
1 1046.0 338.0
1 527.0 339.0
1 635.0 339.0
1 651.0 339.0
1 728.0 339.0
1 993.0 341.0
1 613.0 342.0
1 533.0 343.0
1 567.0 343.0
1 719.0 343.0
1 560.0 344.0
1 572.0 344.0
1 659.0 344.0
1 544.0 345.0
1 698.0 345.0
1 709.0 345.0
1 942.0 345.0
1 1065.0 345.0
1 596.0 346.0
1 644.0 346.0
1 685.0 346.0
1 742.0 346.0
1 954.0 346.0
1 577.0 347.0
1 968.0 347.0
1 1104.0 347.0
1 654.0 348.0
1 1009.0 348.0
1 1014.0 348.0
1 1050.0 348.0
1 659.0 349.0
1 667.0 349.0
1 1032.0 349.0
1 519.0 352.0
1 634.0 352.0
1 499.0 353.0
1 616.0 353.0
1 654.0 353.0
1 686.0 353.0
1 980.0 353.0
1 606.0 354.0
1 611.0 354.0
1 711.0 354.0
1 716.0 354.0
1 569.0 355.0
1 1077.0 357.0
1 498.0 358.0
1 652.0 358.0
1 938.0 358.0
1 545.0 359.0
1 590.0 359.0
1 1106.0 359.0
1 521.0 362.0
1 647.0 362.0
1 1008.0 362.0
1 1013.0 362.0
1 498.0 363.0
1 579.0 364.0
1 738.0 364.0
1 795.0 366.0
1 945.0 366.0
1 574.0 367.0
1 771.0 368.0
1 688.0 369.0
1 1076.0 369.0
1 633.0 370.0
1 1060.0 370.0
1 648.0 371.0
1 945.0 371.0
1 546.0 372.0
1 940.0 373.0
1 1010.0 373.0
1 591.0 374.0
1 967.0 375.0
1 732.0 376.0
1 950.0 376.0
1 572.0 377.0
1 682.0 377.0
1 766.0 377.0
1 577.0 378.0
1 671.0 378.0
1 652.0 380.0
1 977.0 380.0
1 1031.0 381.0
1 1069.0 381.0
1 1052.0 383.0
1 773.0 384.0
1 1013.0 384.0
1 486.0 385.0
1 1034.0 386.0
1 592.0 388.0
1 981.0 388.0
1 733.0 389.0
1 972.0 389.0
1 483.0 390.0
1 713.0 390.0
1 934.0 390.0
1 963.0 390.0
1 686.0 391.0
1 897.0 391.0
1 907.0 391.0
1 912.0 391.0
1 1037.0 391.0
1 525.0 392.0
1 889.0 392.0
1 921.0 392.0
1 1075.0 392.0
1 864.0 393.0
1 650.0 394.0
1 851.0 394.0
1 856.0 394.0
1 877.0 394.0
1 837.0 395.0
1 846.0 395.0
1 488.0 396.0
1 618.0 396.0
1 623.0 396.0
1 811.0 396.0
1 821.0 396.0
1 830.0 396.0
1 525.0 397.0
1 785.0 398.0
1 792.0 399.0
1 801.0 399.0
1 936.0 400.0
1 957.0 400.0
1 1080.0 400.0
1 709.0 401.0
1 825.0 401.0
1 830.0 401.0
1 963.0 401.0
1 979.0 401.0
1 481.0 402.0
1 775.0 402.0
1 873.0 402.0
1 886.0 402.0
1 526.0 403.0
1 844.0 403.0
1 857.0 403.0
1 1058.0 403.0
1 1097.0 403.0
1 897.0 404.0
1 931.0 404.0
1 735.0 405.0
1 910.0 405.0
1 801.0 406.0
1 1016.0 406.0
1 782.0 407.0
1 892.0 407.0
1 1030.0 408.0
1 1080.0 408.0
1 810.0 410.0
1 863.0 410.0
1 873.0 410.0
1 191.0 411.0
1 600.0 411.0
1 644.0 411.0
1 744.0 411.0
1 839.0 411.0
1 844.0 411.0
1 852.0 411.0
1 777.0 412.0
1 802.0 412.0
1 820.0 412.0
1 828.0 412.0
1 973.0 412.0
1 1006.0 412.0
1 588.0 413.0
1 611.0 413.0
1 636.0 413.0
1 950.0 413.0
1 794.0 414.0
1 940.0 414.0
1 595.0 415.0
1 664.0 415.0
1 718.0 415.0
1 754.0 415.0
1 789.0 415.0
1 1036.0 415.0
1 1041.0 415.0
1 1048.0 415.0
1 1056.0 415.0
1 631.0 416.0
1 707.0 416.0
1 698.0 417.0
1 1093.0 417.0
1 575.0 418.0
1 676.0 419.0
1 738.0 419.0
1 1001.0 419.0
1 1063.0 419.0
1 1078.0 419.0
1 595.0 420.0
1 582.0 421.0
1 600.0 421.0
1 662.0 421.0
1 911.0 421.0
1 608.0 422.0
1 724.0 422.0
1 1093.0 422.0
1 616.0 423.0
1 1022.0 423.0
1 561.0 424.0
1 566.0 424.0
1 573.0 424.0
1 1072.0 424.0
1 548.0 425.0
1 626.0 425.0
1 754.0 425.0
1 1017.0 426.0
1 485.0 427.0
1 600.0 427.0
1 669.0 428.0
1 772.0 428.0
1 932.0 429.0
1 996.0 429.0
1 509.0 430.0
1 614.0 430.0
1 649.0 430.0
1 678.0 430.0
1 853.0 430.0
1 962.0 430.0
1 717.0 431.0
1 1046.0 431.0
1 1075.0 431.0
1 596.0 432.0
1 1106.0 432.0
1 530.0 433.0
1 543.0 433.0
1 1011.0 433.0
1 488.0 434.0
1 503.0 434.0
1 591.0 434.0
1 737.0 434.0
1 1089.0 434.0
1 584.0 435.0
1 604.0 435.0
1 609.0 435.0
1 727.0 435.0
1 563.0 436.0
1 575.0 436.0
1 691.0 437.0
1 703.0 437.0
1 859.0 437.0
1 992.0 437.0
1 545.0 438.0
1 489.0 439.0
1 551.0 439.0
1 671.0 439.0
1 716.0 439.0
1 726.0 440.0
1 532.0 441.0
1 627.0 441.0
1 654.0 441.0
1 772.0 441.0
1 984.0 441.0
1 1005.0 441.0
1 1096.0 441.0
1 496.0 442.0
1 502.0 442.0
1 646.0 442.0
1 911.0 442.0
1 1088.0 442.0
1 991.0 443.0
1 1077.0 443.0
1 1105.0 443.0
1 746.0 444.0
1 867.0 444.0
1 882.0 444.0
1 665.0 445.0
1 944.0 445.0
1 525.0 446.0
1 736.0 446.0
1 754.0 446.0
1 537.0 447.0
1 544.0 447.0
1 873.0 447.0
1 906.0 447.0
1 508.0 448.0
1 829.0 448.0
1 1002.0 448.0
1 1076.0 448.0
1 635.0 449.0
1 1104.0 449.0
1 791.0 450.0
1 848.0 450.0
1 887.0 450.0
1 698.0 451.0
1 817.0 451.0
1 655.0 452.0
1 682.0 452.0
1 687.0 452.0
1 642.0 453.0
1 647.0 453.0
1 909.0 453.0
1 933.0 453.0
1 502.0 454.0
1 993.0 454.0
1 715.0 455.0
1 875.0 455.0
1 880.0 455.0
1 1003.0 455.0
1 1073.0 455.0
1 624.0 456.0
1 806.0 456.0
1 862.0 456.0
1 894.0 456.0
1 938.0 456.0
1 538.0 457.0
1 612.0 457.0
1 724.0 457.0
1 742.0 457.0
1 782.0 457.0
1 533.0 458.0
1 591.0 458.0
1 494.0 459.0
1 811.0 459.0
1 819.0 459.0
1 945.0 459.0
1 568.0 460.0
1 1071.0 460.0
1 505.0 461.0
1 550.0 461.0
1 772.0 461.0
1 831.0 461.0
1 915.0 461.0
1 858.0 463.0
1 954.0 463.0
1 1005.0 463.0
1 1084.0 463.0
1 767.0 464.0
1 871.0 464.0
1 883.0 464.0
1 1096.0 464.0
1 1067.0 465.0
1 895.0 466.0
1 661.0 468.0
1 847.0 468.0
1 979.0 468.0
1 533.0 469.0
1 758.0 469.0
1 939.0 469.0
1 916.0 470.0
1 801.0 471.0
1 904.0 471.0
1 925.0 471.0
1 711.0 472.0
1 796.0 472.0
1 964.0 472.0
1 1010.0 472.0
1 1056.0 472.0
1 1075.0 472.0
1 827.0 474.0
1 738.0 475.0
1 764.0 475.0
1 684.0 476.0
1 750.0 476.0
1 950.0 476.0
1 1015.0 476.0
1 1047.0 476.0
1 528.0 477.0
1 649.0 478.0
1 804.0 478.0
1 815.0 478.0
1 1040.0 478.0
1 1068.0 478.0
1 496.0 479.0
1 1029.0 479.0
1 1035.0 479.0
1 635.0 480.0
1 796.0 481.0
1 743.0 482.0
1 842.0 482.0
1 1079.0 482.0
1 610.0 483.0
1 730.0 483.0
1 959.0 483.0
1 285.0 484.0
1 695.0 485.0
1 718.0 485.0
1 831.0 485.0
1 975.0 485.0
1 678.0 486.0
1 849.0 486.0
1 656.0 487.0
1 665.0 487.0
1 1059.0 487.0
1 527.0 488.0
1 708.0 488.0
1 792.0 488.0
1 820.0 488.0
1 643.0 489.0
1 768.0 489.0
1 801.0 489.0
1 839.0 490.0
1 1026.0 490.0
1 1040.0 490.0
1 541.0 491.0
1 990.0 491.0
1 616.0 492.0
1 723.0 492.0
1 809.0 492.0
1 1021.0 492.0
1 791.0 493.0
1 828.0 493.0
1 734.0 494.0
1 387.0 495.0
1 937.0 495.0
1 635.0 496.0
1 776.0 496.0
1 883.0 496.0
1 888.0 496.0
1 798.0 497.0
1 816.0 497.0
1 878.0 497.0
1 981.0 497.0
1 611.0 498.0
1 622.0 498.0
1 835.0 498.0
1 866.0 498.0
1 861.0 499.0
1 954.0 499.0
1 676.0 500.0
1 856.0 500.0
1 905.0 500.0
1 768.0 501.0
1 824.0 501.0
1 454.0 502.0
1 788.0 502.0
1 806.0 502.0
1 628.0 503.0
1 843.0 504.0
1 934.0 504.0
1 612.0 505.0
1 981.0 505.0
1 500.0 506.0
1 813.0 506.0
1 796.0 507.0
1 943.0 507.0
1 691.0 508.0
1 759.0 508.0
1 779.0 508.0
1 831.0 508.0
1 864.0 508.0
1 713.0 509.0
1 773.0 509.0
1 801.0 509.0
1 612.0 510.0
1 744.0 510.0
1 952.0 510.0
1 677.0 511.0
1 785.0 511.0
1 821.0 512.0
1 651.0 513.0
1 768.0 513.0
1 915.0 513.0
1 960.0 513.0
1 343.0 514.0
1 665.0 514.0
1 751.0 514.0
1 604.0 515.0
1 625.0 515.0
1 636.0 515.0
1 810.0 515.0
1 881.0 515.0
1 900.0 515.0
1 869.0 516.0
1 927.0 516.0
1 969.0 516.0
1 613.0 517.0
1 889.0 517.0
1 738.0 518.0
1 776.0 518.0
1 851.0 519.0
1 799.0 520.0
1 1298.0 520.0
1 760.0 521.0
1 946.0 521.0
1 614.0 522.0
1 690.0 522.0
1 837.0 522.0
1 904.0 523.0
1 918.0 523.0
1 714.0 524.0
1 746.0 524.0
1 766.0 524.0
1 885.0 524.0
1 955.0 524.0
1 652.0 525.0
1 783.0 525.0
1 790.0 525.0
1 870.0 525.0
1 677.0 526.0
1 934.0 526.0
1 1069.0 526.0
1 539.0 527.0
1 752.0 527.0
1 772.0 527.0
1 823.0 527.0
1 735.0 528.0
1 965.0 529.0
1 503.0 530.0
1 950.0 530.0
1 758.0 531.0
1 779.0 531.0
1 838.0 531.0
1 849.0 532.0
1 958.0 532.0
1 744.0 534.0
1 973.0 534.0
1 764.0 535.0
1 1321.0 535.0
1 770.0 536.0
1 826.0 536.0
1 730.0 537.0
1 890.0 537.0
1 751.0 538.0
1 802.0 538.0
1 924.0 538.0
1 693.0 539.0
1 680.0 540.0
1 865.0 540.0
1 666.0 541.0
1 976.0 541.0
1 653.0 542.0
1 658.0 542.0
1 725.0 544.0
1 760.0 544.0
1 794.0 544.0
1 905.0 544.0
1 613.0 546.0
1 618.0 546.0
1 805.0 546.0
1 861.0 548.0
1 984.0 549.0
1 694.0 550.0
1 733.0 551.0
1 753.0 551.0
1 721.0 554.0
1 1010.0 556.0
1 508.0 557.0
1 780.0 558.0
1 746.0 560.0
1 824.0 560.0
1 906.0 560.0
1 920.0 560.0
1 1303.0 561.0
1 509.0 562.0
1 713.0 562.0
1 718.0 563.0
1 756.0 565.0
1 509.0 567.0
1 1060.0 567.0
1 739.0 568.0
1 772.0 568.0
1 846.0 569.0
1 897.0 570.0
1 918.0 570.0
1 1058.0 572.0
1 749.0 573.0
1 863.0 573.0
1 928.0 575.0
1 733.0 576.0
1 943.0 576.0
1 957.0 576.0
1 510.0 577.0
1 874.0 577.0
1 1035.0 577.0
1 860.0 578.0
1 900.0 578.0
1 761.0 579.0
1 850.0 579.0
1 1014.0 579.0
1 909.0 580.0
1 840.0 581.0
1 1056.0 581.0
1 707.0 583.0
1 958.0 583.0
1 514.0 584.0
1 729.0 584.0
1 945.0 584.0
1 707.0 588.0
1 829.0 588.0
1 966.0 589.0
1 408.0 592.0
1 933.0 592.0
1 706.0 593.0
1 958.0 593.0
1 687.0 594.0
1 1019.0 594.0
1 811.0 596.0
1 974.0 597.0
1 613.0 600.0
1 625.0 600.0
1 706.0 600.0
1 768.0 600.0
1 790.0 600.0
1 1053.0 600.0
1 967.0 601.0
1 978.0 602.0
1 146.0 603.0
1 904.0 604.0
1 562.0 605.0
1 706.0 605.0
1 728.0 605.0
1 801.0 605.0
1 814.0 605.0
1 891.0 605.0
1 552.0 606.0
1 931.0 608.0
1 942.0 608.0
1 519.0 609.0
1 978.0 609.0
1 1159.0 609.0
1 902.0 610.0
1 1021.0 611.0
1 821.0 612.0
1 884.0 614.0
1 1021.0 616.0
1 555.0 618.0
1 831.0 618.0
1 707.0 619.0
1 523.0 621.0
1 802.0 621.0
1 838.0 622.0
1 846.0 623.0
1 866.0 623.0
1 853.0 624.0
1 861.0 624.0
1 786.0 625.0
1 924.0 625.0
1 527.0 628.0
1 777.0 628.0
1 890.0 628.0
1 751.0 629.0
1 797.0 629.0
1 951.0 629.0
1 831.0 631.0
1 983.0 631.0
1 559.0 632.0
1 988.0 632.0
1 1019.0 632.0
1 72.0 634.0
1 709.0 636.0
1 781.0 636.0
1 874.0 637.0
1 1018.0 637.0
1 773.0 638.0
1 528.0 642.0
1 1016.0 642.0
1 917.0 645.0
1 1099.0 645.0
1 977.0 646.0
1 559.0 647.0
1 963.0 647.0
1 987.0 648.0
1 1015.0 648.0
1 713.0 651.0
1 775.0 651.0
1 941.0 653.0
1 1013.0 653.0
1 768.0 654.0
1 1252.0 655.0
1 716.0 656.0
1 741.0 657.0
1 798.0 657.0
1 914.0 657.0
1 984.0 659.0
1 974.0 660.0
1 1043.0 663.0
1 969.0 666.0
1 980.0 667.0
1 875.0 669.0
1 852.0 670.0
1 906.0 670.0
1 721.0 671.0
1 770.0 672.0
1 976.0 674.0
1 746.0 675.0
1 722.0 676.0
1 965.0 676.0
1 1003.0 677.0
1 817.0 680.0
1 959.0 680.0
1 735.0 681.0
1 968.0 681.0
1 847.0 684.0
1 853.0 684.0
1 858.0 684.0
1 906.0 684.0
1 769.0 685.0
1 956.0 685.0
1 968.0 686.0
1 727.0 688.0
1 779.0 689.0
1 771.0 690.0
1 963.0 690.0
1 1310.0 690.0
1 948.0 692.0
1 994.0 693.0
1 771.0 695.0
1 747.0 697.0
1 355.0 698.0
1 716.0 698.0
1 784.0 698.0
1 940.0 698.0
1 955.0 699.0
1 1414.0 700.0
1 735.0 702.0
1 778.0 702.0
1 985.0 703.0
1 948.0 704.0
1 739.0 707.0
1 1276.0 707.0
1 1484.0 710.0
1 920.0 711.0
1 1432.0 711.0
1 871.0 712.0
1 1255.0 712.0
1 744.0 713.0
1 283.0 714.0
1 799.0 714.0
1 909.0 716.0
1 940.0 716.0
1 904.0 718.0
1 924.0 718.0
1 899.0 719.0
1 752.0 720.0
1 795.0 720.0
1 800.0 721.0
1 805.0 721.0
1 819.0 721.0
1 864.0 721.0
1 1422.0 722.0
1 1444.0 722.0
1 828.0 723.0
1 886.0 723.0
1 914.0 723.0
1 833.0 724.0
1 1324.0 724.0
1 838.0 725.0
1 760.0 726.0
1 906.0 726.0
1 850.0 727.0
1 901.0 727.0
1 813.0 728.0
1 896.0 728.0
1 1432.0 728.0
1 877.0 729.0
1 1383.0 729.0
1 819.0 730.0
1 1185.0 730.0
1 888.0 731.0
1 717.0 733.0
1 830.0 733.0
1 837.0 733.0
1 844.0 734.0
1 1379.0 734.0
1 772.0 735.0
1 1418.0 735.0
1 1386.0 740.0
1 321.0 743.0
1 783.0 743.0
1 927.0 743.0
1 1369.0 743.0
1 1307.0 745.0
1 1380.0 747.0
1 866.0 750.0
1 803.0 751.0
1 904.0 751.0
1 1314.0 751.0
1 1373.0 754.0
1 468.0 755.0
1 1185.0 759.0
1 1402.0 759.0
1 1392.0 760.0
1 1298.0 761.0
1 1287.0 766.0
1 323.0 770.0
1 1384.0 772.0
1 1193.0 773.0
1 1168.0 775.0
1 1218.0 778.0
1 1297.0 778.0
1 1405.0 780.0
1 1177.0 783.0
1 1394.0 783.0
1 1306.0 788.0
1 1203.0 790.0
1 1315.0 790.0
1 1096.0 791.0
1 565.0 792.0
1 1268.0 792.0
1 1323.0 794.0
1 213.0 796.0
1 1196.0 796.0
1 1396.0 796.0
1 1259.0 799.0
1 1294.0 800.0
1 899.0 801.0
1 1111.0 802.0
1 310.0 803.0
1 1163.0 803.0
1 984.0 804.0
1 543.0 805.0
1 1267.0 805.0
1 1288.0 805.0
1 902.0 806.0
1 1044.0 806.0
1 184.0 807.0
1 1193.0 807.0
1 1239.0 808.0
1 1260.0 809.0
1 443.0 810.0
1 233.0 811.0
1 902.0 811.0
1 1247.0 812.0
1 1275.0 812.0
1 149.0 814.0
1 200.0 815.0
1 129.0 816.0
1 1309.0 816.0
1 1329.0 817.0
1 1352.0 817.0
1 1179.0 818.0
1 1256.0 818.0
1 1031.0 819.0
1 1295.0 819.0
1 1234.0 820.0
1 1223.0 821.0
1 118.0 823.0
1 1168.0 823.0
1 1246.0 825.0
1 1276.0 825.0
1 1261.0 826.0
1 80.0 828.0
1 1067.0 828.0
1 1285.0 828.0
1 1296.0 830.0
1 61.0 831.0
1 120.0 832.0
1 1115.0 833.0
1 1272.0 833.0
1 895.0 834.0
1 1252.0 834.0
1 428.0 837.0
1 326.0 838.0
1 848.0 838.0
1 1020.0 839.0
1 1093.0 839.0
1 1245.0 839.0
1 641.0 840.0
1 1176.0 840.0
1 82.0 842.0
1 1135.0 842.0
1 1187.0 842.0
1 808.0 846.0
1 1117.0 846.0
1 71.0 847.0
1 1050.0 847.0
1 1261.0 848.0
1 1293.0 848.0
1 879.0 850.0
1 1229.0 850.0
1 46.0 851.0
1 848.0 853.0
1 874.0 853.0
1 386.0 854.0
1 867.0 856.0
1 1197.0 856.0
1 129.0 857.0
1 1098.0 858.0
1 1180.0 858.0
1 124.0 859.0
1 1217.0 860.0
1 1304.0 860.0
1 1260.0 861.0
1 310.0 863.0
1 323.0 863.0
1 1231.0 863.0
1 297.0 864.0
1 282.0 865.0
1 1296.0 868.0
1 563.0 869.0
1 1159.0 869.0
1 532.0 870.0
1 790.0 870.0
1 1184.0 870.0
1 1249.0 871.0
1 1260.0 871.0
1 1199.0 872.0
1 562.0 874.0
1 591.0 874.0
1 1070.0 874.0
1 1178.0 874.0
1 1035.0 877.0
1 1230.0 877.0
1 1241.0 878.0
1 1098.0 879.0
1 1212.0 879.0
1 362.0 880.0
1 1047.0 880.0
1 369.0 881.0
1 508.0 882.0
1 1263.0 882.0
1 1058.0 884.0
1 1251.0 884.0
1 1039.0 885.0
1 559.0 886.0
1 1142.0 886.0
1 1173.0 887.0
1 1286.0 887.0
1 1237.0 888.0
1 1185.0 889.0
1 1257.0 890.0
1 1007.0 893.0
1 1175.0 893.0
1 288.0 895.0
1 1036.0 896.0
1 316.0 898.0
1 482.0 898.0
1 1152.0 899.0
1 1229.0 899.0
1 367.0 901.0
1 1192.0 904.0
1 1212.0 911.0
1 1158.0 912.0
1 1062.0 914.0
1 521.0 915.0
1 962.0 916.0
1 283.0 917.0
1 443.0 917.0
1 583.0 919.0
1 1260.0 919.0
1 475.0 920.0
1 1160.0 924.0
1 1165.0 924.0
1 1146.0 925.0
1 894.0 926.0
1 522.0 927.0
1 444.0 929.0
1 473.0 929.0
1 494.0 930.0
1 1138.0 930.0
1 1153.0 932.0
1 1129.0 938.0
1 1170.0 938.0
1 1082.0 939.0
1 561.0 940.0
1 1145.0 940.0
1 516.0 942.0
1 438.0 943.0
1 1207.0 943.0
1 554.0 944.0
1 1112.0 947.0
1 398.0 951.0
1 1215.0 951.0
1 152.0 952.0
1 524.0 952.0
1 892.0 952.0
1 1266.0 952.0
1 1288.0 952.0
1 1479.0 954.0
1 471.0 956.0
1 1192.0 956.0
1 564.0 958.0
1 1055.0 958.0
1 398.0 959.0
1 464.0 961.0
1 422.0 964.0
1 1133.0 968.0
1 490.0 969.0
1 1118.0 969.0
1 367.0 970.0
1 1164.0 970.0
1 338.0 975.0
1 575.0 975.0
1 1038.0 977.0
1 421.0 978.0
1 415.0 983.0
1 460.0 987.0
1 316.0 988.0
1 1027.0 989.0
1 490.0 990.0
1 1432.0 990.0
1 135.0 991.0
1 210.0 991.0
1 1314.0 991.0
