0 1 0 464.0233643279821
0 8 4 212.70325533088834
0 5 10 485.1412687913192
0 103 11 273.9772709736193
0 21 21 355.9019092066186
0 3 22 478.6453515267769
0 112 25 394.91803502501483
0 24 27 280.47283396370784
0 33 47 344.3080972928234
0 66 51 357.8319548758322
0 118 60 196.20030955208503
0 130 65 357.0298782300552
0 39 69 381.66211860582854
0 73 72 231.0885353008778
0 117 75 167.54021732313785
0 42 77 387.6720175669059
0 78 79 217.361882339772
0 76 81 425.8426318903469
0 246 82 463.92690528486054
0 150 84 308.3489593379579
0 122 85 398.14747641658596
0 151 87 288.6797592100769
0 25 88 216.95472142005556
0 269 92 257.8800144024833
0 230 97 306.60422330595213
0 232 100 185.0185330447977
0 270 104 227.4576655852726
0 187 106 217.76189677943813
0 280 121 391.846969344331
0 192 122 205.95194311935163
0 258 124 186.76234166259425
0 234 134 243.20910698163652
0 61 135 133.756226217557
0 52 136 252.84827038456496
0 53 142 183.0162815523665
0 94 147 144.46524909364874
0 43 148 367.7205684044712
0 126 155 321.5729404560078
0 96 158 261.59926041507003
0 47 159 298.5894025886195
0 26 162 349.77921474670364
0 18 164 196.15335330579092
0 105 165 259.70215052964505
0 54 167 243.38546461878505
0 23 168 199.18720982167767
0 50 172 201.4886573866824
0 127 176 156.67691212337957
0 106 179 156.27906907423565
0 75 182 279.36339202769716
0 186 184 244.24672576098646
0 107 188 181.17325585865535
0 55 189 310.6589247047417
0 312 196 166.59865572891113
0 56 197 271.5228445167762
0 27 198 159.65627285388217
0 135 202 255.11102744540852
0 115 203 166.14209011129108
0 57 206 240.05012414425028
0 59 209 203.13055792139951
0 116 211 173.22032015353295
0 85 213 158.79560333885772
0 108 215 189.25509220722833
0 84 216 276.67068054141464
0 67 222 149.7018983441097
0 98 226 154.32415271133567
0 62 228 125.02312715501343
0 265 231 195.93870095142972
0 109 235 230.68801329467453
0 64 237 451.82933044775285
0 99 241 200.6709838421091
0 38 242 445.4046451227698
0 86 243 154.4183825552273
0 89 252 362.52263846616677
0 95 254 174.1437308233653
0 100 256 118.98663022244192
0 140 265 428.1605672052802
0 65 266 478.0732559398634
0 68 268 382.5559732015888
0 111 274 189.5911000798042
0 69 275 411.40981144715835
0 70 276 490.76212238063806
0 172 281 404.4544136420667
0 173 282 390.211009404762
0 179 285 298.1605877190769
0 119 291 347.0519016604473
0 131 300 209.5890012226388
0 132 303 183.9252477428145
0 159 306 284.14619461214807
0 138 307 329.0340199773266
0 228 309 412.85463204469363
0 237 314 361.3245755373899
0 204 319 351.69145964855204
0 148 325 264.6115022585611
0 168 331 208.96949236649016
0 149 338 238.62470195408883
0 166 344 162.5760505895038
0 141 349 143.33364459608703
0 220 353 422.7580608085178
0 167 356 175.43960770297224
0 123 360 160.398144044226
0 158 364 365.8578768282709
0 174 367 130.37900503068263
0 193 370 234.27455277972803
0 188 378 110.47392883086809
0 120 380 234.19972762435165
0 333 384 247.58298689820748
0 324 385 417.7941353809141
0 191 386 373.6406454855807
0 124 389 329.5861278971018
0 222 391 356.579364613806
0 225 399 322.71454508837553
0 142 400 273.2005100154861
0 325 402 261.5092272117602
0 184 405 420.16918873667055
0 212 409 205.18618936287737
0 215 417 259.6325620569468
0 323 427 335.76306963987037
0 297 435 379.6918938510372
0 185 437 343.73529137885413
0 180 438 274.77324374916117
0 206 440 307.74435664061286
0 164 441 225.97059227992463
0 201 446 480.4444762948434
0 156 447 302.8334062263711
0 240 448 454.747266421899
0 306 449 346.99268433348306
0 239 451 460.5383400712196
0 307 460 474.1927581322326
0 271 461 283.95873012487965
0 161 464 212.31534642946679
0 274 465 294.3145070606855
0 233 468 285.79474300821624
0 303 473 403.52131976734745
0 169 476 175.66764783241666
0 290 477 191.1469684449209
0 383 480 236.94842268274928
0 302 481 323.9822363388799
0 262 485 363.03358617906497
0 296 491 301.5578731753103
0 252 493 296.8860457657299
0 292 495 392.6617181051888
0 196 499 168.3963209636518
0 285 501 346.0224685870113
0 416 508 421.8474540845752
0 349 509 242.07573264228816
0 250 512 235.61533332322182
0 326 513 436.3712879608319
0 266 516 238.07825063199476
0 353 519 285.225106388513
0 276 526 422.60969271831993
0 275 527 244.68410677814524
0 313 537 397.3353744950777
0 410 540 270.9013080665449
0 321 541 490.79489128793244
0 267 543 123.324404429154
0 298 545 198.72501133560155
0 257 547 201.20217260050728
0 430 549 364.9782858445635
0 393 550 188.3531720771617
0 375 551 324.62707887473476
0 286 556 353.4159272946198
0 259 559 277.81500163479365
0 342 561 447.2476973118166
0 310 564 250.67634077319144
0 279 566 120.61496520780777
0 291 567 131.88977844972192
0 344 568 321.4677610902746
0 404 570 118.73515741176118
0 268 571 274.9556892249142
0 277 573 145.59373527170015
0 406 581 496.4353401072396
0 418 582 136.68836472486737
0 287 583 234.61374498330264
0 420 584 113.38722485687387
0 294 585 236.87520767964472
0 365 586 369.60822737277516
0 299 587 198.94230036094217
0 300 588 164.39600849239423
0 397 589 450.17855171130446
0 358 590 203.82292138254962
0 401 593 449.1450806001847
0 398 594 391.73150591471466
0 336 598 228.73216363362206
0 311 599 267.9707946420906
0 315 605 332.8836806060202
0 316 608 191.69169945751844
0 348 616 168.9061962012955
0 372 618 159.7368531797574
0 442 620 146.41860275146834
0 362 626 180.22622466746074
0 373 627 194.48845569320906
0 426 629 447.02979609607354
0 443 631 233.82033778708632
0 394 632 478.47512792706465
0 449 633 191.10960496511785
0 436 634 274.5725927644335
0 367 636 117.69856492661597
0 382 637 163.13447525671688
0 425 640 490.2882346000606
0 467 644 175.8393530050356
0 391 645 243.1546125736143
0 453 647 341.4153669328507
0 433 650 491.70047424144883
0 374 651 340.93705781833575
0 399 653 496.0415715152749
0 484 654 159.58359082902214
0 475 657 142.56108711095098
0 377 660 459.11796274876406
0 476 661 130.2667782995439
0 396 665 284.24726737222403
0 574 666 193.81874385768154
0 588 667 470.95192215989465
0 432 668 324.62924593797817
0 440 674 482.495103429404
0 493 680 195.10001407092912
0 450 683 378.7010115342396
0 579 684 199.84443376630617
0 496 685 224.4533843802015
0 457 687 251.39673083566646
0 487 690 333.22894531923833
0 429 692 355.69561480465086
0 584 694 215.01809726236414
0 524 695 186.3780992722494
0 470 696 277.54012654654423
0 507 702 172.9206653046475
0 478 706 296.6805346865248
0 483 709 268.6744688074511
0 459 710 405.7943405999424
0 506 714 246.18536094187542
0 514 717 200.71959987241783
0 511 721 288.8292752083019
0 495 722 310.30567036222266
0 539 725 160.25809081837176
0 519 727 344.18826406369567
0 528 729 211.55216029588928
0 527 734 323.83827867028236
0 531 736 245.22280281070798
0 521 737 202.73149286313253
0 492 745 382.0204287331132
0 550 746 126.63415548741068
0 526 749 460.630138419263
0 482 750 376.12391550783303
0 532 754 356.7378669595606
0 502 755 112.6979090061243
0 538 756 413.2079530854799
0 504 758 447.3573240286412
0 499 760 149.48163231448882
0 515 765 229.7608112149003
0 549 766 478.49382339649804
0 590 801 442.6154551058908
0 587 818 442.02363703942825

0 832.0 275.0
0 840.0 277.0
0 644.0 282.0
0 671.0 282.0
0 732.0 282.0
0 831.0 282.0
0 676.0 283.0
0 805.0 283.0
0 682.0 284.0
0 709.0 286.0
0 760.0 289.0
0 629.0 290.0
0 683.0 290.0
0 832.0 290.0
0 853.0 291.0
0 901.0 292.0
0 738.0 293.0
0 783.0 294.0
0 722.0 295.0
0 687.0 296.0
0 869.0 297.0
0 712.0 298.0
0 794.0 298.0
0 837.0 298.0
0 784.0 299.0
0 638.0 300.0
0 757.0 300.0
0 649.0 301.0
0 770.0 302.0
0 622.0 303.0
0 783.0 304.0
0 697.0 305.0
0 736.0 305.0
0 752.0 305.0
0 813.0 305.0
0 853.0 305.0
0 638.0 307.0
0 830.0 307.0
0 707.0 308.0
0 713.0 308.0
0 792.0 308.0
0 724.0 309.0
0 900.0 309.0
0 736.0 310.0
0 813.0 310.0
0 674.0 311.0
0 843.0 311.0
0 692.0 313.0
0 592.0 314.0
0 781.0 314.0
0 819.0 314.0
0 631.0 316.0
0 829.0 317.0
0 853.0 317.0
0 593.0 319.0
0 906.0 319.0
0 618.0 320.0
0 654.0 320.0
0 682.0 320.0
0 704.0 320.0
0 727.0 320.0
0 911.0 320.0
0 668.0 322.0
0 842.0 322.0
0 916.0 322.0
0 596.0 324.0
0 633.0 327.0
0 855.0 329.0
0 841.0 330.0
0 689.0 332.0
0 675.0 335.0
0 599.0 336.0
0 655.0 336.0
0 890.0 336.0
0 813.0 337.0
0 633.0 338.0
0 661.0 340.0
0 704.0 341.0
0 928.0 345.0
0 662.0 347.0
0 931.0 350.0
0 691.0 352.0
0 590.0 358.0
0 601.0 359.0
0 628.0 359.0
0 662.0 360.0
0 859.0 360.0
0 638.0 362.0
0 679.0 366.0
0 838.0 366.0
0 867.0 367.0
0 1174.0 367.0
0 587.0 370.0
0 805.0 370.0
0 940.0 370.0
0 856.0 371.0
0 869.0 372.0
0 602.0 373.0
0 828.0 373.0
0 850.0 374.0
0 609.0 375.0
0 673.0 375.0
0 999.0 375.0
0 1004.0 375.0
0 593.0 376.0
0 1009.0 376.0
0 654.0 377.0
0 979.0 378.0
0 1027.0 378.0
0 868.0 379.0
0 844.0 380.0
0 1032.0 380.0
0 821.0 381.0
0 970.0 381.0
0 1037.0 381.0
0 602.0 383.0
0 644.0 383.0
0 856.0 383.0
0 946.0 383.0
0 667.0 385.0
0 963.0 386.0
0 583.0 388.0
0 657.0 388.0
0 837.0 388.0
0 612.0 389.0
0 849.0 389.0
0 951.0 390.0
0 863.0 391.0
0 957.0 391.0
0 982.0 391.0
0 814.0 392.0
0 601.0 393.0
0 968.0 393.0
0 1055.0 393.0
0 650.0 394.0
0 676.0 394.0
0 684.0 395.0
0 842.0 395.0
0 923.0 395.0
0 661.0 396.0
0 826.0 396.0
0 934.0 396.0
0 691.0 398.0
0 1042.0 398.0
0 923.0 400.0
0 964.0 401.0
0 969.0 401.0
0 674.0 402.0
0 700.0 402.0
0 836.0 402.0
0 974.0 402.0
0 818.0 403.0
0 809.0 404.0
0 952.0 404.0
0 1063.0 405.0
0 658.0 407.0
0 913.0 407.0
0 1054.0 407.0
0 681.0 408.0
0 714.0 408.0
0 851.0 408.0
0 934.0 408.0
0 943.0 409.0
0 808.0 410.0
0 1039.0 410.0
0 691.0 412.0
0 951.0 412.0
0 725.0 413.0
0 793.0 413.0
0 824.0 414.0
0 926.0 414.0
0 843.0 415.0
0 731.0 416.0
0 810.0 416.0
0 1051.0 416.0
0 888.0 417.0
0 674.0 418.0
0 791.0 418.0
0 972.0 418.0
0 705.0 419.0
0 837.0 419.0
0 1058.0 419.0
0 741.0 421.0
0 944.0 421.0
0 663.0 422.0
0 828.0 422.0
0 932.0 422.0
0 979.0 422.0
0 713.0 423.0
0 746.0 423.0
0 817.0 423.0
0 924.0 423.0
0 903.0 424.0
0 970.0 424.0
0 1035.0 424.0
0 1073.0 424.0
0 645.0 425.0
0 751.0 425.0
0 785.0 425.0
0 999.0 425.0
0 944.0 426.0
0 956.0 426.0
0 678.0 427.0
0 721.0 427.0
0 977.0 427.0
0 604.0 429.0
0 759.0 429.0
0 1074.0 429.0
0 659.0 430.0
0 764.0 430.0
0 854.0 430.0
0 731.0 431.0
0 1067.0 431.0
0 746.0 432.0
0 643.0 433.0
0 736.0 433.0
0 741.0 433.0
0 924.0 433.0
0 828.0 434.0
0 932.0 434.0
0 1054.0 434.0
0 1078.0 434.0
0 774.0 435.0
0 955.0 435.0
0 949.0 436.0
0 866.0 437.0
0 750.0 438.0
0 861.0 438.0
0 781.0 440.0
0 941.0 440.0
0 972.0 440.0
0 659.0 441.0
0 1034.0 441.0
0 1053.0 441.0
0 690.0 442.0
0 756.0 442.0
0 855.0 442.0
0 952.0 442.0
0 1064.0 442.0
0 883.0 443.0
0 701.0 444.0
0 763.0 444.0
0 982.0 444.0
0 781.0 445.0
0 987.0 445.0
0 1025.0 446.0
0 1077.0 446.0
0 1061.0 447.0
0 648.0 448.0
0 668.0 448.0
0 867.0 448.0
0 932.0 448.0
0 1056.0 449.0
0 727.0 450.0
0 771.0 450.0
0 1100.0 451.0
0 780.0 452.0
0 967.0 453.0
0 956.0 455.0
0 1043.0 455.0
0 693.0 456.0
0 720.0 456.0
0 946.0 456.0
0 951.0 456.0
0 1100.0 456.0
0 889.0 457.0
0 1038.0 457.0
0 656.0 458.0
0 988.0 458.0
0 1033.0 458.0
0 1075.0 458.0
0 702.0 459.0
0 711.0 459.0
0 683.0 460.0
0 798.0 460.0
0 1008.0 460.0
0 1026.0 460.0
0 806.0 461.0
0 812.0 461.0
0 877.0 461.0
0 930.0 461.0
0 646.0 462.0
0 660.0 463.0
0 976.0 463.0
0 988.0 463.0
0 693.0 464.0
0 723.0 464.0
0 961.0 464.0
0 996.0 465.0
0 1100.0 465.0
0 806.0 466.0
0 816.0 466.0
0 968.0 466.0
0 669.0 467.0
0 659.0 468.0
0 703.0 468.0
0 716.0 468.0
0 782.0 468.0
0 871.0 468.0
0 676.0 469.0
0 790.0 469.0
0 827.0 469.0
0 1043.0 469.0
0 796.0 470.0
0 986.0 470.0
0 734.0 471.0
0 1036.0 471.0
0 805.0 472.0
0 1026.0 472.0
0 684.0 473.0
0 721.0 473.0
0 726.0 473.0
0 1006.0 473.0
0 663.0 474.0
0 611.0 475.0
0 911.0 475.0
0 691.0 476.0
0 985.0 476.0
0 1054.0 476.0
0 716.0 477.0
0 742.0 477.0
0 651.0 478.0
0 737.0 478.0
0 659.0 479.0
0 668.0 479.0
0 829.0 479.0
0 854.0 479.0
0 702.0 480.0
0 805.0 480.0
0 1042.0 480.0
0 726.0 481.0
0 788.0 481.0
0 896.0 481.0
0 711.0 482.0
0 1003.0 482.0
0 649.0 483.0
0 675.0 483.0
0 737.0 483.0
0 834.0 483.0
0 668.0 484.0
0 732.0 484.0
0 751.0 484.0
0 663.0 485.0
0 693.0 485.0
0 799.0 485.0
0 593.0 486.0
0 610.0 487.0
0 654.0 487.0
0 744.0 487.0
0 874.0 487.0
0 919.0 487.0
0 645.0 488.0
0 682.0 488.0
0 718.0 488.0
0 943.0 488.0
0 677.0 489.0
0 806.0 489.0
0 1098.0 489.0
0 666.0 490.0
0 671.0 490.0
0 992.0 490.0
0 1083.0 490.0
0 635.0 491.0
0 701.0 491.0
0 967.0 491.0
0 640.0 492.0
0 729.0 492.0
0 833.0 492.0
0 689.0 493.0
0 760.0 493.0
0 794.0 493.0
0 678.0 494.0
0 734.0 494.0
0 954.0 494.0
0 648.0 495.0
0 653.0 495.0
0 667.0 495.0
0 673.0 495.0
0 817.0 495.0
0 907.0 495.0
0 1040.0 495.0
0 1176.0 495.0
0 742.0 496.0
0 856.0 496.0
0 583.0 497.0
0 617.0 497.0
0 780.0 497.0
0 697.0 498.0
0 767.0 498.0
0 897.0 498.0
0 660.0 499.0
0 725.0 499.0
0 902.0 499.0
0 960.0 499.0
0 655.0 500.0
0 685.0 500.0
0 678.0 501.0
0 734.0 501.0
0 640.0 502.0
0 781.0 502.0
0 989.0 502.0
0 1041.0 502.0
0 624.0 503.0
0 669.0 503.0
0 773.0 503.0
0 873.0 503.0
0 664.0 504.0
0 910.0 504.0
0 599.0 505.0
0 855.0 505.0
0 650.0 506.0
0 694.0 506.0
0 563.0 507.0
0 682.0 507.0
0 780.0 507.0
0 889.0 507.0
0 745.0 508.0
0 809.0 508.0
0 670.0 509.0
0 720.0 509.0
0 1040.0 509.0
0 633.0 510.0
0 676.0 510.0
0 715.0 510.0
0 1072.0 510.0
0 687.0 511.0
0 738.0 511.0
0 578.0 512.0
0 624.0 512.0
0 658.0 512.0
0 757.0 512.0
0 820.0 512.0
0 1095.0 512.0
0 794.0 513.0
0 559.0 514.0
0 645.0 514.0
0 768.0 514.0
0 865.0 514.0
0 871.0 514.0
0 931.0 514.0
0 860.0 515.0
0 879.0 515.0
0 912.0 515.0
0 676.0 516.0
0 788.0 516.0
0 936.0 516.0
0 855.0 517.0
0 884.0 517.0
0 814.0 518.0
0 636.0 519.0
0 683.0 519.0
0 751.0 519.0
0 723.0 520.0
0 654.0 521.0
0 625.0 522.0
0 670.0 522.0
0 1092.0 522.0
0 778.0 523.0
0 684.0 524.0
0 620.0 525.0
0 645.0 526.0
0 912.0 526.0
0 760.0 527.0
0 796.0 527.0
0 897.0 527.0
0 676.0 528.0
0 784.0 528.0
0 789.0 528.0
0 853.0 528.0
0 938.0 528.0
0 567.0 529.0
0 572.0 529.0
0 755.0 529.0
0 921.0 529.0
0 699.0 530.0
0 691.0 531.0
0 902.0 531.0
0 666.0 532.0
0 773.0 533.0
0 799.0 533.0
0 553.0 534.0
0 655.0 534.0
0 590.0 535.0
0 852.0 535.0
0 787.0 536.0
0 809.0 536.0
0 1066.0 536.0
0 1076.0 536.0
0 919.0 537.0
0 706.0 538.0
0 698.0 539.0
0 598.0 540.0
0 766.0 540.0
0 850.0 540.0
0 393.0 541.0
0 675.0 542.0
0 545.0 543.0
0 780.0 543.0
0 790.0 543.0
0 909.0 543.0
0 972.0 543.0
0 693.0 544.0
0 935.0 545.0
0 806.0 546.0
0 705.0 547.0
0 717.0 547.0
0 722.0 547.0
0 949.0 547.0
0 543.0 548.0
0 588.0 548.0
0 608.0 548.0
0 668.0 548.0
0 984.0 548.0
0 682.0 549.0
0 771.0 549.0
0 799.0 549.0
0 853.0 549.0
0 1052.0 549.0
0 1087.0 549.0
0 574.0 550.0
0 599.0 550.0
0 614.0 552.0
0 700.0 552.0
0 542.0 553.0
0 1065.0 553.0
0 674.0 554.0
0 818.0 554.0
0 855.0 554.0
0 915.0 554.0
0 1073.0 554.0
0 558.0 555.0
0 760.0 555.0
0 1008.0 555.0
0 727.0 556.0
0 795.0 556.0
0 1039.0 557.0
0 374.0 558.0
0 689.0 558.0
0 813.0 558.0
0 540.0 559.0
0 564.0 560.0
0 895.0 560.0
0 915.0 560.0
0 1000.0 560.0
0 808.0 561.0
0 858.0 561.0
0 682.0 563.0
0 1022.0 563.0
0 1050.0 563.0
0 540.0 564.0
0 572.0 564.0
0 628.0 564.0
0 937.0 564.0
0 944.0 564.0
0 747.0 565.0
0 766.0 565.0
0 784.0 565.0
0 735.0 566.0
0 720.0 567.0
0 917.0 567.0
0 669.0 568.0
0 697.0 568.0
0 711.0 568.0
0 779.0 569.0
0 864.0 569.0
0 944.0 569.0
0 1010.0 569.0
0 994.0 570.0
0 688.0 572.0
0 1028.0 572.0
0 598.0 573.0
0 917.0 573.0
0 944.0 574.0
0 1018.0 574.0
0 1082.0 575.0
0 815.0 576.0
0 1171.0 576.0
0 641.0 578.0
0 709.0 578.0
0 915.0 578.0
0 950.0 579.0
0 602.0 581.0
0 563.0 582.0
0 1025.0 582.0
0 571.0 583.0
0 1016.0 583.0
0 870.0 584.0
0 912.0 584.0
0 1002.0 584.0
0 670.0 585.0
0 827.0 585.0
0 1033.0 586.0
0 989.0 587.0
0 619.0 588.0
0 692.0 588.0
0 716.0 588.0
0 635.0 589.0
0 851.0 589.0
0 984.0 589.0
0 1016.0 589.0
0 1301.0 589.0
0 804.0 591.0
0 1038.0 591.0
0 640.0 592.0
0 735.0 592.0
0 1004.0 593.0
0 696.0 594.0
0 832.0 594.0
0 1014.0 594.0
0 624.0 595.0
0 896.0 595.0
0 795.0 598.0
0 601.0 599.0
0 699.0 599.0
0 723.0 599.0
0 831.0 599.0
0 973.0 599.0
0 687.0 600.0
0 899.0 600.0
0 1036.0 600.0
0 569.0 601.0
0 1078.0 601.0
0 831.0 604.0
0 702.0 605.0
0 725.0 605.0
0 1045.0 605.0
0 971.0 606.0
0 919.0 607.0
0 651.0 608.0
0 802.0 611.0
0 854.0 611.0
0 606.0 614.0
0 707.0 614.0
0 594.0 615.0
0 625.0 615.0
0 892.0 615.0
0 930.0 615.0
0 973.0 615.0
0 730.0 616.0
0 741.0 616.0
0 796.0 616.0
0 1055.0 616.0
0 1040.0 617.0
0 754.0 619.0
0 572.0 621.0
0 988.0 621.0
0 1038.0 622.0
0 610.0 623.0
0 890.0 623.0
0 976.0 623.0
0 713.0 624.0
0 1033.0 624.0
0 613.0 629.0
0 746.0 629.0
0 555.0 631.0
0 992.0 631.0
0 350.0 632.0
0 584.0 632.0
0 701.0 632.0
0 1016.0 632.0
0 1021.0 632.0
0 579.0 633.0
0 998.0 634.0
0 1003.0 634.0
0 718.0 635.0
0 1008.0 635.0
0 380.0 637.0
0 186.0 638.0
0 721.0 641.0
0 851.0 641.0
0 226.0 643.0
0 832.0 643.0
0 651.0 644.0
0 682.0 644.0
0 667.0 645.0
0 641.0 647.0
0 1070.0 647.0
0 673.0 648.0
0 832.0 648.0
0 1022.0 650.0
0 595.0 651.0
0 831.0 653.0
0 337.0 654.0
0 687.0 655.0
0 419.0 656.0
0 594.0 656.0
0 663.0 656.0
0 677.0 656.0
0 812.0 657.0
0 829.0 658.0
0 654.0 659.0
0 804.0 659.0
0 761.0 661.0
0 690.0 663.0
0 287.0 664.0
0 573.0 664.0
0 668.0 664.0
0 279.0 666.0
0 641.0 667.0
0 824.0 667.0
0 691.0 668.0
0 803.0 668.0
0 602.0 669.0
0 879.0 671.0
0 646.0 672.0
0 822.0 672.0
0 656.0 673.0
0 1067.0 673.0
0 651.0 674.0
0 666.0 674.0
0 694.0 675.0
0 817.0 676.0
0 862.0 676.0
0 877.0 676.0
0 614.0 677.0
0 1013.0 677.0
0 1066.0 678.0
0 603.0 681.0
0 682.0 681.0
0 1053.0 681.0
0 391.0 682.0
0 618.0 682.0
0 873.0 683.0
0 1064.0 684.0
0 765.0 685.0
0 588.0 686.0
0 1418.0 686.0
0 622.0 687.0
0 732.0 687.0
0 612.0 688.0
0 796.0 689.0
0 1062.0 689.0
0 697.0 690.0
0 616.0 693.0
0 629.0 694.0
0 391.0 699.0
0 622.0 699.0
0 637.0 699.0
0 843.0 700.0
0 698.0 702.0
0 1046.0 704.0
0 626.0 707.0
0 698.0 707.0
0 967.0 708.0
0 379.0 710.0
0 690.0 710.0
0 612.0 712.0
0 1058.0 712.0
0 633.0 713.0
0 661.0 715.0
0 694.0 715.0
0 682.0 716.0
0 670.0 717.0
0 933.0 718.0
0 684.0 724.0
0 970.0 724.0
0 669.0 725.0
0 747.0 725.0
0 745.0 730.0
0 692.0 733.0
0 1014.0 733.0
0 639.0 734.0
0 679.0 735.0
0 731.0 736.0
0 1013.0 739.0
0 1054.0 739.0
0 644.0 740.0
0 631.0 743.0
0 1012.0 745.0
0 658.0 746.0
0 688.0 747.0
0 667.0 749.0
0 672.0 749.0
0 127.0 754.0
0 1172.0 755.0
0 1487.0 773.0
0 111.0 774.0
0 639.0 774.0
0 236.0 785.0
0 257.0 792.0
0 90.0 794.0
0 642.0 801.0
0 191.0 802.0
0 373.0 803.0
0 853.0 804.0
0 262.0 805.0
0 179.0 806.0
0 107.0 808.0
0 160.0 813.0
0 303.0 818.0
0 1090.0 819.0
0 1206.0 820.0
0 1103.0 821.0
0 269.0 822.0
0 187.0 823.0
0 447.0 826.0
0 369.0 827.0
0 1458.0 827.0
0 492.0 828.0
0 516.0 828.0
0 307.0 829.0
0 830.0 829.0
0 459.0 831.0
0 421.0 833.0
0 828.0 834.0
0 334.0 835.0
0 406.0 838.0
0 467.0 839.0
0 1005.0 841.0
0 423.0 845.0
0 1244.0 845.0
0 346.0 846.0
0 556.0 846.0
0 366.0 847.0
0 601.0 848.0
0 408.0 851.0
0 1125.0 851.0
0 236.0 854.0
0 991.0 857.0
0 611.0 858.0
0 428.0 859.0
0 642.0 859.0
0 1315.0 859.0
0 273.0 860.0
0 625.0 862.0
0 669.0 862.0
0 338.0 863.0
0 639.0 864.0
0 439.0 868.0
0 446.0 870.0
0 422.0 871.0
0 517.0 872.0
0 231.0 874.0
0 509.0 876.0
0 468.0 878.0
0 1306.0 882.0
0 938.0 884.0
0 756.0 886.0
0 461.0 887.0
0 596.0 888.0
0 645.0 888.0
0 470.0 889.0
0 421.0 890.0
0 604.0 890.0
0 678.0 890.0
0 524.0 891.0
0 496.0 892.0
0 566.0 892.0
0 687.0 893.0
0 1122.0 895.0
0 598.0 897.0
0 628.0 897.0
0 781.0 897.0
0 19.0 898.0
0 583.0 899.0
0 1400.0 899.0
0 607.0 900.0
0 815.0 900.0
0 196.0 902.0
0 462.0 903.0
0 239.0 905.0
0 575.0 905.0
0 524.0 906.0
0 558.0 907.0
0 641.0 907.0
0 736.0 908.0
0 497.0 909.0
0 592.0 909.0
0 606.0 909.0
0 189.0 910.0
0 669.0 910.0
0 503.0 911.0
0 802.0 911.0
0 625.0 913.0
0 1402.0 913.0
0 768.0 915.0
0 204.0 916.0
0 279.0 916.0
0 779.0 916.0
0 891.0 916.0
0 938.0 918.0
0 830.0 920.0
0 849.0 920.0
0 463.0 922.0
0 957.0 923.0
0 576.0 924.0
0 695.0 924.0
0 133.0 925.0
0 659.0 925.0
0 584.0 926.0
0 702.0 926.0
0 526.0 927.0
0 771.0 927.0
0 866.0 928.0
0 479.0 930.0
0 453.0 933.0
0 684.0 933.0
0 501.0 934.0
0 636.0 934.0
0 1407.0 934.0
0 727.0 936.0
0 435.0 938.0
0 528.0 938.0
0 672.0 938.0
0 893.0 938.0
0 464.0 939.0
0 813.0 939.0
0 512.0 940.0
0 838.0 940.0
0 902.0 940.0
0 12.0 941.0
0 484.0 941.0
0 568.0 941.0
0 444.0 942.0
0 144.0 943.0
0 595.0 943.0
0 455.0 944.0
0 702.0 944.0
0 1072.0 945.0
0 769.0 946.0
0 428.0 948.0
0 563.0 948.0
0 689.0 949.0
0 896.0 949.0
0 128.0 950.0
0 658.0 951.0
0 906.0 951.0
0 812.0 957.0
0 767.0 958.0
0 825.0 960.0
0 746.0 962.0
0 415.0 964.0
0 714.0 965.0
0 632.0 967.0
0 761.0 967.0
0 449.0 968.0
0 1030.0 968.0
0 549.0 969.0
0 652.0 969.0
0 846.0 969.0
0 219.0 970.0
0 1040.0 970.0
0 606.0 971.0
0 965.0 972.0
0 1238.0 972.0
0 739.0 973.0
0 1420.0 976.0
0 447.0 977.0
0 575.0 978.0
0 412.0 979.0
0 626.0 979.0
0 639.0 980.0
0 186.0 981.0
0 689.0 981.0
0 147.0 983.0
0 541.0 984.0
0 598.0 984.0
0 734.0 984.0
0 434.0 985.0
0 1054.0 985.0
0 465.0 986.0
0 556.0 986.0
0 709.0 986.0
0 473.0 988.0
0 608.0 988.0
0 958.0 988.0
0 1065.0 988.0
0 225.0 989.0
0 525.0 990.0
0 570.0 990.0
0 992.0 990.0
0 686.0 991.0
1 864.0 117.0
1 841.0 342.0
1 931.0 343.0
1 813.0 375.0
1 1103.0 375.0
1 774.0 376.0
1 785.0 377.0
1 1114.0 377.0
1 739.0 378.0
1 701.0 379.0
1 727.0 379.0
1 734.0 379.0
1 808.0 379.0
1 689.0 380.0
1 774.0 381.0
1 765.0 382.0
1 1034.0 382.0
1 1066.0 382.0
1 1093.0 382.0
1 808.0 384.0
1 1120.0 386.0
1 716.0 387.0
1 728.0 387.0
1 957.0 387.0
1 700.0 388.0
1 806.0 391.0
1 1043.0 391.0
1 954.0 392.0
1 702.0 394.0
1 774.0 394.0
1 783.0 394.0
1 1031.0 394.0
1 707.0 395.0
1 719.0 396.0
1 672.0 397.0
1 635.0 398.0
1 651.0 398.0
1 1122.0 398.0
1 1076.0 400.0
1 747.0 402.0
1 763.0 403.0
1 779.0 403.0
1 795.0 403.0
1 841.0 406.0
1 846.0 406.0
1 852.0 406.0
1 859.0 406.0
1 864.0 406.0
1 870.0 406.0
1 875.0 406.0
1 888.0 406.0
1 818.0 407.0
1 823.0 407.0
1 832.0 407.0
1 880.0 407.0
1 906.0 407.0
1 911.0 407.0
1 916.0 407.0
1 923.0 407.0
1 930.0 407.0
1 1061.0 407.0
1 813.0 408.0
1 950.0 408.0
1 1020.0 408.0
1 1036.0 408.0
1 1115.0 409.0
1 676.0 410.0
1 939.0 410.0
1 1086.0 410.0
1 1091.0 410.0
1 1104.0 410.0
1 1135.0 410.0
1 1007.0 411.0
1 706.0 412.0
1 852.0 412.0
1 901.0 412.0
1 789.0 414.0
1 633.0 415.0
1 722.0 415.0
1 816.0 415.0
1 870.0 415.0
1 875.0 415.0
1 880.0 415.0
1 756.0 416.0
1 895.0 416.0
1 906.0 416.0
1 952.0 416.0
1 1048.0 417.0
1 1102.0 417.0
1 1116.0 417.0
1 651.0 418.0
1 839.0 418.0
1 844.0 418.0
1 1085.0 418.0
1 810.0 419.0
1 944.0 419.0
1 815.0 421.0
1 827.0 421.0
1 911.0 421.0
1 930.0 421.0
1 952.0 421.0
1 1006.0 421.0
1 1019.0 421.0
1 598.0 422.0
1 822.0 422.0
1 832.0 422.0
1 853.0 422.0
1 864.0 422.0
1 895.0 422.0
1 917.0 422.0
1 922.0 422.0
1 972.0 422.0
1 622.0 423.0
1 784.0 423.0
1 844.0 423.0
1 876.0 423.0
1 887.0 423.0
1 675.0 424.0
1 757.0 424.0
1 980.0 425.0
1 1132.0 425.0
1 1148.0 428.0
1 722.0 429.0
1 1114.0 429.0
1 1060.0 430.0
1 1088.0 430.0
1 788.0 431.0
1 804.0 431.0
1 596.0 432.0
1 756.0 432.0
1 621.0 433.0
1 958.0 433.0
1 971.0 433.0
1 779.0 436.0
1 807.0 436.0
1 827.0 436.0
1 996.0 437.0
1 1064.0 437.0
1 985.0 438.0
1 990.0 438.0
1 1008.0 438.0
1 1024.0 438.0
1 1101.0 439.0
1 1116.0 439.0
1 1151.0 440.0
1 792.0 443.0
1 767.0 444.0
1 682.0 445.0
1 996.0 445.0
1 1005.0 445.0
1 671.0 447.0
1 689.0 447.0
1 793.0 448.0
1 799.0 448.0
1 805.0 448.0
1 1058.0 448.0
1 1063.0 448.0
1 765.0 449.0
1 1072.0 449.0
1 1107.0 449.0
1 718.0 450.0
1 1079.0 450.0
1 723.0 451.0
1 1034.0 451.0
1 1048.0 451.0
1 772.0 452.0
1 969.0 452.0
1 974.0 452.0
1 954.0 453.0
1 1084.0 453.0
1 1098.0 453.0
1 732.0 454.0
1 818.0 454.0
1 823.0 454.0
1 993.0 454.0
1 661.0 455.0
1 666.0 455.0
1 693.0 455.0
1 813.0 455.0
1 869.0 455.0
1 1039.0 455.0
1 636.0 456.0
1 647.0 456.0
1 922.0 456.0
1 1028.0 456.0
1 1033.0 456.0
1 780.0 457.0
1 705.0 458.0
1 983.0 459.0
1 693.0 460.0
1 744.0 461.0
1 936.0 461.0
1 720.0 462.0
1 960.0 462.0
1 972.0 462.0
1 621.0 463.0
1 1096.0 463.0
1 612.0 464.0
1 885.0 464.0
1 603.0 465.0
1 701.0 465.0
1 1023.0 465.0
1 596.0 467.0
1 690.0 467.0
1 901.0 467.0
1 922.0 467.0
1 1028.0 467.0
1 637.0 468.0
1 649.0 468.0
1 659.0 468.0
1 667.0 468.0
1 672.0 468.0
1 1009.0 468.0
1 1099.0 468.0
1 800.0 469.0
1 973.0 469.0
1 681.0 470.0
1 931.0 470.0
1 624.0 471.0
1 745.0 471.0
1 911.0 471.0
1 596.0 472.0
1 917.0 472.0
1 1027.0 472.0
1 721.0 473.0
1 960.0 473.0
1 790.0 474.0
1 604.0 475.0
1 871.0 475.0
1 619.0 476.0
1 627.0 476.0
1 1020.0 476.0
1 632.0 477.0
1 1027.0 477.0
1 701.0 478.0
1 932.0 478.0
1 738.0 479.0
1 758.0 479.0
1 717.0 481.0
1 939.0 481.0
1 1001.0 482.0
1 976.0 483.0
1 1012.0 483.0
1 1024.0 483.0
1 604.0 485.0
1 1149.0 485.0
1 594.0 486.0
1 620.0 486.0
1 710.0 486.0
1 1104.0 486.0
1 1109.0 486.0
1 1116.0 486.0
1 1027.0 488.0
1 726.0 489.0
1 715.0 490.0
1 720.0 490.0
1 1013.0 491.0
1 1131.0 491.0
1 637.0 492.0
1 1103.0 492.0
1 671.0 493.0
1 766.0 493.0
1 986.0 493.0
1 959.0 494.0
1 618.0 495.0
1 755.0 495.0
1 1030.0 495.0
1 1122.0 496.0
1 1101.0 497.0
1 592.0 498.0
1 608.0 498.0
1 1045.0 498.0
1 1149.0 498.0
1 808.0 499.0
1 887.0 499.0
1 1031.0 500.0
1 993.0 501.0
1 1142.0 502.0
1 967.0 503.0
1 1130.0 503.0
1 596.0 505.0
1 845.0 506.0
1 856.0 506.0
1 861.0 506.0
1 866.0 506.0
1 917.0 506.0
1 1027.0 506.0
1 1151.0 506.0
1 613.0 507.0
1 729.0 508.0
1 877.0 509.0
1 1120.0 509.0
1 897.0 510.0
1 974.0 510.0
1 1142.0 510.0
1 808.0 511.0
1 823.0 512.0
1 832.0 512.0
1 1041.0 512.0
1 1090.0 512.0
1 1128.0 512.0
1 1155.0 512.0
1 868.0 513.0
1 1018.0 513.0
1 1033.0 513.0
1 1160.0 514.0
1 844.0 515.0
1 857.0 515.0
1 839.0 516.0
1 1084.0 516.0
1 1050.0 517.0
1 1149.0 517.0
1 686.0 518.0
1 909.0 518.0
1 934.0 518.0
1 1129.0 518.0
1 1141.0 518.0
1 716.0 519.0
1 1055.0 519.0
1 1079.0 519.0
1 827.0 520.0
1 1039.0 520.0
1 1073.0 520.0
1 792.0 521.0
1 804.0 521.0
1 813.0 521.0
1 923.0 521.0
1 1063.0 521.0
1 1068.0 521.0
1 656.0 522.0
1 686.0 524.0
1 717.0 524.0
1 729.0 524.0
1 750.0 524.0
1 929.0 524.0
1 706.0 526.0
1 1120.0 527.0
1 1163.0 527.0
1 798.0 528.0
1 919.0 528.0
1 810.0 529.0
1 691.0 530.0
1 939.0 531.0
1 737.0 533.0
1 927.0 533.0
1 1165.0 533.0
1 684.0 534.0
1 696.0 535.0
1 1118.0 535.0
1 801.0 536.0
1 851.0 536.0
1 1106.0 536.0
1 1138.0 536.0
1 789.0 538.0
1 838.0 538.0
1 933.0 538.0
1 946.0 538.0
1 1164.0 538.0
1 1002.0 540.0
1 733.0 543.0
1 793.0 543.0
1 950.0 543.0
1 1118.0 543.0
1 1162.0 543.0
1 840.0 544.0
1 1027.0 544.0
1 1065.0 544.0
1 1098.0 544.0
1 695.0 546.0
1 835.0 547.0
1 942.0 547.0
1 1047.0 547.0
1 1060.0 547.0
1 1079.0 548.0
1 1160.0 548.0
1 840.0 549.0
1 1088.0 549.0
1 1148.0 549.0
1 957.0 551.0
1 686.0 552.0
1 703.0 552.0
1 717.0 552.0
1 1120.0 552.0
1 730.0 553.0
1 818.0 555.0
1 951.0 556.0
1 596.0 558.0
1 962.0 558.0
1 622.0 559.0
1 686.0 560.0
1 769.0 560.0
1 1126.0 560.0
1 727.0 562.0
1 774.0 562.0
1 954.0 562.0
1 779.0 563.0
1 1147.0 563.0
1 885.0 565.0
1 892.0 569.0
1 962.0 569.0
1 968.0 569.0
1 835.0 572.0
1 763.0 574.0
1 772.0 576.0
1 798.0 577.0
1 824.0 579.0
1 814.0 580.0
1 717.0 581.0
1 839.0 581.0
1 859.0 583.0
1 761.0 584.0
1 898.0 584.0
1 903.0 584.0
1 686.0 586.0
1 910.0 586.0
1 719.0 587.0
1 724.0 589.0
1 1024.0 590.0
1 758.0 593.0
1 809.0 593.0
1 769.0 594.0
1 831.0 594.0
1 724.0 597.0
1 809.0 598.0
1 941.0 598.0
1 971.0 599.0
1 977.0 600.0
1 826.0 603.0
1 901.0 605.0
1 991.0 605.0
1 735.0 606.0
1 906.0 606.0
1 947.0 606.0
1 910.0 611.0
1 979.0 612.0
1 1024.0 612.0
1 811.0 616.0
1 735.0 618.0
1 768.0 618.0
1 725.0 619.0
1 882.0 619.0
1 967.0 620.0
1 760.0 621.0
1 796.0 621.0
1 978.0 622.0
1 1023.0 623.0
1 992.0 630.0
1 836.0 631.0
1 909.0 631.0
1 795.0 633.0
1 904.0 633.0
1 1021.0 633.0
1 936.0 635.0
1 821.0 636.0
1 977.0 636.0
1 925.0 637.0
1 762.0 639.0
1 898.0 639.0
1 599.0 641.0
1 940.0 641.0
1 976.0 641.0
1 1018.0 643.0
1 772.0 644.0
1 962.0 646.0
1 974.0 646.0
1 730.0 647.0
1 625.0 648.0
1 763.0 648.0
1 907.0 652.0
1 922.0 652.0
1 893.0 654.0
1 1015.0 654.0
1 933.0 655.0
1 971.0 655.0
1 598.0 656.0
1 776.0 657.0
1 769.0 660.0
1 625.0 662.0
1 878.0 662.0
1 908.0 663.0
1 1011.0 664.0
1 953.0 665.0
1 965.0 667.0
1 898.0 668.0
1 738.0 669.0
1 951.0 670.0
1 917.0 671.0
1 847.0 672.0
1 1007.0 672.0
1 600.0 674.0
1 871.0 674.0
1 960.0 676.0
1 944.0 678.0
1 791.0 679.0
1 624.0 680.0
1 1000.0 683.0
1 787.0 684.0
1 792.0 684.0
1 874.0 684.0
1 1139.0 684.0
1 746.0 687.0
1 955.0 687.0
1 1104.0 688.0
1 791.0 689.0
1 971.0 691.0
1 599.0 693.0
1 811.0 694.0
1 803.0 695.0
1 949.0 695.0
1 599.0 698.0
1 625.0 699.0
1 820.0 700.0
1 915.0 700.0
1 988.0 700.0
1 804.0 701.0
1 1138.0 702.0
1 599.0 703.0
1 790.0 703.0
1 814.0 703.0
1 826.0 704.0
1 1105.0 705.0
1 834.0 706.0
1 906.0 706.0
1 900.0 707.0
1 763.0 708.0
1 889.0 708.0
1 894.0 708.0
1 845.0 709.0
1 822.0 711.0
1 626.0 713.0
1 923.0 713.0
1 829.0 714.0
1 910.0 715.0
1 871.0 716.0
1 805.0 717.0
1 837.0 717.0
1 901.0 718.0
1 895.0 719.0
1 890.0 720.0
1 779.0 721.0
1 871.0 721.0
1 627.0 722.0
1 932.0 722.0
1 600.0 725.0
1 1138.0 725.0
1 834.0 728.0
1 1241.0 728.0
1 702.0 729.0
1 919.0 729.0
1 862.0 734.0
1 804.0 737.0
1 309.0 739.0
1 599.0 739.0
1 329.0 741.0
1 907.0 741.0
1 340.0 742.0
1 852.0 743.0
1 875.0 743.0
1 1136.0 743.0
1 862.0 746.0
1 1466.0 748.0
1 599.0 750.0
1 365.0 754.0
1 174.0 756.0
1 774.0 758.0
1 779.0 760.0
1 1346.0 760.0
1 600.0 762.0
1 1136.0 763.0
1 145.0 768.0
1 505.0 770.0
1 1136.0 773.0
1 449.0 775.0
1 520.0 778.0
1 408.0 779.0
1 599.0 779.0
1 394.0 786.0
1 748.0 786.0
1 354.0 787.0
1 446.0 788.0
1 1134.0 791.0
1 1133.0 796.0
1 598.0 806.0
1 547.0 810.0
1 355.0 814.0
1 1027.0 825.0
1 1130.0 825.0
1 1141.0 826.0
1 151.0 827.0
1 1131.0 837.0
1 955.0 867.0
1 1137.0 881.0
1 891.0 890.0
1 724.0 906.0
