0 5 0 166.29006652409072
0 55 1 117.12147777938806
0 752 2 150.5842885982495
0 97 3 248.89024447955728
0 207 4 120.07394862573031
0 71 5 218.1963843619571
0 117 6 189.7973447040582
0 24 8 144.98933356493995
0 61 9 194.52832503262195
0 703 11 146.6111560766077
0 215 12 302.3347521817712
0 387 14 289.83118850592365
0 275 15 157.61814679446564
0 321 16 167.24145269815295
0 139 17 168.80439889926905
0 685 18 168.07159635606797
0 556 20 124.75169883422575
0 475 21 124.32620576970803
0 222 22 108.58981848769476
0 89 23 211.73421810350322
0 183 24 113.6947982165252
0 98 25 229.95327253957143
0 101 26 118.38396710665815
0 518 27 275.8713134525039
0 209 28 117.27298285307506
0 32 29 130.38336193876017
0 667 30 453.6020880513942
0 453 31 132.8219289134345
0 436 32 105.35465668557651
0 151 34 112.97662261822528
0 170 35 233.50234675396672
0 654 37 244.13402329858695
0 621 39 298.60593032250165
0 87 40 129.89641712867035
0 990 41 131.10341360699474
0 669 42 210.05484555683756
0 334 45 200.59291139101268
0 443 47 247.36066385044495
0 218 48 122.74629164939421
0 568 49 179.14041044696435
0 172 50 158.1943018159816
0 388 51 245.85079553183618
0 512 52 174.1548661836856
0 515 53 223.27618617190672
0 262 54 234.1590811122504
0 256 55 243.00465000944368
0 327 57 212.11823444850856
0 158 58 265.13287605335904
0 42 59 178.4091641387841
0 63 60 465.87415117625665
0 48 61 124.94767041169716
0 501 62 420.01535012793124
0 294 64 224.1663050193793
0 13 67 126.36224230026482
0 171 68 166.04698167449646
0 163 69 240.78910987610865
0 516 70 167.09397568090392
0 503 71 176.98616599331137
0 656 72 201.1097032294552
0 571 73 275.48849028930766
0 2 74 132.12368387935405
0 324 76 142.55069418753777
0 905 78 107.03284182348389
0 330 80 342.57677019626595
0 437 81 133.8272842217374
0 192 82 118.73204835163654
0 34 83 198.33573669127242
0 141 84 115.48896560060511
0 0 85 145.86780445045403
0 566 86 146.36833745611492
0 1001 87 322.37340012706846
0 155 89 118.52314029082125
0 118 92 146.3483814262333
0 229 94 107.69894728314495
0 165 96 125.78812250617217
0 239 97 149.37182198334594
0 620 98 168.63225193778345
0 847 100 220.57059565060686
0 263 101 166.53161603268768
0 53 102 174.006445529797
0 1020 103 129.39203647270605
0 348 104 158.62017259188
0 338 105 387.89614079868306
0 560 106 115.98405956956412
0 43 108 181.71174002807794
0 1 109 194.2508194217752
0 942 110 463.892847855363
0 144 111 132.27850396727905
0 912 113 120.80381711241768
0 500 114 140.3396347753407
0 30 117 117.22874998602524
0 463 118 107.5267913039332
0 177 119 157.38157650839347
0 65 120 279.99338117987065
0 206 121 149.7449495312375
0 140 122 273.4270304979585
0 79 124 150.3773502376679
0 629 125 267.61731774557364
0 493 126 110.51254779159882
0 653 127 115.9571807859552
0 510 128 137.14019655990734
0 573 129 131.48525404454782
0 104 130 106.17721690421801
0 92 132 118.88205679962314
0 680 133 106.80570943873518
0 323 134 156.86865876171754
0 241 135 447.5971576065559
0 111 137 111.99212106821899
0 90 139 272.606332893267
0 181 140 135.42901595300495
0 50 141 133.67594474299443
0 186 142 108.03780765860158
0 286 143 459.1188422319587
0 14 144 133.18405987450203
0 9 146 275.02807702654167
0 164 147 177.40729195173213
0 223 148 189.99689476796715
0 134 149 141.5707066411223
0 481 150 143.45200926419395
0 490 152 120.0624514222784
0 75 154 124.78536219680699
0 1010 156 146.40183955901824
0 376 157 303.9517017054194
0 197 158 111.28518170353749
0 543 159 168.8254960348607
0 279 163 152.58747814717512
0 435 164 181.9701241810528
0 213 165 114.90401730832056
0 272 167 171.6118902381331
0 932 169 140.98441603186544
0 292 170 165.1584612867526
0 95 171 123.54500148087142
0 176 172 154.31560754837074
0 365 173 282.5216938318968
0 225 174 260.899407910436
0 339 175 111.6659348605352
0 31 177 108.33273120559146
0 246 178 253.01664207337961
0 354 179 119.86040732438607
0 336 180 314.830872769488
0 349 186 148.84241183172372
0 182 188 115.73142047262952
0 46 190 120.01687954836979
0 173 191 176.22792846353747
0 18 192 239.967051261706
0 40 193 184.05440401292017
0 47 194 286.1934871307131
0 687 195 396.55061893907236
0 969 197 139.6355423602023
0 154 198 205.28915303009902
0 231 199 105.34587153042656
0 217 200 161.42429488549337
0 233 201 154.84690317564508
0 340 203 211.93097811323221
0 575 205 185.874804621805
0 287 206 124.58607798021217
0 276 207 217.8611934177861
0 102 209 170.017582208224
0 277 214 174.8831721024435
0 664 215 261.1229683931191
0 401 216 123.23798287207282
0 249 217 163.7136974404512
0 736 220 274.2099220970766
0 555 222 176.93047039466262
0 187 224 107.04380923797171
0 359 225 147.9760824619333
0 328 228 148.38971766338514
0 94 230 138.41590453096902
0 650 231 172.6832722631644
0 319 233 120.60001779828333
0 56 234 275.31909411879576
0 10 235 195.67689899320476
0 51 236 275.819224913075
0 844 242 258.7017708283701
0 423 243 124.83411718556077
0 817 244 128.78006694143795
0 267 245 106.12563552319669
0 58 246 130.7315464555041
0 76 247 120.87394113283585
0 546 249 289.7864085585121
0 142 250 438.56160859096025
0 724 251 215.61729213768484
0 227 252 121.98042710849037
0 167 253 462.6500389270998
0 583 255 120.89157850433168
0 110 257 114.58913218342248
0 624 258 169.84094155682118
0 116 259 245.19520696820695
0 772 261 163.0978411128424
0 137 262 176.02483809952278
0 792 264 149.88710591710083
0 153 265 105.67958905360759
0 250 266 189.72314709070983
0 647 267 207.30808108672667
0 27 269 229.9594187229268
0 168 270 200.6832376630351
0 57 271 128.5278021967499
0 460 272 151.75113965655677
0 665 274 147.5921768444166
0 252 275 120.75756781828137
0 803 276 209.0261062483574
0 421 277 425.80893805285586
0 308 278 134.25591038091233
0 558 279 146.4191522198488
0 303 280 169.05443791155918
0 360 282 312.80146395986975
0 645 284 136.34919312663277
0 280 285 263.07912296379743
0 115 286 172.07092180396762
0 304 287 392.59243745705305
0 226 288 148.92391716432346
0 33 290 349.0001607996966
0 228 291 130.16046995881965
0 549 292 118.61072062525999
0 977 293 146.96573579637854
0 84 294 131.49748682906244
0 214 295 334.791340795417
0 462 296 327.42912022682617
0 424 298 126.08213216667217
0 383 299 121.81174725836341
0 362 300 269.2621554401185
0 800 301 499.9768968171324
0 19 302 115.48962544519586
0 60 304 256.64984856981926
0 184 305 113.83805660983681
0 211 307 107.795533581664
0 651 309 229.90657228061588
0 17 310 321.1564162070015
0 49 312 119.83337967707189
0 921 313 173.13097932444185
0 677 316 129.21619299815447
0 77 317 183.3504783913801
0 635 318 143.01284644068647
0 382 319 119.77658174873129
0 940 321 129.66403096377692
0 242 323 118.39317332454151
0 441 324 109.00183618658441
0 269 329 181.99462104721113
0 517 330 137.18690254409455
0 191 331 291.3025930319726
0 409 332 254.83042648574045
0 465 333 116.25470240994828
0 347 335 157.50635269947128
0 730 336 146.06200081035203
0 804 337 188.4198263577042
0 196 338 387.181384885466
0 1000 340 359.89186865499516
0 419 341 494.0756230475639
0 369 342 131.1870961789132
0 891 343 178.1605786273561
0 127 346 238.56418544575288
0 866 347 355.9820315942982
0 489 349 138.44891513711482
0 476 351 210.62334203104348
0 445 352 178.7206209857087
0 449 353 455.8531833097444
0 351 354 131.7284295216436
0 679 355 103.66813129924705
0 793 357 378.7399951915968
0 159 358 151.99303361397222
0 415 359 169.86167947775976
0 82 361 211.09226036046147
0 201 363 221.09182532824175
0 405 365 130.27174474303555
0 271 366 112.96563046258079
0 315 368 104.31653620583438
0 473 370 221.62654644183473
0 910 372 123.0474418533697
0 480 375 132.87673598048494
0 881 376 148.57224328624073
0 684 377 162.11761120354808
0 612 378 318.8103474355262
0 39 379 266.3366380643289
0 364 380 428.72195699841507
0 778 381 416.2828076384195
0 146 382 138.1788969105797
0 597 385 268.69445595998894
0 125 386 163.31045309720318
0 25 388 116.12583401424959
0 166 389 171.51371453112506
0 147 390 308.1916910370773
0 576 392 105.67691310732106
0 974 393 149.44862300950038
0 278 395 112.82179637666272
0 35 396 181.80326316238896
0 261 397 160.81519804351856
0 586 398 451.30739799563935
0 59 399 145.71542076099695
0 100 401 311.84207689316577
0 492 402 125.17440777756026
0 750 406 231.37212231438647
0 175 408 299.0120183390014
0 699 412 116.64105073900335
0 371 413 207.3725511717659
0 600 414 210.6807763330313
0 748 417 177.41609062961757
0 584 418 175.63228430938312
0 243 420 417.1523570501713
0 897 421 450.7404667549938
0 145 422 159.83269465860624
0 28 423 233.7572500458396
0 83 424 339.4608838940156
0 507 425 180.07236289206853
0 872 426 383.4501682901056
0 834 428 193.61810535057444
0 160 430 117.35442314227129
0 230 431 124.24958166192508
0 258 432 408.97311091872484
0 670 434 433.4149953276802
0 843 435 107.58916103659028
0 420 437 107.90271579863351
0 846 438 442.3580383043327
0 658 439 319.374850387173
0 832 440 258.70422417063867
0 169 441 104.03293740723147
0 247 442 187.2304600183244
0 240 443 158.10381152783123
0 719 444 333.8151242747444
0 174 445 148.70904360406445
0 381 446 116.2269331268335
0 37 448 192.97971007291196
0 851 449 133.36817273964846
0 355 453 109.64861395008867
0 788 455 119.66954881801361
0 812 460 269.82019482545985
0 119 461 219.2355303080692
0 202 462 115.66746964793542
0 20 463 334.8191352349945
0 523 464 314.0727667110741
0 6 465 109.85842412781312
0 67 466 137.15523095729554
0 720 469 210.07928052310157
0 561 472 106.93963447857193
0 138 475 283.1312833341996
0 96 476 239.30473718717357
0 613 477 174.24124972685902
0 1011 478 339.60721086720986
0 253 479 248.95387890880158
0 203 480 189.63974676745087
0 377 481 118.19022569484561
0 852 483 301.2169983161905
0 238 484 425.10819823413993
0 570 485 105.4031469253958
0 29 486 106.76925003729272
0 805 488 201.24804086468967
0 673 489 213.49889411999902
0 289 490 197.77024784912743
0 309 491 120.04904939077878
0 385 492 167.39271419546174
0 777 493 185.12822753673274
0 809 494 396.4614083095842
0 86 496 117.76078128643346
0 259 500 377.281416222937
0 882 502 405.0519665542489
0 534 504 119.77950630945796
0 402 505 281.06350433949126
0 798 507 264.3433782103631
0 342 511 104.42915979148796
0 302 512 169.21381090476532
0 428 513 117.98783989107872
0 426 516 172.9572095950068
0 509 520 110.11986350484887
0 802 522 347.9629434710086
0 757 525 134.9906629374739
0 711 526 368.7617922247367
0 569 527 107.40764546676047
0 11 529 117.81384640718741
0 939 531 410.48646436047375
0 317 533 204.59140018676027
0 265 535 105.51891341006925
0 446 536 177.44823479514443
0 403 537 143.149024688772
0 425 539 144.8516716221987
0 189 540 166.02701682079328
0 705 541 336.77675453321433
0 107 542 283.6902045453258
0 412 543 176.43493907357336
0 520 546 158.22327462036853
0 136 549 193.42726988480982
0 41 551 244.10560643428312
0 790 554 125.16736639225248
0 499 556 237.37497809611926
0 180 559 349.46111985256044
0 988 560 233.94144497454872
0 595 561 291.1706673409711
0 344 562 107.94146054232921
0 709 564 129.48806756230988
0 120 566 118.22393948635788
0 314 570 124.36859123045558
0 68 571 235.18564350103185
0 199 572 223.9940657089754
0 290 573 113.80152501712224
0 814 575 285.1826836149045
0 611 576 203.96934529868383
0 596 577 104.16507800980395
0 472 578 275.14823652046016
0 335 579 209.1353721806292
0 370 580 105.57437744043608
0 122 582 408.6467735357063
0 831 585 191.39359368474297
0 178 586 333.56212705994625
0 236 587 163.62848142493925
0 474 589 152.8273283845985
0 648 590 156.38871897876695
0 572 593 109.27765579160538
0 547 594 128.9462208107006
0 361 595 112.3139550016254
0 459 597 108.84020598994235
0 585 598 161.09165677520105
0 821 599 210.27171036544593
0 26 601 125.76388941465785
0 36 604 243.6892423340443
0 374 605 136.68633793768984
0 909 606 212.89644504821644
0 353 608 113.9188630015825
0 557 609 164.70106165387108
0 434 610 205.2372691255717
0 513 611 107.2317100607449
0 284 612 229.85415950251195
0 106 613 132.9180447252331
0 926 614 228.76116861541348
0 589 617 169.0015618617634
0 741 618 181.66929813229646
0 427 619 205.1779712847483
0 1022 624 313.4641263638209
0 690 627 138.39432479212866
0 563 630 222.92726289452253
0 735 631 134.609182270778
0 587 634 103.92950948034057
0 99 635 300.0203235803693
0 400 641 184.78709720907557
0 526 642 140.515744855772
0 754 646 184.47121370204232
0 497 648 159.663277271882
0 751 649 120.13625912950776
0 824 651 186.4553599807957
0 316 652 285.55826031780185
0 411 653 111.66577878306967
0 297 656 110.74861655126898
0 678 658 179.39651605052595
0 746 659 140.1574786046854
0 363 660 113.35986628613412
0 433 662 382.3141913601797
0 64 664 123.51302233218031
0 450 669 209.58780990928952
0 634 670 125.99366773005545
0 484 671 216.6545084981272
0 689 672 203.29915490827784
0 375 673 160.3413946128967
0 924 674 489.52620851412166
0 779 675 139.4421223321451
0 477 676 294.42400371478044
0 496 677 437.12229659122863
0 541 678 335.5901616160767
0 194 681 132.49160615633824
0 72 684 342.1977041821846
0 505 685 227.02987460607403
0 322 686 178.35217131963492
0 281 687 123.99246609688169
0 860 688 151.97954041297464
0 876 690 149.2207525264784
0 901 693 276.42645840183013
0 511 702 145.79214289792327
0 162 704 219.02529450441838
0 135 705 250.8413625607528
0 850 706 208.27671086184384
0 853 707 217.70437924426918
0 732 708 309.3863820478913
0 128 709 193.35938855101728
0 293 711 247.73982588294845
0 255 713 121.32597012701929
0 270 714 169.07733558430954
0 829 715 401.1003400774039
0 836 716 318.13821473986656
0 696 717 111.83682605881154
0 623 720 328.5451582218214
0 506 721 379.1946697808883
0 638 722 185.0939761551014
0 966 723 189.51535097504205
0 212 725 194.07063261098853
0 298 727 240.91635203892062
0 399 730 226.7077231585302
0 366 731 118.84691429510137
0 7 736 137.51206606329998
0 536 740 166.3900081195533
0 389 741 217.73240659280617
0 130 744 242.52192961533802
0 917 745 117.41605423590266
0 4 747 256.958438193117
0 795 748 257.4824018101039
0 760 753 119.38388829961875
0 904 754 130.58276351506808
0 633 755 323.8139023367301
0 204 756 441.4359547547785
0 605 759 247.87311223017258
0 468 761 124.67486451991654
0 432 762 152.83608543151155
0 723 766 172.87902364641755
0 553 768 222.32344019792455
0 700 769 240.13552303232427
0 395 770 399.64483353686126
0 662 773 144.1533413681941
0 248 776 209.74537711613257
0 91 780 104.57969905844575
0 8 784 191.27918603243256
0 855 785 149.48312400292778
0 470 790 201.21560147422684
0 785 795 249.8762847567003
0 12 798 149.2026914300045
0 188 799 291.41598431789834
0 407 800 203.69100046906482
0 220 801 128.20475082771884
0 1006 803 232.24689366684424
0 627 804 225.96928355042377
0 452 810 157.5805881849612
0 744 812 460.827863012805
0 305 813 181.63828106594974
0 745 815 112.54034231222919
0 408 816 138.98388571474962
0 884 818 214.2247651978939
0 133 820 143.97041028678808
0 1021 823 147.8654877651852
0 179 824 204.7471511412246
0 630 826 338.92841858100576
0 767 828 213.4473943932772
0 1008 829 293.594611732381
0 1005 830 143.39367265723763
0 945 832 230.43491368828532
0 439 833 386.3079684749862
0 469 836 435.9428809666754
0 731 837 195.44527620196365
0 598 838 115.62897368253104
0 326 839 161.52747549198477
0 307 840 227.03941411404548
0 442 841 145.65498886439968
0 773 847 395.5640434391018
0 799 852 236.1480147747903
0 129 855 410.0498434989655
0 498 857 139.5287967694472
0 525 860 111.9397480070351
0 688 869 304.47943978101426
0 930 871 196.4453877261209
0 418 873 104.21008412913338
0 722 875 414.42026619187334
0 989 877 238.8833667013945
0 879 879 370.0349849160358
0 528 880 130.5296086854094
0 617 881 215.76786624184982
0 504 882 259.1185680381354
0 456 883 322.60957926787586
0 640 884 165.2132870462417
0 219 885 415.8471233097753
0 972 886 305.1317194679424
0 391 889 133.64829005758585
0 841 892 284.55376499285785
0 631 894 251.14057022111749
0 652 896 248.4785347345622
0 713 897 196.3345121600146
0 494 899 386.7629062332758
0 871 901 329.21260685364456
0 636 905 341.71079890597736
0 861 911 163.7116685972822
0 740 917 159.20470223353436
0 422 918 171.75662163569126
0 161 919 214.736531958143
0 717 920 210.3635668083492
0 780 921 356.15319591209243
0 295 922 104.53010066149623
0 929 928 131.35447369084486
0 864 932 145.33653069006806
0 733 933 388.83988054747914
0 948 934 155.68204784630387
0 386 935 182.15627606445014
0 357 938 161.98902231223536
0 329 939 171.85722338559802
0 81 944 220.30780584352465
0 681 948 174.36342890305022
0 819 951 395.6331174401166
0 815 952 212.1073064318181
0 692 953 219.4555996298198
0 564 954 140.0611228655083
0 268 956 186.66796028185976
0 896 959 184.24739635984017
0 714 961 138.31443560530644
0 491 962 144.35473309990678
0 886 963 165.98491740187532
0 464 965 125.51490598435875
0 907 969 182.10277423931797
0 660 976 119.68165389541399
0 997 979 146.3739307171733
0 471 980 216.04687218005125
0 455 982 299.3749466348767
0 944 983 331.31246587339905
0 672 985 164.4577766441792
0 995 986 158.4147287070571
0 935 987 243.17202275006812
0 895 990 314.49598435582107
0 983 993 308.1890302135987
0 1004 994 218.8323863588192
0 794 997 203.1572952080162
0 44 1004 331.9940421124578
0 1016 1005 385.2373581052821
0 260 1006 290.2302878574432
0 683 1008 167.10625827141422
0 762 1011 180.88459265210682
0 416 1012 396.90776939853765
0 764 1017 190.2853960645898
0 485 1022 164.77506631872865

0 784.0 268.0
0 677.0 624.0
0 903.0 676.0
0 816.0 402.0
0 752.0 413.0
0 781.0 526.0
0 901.0 225.0
0 771.0 479.0
0 769.0 291.0
0 731.0 385.0
0 880.0 465.0
0 883.0 677.0
0 752.0 537.0
0 575.0 980.0
0 750.0 523.0
0 893.0 582.0
0 792.0 537.0
0 828.0 547.0
0 1472.0 952.0
0 808.0 491.0
0 895.0 670.0
0 926.0 389.0
0 907.0 404.0
0 787.0 255.0
0 750.0 359.0
0 844.0 407.0
0 668.0 273.0
0 863.0 563.0
0 1006.0 458.0
0 748.0 282.0
0 802.0 474.0
0 731.0 259.0
0 1149.0 308.0
0 846.0 477.0
0 923.0 444.0
0 880.0 397.0
0 935.0 483.0
0 888.0 398.0
0 959.0 563.0
0 1144.0 381.0
0 983.0 407.0
0 1270.0 911.0
0 992.0 451.0
0 970.0 441.0
0 829.0 487.0
0 779.0 380.0
0 786.0 438.0
0 952.0 603.0
0 732.0 585.0
0 779.0 395.0
0 730.0 395.0
0 865.0 553.0
0 870.0 221.0
0 792.0 244.0
0 844.0 608.0
0 835.0 389.0
0 814.0 476.0
0 831.0 601.0
0 825.0 388.0
0 746.0 712.0
0 744.0 504.0
0 1036.0 972.0
0 774.0 487.0
0 825.0 516.0
0 859.0 197.0
0 1295.0 919.0
0 1442.0 954.0
0 1031.0 324.0
0 1105.0 382.0
0 769.0 713.0
0 784.0 446.0
0 1085.0 379.0
0 639.0 245.0
0 740.0 595.0
0 705.0 591.0
0 1070.0 368.0
0 916.0 486.0
0 1281.0 909.0
0 939.0 893.0
0 1338.0 980.0
0 800.0 532.0
0 993.0 409.0
0 693.0 363.0
0 844.0 469.0
0 922.0 407.0
0 853.0 409.0
0 913.0 414.0
0 747.0 468.0
0 753.0 716.0
0 999.0 389.0
0 707.0 330.0
0 519.0 985.0
0 893.0 683.0
0 835.0 508.0
0 949.0 936.0
0 903.0 498.0
0 680.0 612.0
0 1121.0 983.0
0 948.0 423.0
0 913.0 508.0
0 1167.0 329.0
0 897.0 400.0
0 845.0 391.0
0 1048.0 932.0
0 560.0 258.0
0 846.0 734.0
0 687.0 623.0
0 826.0 478.0
0 685.0 253.0
0 903.0 689.0
0 797.0 489.0
0 1064.0 307.0
0 760.0 479.0
0 693.0 940.0
0 757.0 238.0
0 805.0 482.0
0 1218.0 937.0
0 749.0 297.0
0 977.0 932.0
0 876.0 210.0
0 840.0 722.0
0 860.0 463.0
0 1125.0 476.0
0 884.0 687.0
0 692.0 426.0
0 773.0 533.0
0 774.0 241.0
0 909.0 940.0
0 1246.0 963.0
0 1200.0 966.0
0 645.0 372.0
0 755.0 504.0
0 741.0 251.0
0 1058.0 909.0
0 675.0 261.0
0 721.0 387.0
0 1120.0 848.0
0 694.0 604.0
0 1040.0 418.0
0 611.0 337.0
0 829.0 672.0
0 972.0 384.0
0 893.0 233.0
0 714.0 510.0
0 600.0 356.0
0 872.0 454.0
0 711.0 448.0
0 825.0 455.0
0 816.0 386.0
0 1079.0 449.0
0 922.0 418.0
0 1113.0 456.0
0 818.0 463.0
0 908.0 579.0
0 737.0 283.0
0 916.0 698.0
0 872.0 927.0
0 673.0 248.0
0 721.0 408.0
0 889.0 945.0
0 1457.0 963.0
0 558.0 951.0
0 874.0 559.0
0 734.0 531.0
0 853.0 211.0
0 449.0 740.0
0 785.0 488.0
0 718.0 604.0
0 798.0 967.0
0 609.0 288.0
0 531.0 360.0
0 1020.0 309.0
0 606.0 344.0
0 762.0 488.0
0 751.0 488.0
0 635.0 360.0
0 714.0 908.0
0 696.0 373.0
0 871.0 568.0
0 666.0 333.0
0 1162.0 478.0
0 826.0 638.0
0 819.0 665.0
0 873.0 975.0
0 766.0 504.0
0 1313.0 877.0
0 533.0 379.0
0 782.0 480.0
0 1066.0 930.0
0 846.0 512.0
0 870.0 248.0
0 1019.0 321.0
0 904.0 215.0
0 837.0 398.0
0 749.0 480.0
0 687.0 495.0
0 605.0 959.0
0 1020.0 445.0
0 716.0 529.0
0 590.0 264.0
0 974.0 983.0
0 1194.0 985.0
0 1030.0 986.0
0 900.0 699.0
0 575.0 280.0
0 681.0 424.0
0 707.0 318.0
0 745.0 531.0
0 931.0 522.0
0 942.0 210.0
0 1169.0 453.0
0 743.0 495.0
0 831.0 497.0
0 810.0 468.0
0 871.0 396.0
0 896.0 573.0
0 610.0 272.0
0 685.0 268.0
0 559.0 984.0
0 1283.0 949.0
0 535.0 341.0
0 842.0 193.0
0 976.0 430.0
0 1404.0 985.0
0 991.0 424.0
0 1080.0 299.0
0 785.0 987.0
0 754.0 495.0
0 1052.0 307.0
0 926.0 246.0
0 941.0 464.0
0 994.0 493.0
0 763.0 524.0
0 653.0 653.0
0 831.0 731.0
0 787.0 394.0
0 761.0 532.0
0 794.0 480.0
0 900.0 923.0
0 820.0 494.0
0 1157.0 286.0
0 312.0 829.0
0 897.0 534.0
0 1042.0 325.0
0 698.0 260.0
0 1001.0 520.0
0 927.0 431.0
0 1132.0 413.0
0 1033.0 314.0
0 838.0 520.0
0 705.0 513.0
0 1347.0 978.0
0 659.0 290.0
0 790.0 473.0
0 722.0 428.0
0 673.0 350.0
0 823.0 504.0
0 690.0 612.0
0 646.0 289.0
0 745.0 701.0
0 768.0 276.0
0 1425.0 952.0
0 1019.0 988.0
0 779.0 504.0
0 1137.0 948.0
0 993.0 348.0
0 1176.0 990.0
0 1341.0 954.0
0 854.0 455.0
0 1046.0 406.0
0 909.0 242.0
0 1002.0 295.0
0 872.0 410.0
0 790.0 904.0
0 831.0 428.0
0 895.0 413.0
0 838.0 564.0
0 723.0 508.0
0 362.0 756.0
0 669.0 283.0
0 759.0 281.0
0 799.0 465.0
0 1167.0 300.0
0 15.0 873.0
0 573.0 360.0
0 874.0 711.0
0 1126.0 383.0
0 719.0 474.0
0 1059.0 369.0
0 874.0 511.0
0 1183.0 408.0
0 591.0 526.0
0 1060.0 535.0
0 1067.0 317.0
0 853.0 401.0
0 740.0 346.0
0 1350.0 938.0
0 1382.0 919.0
0 696.0 294.0
0 931.0 258.0
0 803.0 389.0
0 817.0 485.0
0 698.0 324.0
0 981.0 974.0
0 660.0 420.0
0 959.0 452.0
0 841.0 491.0
0 1003.0 885.0
0 1170.0 343.0
0 1097.0 899.0
0 939.0 226.0
0 947.0 306.0
0 689.0 380.0
0 1131.0 981.0
0 143.0 850.0
0 843.0 967.0
0 847.0 245.0
0 562.0 358.0
0 629.0 285.0
0 794.0 554.0
0 910.0 233.0
0 552.0 268.0
0 1147.0 847.0
0 701.0 338.0
0 1024.0 356.0
0 1139.0 293.0
0 956.0 312.0
0 829.0 436.0
0 949.0 522.0
0 573.0 341.0
0 815.0 679.0
0 873.0 727.0
0 556.0 342.0
0 1134.0 401.0
0 808.0 983.0
0 638.0 269.0
0 857.0 474.0
0 1002.0 468.0
0 1149.0 457.0
0 1138.0 841.0
0 712.0 401.0
0 790.0 506.0
0 679.0 364.0
0 883.0 457.0
0 1349.0 929.0
0 339.0 990.0
0 1145.0 529.0
0 700.0 416.0
0 844.0 501.0
0 1063.0 429.0
0 818.0 648.0
0 996.0 307.0
0 727.0 272.0
0 1382.0 989.0
0 1097.0 986.0
0 1280.0 786.0
0 1092.0 461.0
0 789.0 586.0
0 1016.0 334.0
0 627.0 232.0
0 882.0 973.0
0 788.0 380.0
0 642.0 985.0
0 675.0 546.0
0 544.0 384.0
0 710.0 276.0
0 400.0 749.0
0 770.0 983.0
0 462.0 761.0
0 931.0 551.0
0 1107.0 369.0
0 1170.0 321.0
0 1175.0 968.0
0 907.0 895.0
0 1333.0 794.0
0 894.0 654.0
0 862.0 399.0
0 694.0 539.0
0 732.0 497.0
0 803.0 399.0
0 704.0 500.0
0 684.0 592.0
0 730.0 702.0
0 838.0 481.0
0 1166.0 507.0
0 831.0 538.0
0 1055.0 298.0
0 823.0 471.0
0 883.0 250.0
0 1072.0 345.0
0 891.0 487.0
0 1327.0 892.0
0 909.0 868.0
0 902.0 596.0
0 697.0 517.0
0 1004.0 329.0
0 650.0 572.0
0 753.0 342.0
0 779.0 473.0
0 1124.0 498.0
0 1184.0 332.0
0 799.0 589.0
0 705.0 253.0
0 658.0 541.0
0 1295.0 840.0
0 814.0 513.0
0 806.0 438.0
0 945.0 539.0
0 824.0 233.0
0 989.0 290.0
0 529.0 952.0
0 857.0 682.0
0 1102.0 914.0
0 625.0 260.0
0 1449.0 912.0
0 863.0 505.0
0 810.0 502.0
0 861.0 644.0
0 613.0 357.0
0 1094.0 447.0
0 840.0 443.0
0 1044.0 360.0
0 1062.0 327.0
0 705.0 430.0
0 885.0 567.0
0 644.0 307.0
0 1372.0 921.0
0 1070.0 960.0
0 1055.0 959.0
0 1155.0 846.0
0 982.0 326.0
0 1064.0 417.0
0 739.0 481.0
0 918.0 219.0
0 781.0 630.0
0 1086.0 881.0
0 696.0 504.0
0 741.0 659.0
0 874.0 991.0
0 1013.0 343.0
0 712.0 384.0
0 1084.0 537.0
0 643.0 593.0
0 686.0 660.0
0 788.0 465.0
0 761.0 719.0
0 923.0 477.0
0 337.0 980.0
0 932.0 373.0
0 684.0 603.0
0 971.0 594.0
0 1160.0 394.0
0 1445.0 898.0
0 917.0 282.0
0 815.0 447.0
0 1307.0 896.0
0 784.0 236.0
0 785.0 278.0
0 1255.0 982.0
0 848.0 524.0
0 549.0 362.0
0 892.0 709.0
0 884.0 885.0
0 829.0 404.0
0 856.0 447.0
0 716.0 262.0
0 1184.0 944.0
0 727.0 914.0
0 193.0 834.0
0 1367.0 969.0
0 952.0 257.0
0 1363.0 894.0
0 641.0 466.0
0 1250.0 856.0
0 1300.0 880.0
0 843.0 233.0
0 589.0 511.0
0 740.0 307.0
0 844.0 457.0
0 962.0 424.0
0 815.0 532.0
0 554.0 316.0
0 1288.0 894.0
0 778.0 222.0
0 722.0 497.0
0 616.0 380.0
0 613.0 313.0
0 1055.0 922.0
0 1047.0 337.0
0 679.0 693.0
0 1173.0 957.0
0 1111.0 953.0
0 668.0 470.0
0 715.0 283.0
0 712.0 486.0
0 914.0 564.0
0 738.0 298.0
0 845.0 543.0
0 733.0 506.0
0 953.0 366.0
0 802.0 509.0
0 745.0 262.0
0 749.0 635.0
0 1058.0 441.0
0 918.0 470.0
0 824.0 723.0
0 31.0 883.0
0 886.0 447.0
0 1076.0 616.0
0 995.0 730.0
0 754.0 229.0
0 684.0 640.0
0 1181.0 392.0
0 572.0 247.0
0 547.0 978.0
0 892.0 495.0
0 1128.0 370.0
0 773.0 951.0
0 840.0 947.0
0 1295.0 980.0
0 685.0 293.0
0 1163.0 958.0
0 815.0 616.0
0 1173.0 831.0
0 957.0 232.0
0 680.0 387.0
0 834.0 457.0
0 911.0 257.0
0 809.0 454.0
0 1003.0 411.0
0 914.0 983.0
0 759.0 253.0
0 886.0 860.0
0 802.0 266.0
0 536.0 979.0
0 665.0 368.0
0 749.0 403.0
0 1258.0 970.0
0 1149.0 977.0
0 688.0 219.0
0 947.0 435.0
0 737.0 470.0
0 861.0 530.0
0 667.0 625.0
0 1063.0 360.0
0 1369.0 934.0
0 662.0 387.0
0 665.0 528.0
0 1424.0 978.0
0 592.0 540.0
0 803.0 667.0
0 947.0 233.0
0 836.0 931.0
0 948.0 927.0
0 555.0 441.0
0 825.0 965.0
0 713.0 688.0
0 812.0 789.0
0 1293.0 905.0
0 728.0 472.0
0 665.0 562.0
0 871.0 484.0
0 565.0 494.0
0 719.0 441.0
0 559.0 380.0
0 799.0 894.0
0 759.0 325.0
0 1061.0 452.0
0 1044.0 874.0
0 871.0 463.0
0 694.0 657.0
0 795.0 382.0
0 707.0 394.0
0 634.0 343.0
0 1064.0 921.0
0 807.0 384.0
0 759.0 708.0
0 462.0 799.0
0 751.0 706.0
0 1148.0 288.0
0 666.0 319.0
0 511.0 960.0
0 704.0 489.0
0 1168.0 811.0
0 1342.0 898.0
0 1443.0 940.0
0 779.0 515.0
0 868.0 675.0
0 1052.0 946.0
0 1112.0 525.0
0 623.0 338.0
0 736.0 905.0
0 798.0 444.0
0 687.0 322.0
0 1018.0 513.0
0 593.0 285.0
0 858.0 517.0
0 470.0 753.0
0 973.0 371.0
0 777.0 440.0
0 65.0 924.0
0 728.0 235.0
0 1351.0 952.0
0 1308.0 972.0
0 959.0 510.0
0 870.0 404.0
0 1159.0 359.0
0 764.0 419.0
0 872.0 232.0
0 1056.0 977.0
0 925.0 508.0
0 661.0 596.0
0 1053.0 346.0
0 1012.0 453.0
0 874.0 649.0
0 997.0 441.0
0 1106.0 483.0
0 666.0 678.0
0 792.0 452.0
0 527.0 290.0
0 978.0 347.0
0 700.0 985.0
0 1407.0 880.0
0 830.0 397.0
0 1149.0 489.0
0 877.0 442.0
0 923.0 515.0
0 710.0 240.0
0 722.0 958.0
0 896.0 858.0
0 853.0 614.0
0 1155.0 894.0
0 1151.0 966.0
0 1107.0 472.0
0 1106.0 642.0
0 731.0 489.0
0 862.0 991.0
0 1114.0 510.0
0 777.0 465.0
0 1166.0 495.0
0 762.0 613.0
0 1115.0 613.0
0 634.0 408.0
0 1165.0 369.0
0 626.0 972.0
0 1457.0 978.0
0 647.0 278.0
0 839.0 451.0
0 646.0 623.0
0 1008.0 499.0
0 1379.0 959.0
0 872.0 937.0
0 708.0 553.0
0 763.0 376.0
0 920.0 457.0
0 304.0 836.0
0 666.0 312.0
0 776.0 496.0
0 838.0 687.0
0 316.0 769.0
0 1276.0 920.0
0 1382.0 898.0
0 816.0 441.0
0 788.0 496.0
0 612.0 301.0
0 1431.0 916.0
0 798.0 500.0
0 1139.0 390.0
0 951.0 509.0
0 794.0 724.0
0 760.0 294.0
0 880.0 484.0
0 1077.0 376.0
0 528.0 301.0
0 1005.0 840.0
0 1144.0 368.0
0 1088.0 368.0
0 720.0 486.0
0 1091.0 330.0
0 769.0 577.0
0 857.0 481.0
0 1464.0 935.0
0 617.0 962.0
0 944.0 534.0
0 682.0 523.0
0 1041.0 530.0
0 1120.0 411.0
0 1121.0 959.0
0 913.0 433.0
0 958.0 346.0
0 860.0 244.0
0 935.0 446.0
0 948.0 296.0
0 1103.0 417.0
0 1002.0 854.0
0 955.0 990.0
0 772.0 303.0
0 861.0 448.0
0 827.0 247.0
0 835.0 469.0
0 681.0 335.0
0 939.0 908.0
0 555.0 305.0
0 760.0 985.0
0 707.0 229.0
0 881.0 719.0
0 882.0 414.0
0 1089.0 352.0
0 744.0 623.0
0 664.0 442.0
0 609.0 713.0
0 846.0 554.0
0 999.0 946.0
0 343.0 817.0
0 570.0 267.0
0 693.0 477.0
0 650.0 636.0
0 985.0 918.0
0 827.0 445.0
0 845.0 548.0
0 1018.0 976.0
0 697.0 498.0
0 696.0 667.0
0 953.0 501.0
0 1084.0 350.0
0 821.0 239.0
0 703.0 938.0
0 1146.0 502.0
0 1133.0 566.0
0 835.0 406.0
0 1073.0 278.0
0 699.0 710.0
0 1193.0 926.0
0 594.0 983.0
0 1363.0 936.0
0 105.0 631.0
0 780.0 254.0
0 933.0 491.0
0 849.0 487.0
0 851.0 500.0
0 811.0 541.0
0 767.0 394.0
0 1154.0 383.0
0 715.0 976.0
0 859.0 717.0
0 758.0 383.0
0 1100.0 457.0
0 702.0 231.0
0 905.0 985.0
0 480.0 975.0
0 879.0 491.0
0 963.0 552.0
0 1131.0 467.0
0 646.0 430.0
0 429.0 811.0
0 863.0 628.0
0 763.0 312.0
0 1382.0 972.0
0 730.0 484.0
0 736.0 575.0
0 594.0 961.0
0 1055.0 324.0
0 315.0 799.0
0 690.0 509.0
0 854.0 227.0
0 1070.0 438.0
0 1081.0 472.0
0 729.0 477.0
0 892.0 547.0
0 757.0 467.0
0 712.0 492.0
0 476.0 783.0
0 532.0 350.0
0 1157.0 989.0
0 608.0 984.0
0 1293.0 947.0
0 738.0 698.0
0 884.0 918.0
0 20.0 894.0
0 163.0 884.0
0 393.0 780.0
0 676.0 890.0
0 1450.0 972.0
0 765.0 496.0
0 608.0 357.0
0 896.0 740.0
0 609.0 977.0
0 320.0 976.0
0 758.0 270.0
0 720.0 480.0
0 1157.0 977.0
0 1318.0 983.0
0 970.0 528.0
0 968.0 962.0
0 1324.0 882.0
0 768.0 466.0
0 941.0 699.0
0 1157.0 493.0
0 822.0 395.0
0 1036.0 430.0
0 830.0 465.0
0 1074.0 991.0
0 1142.0 481.0
0 1071.0 466.0
0 888.0 524.0
0 303.0 924.0
0 873.0 886.0
0 843.0 922.0
0 559.0 972.0
0 885.0 576.0
0 1154.0 363.0
0 833.0 210.0
0 726.0 366.0
0 735.0 629.0
0 844.0 753.0
0 547.0 401.0
0 763.0 454.0
0 956.0 517.0
0 659.0 302.0
0 939.0 433.0
0 760.0 245.0
0 655.0 552.0
0 1373.0 943.0
0 755.0 455.0
0 831.0 615.0
0 942.0 354.0
0 793.0 517.0
0 1076.0 948.0
0 1168.0 982.0
0 1216.0 666.0
0 1168.0 947.0
0 976.0 266.0
0 1147.0 476.0
0 872.0 477.0
0 1170.0 486.0
0 803.0 611.0
0 1053.0 332.0
0 1077.0 519.0
0 1013.0 352.0
0 765.0 304.0
0 585.0 343.0
0 736.0 522.0
0 1093.0 504.0
0 1144.0 779.0
0 845.0 447.0
0 996.0 468.0
0 20.0 882.0
0 802.0 922.0
0 503.0 962.0
0 584.0 975.0
0 1433.0 884.0
0 1356.0 985.0
0 986.0 395.0
0 1102.0 440.0
0 951.0 451.0
0 711.0 478.0
0 941.0 919.0
0 684.0 358.0
0 783.0 465.0
0 867.0 476.0
0 649.0 356.0
0 575.0 889.0
0 855.0 506.0
0 689.0 520.0
0 745.0 398.0
0 1040.0 459.0
0 1116.0 889.0
0 875.0 952.0
0 1393.0 984.0
0 971.0 943.0
0 905.0 419.0
0 1023.0 464.0
0 1308.0 947.0
0 1322.0 851.0
0 1120.0 879.0
0 713.0 498.0
0 83.0 864.0
0 1008.0 987.0
0 915.0 607.0
0 1234.0 985.0
0 559.0 375.0
0 603.0 231.0
0 174.0 619.0
0 837.0 430.0
0 1005.0 487.0
0 870.0 637.0
0 824.0 404.0
0 401.0 975.0
0 921.0 618.0
0 1134.0 968.0
0 956.0 419.0
0 1095.0 499.0
0 1032.0 460.0
0 1087.0 855.0
0 1451.0 952.0
0 788.0 921.0
0 872.0 535.0
0 642.0 608.0
0 1291.0 964.0
0 1213.0 953.0
0 807.0 512.0
0 782.0 672.0
0 582.0 957.0
0 1153.0 936.0
0 613.0 887.0
0 814.0 723.0
0 764.0 714.0
0 1138.0 493.0
0 357.0 984.0
0 1324.0 960.0
0 1107.0 446.0
0 1267.0 853.0
0 955.0 468.0
0 835.0 474.0
0 1175.0 929.0
0 534.0 964.0
0 839.0 457.0
0 1012.0 471.0
0 941.0 488.0
0 695.0 450.0
0 846.0 575.0
0 1117.0 425.0
0 316.0 653.0
0 849.0 456.0
0 769.0 960.0
0 657.0 663.0
0 944.0 371.0
0 1164.0 381.0
0 1063.0 423.0
0 827.0 450.0
0 175.0 938.0
0 862.0 929.0
0 685.0 652.0
0 546.0 339.0
0 860.0 946.0
0 1155.0 961.0
0 1236.0 957.0
0 854.0 965.0
0 696.0 248.0
0 1085.0 336.0
0 459.0 671.0
0 1019.0 849.0
0 908.0 905.0
0 852.0 495.0
0 891.0 693.0
0 869.0 523.0
0 1423.0 938.0
0 836.0 636.0
0 915.0 725.0
0 1144.0 332.0
0 813.0 331.0
0 764.0 577.0
0 1088.0 511.0
0 741.0 611.0
0 313.0 774.0
0 942.0 447.0
0 831.0 663.0
0 839.0 556.0
0 867.0 511.0
0 762.0 392.0
0 863.0 404.0
0 1091.0 486.0
0 667.0 389.0
0 554.0 310.0
0 1046.0 528.0
0 659.0 350.0
0 1034.0 948.0
0 530.0 983.0
0 1102.0 355.0
0 1005.0 482.0
0 1374.0 973.0
0 904.0 621.0
0 1426.0 749.0
0 1256.0 864.0
0 801.0 438.0
0 749.0 947.0
0 686.0 370.0
0 678.0 665.0
0 1170.0 316.0
0 772.0 426.0
0 1244.0 950.0
0 863.0 620.0
0 1056.0 460.0
0 914.0 503.0
0 1086.0 328.0
0 1045.0 952.0
0 645.0 268.0
0 1183.0 352.0
0 136.0 842.0
0 1086.0 461.0
0 888.0 643.0
0 1249.0 972.0
0 834.0 443.0
0 852.0 232.0
0 690.0 484.0
0 919.0 926.0
0 905.0 488.0
0 751.0 380.0
0 799.0 457.0
0 1051.0 978.0
0 669.0 942.0
0 115.0 873.0
0 1474.0 978.0
0 180.0 875.0
0 691.0 242.0
0 808.0 393.0
0 368.0 790.0
0 861.0 493.0
0 1130.0 861.0
0 900.0 830.0
0 1094.0 353.0
0 884.0 935.0
0 878.0 635.0
0 1050.0 459.0
0 1124.0 405.0
0 973.0 536.0
0 1082.0 517.0
0 1150.0 331.0
0 1385.0 957.0
0 137.0 624.0
0 1095.0 378.0
0 953.0 664.0
0 1145.0 956.0
0 547.0 640.0
1 873.0 410.0
1 987.0 648.0
1 801.0 605.0
1 310.0 863.0
1 637.0 300.0
1 741.0 319.0
1 685.0 316.0
1 738.0 300.0
1 584.0 435.0
1 723.0 492.0
1 810.0 410.0
1 981.0 388.0
1 844.0 403.0
1 963.0 320.0
1 575.0 436.0
1 744.0 411.0
1 596.0 346.0
1 864.0 266.0
1 831.0 250.0
1 682.0 377.0
1 852.0 411.0
1 698.0 345.0
1 660.0 325.0
1 703.0 437.0
1 741.0 333.0
1 836.0 275.0
1 677.0 295.0
1 1013.0 384.0
1 695.0 485.0
1 592.0 388.0
1 719.0 343.0
1 678.0 430.0
1 718.0 329.0
1 1106.0 359.0
1 883.0 464.0
1 707.0 619.0
1 975.0 485.0
1 938.0 358.0
1 622.0 498.0
1 828.0 412.0
1 857.0 403.0
1 878.0 265.0
1 830.0 733.0
1 645.0 307.0
1 627.0 312.0
1 746.0 675.0
1 824.0 276.0
1 788.0 502.0
1 1180.0 858.0
1 671.0 439.0
1 950.0 376.0
1 849.0 532.0
1 948.0 704.0
1 864.0 393.0
1 1097.0 403.0
1 768.0 654.0
1 914.0 723.0
1 917.0 308.0
1 940.0 414.0
1 1088.0 442.0
1 643.0 489.0
1 754.0 415.0
1 1007.0 300.0
1 790.0 525.0
1 591.0 374.0
1 920.0 711.0
1 590.0 359.0
1 1268.0 792.0
1 821.0 396.0
1 761.0 579.0
1 946.0 521.0
1 869.0 516.0
1 746.0 560.0
1 716.0 439.0
1 635.0 496.0
1 708.0 331.0
1 1076.0 369.0
1 537.0 447.0
1 680.0 540.0
1 678.0 486.0
1 525.0 446.0
1 969.0 666.0
1 811.0 396.0
1 965.0 529.0
1 873.0 402.0
1 840.0 581.0
1 709.0 345.0
1 963.0 390.0
1 80.0 828.0
1 748.0 299.0
1 588.0 413.0
1 494.0 930.0
1 700.0 306.0
1 697.0 331.0
1 944.0 445.0
1 939.0 316.0
1 555.0 618.0
1 839.0 411.0
1 863.0 410.0
1 776.0 518.0
1 897.0 570.0
1 635.0 339.0
1 848.0 238.0
1 708.0 488.0
1 627.0 441.0
1 850.0 579.0
1 1001.0 419.0
1 934.0 504.0
1 550.0 461.0
1 693.0 539.0
1 781.0 636.0
1 786.0 625.0
1 1035.0 577.0
1 282.0 865.0
1 1237.0 888.0
1 1050.0 348.0
1 828.0 723.0
1 836.0 257.0
1 977.0 646.0
1 976.0 674.0
1 738.0 364.0
1 1192.0 904.0
1 735.0 528.0
1 864.0 237.0
1 846.0 260.0
1 977.0 293.0
1 984.0 659.0
1 1079.0 482.0
1 636.0 515.0
1 751.0 514.0
1 940.0 698.0
1 323.0 863.0
1 654.0 441.0
1 712.0 297.0
1 1058.0 403.0
1 963.0 690.0
1 559.0 647.0
1 1178.0 874.0
1 799.0 268.0
1 918.0 523.0
1 1078.0 419.0
1 934.0 390.0
1 760.0 544.0
1 1106.0 432.0
1 993.0 299.0
1 1000.0 312.0
1 813.0 728.0
1 925.0 471.0
1 814.0 605.0
1 753.0 551.0
1 727.0 435.0
1 932.0 429.0
1 646.0 442.0
1 942.0 345.0
1 802.0 538.0
1 967.0 375.0
1 993.0 454.0
1 552.0 606.0
1 846.0 395.0
1 951.0 330.0
1 923.0 332.0
1 677.0 511.0
1 653.0 296.0
1 850.0 727.0
1 862.0 456.0
1 773.0 638.0
1 1011.0 325.0
1 820.0 488.0
1 851.0 268.0
1 1059.0 487.0
1 897.0 391.0
1 1032.0 349.0
1 754.0 425.0
1 951.0 319.0
1 844.0 734.0
1 785.0 269.0
1 582.0 421.0
1 805.0 251.0
1 851.0 519.0
1 933.0 592.0
1 759.0 508.0
1 914.0 657.0
1 1179.0 818.0
1 773.0 384.0
1 962.0 430.0
1 616.0 492.0
1 833.0 265.0
1 979.0 401.0
1 1016.0 406.0
1 950.0 413.0
1 909.0 580.0
1 955.0 699.0
1 676.0 419.0
1 866.0 498.0
1 1432.0 711.0
1 854.0 250.0
1 1080.0 408.0
1 736.0 446.0
1 46.0 851.0
1 698.0 451.0
1 666.0 541.0
1 756.0 565.0
1 1020.0 839.0
1 900.0 515.0
1 732.0 376.0
1 625.0 515.0
1 894.0 456.0
1 772.0 441.0
1 724.0 422.0
1 996.0 429.0
1 799.0 520.0
1 1111.0 802.0
1 782.0 278.0
1 532.0 870.0
1 733.0 389.0
1 805.0 546.0
1 964.0 301.0
1 1142.0 886.0
1 829.0 588.0
1 967.0 601.0
1 1217.0 860.0
1 490.0 969.0
1 921.0 392.0
1 837.0 395.0
1 733.0 576.0
1 785.0 511.0
1 993.0 341.0
1 634.0 352.0
1 527.0 628.0
1 1098.0 858.0
1 1031.0 381.0
1 544.0 345.0
1 1153.0 932.0
1 1295.0 819.0
1 1019.0 594.0
1 706.0 605.0
1 941.0 653.0
1 1229.0 899.0
1 766.0 524.0
1 1245.0 839.0
1 771.0 695.0
1 738.0 419.0
1 686.0 391.0
1 867.0 444.0
1 829.0 448.0
1 519.0 352.0
1 958.0 532.0
1 709.0 636.0
1 819.0 721.0
1 651.0 339.0
1 1285.0 828.0
1 981.0 505.0
1 910.0 405.0
1 963.0 401.0
1 528.0 642.0
1 460.0 987.0
1 856.0 394.0
1 569.0 355.0
1 779.0 508.0
1 856.0 500.0
1 438.0 943.0
1 771.0 368.0
1 928.0 575.0
1 912.0 391.0
1 901.0 727.0
1 649.0 430.0
1 1075.0 392.0
1 990.0 491.0
1 917.0 645.0
1 548.0 425.0
1 521.0 362.0
1 482.0 898.0
1 797.0 629.0
1 362.0 880.0
1 795.0 251.0
1 976.0 541.0
1 838.0 531.0
1 889.0 392.0
1 940.0 332.0
1 826.0 536.0
1 956.0 685.0
1 1234.0 820.0
1 730.0 483.0
1 742.0 457.0
1 996.0 331.0
1 1152.0 899.0
1 770.0 536.0
1 688.0 369.0
1 1021.0 611.0
1 1267.0 805.0
1 611.0 413.0
1 821.0 512.0
1 494.0 459.0
1 934.0 526.0
1 773.0 240.0
1 326.0 838.0
1 717.0 733.0
1 648.0 371.0
1 1084.0 463.0
1 614.0 522.0
1 509.0 430.0
1 297.0 864.0
1 1104.0 347.0
1 727.0 325.0
1 768.0 501.0
1 831.0 631.0
1 485.0 427.0
1 561.0 424.0
1 443.0 917.0
1 1223.0 821.0
1 747.0 697.0
1 310.0 803.0
1 1075.0 293.0
1 1193.0 807.0
1 779.0 689.0
1 559.0 886.0
1 824.0 560.0
1 793.0 293.0
1 691.0 437.0
1 735.0 702.0
1 635.0 480.0
1 885.0 524.0
1 1060.0 370.0
1 643.0 332.0
1 939.0 469.0
1 746.0 444.0
1 742.0 346.0
1 918.0 570.0
1 969.0 307.0
1 1015.0 311.0
1 881.0 515.0
1 761.0 307.0
1 955.0 524.0
1 831.0 508.0
1 801.0 399.0
1 1043.0 273.0
1 1093.0 417.0
1 559.0 632.0
1 924.0 718.0
1 614.0 430.0
1 980.0 667.0
1 739.0 568.0
1 770.0 672.0
1 643.0 321.0
1 519.0 609.0
1 574.0 367.0
1 848.0 853.0
1 613.0 334.0
1 498.0 358.0
1 496.0 479.0
1 816.0 497.0
1 1229.0 850.0
1 586.0 308.0
1 815.0 262.0
1 650.0 394.0
1 896.0 288.0
1 920.0 560.0
1 657.0 305.0
1 811.0 459.0
1 1002.0 288.0
1 1065.0 278.0
1 546.0 372.0
1 825.0 401.0
1 1314.0 751.0
1 751.0 538.0
1 796.0 507.0
1 783.0 743.0
1 988.0 291.0
1 651.0 513.0
1 662.0 421.0
1 652.0 380.0
1 594.0 334.0
1 1296.0 830.0
1 1192.0 956.0
1 886.0 402.0
1 481.0 402.0
1 596.0 320.0
1 526.0 403.0
1 874.0 637.0
1 676.0 500.0
1 900.0 578.0
1 945.0 459.0
1 890.0 537.0
1 882.0 272.0
1 1165.0 924.0
1 653.0 542.0
1 1256.0 818.0
1 837.0 522.0
1 927.0 516.0
1 794.0 414.0
1 686.0 353.0
1 1246.0 825.0
1 1251.0 884.0
1 733.0 551.0
1 948.0 692.0
1 752.0 527.0
1 1352.0 817.0
1 1145.0 940.0
1 777.0 412.0
1 980.0 284.0
1 1060.0 567.0
1 577.0 347.0
1 909.0 716.0
1 1323.0 794.0
1 853.0 624.0
1 682.0 326.0
1 906.0 726.0
1 871.0 464.0
1 801.0 471.0
1 530.0 433.0
1 521.0 915.0
1 785.0 398.0
1 741.0 657.0
1 1321.0 535.0
1 635.0 449.0
1 565.0 315.0
1 966.0 589.0
1 820.0 412.0
1 1310.0 690.0
1 843.0 504.0
1 817.0 680.0
1 779.0 531.0
1 954.0 463.0
1 973.0 317.0
1 667.0 349.0
1 620.0 293.0
1 1051.0 337.0
1 486.0 385.0
1 519.0 332.0
1 715.0 455.0
1 508.0 882.0
1 489.0 439.0
1 415.0 983.0
1 848.0 450.0
1 959.0 483.0
1 769.0 263.0
1 1056.0 285.0
1 972.0 389.0
1 810.0 515.0
1 915.0 461.0
1 1199.0 872.0
1 968.0 347.0
1 823.0 527.0
1 1010.0 556.0
1 577.0 378.0
1 699.0 320.0
1 772.0 428.0
1 1014.0 579.0
1 369.0 881.0
1 1405.0 780.0
1 877.0 729.0
1 1087.0 319.0
1 1070.0 331.0
1 696.0 313.0
1 852.0 670.0
1 1041.0 415.0
1 859.0 437.0
1 283.0 714.0
1 656.0 487.0
1 563.0 869.0
1 892.0 407.0
1 988.0 273.0
1 1369.0 743.0
1 1117.0 846.0
1 636.0 413.0
1 1077.0 357.0
1 677.0 526.0
1 946.0 306.0
1 981.0 311.0
1 967.0 334.0
1 1261.0 826.0
1 1306.0 788.0
1 833.0 724.0
1 1036.0 338.0
1 1068.0 478.0
1 940.0 373.0
1 914.0 318.0
1 1017.0 336.0
1 510.0 577.0
1 707.0 588.0
1 978.0 609.0
1 936.0 400.0
1 713.0 390.0
1 798.0 497.0
1 916.0 470.0
1 1247.0 812.0
1 572.0 344.0
1 691.0 508.0
1 61.0 831.0
1 1037.0 391.0
1 858.0 463.0
1 655.0 452.0
1 668.0 312.0
1 723.0 293.0
1 1294.0 800.0
1 1129.0 938.0
1 768.0 513.0
1 721.0 671.0
1 664.0 415.0
1 799.0 714.0
1 704.0 294.0
1 806.0 502.0
1 778.0 702.0
1 1014.0 348.0
1 129.0 857.0
1 1021.0 492.0
1 730.0 537.0
1 633.0 370.0
1 1450.0 141.0
1 654.0 353.0
1 1315.0 790.0
1 525.0 392.0
1 807.0 258.0
1 751.0 629.0
1 503.0 530.0
1 737.0 290.0
1 819.0 459.0
1 906.0 670.0
1 950.0 530.0
1 1038.0 308.0
1 647.0 453.0
1 1231.0 863.0
1 118.0 823.0
1 882.0 444.0
1 561.0 940.0
1 626.0 425.0
1 610.0 483.0
1 1080.0 400.0
1 533.0 469.0
1 1146.0 925.0
1 551.0 439.0
1 1047.0 476.0
1 1207.0 943.0
1 135.0 991.0
1 933.0 453.0
1 524.0 952.0
1 904.0 523.0
1 1459.0 144.0
1 940.0 716.0
1 1075.0 472.0
1 1230.0 877.0
1 1024.0 313.0
1 687.0 594.0
1 1058.0 884.0
1 1022.0 423.0
1 718.0 485.0
1 905.0 500.0
1 1015.0 476.0
1 490.0 990.0
1 1040.0 490.0
1 883.0 496.0
1 323.0 770.0
1 573.0 424.0
1 960.0 513.0
1 1175.0 893.0
1 973.0 412.0
1 983.0 631.0
1 1197.0 856.0
1 644.0 346.0
1 316.0 898.0
1 775.0 651.0
1 618.0 546.0
1 1076.0 305.0
1 945.0 584.0
1 398.0 959.0
1 1460.0 130.0
1 931.0 404.0
1 152.0 952.0
1 802.0 412.0
1 866.0 277.0
1 591.0 458.0
1 802.0 621.0
1 671.0 378.0
1 1288.0 805.0
1 213.0 796.0
1 665.0 487.0
1 1031.0 819.0
1 798.0 657.0
1 858.0 684.0
1 1096.0 464.0
1 1446.0 153.0
1 729.0 584.0
1 1043.0 663.0
1 644.0 411.0
1 591.0 434.0
1 945.0 366.0
1 809.0 492.0
1 1053.0 600.0
1 974.0 660.0
1 752.0 720.0
1 767.0 464.0
1 624.0 456.0
1 641.0 840.0
1 1138.0 930.0
1 1096.0 791.0
1 904.0 471.0
1 583.0 919.0
1 889.0 517.0
1 954.0 346.0
1 659.0 349.0
1 1414.0 700.0
1 871.0 712.0
1 1467.0 138.0
1 591.0 329.0
1 791.0 493.0
1 846.0 569.0
1 760.0 521.0
1 1215.0 951.0
1 1249.0 871.0
1 1477.0 51.0
1 1056.0 581.0
1 838.0 725.0
1 772.0 527.0
1 711.0 354.0
1 867.0 856.0
1 981.0 497.0
1 767.0 289.0
1 540.0 318.0
1 545.0 359.0
1 1067.0 465.0
1 957.0 400.0
1 1065.0 345.0
1 959.0 680.0
1 1159.0 869.0
1 616.0 353.0
1 721.0 554.0
1 1479.0 954.0
1 937.0 495.0
1 533.0 458.0
1 870.0 525.0
1 864.0 508.0
1 1432.0 728.0
1 764.0 535.0
1 958.0 593.0
1 728.0 339.0
1 606.0 354.0
1 904.0 718.0
1 541.0 491.0
1 784.0 698.0
1 562.0 605.0
1 1003.0 455.0
1 1329.0 817.0
1 707.0 416.0
1 502.0 442.0
1 625.0 600.0
1 544.0 447.0
1 726.0 285.0
1 1373.0 754.0
1 600.0 411.0
1 649.0 478.0
1 979.0 468.0
1 1177.0 783.0
1 943.0 507.0
1 1070.0 874.0
1 907.0 391.0
1 613.0 600.0
1 585.0 323.0
1 1038.0 977.0
1 962.0 334.0
1 604.0 435.0
1 669.0 428.0
1 899.0 719.0
1 1272.0 833.0
1 754.0 446.0
1 973.0 534.0
1 853.0 430.0
1 316.0 988.0
1 842.0 482.0
1 865.0 540.0
1 984.0 441.0
1 866.0 623.0
1 965.0 676.0
1 1176.0 840.0
1 772.0 735.0
1 772.0 568.0
1 750.0 476.0
1 1261.0 848.0
1 795.0 277.0
1 906.0 684.0
1 1252.0 655.0
1 1163.0 803.0
1 1003.0 677.0
1 937.0 306.0
1 1185.0 759.0
1 780.0 558.0
1 1444.0 722.0
1 888.0 496.0
1 725.0 544.0
1 1098.0 879.0
1 1009.0 348.0
1 663.0 299.0
1 1263.0 882.0
1 821.0 612.0
1 709.0 401.0
1 860.0 578.0
1 945.0 371.0
1 1115.0 833.0
1 502.0 454.0
1 760.0 726.0
1 1196.0 796.0
1 796.0 481.0
1 828.0 493.0
1 523.0 621.0
1 963.0 647.0
1 612.0 510.0
1 776.0 496.0
1 1046.0 431.0
1 1257.0 890.0
1 1185.0 889.0
1 528.0 477.0
1 896.0 728.0
1 875.0 455.0
1 338.0 975.0
1 713.0 651.0
1 1075.0 431.0
1 1133.0 968.0
1 528.0 323.0
1 906.0 560.0
1 864.0 721.0
1 827.0 474.0
1 1392.0 760.0
1 539.0 527.0
1 758.0 531.0
1 1063.0 419.0
1 1384.0 772.0
1 149.0 814.0
1 609.0 314.0
1 958.0 583.0
1 915.0 513.0
1 527.0 488.0
1 895.0 466.0
1 1056.0 472.0
1 838.0 622.0
1 503.0 434.0
1 565.0 792.0
1 1218.0 778.0
1 496.0 442.0
1 514.0 584.0
1 957.0 576.0
1 931.0 608.0
1 1005.0 441.0
1 831.0 461.0
1 861.0 548.0
1 851.0 394.0
1 698.0 417.0
1 500.0 506.0
1 398.0 951.0
1 801.0 406.0
1 924.0 625.0
1 884.0 614.0
1 817.0 451.0
1 1005.0 463.0
1 988.0 632.0
1 566.0 424.0
1 613.0 342.0
1 715.0 283.0
1 758.0 469.0
1 665.0 445.0
1 443.0 810.0
1 943.0 576.0
1 628.0 503.0
1 694.0 550.0
1 1047.0 880.0
1 831.0 485.0
1 1065.0 302.0
1 904.0 604.0
1 665.0 514.0
1 1276.0 825.0
1 902.0 806.0
1 848.0 838.0
1 661.0 338.0
1 1260.0 871.0
1 1418.0 735.0
1 962.0 916.0
1 595.0 415.0
1 1013.0 653.0
1 718.0 415.0
1 685.0 346.0
1 811.0 596.0
1 1063.0 335.0
1 1069.0 381.0
1 1266.0 952.0
1 718.0 563.0
1 475.0 920.0
1 968.0 681.0
1 804.0 478.0
1 1036.0 415.0
1 731.0 287.0
1 1324.0 724.0
1 1432.0 990.0
1 508.0 557.0
1 1170.0 938.0
1 1239.0 808.0
1 874.0 577.0
1 775.0 402.0
1 1082.0 939.0
1 616.0 423.0
1 1016.0 642.0
1 911.0 442.0
1 977.0 380.0
1 849.0 486.0
1 545.0 438.0
1 902.0 610.0
1 905.0 544.0
1 991.0 443.0
1 983.0 324.0
1 800.0 721.0
1 1287.0 766.0
1 968.0 686.0
1 746.0 524.0
1 191.0 411.0
1 743.0 482.0
1 505.0 461.0
1 819.0 730.0
1 830.0 396.0
1 1073.0 455.0
1 1104.0 449.0
1 668.0 317.0
1 783.0 525.0
1 863.0 573.0
1 210.0 991.0
1 806.0 456.0
1 1396.0 796.0
1 454.0 502.0
1 1039.0 885.0
1 853.0 684.0
1 1260.0 861.0
1 578.0 319.0
1 794.0 544.0
1 734.0 494.0
1 575.0 418.0
1 1422.0 722.0
1 717.0 431.0
1 543.0 805.0
1 1187.0 842.0
1 813.0 506.0
1 722.0 676.0
1 749.0 573.0
1 1018.0 637.0
1 367.0 901.0
1 1296.0 868.0
1 1017.0 426.0
1 1212.0 911.0
1 1168.0 775.0
1 954.0 499.0
1 1040.0 478.0
1 1055.0 958.0
1 1075.0 310.0
1 444.0 929.0
1 1105.0 443.0
1 897.0 404.0
1 777.0 628.0
1 699.0 282.0
1 1023.0 326.0
1 611.0 498.0
1 985.0 703.0
1 728.0 605.0
1 735.0 681.0
1 1470.0 71.0
1 288.0 895.0
1 911.0 421.0
1 1276.0 707.0
1 1288.0 952.0
1 408.0 592.0
1 771.0 690.0
1 1304.0 860.0
1 684.0 476.0
1 1012.0 335.0
1 682.0 452.0
1 600.0 427.0
1 516.0 942.0
1 875.0 669.0
1 1383.0 729.0
1 886.0 723.0
1 1035.0 479.0
1 861.0 624.0
1 812.0 275.0
1 1380.0 747.0
1 612.0 457.0
1 1309.0 816.0
1 888.0 731.0
1 877.0 394.0
1 846.0 623.0
1 1394.0 783.0
1 647.0 362.0
1 604.0 515.0
1 525.0 397.0
1 659.0 344.0
1 912.0 312.0
1 1241.0 878.0
1 735.0 405.0
1 906.0 447.0
1 808.0 846.0
1 899.0 801.0
1 1058.0 572.0
1 974.0 597.0
1 789.0 415.0
1 980.0 353.0
1 233.0 811.0
1 1010.0 472.0
1 795.0 720.0
1 1052.0 383.0
1 564.0 958.0
1 713.0 562.0
1 554.0 944.0
1 1067.0 828.0
1 713.0 509.0
1 1002.0 448.0
1 508.0 448.0
1 1066.0 323.0
1 1275.0 812.0
1 1072.0 424.0
1 892.0 952.0
1 824.0 501.0
1 623.0 396.0
1 1314.0 991.0
1 1010.0 373.0
1 782.0 407.0
1 1467.0 94.0
1 387.0 495.0
1 1212.0 879.0
1 1252.0 834.0
1 1479.0 56.0
1 612.0 505.0
1 1044.0 806.0
1 721.0 284.0
1 951.0 629.0
1 1298.0 520.0
1 839.0 490.0
1 1034.0 386.0
1 1011.0 433.0
1 1026.0 490.0
1 579.0 364.0
1 1112.0 947.0
1 591.0 874.0
1 1088.0 324.0
1 711.0 472.0
1 608.0 422.0
1 1434.0 191.0
1 684.0 305.0
1 498.0 363.0
1 782.0 457.0
1 835.0 498.0
1 878.0 497.0
1 950.0 476.0
1 1093.0 422.0
1 1255.0 712.0
1 890.0 628.0
1 1036.0 896.0
1 1008.0 362.0
1 184.0 807.0
1 543.0 433.0
1 575.0 975.0
1 706.0 600.0
1 1019.0 632.0
1 533.0 343.0
1 738.0 475.0
1 483.0 390.0
1 904.0 751.0
1 716.0 698.0
1 737.0 434.0
1 422.0 964.0
1 773.0 509.0
1 386.0 854.0
1 146.0 603.0
1 661.0 468.0
1 964.0 472.0
1 1158.0 912.0
1 523.0 324.0
1 1006.0 412.0
1 1118.0 969.0
1 355.0 698.0
1 844.0 411.0
1 533.0 320.0
1 984.0 549.0
1 690.0 522.0
1 509.0 567.0
1 1001.0 305.0
1 979.0 332.0
1 72.0 634.0
1 891.0 605.0
1 285.0 484.0
1 343.0 514.0
1 807.0 273.0
1 1041.0 338.0
1 716.0 354.0
1 784.0 321.0
1 538.0 457.0
1 768.0 600.0
1 1173.0 887.0
1 1307.0 745.0
1 1029.0 479.0
1 367.0 970.0
1 706.0 593.0
1 468.0 755.0
1 624.0 333.0
1 563.0 436.0
1 791.0 450.0
1 1309.0 87.0
1 572.0 377.0
1 726.0 440.0
1 792.0 488.0
1 847.0 684.0
1 545.0 317.0
1 744.0 510.0
1 1259.0 799.0
1 1048.0 415.0
1 984.0 804.0
1 1159.0 609.0
1 1260.0 919.0
1 1035.0 877.0
1 880.0 455.0
1 766.0 377.0
1 600.0 421.0
1 1027.0 989.0
1 421.0 978.0
1 830.0 401.0
1 1099.0 645.0
1 1021.0 616.0
1 611.0 354.0
1 1168.0 823.0
1 796.0 472.0
1 1096.0 441.0
1 532.0 441.0
