0 683 1 105.57553342268679
0 205 3 119.62944370921372
0 806 4 109.17453156321508
0 599 6 205.27553912888408
0 288 7 111.31405891667079
0 449 8 106.25228071824276
0 114 9 106.8361725289319
0 79 10 123.87375420875173
0 206 11 218.41924798584495
0 942 12 203.35510389952057
0 864 13 143.8246632161308
0 980 14 104.03175690180464
0 857 15 111.72292485346584
0 525 16 115.09018174095172
0 169 17 103.3412543977368
0 644 18 115.01469114322185
0 178 20 108.78318397154206
0 692 21 128.04314930652518
0 818 22 103.4008946586055
0 447 23 114.77276147767566
0 262 24 171.73246520688957
0 756 25 103.50158051177378
0 850 26 106.85782487350883
0 175 27 106.45716548644373
0 610 28 131.22600602050312
0 611 29 108.74465034024965
0 513 30 105.02065769865938
0 578 31 361.5450101795688
0 650 32 106.75830484222888
0 704 33 118.3772011987857
0 515 34 142.6317337196648
0 729 35 174.39627100106037
0 781 36 209.0668705676902
0 810 37 110.98947727189432
0 201 39 171.8178166749927
0 691 40 187.13076253158775
0 546 41 118.7679468997944
0 425 42 194.1534828501508
0 95 44 115.8817254930781
0 995 45 117.63432749432292
0 321 46 120.71105862962155
0 998 47 115.71000523126358
0 125 48 104.4525200706012
0 791 49 104.32857587388749
0 921 50 154.95010111294428
0 580 51 140.57264622400106
0 572 52 134.2885034128387
0 865 53 108.89330851867413
0 706 54 104.34568658322809
0 100 55 128.14729821738763
0 297 57 131.31846835028495
0 926 58 105.2789791139034
0 877 59 103.99941631644725
0 828 60 106.16117294784652
0 121 61 227.38861022309874
0 912 62 104.05799882614512
0 157 63 210.57883645300288
0 703 64 107.06014843372706
0 724 65 143.88269710419326
0 693 66 104.58563812127039
0 807 67 123.16414955577935
0 585 68 107.79806162600329
0 560 69 113.93917925185906
0 305 70 116.09432630797669
0 385 71 103.76268961402471
0 325 72 168.2325283137305
0 352 73 103.15948526557553
0 291 74 124.11167199135897
0 976 75 123.13413852056279
0 936 76 105.7448655121882
0 364 77 135.99414884946313
0 591 78 217.3354424501163
0 623 80 107.68636603663113
0 306 81 195.04820861856214
0 498 82 114.99758382747774
0 948 83 112.27053578460983
0 838 84 111.00112369244384
0 741 85 131.18697308312863
0 700 86 123.9444211322628
0 984 87 104.66900607648881
0 842 89 106.66920307680452
0 67 90 145.9449664858058
0 646 91 104.94862325280494
0 358 92 119.71731749320288
0 51 93 185.90998424711026
0 223 94 107.79065790774712
0 685 95 103.17340380463094
0 915 97 103.27184786702091
0 688 98 111.4220732274741
0 876 99 104.4060113739292
0 246 100 108.20335596994673
0 883 101 161.5773179454356
0 545 103 118.83008727457138
0 540 104 113.95868223970996
0 880 105 103.72578956430722
0 711 106 110.62991640516286
0 416 107 115.26279778787864
0 422 108 111.96756112537929
0 946 110 103.92034886857611
0 274 111 111.87453889105532
0 301 112 153.1340738780018
0 898 113 107.47394573497215
0 768 114 166.82862733239617
0 415 115 103.69230586667035
0 454 116 104.47319089410514
0 918 117 105.23752060407077
0 112 118 259.09249762600695
0 398 119 205.96147488467375
0 869 120 102.99836366272864
0 192 121 115.18961138613741
0 460 122 225.53149845516205
0 32 123 110.08185793370149
0 145 124 106.59451092034855
0 228 125 199.193973513016
0 313 126 106.41574600397432
0 347 127 111.27845002529718
0 24 128 153.66072712451972
0 909 129 106.54516893069325
0 373 130 168.0075722101809
0 532 131 103.71356804142506
0 285 132 237.46092054587993
0 771 133 103.32475148059747
0 478 134 228.91603302368372
0 917 135 185.33924366831098
0 35 136 148.48265898511636
0 177 137 128.19985256862907
0 156 138 108.36682949363883
0 903 139 103.25884968402042
0 187 140 106.62674427687031
0 656 141 131.63142326517203
0 592 142 210.24513600562318
0 73 143 112.0508814117281
0 346 144 115.19867550350963
0 554 145 136.08795758347821
0 583 146 109.45918905466567
0 397 147 176.32987187372433
0 208 148 107.74327465723542
0 571 149 111.4641572306699
0 824 150 103.97229539947884
0 320 151 143.04967196711868
0 710 152 104.07442692806296
0 639 153 132.5235260393488
0 152 154 138.5276901537863
0 105 155 275.49389613256835
0 280 156 103.2457022845087
0 982 157 106.45767211916
0 739 158 104.17362204108376
0 655 159 103.71757530632364
0 70 160 137.13987146766382
0 17 161 114.48552497014046
0 843 162 106.01856289918774
0 245 163 106.34452914612027
0 624 164 105.35124300244603
0 648 165 126.95781304531677
0 734 166 106.9473853304142
0 662 167 109.3446321549114
0 518 168 311.69654223241486
0 355 170 332.7302208838527
0 935 171 106.83570990959932
0 535 172 108.02930668511668
0 298 173 105.45246393986376
0 728 174 132.1688569530228
0 333 175 138.47763231636907
0 845 176 180.31183863045158
0 488 177 106.12154071287176
0 533 178 206.07168517289892
0 315 179 126.49270706590308
0 410 180 111.135321758018
0 421 181 137.95052575847762
0 484 182 152.94258678311195
0 42 183 174.0591413746231
0 609 184 103.19441560371492
0 1000 185 108.32896092962963
0 111 186 113.15571906879647
0 153 187 181.46833760615442
0 536 188 109.75888291664269
0 474 189 109.62142512290515
0 776 190 105.90018065983477
0 165 191 127.59931486507175
0 496 192 110.22104563520885
0 815 193 105.30865011201101
0 470 194 111.44093122156474
0 31 196 149.2310789089309
0 784 197 124.37352379231098
0 564 198 180.21590612351307
0 182 199 120.6168729164435
0 302 200 125.34660763490501
0 503 201 106.0195745369247
0 664 202 195.79982855919113
0 684 203 105.8991712993144
0 647 204 104.00243993761298
0 588 205 173.1873652168644
0 932 206 177.15073235157098
0 989 207 115.42263009817711
0 773 208 136.69794266419288
0 625 210 104.22002746821151
0 567 211 366.41288327540116
0 582 212 108.99377761839611
0 466 213 116.87817719484421
0 184 214 118.15128888671045
0 391 215 111.3662989353726
0 380 216 161.17517932273097
0 395 218 301.2297618067592
0 712 219 119.82120110190948
0 170 220 106.46112410509114
0 516 221 252.20129875156928
0 375 222 107.43131179326018
0 687 223 156.33392578627675
0 502 224 104.96183366093992
0 326 225 164.5036694916052
0 289 226 121.47283683099934
0 101 227 234.93156482754137
0 941 229 119.45290887619736
0 52 230 159.54539325146035
0 214 231 126.20345522362517
0 928 232 114.35054640073051
0 500 234 109.18869231807531
0 796 235 108.9302855148284
0 400 236 130.75736509025157
0 137 237 120.15700351184526
0 899 238 105.3073479379151
0 218 239 114.65379196628756
0 102 240 104.77521393958912
0 607 241 144.09822017756224
0 885 242 104.95808424590491
0 336 243 181.08488710268452
0 916 244 105.63591219657533
0 668 245 147.38927037144833
0 659 246 118.00107611207038
0 744 247 132.09243469748094
0 213 248 104.34389543827696
0 846 249 132.06062856334574
0 577 250 144.0310348243792
0 801 251 107.65941611833925
0 628 252 117.38380975069992
0 440 253 355.19919649839966
0 888 254 119.54686925836648
0 779 256 107.14308248538099
0 85 258 120.88022902751065
0 374 262 118.49506355793639
0 215 263 165.02786217159
0 197 265 104.7714713023725
0 907 267 103.91801873869788
0 277 269 105.92806265769121
0 785 270 104.80584556338772
0 241 271 122.83060386457866
0 881 272 124.72172515646514
0 194 273 113.48625810516309
0 106 274 165.23006244329738
0 780 275 111.23425671318638
0 940 276 110.809467367141
0 811 277 118.70951673388524
0 893 279 103.54704389555542
0 74 280 119.58683377102392
0 271 281 108.35571527866313
0 231 282 157.22818626403574
0 723 283 106.51621727733401
0 933 285 133.3886587945818
0 504 286 184.9243359806077
0 959 287 103.13405588740221
0 461 288 155.82263624135044
0 520 289 103.68172610393167
0 993 290 119.51586191646919
0 56 291 126.30116111708803
0 673 292 106.98375502852883
0 730 293 103.3708748531049
0 751 294 182.02333084411106
0 290 295 103.30070980841681
0 569 296 108.00808791643448
0 637 297 105.54855381721053
0 273 298 446.83653223146854
0 264 299 136.04941018713708
0 394 300 123.38287558633138
0 681 302 161.60397854490864
0 60 303 105.56083307484046
0 195 304 124.86102254777806
0 509 305 132.79425853681087
0 499 306 108.60602846649252
0 96 307 113.1542613931628
0 401 308 187.43099065672396
0 429 309 110.35093869770863
0 465 310 153.14662653644427
0 836 311 113.39473525911077
0 720 312 103.73978437218018
0 858 313 158.77871149095614
0 694 314 104.40924711614943
0 708 316 103.63912132799189
0 329 317 110.04312792891686
0 790 319 133.74716268259058
0 954 320 133.63892179304372
0 825 322 109.83296465318644
0 351 323 103.39157849860008
0 961 324 117.741293909421
0 967 325 109.83029712585073
0 695 326 107.98063620674063
0 448 327 176.1648285992992
0 501 329 105.59068311578442
0 256 330 106.69377316268654
0 721 331 110.10474483847585
0 227 332 111.07932664694317
0 140 333 106.91658625349656
0 672 334 208.2321446368781
0 950 335 108.67715365781329
0 735 336 105.60745251565584
0 434 337 179.72057703948948
0 772 339 103.49234834544222
0 468 340 105.03463587877366
0 1006 341 120.23242677755302
0 18 342 169.8507424306435
0 992 343 104.36310153415577
0 561 345 191.79603234139964
0 823 346 133.11740086324852
0 378 347 109.86386995983804
0 985 348 113.02295770744402
0 136 349 222.02923265649721
0 920 350 111.47213345494981
0 275 351 104.62254583405645
0 601 352 151.78277095481326
0 266 353 105.69233827034577
0 629 354 107.33397595128045
0 495 355 109.81604854124967
0 127 356 114.82974520951146
0 260 357 231.61508682899944
0 426 358 129.80143660959948
0 490 359 164.66344587268048
0 975 360 177.8060958186272
0 377 361 115.25582176267348
0 873 363 104.1504768468531
0 839 364 109.70739360900048
0 166 365 180.16435046900438
0 379 366 260.9888998309124
0 412 367 129.36105851251426
0 257 368 103.28460134270101
0 548 369 106.16283892874172
0 895 370 104.43767568812225
0 943 371 105.73554203089665
0 168 372 204.84257134737777
0 295 373 157.439145490966
0 539 375 374.11076251987794
0 6 376 138.71019615537028
0 226 377 105.57563307751433
0 550 378 109.60731660740815
0 235 379 116.09582054891018
0 887 380 120.08614425440614
0 435 381 110.66014784749424
0 682 382 122.87055372622842
0 343 383 230.1275732820074
0 551 384 111.87763490377228
0 636 385 103.68217462666524
0 82 386 111.41893578189293
0 813 387 134.59313517262348
0 477 388 120.82848222741562
0 651 389 103.85515756445119
0 761 391 103.35165018618089
0 953 392 110.03541262191001
0 1004 393 369.6792445305165
0 37 394 127.74518601315962
0 371 395 122.90220101038271
0 419 396 106.02366818210459
0 314 397 109.39073139838702
0 750 398 152.3544530616385
0 219 399 210.47785334673605
0 512 400 247.87016421537848
0 652 401 102.97052357108987
0 677 402 107.05234024428958
0 493 403 133.6201892034971
0 814 404 109.17749414684195
0 30 405 313.64666999371764
0 705 406 103.12874330174313
0 304 407 114.00884795668087
0 459 409 106.86291601365754
0 640 410 103.2445713451603
0 745 411 131.3373116302205
0 547 412 116.86546845056091
0 630 413 114.67927026453407
0 587 414 104.54510162311081
0 413 415 161.35418436880184
0 671 416 112.10902922127626
0 485 417 112.41940710431652
0 1021 418 103.36002945325546
0 612 419 106.10352730080011
0 84 420 108.20748041574303
0 737 421 131.93883816675557
0 270 422 488.4594604174823
0 666 423 113.27718902800619
0 368 424 103.13523512741989
0 328 425 185.06300356134423
0 1015 426 129.7088712319138
0 1002 427 119.70476107302946
0 616 428 106.37095284245876
0 55 429 112.68565405902578
0 159 430 120.35230483138304
0 472 431 120.31741817649564
0 557 432 180.80275952087723
0 527 433 114.52806334903407
0 108 434 142.61309871314097
0 134 435 111.42493704077322
0 443 436 114.54324038702923
0 931 437 104.13682348480143
0 342 438 203.89884525854393
0 676 439 114.06730897626163
0 870 440 107.98820506179263
0 78 441 466.8412835201333
0 997 443 106.35294905190709
0 308 444 104.74554190994547
0 71 445 174.11757917307824
0 598 446 106.12568922772654
0 927 448 115.68827084153186
0 372 449 151.13163046922898
0 862 450 105.7993864635284
0 220 451 104.51534490647659
0 951 454 117.8172798793261
0 16 455 105.55841551540874
0 866 456 103.10410842796558
0 726 457 104.08320792265447
0 991 458 126.19900296774833
0 631 459 116.45521470672224
0 524 460 117.89803655248852
0 833 461 110.5750123198236
0 479 462 103.76254201286721
0 924 463 108.48393311366542
0 675 464 114.04805564402129
0 489 465 158.579107147887
0 439 466 103.64045299752537
0 831 467 106.41219571955365
0 1019 468 118.42902605327382
0 529 469 109.908406473094
0 316 471 294.9687958959832
0 330 472 104.54903658714262
0 645 473 159.8291164184411
0 575 474 120.99123699236547
0 1014 475 129.7631862009298
0 722 476 242.04721670564518
0 128 477 129.67906448623341
0 861 478 109.0437344434155
0 837 479 114.79060306950923
0 93 480 199.23917906012144
0 406 481 117.30569959779422
0 740 482 172.06887466230495
0 171 483 174.20678370777912
0 476 484 267.8733077912017
0 923 485 128.3616537101641
0 994 486 172.4920957134256
0 981 487 104.14829155112287
0 718 488 242.90049308440348
0 94 489 119.1101576930881
0 1016 490 103.28711299151938
0 884 491 113.8868714775676
0 109 492 179.33706960779807
0 519 493 119.63086825992274
0 530 494 116.26274251526219
0 514 496 129.02150556322619
0 386 497 117.2667121785473
0 749 498 103.19652931479975
0 854 502 115.69599343388694
0 381 503 126.42679318276203
0 698 504 118.18690366204207
0 742 505 103.77090460133329
0 566 506 108.26668094974283
0 107 507 110.44327556437288
0 1009 508 139.4479753207607
0 338 509 103.39863237239643
0 146 510 104.72446901875989
0 247 511 201.37043437097125
0 327 512 164.73413311705528
0 133 513 241.31243970682723
0 576 514 129.02765756868172
0 805 515 140.70348319874267
0 445 517 107.00717347669656
0 965 518 115.46077422620013
0 455 519 178.871112532651
0 162 520 105.11790478158444
0 544 521 165.60756969948588
0 775 522 159.59119610525255
0 471 523 123.43901358363483
0 787 524 107.237851348532
0 964 526 113.48149883746711
0 23 528 106.65094903946728
0 766 531 231.44152748613828
0 318 532 119.94182070869641
0 789 533 176.28649817479572
0 423 534 118.4337746158823
0 803 535 103.84832410015166
0 542 538 110.8218373478457
0 844 539 117.483928185661
0 626 540 123.52479884683203
0 124 542 222.34241483786855
0 193 543 144.72761590266617
0 679 544 171.18991530203044
0 534 545 128.3674679385775
0 492 546 103.38349353450162
0 608 547 147.8348296383473
0 14 548 190.06766761414167
0 543 549 143.47990695691135
0 882 552 116.36046463965653
0 654 553 109.70326163076962
0 834 554 117.55487879047767
0 713 556 104.92565740453401
0 725 559 221.08918857872993
0 174 560 103.5252238981049
0 469 561 105.90185182882385
0 799 562 103.7489837498297
0 97 563 105.97140583784581
0 176 565 110.32400263506379
0 452 566 119.15975731979299
0 690 567 104.34474557549645
0 238 568 163.702068218302
0 979 569 108.22332511933794
0 240 570 126.46345436391668
0 860 571 230.49394063040523
0 392 572 121.83295049072404
0 68 573 230.18947476739697
0 526 574 112.74418997228707
0 265 575 109.46425255544881
0 531 576 181.09352658074846
0 203 577 111.74802513535545
0 958 578 109.77139291083657
0 22 579 113.98634613750107
0 581 580 103.53993141902436
0 714 582 103.44202817012564
0 760 583 116.51592897460428
0 795 584 136.68919995685184
0 919 586 175.90695976357034
0 707 587 346.55893326414775
0 480 588 118.85082921772975
0 517 589 133.99714725607294
0 481 590 124.94464622025528
0 972 591 303.845762726445
0 765 593 147.7039103395896
0 590 594 153.48512035943799
0 886 596 103.11050209687689
0 663 597 105.05491940236749
0 487 598 194.9189737939188
0 649 600 134.8408328823828
0 424 602 140.52325371512416
0 252 603 332.14432462101695
0 523 604 126.83285939514577
0 353 606 116.41096642825057
0 868 607 112.43988527888177
0 759 608 152.63703767321445
0 944 609 105.81492748929455
0 641 610 113.4302085291901
0 494 611 106.75545850805935
0 589 613 109.98752109727808
0 340 614 167.3375676031778
0 428 616 383.46348989795734
0 344 618 136.9337710064572
0 144 619 135.15246406587383
0 914 621 130.98619380975822
0 966 622 132.32468053430185
0 988 623 174.54552112928675
0 894 624 105.60654844072306
0 754 625 145.4351151628957
0 196 626 133.9245190150492
0 962 627 109.77856123035208
0 764 630 112.06119476388335
0 867 631 195.03016029303552
0 62 632 134.02200226788798
0 414 633 125.56597139375012
0 253 634 227.0652869597558
0 595 636 171.3867581453121
0 272 637 104.0856875305624
0 537 638 105.81285864796281
0 396 639 107.60044288970138
0 774 640 108.42864314774955
0 716 643 181.8154981709772
0 456 645 137.1661640766466
0 46 646 138.01802676332272
0 767 648 119.24876449009851
0 855 649 107.57341180100464
0 549 651 122.05024605062289
0 19 653 121.11476705469528
0 911 654 125.27980563622683
0 9 655 376.9202081627775
0 949 656 133.8875505892429
0 212 657 122.90858464788465
0 996 660 192.1140031980037
0 925 661 110.38562227522517
0 875 662 115.44277137802021
0 565 663 124.3464870957624
0 110 664 120.78285750693195
0 57 665 135.44736249993036
0 399 667 104.2501020770402
0 363 669 186.552907589282
0 446 670 108.25547550332793
0 250 672 105.62739928254629
0 556 675 137.1030003163372
0 678 677 158.7938598857441
0 356 678 175.31375449681775
0 952 681 132.14000091048382
0 573 683 110.29849371552558
0 800 684 103.63368616637511
0 977 685 111.64480148316582
0 1003 686 150.03506019434286
0 41 688 264.7378309466287
0 738 689 114.75918767930251
0 938 690 103.80950677908747
0 856 695 114.18300447640344
0 486 696 212.58046580839851
0 521 697 149.41564158661927
0 390 698 499.95041385360645
0 258 699 105.14216727573175
0 83 700 104.88148675860927
0 122 702 215.0577865022949
0 230 703 112.43516815800902
0 348 704 176.85059052916512
0 835 705 164.54744151491153
0 234 706 146.94268214369419
0 172 709 196.9780802627499
0 21 710 121.45806293932691
0 987 711 120.67600711056431
0 840 713 117.01876000631086
0 642 714 103.17434283857085
0 72 716 355.29879064007173
0 229 718 127.69342160914474
0 874 719 194.21627962246333
0 210 722 105.56772771238931
0 1013 723 119.91317074516532
0 559 724 122.91098881302422
0 232 725 187.54937262820505
0 969 726 128.97334175258501
0 778 727 125.18616697606511
0 570 728 139.857918122025
0 973 729 195.63762971452107
0 267 732 155.3922749999398
0 362 734 104.16677247536666
0 404 736 135.18752000853482
0 797 737 103.66511427422502
0 848 738 119.95995046648069
0 669 739 128.49392991369413
0 332 743 207.15621225724945
0 432 747 115.88250189151903
0 794 748 133.32487795729557
0 120 749 235.2162754051722
0 221 750 132.96490079315075
0 618 751 145.0083441171295
0 225 752 192.347385200689
0 891 753 106.86495805109158
0 1012 754 130.7165327288106
0 853 755 119.81308913116382
0 497 756 106.50722382277608
0 300 757 103.25894501330404
0 617 758 178.45723330709217
0 627 759 106.14876706539165
0 793 761 104.81224250205723
0 558 763 209.52355142655455
0 420 765 108.12268896125188
0 594 766 109.43888976370452
0 505 767 177.88173015825726
0 269 768 107.81682134114507
0 433 769 223.0640943028978
0 403 770 135.97975364776778
0 826 771 173.32747903040345
0 349 772 120.149955985449
0 613 775 212.09042720557866
0 906 776 178.52107456875166
0 294 777 104.84163786063571
0 311 781 184.13330653921093
0 462 782 122.97893859774443
0 251 783 314.5621147181657
0 670 785 202.92541700956838
0 620 786 181.09266650526092
0 748 788 148.57232222802656
0 173 790 104.41108599076053
0 878 791 131.04880026707772
0 510 792 144.23750350336925
0 217 793 324.9893484402911
0 508 796 103.54872470435113
0 198 798 236.2630280441322
0 27 799 254.98685756263697
0 310 800 386.1251287537078
0 731 801 103.15323773536275
0 769 802 181.9840990227199
0 506 806 116.89122261126627
0 929 807 131.40778796317966
0 242 809 256.2410666345727
0 783 810 125.59172651853467
0 224 812 145.53383346986985
0 896 814 123.0654574811641
0 757 815 236.9580274589252
0 389 817 263.9945813909741
0 978 818 131.76945158946768
0 376 819 116.27399891953966
0 89 823 194.5484688709643
0 511 824 205.3597381485902
0 528 830 188.92697458915922
0 971 831 127.2081999971946
0 69 834 198.3112613388917
0 900 837 138.2502784829236
0 77 841 140.18942751191912
0 719 842 147.01249603272035
0 812 843 105.0242669476292
0 879 844 109.04243039364741
0 441 846 164.44908794516567
0 847 848 195.4776125263452
0 947 849 103.75522023906373
0 727 851 127.23197980937822
0 237 855 146.17703233514214
0 955 856 106.08663354081412
0 593 858 120.72970839440981
0 816 860 126.40744670944035
0 600 862 190.6846133921227
0 286 863 220.83378059155757
0 388 864 115.6144317644856
0 697 867 103.95068227251345
0 605 871 151.14922201090653
0 852 877 117.16225048347924
0 20 878 191.87616146942517
0 25 879 243.8221201235386
0 930 882 122.59578489886653
0 143 883 104.3628548412681
0 130 884 136.7371148098562
0 802 885 109.84375112529963
0 541 890 145.80625772551596
0 261 892 354.58961171701
0 904 893 192.7999007111107
0 1007 894 116.75786031535837
0 222 896 232.83624676743847
0 1008 898 103.2646078885217
0 736 899 306.5850615487582
0 621 900 167.64074641888226
0 437 902 169.32560388774735
0 786 903 111.33805220444448
0 163 904 141.32424597363337
0 276 906 107.33469010346208
0 890 907 124.86191463684011
0 158 908 192.2538630473856
0 49 909 129.86631303315562
0 568 911 202.25614506221433
0 50 913 279.87392573469083
0 905 915 109.65028369039528
0 284 918 116.75034467247556
0 777 919 210.46099484285003
0 339 920 136.77429116659948
0 322 921 177.1470100636832
0 715 922 168.14542603124676
0 667 924 154.16712688626478
0 331 931 132.22041695904997
0 733 933 113.58841752931683
0 268 936 476.0089755916255
0 614 940 105.49908719971788
0 619 942 107.4333136958582
0 821 943 140.20660255370456
0 4 945 296.123265613166
0 367 949 235.82812389525074
0 657 952 103.65617312539017
0 142 955 151.56811854413004
0 827 956 174.9318038545185
0 859 957 106.28409867309713
0 254 959 180.8068903382663
0 653 960 105.74763821549548
0 457 963 196.45672831919424
0 615 964 208.85444556282135
0 185 965 180.21280885496574
0 963 968 140.5227829166633
0 1011 971 146.4672786429676
0 661 974 441.2042720288982
0 427 975 151.84184034611204
0 968 976 175.17471043085825
0 603 977 115.88294212206101
0 155 978 225.60743923456093
0 334 979 204.39725606582195
0 746 980 106.81518180917007
0 359 981 121.84562110908081
0 131 984 119.99588312921946
0 211 985 112.92653246641444
0 382 986 273.5523512081957
0 402 987 226.29460340111947
0 324 988 170.07118224154115
0 808 989 149.22353971254492
0 1001 990 127.06258961841499
0 65 991 141.73524042513773
0 851 993 120.43738804481387
0 438 994 189.1442070442317
0 53 995 133.78403227553048
0 792 998 104.91139987724955
0 387 999 111.05443026805561
0 901 1001 248.8402978154485
0 1005 1004 150.4738245555375
0 123 1006 264.17290986327566
0 829 1007 134.16184154328673
0 81 1008 133.7516303186655
0 832 1009 157.9046955736054
0 167 1010 230.28279246787173
0 892 1011 178.22814587430577
0 983 1014 111.34665330196616
0 453 1015 107.2493544473613
0 841 1016 107.18810385171342
0 957 1017 114.11447336103777
0 190 1020 173.85658410251904
0 191 1021 226.25274872580223
0 747 1023 128.04791832270607

0 871.0 127.0
0 893.0 400.0
0 1001.0 304.0
0 914.0 196.0
0 1015.0 450.0
0 900.0 351.0
0 1039.0 369.0
0 951.0 242.0
0 248.0 320.0
0 894.0 160.0
0 936.0 141.0
0 1045.0 195.0
0 899.0 504.0
0 909.0 474.0
0 636.0 550.0
0 1022.0 468.0
0 467.0 343.0
0 309.0 188.0
0 1012.0 379.0
0 611.0 484.0
0 481.0 192.0
0 1038.0 400.0
0 147.0 480.0
0 967.0 305.0
0 880.0 231.0
0 950.0 435.0
0 277.0 492.0
0 908.0 185.0
0 818.0 373.0
0 841.0 372.0
0 262.0 343.0
0 428.0 366.0
0 939.0 382.0
0 1063.0 405.0
0 850.0 334.0
0 678.0 428.0
0 604.0 451.0
0 1055.0 452.0
0 469.0 315.0
0 1031.0 192.0
0 1026.0 399.0
0 460.0 352.0
0 925.0 315.0
0 857.0 301.0
0 960.0 147.0
0 631.0 562.0
0 246.0 267.0
0 130.0 588.0
0 487.0 168.0
0 872.0 451.0
0 919.0 498.0
0 67.0 366.0
0 444.0 362.0
0 933.0 475.0
0 901.0 409.0
0 947.0 149.0
0 854.0 149.0
0 882.0 248.0
0 943.0 499.0
0 1020.0 479.0
0 441.0 479.0
0 1023.0 167.0
0 634.0 504.0
0 1054.0 173.0
0 918.0 407.0
0 813.0 429.0
0 940.0 402.0
0 1030.0 451.0
0 406.0 368.0
0 400.0 359.0
0 948.0 253.0
0 245.0 295.0
0 882.0 262.0
0 304.0 278.0
0 904.0 247.0
0 172.0 562.0
0 931.0 504.0
0 940.0 278.0
0 1004.0 357.0
0 858.0 367.0
0 999.0 369.0
0 1034.0 255.0
0 457.0 334.0
0 154.0 539.0
0 1014.0 462.0
0 827.0 432.0
0 249.0 421.0
0 131.0 576.0
0 901.0 758.0
0 968.0 465.0
0 1078.0 130.0
0 971.0 381.0
0 236.0 282.0
0 865.0 112.0
0 1087.0 203.0
0 302.0 418.0
0 821.0 421.0
0 118.0 521.0
0 85.0 417.0
0 681.0 488.0
0 566.0 221.0
0 1050.0 481.0
0 81.0 387.0
0 386.0 352.0
0 474.0 354.0
0 891.0 485.0
0 810.0 418.0
0 999.0 292.0
0 1054.0 295.0
0 870.0 777.0
0 1002.0 505.0
0 245.0 241.0
0 936.0 250.0
0 945.0 488.0
0 624.0 445.0
0 90.0 296.0
0 532.0 322.0
0 1010.0 494.0
0 871.0 158.0
0 411.0 298.0
0 202.0 501.0
0 1079.0 188.0
0 907.0 314.0
0 888.0 87.0
0 891.0 175.0
0 900.0 216.0
0 347.0 262.0
0 464.0 278.0
0 1034.0 59.0
0 962.0 491.0
0 421.0 291.0
0 297.0 346.0
0 1048.0 243.0
0 105.0 464.0
0 893.0 317.0
0 737.0 496.0
0 911.0 92.0
0 938.0 183.0
0 919.0 177.0
0 133.0 517.0
0 1004.0 187.0
0 1040.0 384.0
0 926.0 365.0
0 903.0 140.0
0 411.0 285.0
0 283.0 362.0
0 981.0 357.0
0 972.0 284.0
0 504.0 204.0
0 1009.0 348.0
0 456.0 477.0
0 463.0 265.0
0 225.0 427.0
0 919.0 379.0
0 467.0 181.0
0 1049.0 159.0
0 524.0 243.0
0 120.0 572.0
0 201.0 443.0
0 998.0 384.0
0 960.0 133.0
0 998.0 42.0
0 1039.0 462.0
0 310.0 220.0
0 963.0 370.0
0 246.0 394.0
0 145.0 441.0
0 91.0 403.0
0 1039.0 323.0
0 606.0 432.0
0 1031.0 275.0
0 625.0 514.0
0 1006.0 337.0
0 289.0 254.0
0 657.0 429.0
0 935.0 264.0
0 604.0 470.0
0 524.0 333.0
0 917.0 344.0
0 960.0 255.0
0 498.0 300.0
0 911.0 305.0
0 906.0 331.0
0 864.0 96.0
0 439.0 381.0
0 652.0 568.0
0 471.0 168.0
0 951.0 175.0
0 418.0 351.0
0 977.0 315.0
0 922.0 443.0
0 264.0 185.0
0 892.0 330.0
0 951.0 456.0
0 957.0 313.0
0 950.0 322.0
0 902.0 85.0
0 854.0 449.0
0 964.0 349.0
0 1096.0 183.0
0 984.0 247.0
0 549.0 338.0
0 1057.0 388.0
0 993.0 396.0
0 216.0 396.0
0 838.0 361.0
0 890.0 501.0
0 612.0 553.0
0 1066.0 440.0
0 563.0 329.0
0 121.0 385.0
0 293.0 369.0
0 475.0 369.0
0 355.0 325.0
0 253.0 191.0
0 506.0 292.0
0 457.0 296.0
0 860.0 358.0
0 581.0 300.0
0 262.0 429.0
0 494.0 190.0
0 859.0 341.0
0 1007.0 276.0
0 77.0 410.0
0 537.0 339.0
0 861.0 264.0
0 1021.0 241.0
0 855.0 161.0
0 1070.0 274.0
0 167.0 534.0
0 890.0 111.0
0 1014.0 196.0
0 960.0 501.0
0 449.0 292.0
0 963.0 325.0
0 862.0 453.0
0 393.0 300.0
0 1104.0 168.0
0 215.0 515.0
0 287.0 207.0
0 518.0 159.0
0 1012.0 364.0
0 966.0 483.0
0 1038.0 266.0
0 679.0 504.0
0 827.0 393.0
0 1025.0 384.0
0 840.0 435.0
0 485.0 207.0
0 902.0 469.0
0 851.0 356.0
0 634.0 459.0
0 954.0 378.0
0 576.0 313.0
0 1040.0 481.0
0 628.0 428.0
0 269.0 470.0
0 829.0 275.0
0 1096.0 141.0
0 867.0 169.0
0 1070.0 301.0
0 494.0 266.0
0 870.0 280.0
0 1061.0 195.0
0 910.0 357.0
0 991.0 191.0
0 472.0 191.0
0 656.0 501.0
0 1026.0 288.0
0 573.0 243.0
0 90.0 469.0
0 995.0 210.0
0 917.0 483.0
0 904.0 194.0
0 1108.0 154.0
0 418.0 464.0
0 760.0 511.0
0 55.0 481.0
0 819.0 404.0
0 993.0 484.0
0 999.0 134.0
0 262.0 239.0
0 346.0 214.0
0 950.0 420.0
0 1048.0 116.0
0 1039.0 500.0
0 927.0 335.0
0 114.0 552.0
0 1010.0 309.0
0 403.0 340.0
0 641.0 563.0
0 884.0 123.0
0 249.0 409.0
0 185.0 439.0
0 811.0 441.0
0 732.0 258.0
0 872.0 356.0
0 838.0 383.0
0 1023.0 223.0
0 911.0 231.0
0 484.0 295.0
0 434.0 294.0
0 1071.0 393.0
0 910.0 126.0
0 935.0 191.0
0 159.0 338.0
0 488.0 332.0
0 995.0 146.0
0 1015.0 290.0
0 465.0 306.0
0 1041.0 310.0
0 842.0 468.0
0 937.0 413.0
0 1055.0 466.0
0 196.0 418.0
0 303.0 330.0
0 990.0 407.0
0 582.0 268.0
0 901.0 381.0
0 668.0 456.0
0 134.0 546.0
0 906.0 273.0
0 631.0 469.0
0 259.0 279.0
0 170.0 550.0
0 185.0 555.0
0 338.0 419.0
0 853.0 311.0
0 906.0 259.0
0 1003.0 324.0
0 261.0 225.0
0 1021.0 413.0
0 496.0 212.0
0 907.0 170.0
0 1052.0 401.0
0 953.0 510.0
0 44.0 446.0
0 1042.0 292.0
0 448.0 274.0
0 970.0 440.0
0 401.0 321.0
0 135.0 599.0
0 1029.0 47.0
0 728.0 557.0
0 477.0 182.0
0 837.0 350.0
0 916.0 461.0
0 987.0 279.0
0 703.0 552.0
0 316.0 176.0
0 711.0 504.0
0 341.0 245.0
0 381.0 372.0
0 286.0 235.0
0 146.0 387.0
0 867.0 329.0
0 937.0 163.0
0 1011.0 223.0
0 960.0 296.0
0 244.0 335.0
0 211.0 558.0
0 853.0 283.0
0 11.0 456.0
0 187.0 505.0
0 62.0 492.0
0 329.0 192.0
0 1054.0 279.0
0 867.0 296.0
0 334.0 227.0
0 1023.0 340.0
0 424.0 506.0
0 207.0 535.0
0 1031.0 181.0
0 995.0 243.0
0 1035.0 343.0
0 1047.0 340.0
0 501.0 18.0
0 470.0 218.0
0 948.0 342.0
0 250.0 213.0
0 760.0 490.0
0 497.0 312.0
0 614.0 416.0
0 966.0 269.0
0 63.0 353.0
0 203.0 391.0
0 1020.0 139.0
0 501.0 472.0
0 505.0 328.0
0 184.0 397.0
0 589.0 455.0
0 981.0 435.0
0 212.0 544.0
0 120.0 586.0
0 424.0 104.0
0 487.0 286.0
0 235.0 308.0
0 370.0 264.0
0 638.0 442.0
0 570.0 207.0
0 1049.0 329.0
0 501.0 397.0
0 982.0 394.0
0 375.0 332.0
0 902.0 456.0
0 1108.0 84.0
0 138.0 424.0
0 473.0 261.0
0 584.0 476.0
0 866.0 315.0
0 170.0 394.0
0 1063.0 429.0
0 485.0 354.0
0 928.0 377.0
0 502.0 370.0
0 976.0 289.0
0 926.0 394.0
0 989.0 318.0
0 157.0 649.0
0 102.0 379.0
0 916.0 143.0
0 717.0 430.0
0 1045.0 226.0
0 122.0 405.0
0 328.0 285.0
0 1002.0 260.0
0 128.0 612.0
0 160.0 592.0
0 946.0 367.0
0 1029.0 120.0
0 554.0 187.0
0 289.0 326.0
0 518.0 359.0
0 983.0 334.0
0 917.0 154.0
0 516.0 174.0
0 890.0 308.0
0 1019.0 497.0
0 945.0 269.0
0 962.0 395.0
0 568.0 487.0
0 535.0 147.0
0 519.0 142.0
0 145.0 588.0
0 542.0 260.0
0 491.0 146.0
0 871.0 365.0
0 867.0 76.0
0 735.0 508.0
0 1017.0 278.0
0 663.0 483.0
0 319.0 208.0
0 851.0 98.0
0 570.0 194.0
0 625.0 524.0
0 1009.0 33.0
0 386.0 495.0
0 220.0 437.0
0 195.0 577.0
0 1021.0 372.0
0 448.0 344.0
0 262.0 489.0
0 95.0 323.0
0 571.0 511.0
0 917.0 395.0
0 940.0 324.0
0 550.0 313.0
0 1047.0 459.0
0 202.0 627.0
0 334.0 348.0
0 878.0 98.0
0 233.0 253.0
0 616.0 282.0
0 872.0 385.0
0 310.0 367.0
0 653.0 586.0
0 619.0 429.0
0 949.0 162.0
0 1008.0 471.0
0 872.0 468.0
0 1062.0 143.0
0 479.0 300.0
0 860.0 428.0
0 864.0 184.0
0 1024.0 304.0
0 192.0 524.0
0 167.0 582.0
0 206.0 572.0
0 1049.0 416.0
0 1078.0 145.0
0 243.0 607.0
0 169.0 507.0
0 930.0 153.0
0 354.0 342.0
0 504.0 347.0
0 71.0 386.0
0 380.0 337.0
0 286.0 290.0
0 326.0 452.0
0 255.0 452.0
0 1097.0 109.0
0 909.0 400.0
0 844.0 474.0
0 621.0 301.0
0 67.0 424.0
0 961.0 428.0
0 87.0 359.0
0 502.0 161.0
0 668.0 580.0
0 360.0 274.0
0 1010.0 173.0
0 888.0 224.0
0 947.0 262.0
0 856.0 175.0
0 419.0 360.0
0 811.0 456.0
0 1040.0 24.0
0 422.0 314.0
0 652.0 534.0
0 562.0 316.0
0 520.0 187.0
0 370.0 353.0
0 651.0 447.0
0 1059.0 315.0
0 910.0 446.0
0 82.0 487.0
0 635.0 534.0
0 248.0 256.0
0 1020.0 58.0
0 359.0 261.0
0 93.0 525.0
0 825.0 445.0
0 394.0 270.0
0 653.0 455.0
0 382.0 311.0
0 177.0 475.0
0 388.0 329.0
0 443.0 275.0
0 879.0 346.0
0 23.0 493.0
0 242.0 384.0
0 301.0 237.0
0 302.0 169.0
0 465.0 200.0
0 279.0 413.0
0 991.0 335.0
0 340.0 333.0
0 263.0 378.0
0 996.0 24.0
0 264.0 357.0
0 1090.0 215.0
0 907.0 290.0
0 1031.0 479.0
0 928.0 385.0
0 986.0 465.0
0 1035.0 281.0
0 327.0 431.0
0 671.0 560.0
0 489.0 233.0
0 1070.0 417.0
0 532.0 191.0
0 117.0 320.0
0 164.0 473.0
0 1026.0 148.0
0 575.0 231.0
0 928.0 184.0
0 332.0 320.0
0 1010.0 399.0
0 947.0 209.0
0 222.0 569.0
0 243.0 220.0
0 737.0 479.0
0 898.0 290.0
0 506.0 142.0
0 476.0 344.0
0 977.0 228.0
0 876.0 341.0
0 296.0 200.0
0 681.0 527.0
0 995.0 57.0
0 150.0 364.0
0 369.0 382.0
0 858.0 414.0
0 835.0 445.0
0 567.0 465.0
0 887.0 277.0
0 205.0 522.0
0 667.0 423.0
0 142.0 326.0
0 899.0 341.0
0 856.0 324.0
0 891.0 527.0
0 606.0 499.0
0 452.0 457.0
0 893.0 367.0
0 591.0 285.0
0 364.0 506.0
0 976.0 387.0
0 469.0 326.0
0 163.0 564.0
0 281.0 395.0
0 1043.0 277.0
0 448.0 306.0
0 1042.0 216.0
0 1021.0 331.0
0 123.0 260.0
0 552.0 277.0
0 1039.0 472.0
0 244.0 456.0
0 681.0 516.0
0 820.0 387.0
0 475.0 334.0
0 1113.0 211.0
0 353.0 368.0
0 1023.0 262.0
0 351.0 384.0
0 122.0 299.0
0 674.0 571.0
0 280.0 281.0
0 244.0 178.0
0 296.0 507.0
0 767.0 500.0
0 688.0 535.0
0 184.0 574.0
0 693.0 494.0
0 670.0 443.0
0 1021.0 189.0
0 202.0 551.0
0 546.0 153.0
0 781.0 234.0
0 175.0 458.0
0 699.0 485.0
0 975.0 129.0
0 989.0 290.0
0 946.0 222.0
0 427.0 320.0
0 995.0 360.0
0 277.0 239.0
0 963.0 341.0
0 884.0 289.0
0 150.0 464.0
0 851.0 367.0
0 296.0 269.0
0 1054.0 413.0
0 958.0 288.0
0 881.0 315.0
0 851.0 108.0
0 576.0 496.0
0 855.0 443.0
0 146.0 498.0
0 409.0 310.0
0 448.0 352.0
0 567.0 181.0
0 1007.0 48.0
0 395.0 514.0
0 1035.0 8.0
0 668.0 521.0
0 533.0 208.0
0 500.0 352.0
0 562.0 172.0
0 676.0 559.0
0 688.0 508.0
0 274.0 507.0
0 889.0 356.0
0 1039.0 155.0
0 855.0 130.0
0 1044.0 409.0
0 551.0 295.0
0 223.0 216.0
0 882.0 279.0
0 485.0 315.0
0 900.0 150.0
0 282.0 222.0
0 1033.0 219.0
0 879.0 171.0
0 343.0 360.0
0 864.0 151.0
0 107.0 411.0
0 959.0 277.0
0 620.0 565.0
0 116.0 311.0
0 141.0 544.0
0 136.0 455.0
0 464.0 362.0
0 465.0 467.0
0 151.0 568.0
0 609.0 571.0
0 339.0 379.0
0 851.0 103.0
0 842.0 429.0
0 120.0 533.0
0 1075.0 95.0
0 9.0 505.0
0 104.0 276.0
0 554.0 161.0
0 295.0 494.0
0 1025.0 320.0
0 880.0 336.0
0 120.0 288.0
0 522.0 231.0
0 1043.0 140.0
0 76.0 370.0
0 276.0 167.0
0 265.0 212.0
0 438.0 277.0
0 425.0 480.0
0 1053.0 205.0
0 157.0 557.0
0 1023.0 510.0
0 231.0 189.0
0 1004.0 55.0
0 162.0 576.0
0 430.0 456.0
0 166.0 491.0
0 855.0 385.0
0 587.0 247.0
0 1119.0 139.0
0 927.0 204.0
0 1011.0 205.0
0 838.0 485.0
0 540.0 353.0
0 128.0 491.0
0 245.0 203.0
0 632.0 586.0
0 350.0 360.0
0 960.0 206.0
0 694.0 538.0
0 1060.0 441.0
0 995.0 349.0
0 158.0 562.0
0 888.0 511.0
0 78.0 298.0
0 490.0 238.0
0 227.0 240.0
0 584.0 282.0
0 1042.0 182.0
0 284.0 303.0
0 984.0 448.0
0 980.0 468.0
0 1023.0 391.0
0 324.0 473.0
0 587.0 253.0
0 499.0 179.0
0 458.0 270.0
0 855.0 466.0
0 256.0 481.0
0 1070.0 422.0
0 1059.0 295.0
0 392.0 469.0
0 293.0 166.0
0 532.0 213.0
0 889.0 376.0
0 224.0 210.0
0 669.0 493.0
0 619.0 581.0
0 288.0 494.0
0 273.0 340.0
0 708.0 267.0
0 81.0 377.0
0 1007.0 372.0
0 874.0 114.0
0 126.0 472.0
0 180.0 455.0
0 987.0 345.0
0 999.0 17.0
0 888.0 301.0
0 961.0 358.0
0 974.0 324.0
0 544.0 240.0
0 80.0 304.0
0 279.0 300.0
0 87.0 484.0
0 547.0 277.0
0 102.0 411.0
0 924.0 132.0
0 134.0 384.0
0 612.0 502.0
0 265.0 251.0
0 608.0 566.0
0 604.0 483.0
0 752.0 496.0
0 879.0 256.0
0 327.0 322.0
0 969.0 213.0
0 114.0 278.0
0 1044.0 394.0
0 273.0 383.0
0 638.0 587.0
0 245.0 451.0
0 1070.0 93.0
0 295.0 188.0
0 604.0 494.0
0 248.0 341.0
0 548.0 195.0
0 603.0 504.0
0 607.0 530.0
0 79.0 333.0
0 921.0 455.0
0 888.0 190.0
0 953.0 76.0
0 588.0 259.0
0 389.0 438.0
0 1042.0 437.0
0 991.0 254.0
0 716.0 233.0
0 334.0 364.0
0 362.0 336.0
0 668.0 514.0
0 922.0 157.0
0 223.0 221.0
0 830.0 451.0
0 139.0 375.0
0 1103.0 203.0
0 620.0 237.0
0 154.0 520.0
0 151.0 452.0
0 1018.0 518.0
0 80.0 288.0
0 183.0 569.0
0 494.0 286.0
0 910.0 295.0
0 182.0 584.0
0 553.0 241.0
0 1064.0 138.0
0 489.0 345.0
0 675.0 227.0
0 998.0 50.0
0 1118.0 207.0
0 741.0 200.0
0 444.0 63.0
0 1036.0 334.0
0 710.0 536.0
0 190.0 576.0
0 462.0 403.0
0 950.0 133.0
0 441.0 499.0
0 591.0 277.0
0 405.0 513.0
0 1085.0 215.0
0 1040.0 18.0
0 504.0 172.0
0 481.0 154.0
0 71.0 434.0
0 379.0 474.0
0 659.0 492.0
0 400.0 514.0
0 985.0 303.0
0 706.0 531.0
0 127.0 496.0
0 658.0 518.0
0 438.0 94.0
0 1042.0 422.0
0 458.0 322.0
0 694.0 482.0
0 342.0 207.0
0 625.0 226.0
0 724.0 520.0
0 850.0 361.0
0 317.0 372.0
0 299.0 214.0
0 1023.0 452.0
0 997.0 336.0
0 136.0 370.0
0 230.0 248.0
0 892.0 288.0
0 122.0 294.0
0 274.0 448.0
0 564.0 418.0
0 859.0 433.0
0 826.0 310.0
0 240.0 230.0
0 334.0 378.0
0 1065.0 90.0
0 380.0 279.0
0 155.0 597.0
0 865.0 472.0
0 906.0 283.0
0 160.0 493.0
0 1026.0 53.0
0 980.0 73.0
0 279.0 318.0
0 1026.0 26.0
0 723.0 514.0
0 283.0 175.0
0 1034.0 163.0
0 834.0 456.0
0 288.0 166.0
0 626.0 650.0
0 965.0 206.0
0 527.0 360.0
0 859.0 346.0
0 350.0 392.0
0 575.0 236.0
0 160.0 513.0
0 146.0 600.0
0 958.0 74.0
0 914.0 205.0
0 540.0 181.0
0 268.0 593.0
0 580.0 443.0
0 360.0 383.0
0 500.0 491.0
0 287.0 320.0
0 431.0 464.0
0 730.0 199.0
0 571.0 200.0
0 356.0 246.0
0 280.0 511.0
0 236.0 183.0
0 924.0 110.0
0 980.0 326.0
0 587.0 369.0
0 832.0 352.0
0 885.0 118.0
0 559.0 167.0
0 390.0 513.0
0 170.0 545.0
0 643.0 587.0
0 890.0 241.0
0 809.0 451.0
0 870.0 263.0
0 294.0 264.0
0 952.0 403.0
0 269.0 360.0
0 280.0 408.0
0 992.0 344.0
0 397.0 468.0
0 479.0 227.0
0 550.0 225.0
0 936.0 100.0
0 450.0 452.0
0 399.0 274.0
0 1107.0 119.0
0 1020.0 419.0
0 581.0 456.0
0 300.0 229.0
0 1025.0 231.0
0 1116.0 134.0
0 210.0 492.0
0 997.0 248.0
0 154.0 378.0
0 881.0 310.0
0 94.0 384.0
0 496.0 473.0
0 862.0 125.0
0 1007.0 8.0
0 910.0 462.0
0 735.0 474.0
0 738.0 484.0
0 91.0 276.0
0 351.0 314.0
0 16.0 496.0
0 270.0 399.0
0 1088.0 88.0
0 388.0 291.0
0 1112.0 170.0
0 428.0 472.0
0 482.0 490.0
0 704.0 489.0
0 224.0 226.0
0 341.0 400.0
0 926.0 488.0
0 1043.0 71.0
0 896.0 312.0
0 255.0 378.0
0 229.0 194.0
0 109.0 277.0
0 222.0 148.0
0 700.0 529.0
0 850.0 250.0
0 505.0 333.0
0 663.0 583.0
0 936.0 259.0
0 66.0 435.0
0 914.0 390.0
0 975.0 298.0
0 210.0 551.0
0 988.0 362.0
0 859.0 180.0
0 906.0 264.0
0 81.0 449.0
0 875.0 276.0
0 1064.0 434.0
0 96.0 530.0
0 498.0 173.0
0 268.0 202.0
0 1021.0 287.0
0 79.0 293.0
0 976.0 259.0
0 91.0 479.0
0 627.0 570.0
0 864.0 134.0
0 572.0 461.0
0 1026.0 461.0
0 377.0 322.0
0 854.0 124.0
0 608.0 561.0
0 176.0 531.0
0 342.0 470.0
0 541.0 301.0
0 376.0 376.0
0 576.0 505.0
0 704.0 231.0
0 514.0 141.0
0 614.0 577.0
0 967.0 82.0
0 281.0 166.0
0 58.0 487.0
0 976.0 134.0
0 1057.0 459.0
0 465.0 195.0
0 702.0 494.0
0 928.0 85.0
0 365.0 354.0
0 711.0 548.0
0 344.0 318.0
0 499.0 483.0
0 651.0 529.0
0 321.0 390.0
0 570.0 189.0
0 880.0 192.0
0 1064.0 184.0
0 287.0 513.0
0 146.0 452.0
1 527.0 29.0
1 402.0 50.0
1 797.0 53.0
1 928.0 98.0
1 920.0 99.0
1 933.0 99.0
1 504.0 100.0
1 915.0 102.0
1 106.0 103.0
1 940.0 103.0
1 944.0 109.0
1 906.0 113.0
1 945.0 117.0
1 121.0 118.0
1 904.0 118.0
1 945.0 122.0
1 914.0 128.0
1 907.0 134.0
1 936.0 138.0
1 914.0 140.0
1 937.0 143.0
1 911.0 146.0
1 901.0 149.0
1 924.0 150.0
1 941.0 150.0
1 888.0 162.0
1 798.0 163.0
1 873.0 164.0
1 951.0 166.0
1 832.0 169.0
1 1031.0 169.0
1 837.0 170.0
1 822.0 172.0
1 1014.0 172.0
1 991.0 173.0
1 844.0 174.0
1 1004.0 175.0
1 437.0 176.0
1 980.0 176.0
1 1044.0 178.0
1 793.0 180.0
1 777.0 185.0
1 787.0 185.0
1 823.0 187.0
1 1040.0 190.0
1 1049.0 190.0
1 775.0 194.0
1 786.0 194.0
1 1058.0 195.0
1 832.0 200.0
1 796.0 201.0
1 786.0 202.0
1 804.0 207.0
1 774.0 208.0
1 1049.0 208.0
1 922.0 210.0
1 790.0 212.0
1 776.0 215.0
1 1033.0 217.0
1 1061.0 217.0
1 815.0 219.0
1 874.0 219.0
1 861.0 220.0
1 981.0 221.0
1 1048.0 221.0
1 781.0 222.0
1 1022.0 222.0
1 959.0 223.0
1 475.0 224.0
1 846.0 224.0
1 851.0 224.0
1 464.0 225.0
1 1017.0 226.0
1 804.0 227.0
1 884.0 227.0
1 994.0 227.0
1 912.0 228.0
1 450.0 229.0
1 493.0 229.0
1 832.0 229.0
1 499.0 231.0
1 867.0 231.0
1 905.0 231.0
1 925.0 231.0
1 817.0 232.0
1 979.0 232.0
1 1009.0 232.0
1 1049.0 232.0
1 1054.0 232.0
1 947.0 233.0
1 1034.0 234.0
1 504.0 235.0
1 1024.0 235.0
1 939.0 236.0
1 960.0 236.0
1 852.0 237.0
1 885.0 237.0
1 909.0 237.0
1 1017.0 238.0
1 495.0 239.0
1 841.0 239.0
1 780.0 240.0
1 472.0 241.0
1 511.0 241.0
1 1045.0 241.0
1 938.0 242.0
1 994.0 242.0
1 459.0 243.0
1 817.0 243.0
1 828.0 244.0
1 926.0 244.0
1 439.0 245.0
1 783.0 245.0
1 1032.0 245.0
1 802.0 246.0
1 504.0 247.0
1 517.0 247.0
1 1003.0 247.0
1 1023.0 247.0
1 265.0 248.0
1 270.0 248.0
1 914.0 248.0
1 255.0 249.0
1 260.0 249.0
1 275.0 249.0
1 446.0 249.0
1 1013.0 249.0
1 834.0 251.0
1 843.0 251.0
1 972.0 251.0
1 919.0 252.0
1 455.0 253.0
1 520.0 253.0
1 781.0 253.0
1 470.0 254.0
1 1032.0 254.0
1 290.0 255.0
1 992.0 255.0
1 1043.0 255.0
1 511.0 256.0
1 812.0 256.0
1 934.0 257.0
1 1002.0 257.0
1 261.0 258.0
1 228.0 259.0
1 801.0 259.0
1 900.0 259.0
1 968.0 259.0
1 524.0 260.0
1 277.0 261.0
1 918.0 261.0
1 245.0 262.0
1 432.0 262.0
1 847.0 262.0
1 1011.0 262.0
1 783.0 263.0
1 821.0 263.0
1 942.0 263.0
1 221.0 264.0
1 508.0 265.0
1 526.0 265.0
1 1032.0 265.0
1 475.0 266.0
1 718.0 266.0
1 1041.0 266.0
1 240.0 267.0
1 304.0 267.0
1 431.0 267.0
1 928.0 267.0
1 284.0 268.0
1 450.0 268.0
1 786.0 268.0
1 218.0 269.0
1 270.0 269.0
1 485.0 269.0
1 814.0 269.0
1 828.0 269.0
1 837.0 269.0
1 440.0 270.0
1 527.0 270.0
1 716.0 271.0
1 943.0 271.0
1 986.0 271.0
1 1025.0 272.0
1 232.0 273.0
1 215.0 274.0
1 298.0 274.0
1 895.0 274.0
1 999.0 274.0
1 527.0 275.0
1 795.0 275.0
1 953.0 275.0
1 969.0 275.0
1 431.0 276.0
1 811.0 276.0
1 834.0 276.0
1 911.0 276.0
1 884.0 277.0
1 800.0 278.0
1 1007.0 278.0
1 310.0 279.0
1 930.0 279.0
1 992.0 279.0
1 269.0 280.0
1 527.0 280.0
1 819.0 280.0
1 935.0 280.0
1 941.0 280.0
1 458.0 281.0
1 1014.0 281.0
1 226.0 282.0
1 244.0 282.0
1 487.0 282.0
1 442.0 283.0
1 904.0 283.0
1 957.0 283.0
1 1030.0 283.0
1 503.0 284.0
1 261.0 285.0
1 526.0 285.0
1 290.0 286.0
1 486.0 288.0
1 821.0 288.0
1 980.0 288.0
1 996.0 288.0
1 211.0 289.0
1 429.0 289.0
1 450.0 289.0
1 832.0 290.0
1 903.0 290.0
1 242.0 291.0
1 317.0 291.0
1 856.0 291.0
1 933.0 291.0
1 941.0 291.0
1 229.0 292.0
1 484.0 293.0
1 620.0 293.0
1 847.0 293.0
1 1015.0 293.0
1 223.0 295.0
1 890.0 295.0
1 210.0 296.0
1 986.0 296.0
1 1008.0 296.0
1 281.0 297.0
1 522.0 297.0
1 824.0 297.0
1 857.0 297.0
1 995.0 298.0
1 257.0 299.0
1 869.0 299.0
1 932.0 299.0
1 850.0 300.0
1 211.0 301.0
1 987.0 301.0
1 239.0 302.0
1 302.0 302.0
1 479.0 303.0
1 973.0 303.0
1 931.0 304.0
1 528.0 306.0
1 815.0 307.0
1 830.0 307.0
1 843.0 308.0
1 891.0 309.0
1 260.0 310.0
1 451.0 310.0
1 965.0 310.0
1 501.0 312.0
1 975.0 312.0
1 238.0 313.0
1 251.0 313.0
1 934.0 313.0
1 225.0 315.0
1 314.0 315.0
1 331.0 315.0
1 525.0 315.0
1 928.0 315.0
1 463.0 316.0
1 480.0 316.0
1 340.0 318.0
1 452.0 318.0
1 811.0 318.0
1 821.0 318.0
1 979.0 318.0
1 216.0 319.0
1 536.0 319.0
1 873.0 319.0
1 950.0 319.0
1 725.0 320.0
1 837.0 322.0
1 864.0 322.0
1 964.0 322.0
1 242.0 323.0
1 912.0 323.0
1 538.0 325.0
1 814.0 326.0
1 264.0 327.0
1 360.0 327.0
1 703.0 327.0
1 861.0 327.0
1 894.0 327.0
1 936.0 327.0
1 436.0 330.0
1 871.0 330.0
1 967.0 330.0
1 1007.0 330.0
1 494.0 331.0
1 510.0 331.0
1 538.0 331.0
1 813.0 331.0
1 955.0 331.0
1 319.0 332.0
1 343.0 332.0
1 881.0 332.0
1 225.0 333.0
1 927.0 333.0
1 368.0 334.0
1 248.0 335.0
1 431.0 335.0
1 230.0 336.0
1 271.0 336.0
1 276.0 336.0
1 894.0 336.0
1 806.0 337.0
1 785.0 338.0
1 869.0 338.0
1 913.0 338.0
1 531.0 339.0
1 616.0 339.0
1 374.0 340.0
1 423.0 340.0
1 861.0 340.0
1 837.0 341.0
1 906.0 341.0
1 973.0 341.0
1 1053.0 341.0
1 331.0 342.0
1 794.0 342.0
1 936.0 342.0
1 539.0 343.0
1 869.0 343.0
1 877.0 343.0
1 267.0 344.0
1 921.0 344.0
1 383.0 345.0
1 430.0 345.0
1 412.0 346.0
1 500.0 346.0
1 847.0 346.0
1 241.0 347.0
1 279.0 347.0
1 505.0 347.0
1 886.0 347.0
1 955.0 348.0
1 877.0 349.0
1 964.0 349.0
1 222.0 350.0
1 799.0 350.0
1 824.0 350.0
1 829.0 350.0
1 532.0 351.0
1 811.0 352.0
1 864.0 352.0
1 983.0 352.0
1 1054.0 352.0
1 77.0 353.0
1 300.0 353.0
1 542.0 353.0
1 72.0 354.0
1 444.0 354.0
1 930.0 354.0
1 399.0 355.0
1 793.0 355.0
1 917.0 355.0
1 450.0 356.0
1 781.0 357.0
1 896.0 357.0
1 971.0 357.0
1 424.0 358.0
1 622.0 358.0
1 947.0 358.0
1 952.0 358.0
1 963.0 358.0
1 229.0 360.0
1 265.0 360.0
1 497.0 360.0
1 820.0 360.0
1 59.0 361.0
1 91.0 361.0
1 456.0 361.0
1 830.0 361.0
1 910.0 361.0
1 440.0 362.0
1 528.0 362.0
1 811.0 362.0
1 884.0 362.0
1 385.0 364.0
1 504.0 364.0
1 367.0 365.0
1 930.0 365.0
1 57.0 366.0
1 257.0 366.0
1 262.0 366.0
1 372.0 367.0
1 434.0 367.0
1 953.0 367.0
1 93.0 368.0
1 348.0 368.0
1 448.0 368.0
1 775.0 368.0
1 792.0 368.0
1 889.0 368.0
1 901.0 368.0
1 66.0 369.0
1 912.0 369.0
1 235.0 370.0
1 531.0 370.0
1 220.0 372.0
1 817.0 372.0
1 848.0 372.0
1 966.0 372.0
1 343.0 373.0
1 392.0 373.0
1 860.0 373.0
1 875.0 373.0
1 889.0 373.0
1 93.0 374.0
1 419.0 374.0
1 930.0 374.0
1 944.0 374.0
1 974.0 374.0
1 57.0 375.0
1 955.0 375.0
1 445.0 376.0
1 904.0 376.0
1 263.0 377.0
1 337.0 377.0
1 502.0 378.0
1 527.0 379.0
1 895.0 379.0
1 984.0 379.0
1 820.0 380.0
1 936.0 380.0
1 369.0 381.0
1 435.0 381.0
1 883.0 381.0
1 787.0 382.0
1 231.0 383.0
1 1033.0 383.0
1 1038.0 383.0
1 298.0 384.0
1 311.0 384.0
1 487.0 384.0
1 520.0 385.0
1 811.0 385.0
1 827.0 385.0
1 948.0 385.0
1 796.0 386.0
1 836.0 386.0
1 919.0 386.0
1 292.0 387.0
1 330.0 387.0
1 791.0 387.0
1 957.0 387.0
1 320.0 388.0
1 325.0 388.0
1 359.0 388.0
1 89.0 389.0
1 874.0 389.0
1 974.0 389.0
1 265.0 390.0
1 418.0 390.0
1 891.0 390.0
1 226.0 391.0
1 939.0 391.0
1 453.0 392.0
1 822.0 392.0
1 71.0 393.0
1 111.0 393.0
1 787.0 393.0
1 987.0 393.0
1 494.0 394.0
1 846.0 394.0
1 901.0 394.0
1 944.0 394.0
1 413.0 395.0
1 479.0 396.0
1 858.0 396.0
1 228.0 397.0
1 294.0 397.0
1 304.0 397.0
1 333.0 397.0
1 424.0 397.0
1 799.0 397.0
1 835.0 398.0
1 253.0 399.0
1 404.0 399.0
1 438.0 399.0
1 878.0 399.0
1 918.0 399.0
1 493.0 400.0
1 506.0 400.0
1 851.0 400.0
1 890.0 400.0
1 318.0 401.0
1 936.0 401.0
1 56.0 402.0
1 126.0 402.0
1 233.0 402.0
1 447.0 402.0
1 982.0 402.0
1 244.0 403.0
1 335.0 403.0
1 785.0 403.0
1 792.0 403.0
1 837.0 404.0
1 965.0 404.0
1 313.0 405.0
1 353.0 405.0
1 819.0 405.0
1 843.0 405.0
1 936.0 406.0
1 396.0 407.0
1 413.0 407.0
1 425.0 407.0
1 895.0 408.0
1 954.0 408.0
1 296.0 409.0
1 456.0 409.0
1 803.0 409.0
1 271.0 410.0
1 844.0 410.0
1 903.0 410.0
1 920.0 412.0
1 366.0 413.0
1 878.0 413.0
1 953.0 413.0
1 980.0 413.0
1 424.0 414.0
1 790.0 414.0
1 818.0 414.0
1 245.0 415.0
1 325.0 415.0
1 338.0 415.0
1 406.0 415.0
1 437.0 415.0
1 938.0 415.0
1 395.0 416.0
1 866.0 416.0
1 44.0 418.0
1 478.0 418.0
1 519.0 418.0
1 262.0 419.0
1 959.0 419.0
1 302.0 420.0
1 471.0 420.0
1 904.0 420.0
1 308.0 421.0
1 350.0 421.0
1 776.0 421.0
1 873.0 421.0
1 878.0 421.0
1 884.0 421.0
1 831.0 422.0
1 64.0 423.0
1 274.0 423.0
1 544.0 423.0
1 805.0 423.0
1 909.0 423.0
1 922.0 423.0
1 392.0 424.0
1 412.0 424.0
1 816.0 424.0
1 279.0 425.0
1 371.0 425.0
1 791.0 425.0
1 387.0 426.0
1 498.0 427.0
1 48.0 428.0
1 115.0 428.0
1 434.0 428.0
1 896.0 428.0
1 965.0 428.0
1 356.0 429.0
1 446.0 429.0
1 458.0 429.0
1 773.0 429.0
1 313.0 430.0
1 833.0 430.0
1 930.0 430.0
1 848.0 431.0
1 289.0 432.0
1 875.0 432.0
1 916.0 432.0
1 99.0 433.0
1 111.0 433.0
1 806.0 433.0
1 955.0 433.0
1 106.0 434.0
1 341.0 434.0
1 771.0 434.0
1 904.0 434.0
1 831.0 435.0
1 300.0 437.0
1 844.0 437.0
1 937.0 437.0
1 227.0 438.0
1 409.0 438.0
1 760.0 438.0
1 783.0 438.0
1 74.0 439.0
1 106.0 439.0
1 118.0 439.0
1 210.0 439.0
1 863.0 439.0
1 55.0 440.0
1 831.0 440.0
1 68.0 441.0
1 232.0 441.0
1 320.0 441.0
1 431.0 441.0
1 921.0 441.0
1 880.0 442.0
1 89.0 444.0
1 204.0 444.0
1 930.0 444.0
1 867.0 445.0
1 110.0 446.0
1 851.0 446.0
1 943.0 446.0
1 238.0 448.0
1 537.0 448.0
1 560.0 448.0
1 992.0 448.0
1 170.0 449.0
1 777.0 449.0
1 816.0 449.0
1 841.0 449.0
1 137.0 450.0
1 763.0 450.0
1 795.0 451.0
1 811.0 451.0
1 936.0 451.0
1 804.0 452.0
1 890.0 452.0
1 179.0 453.0
1 207.0 453.0
1 240.0 453.0
1 861.0 453.0
1 151.0 454.0
1 458.0 454.0
1 311.0 455.0
1 849.0 455.0
1 924.0 455.0
1 960.0 455.0
1 229.0 456.0
1 784.0 456.0
1 945.0 456.0
1 978.0 456.0
1 877.0 457.0
1 63.0 459.0
1 895.0 459.0
1 998.0 459.0
1 293.0 460.0
1 90.0 461.0
1 239.0 461.0
1 762.0 461.0
1 947.0 461.0
1 980.0 461.0
1 849.0 462.0
1 988.0 462.0
1 208.0 463.0
1 129.0 465.0
1 841.0 465.0
1 882.0 465.0
1 900.0 465.0
1 79.0 466.0
1 237.0 466.0
1 947.0 466.0
1 1005.0 466.0
1 572.0 467.0
1 822.0 467.0
1 916.0 467.0
1 279.0 469.0
1 888.0 469.0
1 56.0 470.0
1 62.0 470.0
1 234.0 471.0
1 935.0 471.0
1 948.0 471.0
1 961.0 471.0
1 865.0 472.0
1 159.0 473.0
1 307.0 473.0
1 228.0 474.0
1 520.0 474.0
1 51.0 475.0
1 56.0 475.0
1 210.0 475.0
1 223.0 475.0
1 302.0 475.0
1 846.0 475.0
1 999.0 475.0
1 107.0 477.0
1 828.0 477.0
1 585.0 478.0
1 910.0 478.0
1 79.0 479.0
1 187.0 480.0
1 756.0 480.0
1 251.0 481.0
1 298.0 481.0
1 787.0 481.0
1 874.0 481.0
1 982.0 481.0
1 921.0 482.0
1 977.0 483.0
1 53.0 484.0
1 864.0 484.0
1 944.0 484.0
1 579.0 486.0
1 874.0 486.0
1 760.0 487.0
1 999.0 487.0
1 183.0 488.0
1 975.0 488.0
1 573.0 489.0
1 591.0 489.0
1 148.0 490.0
1 351.0 491.0
1 536.0 491.0
1 943.0 491.0
1 112.0 492.0
1 29.0 493.0
1 528.0 493.0
1 638.0 493.0
1 774.0 493.0
1 164.0 494.0
1 789.0 496.0
1 764.0 497.0
1 878.0 497.0
1 322.0 499.0
1 771.0 499.0
1 992.0 499.0
1 59.0 500.0
1 115.0 500.0
1 237.0 500.0
1 298.0 500.0
1 545.0 502.0
1 761.0 502.0
1 826.0 502.0
1 579.0 503.0
1 584.0 503.0
1 589.0 503.0
1 868.0 503.0
1 133.0 504.0
1 559.0 504.0
1 236.0 505.0
1 776.0 505.0
1 901.0 505.0
1 973.0 505.0
1 379.0 506.0
1 140.0 507.0
1 415.0 507.0
1 760.0 507.0
1 785.0 507.0
1 535.0 508.0
1 962.0 508.0
1 34.0 509.0
1 78.0 510.0
1 885.0 510.0
1 997.0 510.0
1 118.0 511.0
1 563.0 511.0
1 843.0 511.0
1 759.0 512.0
1 991.0 512.0
1 253.0 513.0
1 378.0 513.0
1 535.0 513.0
1 592.0 513.0
1 766.0 513.0
1 784.0 513.0
1 64.0 514.0
1 393.0 514.0
1 831.0 514.0
1 575.0 515.0
1 563.0 516.0
1 583.0 516.0
1 799.0 516.0
1 310.0 517.0
1 96.0 518.0
1 356.0 518.0
1 520.0 518.0
1 791.0 518.0
1 900.0 518.0
1 965.0 518.0
1 130.0 519.0
1 428.0 519.0
1 547.0 519.0
1 772.0 519.0
1 142.0 520.0
1 993.0 520.0
1 759.0 521.0
1 933.0 521.0
1 948.0 521.0
1 66.0 522.0
1 886.0 522.0
1 981.0 522.0
1 38.0 523.0
1 340.0 523.0
1 456.0 523.0
1 824.0 523.0
1 869.0 523.0
1 941.0 523.0
1 256.0 524.0
1 115.0 525.0
1 335.0 525.0
1 446.0 525.0
1 451.0 525.0
1 470.0 525.0
1 840.0 525.0
1 417.0 526.0
1 546.0 526.0
1 67.0 527.0
1 388.0 527.0
1 404.0 527.0
1 39.0 528.0
1 98.0 528.0
1 969.0 530.0
1 985.0 530.0
1 245.0 531.0
1 906.0 531.0
1 390.0 532.0
1 777.0 532.0
1 799.0 532.0
1 932.0 532.0
1 42.0 533.0
1 135.0 533.0
1 451.0 533.0
1 887.0 533.0
1 959.0 533.0
1 9.0 534.0
1 529.0 534.0
1 835.0 534.0
1 98.0 535.0
1 899.0 535.0
1 157.0 536.0
1 255.0 536.0
1 950.0 536.0
1 127.0 537.0
1 263.0 537.0
1 779.0 537.0
1 112.0 538.0
1 269.0 538.0
1 940.0 538.0
1 977.0 538.0
1 435.0 539.0
1 641.0 539.0
1 928.0 540.0
1 572.0 541.0
1 648.0 541.0
1 843.0 541.0
1 853.0 541.0
1 348.0 542.0
1 602.0 542.0
1 958.0 542.0
1 165.0 543.0
1 500.0 543.0
1 967.0 543.0
1 770.0 544.0
1 153.0 546.0
1 775.0 547.0
1 252.0 548.0
1 586.0 548.0
1 941.0 548.0
1 523.0 549.0
1 567.0 549.0
1 816.0 549.0
1 839.0 549.0
1 951.0 549.0
1 979.0 549.0
1 136.0 550.0
1 885.0 550.0
1 330.0 551.0
1 677.0 551.0
1 962.0 551.0
1 970.0 551.0
1 257.0 552.0
1 575.0 552.0
1 606.0 552.0
1 912.0 552.0
1 596.0 553.0
1 382.0 554.0
1 124.0 555.0
1 648.0 555.0
1 863.0 555.0
1 178.0 556.0
1 375.0 556.0
1 497.0 556.0
1 952.0 556.0
1 103.0 557.0
1 134.0 558.0
1 351.0 558.0
1 529.0 558.0
1 567.0 558.0
1 838.0 558.0
1 881.0 558.0
1 981.0 558.0
1 357.0 559.0
1 550.0 559.0
1 605.0 559.0
1 676.0 559.0
1 91.0 560.0
1 586.0 561.0
1 641.0 561.0
1 932.0 562.0
1 163.0 563.0
1 619.0 563.0
1 841.0 563.0
1 978.0 563.0
1 157.0 564.0
1 501.0 564.0
1 598.0 564.0
1 863.0 565.0
1 641.0 566.0
1 879.0 566.0
1 579.0 567.0
1 625.0 567.0
1 941.0 567.0
1 826.0 568.0
1 973.0 568.0
1 107.0 569.0
1 539.0 569.0
1 853.0 569.0
1 884.0 569.0
1 93.0 570.0
1 604.0 570.0
1 677.0 570.0
1 139.0 571.0
1 836.0 571.0
1 175.0 572.0
1 591.0 572.0
1 867.0 573.0
1 924.0 573.0
1 568.0 574.0
1 126.0 575.0
1 579.0 575.0
1 874.0 575.0
1 539.0 577.0
1 112.0 579.0
1 179.0 579.0
1 107.0 580.0
1 630.0 582.0
1 576.0 583.0
1 561.0 584.0
1 592.0 584.0
1 87.0 585.0
1 544.0 585.0
1 143.0 586.0
1 169.0 587.0
1 608.0 587.0
1 549.0 588.0
1 564.0 589.0
1 596.0 589.0
1 152.0 590.0
1 180.0 591.0
1 603.0 592.0
1 827.0 592.0
1 617.0 593.0
1 832.0 593.0
1 132.0 594.0
1 640.0 596.0
1 183.0 597.0
1 143.0 599.0
1 123.0 600.0
1 154.0 603.0
1 189.0 603.0
1 551.0 603.0
1 175.0 604.0
1 97.0 605.0
1 620.0 605.0
1 106.0 607.0
1 614.0 607.0
1 818.0 607.0
1 135.0 608.0
1 157.0 608.0
1 534.0 608.0
1 828.0 608.0
1 166.0 609.0
1 639.0 612.0
1 567.0 613.0
1 143.0 614.0
1 554.0 614.0
1 597.0 614.0
1 120.0 617.0
1 105.0 618.0
1 145.0 619.0
1 573.0 619.0
1 549.0 620.0
1 132.0 621.0
1 535.0 622.0
1 106.0 627.0
1 537.0 627.0
1 112.0 628.0
1 119.0 628.0
1 226.0 629.0
1 587.0 631.0
1 107.0 632.0
1 582.0 633.0
1 546.0 634.0
1 552.0 635.0
1 570.0 637.0
1 108.0 638.0
1 204.0 638.0
1 162.0 643.0
1 553.0 650.0
1 165.0 654.0
1 160.0 656.0
1 124.0 671.0
