0 4 0 200.53171236661848
0 6 1 215.78762562583006
0 7 2 210.21837080917996
0 0 3 104.45306633073437
0 8 4 231.95804872107067
0 9 5 218.01749705309166
0 10 6 276.43807282781535
0 13 8 103.86352865867833
0 15 9 109.38953315323445
0 16 10 118.9079659089999
0 17 11 112.13763107842702
0 18 12 136.05661478275783
0 19 13 116.40258276223234
0 20 15 120.84858717668719
0 21 16 109.08887803887811
0 22 17 111.02044187115443
0 26 19 142.67656497219343
0 24 20 157.81293298760482
0 25 23 181.5111765823412
0 29 25 130.28007020139376
0 27 26 112.04265005471166
0 28 28 105.54568530553342
0 32 30 390.4771535869055
0 33 31 394.15232732946146
0 31 32 115.39819361541251
0 37 36 160.05356101470954
0 38 40 212.62699378805632
0 30 41 116.03273440686263
0 42 42 136.36259156625664
0 45 45 138.5175910617385
0 44 46 120.64010844742414
0 51 48 106.60813895671264
0 46 50 336.0545516257333
0 48 51 103.76521173347584
0 50 52 121.49716882001458
0 47 53 120.11140284045456
0 53 55 104.97760252188282
0 61 57 250.14572138833935
0 54 58 233.60949452956046
0 52 59 124.68991243576531
0 62 60 118.51495196239783
0 64 61 236.3715427655171
0 65 62 201.0533323738374
0 66 63 128.31814229355726
0 60 64 124.99064835838367
0 79 65 169.0712187089502
0 69 66 123.77933726930377
0 84 68 174.57058447044153
0 76 69 110.52013358159476
0 78 70 168.14246013996626
0 73 71 107.7844877652658
0 77 72 104.32289949880011
0 75 74 123.05038392516356
0 85 75 122.46928835799027
0 59 76 134.9598994792161
0 82 78 106.35178272440004
0 94 79 178.7216490628233
0 90 80 111.65970696509468
0 63 81 138.39161923616265
0 96 82 138.6799036750404
0 74 83 192.08699252224824
0 92 84 109.86512898066879
0 93 86 105.19743373484079
0 98 87 158.16580185833234
0 99 88 114.6039966134979
0 89 89 190.64706213898316
0 107 92 127.10536912319486
0 72 93 149.61005310968122
0 103 94 123.84505107093919
0 104 95 105.28329325566179
0 111 96 109.95400957663041
0 110 98 120.19660205564564
0 100 99 103.3282005555028
0 116 100 128.56974153883363
0 115 101 106.37582233025296
0 105 102 118.86307238205276
0 106 104 181.09362431711625
0 126 105 116.23973691926608
0 125 106 166.3828795936807
0 130 107 123.5569023872533
0 113 109 234.00438740373266
0 114 110 221.8293272920868
0 117 111 139.8370403105064
0 122 112 435.6382672793446
0 136 113 116.63755573878308
0 121 114 174.01707600310834
0 118 115 103.78475750205918
0 137 116 108.91522301917655
0 120 117 161.21936660064353
0 143 119 106.45959736746072
0 145 120 114.94720594941595
0 142 121 121.79066633961149
0 141 123 457.2661128731209
0 128 124 114.504855968505
0 147 125 104.19006726280561
0 158 126 142.28102111629417
0 131 127 143.77118523877903
0 133 128 109.15193738453543
0 135 129 136.1354628193172
0 151 130 112.72349478244821
0 156 131 127.65774377639418
0 132 132 135.2339407430347
0 157 133 106.82424775418554
0 140 134 128.13196207855978
0 152 137 137.07194979621667
0 181 140 117.07311899163639
0 150 141 112.78887112143245
0 148 143 195.73271540908917
0 175 144 123.87115675432068
0 185 145 111.46787488305725
0 161 146 180.49791263312048
0 180 147 109.24608345103005
0 187 148 128.41393193238397
0 163 149 126.78068191667676
0 179 150 104.94031920661462
0 165 151 108.30463182418686
0 169 152 106.20263647799952
0 190 153 110.54975871048336
0 170 154 103.00356796524066
0 168 155 102.8281325616961
0 194 156 106.37668566547438
0 160 157 220.82926065204146
0 200 159 171.30104722332408
0 172 160 108.13356724481321
0 193 161 123.28706704673995
0 183 162 113.29744535344304
0 173 164 103.73127928630434
0 199 165 118.91131174562422
0 204 166 103.71361933245934
0 164 167 150.62249373484212
0 177 168 114.79602260885298
0 197 169 126.75795156589425
0 207 170 132.9192557409771
0 192 171 185.89463786690504
0 203 173 109.82248942128541
0 171 174 182.03747187200838
0 186 175 106.25572612633609
0 211 176 128.04724399352668
0 216 177 111.2610931392639
0 210 178 111.70199301300612
0 215 179 157.13427928631216
0 174 181 107.56058403164216
0 205 182 109.06536921048273
0 198 183 133.03116451002273
0 178 185 107.5611012212134
0 209 186 108.65212610763577
0 208 187 125.05586519513554
0 213 188 115.28698682507354
0 225 189 104.02639658305249
0 226 190 106.50651387788608
0 212 191 106.42797807524336
0 233 194 115.3094186726137
0 239 195 114.92418266305022
0 232 196 161.44585571023762
0 217 198 113.25310199945147
0 218 200 103.22182439472472
0 219 201 186.06135897901683
0 234 202 281.76345341448837
0 222 203 102.8270548674595
0 223 204 137.7057711165351
0 241 205 155.7126222588685
0 221 206 156.517780310341
0 242 207 107.48911492115121
0 247 208 227.52060722009594
0 229 209 109.930472181239
0 231 210 107.97862775392801
0 235 212 134.3638298540301
0 238 213 128.4059120605711
0 250 214 245.57384710988978
0 236 215 102.85382744713183
0 227 216 175.63682578500078
0 253 217 191.4352184920138
0 257 218 308.1919741061087
0 228 219 191.09412822242948
0 240 220 138.31152792823096
0 237 222 103.45657808746726
0 248 224 140.98273372396008
0 249 225 103.68469283349431
0 245 226 216.80993940009537
0 251 227 103.34499740455063
0 255 228 107.5537644903545
0 264 229 179.43653994077397
0 261 230 194.11785464408
0 278 231 254.8858467328862
0 252 232 155.03753214697926
0 259 233 106.47411665762523
0 258 235 159.34900354254194
0 246 236 112.4198892125201
0 262 237 192.28072234365604
0 260 238 103.03520347670705
0 243 240 102.55166805839373
0 270 241 104.13573111193209
0 263 242 106.81793611583991
0 266 243 112.67807836818291
0 265 244 105.01990826822856
0 268 247 121.03347419456279
0 269 248 107.57202542686026
0 271 253 110.14139959510084
0 267 254 176.20573658500518
0 272 257 152.73496023361582
0 274 258 110.42532058110733
0 276 260 133.45304206894494
0 275 261 126.44120924985765
0 281 262 109.80641738480831
0 288 264 107.09491997315928
0 295 265 133.4289812573545
0 289 266 120.73183693604001
0 291 267 112.93062196528523
0 284 268 102.84769884531542
0 280 269 105.91826551082542
0 296 270 121.75188378443553
0 292 271 122.55645216312969
0 279 272 103.72593706092319
0 282 273 104.0560110225882
0 294 275 111.03325580893603
0 304 276 106.67022038748952
0 285 277 161.68991883033493
0 309 278 195.8505251427769
0 317 279 367.8773550359979
0 306 281 139.54070349167483
0 300 282 106.24108468490239
0 301 283 129.26424956855328
0 308 285 126.7443536521576
0 305 286 103.15072625119906
0 335 287 183.42777568286525
0 316 288 142.78041816924448
0 311 289 129.88049862879018
0 322 291 176.95613006345425
0 302 292 102.79013700375847
0 313 293 284.0768164164722
0 329 296 110.56599809489138
0 312 298 103.05505754749566
0 330 299 163.426995723113
0 314 301 121.58722736714465
0 318 302 107.6938107378661
0 328 304 125.7575450932102
0 339 305 104.74424708510759
0 338 306 115.46226014894488
0 323 307 154.0941471246294
0 319 308 111.46994858176798
0 331 309 163.0740456665601
0 342 310 164.5225758900501
0 334 311 132.89472381390985
0 327 312 159.45663974811174
0 325 313 102.98485895914997
0 340 314 136.42385452234336
0 326 315 104.48778507618255
0 315 316 102.78146578193774
0 333 317 103.56788211006858
0 336 318 142.74086498302054
0 348 319 119.15924106121881
0 351 320 205.14197006142075
0 324 321 107.95350408431807
0 356 323 180.94688457092025
0 344 324 142.66839960719713
0 337 326 202.49807984153767
0 364 327 219.54708087078868
0 341 328 165.31004866617093
0 357 330 198.5300892220151
0 361 333 126.64660165049868
0 370 334 106.90618986325462
0 363 336 144.575660345588
0 354 337 123.34533956622289
0 355 338 117.03969085232569
0 366 340 125.89836410025515
0 349 341 169.79446299258055
0 372 342 308.26720397602065
0 352 344 102.8072948425865
0 358 345 104.53228898341555
0 367 346 112.26892803190627
0 371 347 109.81851410138756
0 359 348 103.73419754095552
0 353 349 105.88033788879459
0 369 350 129.3100595179326
0 376 351 108.16228918150561
0 379 352 176.6438686667587
0 377 353 139.32927317927337
0 375 354 126.67843557128771
0 347 355 163.40595293750974
0 365 357 104.18748562759686
0 368 358 103.90230918159575
0 345 359 103.27672382403972
0 381 360 156.84651414816432
0 388 362 143.12949721303318
0 373 363 102.78435602665314
0 360 364 105.80756011361758
0 350 365 389.23758139414025
0 374 366 111.15938534693413
0 378 367 105.46181711571019
0 387 371 119.40256358138457
0 382 373 262.8910212676208
0 392 374 106.22279528173497
0 404 375 145.15591103217443
0 385 376 109.86302823057777
0 383 377 336.09140959654127
0 393 378 129.802240009507
0 405 380 124.34441350800076
0 417 381 153.06974934729277
0 380 383 132.57402224262702
0 403 384 122.17415196122052
0 390 385 104.26516533059159
0 412 386 110.49179047411938
0 422 387 195.57318104537106
0 394 391 102.90852539262927
0 396 392 113.7658885881677
0 397 393 104.22634014263362
0 398 394 181.09069227197298
0 419 395 110.79320028943087
0 423 396 113.61230889581661
0 386 398 129.67356181257452
0 408 399 120.53672313745787
0 416 400 115.18220138315725
0 402 402 148.6356078916102
0 421 403 139.36375123811763
0 413 404 271.82183415565794
0 407 405 134.05345353589897
0 401 406 158.461575805797
0 414 407 110.70674960008964
0 411 408 104.39794238455222
0 395 409 277.2163389804743
0 391 411 103.98538360053169
0 424 413 111.41447410581522
0 427 414 186.50834024054896
0 409 415 130.13596655990077
0 436 416 150.0040860096995
0 437 418 107.5843385075153
0 438 419 124.10557589105835
0 432 420 140.31441163588508
0 443 421 114.31478344281005
0 430 422 107.3251185074241
0 431 423 108.98135927632684
0 429 425 103.05997003147782
0 440 426 114.2345190796835
0 454 427 109.94792793716172
0 439 428 104.50936174300209
0 420 429 322.6382108184813
0 458 431 122.39771237338344
0 433 433 165.98017167453307
0 445 434 155.4599352278686
0 441 435 103.43615450574345
0 442 437 102.87967396816578
0 444 438 231.34741206081256
0 463 439 124.1948462282251
0 450 441 104.76627654631304
0 451 444 109.7338140620205
0 461 445 105.85237414916027
0 456 446 120.52040121132327
0 435 447 117.22618619152418
0 466 448 113.46915730638767
0 464 449 115.53600835082443
0 447 450 103.34849876179904
0 479 451 198.4148305518716
0 448 452 110.45922913921325
0 474 454 114.3949968771393
0 459 456 103.65008941458132
0 449 457 121.24945824369706
0 462 458 113.35451256903409
0 471 459 104.28371368811011
0 476 460 105.92962769406917
0 467 461 102.95863732803652
0 469 462 117.05191485941566
0 472 463 147.1501676325547
0 493 464 222.97828272383796
0 460 465 103.25303493054989
0 484 466 200.59732443894868
0 508 468 172.99134342953784
0 478 469 110.11283121863676
0 495 471 160.63128036810775
0 492 472 113.59746214471033
0 470 473 104.56379534080398
0 491 474 118.15901095060823
0 485 475 106.47366392566778
0 480 476 116.62548297600598
0 473 477 197.6816274513408
0 488 479 154.0838584886053
0 486 480 103.77150152219335
0 468 481 104.42039831851527
0 498 482 109.5599185517354
0 501 483 137.44762626327588
0 494 485 108.11351276495668
0 490 486 217.01639094888895
0 482 487 126.5960101453583
0 515 488 105.85777736106274
0 503 489 125.25890077453158
0 505 490 134.56253102951
0 496 492 102.89782727506179
0 497 494 103.83733330197478
0 504 495 129.64159740933414
0 499 496 109.89855754186746
0 511 497 111.04717521386416
0 524 498 117.02249827436411
0 520 499 152.16329486204037
0 502 500 163.9021035314162
0 512 501 320.6982365360372
0 528 502 127.16884055603683
0 506 503 105.7777007185944
0 514 504 128.97801175001698
0 516 506 120.9108940631836
0 533 507 109.1201395512649
0 521 508 124.51908582777742
0 510 509 103.3755053793759
0 507 510 103.39078842272255
0 509 511 102.9775896348317
0 526 512 103.2007125598516
0 541 513 104.16781375826946
0 537 514 215.3049608501517
0 522 515 137.6282439675931
0 530 517 166.32417499730843
0 519 518 196.49747784439526
0 540 519 104.97435116118208
0 529 520 109.02106684613724
0 545 521 106.24052629069305
0 525 522 103.48021368077534
0 531 523 107.81517925898373
0 547 524 170.16113728694
0 534 525 159.1558294518828
0 536 526 113.43026221207056
0 532 527 156.4252739784588
0 517 529 171.41985451007628
0 548 530 197.53990220505477
0 542 531 102.84097839944302
0 539 532 182.00433476520095
0 543 533 112.70306460119369
0 538 534 111.93579717016976
0 544 535 104.46188532066965
0 560 536 112.74681907799196
0 556 537 105.55453702502487
0 562 538 153.11107067221073
0 546 540 104.23936285387386
0 553 542 114.4839937715286
0 549 544 108.50338143068439
0 555 545 114.45949235409248
0 558 546 194.8233420836458
0 576 549 491.0046010053656
0 552 550 183.02203152384905
0 554 551 111.40220079096737
0 550 552 115.95165105782317
0 565 553 139.65153573924547
0 561 554 109.43909678846015
0 572 555 117.29574324776874
0 557 556 130.89766067818425
0 551 557 124.11954088567995
0 575 558 113.51846273473059
0 581 559 135.74750463907907
0 585 561 104.00209179317086
0 568 563 114.07943966412921
0 563 564 130.55662771210646
0 573 566 123.52762736353895
0 574 567 116.10523675834644
0 569 568 117.07043946310878
0 567 569 135.83543017183686
0 597 570 196.56288267583582
0 596 571 187.21491576050994
0 566 573 112.85541649583635
0 579 574 163.6916863802504
0 571 575 112.61744145623076
0 587 576 117.25592654786907
0 599 577 105.42249987668298
0 598 579 109.73501986154088
0 593 580 115.41855663237794
0 602 581 116.16171785023342
0 582 584 113.98803443390352
0 600 586 131.74639745735945
0 601 587 189.5211312154579
0 607 588 132.71317466441053
0 595 589 108.56517537770675
0 591 590 106.93387489860152
0 586 591 109.61912597497499
0 588 592 103.50710399896155
0 590 593 105.68870959003867
0 611 594 125.9403253072463
0 614 595 116.78831466405745
0 603 597 189.17065235015323
0 589 598 106.04500581353271
0 610 599 103.3284423812006
0 604 600 123.9604380888867
0 608 601 190.322243615915
0 606 602 116.67972055090313
0 617 603 104.71707622851861
0 620 604 105.5779451223265
0 605 605 135.6482418024708
0 616 606 122.2532342912956
0 612 608 123.63311158214447
0 626 611 112.42599878562454
0 627 612 109.18265240991391
0 621 613 131.93613011470046
0 622 614 121.47469261549521
0 623 615 214.3514750384424
0 645 616 144.68932255359869
0 629 619 118.56638639225653
0 630 620 106.38089462536425
0 618 621 102.7918059252951
0 634 623 103.19259394621494
0 624 624 137.9467032831501
0 640 625 103.82252832603753
0 644 626 127.03744940374871
0 632 628 104.24333960616197
0 635 630 119.27287493763438
0 636 631 117.45850429368771
0 628 632 125.31935220506783
0 642 633 103.3687539940354
0 646 634 117.73460952254904
0 647 635 110.08206739820181
0 638 637 102.78739127342178
0 639 638 115.86691988503377
0 641 639 106.25283250685564
0 643 642 112.73241732564144
0 653 643 175.00530422909262
0 654 644 103.43181824346834
0 655 645 208.5525974762937
0 652 647 106.87377374163596
0 651 648 103.11664938448874
0 665 649 114.46216302253178
0 669 651 128.5205163276101
0 670 652 114.94380384345975
0 656 653 102.81322331269169
0 659 654 104.38982917546473
0 664 655 116.1381814048531
0 673 656 104.27883940643935
0 661 657 175.60483820321627
0 663 658 126.08904942315962
0 672 659 130.08162154186567
0 674 660 103.3043544653913
0 662 661 103.41337406121227
0 675 662 104.91735043107049
0 666 663 102.93993832273196
0 657 664 102.98471356260586
0 671 665 103.15643434663535
0 680 666 104.39485674810692
0 681 667 107.56063919829279
0 667 668 108.63394683927005
0 678 669 107.76886820570904
0 682 671 111.22115302705318
0 684 672 143.7430140697898
0 687 673 103.42520614344105
0 677 675 102.78122021308158
0 685 676 103.72271788229091
0 679 677 104.82769134931189
0 690 679 106.99763290635171
0 691 680 113.26606184164991
0 693 681 102.80528524009141
0 686 682 154.42072769451357
0 688 683 103.59583510215423
0 694 684 104.49770337845814
0 695 689 138.62218739475608
0 704 690 103.33903927652148
0 697 691 107.3212807357295
0 703 693 102.99767443245341
0 689 694 112.8101743959502
0 701 695 144.93348366990318
0 706 697 165.23203145720524
0 705 698 103.51920025984052
0 696 699 102.82587636219395
0 698 700 103.2492985821482
0 702 701 108.29022413341505
0 699 702 102.78416081982193
0 713 703 107.3146287906404
0 712 704 116.30571711807892
0 707 705 118.1565311261017
0 708 706 110.90435496763409
0 710 707 115.75547916818026
0 716 710 253.70551666674226
0 711 712 102.76735062602317
0 717 713 103.21473747453886
0 722 715 114.83642608070932
0 724 716 136.04221738580452
0 727 717 110.57959651127413
0 718 718 113.93830486949761
0 720 720 159.88056712319602
0 723 722 115.9477244696792
0 728 723 145.19398686373518
0 726 724 124.16582870428034
0 719 725 102.77851903310899
0 725 726 160.9029553896857
0 731 727 113.42431139071816
0 734 732 126.43204280412215
0 737 733 103.08105598322315
0 738 734 104.99131956938656
0 732 735 103.05948256046167
0 740 736 103.98577674862845
0 733 737 102.79101869140268
0 736 738 102.9222184412377
0 750 739 103.86738676003489
0 746 740 120.81228998810471
0 739 741 109.10474069830167
0 742 742 151.83975152794872
0 751 743 116.67398376126572
0 745 744 106.27366335366784
0 741 745 110.21169082868836
0 748 747 102.8483356310489
0 749 748 125.90868169596368
0 753 749 106.24615086683191
0 747 750 108.15986953677846
0 743 751 131.0725427222472
0 761 754 105.00548710289854
0 756 755 129.48134194565728
0 752 757 293.2828481476237
0 758 759 132.84847471295058
0 774 760 108.75055729324599
0 754 761 135.00579462484774
0 777 762 137.23269742661535
0 757 763 193.85164168053586
0 760 764 118.04576094735975
0 766 765 103.68637170600543
0 779 766 163.6867035657036
0 759 767 147.13641080707717
0 768 768 180.96257648906058
0 755 769 102.84828519228742
0 744 770 120.23895832562903
0 780 773 111.99709266580355
0 773 774 112.64020762538271
0 762 776 122.83570297439856
0 770 778 229.22897557951063
0 769 781 147.4130990452671
0 771 782 117.17577676754907
0 782 784 108.89357002684173
0 772 785 205.9291665321604
0 783 786 110.54881174241649
0 784 787 105.58373896677664
0 788 788 104.95718468879754
0 765 789 122.44867633130477
0 781 790 126.12687085720438
0 794 791 105.01755486325108
0 796 792 109.09345333263627
0 800 793 173.8946425758091
0 795 795 138.58167606584763
0 801 798 108.06933972461064
0 804 799 110.5007416567811
0 792 801 109.31465927391034
0 790 802 120.45634251521409
0 793 804 112.25811070633644
0 805 805 105.35486177823554
0 803 806 111.602165255022
0 820 808 171.28340121147474
0 799 809 105.00573684325161
0 809 811 112.20368763302156
0 810 812 113.18820979535982
0 818 813 114.8731218500079
0 819 814 108.63995432997527
0 798 816 160.86981535447475
0 814 817 105.4514630958572
0 802 818 128.04846560958018
0 797 819 146.27456717601564
0 824 821 109.0433162936253
0 825 822 108.59432389819152
0 811 823 109.12113317491449
0 823 824 153.70988793441015
0 807 825 114.22280642714068
0 822 826 126.45742053248013
0 830 827 120.62360240694802
0 815 828 102.82568099762119
0 806 829 103.69765103769868
0 817 830 104.452019337165
0 813 831 115.59293236553548
0 812 832 110.01521648823388
0 827 834 111.79982404932056
0 829 835 114.50103457044546
0 816 836 102.87428032006692
0 833 837 104.69625652517867
0 821 839 103.08725043353908
0 826 841 103.90612511816019
0 836 842 220.93268421722496
0 839 843 104.35683070326654
0 844 844 114.2818140854933
0 832 845 102.95707039388104
0 834 846 146.20191028196555
0 786 848 266.78508080453025
0 850 849 106.60920252361328
0 845 850 127.29424493564807
0 855 851 148.09537865745062
0 841 853 135.48851269737222
0 843 854 104.77111799029389
0 848 855 112.18464564565087
0 849 856 103.9549912965072
0 842 858 128.72395439316148
0 858 860 102.91269794582716
0 846 861 152.92035191736338
0 847 862 102.81557977018436
0 854 863 103.053386396821
0 840 864 140.2103520992045
0 857 867 103.52457870290439
0 869 868 103.85550472586912
0 856 869 104.46955436964112
0 870 870 104.55033310539905
0 837 871 109.35438204814855
0 877 872 150.46082912113604
0 853 873 106.67530723199295
0 871 874 105.411193234067
0 851 876 108.51414695279485
0 878 878 104.90514825844815
0 861 880 102.90714934489161
0 852 881 105.0623336563169
0 874 882 107.76763600406323
0 868 884 110.69038121086474
0 883 885 106.7534682022628
0 862 886 122.22070938676038
0 863 887 125.435159522729
0 876 888 108.37271647182718
0 884 889 105.18670289668802
0 894 890 133.13372128917047
0 887 891 105.39912754242202
0 872 892 103.00734979321741
0 859 894 210.34651562668182
0 882 895 109.52502967556737
0 900 896 133.3422984746702
0 897 897 187.84211299447173
0 899 898 105.3817887764595
0 875 899 104.39386288720573
0 895 900 117.4285378119993
0 889 902 145.34125213640746
0 901 903 105.00128112806362
0 898 904 105.87640229839141
0 890 905 105.82870403107111
0 885 906 102.93095131956922
0 905 907 103.62735546603636
0 909 908 141.90782665256376
0 906 909 103.90815868281553
0 907 910 130.79889599263288
0 904 911 131.20905195504992
0 908 912 104.69046821065595
0 913 913 106.85879133607183
0 914 914 108.3056106516038
0 920 915 146.87341026703442
0 915 916 104.70594652470228
0 891 918 102.8038615567161
0 903 919 132.4592728705632
0 921 920 104.3768922228676
0 896 921 110.946298173017
0 902 922 106.41052190336968
0 910 923 103.10991275625958
0 892 924 123.71106593293881
0 918 926 122.83493853060644
0 927 927 114.87838399685353
0 919 928 106.54420813276772
0 931 929 106.83515205043864
0 911 931 150.52915111067767
0 930 932 105.87337563417822
0 928 933 103.12554840639363
0 922 935 103.0723039493503
0 888 936 215.25159202592738
0 923 937 197.36872537113655
0 917 938 130.44933880834583
0 925 940 168.9248695246624
0 938 941 108.81690301624612
0 939 942 112.85116544217185
0 941 943 125.03345088030555
0 926 944 108.82494956767661
0 934 945 109.70917275104324
0 932 946 103.5164856997367
0 942 947 103.46896245531765
0 937 948 186.76714432293414
0 933 949 103.00042508539158
0 945 950 123.94235177603107
0 947 952 112.56117420115268
0 940 953 170.15951501156374
0 943 954 146.30372670742457
0 944 955 112.64332347305705
0 948 957 112.52350273635767
0 953 958 103.05476002806897
0 958 959 131.14612829986325
0 954 960 127.5266883234504
0 956 964 129.33108238323197
0 949 965 104.39595456417008
0 950 966 126.76937798421226
0 955 967 111.00858573561017
0 960 968 130.45276721226173
0 951 969 106.32602217461896
0 962 970 138.20644335070975
0 964 971 121.29890022637784
0 957 973 116.33999382838043
0 963 974 112.16019615113039
0 961 975 118.70328466445758
0 965 977 111.44364054724053
0 969 978 107.46810092275842
0 967 979 128.34395891149018
0 974 980 103.07923832569081
0 968 981 114.5174082034691
0 975 984 106.04308882847882
0 978 985 147.12659160737655
0 971 986 110.67982941658752
0 973 987 125.63550626218701
0 979 988 102.82381561844049
0 972 989 131.15638068710612
0 982 990 145.52210642033324
0 976 993 158.10050396066018
0 977 994 119.18737097584406
0 983 995 109.2174372243804
0 984 996 116.08580344325559
0 987 998 122.85333278852973
0 980 1000 111.50232309577027
0 991 1001 107.29749130349585
0 986 1003 103.87442210264706
0 996 1004 129.07485899232123
0 1000 1005 124.92629949564737
0 999 1006 112.26250499343242
0 990 1007 104.21277692945046
0 985 1008 106.60803734315121
0 992 1009 146.05725785185857
0 993 1010 103.6688231259137
0 989 1011 202.85934037526013
0 994 1012 148.26638292833164
0 995 1013 127.94726782678221
0 1001 1014 133.76718940470977
0 1002 1015 124.86739754745935
0 1006 1016 125.1115116470703
0 1005 1017 120.71653048306786
0 1014 1020 381.29429759072013
0 1008 1021 160.42337379675652
0 1009 1022 135.18184491795486
0 1011 1023 200.08660727393766
0 1012 1024 188.58918067109997
0 1004 1025 106.7104671971782
0 1003 1026 105.76619774248151
0 1007 1027 116.81332722851086
0 1013 1028 102.95765798860013
0 1017 1029 179.71484012847782
0 1015 1030 144.97439930414566
0 1016 1031 190.24058087660578
0 1019 1032 102.92589958237544
0 1021 1033 106.59837816502946
0 1022 1034 102.7820513739456
0 1023 1035 102.78062833399446
0 1024 1036 103.15820398449813

0 1007.0 8.0
0 1035.0 8.0
0 999.0 17.0
0 501.0 18.0
0 1040.0 18.0
0 996.0 24.0
0 1040.0 24.0
0 1026.0 26.0
0 1009.0 33.0
0 998.0 42.0
0 1029.0 47.0
0 1007.0 48.0
0 998.0 50.0
0 1026.0 53.0
0 1004.0 55.0
0 995.0 57.0
0 1020.0 58.0
0 1034.0 59.0
0 444.0 63.0
0 1043.0 71.0
0 980.0 73.0
0 958.0 74.0
0 867.0 76.0
0 953.0 76.0
0 967.0 82.0
0 1108.0 84.0
0 902.0 85.0
0 928.0 85.0
0 888.0 87.0
0 1021.0 88.0
0 1088.0 88.0
0 1065.0 90.0
0 911.0 92.0
0 1070.0 93.0
0 438.0 94.0
0 1075.0 95.0
0 864.0 96.0
0 851.0 98.0
0 878.0 98.0
0 936.0 100.0
0 851.0 103.0
0 424.0 104.0
0 851.0 108.0
0 1097.0 109.0
0 924.0 110.0
0 890.0 111.0
0 865.0 112.0
0 874.0 114.0
0 1048.0 116.0
0 885.0 118.0
0 1107.0 119.0
0 1029.0 120.0
0 884.0 123.0
0 854.0 124.0
0 862.0 125.0
0 910.0 126.0
0 871.0 127.0
0 970.0 129.0
0 975.0 129.0
0 855.0 130.0
0 1078.0 130.0
0 924.0 132.0
0 950.0 133.0
0 960.0 133.0
0 864.0 134.0
0 976.0 134.0
0 999.0 134.0
0 1116.0 134.0
0 1064.0 138.0
0 1020.0 139.0
0 1119.0 139.0
0 903.0 140.0
0 1043.0 140.0
0 514.0 141.0
0 936.0 141.0
0 1096.0 141.0
0 506.0 142.0
0 519.0 142.0
0 916.0 143.0
0 1062.0 143.0
0 1078.0 145.0
0 491.0 146.0
0 995.0 146.0
0 535.0 147.0
0 960.0 147.0
0 222.0 148.0
0 1026.0 148.0
0 854.0 149.0
0 947.0 149.0
0 900.0 150.0
0 864.0 151.0
0 546.0 153.0
0 930.0 153.0
0 481.0 154.0
0 917.0 154.0
0 1108.0 154.0
0 1039.0 155.0
0 922.0 157.0
0 871.0 158.0
0 518.0 159.0
0 1049.0 159.0
0 894.0 160.0
0 502.0 161.0
0 554.0 161.0
0 855.0 161.0
0 949.0 162.0
0 937.0 163.0
0 1034.0 163.0
0 281.0 166.0
0 288.0 166.0
0 293.0 166.0
0 276.0 167.0
0 559.0 167.0
0 1023.0 167.0
0 471.0 168.0
0 487.0 168.0
0 1104.0 168.0
0 302.0 169.0
0 867.0 169.0
0 907.0 170.0
0 1112.0 170.0
0 879.0 171.0
0 504.0 172.0
0 562.0 172.0
0 498.0 173.0
0 1010.0 173.0
0 1054.0 173.0
0 516.0 174.0
0 283.0 175.0
0 856.0 175.0
0 891.0 175.0
0 951.0 175.0
0 316.0 176.0
0 919.0 177.0
0 244.0 178.0
0 499.0 179.0
0 859.0 180.0
0 467.0 181.0
0 540.0 181.0
0 567.0 181.0
0 1031.0 181.0
0 477.0 182.0
0 1042.0 182.0
0 236.0 183.0
0 938.0 183.0
0 1096.0 183.0
0 864.0 184.0
0 928.0 184.0
0 1064.0 184.0
0 264.0 185.0
0 908.0 185.0
0 520.0 187.0
0 554.0 187.0
0 1004.0 187.0
0 295.0 188.0
0 309.0 188.0
0 1079.0 188.0
0 231.0 189.0
0 570.0 189.0
0 1021.0 189.0
0 494.0 190.0
0 888.0 190.0
0 253.0 191.0
0 472.0 191.0
0 532.0 191.0
0 935.0 191.0
0 991.0 191.0
0 329.0 192.0
0 481.0 192.0
0 880.0 192.0
0 1031.0 192.0
0 229.0 194.0
0 570.0 194.0
0 904.0 194.0
0 465.0 195.0
0 548.0 195.0
0 1045.0 195.0
0 1061.0 195.0
0 914.0 196.0
0 1014.0 196.0
0 1005.0 197.0
0 730.0 199.0
0 296.0 200.0
0 465.0 200.0
0 571.0 200.0
0 741.0 200.0
0 268.0 202.0
0 245.0 203.0
0 533.0 203.0
0 1087.0 203.0
0 1103.0 203.0
0 504.0 204.0
0 927.0 204.0
0 914.0 205.0
0 1011.0 205.0
0 1053.0 205.0
0 960.0 206.0
0 965.0 206.0
0 287.0 207.0
0 342.0 207.0
0 485.0 207.0
0 570.0 207.0
0 1118.0 207.0
0 319.0 208.0
0 533.0 208.0
0 947.0 209.0
0 224.0 210.0
0 995.0 210.0
0 1113.0 211.0
0 265.0 212.0
0 496.0 212.0
0 242.0 213.0
0 250.0 213.0
0 532.0 213.0
0 969.0 213.0
0 299.0 214.0
0 346.0 214.0
0 1085.0 215.0
0 1090.0 215.0
0 223.0 216.0
0 900.0 216.0
0 1042.0 216.0
0 470.0 218.0
0 1033.0 219.0
0 243.0 220.0
0 310.0 220.0
0 223.0 221.0
0 566.0 221.0
0 282.0 222.0
0 946.0 222.0
0 1011.0 223.0
0 1023.0 223.0
0 888.0 224.0
0 261.0 225.0
0 550.0 225.0
0 224.0 226.0
0 625.0 226.0
0 1045.0 226.0
0 334.0 227.0
0 479.0 227.0
0 675.0 227.0
0 977.0 228.0
0 300.0 229.0
0 240.0 230.0
0 522.0 231.0
0 575.0 231.0
0 704.0 231.0
0 880.0 231.0
0 911.0 231.0
0 1025.0 231.0
0 489.0 233.0
0 716.0 233.0
0 781.0 234.0
0 286.0 235.0
0 575.0 236.0
0 301.0 237.0
0 620.0 237.0
0 490.0 238.0
0 262.0 239.0
0 277.0 239.0
0 227.0 240.0
0 544.0 240.0
0 245.0 241.0
0 553.0 241.0
0 890.0 241.0
0 940.0 241.0
0 1021.0 241.0
0 951.0 242.0
0 524.0 243.0
0 573.0 243.0
0 995.0 243.0
0 1048.0 243.0
0 341.0 245.0
0 356.0 246.0
0 587.0 247.0
0 904.0 247.0
0 984.0 247.0
0 230.0 248.0
0 882.0 248.0
0 997.0 248.0
0 850.0 250.0
0 936.0 250.0
0 265.0 251.0
0 233.0 253.0
0 587.0 253.0
0 948.0 253.0
0 289.0 254.0
0 991.0 254.0
0 960.0 255.0
0 1034.0 255.0
0 248.0 256.0
0 879.0 256.0
0 732.0 258.0
0 588.0 259.0
0 906.0 259.0
0 936.0 259.0
0 976.0 259.0
0 123.0 260.0
0 542.0 260.0
0 1002.0 260.0
0 359.0 261.0
0 473.0 261.0
0 347.0 262.0
0 882.0 262.0
0 947.0 262.0
0 1023.0 262.0
0 870.0 263.0
0 294.0 264.0
0 370.0 264.0
0 861.0 264.0
0 906.0 264.0
0 935.0 264.0
0 463.0 265.0
0 494.0 266.0
0 1038.0 266.0
0 246.0 267.0
0 708.0 267.0
0 582.0 268.0
0 296.0 269.0
0 945.0 269.0
0 966.0 269.0
0 394.0 270.0
0 458.0 270.0
0 906.0 273.0
0 360.0 274.0
0 399.0 274.0
0 448.0 274.0
0 1070.0 274.0
0 443.0 275.0
0 829.0 275.0
0 1031.0 275.0
0 91.0 276.0
0 104.0 276.0
0 875.0 276.0
0 1007.0 276.0
0 109.0 277.0
0 438.0 277.0
0 547.0 277.0
0 552.0 277.0
0 591.0 277.0
0 887.0 277.0
0 959.0 277.0
0 1043.0 277.0
0 114.0 278.0
0 304.0 278.0
0 464.0 278.0
0 940.0 278.0
0 1017.0 278.0
0 259.0 279.0
0 380.0 279.0
0 882.0 279.0
0 987.0 279.0
0 1054.0 279.0
0 1059.0 279.0
0 870.0 280.0
0 280.0 281.0
0 1035.0 281.0
0 236.0 282.0
0 584.0 282.0
0 616.0 282.0
0 853.0 283.0
0 906.0 283.0
0 972.0 284.0
0 328.0 285.0
0 411.0 285.0
0 591.0 285.0
0 487.0 286.0
0 494.0 286.0
0 1021.0 287.0
0 80.0 288.0
0 120.0 288.0
0 892.0 288.0
0 958.0 288.0
0 1026.0 288.0
0 884.0 289.0
0 976.0 289.0
0 286.0 290.0
0 589.0 290.0
0 898.0 290.0
0 907.0 290.0
0 989.0 290.0
0 1015.0 290.0
0 388.0 291.0
0 421.0 291.0
0 449.0 292.0
0 506.0 292.0
0 999.0 292.0
0 1042.0 292.0
0 79.0 293.0
0 122.0 294.0
0 434.0 294.0
0 245.0 295.0
0 484.0 295.0
0 551.0 295.0
0 910.0 295.0
0 1054.0 295.0
0 1059.0 295.0
0 90.0 296.0
0 457.0 296.0
0 867.0 296.0
0 960.0 296.0
0 78.0 298.0
0 411.0 298.0
0 975.0 298.0
0 122.0 299.0
0 279.0 300.0
0 393.0 300.0
0 479.0 300.0
0 498.0 300.0
0 581.0 300.0
0 541.0 301.0
0 621.0 301.0
0 857.0 301.0
0 888.0 301.0
0 1070.0 301.0
0 284.0 303.0
0 985.0 303.0
0 80.0 304.0
0 1001.0 304.0
0 1024.0 304.0
0 911.0 305.0
0 967.0 305.0
0 448.0 306.0
0 465.0 306.0
0 900.0 306.0
0 235.0 308.0
0 890.0 308.0
0 1010.0 309.0
0 409.0 310.0
0 826.0 310.0
0 881.0 310.0
0 1041.0 310.0
0 116.0 311.0
0 382.0 311.0
0 853.0 311.0
0 497.0 312.0
0 896.0 312.0
0 550.0 313.0
0 576.0 313.0
0 957.0 313.0
0 351.0 314.0
0 422.0 314.0
0 907.0 314.0
0 469.0 315.0
0 485.0 315.0
0 866.0 315.0
0 881.0 315.0
0 925.0 315.0
0 977.0 315.0
0 1059.0 315.0
0 562.0 316.0
0 893.0 317.0
0 279.0 318.0
0 344.0 318.0
0 989.0 318.0
0 117.0 320.0
0 248.0 320.0
0 287.0 320.0
0 332.0 320.0
0 427.0 320.0
0 1025.0 320.0
0 401.0 321.0
0 327.0 322.0
0 377.0 322.0
0 458.0 322.0
0 532.0 322.0
0 950.0 322.0
0 95.0 323.0
0 1039.0 323.0
0 856.0 324.0
0 940.0 324.0
0 974.0 324.0
0 1003.0 324.0
0 355.0 325.0
0 963.0 325.0
0 142.0 326.0
0 289.0 326.0
0 469.0 326.0
0 980.0 326.0
0 505.0 328.0
0 388.0 329.0
0 563.0 329.0
0 867.0 329.0
0 1049.0 329.0
0 303.0 330.0
0 892.0 330.0
0 927.0 330.0
0 906.0 331.0
0 1021.0 331.0
0 375.0 332.0
0 488.0 332.0
0 79.0 333.0
0 340.0 333.0
0 505.0 333.0
0 524.0 333.0
0 457.0 334.0
0 475.0 334.0
0 850.0 334.0
0 983.0 334.0
0 1036.0 334.0
0 244.0 335.0
0 927.0 335.0
0 991.0 335.0
0 362.0 336.0
0 880.0 336.0
0 997.0 336.0
0 380.0 337.0
0 1006.0 337.0
0 159.0 338.0
0 549.0 338.0
0 537.0 339.0
0 273.0 340.0
0 403.0 340.0
0 1023.0 340.0
0 1047.0 340.0
0 248.0 341.0
0 859.0 341.0
0 876.0 341.0
0 899.0 341.0
0 963.0 341.0
0 354.0 342.0
0 948.0 342.0
0 262.0 343.0
0 467.0 343.0
0 1035.0 343.0
0 448.0 344.0
0 476.0 344.0
0 917.0 344.0
0 992.0 344.0
0 489.0 345.0
0 987.0 345.0
0 297.0 346.0
0 859.0 346.0
0 879.0 346.0
0 504.0 347.0
0 334.0 348.0
0 1009.0 348.0
0 964.0 349.0
0 995.0 349.0
0 837.0 350.0
0 418.0 351.0
0 900.0 351.0
0 386.0 352.0
0 448.0 352.0
0 460.0 352.0
0 500.0 352.0
0 832.0 352.0
0 63.0 353.0
0 370.0 353.0
0 540.0 353.0
0 365.0 354.0
0 474.0 354.0
0 485.0 354.0
0 851.0 356.0
0 872.0 356.0
0 889.0 356.0
0 264.0 357.0
0 910.0 357.0
0 981.0 357.0
0 1004.0 357.0
0 860.0 358.0
0 961.0 358.0
0 87.0 359.0
0 400.0 359.0
0 518.0 359.0
0 269.0 360.0
0 343.0 360.0
0 350.0 360.0
0 419.0 360.0
0 527.0 360.0
0 995.0 360.0
0 838.0 361.0
0 850.0 361.0
0 283.0 362.0
0 444.0 362.0
0 464.0 362.0
0 988.0 362.0
0 150.0 364.0
0 334.0 364.0
0 1012.0 364.0
0 871.0 365.0
0 926.0 365.0
0 67.0 366.0
0 428.0 366.0
0 310.0 367.0
0 851.0 367.0
0 858.0 367.0
0 893.0 367.0
0 946.0 367.0
0 353.0 368.0
0 406.0 368.0
0 293.0 369.0
0 475.0 369.0
0 587.0 369.0
0 999.0 369.0
0 1039.0 369.0
0 76.0 370.0
0 136.0 370.0
0 502.0 370.0
0 963.0 370.0
0 317.0 372.0
0 381.0 372.0
0 841.0 372.0
0 1007.0 372.0
0 1021.0 372.0
0 818.0 373.0
0 139.0 375.0
0 376.0 376.0
0 889.0 376.0
0 81.0 377.0
0 328.0 377.0
0 928.0 377.0
0 154.0 378.0
0 255.0 378.0
0 263.0 378.0
0 334.0 378.0
0 954.0 378.0
0 102.0 379.0
0 339.0 379.0
0 919.0 379.0
0 1012.0 379.0
0 439.0 381.0
0 901.0 381.0
0 971.0 381.0
0 369.0 382.0
0 939.0 382.0
0 273.0 383.0
0 360.0 383.0
0 838.0 383.0
0 94.0 384.0
0 134.0 384.0
0 242.0 384.0
0 351.0 384.0
0 998.0 384.0
0 1025.0 384.0
0 1040.0 384.0
0 121.0 385.0
0 855.0 385.0
0 872.0 385.0
0 928.0 385.0
0 71.0 386.0
0 81.0 387.0
0 146.0 387.0
0 820.0 387.0
0 976.0 387.0
0 1057.0 388.0
0 321.0 390.0
0 914.0 390.0
0 203.0 391.0
0 1023.0 391.0
0 350.0 392.0
0 827.0 393.0
0 1071.0 393.0
0 170.0 394.0
0 246.0 394.0
0 926.0 394.0
0 982.0 394.0
0 1044.0 394.0
0 281.0 395.0
0 917.0 395.0
0 962.0 395.0
0 216.0 396.0
0 993.0 396.0
0 184.0 397.0
0 501.0 397.0
0 270.0 399.0
0 1010.0 399.0
0 1026.0 399.0
0 341.0 400.0
0 893.0 400.0
0 909.0 400.0
0 1038.0 400.0
0 1052.0 401.0
0 940.0 402.0
0 91.0 403.0
0 462.0 403.0
0 952.0 403.0
0 819.0 404.0
0 122.0 405.0
0 1063.0 405.0
0 918.0 407.0
0 990.0 407.0
0 280.0 408.0
0 249.0 409.0
0 901.0 409.0
0 1044.0 409.0
0 77.0 410.0
0 102.0 411.0
0 107.0 411.0
0 279.0 413.0
0 937.0 413.0
0 1021.0 413.0
0 1054.0 413.0
0 858.0 414.0
0 614.0 416.0
0 1049.0 416.0
0 85.0 417.0
0 1070.0 417.0
0 196.0 418.0
0 302.0 418.0
0 564.0 418.0
0 810.0 418.0
0 338.0 419.0
0 1020.0 419.0
0 950.0 420.0
0 249.0 421.0
0 821.0 421.0
0 1042.0 422.0
0 1070.0 422.0
0 662.0 423.0
0 667.0 423.0
0 67.0 424.0
0 138.0 424.0
0 225.0 427.0
0 628.0 428.0
0 678.0 428.0
0 860.0 428.0
0 961.0 428.0
0 262.0 429.0
0 619.0 429.0
0 657.0 429.0
0 813.0 429.0
0 842.0 429.0
0 1063.0 429.0
0 717.0 430.0
0 327.0 431.0
0 606.0 432.0
0 827.0 432.0
0 859.0 433.0
0 71.0 434.0
0 1064.0 434.0
0 66.0 435.0
0 840.0 435.0
0 950.0 435.0
0 981.0 435.0
0 220.0 437.0
0 1042.0 437.0
0 389.0 438.0
0 185.0 439.0
0 970.0 440.0
0 1066.0 440.0
0 145.0 441.0
0 811.0 441.0
0 1060.0 441.0
0 638.0 442.0
0 201.0 443.0
0 580.0 443.0
0 670.0 443.0
0 855.0 443.0
0 922.0 443.0
0 624.0 445.0
0 825.0 445.0
0 835.0 445.0
0 44.0 446.0
0 910.0 446.0
0 651.0 447.0
0 274.0 448.0
0 984.0 448.0
0 81.0 449.0
0 854.0 449.0
0 1015.0 450.0
0 245.0 451.0
0 604.0 451.0
0 809.0 451.0
0 830.0 451.0
0 872.0 451.0
0 1030.0 451.0
0 146.0 452.0
0 151.0 452.0
0 255.0 452.0
0 326.0 452.0
0 450.0 452.0
0 1023.0 452.0
0 1055.0 452.0
0 862.0 453.0
0 136.0 455.0
0 180.0 455.0
0 589.0 455.0
0 653.0 455.0
0 921.0 455.0
0 11.0 456.0
0 244.0 456.0
0 430.0 456.0
0 581.0 456.0
0 668.0 456.0
0 811.0 456.0
0 834.0 456.0
0 902.0 456.0
0 951.0 456.0
0 452.0 457.0
0 175.0 458.0
0 634.0 459.0
0 1047.0 459.0
0 1057.0 459.0
0 572.0 461.0
0 916.0 461.0
0 1026.0 461.0
0 910.0 462.0
0 1014.0 462.0
0 1039.0 462.0
0 105.0 464.0
0 150.0 464.0
0 418.0 464.0
0 431.0 464.0
0 567.0 465.0
0 968.0 465.0
0 986.0 465.0
0 855.0 466.0
0 1055.0 466.0
0 465.0 467.0
0 397.0 468.0
0 842.0 468.0
0 872.0 468.0
0 980.0 468.0
0 1022.0 468.0
0 90.0 469.0
0 392.0 469.0
0 631.0 469.0
0 902.0 469.0
0 269.0 470.0
0 342.0 470.0
0 604.0 470.0
0 1008.0 471.0
0 126.0 472.0
0 428.0 472.0
0 501.0 472.0
0 865.0 472.0
0 1039.0 472.0
0 164.0 473.0
0 324.0 473.0
0 479.0 473.0
0 496.0 473.0
0 379.0 474.0
0 735.0 474.0
0 844.0 474.0
0 909.0 474.0
0 177.0 475.0
0 933.0 475.0
0 584.0 476.0
0 456.0 477.0
0 91.0 479.0
0 441.0 479.0
0 737.0 479.0
0 1020.0 479.0
0 1031.0 479.0
0 147.0 480.0
0 425.0 480.0
0 55.0 481.0
0 256.0 481.0
0 1040.0 481.0
0 1050.0 481.0
0 694.0 482.0
0 499.0 483.0
0 604.0 483.0
0 663.0 483.0
0 917.0 483.0
0 966.0 483.0
0 87.0 484.0
0 611.0 484.0
0 738.0 484.0
0 993.0 484.0
0 699.0 485.0
0 838.0 485.0
0 891.0 485.0
0 127.0 486.0
0 58.0 487.0
0 82.0 487.0
0 568.0 487.0
0 681.0 488.0
0 926.0 488.0
0 945.0 488.0
0 262.0 489.0
0 704.0 489.0
0 482.0 490.0
0 760.0 490.0
0 128.0 491.0
0 166.0 491.0
0 500.0 491.0
0 962.0 491.0
0 62.0 492.0
0 210.0 492.0
0 277.0 492.0
0 659.0 492.0
0 23.0 493.0
0 160.0 493.0
0 669.0 493.0
0 288.0 494.0
0 295.0 494.0
0 604.0 494.0
0 693.0 494.0
0 702.0 494.0
0 1010.0 494.0
0 386.0 495.0
0 16.0 496.0
0 127.0 496.0
0 576.0 496.0
0 737.0 496.0
0 752.0 496.0
0 1019.0 497.0
0 146.0 498.0
0 919.0 498.0
0 441.0 499.0
0 606.0 499.0
0 943.0 499.0
0 767.0 500.0
0 1039.0 500.0
0 202.0 501.0
0 656.0 501.0
0 890.0 501.0
0 960.0 501.0
0 612.0 502.0
0 603.0 504.0
0 634.0 504.0
0 679.0 504.0
0 711.0 504.0
0 899.0 504.0
0 931.0 504.0
0 9.0 505.0
0 187.0 505.0
0 576.0 505.0
0 1002.0 505.0
0 364.0 506.0
0 424.0 506.0
0 169.0 507.0
0 274.0 507.0
0 296.0 507.0
0 688.0 508.0
0 719.0 508.0
0 735.0 508.0
0 953.0 510.0
0 1023.0 510.0
0 280.0 511.0
0 571.0 511.0
0 760.0 511.0
0 888.0 511.0
0 160.0 513.0
0 287.0 513.0
0 390.0 513.0
0 405.0 513.0
0 395.0 514.0
0 400.0 514.0
0 625.0 514.0
0 668.0 514.0
0 723.0 514.0
0 215.0 515.0
0 681.0 516.0
0 133.0 517.0
0 658.0 518.0
0 1018.0 518.0
0 154.0 520.0
0 724.0 520.0
0 118.0 521.0
0 668.0 521.0
0 205.0 522.0
0 192.0 524.0
0 625.0 524.0
0 93.0 525.0
0 681.0 527.0
0 891.0 527.0
0 651.0 529.0
0 700.0 529.0
0 96.0 530.0
0 607.0 530.0
0 176.0 531.0
0 706.0 531.0
0 120.0 533.0
0 167.0 534.0
0 635.0 534.0
0 652.0 534.0
0 207.0 535.0
0 688.0 535.0
0 710.0 536.0
0 694.0 538.0
0 154.0 539.0
0 141.0 544.0
0 212.0 544.0
0 170.0 545.0
0 134.0 546.0
0 711.0 548.0
0 170.0 550.0
0 636.0 550.0
0 202.0 551.0
0 210.0 551.0
0 114.0 552.0
0 703.0 552.0
0 612.0 553.0
0 185.0 555.0
0 157.0 557.0
0 728.0 557.0
0 211.0 558.0
0 676.0 559.0
0 671.0 560.0
0 608.0 561.0
0 158.0 562.0
0 172.0 562.0
0 631.0 562.0
0 641.0 563.0
0 163.0 564.0
0 620.0 565.0
0 608.0 566.0
0 151.0 568.0
0 652.0 568.0
0 183.0 569.0
0 222.0 569.0
0 627.0 570.0
0 609.0 571.0
0 674.0 571.0
0 120.0 572.0
0 206.0 572.0
0 184.0 574.0
0 131.0 576.0
0 162.0 576.0
0 190.0 576.0
0 195.0 577.0
0 614.0 577.0
0 668.0 580.0
0 619.0 581.0
0 167.0 582.0
0 663.0 583.0
0 182.0 584.0
0 120.0 586.0
0 632.0 586.0
0 653.0 586.0
0 638.0 587.0
0 643.0 587.0
0 130.0 588.0
0 145.0 588.0
0 160.0 592.0
0 268.0 593.0
0 155.0 597.0
0 135.0 599.0
0 146.0 600.0
0 243.0 607.0
0 128.0 612.0
0 202.0 627.0
0 157.0 649.0
0 626.0 650.0
0 901.0 758.0
0 870.0 777.0
1 441.0 85.0
1 886.0 85.0
1 891.0 85.0
1 896.0 86.0
1 879.0 88.0
1 901.0 88.0
1 905.0 93.0
1 871.0 97.0
1 907.0 98.0
1 868.0 102.0
1 908.0 105.0
1 866.0 110.0
1 907.0 110.0
1 878.0 115.0
1 906.0 115.0
1 869.0 121.0
1 899.0 125.0
1 877.0 127.0
1 869.0 130.0
1 893.0 132.0
1 864.0 135.0
1 887.0 138.0
1 903.0 138.0
1 756.0 150.0
1 851.0 151.0
1 834.0 152.0
1 914.0 154.0
1 793.0 158.0
1 779.0 160.0
1 988.0 160.0
1 369.0 164.0
1 801.0 164.0
1 949.0 164.0
1 938.0 166.0
1 960.0 166.0
1 752.0 167.0
1 1000.0 169.0
1 747.0 173.0
1 736.0 174.0
1 781.0 178.0
1 997.0 180.0
1 1007.0 180.0
1 735.0 182.0
1 1017.0 185.0
1 747.0 188.0
1 767.0 192.0
1 971.0 192.0
1 735.0 194.0
1 890.0 197.0
1 1009.0 197.0
1 755.0 199.0
1 904.0 199.0
1 737.0 203.0
1 780.0 205.0
1 835.0 205.0
1 840.0 205.0
1 949.0 208.0
1 1023.0 208.0
1 995.0 209.0
1 421.0 210.0
1 742.0 210.0
1 832.0 210.0
1 930.0 210.0
1 408.0 211.0
1 810.0 211.0
1 815.0 211.0
1 820.0 211.0
1 948.0 213.0
1 1011.0 213.0
1 854.0 214.0
1 882.0 214.0
1 963.0 214.0
1 395.0 215.0
1 770.0 215.0
1 439.0 216.0
1 800.0 217.0
1 874.0 217.0
1 894.0 217.0
1 980.0 217.0
1 836.0 218.0
1 411.0 219.0
1 448.0 219.0
1 784.0 219.0
1 853.0 219.0
1 915.0 220.0
1 949.0 220.0
1 1085.0 220.0
1 1013.0 221.0
1 453.0 223.0
1 759.0 223.0
1 930.0 223.0
1 999.0 223.0
1 820.0 224.0
1 879.0 224.0
1 910.0 224.0
1 990.0 224.0
1 855.0 225.0
1 401.0 226.0
1 739.0 226.0
1 809.0 226.0
1 418.0 227.0
1 459.0 228.0
1 383.0 229.0
1 782.0 229.0
1 963.0 230.0
1 406.0 231.0
1 743.0 231.0
1 795.0 231.0
1 940.0 231.0
1 1008.0 231.0
1 748.0 232.0
1 896.0 232.0
1 933.0 233.0
1 194.0 234.0
1 199.0 234.0
1 766.0 234.0
1 905.0 234.0
1 180.0 235.0
1 390.0 235.0
1 989.0 235.0
1 207.0 236.0
1 378.0 236.0
1 465.0 236.0
1 884.0 236.0
1 980.0 237.0
1 801.0 238.0
1 811.0 238.0
1 1010.0 239.0
1 399.0 240.0
1 806.0 240.0
1 890.0 240.0
1 417.0 241.0
1 222.0 242.0
1 189.0 243.0
1 460.0 243.0
1 741.0 243.0
1 878.0 243.0
1 959.0 243.0
1 997.0 243.0
1 1005.0 243.0
1 155.0 244.0
1 471.0 244.0
1 755.0 244.0
1 777.0 244.0
1 903.0 244.0
1 969.0 246.0
1 207.0 247.0
1 869.0 247.0
1 147.0 248.0
1 173.0 248.0
1 382.0 248.0
1 765.0 248.0
1 374.0 249.0
1 423.0 249.0
1 473.0 249.0
1 888.0 249.0
1 815.0 250.0
1 787.0 251.0
1 912.0 251.0
1 977.0 251.0
1 143.0 253.0
1 745.0 253.0
1 997.0 253.0
1 167.0 254.0
1 235.0 254.0
1 422.0 254.0
1 474.0 254.0
1 1004.0 254.0
1 214.0 255.0
1 455.0 255.0
1 199.0 256.0
1 374.0 256.0
1 396.0 256.0
1 432.0 257.0
1 670.0 257.0
1 804.0 257.0
1 140.0 258.0
1 384.0 258.0
1 675.0 258.0
1 779.0 258.0
1 795.0 258.0
1 888.0 258.0
1 475.0 259.0
1 159.0 260.0
1 874.0 260.0
1 953.0 260.0
1 449.0 261.0
1 921.0 261.0
1 989.0 261.0
1 230.0 262.0
1 864.0 262.0
1 1000.0 262.0
1 137.0 263.0
1 763.0 263.0
1 936.0 263.0
1 965.0 263.0
1 476.0 264.0
1 758.0 264.0
1 374.0 265.0
1 800.0 265.0
1 879.0 265.0
1 973.0 265.0
1 241.0 266.0
1 776.0 266.0
1 852.0 266.0
1 198.0 267.0
1 958.0 267.0
1 898.0 268.0
1 150.0 269.0
1 171.0 269.0
1 784.0 269.0
1 907.0 269.0
1 404.0 270.0
1 435.0 270.0
1 979.0 270.0
1 873.0 271.0
1 921.0 271.0
1 190.0 272.0
1 386.0 272.0
1 475.0 273.0
1 992.0 273.0
1 133.0 274.0
1 223.0 275.0
1 434.0 275.0
1 452.0 275.0
1 947.0 277.0
1 962.0 277.0
1 250.0 278.0
1 132.0 279.0
1 168.0 279.0
1 182.0 279.0
1 397.0 279.0
1 823.0 279.0
1 872.0 279.0
1 984.0 279.0
1 154.0 280.0
1 201.0 280.0
1 373.0 280.0
1 433.0 280.0
1 910.0 280.0
1 790.0 281.0
1 816.0 282.0
1 858.0 283.0
1 614.0 284.0
1 823.0 284.0
1 132.0 285.0
1 564.0 285.0
1 974.0 285.0
1 147.0 286.0
1 212.0 286.0
1 828.0 286.0
1 471.0 287.0
1 782.0 287.0
1 950.0 287.0
1 960.0 287.0
1 186.0 288.0
1 817.0 289.0
1 955.0 289.0
1 133.0 290.0
1 165.0 291.0
1 235.0 291.0
1 890.0 291.0
1 930.0 292.0
1 202.0 294.0
1 829.0 294.0
1 425.0 295.0
1 145.0 296.0
1 478.0 297.0
1 772.0 298.0
1 801.0 299.0
1 851.0 299.0
1 189.0 300.0
1 396.0 300.0
1 790.0 300.0
1 169.0 303.0
1 450.0 303.0
1 136.0 304.0
1 438.0 304.0
1 889.0 304.0
1 247.0 306.0
1 476.0 306.0
1 151.0 307.0
1 264.0 307.0
1 410.0 307.0
1 427.0 307.0
1 138.0 309.0
1 487.0 309.0
1 740.0 309.0
1 784.0 309.0
1 908.0 309.0
1 770.0 310.0
1 833.0 310.0
1 935.0 310.0
1 916.0 312.0
1 795.0 313.0
1 824.0 313.0
1 874.0 313.0
1 921.0 313.0
1 488.0 314.0
1 747.0 314.0
1 168.0 315.0
1 142.0 316.0
1 669.0 316.0
1 234.0 317.0
1 858.0 317.0
1 193.0 318.0
1 821.0 318.0
1 296.0 320.0
1 831.0 320.0
1 772.0 321.0
1 836.0 321.0
1 923.0 321.0
1 443.0 322.0
1 490.0 322.0
1 379.0 323.0
1 646.0 323.0
1 841.0 323.0
1 886.0 323.0
1 253.0 324.0
1 277.0 324.0
1 461.0 324.0
1 196.0 327.0
1 766.0 327.0
1 201.0 328.0
1 305.0 328.0
1 396.0 328.0
1 154.0 329.0
1 372.0 329.0
1 829.0 329.0
1 850.0 329.0
1 876.0 329.0
1 746.0 330.0
1 919.0 330.0
1 483.0 331.0
1 820.0 331.0
1 870.0 331.0
1 201.0 333.0
1 363.0 333.0
1 754.0 333.0
1 899.0 333.0
1 928.0 333.0
1 358.0 334.0
1 795.0 334.0
1 262.0 335.0
1 267.0 335.0
1 558.0 335.0
1 990.0 335.0
1 196.0 336.0
1 829.0 336.0
1 840.0 337.0
1 492.0 338.0
1 851.0 338.0
1 209.0 339.0
1 288.0 339.0
1 448.0 339.0
1 453.0 339.0
1 803.0 339.0
1 911.0 339.0
1 371.0 340.0
1 166.0 342.0
1 323.0 342.0
1 759.0 342.0
1 782.0 342.0
1 348.0 343.0
1 945.0 343.0
1 145.0 344.0
1 772.0 344.0
1 824.0 344.0
1 484.0 345.0
1 767.0 345.0
1 881.0 345.0
1 894.0 345.0
1 919.0 345.0
1 232.0 346.0
1 389.0 347.0
1 754.0 347.0
1 860.0 347.0
1 935.0 347.0
1 397.0 348.0
1 927.0 348.0
1 336.0 349.0
1 741.0 349.0
1 908.0 349.0
1 492.0 350.0
1 748.0 350.0
1 192.0 351.0
1 365.0 352.0
1 780.0 352.0
1 847.0 352.0
1 873.0 352.0
1 404.0 354.0
1 563.0 354.0
1 771.0 354.0
1 789.0 354.0
1 153.0 355.0
1 479.0 355.0
1 385.0 356.0
1 453.0 356.0
1 802.0 356.0
1 820.0 356.0
1 882.0 356.0
1 301.0 358.0
1 323.0 358.0
1 353.0 358.0
1 852.0 358.0
1 863.0 358.0
1 916.0 359.0
1 184.0 360.0
1 752.0 360.0
1 189.0 361.0
1 309.0 361.0
1 395.0 361.0
1 876.0 361.0
1 8.0 362.0
1 379.0 362.0
1 482.0 363.0
1 838.0 363.0
1 893.0 363.0
1 907.0 363.0
1 928.0 363.0
1 737.0 364.0
1 853.0 364.0
1 917.0 364.0
1 936.0 364.0
1 777.0 365.0
1 283.0 366.0
1 867.0 367.0
1 945.0 367.0
1 8.0 368.0
1 143.0 368.0
1 335.0 368.0
1 362.0 368.0
1 804.0 368.0
1 278.0 369.0
1 480.0 369.0
1 817.0 369.0
1 858.0 370.0
1 877.0 371.0
1 900.0 371.0
1 298.0 372.0
1 779.0 372.0
1 394.0 373.0
1 452.0 373.0
1 845.0 373.0
1 476.0 374.0
1 745.0 374.0
1 944.0 374.0
1 465.0 375.0
1 185.0 376.0
1 191.0 376.0
1 311.0 376.0
1 381.0 376.0
1 911.0 376.0
1 949.0 376.0
1 883.0 377.0
1 973.0 377.0
1 771.0 378.0
1 791.0 378.0
1 918.0 378.0
1 155.0 379.0
1 435.0 379.0
1 756.0 379.0
1 232.0 380.0
1 837.0 380.0
1 936.0 380.0
1 747.0 381.0
1 855.0 381.0
1 291.0 383.0
1 469.0 383.0
1 225.0 384.0
1 255.0 384.0
1 323.0 384.0
1 268.0 385.0
1 364.0 385.0
1 865.0 385.0
1 883.0 385.0
1 904.0 385.0
1 944.0 385.0
1 747.0 386.0
1 778.0 386.0
1 194.0 387.0
1 930.0 387.0
1 803.0 388.0
1 151.0 389.0
1 827.0 389.0
1 27.0 390.0
1 280.0 390.0
1 383.0 390.0
1 402.0 390.0
1 442.0 390.0
1 816.0 390.0
1 841.0 390.0
1 882.0 390.0
1 358.0 391.0
1 790.0 391.0
1 852.0 391.0
1 238.0 392.0
1 426.0 392.0
1 757.0 392.0
1 370.0 393.0
1 890.0 393.0
1 938.0 393.0
1 152.0 394.0
1 271.0 394.0
1 350.0 395.0
1 385.0 395.0
1 258.0 396.0
1 441.0 396.0
1 921.0 396.0
1 181.0 397.0
1 454.0 397.0
1 743.0 397.0
1 805.0 397.0
1 223.0 398.0
1 776.0 398.0
1 898.0 398.0
1 273.0 399.0
1 394.0 399.0
1 480.0 399.0
1 793.0 399.0
1 916.0 399.0
1 44.0 400.0
1 157.0 400.0
1 348.0 400.0
1 859.0 400.0
1 170.0 401.0
1 294.0 401.0
1 800.0 401.0
1 867.0 401.0
1 248.0 402.0
1 763.0 402.0
1 359.0 403.0
1 807.0 403.0
1 883.0 403.0
1 340.0 404.0
1 917.0 404.0
1 371.0 405.0
1 936.0 405.0
1 403.0 406.0
1 749.0 406.0
1 840.0 406.0
1 901.0 406.0
1 201.0 407.0
1 775.0 407.0
1 229.0 408.0
1 828.0 408.0
1 308.0 410.0
1 916.0 410.0
1 867.0 411.0
1 351.0 412.0
1 383.0 412.0
1 805.0 412.0
1 261.0 413.0
1 277.0 413.0
1 369.0 413.0
1 395.0 413.0
1 847.0 413.0
1 171.0 414.0
1 734.0 414.0
1 469.0 415.0
1 886.0 415.0
1 764.0 416.0
1 870.0 416.0
1 420.0 417.0
1 427.0 417.0
1 750.0 417.0
1 190.0 418.0
1 432.0 418.0
1 290.0 419.0
1 311.0 419.0
1 338.0 419.0
1 363.0 419.0
1 789.0 419.0
1 237.0 420.0
1 244.0 420.0
1 859.0 420.0
1 447.0 421.0
1 814.0 421.0
1 916.0 421.0
1 332.0 423.0
1 353.0 423.0
1 881.0 423.0
1 211.0 424.0
1 313.0 424.0
1 790.0 424.0
1 839.0 424.0
1 199.0 425.0
1 866.0 425.0
1 378.0 426.0
1 405.0 426.0
1 498.0 426.0
1 297.0 427.0
1 394.0 427.0
1 764.0 427.0
1 826.0 427.0
1 248.0 428.0
1 726.0 428.0
1 882.0 428.0
1 896.0 428.0
1 32.0 429.0
1 751.0 429.0
1 789.0 429.0
1 807.0 429.0
1 27.0 431.0
1 220.0 431.0
1 718.0 432.0
1 740.0 432.0
1 827.0 432.0
1 277.0 433.0
1 939.0 433.0
1 843.0 434.0
1 880.0 434.0
1 787.0 435.0
1 810.0 435.0
1 920.0 435.0
1 13.0 436.0
1 23.0 436.0
1 890.0 436.0
1 349.0 437.0
1 829.0 437.0
1 904.0 437.0
1 141.0 438.0
1 155.0 438.0
1 236.0 438.0
1 267.0 438.0
1 880.0 439.0
1 814.0 441.0
1 34.0 442.0
1 254.0 442.0
1 803.0 442.0
1 896.0 443.0
1 949.0 443.0
1 734.0 444.0
1 772.0 444.0
1 852.0 444.0
1 14.0 445.0
1 129.0 445.0
1 720.0 445.0
1 752.0 446.0
1 766.0 446.0
1 823.0 446.0
1 812.0 447.0
1 884.0 447.0
1 25.0 448.0
1 167.0 448.0
1 838.0 448.0
1 902.0 448.0
1 921.0 448.0
1 374.0 449.0
1 740.0 449.0
1 934.0 449.0
1 92.0 450.0
1 800.0 450.0
1 720.0 451.0
1 860.0 451.0
1 952.0 451.0
1 56.0 453.0
1 404.0 453.0
1 944.0 453.0
1 133.0 454.0
1 828.0 454.0
1 936.0 454.0
1 102.0 455.0
1 170.0 455.0
1 810.0 455.0
1 907.0 455.0
1 71.0 456.0
1 245.0 456.0
1 461.0 456.0
1 721.0 456.0
1 961.0 457.0
1 157.0 458.0
1 802.0 458.0
1 862.0 458.0
1 845.0 459.0
1 877.0 459.0
1 169.0 460.0
1 366.0 461.0
1 783.0 461.0
1 718.0 463.0
1 895.0 463.0
1 909.0 463.0
1 922.0 463.0
1 405.0 464.0
1 942.0 464.0
1 838.0 465.0
1 168.0 466.0
1 827.0 466.0
1 135.0 467.0
1 523.0 467.0
1 955.0 467.0
1 806.0 468.0
1 47.0 469.0
1 872.0 469.0
1 788.0 470.0
1 166.0 471.0
1 209.0 473.0
1 904.0 473.0
1 470.0 474.0
1 241.0 475.0
1 835.0 475.0
1 939.0 475.0
1 713.0 476.0
1 747.0 476.0
1 824.0 476.0
1 80.0 478.0
1 957.0 478.0
1 136.0 479.0
1 720.0 479.0
1 153.0 480.0
1 932.0 481.0
1 23.0 482.0
1 833.0 482.0
1 903.0 482.0
1 536.0 483.0
1 337.0 484.0
1 542.0 484.0
1 111.0 485.0
1 177.0 485.0
1 231.0 486.0
1 530.0 487.0
1 839.0 487.0
1 554.0 488.0
1 735.0 488.0
1 750.0 489.0
1 493.0 490.0
1 601.0 490.0
1 845.0 491.0
1 952.0 491.0
1 83.0 492.0
1 449.0 492.0
1 723.0 492.0
1 107.0 494.0
1 290.0 495.0
1 731.0 495.0
1 787.0 496.0
1 69.0 497.0
1 832.0 497.0
1 864.0 498.0
1 28.0 499.0
1 923.0 500.0
1 86.0 501.0
1 715.0 501.0
1 720.0 501.0
1 232.0 502.0
1 516.0 502.0
1 955.0 502.0
1 503.0 503.0
1 545.0 503.0
1 746.0 503.0
1 849.0 503.0
1 948.0 503.0
1 904.0 504.0
1 806.0 505.0
1 161.0 507.0
1 171.0 507.0
1 525.0 507.0
1 714.0 507.0
1 746.0 508.0
1 32.0 509.0
1 725.0 509.0
1 795.0 509.0
1 63.0 511.0
1 227.0 511.0
1 319.0 511.0
1 357.0 511.0
1 760.0 511.0
1 924.0 511.0
1 49.0 512.0
1 159.0 512.0
1 525.0 512.0
1 335.0 513.0
1 715.0 513.0
1 752.0 513.0
1 896.0 513.0
1 949.0 513.0
1 189.0 514.0
1 491.0 514.0
1 537.0 514.0
1 911.0 514.0
1 941.0 514.0
1 57.0 515.0
1 546.0 516.0
1 731.0 516.0
1 787.0 516.0
1 847.0 516.0
1 161.0 517.0
1 525.0 517.0
1 834.0 517.0
1 179.0 518.0
1 319.0 518.0
1 716.0 518.0
1 35.0 520.0
1 471.0 520.0
1 509.0 520.0
1 801.0 521.0
1 931.0 522.0
1 180.0 523.0
1 296.0 523.0
1 371.0 523.0
1 944.0 523.0
1 895.0 524.0
1 794.0 525.0
1 869.0 525.0
1 921.0 525.0
1 850.0 526.0
1 227.0 527.0
1 403.0 527.0
1 419.0 527.0
1 736.0 527.0
1 762.0 527.0
1 13.0 528.0
1 279.0 528.0
1 398.0 528.0
1 507.0 528.0
1 49.0 529.0
1 61.0 529.0
1 391.0 529.0
1 861.0 529.0
1 903.0 530.0
1 938.0 530.0
1 360.0 531.0
1 753.0 531.0
1 327.0 532.0
1 489.0 532.0
1 890.0 532.0
1 346.0 533.0
1 739.0 533.0
1 184.0 534.0
1 799.0 534.0
1 920.0 534.0
1 928.0 535.0
1 31.0 536.0
1 815.0 536.0
1 331.0 537.0
1 259.0 538.0
1 608.0 539.0
1 171.0 540.0
1 613.0 541.0
1 903.0 541.0
1 12.0 542.0
1 483.0 542.0
1 490.0 542.0
1 536.0 542.0
1 912.0 542.0
1 938.0 542.0
1 568.0 543.0
1 732.0 543.0
1 802.0 543.0
1 849.0 543.0
1 924.0 543.0
1 53.0 544.0
1 183.0 544.0
1 381.0 544.0
1 779.0 544.0
1 561.0 545.0
1 816.0 545.0
1 455.0 546.0
1 875.0 546.0
1 12.0 547.0
1 87.0 547.0
1 97.0 547.0
1 196.0 547.0
1 201.0 547.0
1 214.0 547.0
1 24.0 548.0
1 801.0 548.0
1 916.0 548.0
1 43.0 549.0
1 551.0 549.0
1 827.0 549.0
1 641.0 550.0
1 285.0 551.0
1 300.0 551.0
1 530.0 551.0
1 32.0 552.0
1 482.0 552.0
1 571.0 552.0
1 844.0 552.0
1 938.0 552.0
1 176.0 553.0
1 801.0 553.0
1 460.0 554.0
1 539.0 554.0
1 562.0 554.0
1 87.0 555.0
1 616.0 555.0
1 895.0 555.0
1 187.0 557.0
1 487.0 557.0
1 935.0 557.0
1 74.0 558.0
1 180.0 558.0
1 262.0 558.0
1 572.0 558.0
1 804.0 558.0
1 267.0 559.0
1 640.0 559.0
1 645.0 559.0
1 903.0 559.0
1 608.0 560.0
1 827.0 560.0
1 324.0 561.0
1 453.0 561.0
1 482.0 561.0
1 530.0 561.0
1 843.0 561.0
1 489.0 562.0
1 511.0 562.0
1 785.0 562.0
1 56.0 563.0
1 184.0 563.0
1 319.0 563.0
1 550.0 563.0
1 583.0 564.0
1 816.0 564.0
1 80.0 565.0
1 312.0 565.0
1 564.0 565.0
1 607.0 565.0
1 794.0 566.0
1 887.0 566.0
1 48.0 567.0
1 294.0 567.0
1 539.0 567.0
1 299.0 568.0
1 102.0 569.0
1 592.0 569.0
1 640.0 569.0
1 831.0 569.0
1 457.0 570.0
1 838.0 570.0
1 19.0 571.0
1 40.0 572.0
1 556.0 572.0
1 569.0 572.0
1 50.0 573.0
1 912.0 574.0
1 500.0 575.0
1 542.0 575.0
1 85.0 576.0
1 596.0 576.0
1 531.0 577.0
1 77.0 578.0
1 500.0 581.0
1 596.0 582.0
1 23.0 584.0
1 540.0 585.0
1 555.0 585.0
1 8.0 586.0
1 58.0 586.0
1 97.0 586.0
1 594.0 587.0
1 786.0 587.0
1 571.0 588.0
1 505.0 589.0
1 576.0 589.0
1 44.0 590.0
1 523.0 590.0
1 216.0 592.0
1 528.0 593.0
1 103.0 594.0
1 562.0 594.0
1 29.0 595.0
1 581.0 596.0
1 22.0 597.0
1 606.0 599.0
1 62.0 601.0
1 92.0 603.0
1 588.0 604.0
1 785.0 604.0
1 73.0 606.0
1 103.0 606.0
1 48.0 607.0
1 513.0 608.0
1 579.0 610.0
1 50.0 612.0
1 62.0 614.0
1 493.0 615.0
1 604.0 615.0
1 41.0 618.0
1 529.0 618.0
1 559.0 618.0
1 513.0 619.0
1 523.0 620.0
1 99.0 621.0
1 114.0 621.0
1 503.0 622.0
1 868.0 622.0
1 53.0 623.0
1 12.0 624.0
1 534.0 624.0
1 77.0 625.0
1 21.0 626.0
1 83.0 627.0
1 88.0 627.0
1 508.0 627.0
1 514.0 629.0
1 50.0 630.0
1 555.0 630.0
1 494.0 631.0
1 496.0 636.0
1 550.0 636.0
1 38.0 637.0
1 21.0 638.0
1 65.0 639.0
1 503.0 640.0
1 51.0 641.0
1 512.0 642.0
1 532.0 643.0
1 517.0 644.0
1 522.0 644.0
1 527.0 644.0
1 158.0 645.0
1 21.0 647.0
1 26.0 647.0
1 31.0 648.0
1 38.0 648.0
1 22.0 652.0
1 131.0 657.0
1 512.0 658.0
1 23.0 660.0
1 89.0 676.0
1 44.0 696.0
1 510.0 706.0
1 1087.0 709.0
