0 12 1 237.54268743730816
0 3 2 394.09089718592844
0 7 3 215.92647345848377
0 4 4 466.82972245456284
0 6 6 251.6247110072583
0 14 7 159.7629706826296
0 15 8 137.32767244256186
0 13 9 218.0448257844012
0 18 10 201.57448830571835
0 32 12 169.81324730733525
0 33 14 129.99145617611853
0 43 15 154.15638940007227
0 42 17 148.91815376531204
0 39 18 222.82999885113267
0 50 19 316.16179956444216
0 21 20 480.8902474652514
0 41 21 199.86319369575963
0 20 22 221.63215309159133
0 51 23 242.00242201248884
0 58 24 149.08071776771894
0 30 25 264.01676580085064
0 47 26 121.41069640733318
0 31 28 246.92052041762986
0 59 30 226.19363230721277
0 67 31 111.80360883035219
0 62 33 250.57370064452783
0 64 34 132.31092643742846
0 34 35 390.65463322142256
0 66 36 213.25155046129973
0 69 37 250.65926257493385
0 37 38 243.29112372964246
0 71 39 171.81199256231702
0 55 40 315.7580372626199
0 77 41 111.70231280798968
0 28 42 247.86117411879266
0 74 43 162.68159267466154
0 92 45 123.50783046642837
0 84 46 161.7704285689629
0 81 48 212.41245315752928
0 91 50 118.31929662950556
0 93 51 334.01908863556343
0 44 52 227.46104235795576
0 89 53 195.6607649646137
0 83 54 190.66979047277022
0 87 55 244.73555822423495
0 88 56 343.94169077442666
0 96 58 259.11918834974847
0 97 59 217.2730709314856
0 98 61 202.54558016694193
0 117 62 209.2256381599106
0 104 64 277.9394049535927
0 106 65 310.0786174187013
0 85 66 246.02729039117204
0 123 67 180.00188400333113
0 61 68 161.98911615542798
0 129 70 192.87668007600465
0 109 71 226.7810402299006
0 112 72 255.6635482373393
0 122 73 214.87174587545564
0 56 74 349.6363064401795
0 121 77 249.95172583582166
0 115 78 134.3388371484661
0 146 80 222.81332296818266
0 102 81 235.70646332041883
0 110 82 135.16174084985244
0 128 83 156.0441326598946
0 142 84 196.03900444736513
0 164 85 224.95773129891137
0 60 87 142.31576847235232
0 137 88 194.74514101052122
0 138 89 216.14196519305017
0 155 90 304.7433600606245
0 72 91 165.66318482557799
0 154 94 200.45293392372815
0 134 95 226.3800850698879
0 108 96 325.3562131483369
0 135 97 147.46267182186082
0 136 98 152.54885237494693
0 141 99 159.3817470017152
0 169 100 131.31846835028495
0 139 101 408.21850029383586
0 145 102 175.2764823715521
0 147 103 202.404147150517
0 150 104 203.91421031115385
0 163 105 246.0268213735121
0 174 106 117.97760978766271
0 158 107 236.77617100165037
0 156 109 291.16776172068785
0 152 110 174.3349830015968
0 78 112 129.79400563189031
0 149 113 282.2713592729583
0 167 115 266.8508529391111
0 157 116 162.51412911245683
0 189 117 114.96721314620856
0 190 118 135.476171576824
0 180 119 131.13643101677067
0 188 120 125.73012952577112
0 194 121 136.96108035324843
0 197 122 109.71377152664449
0 171 123 386.22379535674133
0 172 124 176.2682546189841
0 195 125 160.40111905516287
0 203 126 121.06620014048319
0 210 127 385.90349063695226
0 199 128 242.91162399033058
0 202 129 132.77432240818197
0 125 131 204.4837142159631
0 213 133 198.3624930050248
0 220 134 290.88745278146166
0 216 135 251.10525600522527
0 219 136 215.65997504202082
0 207 139 113.24505997820447
0 218 140 164.31262343855067
0 205 142 135.62599235404872
0 224 143 122.93254946309935
0 221 144 274.34029057261523
0 217 146 142.04314628841811
0 237 147 328.8710334252515
0 201 148 252.17578667138034
0 238 149 261.98265552550725
0 223 151 474.1454850779064
0 206 155 442.73806892738935
0 257 157 259.1695835806898
0 166 158 272.7843588304649
0 245 160 121.64086976198587
0 256 161 251.00804757915452
0 240 163 130.51000150212536
0 191 165 254.04192811358618
0 250 166 124.10556671063604
0 239 167 347.47432990582155
0 246 168 167.95045620430648
0 264 169 235.49189232360638
0 269 173 228.9373212153813
0 268 174 248.79306443208083
0 227 175 448.31508900751675
0 254 177 286.2730617735767
0 274 178 160.1208187024664
0 182 179 364.92279449349314
0 267 180 126.33699788994252
0 270 181 248.6037943412062
0 255 183 342.6752899819371
0 263 184 185.90252703180968
0 258 185 241.22821351721865
0 262 192 217.69494424047474
0 243 193 395.60652972275005
0 277 194 169.96108886347264
0 281 195 174.59596389530577
0 228 196 356.0721651803811
0 284 200 240.31984172355396
0 293 206 279.4805264034649
0 275 207 159.43610692392534
0 300 209 316.7584830263951
0 287 210 270.35532486133127
0 299 212 234.32785560438893
0 279 214 353.3695895651474
0 320 215 314.8874808359266
0 288 219 231.46625784984315
0 321 223 468.69525073979116
0 307 224 199.81639566686152
0 311 226 146.85750689810862
0 295 227 162.40768790168815
0 309 228 212.13754559880638
0 317 229 241.0283706436195
0 313 230 372.9260133606576
0 315 232 177.5149246261675
0 324 234 264.4824588527928
0 328 235 251.86550642187223
0 305 238 232.55950571102488
0 333 239 333.6262360437373
0 329 242 382.583889108882
0 339 243 360.7270350434159
0 325 244 166.76596089832387
0 331 247 221.57889405331744
0 326 248 349.4492917114182
0 322 249 166.63257647276043
0 306 252 437.8375846249141
0 346 254 354.5899489616431
0 338 255 265.0672779077002
0 340 256 134.70247370999172
0 347 259 422.48220017294926
0 318 261 321.4614475887301
0 334 263 230.6651138871136
0 350 265 316.8225170910489
0 335 266 189.7389819187649
0 364 268 323.3992550173755
0 343 269 203.74081883275878
0 344 270 213.61488661539866
0 355 271 130.28609999478925
0 357 273 313.25746128793895
0 352 275 195.28029992023372
0 375 276 299.20271003507474
0 353 278 169.2913637693296
0 341 279 274.82790919542
0 368 280 263.06169483276307
0 374 281 281.80389459490897
0 345 282 260.3631566899837
0 351 283 253.5065754546329
0 327 284 383.98054786042945
0 362 285 380.0644631049759
0 397 286 305.77420459542986
0 349 289 239.9600667651648
0 382 291 206.21029516564334
0 393 292 327.2531966366131
0 359 293 186.58191165203883
0 386 294 198.42107255042956
0 356 296 285.4579288887634
0 360 298 273.3275601361358
0 385 299 213.3900839946333
0 372 300 108.97657394326173
0 363 302 255.65988606008685
0 373 303 348.3585499152111
0 407 304 363.3670045046143
0 366 306 245.99139766973178
0 402 307 174.87526083200027
0 381 309 112.27759842132113
0 376 310 171.76456977762626
0 377 312 186.6762267876102
0 371 313 163.15594004162043
0 380 316 227.39186166642327
0 378 317 185.13760445375067
0 398 319 157.23583393852934
0 389 322 142.4169086939153
0 390 323 236.80531344930156
0 379 325 177.31779766034836
0 403 326 213.70779589684275
0 395 327 213.03384117786885
0 411 329 169.36524335201776
0 399 330 141.3450105819941
0 400 331 173.46672567030475
0 401 332 178.3572716887283
0 422 333 418.42831648555665
0 396 335 186.40539212069874
0 414 336 338.09439698929174
0 405 337 465.6327515704877
0 388 339 387.1808487683275
0 416 342 357.8563407767219
0 419 344 318.6281295618696
0 418 346 268.2966714977676
0 404 348 200.69173580446034
0 408 351 236.07114124793026
0 391 353 416.8813011190635
0 424 355 277.2045674635059
0 437 356 152.7483653986661
0 428 357 110.20070168376913
0 445 359 137.1636745362191
0 433 360 376.0853420512336
0 453 361 185.5665236417025
0 410 362 378.20961745120616
0 420 363 195.55610675731657
0 450 364 123.52986480291655
0 435 365 185.16894945318086
0 439 366 114.24955617101054
0 423 367 149.3238148971039
0 426 368 108.06068066596006
0 448 369 270.2413818681272
0 436 371 192.53403988296392
0 454 373 233.24517760647123
0 429 374 203.48352962301576
0 444 375 107.10462148863739
0 458 376 137.92354610789647
0 443 377 135.6944966346548
0 452 378 231.3741006390598
0 472 380 232.819380447809
0 447 382 131.71618475640122
0 463 384 116.43844391604297
0 475 386 265.50849040181043
0 449 387 147.26288715807266
0 441 388 215.58869850198818
0 442 390 309.28742584073586
0 455 391 173.39121440704625
0 457 392 201.70639707744095
0 466 393 231.6215939728632
0 461 394 202.33128417808905
0 486 400 210.52351820587134
0 474 402 410.5133069183643
0 460 403 143.15325084756435
0 451 404 258.66144694371155
0 480 405 125.84109063374653
0 481 407 114.14614246523374
0 467 409 209.63117720378702
0 489 410 293.74319468093023
0 468 415 213.62150962774157
0 465 416 221.94349595332378
0 487 419 470.0802876539388
0 493 420 293.87905815926035
0 501 423 211.01125752009563
0 496 424 110.63297309444955
0 498 426 184.80920295461794
0 505 429 446.10244709049664
0 492 430 421.59269623992753
0 513 432 355.60013187790037
0 514 436 485.52290312738904
0 517 437 306.71666478212416
0 503 438 113.53339640287088
0 508 440 408.6551346550901
0 509 441 155.52585221313024
0 515 442 138.1342995227154
0 510 443 165.09192560616896
0 523 444 159.9620756416278
0 524 445 150.40216844557054
0 518 447 187.25779408537738
0 529 450 159.13845331973508
0 520 451 460.12939104125047
0 525 453 128.89728132189734
0 537 454 161.0325917630159
0 531 457 137.46802191004102
0 521 459 239.22180410871027
0 540 461 162.48531045945649
0 542 462 200.9203992656207
0 538 463 192.68539945384492
0 549 466 254.4657736034556
0 543 467 243.73469913273144
0 539 469 411.1401444314257
0 535 470 369.3546778562866
0 548 471 128.40346501974778
0 546 472 361.44710120550116
0 552 473 135.09433895415282
0 554 474 347.6526444220466
0 553 475 120.69189368373074
0 559 476 304.2003660438651
0 558 477 227.24152963261423
0 550 479 304.0153170864121
0 545 480 437.5725118697873
0 562 481 225.41580531806233
0 573 483 426.26621820829735
0 556 484 265.23921733542124
0 565 485 269.0222688946946
0 561 486 217.0027350374065
0 551 487 233.232726341057
0 575 489 458.5659359758412
0 589 498 183.39042188982506
0 593 501 329.33775245238337
0 599 508 200.48189361834207
0 595 509 389.906168779067
0 547 512 340.82115164456735
0 555 515 281.9404485983319
0 600 516 187.03442383503815
0 578 518 171.87372008127554
0 604 523 343.559423936673
0 605 524 350.25473882694047
0 630 527 395.45789094747323
0 620 528 340.9947805726736
0 563 530 118.48748997403366
0 607 532 385.83799382464775
0 614 534 187.9139623417517
0 623 537 293.7235754821967
0 621 539 235.05392496612657
0 574 542 163.019378913588
0 585 543 168.1476673707724
0 576 544 210.63186989779518
0 622 545 196.63395414574447
0 586 546 294.6707728364713
0 625 547 185.51838490394957
0 626 552 126.48895914203638
0 606 554 124.665952381147
0 601 555 175.38341433879202
0 608 556 180.7006208279422
0 629 566 220.84430361126533
0 646 567 330.4410544433872
0 641 570 198.47926405210248
0 654 573 104.34320106166612
0 661 575 234.01610515566676
0 648 576 108.05130622409888
0 684 582 169.65308680813308
0 681 584 188.37662578994048
0 688 585 135.69396983664686
0 672 586 123.51543201537383
0 674 587 111.68558180801963

0 1098.0 69.0
0 766.0 340.0
0 841.0 340.0
0 802.0 341.0
0 784.0 342.0
0 698.0 343.0
0 797.0 344.0
0 803.0 350.0
0 820.0 354.0
0 842.0 357.0
0 859.0 366.0
0 782.0 370.0
0 792.0 370.0
0 993.0 371.0
0 807.0 374.0
0 770.0 378.0
0 808.0 379.0
0 923.0 379.0
0 978.0 379.0
0 1000.0 379.0
0 646.0 380.0
0 900.0 381.0
0 610.0 382.0
0 765.0 384.0
0 781.0 385.0
0 635.0 387.0
0 817.0 387.0
0 942.0 387.0
0 620.0 388.0
0 773.0 388.0
0 924.0 388.0
0 748.0 389.0
0 915.0 389.0
0 764.0 393.0
0 789.0 394.0
0 609.0 395.0
0 634.0 395.0
0 1008.0 395.0
0 617.0 396.0
0 896.0 396.0
0 994.0 396.0
0 744.0 397.0
0 590.0 398.0
0 778.0 398.0
0 976.0 399.0
0 934.0 401.0
0 773.0 402.0
0 967.0 402.0
0 994.0 404.0
0 902.0 405.0
0 792.0 408.0
0 1014.0 409.0
0 595.0 410.0
0 640.0 410.0
0 647.0 410.0
0 652.0 410.0
0 660.0 410.0
0 665.0 410.0
0 674.0 410.0
0 690.0 410.0
0 761.0 410.0
0 901.0 410.0
0 986.0 410.0
0 681.0 411.0
0 709.0 411.0
0 720.0 411.0
0 884.0 411.0
0 970.0 411.0
0 615.0 412.0
0 626.0 412.0
0 737.0 412.0
0 906.0 412.0
0 911.0 412.0
0 954.0 412.0
0 589.0 413.0
0 621.0 413.0
0 876.0 413.0
0 927.0 413.0
0 783.0 414.0
0 941.0 417.0
0 987.0 417.0
0 621.0 418.0
0 635.0 418.0
0 695.0 419.0
0 705.0 420.0
0 729.0 420.0
0 971.0 420.0
0 556.0 421.0
0 896.0 421.0
0 916.0 421.0
0 952.0 421.0
0 593.0 422.0
0 785.0 422.0
0 908.0 422.0
0 929.0 422.0
0 621.0 423.0
0 877.0 424.0
0 640.0 425.0
0 651.0 425.0
0 665.0 425.0
0 737.0 425.0
0 1037.0 425.0
0 674.0 426.0
0 684.0 426.0
0 693.0 426.0
0 720.0 426.0
0 756.0 426.0
0 714.0 427.0
0 725.0 427.0
0 1013.0 427.0
0 809.0 429.0
0 821.0 430.0
0 560.0 432.0
0 621.0 433.0
0 836.0 433.0
0 841.0 433.0
0 631.0 434.0
0 772.0 434.0
0 943.0 435.0
0 987.0 435.0
0 912.0 437.0
0 743.0 438.0
0 755.0 438.0
0 1040.0 438.0
0 634.0 439.0
0 860.0 439.0
0 763.0 441.0
0 903.0 441.0
0 881.0 442.0
0 740.0 443.0
0 914.0 443.0
0 587.0 445.0
0 622.0 445.0
0 850.0 446.0
0 990.0 446.0
0 925.0 447.0
0 942.0 447.0
0 960.0 447.0
0 965.0 447.0
0 689.0 448.0
0 808.0 449.0
0 842.0 449.0
0 1021.0 449.0
0 763.0 451.0
0 871.0 451.0
0 614.0 452.0
0 787.0 452.0
0 885.0 452.0
0 639.0 453.0
0 892.0 453.0
0 835.0 454.0
0 651.0 455.0
0 656.0 455.0
0 920.0 455.0
0 1028.0 455.0
0 622.0 456.0
0 645.0 456.0
0 843.0 456.0
0 560.0 457.0
0 608.0 457.0
0 757.0 459.0
0 834.0 459.0
0 596.0 460.0
0 746.0 460.0
0 940.0 460.0
0 549.0 461.0
0 764.0 461.0
0 673.0 462.0
0 782.0 462.0
0 874.0 462.0
0 898.0 462.0
0 589.0 463.0
0 736.0 463.0
0 857.0 463.0
0 822.0 464.0
0 1041.0 464.0
0 612.0 465.0
0 684.0 465.0
0 889.0 465.0
0 559.0 466.0
0 772.0 466.0
0 862.0 466.0
0 1018.0 466.0
0 725.0 467.0
0 794.0 468.0
0 810.0 468.0
0 631.0 469.0
0 653.0 469.0
0 664.0 469.0
0 738.0 469.0
0 817.0 469.0
0 1040.0 469.0
0 747.0 470.0
0 568.0 471.0
0 700.0 471.0
0 864.0 471.0
0 557.0 472.0
0 638.0 472.0
0 785.0 472.0
0 657.0 474.0
0 814.0 474.0
0 644.0 475.0
0 693.0 476.0
0 1041.0 476.0
0 548.0 477.0
0 680.0 477.0
0 738.0 477.0
0 1019.0 477.0
0 667.0 478.0
0 628.0 479.0
0 812.0 479.0
0 651.0 480.0
0 891.0 480.0
0 587.0 481.0
0 731.0 481.0
0 582.0 482.0
0 701.0 482.0
0 787.0 482.0
0 876.0 482.0
0 871.0 484.0
0 638.0 485.0
0 659.0 485.0
0 778.0 486.0
0 631.0 487.0
0 747.0 487.0
0 708.0 488.0
0 739.0 488.0
0 766.0 488.0
0 797.0 490.0
0 872.0 490.0
0 644.0 491.0
0 666.0 491.0
0 810.0 491.0
0 531.0 493.0
0 720.0 494.0
0 873.0 495.0
0 878.0 495.0
0 787.0 496.0
0 1018.0 496.0
0 577.0 497.0
0 712.0 497.0
0 1041.0 497.0
0 528.0 498.0
0 644.0 499.0
0 760.0 499.0
0 582.0 500.0
0 679.0 500.0
0 809.0 500.0
0 927.0 501.0
0 939.0 501.0
0 1005.0 501.0
0 991.0 502.0
0 1040.0 502.0
0 751.0 503.0
0 590.0 504.0
0 658.0 504.0
0 727.0 504.0
0 965.0 504.0
0 521.0 506.0
0 650.0 506.0
0 810.0 506.0
0 1027.0 506.0
0 684.0 507.0
0 879.0 507.0
0 574.0 508.0
0 672.0 509.0
0 968.0 509.0
0 666.0 510.0
0 561.0 511.0
0 812.0 511.0
0 958.0 511.0
0 731.0 512.0
0 893.0 512.0
0 537.0 513.0
0 765.0 513.0
0 759.0 514.0
0 582.0 515.0
0 691.0 515.0
0 969.0 515.0
0 974.0 515.0
0 548.0 516.0
0 554.0 516.0
0 873.0 516.0
0 979.0 516.0
0 1019.0 516.0
0 512.0 517.0
0 609.0 519.0
0 652.0 519.0
0 956.0 519.0
0 1005.0 519.0
0 530.0 520.0
0 563.0 520.0
0 585.0 520.0
0 816.0 520.0
0 573.0 521.0
0 763.0 521.0
0 872.0 521.0
0 693.0 522.0
0 985.0 522.0
0 543.0 523.0
0 751.0 523.0
0 554.0 524.0
0 956.0 524.0
0 685.0 525.0
0 603.0 526.0
0 697.0 527.0
0 871.0 527.0
0 548.0 528.0
0 894.0 528.0
0 742.0 530.0
0 824.0 530.0
0 955.0 530.0
0 962.0 530.0
0 984.0 530.0
0 503.0 531.0
0 623.0 531.0
0 866.0 531.0
0 975.0 531.0
0 935.0 532.0
0 776.0 533.0
0 610.0 534.0
0 662.0 534.0
0 831.0 535.0
0 501.0 536.0
0 860.0 536.0
0 994.0 536.0
0 907.0 537.0
0 855.0 538.0
0 954.0 538.0
0 531.0 539.0
0 840.0 539.0
0 849.0 539.0
0 942.0 540.0
0 618.0 541.0
0 662.0 541.0
0 972.0 541.0
0 607.0 542.0
0 668.0 543.0
0 963.0 543.0
0 652.0 544.0
0 1000.0 544.0
0 626.0 545.0
0 632.0 545.0
0 938.0 545.0
0 660.0 546.0
0 1040.0 547.0
0 576.0 549.0
0 910.0 549.0
0 1002.0 549.0
0 620.0 550.0
0 602.0 551.0
0 935.0 551.0
0 1039.0 552.0
0 1027.0 553.0
0 674.0 554.0
0 496.0 555.0
0 559.0 557.0
0 765.0 557.0
0 904.0 557.0
0 520.0 558.0
0 630.0 558.0
0 714.0 558.0
0 1005.0 558.0
0 933.0 559.0
0 527.0 560.0
0 695.0 561.0
0 756.0 561.0
0 783.0 561.0
0 830.0 561.0
0 636.0 563.0
0 679.0 566.0
0 860.0 566.0
0 846.0 567.0
0 699.0 568.0
0 934.0 568.0
0 894.0 569.0
0 517.0 570.0
0 876.0 570.0
0 612.0 571.0
0 810.0 571.0
0 567.0 572.0
0 577.0 572.0
0 884.0 572.0
0 1039.0 572.0
0 525.0 573.0
0 572.0 573.0
0 640.0 573.0
0 935.0 573.0
0 996.0 573.0
0 1026.0 574.0
0 790.0 575.0
0 785.0 576.0
0 601.0 577.0
0 684.0 577.0
0 764.0 577.0
0 759.0 578.0
0 1039.0 578.0
0 702.0 579.0
0 684.0 582.0
0 1039.0 583.0
0 645.0 585.0
0 891.0 585.0
0 704.0 586.0
0 944.0 586.0
0 992.0 586.0
0 515.0 588.0
0 1039.0 588.0
0 524.0 589.0
0 793.0 590.0
0 950.0 590.0
0 492.0 591.0
0 984.0 591.0
0 955.0 592.0
0 976.0 594.0
0 688.0 595.0
0 963.0 595.0
0 968.0 595.0
0 707.0 598.0
0 1039.0 604.0
0 627.0 605.0
0 597.0 606.0
0 690.0 608.0
0 563.0 609.0
0 654.0 612.0
0 520.0 613.0
0 691.0 613.0
0 564.0 614.0
0 618.0 616.0
0 710.0 616.0
0 606.0 618.0
0 975.0 618.0
0 989.0 621.0
0 495.0 622.0
0 710.0 622.0
0 693.0 624.0
0 1038.0 625.0
0 621.0 626.0
0 656.0 627.0
0 557.0 628.0
0 693.0 629.0
0 637.0 630.0
0 521.0 631.0
0 529.0 636.0
0 577.0 637.0
0 609.0 637.0
0 657.0 638.0
0 766.0 638.0
0 521.0 639.0
0 774.0 640.0
0 850.0 640.0
0 600.0 643.0
0 632.0 643.0
0 1026.0 647.0
0 532.0 649.0
0 571.0 650.0
0 610.0 650.0
0 765.0 650.0
0 526.0 651.0
0 649.0 651.0
0 789.0 656.0
0 659.0 657.0
0 586.0 658.0
0 604.0 658.0
0 622.0 658.0
0 771.0 659.0
0 983.0 659.0
0 659.0 662.0
0 652.0 663.0
0 848.0 663.0
0 769.0 665.0
0 786.0 666.0
0 544.0 669.0
0 642.0 671.0
0 510.0 672.0
0 605.0 672.0
0 590.0 675.0
0 654.0 675.0
0 537.0 678.0
0 637.0 679.0
0 632.0 681.0
0 779.0 681.0
0 542.0 682.0
0 920.0 683.0
0 651.0 684.0
0 754.0 684.0
0 610.0 685.0
0 615.0 685.0
0 759.0 685.0
0 806.0 685.0
0 550.0 688.0
0 1038.0 689.0
0 687.0 690.0
0 562.0 692.0
0 549.0 693.0
0 772.0 693.0
0 1038.0 694.0
0 685.0 696.0
0 1025.0 698.0
0 637.0 699.0
0 865.0 699.0
0 1038.0 699.0
0 571.0 700.0
0 872.0 701.0
0 877.0 702.0
0 883.0 703.0
0 1016.0 703.0
0 554.0 705.0
0 892.0 705.0
0 638.0 706.0
0 681.0 707.0
0 748.0 707.0
0 903.0 707.0
0 1037.0 707.0
0 583.0 708.0
0 839.0 708.0
0 844.0 709.0
0 623.0 711.0
0 853.0 711.0
0 535.0 712.0
0 679.0 712.0
0 596.0 713.0
0 859.0 713.0
0 563.0 714.0
0 612.0 714.0
0 617.0 714.0
0 939.0 715.0
0 951.0 716.0
0 133.0 717.0
0 569.0 717.0
0 737.0 718.0
0 981.0 718.0
0 992.0 718.0
0 674.0 719.0
0 1020.0 719.0
0 622.0 720.0
0 808.0 720.0
0 1038.0 722.0
0 578.0 723.0
0 593.0 724.0
0 607.0 724.0
0 640.0 725.0
0 76.0 727.0
0 837.0 728.0
0 942.0 732.0
0 1033.0 732.0
0 664.0 733.0
0 990.0 735.0
0 623.0 737.0
0 689.0 737.0
0 191.0 738.0
0 618.0 738.0
0 1038.0 740.0
0 569.0 741.0
0 661.0 750.0
0 939.0 752.0
0 1037.0 755.0
0 992.0 756.0
0 987.0 757.0
0 1464.0 760.0
0 566.0 761.0
0 939.0 762.0
0 1035.0 773.0
0 542.0 774.0
0 940.0 778.0
0 1019.0 779.0
0 1034.0 780.0
0 1148.0 787.0
0 531.0 790.0
0 1034.0 791.0
0 1032.0 807.0
0 1052.0 808.0
0 520.0 810.0
0 1127.0 812.0
0 637.0 815.0
0 271.0 819.0
0 514.0 823.0
0 883.0 823.0
0 615.0 827.0
0 266.0 831.0
0 1031.0 837.0
0 509.0 878.0
0 977.0 881.0
0 598.0 883.0
0 1030.0 883.0
0 738.0 889.0
0 599.0 903.0
0 1028.0 903.0
0 1101.0 918.0
0 785.0 948.0
1 871.0 75.0
1 809.0 306.0
1 855.0 309.0
1 870.0 310.0
1 799.0 312.0
1 782.0 313.0
1 836.0 317.0
1 845.0 317.0
1 863.0 317.0
1 748.0 318.0
1 772.0 318.0
1 800.0 320.0
1 828.0 322.0
1 870.0 324.0
1 847.0 326.0
1 858.0 328.0
1 874.0 331.0
1 730.0 333.0
1 885.0 334.0
1 687.0 336.0
1 629.0 339.0
1 664.0 339.0
1 669.0 339.0
1 674.0 339.0
1 828.0 344.0
1 717.0 345.0
1 693.0 346.0
1 665.0 348.0
1 593.0 349.0
1 629.0 350.0
1 656.0 350.0
1 639.0 351.0
1 848.0 352.0
1 859.0 352.0
1 613.0 354.0
1 604.0 356.0
1 669.0 356.0
1 638.0 358.0
1 1037.0 358.0
1 1024.0 360.0
1 650.0 361.0
1 952.0 361.0
1 972.0 362.0
1 838.0 363.0
1 612.0 364.0
1 698.0 364.0
1 591.0 365.0
1 867.0 365.0
1 664.0 366.0
1 678.0 366.0
1 1043.0 366.0
1 838.0 369.0
1 592.0 370.0
1 669.0 370.0
1 693.0 370.0
1 1033.0 370.0
1 603.0 371.0
1 613.0 371.0
1 847.0 371.0
1 976.0 371.0
1 556.0 374.0
1 637.0 374.0
1 838.0 374.0
1 592.0 375.0
1 853.0 376.0
1 571.0 378.0
1 689.0 379.0
1 826.0 379.0
1 592.0 380.0
1 1049.0 380.0
1 648.0 381.0
1 948.0 381.0
1 612.0 382.0
1 678.0 383.0
1 848.0 384.0
1 554.0 385.0
1 915.0 386.0
1 822.0 387.0
1 570.0 388.0
1 934.0 388.0
1 973.0 388.0
1 1038.0 388.0
1 700.0 390.0
1 705.0 390.0
1 846.0 390.0
1 923.0 390.0
1 944.0 390.0
1 715.0 391.0
1 720.0 391.0
1 695.0 392.0
1 725.0 392.0
1 857.0 392.0
1 988.0 393.0
1 1054.0 393.0
1 648.0 394.0
1 735.0 394.0
1 742.0 394.0
1 755.0 395.0
1 950.0 395.0
1 763.0 396.0
1 899.0 396.0
1 1044.0 396.0
1 678.0 398.0
1 776.0 398.0
1 782.0 398.0
1 787.0 399.0
1 794.0 399.0
1 915.0 399.0
1 922.0 399.0
1 963.0 399.0
1 696.0 400.0
1 799.0 400.0
1 972.0 400.0
1 804.0 401.0
1 809.0 401.0
1 854.0 401.0
1 977.0 401.0
1 1029.0 401.0
1 1056.0 401.0
1 724.0 402.0
1 886.0 402.0
1 983.0 402.0
1 999.0 402.0
1 1015.0 402.0
1 750.0 403.0
1 607.0 404.0
1 612.0 404.0
1 618.0 404.0
1 769.0 404.0
1 819.0 404.0
1 901.0 404.0
1 922.0 404.0
1 934.0 404.0
1 623.0 405.0
1 677.0 405.0
1 699.0 405.0
1 714.0 405.0
1 947.0 405.0
1 972.0 406.0
1 1069.0 406.0
1 601.0 407.0
1 731.0 407.0
1 780.0 407.0
1 959.0 408.0
1 581.0 409.0
1 742.0 409.0
1 1030.0 409.0
1 753.0 410.0
1 626.0 411.0
1 676.0 411.0
1 763.0 411.0
1 768.0 411.0
1 875.0 411.0
1 921.0 411.0
1 981.0 411.0
1 1015.0 411.0
1 1061.0 411.0
1 687.0 412.0
1 783.0 412.0
1 998.0 412.0
1 644.0 413.0
1 649.0 413.0
1 791.0 413.0
1 799.0 413.0
1 811.0 413.0
1 555.0 414.0
1 570.0 414.0
1 896.0 414.0
1 654.0 415.0
1 819.0 415.0
1 922.0 416.0
1 1072.0 417.0
1 693.0 418.0
1 809.0 418.0
1 837.0 418.0
1 1039.0 418.0
1 668.0 419.0
1 683.0 422.0
1 879.0 422.0
1 598.0 423.0
1 1049.0 423.0
1 565.0 424.0
1 572.0 424.0
1 607.0 424.0
1 612.0 424.0
1 646.0 424.0
1 664.0 424.0
1 894.0 424.0
1 969.0 424.0
1 852.0 425.0
1 1008.0 425.0
1 550.0 426.0
1 623.0 426.0
1 695.0 426.0
1 824.0 427.0
1 930.0 427.0
1 580.0 429.0
1 836.0 429.0
1 878.0 429.0
1 946.0 430.0
1 963.0 430.0
1 696.0 431.0
1 819.0 431.0
1 844.0 431.0
1 1005.0 431.0
1 1065.0 431.0
1 675.0 432.0
1 757.0 432.0
1 971.0 432.0
1 976.0 432.0
1 981.0 432.0
1 686.0 433.0
1 550.0 434.0
1 923.0 434.0
1 565.0 435.0
1 631.0 435.0
1 990.0 435.0
1 864.0 436.0
1 883.0 436.0
1 1007.0 437.0
1 1050.0 437.0
1 940.0 438.0
1 697.0 439.0
1 702.0 439.0
1 842.0 439.0
1 872.0 440.0
1 967.0 440.0
1 1069.0 440.0
1 579.0 441.0
1 659.0 441.0
1 548.0 442.0
1 727.0 443.0
1 952.0 443.0
1 703.0 444.0
1 708.0 444.0
1 696.0 445.0
1 771.0 445.0
1 967.0 445.0
1 978.0 445.0
1 739.0 446.0
1 823.0 446.0
1 547.0 447.0
1 552.0 447.0
1 641.0 447.0
1 687.0 447.0
1 839.0 447.0
1 864.0 447.0
1 646.0 448.0
1 651.0 448.0
1 749.0 448.0
1 844.0 448.0
1 679.0 449.0
1 780.0 449.0
1 558.0 452.0
1 767.0 452.0
1 789.0 452.0
1 917.0 452.0
1 922.0 452.0
1 885.0 453.0
1 912.0 453.0
1 932.0 453.0
1 567.0 454.0
1 820.0 454.0
1 870.0 454.0
1 955.0 454.0
1 1070.0 454.0
1 665.0 455.0
1 852.0 455.0
1 907.0 455.0
1 937.0 455.0
1 942.0 456.0
1 680.0 458.0
1 689.0 458.0
1 698.0 458.0
1 969.0 458.0
1 1062.0 458.0
1 707.0 459.0
1 784.0 459.0
1 715.0 460.0
1 807.0 462.0
1 885.0 462.0
1 950.0 462.0
1 724.0 463.0
1 962.0 463.0
1 897.0 465.0
1 687.0 466.0
1 732.0 466.0
1 892.0 466.0
1 955.0 467.0
1 1068.0 467.0
1 710.0 468.0
1 621.0 469.0
1 715.0 469.0
1 818.0 469.0
1 741.0 470.0
1 842.0 470.0
1 887.0 471.0
1 804.0 472.0
1 960.0 472.0
1 974.0 472.0
1 724.0 473.0
1 853.0 473.0
1 575.0 474.0
1 706.0 474.0
1 750.0 474.0
1 1060.0 474.0
1 1065.0 474.0
1 831.0 475.0
1 810.0 476.0
1 873.0 476.0
1 621.0 477.0
1 826.0 477.0
1 631.0 479.0
1 737.0 479.0
1 759.0 479.0
1 892.0 479.0
1 721.0 480.0
1 961.0 480.0
1 1060.0 480.0
1 559.0 481.0
1 693.0 481.0
1 726.0 482.0
1 999.0 483.0
1 767.0 484.0
1 809.0 484.0
1 839.0 484.0
1 972.0 484.0
1 1049.0 484.0
1 962.0 485.0
1 621.0 486.0
1 750.0 486.0
1 891.0 486.0
1 609.0 487.0
1 668.0 487.0
1 963.0 490.0
1 1030.0 490.0
1 775.0 491.0
1 1020.0 491.0
1 757.0 492.0
1 743.0 493.0
1 817.0 493.0
1 1036.0 494.0
1 612.0 495.0
1 893.0 495.0
1 1015.0 495.0
1 963.0 496.0
1 672.0 497.0
1 750.0 497.0
1 783.0 497.0
1 1052.0 497.0
1 767.0 498.0
1 1039.0 499.0
1 847.0 500.0
1 1027.0 500.0
1 640.0 501.0
1 824.0 501.0
1 962.0 503.0
1 635.0 504.0
1 758.0 504.0
1 897.0 504.0
1 1039.0 504.0
1 774.0 505.0
1 601.0 506.0
1 1012.0 507.0
1 665.0 508.0
1 851.0 508.0
1 960.0 508.0
1 1027.0 508.0
1 647.0 509.0
1 769.0 509.0
1 891.0 509.0
1 1039.0 509.0
1 840.0 510.0
1 783.0 511.0
1 656.0 512.0
1 694.0 512.0
1 904.0 513.0
1 1027.0 513.0
1 1039.0 514.0
1 1051.0 514.0
1 952.0 516.0
1 835.0 517.0
1 668.0 518.0
1 773.0 518.0
1 1213.0 518.0
1 642.0 519.0
1 678.0 519.0
1 688.0 519.0
1 751.0 519.0
1 912.0 519.0
1 562.0 520.0
1 1059.0 520.0
1 655.0 521.0
1 694.0 521.0
1 790.0 521.0
1 944.0 521.0
1 1032.0 521.0
1 720.0 522.0
1 859.0 523.0
1 927.0 523.0
1 935.0 523.0
1 1005.0 523.0
1 645.0 524.0
1 978.0 524.0
1 1051.0 524.0
1 779.0 526.0
1 1060.0 526.0
1 720.0 527.0
1 1001.0 528.0
1 798.0 529.0
1 1060.0 531.0
1 623.0 532.0
1 675.0 532.0
1 682.0 532.0
1 687.0 532.0
1 693.0 532.0
1 702.0 533.0
1 1034.0 535.0
1 663.0 536.0
1 772.0 536.0
1 999.0 536.0
1 1060.0 536.0
1 728.0 537.0
1 864.0 537.0
1 563.0 538.0
1 630.0 538.0
1 901.0 538.0
1 715.0 539.0
1 854.0 541.0
1 999.0 541.0
1 1058.0 542.0
1 586.0 543.0
1 936.0 543.0
1 735.0 544.0
1 744.0 544.0
1 807.0 544.0
1 931.0 545.0
1 650.0 546.0
1 704.0 546.0
1 848.0 546.0
1 602.0 547.0
1 1056.0 547.0
1 867.0 548.0
1 950.0 548.0
1 967.0 548.0
1 609.0 549.0
1 709.0 550.0
1 957.0 550.0
1 751.0 551.0
1 999.0 551.0
1 618.0 552.0
1 1055.0 552.0
1 696.0 553.0
1 828.0 553.0
1 812.0 554.0
1 870.0 556.0
1 583.0 557.0
1 684.0 557.0
1 605.0 560.0
1 641.0 560.0
1 1008.0 560.0
1 854.0 562.0
1 564.0 563.0
1 615.0 563.0
1 759.0 563.0
1 1032.0 564.0
1 804.0 565.0
1 1016.0 565.0
1 1024.0 565.0
1 718.0 566.0
1 647.0 567.0
1 604.0 568.0
1 659.0 568.0
1 693.0 568.0
1 826.0 568.0
1 760.0 572.0
1 580.0 573.0
1 659.0 573.0
1 693.0 573.0
1 594.0 576.0
1 602.0 576.0
1 612.0 577.0
1 774.0 578.0
1 660.0 580.0
1 565.0 581.0
1 693.0 582.0
1 766.0 583.0
1 755.0 586.0
1 651.0 587.0
1 579.0 590.0
1 696.0 590.0
1 661.0 593.0
1 1025.0 594.0
1 700.0 596.0
1 613.0 597.0
1 569.0 599.0
1 605.0 600.0
1 580.0 604.0
1 665.0 606.0
1 708.0 606.0
1 581.0 609.0
1 774.0 609.0
1 567.0 611.0
1 642.0 611.0
1 667.0 611.0
1 720.0 613.0
1 581.0 614.0
1 690.0 614.0
1 745.0 615.0
1 607.0 616.0
1 669.0 616.0
1 731.0 616.0
1 705.0 617.0
1 583.0 619.0
1 724.0 619.0
1 617.0 620.0
1 752.0 620.0
1 763.0 622.0
1 609.0 624.0
1 724.0 624.0
1 741.0 624.0
1 865.0 625.0
1 603.0 627.0
1 721.0 630.0
1 780.0 630.0
1 622.0 631.0
1 330.0 633.0
1 568.0 633.0
1 587.0 633.0
1 710.0 634.0
1 760.0 634.0
1 614.0 635.0
1 733.0 637.0
1 609.0 638.0
1 695.0 639.0
1 858.0 639.0
1 790.0 640.0
1 674.0 641.0
1 725.0 643.0
1 853.0 643.0
1 684.0 644.0
1 1050.0 644.0
1 710.0 645.0
1 772.0 646.0
1 666.0 648.0
1 851.0 648.0
1 751.0 649.0
1 1049.0 650.0
1 635.0 651.0
1 778.0 652.0
1 743.0 653.0
1 847.0 653.0
1 599.0 656.0
1 687.0 656.0
1 719.0 656.0
1 883.0 656.0
1 834.0 657.0
1 568.0 658.0
1 628.0 658.0
1 774.0 660.0
1 621.0 661.0
1 720.0 662.0
1 633.0 663.0
1 1022.0 663.0
1 638.0 664.0
1 715.0 664.0
1 237.0 665.0
1 764.0 665.0
1 649.0 666.0
1 709.0 666.0
1 312.0 668.0
1 650.0 671.0
1 760.0 671.0
1 769.0 671.0
1 875.0 671.0
1 642.0 672.0
1 1048.0 672.0
1 570.0 674.0
1 611.0 674.0
1 543.0 675.0
1 656.0 675.0
1 651.0 676.0
1 756.0 676.0
1 766.0 676.0
1 783.0 676.0
1 990.0 678.0
1 1033.0 678.0
1 661.0 680.0
1 651.0 681.0
1 749.0 682.0
1 667.0 683.0
1 760.0 684.0
1 656.0 686.0
1 677.0 686.0
1 569.0 687.0
1 798.0 687.0
1 1039.0 688.0
1 662.0 689.0
1 689.0 690.0
1 754.0 690.0
1 732.0 691.0
1 1048.0 691.0
1 703.0 692.0
1 668.0 693.0
1 719.0 693.0
1 724.0 693.0
1 986.0 693.0
1 792.0 694.0
1 1032.0 694.0
1 685.0 696.0
1 78.0 698.0
1 324.0 700.0
1 359.0 700.0
1 401.0 700.0
1 734.0 700.0
1 678.0 701.0
1 727.0 702.0
1 393.0 703.0
1 195.0 704.0
1 259.0 704.0
1 689.0 704.0
1 718.0 706.0
1 762.0 706.0
1 702.0 707.0
1 1201.0 707.0
1 743.0 710.0
1 655.0 711.0
1 1043.0 712.0
1 343.0 714.0
1 1166.0 716.0
1 119.0 726.0
1 234.0 728.0
1 1043.0 728.0
1 65.0 729.0
1 630.0 729.0
1 394.0 731.0
1 260.0 733.0
1 20.0 734.0
1 251.0 735.0
1 1443.0 736.0
1 573.0 739.0
1 1105.0 745.0
1 122.0 746.0
1 1039.0 750.0
1 321.0 757.0
1 704.0 760.0
1 599.0 764.0
1 594.0 766.0
1 984.0 776.0
1 615.0 778.0
1 620.0 779.0
1 701.0 782.0
1 1030.0 789.0
1 725.0 792.0
1 774.0 792.0
1 494.0 793.0
1 1450.0 793.0
1 730.0 795.0
1 591.0 804.0
1 694.0 807.0
1 1169.0 807.0
1 591.0 809.0
1 1327.0 812.0
1 694.0 817.0
1 1011.0 824.0
1 92.0 826.0
1 719.0 831.0
1 697.0 832.0
1 796.0 833.0
1 707.0 841.0
1 292.0 843.0
1 946.0 843.0
1 1141.0 846.0
1 666.0 851.0
1 1202.0 851.0
1 752.0 856.0
1 865.0 856.0
1 910.0 856.0
1 882.0 857.0
1 734.0 858.0
1 515.0 864.0
1 914.0 864.0
1 815.0 866.0
1 55.0 868.0
1 775.0 871.0
1 88.0 875.0
1 191.0 888.0
1 844.0 891.0
1 807.0 893.0
1 787.0 895.0
1 775.0 903.0
1 727.0 906.0
1 1353.0 920.0
1 789.0 922.0
1 1223.0 954.0
1 743.0 988.0
