0 2 3 210.80127451646814
0 7 6 299.22266779158343
0 4 7 171.3805430579771
0 5 9 178.1144654962739
0 3 12 148.39432455845363
0 9 13 213.7141252110188
0 8 14 163.73181548207504
0 10 15 134.8277859797784
0 11 16 178.46890817410477
0 12 18 131.4766708125
0 24 20 145.4335897076265
0 18 21 258.64563591404976
0 17 22 404.180858306524
0 44 28 155.23393092276163
0 29 30 126.91773465842911
0 13 32 145.47216455406553
0 16 33 110.49990469612952
0 40 34 153.62965885076568
0 41 37 139.4060880215509
0 14 38 255.65281523809523
0 22 39 155.13447156943354
0 45 40 125.73301282831935
0 20 41 129.9066963380055
0 21 42 133.71279638976114
0 19 43 161.2931124487992
0 56 44 185.8698212318057
0 27 45 243.017268894487
0 86 46 188.77857099938495
0 26 47 117.53839091965443
0 23 50 276.48932459572177
0 25 51 253.64395511359555
0 42 54 197.62280856124391
0 34 55 186.44966162883802
0 90 56 200.18538715602418
0 28 58 122.67397899557795
0 31 59 211.54621179289697
0 93 60 138.6123951776363
0 69 61 124.2649780811459
0 33 62 259.2842967724566
0 83 66 248.06193114547705
0 35 67 112.50595146607914
0 36 69 251.44934845377205
0 91 70 131.91732207745602
0 38 71 144.840429375509
0 103 72 135.1876616195752
0 46 74 165.69399280346045
0 125 75 114.07692644529803
0 78 76 239.49983337153165
0 126 78 121.87001415902566
0 57 79 240.20161958262983
0 48 80 137.51575177287873
0 51 81 239.7418474960253
0 60 82 188.19616794595112
0 61 83 192.93417162076878
0 50 84 154.6959153778042
0 62 87 286.51643063563574
0 84 89 141.84876007162268
0 63 90 304.96052986868796
0 54 91 111.52353600238771
0 49 92 136.4400637584984
0 53 93 288.20126726531316
0 127 94 118.03630141173878
0 65 95 309.12022829313736
0 71 96 217.9179163901921
0 66 97 321.51479678205715
0 58 98 181.56103032096183
0 67 99 216.1749534705413
0 96 100 175.81103151029237
0 89 101 338.08404112533765
0 110 102 261.0565972970246
0 73 104 243.45011252366885
0 74 105 246.3780745280776
0 75 106 216.44789287586357
0 47 109 469.6868323506673
0 104 110 130.43198654601701
0 85 111 270.6442595828483
0 79 112 205.24792754500118
0 77 114 227.0291219253965
0 88 115 132.4840313668114
0 59 117 215.8862268367947
0 100 118 381.62951909658443
0 106 120 118.33294952205797
0 80 121 346.11073461712624
0 82 122 299.1604820100358
0 68 123 177.63135758181372
0 94 124 152.550586230616
0 152 125 146.0406917035993
0 148 127 191.52715855988774
0 95 128 137.24284578624815
0 87 129 123.96989085957533
0 107 131 296.2094000649544
0 101 132 160.50792445653119
0 113 135 139.54682011268238
0 114 136 144.9253959547184
0 111 138 298.2565805555284
0 108 139 254.9700782172233
0 160 140 126.72168418253973
0 115 141 150.7266625987073
0 167 144 109.21144389964914
0 116 145 162.83378579455837
0 92 146 157.3754351524375
0 119 147 197.12022769166927
0 149 149 295.14662715713354
0 120 150 216.1709286120709
0 124 152 110.26300249710248
0 97 154 245.9717062141326
0 99 155 172.96619650818354
0 112 156 281.44614855541994
0 135 157 163.79741906937863
0 121 158 151.93796062704823
0 102 159 212.3371121182977
0 161 160 249.91763862228734
0 122 162 222.55901097359526
0 117 163 165.25426341547018
0 186 165 147.22786582103947
0 184 166 139.51846997185717
0 129 167 189.35719494465576
0 118 169 114.0441871521432
0 130 170 246.86870931204828
0 134 171 221.26024133105767
0 144 172 185.1447348150607
0 123 174 115.8265957968266
0 168 176 293.2891287141954
0 170 177 264.3114988358045
0 142 178 133.97095350364629
0 196 179 160.3486585058148
0 128 180 138.2626060711147
0 210 181 174.82857339657522
0 211 182 207.6202982147446
0 197 183 197.73244105611357
0 175 185 280.0172845065495
0 178 186 413.10806507580946
0 143 187 156.64082442224677
0 133 188 186.31687475873625
0 136 189 113.89311834963074
0 131 190 123.80849418501639
0 215 191 161.39665326313434
0 198 192 126.20904709446847
0 139 194 136.89773665921112
0 138 195 175.56246341405733
0 219 196 125.2009741923794
0 140 197 110.50695739605567
0 147 199 161.03843448506757
0 173 201 236.39938652774748
0 150 202 138.9062357308736
0 146 203 121.83951552404406
0 156 205 113.95481980841681
0 181 206 475.58470766955156
0 158 207 109.99071545295568
0 145 209 338.5596678255212
0 159 213 470.672417883947
0 244 214 195.87220148436924
0 155 216 129.5545818387618
0 164 217 122.3204674787916
0 157 218 142.68718255763716
0 153 219 209.1411467660921
0 151 220 162.41356794597448
0 163 224 127.40500525044325
0 165 226 291.92568858174957
0 183 227 288.0457488432048
0 241 228 213.04725913283758
0 171 231 431.91492798818143
0 162 232 358.00792079926265
0 177 233 422.0432167998055
0 192 237 285.1126772818237
0 169 238 158.41691259355278
0 189 239 226.9100768984928
0 187 240 115.77596049438603
0 256 241 238.9506984841916
0 188 245 115.0946268439034
0 191 246 144.07321164139844
0 225 248 339.68188311364236
0 200 249 256.2931282261076
0 190 250 118.62090147330679
0 269 253 272.84316086773316
0 182 256 274.39837414064544
0 179 257 249.60917333517423
0 206 258 142.771633427892
0 185 260 283.9095965098708
0 213 262 110.02848492392413
0 214 263 143.208690368821
0 218 265 338.7873620229648
0 205 267 113.57683698707962
0 209 268 166.69623581555211
0 194 270 201.22356553444635
0 199 272 465.11259644093786
0 195 274 155.66750176314812
0 222 275 146.01234853274144
0 217 277 193.234517826366
0 223 278 467.04301232044276
0 212 279 216.66793873659566
0 201 281 198.16179749110103
0 224 284 152.98781529792802
0 220 285 214.3346064170651
0 226 286 411.60307298696716
0 228 287 224.12216497861402
0 221 288 207.70743502447993
0 262 289 282.08247052438384
0 233 293 117.6286613964769
0 235 294 342.0888909913334
0 248 295 152.26272455558544
0 237 296 277.471963114913
0 239 297 179.86143868430216
0 229 299 276.48513262653125
0 234 300 238.32643781353897
0 252 301 241.6173246766788
0 245 304 415.5959301254432
0 255 305 175.1857402293205
0 253 307 149.72995496735692
0 246 308 143.8807721693557
0 254 309 127.80903532807426
0 247 311 118.68359327443301
0 243 312 357.46957328990715
0 250 313 286.3844770926094
0 258 314 368.19654160427996
0 259 315 190.01585276061948
0 240 317 236.0448027724531
0 272 318 221.432917954531
0 242 320 173.40650138360627
0 249 321 315.9848573311988
0 264 322 123.69025268921648
0 270 323 412.09523362130136
0 261 324 239.51034705069296
0 271 325 152.2614947009108
0 285 326 263.1696007181738
0 265 327 222.81151792027907
0 266 330 251.41002916345764
0 267 331 199.5790063717665
0 278 335 170.24018300507956
0 274 337 188.1488708633743
0 275 339 359.04154241421884
0 276 340 171.05039207931776
0 282 343 175.6085878684781
0 283 344 122.9662745311884
0 281 345 208.81828630688327
0 291 348 392.29175449684675
0 294 349 180.4849223285816
0 286 351 216.79783626217275
0 292 352 152.07058333640757
0 289 353 123.03899545970904
0 277 354 294.7112250998614
0 288 355 127.88932429462632
0 297 356 244.1329575467755
0 293 359 214.49267580291166
0 300 360 217.94660747096333
0 280 361 245.54584877061444
0 308 362 279.30386194173036
0 304 363 110.34389138307318
0 295 364 197.51757615371818
0 320 365 130.33779093145924
0 310 366 176.4110441123927
0 306 367 142.9334921822512
0 301 368 216.68033520508362
0 315 370 133.2545851790594
0 305 372 126.61985784675656
0 287 373 214.70777300726635
0 302 374 244.2608075498723
0 298 375 165.56779043810704
0 321 376 231.8252427452774
0 316 377 147.81516197344666
0 317 378 168.0053177800151
0 323 379 121.90762301216
0 325 380 187.34612009695374
0 319 381 114.65860305698577
0 307 382 173.94339328429763
0 299 383 240.8553420078136
0 313 385 152.75725248444724
0 311 386 151.24265375560054
0 339 388 188.54925036988422
0 330 389 160.72237825055794
0 318 392 187.9145937655093
0 312 393 162.54635955873061
0 328 395 176.35157599643873
0 334 396 125.83197323999322
0 314 397 194.5686845751361
0 335 398 156.38886475655406
0 336 399 138.74571092554032
0 333 400 149.7104478200621
0 343 401 143.77755515315536
0 326 402 141.2534374145961
0 348 403 105.72005762258141
0 346 404 111.0530041744457
0 342 405 230.95071398739117
0 331 406 406.5444403728059
0 327 407 241.92121936991558
0 350 408 190.86727165022126
0 344 411 117.49738073227442
0 341 412 294.65447084149054
0 347 414 248.39857382529843
0 352 416 157.54563642143034
0 358 417 104.04330507284736
0 354 418 256.4182799716242
0 382 421 405.12016323401355
0 337 422 251.34554728825736
0 356 423 185.2699017641549
0 351 425 113.58955571801663
0 359 426 106.33600273806769
0 357 428 108.59432389819152
0 366 429 151.42948149721997
0 369 430 261.5405156928914
0 372 431 280.27269478801736
0 360 432 149.91591520535454
0 353 433 240.642981966639
0 364 434 354.74657471609487
0 370 436 141.1283544891353
0 363 437 131.3565408443744
0 371 438 247.89924459451552
0 362 439 118.9785211678623
0 376 441 201.55354128748974
0 374 443 137.77710584096948
0 375 444 173.85292689763514
0 367 445 119.47380928118028
0 398 446 347.27190044103395
0 381 449 131.67951579105664
0 373 450 113.54455312601179
0 396 451 297.9475413428636
0 383 452 157.4097206780437
0 361 453 326.1353161296593
0 395 455 169.15798680691566
0 397 457 142.77456155489767
0 386 458 158.38149917954587
0 385 459 127.6942671591196
0 394 460 182.385110383044
0 387 461 113.24089417104102
0 388 463 115.66565149423384
0 379 464 332.0132265305569
0 406 465 154.88457107533486
0 402 467 164.0160930592865
0 405 468 143.9465823229661
0 399 469 288.85558138603955
0 401 471 173.11363308286164
0 389 472 135.72601318119897
0 391 475 194.1256261387826
0 407 478 231.31530778313527
0 411 479 114.63410517846087
0 412 480 134.54609581961353
0 413 481 109.33347322693817
0 404 482 177.38410814486755
0 417 485 188.3466170792045
0 408 486 156.92940521930174
0 419 487 279.25086431498863
0 420 488 124.32276938093439
0 424 489 201.66005303049016
0 426 490 225.30728055317147
0 422 491 120.20742732907222
0 425 492 167.50314994119444
0 428 493 278.0947777632464
0 429 494 108.27292738617984
0 430 496 108.13563025399655
0 433 498 192.62971481478758
0 431 499 235.3154304034506
0 432 500 309.5119507488093
0 427 501 327.220740577775
0 438 503 104.77131427448782
0 436 504 191.34312660246522
0 439 505 470.4090062103312
0 437 507 132.27345633810103
0 442 509 160.74322833436347
0 446 515 116.90169688185095
0 449 516 419.9498779990849
0 451 517 277.03463317657145
0 452 518 173.65458759662434
0 448 520 417.74649000793363
0 464 521 187.2303764401443
0 447 523 165.02763491206787
0 445 524 176.10645060690706
0 462 525 110.59062490709802
0 458 528 198.61690917616775
0 456 529 122.21354234200004
0 461 530 212.18935439592582
0 463 531 117.78609640685771
0 465 533 128.5434991592335
0 454 534 137.83328245197956
0 472 535 328.2055455400606
0 466 537 132.93567507982218
0 467 538 121.88629637742201
0 473 539 420.2006540614355
0 470 540 117.93907822415855
0 506 541 397.89715118367366
0 468 542 119.34752310661223
0 471 543 150.2812956970586
0 475 544 135.25851522293746
0 481 546 159.02467386238445
0 478 548 113.83322917244098
0 469 549 231.06595410885674
0 484 550 265.29791550820056
0 512 551 279.8357635242273
0 483 552 215.16158520632777
0 479 553 115.35963075492029
0 518 555 179.24697793721086
0 488 558 161.6451306392247
0 491 559 255.3328952790199
0 482 560 214.5710364292217
0 494 561 277.19348391391435
0 498 562 211.2200504506891
0 525 563 137.07162502745155
0 502 564 214.80791986616708
0 500 565 283.0299043384061
0 485 567 279.9123552093276
0 499 569 246.80515596503702
0 520 570 107.13460542412005
0 551 574 130.32350527420056
0 515 575 242.50838061140323
0 547 576 231.01173907864995
0 516 578 194.03557338583727
0 513 580 300.2669203788358
0 508 582 280.76038780815765
0 514 583 328.26407925038495
0 552 585 121.47561613127915
0 554 586 147.92818561278708
0 527 588 306.3702441388979
0 517 589 147.56677163120094
0 522 591 231.73039895734405
0 524 593 250.2556073718025
0 557 594 263.81665945296135
0 533 595 198.5680606729639
0 536 598 192.44057898668154
0 535 599 141.8750058137814
0 540 600 148.4093284814242
0 572 601 125.13913409935967
0 543 602 181.17842102830522
0 538 603 316.46678447799167
0 548 604 285.7463833799494
0 546 605 263.26121478022355
0 574 606 148.14545069871707
0 568 607 323.1819012760098
0 575 608 133.46513412448812
0 539 609 206.71423895560199
0 549 610 130.79839632331587
0 561 611 108.93225879821028
0 571 613 206.7675731687989
0 555 614 165.2265964419176
0 553 615 216.55773412042802
0 566 616 195.44293109598306
0 565 619 110.4411671868949
0 562 620 179.574784544073
0 563 622 189.49159146830092
0 567 623 256.53153101496156
0 577 625 311.17735907359105
0 580 627 199.8263199688324
0 573 630 111.40336956159418
0 585 632 234.2894221230912
0 588 643 313.0361738989929
0 587 646 384.5691137007487
0 595 648 210.7584543490277
0 596 653 410.8418789094844
0 593 654 107.39043701654683
0 598 658 275.69154724692004
0 604 662 103.71722265458641
0 610 665 464.9245453001159
0 608 666 213.4281562777245
0 609 671 276.46825212419867
0 616 676 184.92195119961846
0 613 681 256.09204480156404
0 599 683 214.60541355876353

0 871.0 75.0
0 809.0 306.0
0 855.0 309.0
0 870.0 310.0
0 799.0 312.0
0 782.0 313.0
0 836.0 317.0
0 845.0 317.0
0 863.0 317.0
0 748.0 318.0
0 772.0 318.0
0 800.0 320.0
0 828.0 322.0
0 870.0 324.0
0 847.0 326.0
0 858.0 328.0
0 874.0 331.0
0 730.0 333.0
0 885.0 334.0
0 687.0 336.0
0 629.0 339.0
0 664.0 339.0
0 669.0 339.0
0 674.0 339.0
0 828.0 344.0
0 717.0 345.0
0 693.0 346.0
0 665.0 348.0
0 593.0 349.0
0 629.0 350.0
0 656.0 350.0
0 639.0 351.0
0 848.0 352.0
0 859.0 352.0
0 613.0 354.0
0 604.0 356.0
0 669.0 356.0
0 638.0 358.0
0 1037.0 358.0
0 1024.0 360.0
0 650.0 361.0
0 952.0 361.0
0 972.0 362.0
0 838.0 363.0
0 612.0 364.0
0 698.0 364.0
0 591.0 365.0
0 867.0 365.0
0 664.0 366.0
0 678.0 366.0
0 1043.0 366.0
0 838.0 369.0
0 592.0 370.0
0 669.0 370.0
0 693.0 370.0
0 1033.0 370.0
0 603.0 371.0
0 613.0 371.0
0 847.0 371.0
0 976.0 371.0
0 556.0 374.0
0 637.0 374.0
0 838.0 374.0
0 592.0 375.0
0 853.0 376.0
0 571.0 378.0
0 689.0 379.0
0 826.0 379.0
0 592.0 380.0
0 1049.0 380.0
0 648.0 381.0
0 948.0 381.0
0 612.0 382.0
0 678.0 383.0
0 848.0 384.0
0 554.0 385.0
0 915.0 386.0
0 822.0 387.0
0 570.0 388.0
0 934.0 388.0
0 973.0 388.0
0 1038.0 388.0
0 700.0 390.0
0 705.0 390.0
0 846.0 390.0
0 923.0 390.0
0 944.0 390.0
0 715.0 391.0
0 720.0 391.0
0 695.0 392.0
0 725.0 392.0
0 857.0 392.0
0 988.0 393.0
0 1054.0 393.0
0 648.0 394.0
0 735.0 394.0
0 742.0 394.0
0 755.0 395.0
0 950.0 395.0
0 763.0 396.0
0 899.0 396.0
0 1044.0 396.0
0 678.0 398.0
0 776.0 398.0
0 782.0 398.0
0 787.0 399.0
0 794.0 399.0
0 915.0 399.0
0 922.0 399.0
0 963.0 399.0
0 696.0 400.0
0 799.0 400.0
0 972.0 400.0
0 804.0 401.0
0 809.0 401.0
0 854.0 401.0
0 977.0 401.0
0 1029.0 401.0
0 1056.0 401.0
0 724.0 402.0
0 886.0 402.0
0 983.0 402.0
0 999.0 402.0
0 1015.0 402.0
0 750.0 403.0
0 607.0 404.0
0 612.0 404.0
0 618.0 404.0
0 769.0 404.0
0 819.0 404.0
0 901.0 404.0
0 922.0 404.0
0 934.0 404.0
0 623.0 405.0
0 677.0 405.0
0 699.0 405.0
0 714.0 405.0
0 947.0 405.0
0 972.0 406.0
0 1069.0 406.0
0 601.0 407.0
0 731.0 407.0
0 780.0 407.0
0 959.0 408.0
0 581.0 409.0
0 742.0 409.0
0 1030.0 409.0
0 753.0 410.0
0 626.0 411.0
0 676.0 411.0
0 763.0 411.0
0 768.0 411.0
0 875.0 411.0
0 921.0 411.0
0 981.0 411.0
0 1015.0 411.0
0 1061.0 411.0
0 687.0 412.0
0 783.0 412.0
0 998.0 412.0
0 644.0 413.0
0 649.0 413.0
0 791.0 413.0
0 799.0 413.0
0 811.0 413.0
0 555.0 414.0
0 570.0 414.0
0 896.0 414.0
0 654.0 415.0
0 819.0 415.0
0 922.0 416.0
0 1072.0 417.0
0 693.0 418.0
0 809.0 418.0
0 837.0 418.0
0 1039.0 418.0
0 668.0 419.0
0 683.0 422.0
0 879.0 422.0
0 598.0 423.0
0 1049.0 423.0
0 565.0 424.0
0 572.0 424.0
0 607.0 424.0
0 612.0 424.0
0 646.0 424.0
0 664.0 424.0
0 894.0 424.0
0 969.0 424.0
0 852.0 425.0
0 1008.0 425.0
0 550.0 426.0
0 623.0 426.0
0 695.0 426.0
0 824.0 427.0
0 930.0 427.0
0 580.0 429.0
0 836.0 429.0
0 878.0 429.0
0 946.0 430.0
0 963.0 430.0
0 696.0 431.0
0 819.0 431.0
0 844.0 431.0
0 1005.0 431.0
0 1065.0 431.0
0 675.0 432.0
0 757.0 432.0
0 971.0 432.0
0 976.0 432.0
0 981.0 432.0
0 686.0 433.0
0 550.0 434.0
0 923.0 434.0
0 565.0 435.0
0 631.0 435.0
0 990.0 435.0
0 864.0 436.0
0 883.0 436.0
0 1007.0 437.0
0 1050.0 437.0
0 940.0 438.0
0 697.0 439.0
0 702.0 439.0
0 842.0 439.0
0 872.0 440.0
0 967.0 440.0
0 1069.0 440.0
0 579.0 441.0
0 659.0 441.0
0 548.0 442.0
0 727.0 443.0
0 952.0 443.0
0 703.0 444.0
0 708.0 444.0
0 696.0 445.0
0 771.0 445.0
0 967.0 445.0
0 978.0 445.0
0 739.0 446.0
0 823.0 446.0
0 547.0 447.0
0 552.0 447.0
0 641.0 447.0
0 687.0 447.0
0 839.0 447.0
0 864.0 447.0
0 646.0 448.0
0 651.0 448.0
0 749.0 448.0
0 844.0 448.0
0 679.0 449.0
0 780.0 449.0
0 558.0 452.0
0 767.0 452.0
0 789.0 452.0
0 917.0 452.0
0 922.0 452.0
0 885.0 453.0
0 912.0 453.0
0 932.0 453.0
0 567.0 454.0
0 820.0 454.0
0 870.0 454.0
0 955.0 454.0
0 1070.0 454.0
0 665.0 455.0
0 852.0 455.0
0 907.0 455.0
0 937.0 455.0
0 942.0 456.0
0 680.0 458.0
0 689.0 458.0
0 698.0 458.0
0 969.0 458.0
0 1062.0 458.0
0 707.0 459.0
0 784.0 459.0
0 715.0 460.0
0 807.0 462.0
0 885.0 462.0
0 950.0 462.0
0 724.0 463.0
0 962.0 463.0
0 897.0 465.0
0 687.0 466.0
0 732.0 466.0
0 892.0 466.0
0 955.0 467.0
0 1068.0 467.0
0 710.0 468.0
0 621.0 469.0
0 715.0 469.0
0 818.0 469.0
0 741.0 470.0
0 842.0 470.0
0 887.0 471.0
0 804.0 472.0
0 960.0 472.0
0 974.0 472.0
0 724.0 473.0
0 853.0 473.0
0 575.0 474.0
0 706.0 474.0
0 750.0 474.0
0 1060.0 474.0
0 1065.0 474.0
0 831.0 475.0
0 810.0 476.0
0 873.0 476.0
0 621.0 477.0
0 826.0 477.0
0 631.0 479.0
0 737.0 479.0
0 759.0 479.0
0 892.0 479.0
0 721.0 480.0
0 961.0 480.0
0 1060.0 480.0
0 559.0 481.0
0 693.0 481.0
0 726.0 482.0
0 999.0 483.0
0 767.0 484.0
0 809.0 484.0
0 839.0 484.0
0 972.0 484.0
0 1049.0 484.0
0 962.0 485.0
0 621.0 486.0
0 750.0 486.0
0 891.0 486.0
0 609.0 487.0
0 668.0 487.0
0 963.0 490.0
0 1030.0 490.0
0 775.0 491.0
0 1020.0 491.0
0 757.0 492.0
0 743.0 493.0
0 817.0 493.0
0 1036.0 494.0
0 612.0 495.0
0 893.0 495.0
0 1015.0 495.0
0 963.0 496.0
0 672.0 497.0
0 750.0 497.0
0 783.0 497.0
0 1052.0 497.0
0 767.0 498.0
0 1039.0 499.0
0 847.0 500.0
0 1027.0 500.0
0 640.0 501.0
0 824.0 501.0
0 962.0 503.0
0 635.0 504.0
0 758.0 504.0
0 897.0 504.0
0 1039.0 504.0
0 774.0 505.0
0 601.0 506.0
0 1012.0 507.0
0 665.0 508.0
0 851.0 508.0
0 960.0 508.0
0 1027.0 508.0
0 647.0 509.0
0 769.0 509.0
0 891.0 509.0
0 1039.0 509.0
0 840.0 510.0
0 783.0 511.0
0 656.0 512.0
0 694.0 512.0
0 904.0 513.0
0 1027.0 513.0
0 1039.0 514.0
0 1051.0 514.0
0 952.0 516.0
0 835.0 517.0
0 668.0 518.0
0 773.0 518.0
0 1213.0 518.0
0 642.0 519.0
0 678.0 519.0
0 688.0 519.0
0 751.0 519.0
0 912.0 519.0
0 562.0 520.0
0 1059.0 520.0
0 655.0 521.0
0 694.0 521.0
0 790.0 521.0
0 944.0 521.0
0 1032.0 521.0
0 720.0 522.0
0 859.0 523.0
0 927.0 523.0
0 935.0 523.0
0 1005.0 523.0
0 645.0 524.0
0 978.0 524.0
0 1051.0 524.0
0 779.0 526.0
0 1060.0 526.0
0 720.0 527.0
0 1001.0 528.0
0 798.0 529.0
0 1060.0 531.0
0 623.0 532.0
0 675.0 532.0
0 682.0 532.0
0 687.0 532.0
0 693.0 532.0
0 702.0 533.0
0 1034.0 535.0
0 663.0 536.0
0 772.0 536.0
0 999.0 536.0
0 1060.0 536.0
0 728.0 537.0
0 864.0 537.0
0 563.0 538.0
0 630.0 538.0
0 901.0 538.0
0 715.0 539.0
0 854.0 541.0
0 999.0 541.0
0 1058.0 542.0
0 586.0 543.0
0 936.0 543.0
0 735.0 544.0
0 744.0 544.0
0 807.0 544.0
0 931.0 545.0
0 650.0 546.0
0 704.0 546.0
0 848.0 546.0
0 602.0 547.0
0 1056.0 547.0
0 867.0 548.0
0 950.0 548.0
0 967.0 548.0
0 609.0 549.0
0 709.0 550.0
0 957.0 550.0
0 751.0 551.0
0 999.0 551.0
0 618.0 552.0
0 1055.0 552.0
0 696.0 553.0
0 828.0 553.0
0 812.0 554.0
0 870.0 556.0
0 583.0 557.0
0 684.0 557.0
0 605.0 560.0
0 641.0 560.0
0 1008.0 560.0
0 854.0 562.0
0 564.0 563.0
0 615.0 563.0
0 759.0 563.0
0 1032.0 564.0
0 804.0 565.0
0 1016.0 565.0
0 1024.0 565.0
0 718.0 566.0
0 647.0 567.0
0 604.0 568.0
0 659.0 568.0
0 693.0 568.0
0 826.0 568.0
0 760.0 572.0
0 580.0 573.0
0 659.0 573.0
0 693.0 573.0
0 594.0 576.0
0 602.0 576.0
0 612.0 577.0
0 774.0 578.0
0 660.0 580.0
0 565.0 581.0
0 693.0 582.0
0 766.0 583.0
0 755.0 586.0
0 651.0 587.0
0 579.0 590.0
0 696.0 590.0
0 661.0 593.0
0 1025.0 594.0
0 700.0 596.0
0 613.0 597.0
0 569.0 599.0
0 605.0 600.0
0 580.0 604.0
0 665.0 606.0
0 708.0 606.0
0 581.0 609.0
0 774.0 609.0
0 567.0 611.0
0 642.0 611.0
0 667.0 611.0
0 720.0 613.0
0 581.0 614.0
0 690.0 614.0
0 745.0 615.0
0 607.0 616.0
0 669.0 616.0
0 731.0 616.0
0 705.0 617.0
0 583.0 619.0
0 724.0 619.0
0 617.0 620.0
0 752.0 620.0
0 763.0 622.0
0 609.0 624.0
0 724.0 624.0
0 741.0 624.0
0 865.0 625.0
0 603.0 627.0
0 721.0 630.0
0 780.0 630.0
0 622.0 631.0
0 330.0 633.0
0 568.0 633.0
0 587.0 633.0
0 710.0 634.0
0 760.0 634.0
0 614.0 635.0
0 733.0 637.0
0 609.0 638.0
0 695.0 639.0
0 858.0 639.0
0 790.0 640.0
0 674.0 641.0
0 725.0 643.0
0 853.0 643.0
0 684.0 644.0
0 1050.0 644.0
0 710.0 645.0
0 772.0 646.0
0 666.0 648.0
0 851.0 648.0
0 751.0 649.0
0 1049.0 650.0
0 635.0 651.0
0 778.0 652.0
0 743.0 653.0
0 847.0 653.0
0 599.0 656.0
0 687.0 656.0
0 719.0 656.0
0 883.0 656.0
0 834.0 657.0
0 568.0 658.0
0 628.0 658.0
0 774.0 660.0
0 621.0 661.0
0 720.0 662.0
0 633.0 663.0
0 1022.0 663.0
0 638.0 664.0
0 715.0 664.0
0 237.0 665.0
0 764.0 665.0
0 649.0 666.0
0 709.0 666.0
0 312.0 668.0
0 650.0 671.0
0 760.0 671.0
0 769.0 671.0
0 875.0 671.0
0 642.0 672.0
0 1048.0 672.0
0 570.0 674.0
0 611.0 674.0
0 543.0 675.0
0 656.0 675.0
0 651.0 676.0
0 756.0 676.0
0 766.0 676.0
0 783.0 676.0
0 990.0 678.0
0 1033.0 678.0
0 661.0 680.0
0 651.0 681.0
0 749.0 682.0
0 667.0 683.0
0 760.0 684.0
0 656.0 686.0
0 677.0 686.0
0 569.0 687.0
0 798.0 687.0
0 1039.0 688.0
0 662.0 689.0
0 689.0 690.0
0 754.0 690.0
0 732.0 691.0
0 1048.0 691.0
0 703.0 692.0
0 668.0 693.0
0 719.0 693.0
0 724.0 693.0
0 986.0 693.0
0 792.0 694.0
0 1032.0 694.0
0 685.0 696.0
0 78.0 698.0
0 324.0 700.0
0 359.0 700.0
0 401.0 700.0
0 734.0 700.0
0 678.0 701.0
0 727.0 702.0
0 393.0 703.0
0 195.0 704.0
0 259.0 704.0
0 689.0 704.0
0 718.0 706.0
0 762.0 706.0
0 702.0 707.0
0 1201.0 707.0
0 743.0 710.0
0 655.0 711.0
0 1043.0 712.0
0 343.0 714.0
0 1166.0 716.0
0 119.0 726.0
0 234.0 728.0
0 1043.0 728.0
0 65.0 729.0
0 630.0 729.0
0 394.0 731.0
0 260.0 733.0
0 20.0 734.0
0 251.0 735.0
0 1443.0 736.0
0 573.0 739.0
0 1105.0 745.0
0 122.0 746.0
0 1039.0 750.0
0 321.0 757.0
0 704.0 760.0
0 599.0 764.0
0 594.0 766.0
0 984.0 776.0
0 615.0 778.0
0 620.0 779.0
0 701.0 782.0
0 1030.0 789.0
0 725.0 792.0
0 774.0 792.0
0 494.0 793.0
0 1450.0 793.0
0 730.0 795.0
0 591.0 804.0
0 694.0 807.0
0 1169.0 807.0
0 591.0 809.0
0 1327.0 812.0
0 694.0 817.0
0 1011.0 824.0
0 92.0 826.0
0 719.0 831.0
0 697.0 832.0
0 796.0 833.0
0 707.0 841.0
0 292.0 843.0
0 946.0 843.0
0 1141.0 846.0
0 666.0 851.0
0 1202.0 851.0
0 752.0 856.0
0 865.0 856.0
0 910.0 856.0
0 882.0 857.0
0 734.0 858.0
0 515.0 864.0
0 914.0 864.0
0 815.0 866.0
0 55.0 868.0
0 775.0 871.0
0 88.0 875.0
0 191.0 888.0
0 844.0 891.0
0 807.0 893.0
0 787.0 895.0
0 775.0 903.0
0 727.0 906.0
0 1353.0 920.0
0 789.0 922.0
0 1223.0 954.0
0 743.0 988.0
1 1050.0 94.0
1 895.0 191.0
1 870.0 363.0
1 811.0 364.0
1 838.0 364.0
1 738.0 367.0
1 828.0 368.0
1 833.0 368.0
1 840.0 372.0
1 874.0 373.0
1 855.0 377.0
1 871.0 380.0
1 887.0 388.0
1 835.0 393.0
1 1031.0 393.0
1 828.0 394.0
1 849.0 396.0
1 699.0 398.0
1 672.0 401.0
1 819.0 401.0
1 944.0 401.0
1 968.0 401.0
1 1017.0 401.0
1 1037.0 401.0
1 636.0 403.0
1 818.0 407.0
1 858.0 408.0
1 686.0 409.0
1 830.0 409.0
1 660.0 410.0
1 960.0 410.0
1 965.0 410.0
1 983.0 410.0
1 818.0 412.0
1 1034.0 412.0
1 804.0 413.0
1 1045.0 416.0
1 818.0 417.0
1 938.0 417.0
1 1033.0 417.0
1 620.0 418.0
1 645.0 418.0
1 678.0 418.0
1 854.0 418.0
1 608.0 419.0
1 656.0 420.0
1 830.0 420.0
1 954.0 422.0
1 964.0 423.0
1 976.0 423.0
1 827.0 425.0
1 1033.0 425.0
1 944.0 426.0
1 1051.0 429.0
1 841.0 430.0
1 1030.0 430.0
1 621.0 431.0
1 926.0 431.0
1 943.0 431.0
1 1017.0 432.0
1 687.0 433.0
1 692.0 433.0
1 704.0 433.0
1 709.0 433.0
1 714.0 433.0
1 719.0 433.0
1 737.0 433.0
1 743.0 433.0
1 1002.0 433.0
1 645.0 434.0
1 699.0 434.0
1 726.0 434.0
1 732.0 434.0
1 760.0 434.0
1 765.0 434.0
1 774.0 434.0
1 785.0 434.0
1 790.0 434.0
1 915.0 434.0
1 957.0 434.0
1 977.0 434.0
1 982.0 434.0
1 988.0 434.0
1 672.0 435.0
1 682.0 435.0
1 779.0 435.0
1 606.0 436.0
1 795.0 436.0
1 836.0 436.0
1 1033.0 437.0
1 613.0 440.0
1 651.0 440.0
1 1018.0 441.0
1 576.0 442.0
1 733.0 442.0
1 750.0 442.0
1 900.0 442.0
1 967.0 442.0
1 984.0 442.0
1 1002.0 442.0
1 1052.0 442.0
1 925.0 443.0
1 977.0 443.0
1 620.0 444.0
1 682.0 444.0
1 839.0 444.0
1 876.0 444.0
1 916.0 444.0
1 1070.0 444.0
1 651.0 445.0
1 667.0 445.0
1 957.0 446.0
1 1056.0 447.0
1 688.0 448.0
1 699.0 448.0
1 715.0 448.0
1 724.0 448.0
1 777.0 448.0
1 795.0 448.0
1 733.0 449.0
1 744.0 449.0
1 763.0 449.0
1 772.0 449.0
1 814.0 449.0
1 859.0 451.0
1 570.0 452.0
1 582.0 453.0
1 651.0 453.0
1 1037.0 453.0
1 888.0 454.0
1 916.0 454.0
1 994.0 455.0
1 667.0 456.0
1 953.0 456.0
1 1073.0 456.0
1 677.0 457.0
1 830.0 457.0
1 958.0 457.0
1 913.0 459.0
1 800.0 460.0
1 813.0 460.0
1 1038.0 460.0
1 867.0 461.0
1 878.0 461.0
1 681.0 462.0
1 958.0 462.0
1 821.0 463.0
1 926.0 463.0
1 627.0 465.0
1 664.0 465.0
1 797.0 465.0
1 1039.0 465.0
1 614.0 466.0
1 993.0 466.0
1 949.0 467.0
1 977.0 467.0
1 1061.0 467.0
1 864.0 469.0
1 740.0 470.0
1 891.0 470.0
1 609.0 471.0
1 650.0 471.0
1 932.0 471.0
1 821.0 472.0
1 843.0 472.0
1 945.0 472.0
1 991.0 472.0
1 592.0 473.0
1 658.0 473.0
1 964.0 473.0
1 672.0 474.0
1 711.0 474.0
1 974.0 474.0
1 684.0 475.0
1 782.0 475.0
1 643.0 476.0
1 698.0 477.0
1 703.0 477.0
1 658.0 478.0
1 897.0 478.0
1 992.0 478.0
1 665.0 479.0
1 892.0 479.0
1 1074.0 479.0
1 582.0 480.0
1 907.0 480.0
1 570.0 481.0
1 802.0 481.0
1 814.0 481.0
1 727.0 482.0
1 822.0 482.0
1 847.0 482.0
1 953.0 483.0
1 1060.0 483.0
1 919.0 484.0
1 948.0 485.0
1 609.0 486.0
1 615.0 486.0
1 629.0 487.0
1 675.0 487.0
1 744.0 487.0
1 926.0 487.0
1 1073.0 487.0
1 659.0 488.0
1 687.0 488.0
1 831.0 488.0
1 866.0 488.0
1 645.0 489.0
1 692.0 489.0
1 880.0 489.0
1 577.0 490.0
1 582.0 490.0
1 788.0 491.0
1 801.0 491.0
1 851.0 491.0
1 565.0 492.0
1 699.0 492.0
1 759.0 492.0
1 1074.0 492.0
1 590.0 493.0
1 668.0 493.0
1 931.0 493.0
1 1060.0 493.0
1 708.0 495.0
1 874.0 495.0
1 632.0 496.0
1 715.0 498.0
1 824.0 498.0
1 869.0 498.0
1 952.0 498.0
1 959.0 498.0
1 661.0 499.0
1 843.0 499.0
1 793.0 501.0
1 701.0 503.0
1 723.0 503.0
1 767.0 503.0
1 870.0 503.0
1 959.0 503.0
1 779.0 504.0
1 936.0 504.0
1 592.0 506.0
1 657.0 506.0
1 607.0 507.0
1 582.0 508.0
1 731.0 508.0
1 786.0 508.0
1 802.0 508.0
1 822.0 508.0
1 691.0 509.0
1 713.0 509.0
1 773.0 509.0
1 835.0 509.0
1 812.0 511.0
1 854.0 511.0
1 1060.0 511.0
1 560.0 513.0
1 720.0 513.0
1 740.0 513.0
1 870.0 513.0
1 940.0 513.0
1 782.0 515.0
1 1074.0 515.0
1 1051.0 516.0
1 991.0 517.0
1 1041.0 517.0
1 728.0 518.0
1 870.0 518.0
1 979.0 518.0
1 574.0 519.0
1 749.0 519.0
1 819.0 519.0
1 1065.0 519.0
1 624.0 520.0
1 1015.0 520.0
1 720.0 524.0
1 791.0 524.0
1 606.0 525.0
1 1023.0 525.0
1 669.0 527.0
1 735.0 527.0
1 940.0 527.0
1 873.0 528.0
1 1006.0 529.0
1 1061.0 530.0
1 963.0 531.0
1 1030.0 531.0
1 744.0 532.0
1 796.0 532.0
1 1016.0 532.0
1 751.0 533.0
1 763.0 533.0
1 824.0 533.0
1 875.0 533.0
1 1050.0 533.0
1 630.0 534.0
1 843.0 535.0
1 936.0 536.0
1 656.0 537.0
1 731.0 537.0
1 1035.0 537.0
1 615.0 539.0
1 623.0 540.0
1 824.0 540.0
1 1003.0 541.0
1 817.0 542.0
1 1016.0 542.0
1 633.0 543.0
1 575.0 544.0
1 880.0 544.0
1 931.0 544.0
1 644.0 545.0
1 658.0 545.0
1 610.0 547.0
1 680.0 547.0
1 875.0 547.0
1 1018.0 547.0
1 1030.0 547.0
1 622.0 548.0
1 808.0 548.0
1 835.0 548.0
1 887.0 548.0
1 953.0 548.0
1 1045.0 549.0
1 570.0 550.0
1 925.0 551.0
1 614.0 552.0
1 680.0 552.0
1 920.0 552.0
1 1007.0 552.0
1 895.0 553.0
1 1073.0 553.0
1 567.0 555.0
1 911.0 555.0
1 1024.0 555.0
1 840.0 556.0
1 904.0 556.0
1 687.0 557.0
1 708.0 557.0
1 727.0 557.0
1 732.0 558.0
1 647.0 560.0
1 749.0 560.0
1 992.0 560.0
1 595.0 562.0
1 878.0 562.0
1 1050.0 562.0
1 667.0 563.0
1 964.0 563.0
1 695.0 565.0
1 991.0 565.0
1 601.0 568.0
1 681.0 569.0
1 700.0 571.0
1 641.0 572.0
1 663.0 572.0
1 843.0 573.0
1 830.0 575.0
1 1033.0 575.0
1 886.0 577.0
1 921.0 577.0
1 789.0 579.0
1 823.0 579.0
1 622.0 580.0
1 709.0 580.0
1 953.0 580.0
1 989.0 580.0
1 582.0 581.0
1 759.0 581.0
1 1048.0 581.0
1 917.0 582.0
1 689.0 583.0
1 556.0 584.0
1 590.0 584.0
1 935.0 585.0
1 952.0 585.0
1 1048.0 586.0
1 646.0 587.0
1 867.0 587.0
1 715.0 588.0
1 848.0 588.0
1 991.0 589.0
1 1072.0 590.0
1 673.0 591.0
1 951.0 591.0
1 615.0 592.0
1 578.0 594.0
1 828.0 594.0
1 587.0 596.0
1 637.0 596.0
1 679.0 596.0
1 719.0 596.0
1 942.0 598.0
1 947.0 598.0
1 999.0 598.0
1 850.0 599.0
1 1040.0 599.0
1 662.0 600.0
1 688.0 600.0
1 700.0 601.0
1 1004.0 601.0
1 578.0 602.0
1 1009.0 603.0
1 1032.0 603.0
1 731.0 604.0
1 1016.0 605.0
1 1024.0 605.0
1 675.0 607.0
1 723.0 607.0
1 652.0 608.0
1 665.0 610.0
1 568.0 611.0
1 576.0 611.0
1 586.0 612.0
1 704.0 613.0
1 1072.0 613.0
1 1034.0 614.0
1 674.0 616.0
1 689.0 616.0
1 713.0 618.0
1 623.0 622.0
1 740.0 624.0
1 635.0 625.0
1 660.0 625.0
1 553.0 626.0
1 1025.0 628.0
1 676.0 629.0
1 740.0 629.0
1 677.0 634.0
1 586.0 635.0
1 580.0 636.0
1 680.0 639.0
1 554.0 641.0
1 637.0 641.0
1 1047.0 645.0
1 555.0 646.0
1 639.0 646.0
1 650.0 648.0
1 617.0 650.0
1 692.0 651.0
1 898.0 651.0
1 833.0 653.0
1 582.0 654.0
1 840.0 654.0
1 702.0 656.0
1 740.0 657.0
1 591.0 658.0
1 684.0 659.0
1 709.0 659.0
1 715.0 659.0
1 721.0 660.0
1 728.0 661.0
1 582.0 662.0
1 740.0 662.0
1 659.0 664.0
1 693.0 664.0
1 673.0 665.0
1 831.0 665.0
1 559.0 666.0
1 1031.0 666.0
1 706.0 667.0
1 727.0 668.0
1 596.0 671.0
1 587.0 674.0
1 848.0 675.0
1 581.0 676.0
1 639.0 676.0
1 691.0 678.0
1 676.0 679.0
1 745.0 679.0
1 653.0 680.0
1 732.0 680.0
1 845.0 682.0
1 843.0 687.0
1 894.0 687.0
1 639.0 688.0
1 701.0 688.0
1 586.0 689.0
1 607.0 690.0
1 651.0 690.0
1 1071.0 691.0
1 715.0 692.0
1 589.0 694.0
1 572.0 696.0
1 709.0 696.0
1 727.0 696.0
1 862.0 696.0
1 1072.0 696.0
1 600.0 698.0
1 703.0 698.0
1 770.0 699.0
1 734.0 700.0
1 835.0 700.0
1 1063.0 700.0
1 696.0 701.0
1 861.0 701.0
1 595.0 702.0
1 668.0 702.0
1 604.0 703.0
1 673.0 703.0
1 678.0 703.0
1 724.0 703.0
1 609.0 704.0
1 769.0 704.0
1 860.0 706.0
1 1058.0 707.0
1 1071.0 708.0
1 614.0 709.0
1 719.0 709.0
1 729.0 709.0
1 767.0 709.0
1 622.0 710.0
1 827.0 710.0
1 628.0 714.0
1 725.0 714.0
1 614.0 715.0
1 585.0 716.0
1 713.0 716.0
1 886.0 716.0
1 1071.0 716.0
1 311.0 718.0
1 893.0 718.0
1 725.0 719.0
1 987.0 719.0
1 636.0 720.0
1 1039.0 720.0
1 1060.0 720.0
1 618.0 721.0
1 809.0 721.0
1 1072.0 721.0
1 623.0 722.0
1 641.0 723.0
1 734.0 724.0
1 760.0 724.0
1 632.0 725.0
1 718.0 725.0
1 646.0 726.0
1 1072.0 726.0
1 626.0 729.0
1 638.0 729.0
1 699.0 729.0
1 863.0 729.0
1 585.0 730.0
1 666.0 731.0
1 729.0 731.0
1 684.0 732.0
1 689.0 732.0
1 1066.0 732.0
1 671.0 733.0
1 97.0 734.0
1 584.0 736.0
1 884.0 736.0
1 993.0 736.0
1 636.0 737.0
1 1040.0 737.0
1 700.0 738.0
1 692.0 740.0
1 584.0 741.0
1 1071.0 741.0
1 1436.0 741.0
1 1456.0 741.0
1 311.0 742.0
1 647.0 742.0
1 722.0 742.0
1 1282.0 742.0
1 248.0 743.0
1 682.0 743.0
1 662.0 746.0
1 745.0 746.0
1 584.0 748.0
1 992.0 749.0
1 395.0 751.0
1 1071.0 752.0
1 113.0 755.0
1 990.0 755.0
1 1039.0 756.0
1 738.0 762.0
1 720.0 763.0
1 655.0 766.0
1 992.0 766.0
1 1069.0 771.0
1 585.0 775.0
1 360.0 781.0
1 993.0 781.0
1 1006.0 783.0
1 1067.0 786.0
1 586.0 792.0
1 585.0 799.0
1 1066.0 802.0
1 251.0 807.0
1 585.0 814.0
1 1068.0 816.0
1 1064.0 826.0
1 729.0 830.0
1 935.0 834.0
1 980.0 836.0
1 694.0 843.0
1 1065.0 846.0
1 573.0 850.0
1 23.0 857.0
1 527.0 863.0
1 1064.0 864.0
1 359.0 865.0
1 364.0 866.0
1 1360.0 867.0
1 288.0 868.0
1 889.0 870.0
1 543.0 875.0
1 680.0 878.0
1 902.0 879.0
1 114.0 880.0
1 367.0 880.0
1 729.0 891.0
1 859.0 896.0
1 1064.0 901.0
1 733.0 907.0
1 814.0 910.0
1 744.0 916.0
1 735.0 917.0
1 734.0 922.0
1 691.0 926.0
1 717.0 926.0
1 736.0 931.0
1 847.0 945.0
1 842.0 954.0
1 751.0 959.0
