0 8 0 113.81379998131733
0 4 1 290.8028478448332
0 2 2 347.6274684117782
0 3 3 368.6290743238225
0 6 4 194.12776003956327
0 5 6 332.271676575901
0 9 8 322.1080343004066
0 11 9 164.75361025436365
0 10 10 464.73751511842147
0 14 11 128.47817618322344
0 13 12 466.88003025483897
0 16 13 105.71441533630073
0 15 14 279.46905062119305
0 17 15 109.75239205716132
0 18 16 121.52787481218184
0 19 17 124.53197009311607
0 20 18 154.09965288758383
0 22 19 168.37985975183034
0 24 20 125.96080572434451
0 25 21 137.93617839242006
0 26 22 135.64449101428465
0 31 24 125.7087350298986
0 30 25 166.31807433966318
0 28 26 164.7875606588589
0 35 27 133.26836680078856
0 36 28 109.97115563926754
0 33 29 126.64364761619066
0 43 30 104.8287393377011
0 38 31 129.1110552409202
0 37 33 277.9754857176752
0 40 37 172.56434076888834
0 42 38 272.9425897374452
0 45 39 111.8177965892712
0 47 40 139.38934014698629
0 46 41 209.83450403019765
0 49 42 143.1921652182626
0 53 44 125.37739777356163
0 52 45 112.10335854050616
0 50 46 302.8344174817522
0 61 47 203.99162838959822
0 58 48 111.67882390539089
0 55 49 371.1816974845059
0 60 50 104.69885690190104
0 57 51 116.14360833476287
0 67 52 224.75959593361443
0 62 53 103.90136971913239
0 64 56 227.74582253606644
0 85 59 252.38441305245516
0 69 60 190.99053563406972
0 65 61 139.53105958657187
0 66 62 145.15003373265156
0 95 63 183.15342091950416
0 71 65 255.37185755252887
0 72 66 141.63923885739794
0 70 69 124.64300161624462
0 74 70 123.35098937218854
0 78 73 104.10241505558304
0 82 75 119.45529882486463
0 79 76 119.74221603538678
0 77 77 110.97704047748948
0 80 78 195.64696073000786
0 81 79 112.50397483891761
0 102 80 116.67882794402826
0 88 82 105.13264671618079
0 76 84 192.6771232597467
0 83 85 122.88345009686552
0 99 89 161.81509894735217
0 89 90 141.63437224498438
0 92 92 111.46315010060255
0 100 93 154.1165547819564
0 90 95 161.88918785784003
0 93 96 196.53504404204955
0 112 98 229.10561063226433
0 96 99 118.08015693331404
0 114 100 105.0828779873653
0 107 102 205.92317619123247
0 105 103 111.19060695690199
0 101 104 108.48139384090705
0 120 105 116.14167066157395
0 118 106 239.0731088038675
0 103 107 142.1426227005378
0 108 110 128.33631100543323
0 106 111 144.39839224698116
0 128 113 270.96422420309085
0 129 114 271.1656165067378
0 113 115 103.84045033879082
0 110 116 144.1544437267031
0 136 117 202.44120900383
0 126 118 105.69147934919532
0 132 120 221.55669936931042
0 125 121 154.18035956635597
0 115 125 154.5821447897403
0 116 126 123.46214995928679
0 139 128 115.85239005920984
0 117 130 167.50314994119444
0 144 131 115.10846175922738
0 137 132 228.46283138565275
0 133 135 236.69693447768063
0 123 136 130.18885171915824
0 122 137 113.47034682711521
0 119 138 128.84118533593158
0 153 140 174.48527143618136
0 130 142 114.89750168094585
0 127 143 105.89023495312317
0 134 147 108.51502428960183
0 163 148 240.39525359818072
0 164 149 123.48080526377537
0 161 150 119.17776992756725
0 142 151 103.63852592912717
0 154 152 119.96761909923977
0 155 153 133.81287447202737
0 143 156 208.11083455562914
0 145 157 106.69749154418797
0 135 158 169.16144914957562
0 138 159 139.96973382232426
0 171 160 200.60315283785778
0 151 161 116.7256839117246
0 174 163 133.29499605570433
0 168 165 110.164564448461
0 178 168 104.48744018222445
0 156 169 234.65860284329497
0 183 170 105.3921953237676
0 179 171 186.80624009654073
0 175 172 103.03068563990463
0 180 173 106.49331062791715
0 176 174 112.24574845514385
0 158 175 127.45829834232654
0 190 176 207.64238394695158
0 184 177 103.49550854892615
0 162 179 104.76572700527431
0 157 180 109.5601260346432
0 152 181 223.3097237507804
0 192 183 124.13717376953211
0 159 184 139.4506412012034
0 149 185 126.9916587908176
0 187 186 126.23318611710152
0 160 187 125.0021495294654
0 166 190 116.58639540381583
0 167 191 253.43624733681617
0 197 192 197.1156420768157
0 165 194 110.21905434753616
0 198 198 199.26710272783495
0 172 199 123.79745824813466
0 193 202 209.54973429106042
0 177 203 107.26828028852921
0 170 204 107.51002690952159
0 206 205 128.84333245682802
0 173 206 135.8464508719421
0 205 208 113.77668210931671
0 188 210 123.00374248566564
0 182 211 144.3623100563399
0 208 212 108.73235916822924
0 204 213 118.45229597654283
0 189 215 121.61494624604497
0 186 216 110.13473327873385
0 222 217 193.6820990034453
0 216 218 105.74239952805095
0 211 219 207.74854836688488
0 195 220 289.6945141005612
0 215 221 199.92132898485912
0 223 222 103.29992112068595
0 217 223 123.35146096848142
0 196 225 104.92320323282132
0 194 226 107.5892576295718
0 229 227 368.9628334714058
0 233 228 197.35960086749117
0 228 229 120.57690169576647
0 224 231 108.72572139951538
0 207 232 134.01094375335083
0 200 234 339.09183091668416
0 237 235 141.49181066704807
0 235 236 103.56595773943556
0 238 237 110.0666341660357
0 231 238 110.54174641587315
0 203 239 110.71038767735408
0 202 240 222.40497453219433
0 212 241 142.13272417914473
0 214 242 114.72735013663574
0 239 243 103.04419603683257
0 226 244 254.34666517489882
0 244 245 226.26117029612226
0 241 246 102.93890249534505
0 213 247 299.3354204054491
0 246 248 127.21214499798914
0 245 249 103.37649268416007
0 240 251 104.11894764821244
0 221 253 326.6059639424027
0 247 255 104.43976912117404
0 253 258 171.23121897769022
0 256 259 107.99392584632722
0 254 260 103.14025036870459
0 227 261 219.65859547045898
0 230 262 252.00896717984836
0 259 263 103.2569240701796
0 232 264 194.33706511603663
0 258 265 106.02887446904089
0 257 266 105.98611364152657
0 251 268 111.27271545504863
0 249 269 120.82991807337207
0 243 270 110.02917043847998
0 268 271 107.66079783728881
0 260 272 119.25558801232701
0 252 273 125.99246608246426
0 277 274 111.7527145495272
0 269 275 108.81114411009625
0 271 276 190.2397611516518
0 236 278 358.9052855861604
0 284 279 117.49283861060363
0 272 280 104.65677672755692
0 283 281 104.0183087722383
0 281 283 112.45157429171735
0 278 284 107.13496117373502
0 294 285 248.13505105397618
0 285 287 187.49196489317666
0 262 289 112.04372006273353
0 273 290 151.61582596892535
0 263 291 107.70207922616247
0 264 292 132.77843105194586
0 267 293 162.55489560364285
0 274 294 120.9471720627092
0 266 295 132.32884489534862
0 265 296 107.1898433101065
0 299 301 138.59521919150222
0 293 302 103.03677911801725
0 315 303 117.1900265216119
0 276 304 111.2479388695241
0 303 305 115.55661105896348
0 280 306 134.2454792254655
0 310 307 114.49672115149036
0 287 308 122.40868770193399
0 289 309 185.6001493897687
0 286 311 131.89719211262272
0 307 312 103.73152300238702
0 304 313 425.93506738151683
0 312 314 128.71260740521043
0 311 315 102.94489668765546
0 290 316 184.8885503478421
0 291 317 123.37558067108922
0 319 318 105.24439947918587
0 321 321 180.76414940448907
0 300 322 202.8621366572131
0 333 324 120.6414357188683
0 322 325 105.55298305234888
0 336 326 104.57122516418632
0 316 327 190.11334924824212
0 298 328 114.37541444959356
0 295 329 146.10440866140578
0 309 330 263.49455368622597
0 308 331 161.6451306392247
0 324 333 104.15723374067349
0 305 334 106.63086461410349
0 297 335 154.58318452923913
0 337 336 166.50708908922678
0 342 337 192.28539429172906
0 317 338 113.20925932798683
0 301 339 116.302161561913
0 302 340 172.13106949914064
0 348 341 185.78113277748466
0 296 342 214.58350973114796
0 352 344 162.42410277982026
0 345 345 257.9015398185428
0 370 347 160.4796133157816
0 318 348 120.32224172145295
0 313 349 179.43201093454886
0 359 350 379.81266333041634
0 314 351 136.43264098135904
0 362 352 103.6469261671728
0 344 353 116.36035165522325
0 349 354 116.95767562770614
0 354 355 116.43778126593867
0 327 356 192.6089491690897
0 326 357 356.5540157927784
0 355 358 123.95027247357511
0 367 359 103.00052626163429
0 372 360 104.05135159892625
0 338 361 153.29275487481954
0 365 363 195.16431013381444
0 320 364 361.2244915535231
0 385 365 116.1465431081445
0 339 366 115.19175469175325
0 334 367 107.20717249371714
0 361 368 104.23424663193894
0 335 370 192.5388125338548
0 340 371 162.56203066110842
0 382 373 103.15225469037905
0 376 374 109.07967186666873
0 350 375 131.80477275301956
0 346 376 110.2807162547292
0 377 378 107.75540550790859
0 341 379 218.0363104993587
0 389 380 119.92277921626393
0 356 381 143.6231115092363
0 360 382 254.7790347663286
0 371 383 232.1996268273271
0 395 385 109.72680228873939
0 398 386 163.80904584924627
0 368 387 113.97830031105343
0 357 388 142.90445541514202
0 393 390 113.12551241111213
0 404 391 114.0534905819556
0 390 392 223.69765991153406
0 406 393 195.60293709587532
0 410 394 103.42476621692647
0 400 395 105.37511033876245
0 403 396 119.07149137163312
0 399 397 103.05712124016348
0 373 398 108.22203363722238
0 379 400 282.7868192058608
0 415 402 122.09332374181345
0 397 403 204.96509548126625
0 369 404 174.99754618568778
0 375 406 187.31217247726622
0 451 407 268.69561784502224
0 386 408 122.54722265784754
0 434 409 153.0336289281919
0 411 410 218.95940611174302
0 417 411 105.90856377476317
0 374 412 115.00460745971823
0 416 414 119.08296015545532
0 425 415 214.84193275855498
0 387 416 113.63224657006323
0 388 417 281.4431977118461
0 383 418 166.70393783673597
0 380 419 107.80248079377381
0 418 420 172.7187738679458
0 394 421 176.60638210636267
0 391 422 149.82644307565965
0 384 423 110.35641169272203
0 405 424 107.53304914601513
0 430 425 252.63750718943
0 401 427 291.58124522549895
0 456 429 106.26256376970159
0 440 430 108.37679783210436
0 431 431 104.98375766929422
0 426 432 106.4604620630423
0 472 433 360.06472797510463
0 428 435 105.13495257582957
0 408 437 115.51000484010775
0 409 438 161.45670043416735
0 452 439 104.47538333976294
0 423 440 121.06371909133746
0 447 441 103.7179215485442
0 448 442 105.19417533863191
0 412 443 128.6154252809732
0 454 444 188.344650668785
0 422 445 121.95518311941598
0 460 447 106.10529884064836
0 471 448 120.7900577462206
0 474 449 137.6052161523167
0 465 450 118.43721923409231
0 459 451 107.02023139215027
0 421 454 125.95270164203363
0 442 455 333.5508533251025
0 441 456 106.99226964179192
0 435 457 228.5255835503472
0 427 458 125.53382991024786
0 483 459 106.74232250285223
0 478 460 105.43502148485062
0 443 461 106.06973845361327
0 477 462 112.06082051617045
0 436 463 118.59743112661442
0 438 464 153.1302721424965
0 437 466 111.4508142341391
0 481 467 103.44834262498408
0 493 468 110.0502668145092
0 491 469 106.90899655311021
0 488 470 111.08139326862177
0 463 473 147.78492826308744
0 446 474 106.49615652023003
0 444 475 133.83737289322727
0 455 476 112.84917666631667
0 466 478 114.68676465330651
0 449 479 187.08936103399304
0 499 480 107.77765365088005
0 458 481 208.54892921628218
0 484 482 114.70130938435649
0 467 484 223.6317477548472
0 521 485 149.21257738129384
0 506 486 103.66971354604682
0 500 487 129.86544852581352
0 489 488 105.91902113068944
0 479 490 170.0564259357392
0 470 491 114.61137155330054
0 469 492 119.01183356944574
0 492 493 132.665027135607
0 480 494 113.54152553396044
0 468 495 112.878347342865
0 522 496 107.294472049181
0 507 497 106.53790248068759
0 476 498 108.16770762587673
0 518 499 118.19659552817248
0 473 501 212.42442123890197
0 530 502 168.98150997241962
0 514 503 163.05282427530528
0 517 504 135.1037491955242
0 523 505 164.41584079240025
0 531 506 117.92097393303169
0 526 507 106.82975064231061
0 457 508 329.21651520455623
0 540 509 104.4125805302077
0 519 510 104.65278142515331
0 494 511 119.43547620091725
0 501 514 134.79873210316177
0 482 515 111.9636606286795
0 533 516 123.82810427052738
0 536 517 160.60759953172914
0 509 519 131.23358134703352
0 487 520 169.7723670974318
0 546 522 142.01959128985936
0 545 523 177.19887431526038
0 490 524 105.50105090949702
0 547 525 107.41922628932146
0 539 526 105.51856167542475
0 511 527 140.41869626137208
0 496 528 134.48619472135056
0 548 529 111.29060011507686
0 524 530 205.52626640134108
0 541 531 116.71076742272038
0 525 532 207.87855399819705
0 503 533 105.95478832176899
0 567 534 204.39140431728492
0 549 538 141.86526448732903
0 537 539 135.53135207686987
0 515 540 108.50896744540053
0 510 541 108.2665202567491
0 551 542 103.92782916286242
0 559 544 121.4402862702366
0 520 545 104.17864174707387
0 563 546 110.40220577832322
0 513 547 200.5782825665321
0 528 548 214.5618298945736
0 564 549 109.24290374669621
0 569 550 212.09163373307064
0 556 551 143.1730536028847
0 574 552 103.31726230823324
0 570 553 105.48072739709835
0 571 554 150.77663300530529
0 560 555 156.2617768794598
0 538 556 109.85674804246727
0 596 557 130.44741167816255
0 553 558 214.65494696707995
0 575 559 114.31767325612772
0 534 560 104.71343577729361
0 554 561 103.70872767836998
0 529 562 203.08417177961638
0 579 563 138.49758022408466
0 580 564 188.0033299368336
0 557 565 155.42622014079987
0 601 566 115.24207805917173
0 587 568 108.71690752624042
0 588 569 124.6455018946957
0 594 570 165.16311136242996
0 555 572 115.83040222740577
0 593 573 121.96722303030232
0 597 574 117.11863251987297
0 562 575 155.79737149064601
0 582 576 110.19482433192826
0 565 577 165.68561477884413
0 602 579 196.49232282042084
0 558 581 120.28213781272004
0 618 582 119.48589180858089
0 608 583 196.47658326034505
0 583 584 136.07393982798146
0 617 586 168.21840979751084
0 566 587 180.6328193451738
0 607 588 127.6385722648917
0 611 589 110.62526968559803
0 614 591 111.15111507440676
0 610 592 111.26613286757392
0 581 593 106.84080574646737
0 619 595 106.04343736606081
0 572 596 269.61919210100024
0 576 598 126.07605887271103
0 622 599 107.34753959945174
0 589 600 123.73118354429633
0 599 601 155.99422186319623
0 584 602 149.0798699537687
0 631 603 133.32595865986926
0 632 604 253.72209160978144
0 605 605 123.9042916106863
0 603 606 106.11086212874483
0 590 607 124.46114884388453
0 639 608 116.70014063378831
0 595 610 106.16912041563438
0 591 611 149.089249432336
0 612 612 147.18237588966682
0 600 613 146.2215077851906
0 592 614 122.44628128125754
0 644 615 127.65670444349485
0 657 616 120.3237863730566
0 642 618 103.07171504530316
0 615 619 130.65122141004625
0 598 620 111.31750805394394
0 651 621 179.90321359599128
0 646 622 262.1963368469253
0 665 623 181.63542967967206
0 652 624 125.30447954199364
0 613 626 123.92969907416982
0 658 628 146.1679647542581
0 621 629 118.18831071579477
0 616 630 110.86390862240762
0 629 632 111.95512083483533
0 623 634 105.97322651885055
0 680 635 128.77141813291905
0 671 636 131.8343113060159
0 640 637 125.02194394883175
0 633 638 106.8978319777845
0 636 639 115.98952823766284
0 625 640 112.93046233245083
0 634 641 111.94268330837114
0 626 642 112.75763228016493
0 687 643 128.7349477696729
0 670 644 152.1941317884245
0 641 645 135.82105755453517
0 627 646 120.93569010125611
0 624 647 112.23563386326975
0 684 648 103.28780610092659
0 690 651 108.05722856646737
0 637 652 192.86151440953662
0 659 653 170.76368359098873
0 638 654 105.07105184181664
0 635 655 217.0015982918442
0 701 656 104.03443404278856
0 689 657 103.98295388235321
0 695 659 111.12631899950112
0 654 661 216.2151685031252
0 699 662 109.91564310666075
0 696 663 174.42622391788672
0 663 664 140.09099242464603
0 649 665 120.38778187022238
0 704 666 108.27674966637095
0 700 667 102.92683411637373
0 662 669 166.28444631570267
0 650 670 118.00264473882167
0 666 672 143.05662460803185
0 661 673 133.11575319798607
0 667 674 104.8743864564822
0 664 675 106.35203216801695
0 705 677 102.99428532420008
0 681 678 103.75987242963072
0 691 679 108.05362358510313
0 672 680 105.46589432034779
0 673 681 106.41397083215199
0 676 682 115.11894281591431
0 677 684 144.9057688457558
0 685 685 103.77367745314703
0 719 686 180.51745015417544
0 683 687 103.48603490068935
0 723 688 106.48671360983852
0 716 689 115.57408415589055
0 686 690 108.28609337759386
0 694 691 104.48455097132576
0 692 693 103.1557429992326
0 698 694 103.38630305951608
0 732 696 104.08519030804837
0 702 697 105.76241731054496
0 720 698 102.9473476227673
0 736 699 103.09024658510657
0 706 700 112.9571196675628
0 709 701 149.57945417976782
0 713 702 108.21310580128171
0 710 703 102.93271954474348
0 708 704 106.47356256829433
0 739 705 110.45164443573677
0 711 706 160.20040022370665
0 747 707 111.13087540552445
0 721 708 103.91881045619009
0 735 709 202.96972938484038
0 715 710 115.61983375960578
0 756 711 102.9247693240653
0 714 712 139.7052845173031
0 712 713 106.26753103488812
0 737 714 250.1312885360031
0 730 716 283.1322150680191
0 754 717 111.04315483725142
0 759 719 103.73825130117886
0 741 720 180.282600648072
0 738 722 130.7076116862958
0 734 723 108.0725837485714
0 731 724 116.31619155034099
0 753 725 226.00366555794685
0 742 726 130.2705106830227
0 726 727 123.2084334965761
0 725 728 105.6448256237385
0 764 729 106.7105690060958
0 743 731 106.75336631147148
0 777 732 117.09512353980205
0 770 733 102.915248356748
0 748 734 109.54033284240936
0 787 736 104.69106922482243
0 746 737 117.90129265293328
0 744 738 103.13858279440424
0 794 739 103.12505397599222
0 750 740 107.9126961058214
0 792 741 117.31123619083006
0 757 742 163.23469260278193
0 766 743 142.19847522344037
0 812 744 148.44089519227393
0 771 745 107.52489617607375
0 751 746 121.72459701964678
0 779 747 121.36601818390682
0 773 748 103.04134811749131
0 761 749 124.87912701704325
0 755 750 104.01404608624058
0 752 751 110.33199790610621
0 760 752 131.89926601365957
0 762 753 103.64188714144875
0 824 754 141.77492107708005
0 811 755 104.3962533820074
0 782 756 130.20523999302145
0 783 757 221.5334560464373
0 780 758 129.90756139460558
0 823 759 119.89464385774934
0 767 760 157.17991551910816
0 768 761 105.79408927829144
0 834 762 154.36294431679428
0 853 763 192.16129016370667
0 815 764 104.79000389811048
0 813 765 102.92368960327683
0 781 766 104.41870209043837
0 832 768 167.68375712324462
0 835 769 193.69354766460103
0 816 771 123.57628721125269
0 795 772 220.98209649207786
0 788 773 116.82201420089535
0 774 774 120.85146856378772
0 833 776 104.48579383300736
0 786 777 272.67487405791286
0 775 779 149.42461087934677
0 776 780 110.63060213937588
0 837 781 169.23825407119335
0 806 782 127.7713758790214
0 796 783 115.27263375510559
0 789 784 105.20536290240909
0 791 785 103.39838384558027
0 852 786 162.5440445867
0 805 787 198.58282082454426
0 790 788 104.19503678546084
0 838 790 106.87617022707884
0 861 792 103.79426023955212
0 831 793 107.21627084537826
0 817 794 108.14455228106522
0 802 795 105.09450271433738
0 793 796 115.82449277126258
0 867 797 189.61814198539403
0 856 798 104.8541856855786
0 848 799 104.26352597838628
0 797 801 117.9434725030113
0 825 802 115.5221818393646
0 803 803 157.79734781221595
0 798 804 114.26589686711013
0 809 805 104.84118580184789
0 859 807 147.8083251040006
0 827 809 108.64549813096144
0 828 810 105.88331817398088
0 881 811 104.87683834503392
0 871 812 103.12294319183435
0 849 814 109.3576680398394
0 882 815 105.85696918180312
0 887 816 106.81075481387079
0 862 817 128.29654480907712
0 820 818 123.25926901148911
0 822 819 105.41108726646439
0 814 820 174.19166276712306
0 876 821 103.17547223987027
0 841 822 108.12825675222525
0 872 823 136.20948110352208
0 840 824 118.30282722276813
0 829 825 111.71904138212594
0 877 826 103.2541724100304
0 844 827 105.98940119633751
0 842 829 107.3624326553702
0 830 830 117.51821974762593
0 901 832 103.06198327231621
0 845 833 107.80993463114852
0 888 834 129.4760958501273
0 864 836 172.79439451778038
0 920 837 105.543766411382
0 851 839 112.40112770840052
0 906 840 122.85022921447309
0 884 841 174.22621326687963
0 890 842 151.76612993028905
0 885 843 104.89654284152992
0 854 844 121.54607338862786
0 855 845 151.57982688843518
0 891 846 172.5623528656687
0 879 847 177.743706346641
0 869 848 122.80588772610592
0 865 849 104.25367799096297
0 858 850 113.80240502078051
0 933 851 113.85890811819104
0 930 852 109.35334140648733
0 907 853 103.43945796128307
0 874 854 107.11535058070241
0 878 855 173.80667563608208
0 902 857 155.66741510148407
0 868 858 103.20617858529818
0 947 859 113.86493554195572
0 934 860 104.02401654640742
0 935 862 142.8999518164976
0 936 863 184.44738397455743
0 949 865 116.54382034991315
0 897 869 107.0347811030699
0 880 870 106.182888541174
0 894 871 110.09592994164538
0 937 872 105.7849638859058
0 929 873 125.21458871115865
0 903 874 105.3004145683636
0 961 875 129.21680007806668
0 911 876 121.70097721500073
0 898 877 110.78120244754832
0 892 878 105.20881991864466
0 957 880 114.02412792068802
0 925 882 105.16779240369469
0 912 883 104.70160115812446
0 915 884 108.99668791285366
0 964 885 107.32752841132994
0 895 887 107.09808524979539
0 965 888 110.63249889530485
0 931 889 170.51080219842987
0 904 890 112.81754026902908
0 973 891 109.20962399292247
0 969 892 129.9490674684672
0 950 893 139.79384735011703
0 939 894 131.97268262783751
0 908 895 121.80065764393649
0 966 896 114.65854820514218
0 914 897 201.26810348912608
0 922 898 112.8974052571009
0 899 899 106.06756575636574
0 913 900 161.9155920767866
0 909 901 105.4853565424537
0 967 902 117.3690858691035
0 958 903 111.09733310898278
0 951 904 132.03954036318945
0 938 905 105.45095936698812
0 917 906 104.52561358555059
0 941 907 138.99695481534528
0 953 908 103.87051203225053
0 916 909 147.87839065041942
0 980 910 106.6093583345592
0 979 911 121.11377907231086
0 942 913 109.00646084157206
0 943 914 108.62845345103757
0 927 915 108.55342342303871
0 983 917 126.86074843475271
0 959 918 163.54072366983897
0 952 919 111.52928904101402
0 926 920 150.69598426465672
0 928 921 103.53405940977768
0 992 922 107.61019480100067
0 981 923 117.63685143414915
0 956 924 105.56692395585765
0 982 925 121.98008122982142
0 994 926 110.35946780543911
0 960 927 111.17210614655816
0 963 928 107.6500697210823
0 944 929 108.02951536730174
0 971 930 107.91840889261455
0 945 931 108.61478217989529
0 999 932 103.07977664963765
0 1001 933 106.20476765086333
0 975 934 129.25636213627035
0 972 935 107.79250701056684
0 1000 936 110.43347592674031
0 940 937 105.30995892857771
0 974 938 177.71030680028434
0 976 939 105.76014384757724
0 1003 940 215.1923703569881
0 977 941 144.01702670173665
0 1012 943 118.19800281270567
0 995 944 177.9341576792178
0 1017 946 107.0319200074769
0 996 947 105.69440906013132
0 997 948 119.4557581142111
0 1020 949 107.12970042510347
0 1021 950 121.67852262112919
0 1019 951 105.19592983458487
0 993 952 195.35740734703003
0 989 953 110.18541608365867
0 998 954 113.60412347120219
0 1002 955 139.00616799305087
0 1009 956 146.25747994030868
0 1024 957 135.62224279617664
0 1006 958 164.2165112550044
0 1007 960 168.31404707455653
0 1027 961 106.19605525693771
0 1014 962 169.59338949106666
0 1011 964 155.01084563023704
0 1029 965 128.8539701711162
0 1031 967 105.69763192976178
0 1034 968 108.01385253224744
0 1022 969 104.26386939572603
0 1038 971 103.25835397458303
0 1042 972 104.72237069369359
0 1041 973 119.108686324139
0 1023 974 103.04675296964241
0 1025 975 103.88591606978082
0 1048 976 213.43182170625968
0 1045 977 116.9698335775722
0 1026 978 114.22591712317525
0 1028 979 103.21725207676134
0 1049 980 148.25470921570053
0 1033 981 121.63848857006616
0 1032 982 195.67475372146967
0 1035 983 117.59636599173984
0 1036 984 130.24336727675393
0 1055 985 103.11851906577066
0 1050 986 103.39784218871006
0 1039 987 107.97909337474377
0 1054 990 130.7400938009327
0 1043 991 108.65098620693585
0 1058 992 129.5949316420062
0 1061 993 106.59243179970208
0 1062 994 118.42750458735671
0 1063 995 115.91842769735572
0 1044 996 115.9420834697618
0 1046 997 116.69624435880353
0 1066 998 124.64829862129329
0 1047 1000 125.28446458289555
0 1052 1001 146.21522530859974
0 1053 1002 113.48225108225107
0 1072 1003 110.06248952412379
0 1070 1004 111.98571471290589
0 1069 1005 118.49195032117494
0 1056 1006 141.72922977993773
0 1075 1007 108.64072817684725
0 1060 1009 151.7206877723038
0 1064 1010 162.3567348726493
0 1065 1011 167.6095619639388
0 1059 1012 201.33471786921322
0 1073 1013 102.96767340304424
0 1076 1015 168.9367083050299
0 1077 1017 117.17906675342245
0 1078 1019 103.05825440717788
0 1074 1020 106.04339044740672
0 1079 1021 123.14787669721603
0 1080 1022 102.9414099913915
0 1081 1023 103.00042508539158

0 441.0 85.0
0 886.0 85.0
0 891.0 85.0
0 896.0 86.0
0 879.0 88.0
0 901.0 88.0
0 905.0 93.0
0 871.0 97.0
0 907.0 98.0
0 868.0 102.0
0 908.0 105.0
0 866.0 110.0
0 907.0 110.0
0 878.0 115.0
0 906.0 115.0
0 869.0 121.0
0 899.0 125.0
0 877.0 127.0
0 869.0 130.0
0 893.0 132.0
0 864.0 135.0
0 887.0 138.0
0 903.0 138.0
0 756.0 150.0
0 851.0 151.0
0 834.0 152.0
0 914.0 154.0
0 793.0 158.0
0 779.0 160.0
0 988.0 160.0
0 369.0 164.0
0 801.0 164.0
0 949.0 164.0
0 938.0 166.0
0 960.0 166.0
0 752.0 167.0
0 1000.0 169.0
0 747.0 173.0
0 736.0 174.0
0 781.0 178.0
0 997.0 180.0
0 1007.0 180.0
0 735.0 182.0
0 1017.0 185.0
0 747.0 188.0
0 767.0 192.0
0 971.0 192.0
0 735.0 194.0
0 890.0 197.0
0 1009.0 197.0
0 755.0 199.0
0 904.0 199.0
0 737.0 203.0
0 780.0 205.0
0 835.0 205.0
0 840.0 205.0
0 949.0 208.0
0 1023.0 208.0
0 995.0 209.0
0 421.0 210.0
0 742.0 210.0
0 832.0 210.0
0 930.0 210.0
0 408.0 211.0
0 810.0 211.0
0 815.0 211.0
0 820.0 211.0
0 948.0 213.0
0 1011.0 213.0
0 854.0 214.0
0 882.0 214.0
0 963.0 214.0
0 395.0 215.0
0 770.0 215.0
0 439.0 216.0
0 800.0 217.0
0 874.0 217.0
0 894.0 217.0
0 980.0 217.0
0 836.0 218.0
0 411.0 219.0
0 448.0 219.0
0 784.0 219.0
0 853.0 219.0
0 915.0 220.0
0 949.0 220.0
0 1085.0 220.0
0 1013.0 221.0
0 453.0 223.0
0 759.0 223.0
0 930.0 223.0
0 999.0 223.0
0 820.0 224.0
0 879.0 224.0
0 910.0 224.0
0 990.0 224.0
0 855.0 225.0
0 401.0 226.0
0 739.0 226.0
0 809.0 226.0
0 418.0 227.0
0 459.0 228.0
0 383.0 229.0
0 782.0 229.0
0 963.0 230.0
0 406.0 231.0
0 743.0 231.0
0 795.0 231.0
0 940.0 231.0
0 1008.0 231.0
0 748.0 232.0
0 896.0 232.0
0 933.0 233.0
0 194.0 234.0
0 199.0 234.0
0 766.0 234.0
0 905.0 234.0
0 180.0 235.0
0 390.0 235.0
0 989.0 235.0
0 207.0 236.0
0 378.0 236.0
0 465.0 236.0
0 884.0 236.0
0 980.0 237.0
0 801.0 238.0
0 811.0 238.0
0 1010.0 239.0
0 399.0 240.0
0 806.0 240.0
0 890.0 240.0
0 417.0 241.0
0 222.0 242.0
0 189.0 243.0
0 460.0 243.0
0 741.0 243.0
0 878.0 243.0
0 959.0 243.0
0 997.0 243.0
0 1005.0 243.0
0 155.0 244.0
0 471.0 244.0
0 755.0 244.0
0 777.0 244.0
0 903.0 244.0
0 969.0 246.0
0 207.0 247.0
0 869.0 247.0
0 147.0 248.0
0 173.0 248.0
0 382.0 248.0
0 765.0 248.0
0 374.0 249.0
0 423.0 249.0
0 473.0 249.0
0 888.0 249.0
0 815.0 250.0
0 787.0 251.0
0 912.0 251.0
0 977.0 251.0
0 143.0 253.0
0 745.0 253.0
0 997.0 253.0
0 167.0 254.0
0 235.0 254.0
0 422.0 254.0
0 474.0 254.0
0 1004.0 254.0
0 214.0 255.0
0 455.0 255.0
0 199.0 256.0
0 374.0 256.0
0 396.0 256.0
0 432.0 257.0
0 670.0 257.0
0 804.0 257.0
0 140.0 258.0
0 384.0 258.0
0 675.0 258.0
0 779.0 258.0
0 795.0 258.0
0 888.0 258.0
0 475.0 259.0
0 159.0 260.0
0 874.0 260.0
0 953.0 260.0
0 449.0 261.0
0 921.0 261.0
0 989.0 261.0
0 230.0 262.0
0 864.0 262.0
0 1000.0 262.0
0 137.0 263.0
0 763.0 263.0
0 936.0 263.0
0 965.0 263.0
0 476.0 264.0
0 758.0 264.0
0 374.0 265.0
0 800.0 265.0
0 879.0 265.0
0 973.0 265.0
0 241.0 266.0
0 776.0 266.0
0 852.0 266.0
0 198.0 267.0
0 958.0 267.0
0 898.0 268.0
0 150.0 269.0
0 171.0 269.0
0 784.0 269.0
0 907.0 269.0
0 404.0 270.0
0 435.0 270.0
0 979.0 270.0
0 873.0 271.0
0 921.0 271.0
0 190.0 272.0
0 386.0 272.0
0 475.0 273.0
0 992.0 273.0
0 133.0 274.0
0 223.0 275.0
0 434.0 275.0
0 452.0 275.0
0 947.0 277.0
0 962.0 277.0
0 250.0 278.0
0 132.0 279.0
0 168.0 279.0
0 182.0 279.0
0 397.0 279.0
0 823.0 279.0
0 872.0 279.0
0 984.0 279.0
0 154.0 280.0
0 201.0 280.0
0 373.0 280.0
0 433.0 280.0
0 910.0 280.0
0 790.0 281.0
0 816.0 282.0
0 858.0 283.0
0 614.0 284.0
0 823.0 284.0
0 132.0 285.0
0 564.0 285.0
0 974.0 285.0
0 147.0 286.0
0 212.0 286.0
0 828.0 286.0
0 471.0 287.0
0 782.0 287.0
0 950.0 287.0
0 960.0 287.0
0 186.0 288.0
0 817.0 289.0
0 955.0 289.0
0 133.0 290.0
0 165.0 291.0
0 235.0 291.0
0 890.0 291.0
0 930.0 292.0
0 202.0 294.0
0 829.0 294.0
0 425.0 295.0
0 145.0 296.0
0 478.0 297.0
0 772.0 298.0
0 801.0 299.0
0 851.0 299.0
0 189.0 300.0
0 396.0 300.0
0 790.0 300.0
0 169.0 303.0
0 450.0 303.0
0 136.0 304.0
0 438.0 304.0
0 889.0 304.0
0 247.0 306.0
0 476.0 306.0
0 151.0 307.0
0 264.0 307.0
0 410.0 307.0
0 427.0 307.0
0 138.0 309.0
0 487.0 309.0
0 740.0 309.0
0 784.0 309.0
0 908.0 309.0
0 770.0 310.0
0 833.0 310.0
0 935.0 310.0
0 916.0 312.0
0 795.0 313.0
0 824.0 313.0
0 874.0 313.0
0 921.0 313.0
0 488.0 314.0
0 747.0 314.0
0 168.0 315.0
0 142.0 316.0
0 669.0 316.0
0 234.0 317.0
0 858.0 317.0
0 193.0 318.0
0 821.0 318.0
0 296.0 320.0
0 831.0 320.0
0 772.0 321.0
0 836.0 321.0
0 923.0 321.0
0 443.0 322.0
0 490.0 322.0
0 379.0 323.0
0 646.0 323.0
0 841.0 323.0
0 886.0 323.0
0 253.0 324.0
0 277.0 324.0
0 461.0 324.0
0 196.0 327.0
0 766.0 327.0
0 201.0 328.0
0 305.0 328.0
0 396.0 328.0
0 154.0 329.0
0 372.0 329.0
0 829.0 329.0
0 850.0 329.0
0 876.0 329.0
0 746.0 330.0
0 919.0 330.0
0 483.0 331.0
0 820.0 331.0
0 870.0 331.0
0 201.0 333.0
0 363.0 333.0
0 754.0 333.0
0 899.0 333.0
0 928.0 333.0
0 358.0 334.0
0 795.0 334.0
0 262.0 335.0
0 267.0 335.0
0 558.0 335.0
0 990.0 335.0
0 196.0 336.0
0 829.0 336.0
0 840.0 337.0
0 492.0 338.0
0 851.0 338.0
0 209.0 339.0
0 288.0 339.0
0 448.0 339.0
0 453.0 339.0
0 803.0 339.0
0 911.0 339.0
0 371.0 340.0
0 166.0 342.0
0 323.0 342.0
0 759.0 342.0
0 782.0 342.0
0 348.0 343.0
0 945.0 343.0
0 145.0 344.0
0 772.0 344.0
0 824.0 344.0
0 484.0 345.0
0 767.0 345.0
0 881.0 345.0
0 894.0 345.0
0 919.0 345.0
0 232.0 346.0
0 389.0 347.0
0 754.0 347.0
0 860.0 347.0
0 935.0 347.0
0 397.0 348.0
0 927.0 348.0
0 336.0 349.0
0 741.0 349.0
0 908.0 349.0
0 492.0 350.0
0 748.0 350.0
0 192.0 351.0
0 365.0 352.0
0 780.0 352.0
0 847.0 352.0
0 873.0 352.0
0 404.0 354.0
0 563.0 354.0
0 771.0 354.0
0 789.0 354.0
0 153.0 355.0
0 479.0 355.0
0 385.0 356.0
0 453.0 356.0
0 802.0 356.0
0 820.0 356.0
0 882.0 356.0
0 301.0 358.0
0 323.0 358.0
0 353.0 358.0
0 852.0 358.0
0 863.0 358.0
0 916.0 359.0
0 184.0 360.0
0 752.0 360.0
0 189.0 361.0
0 309.0 361.0
0 395.0 361.0
0 876.0 361.0
0 8.0 362.0
0 379.0 362.0
0 482.0 363.0
0 838.0 363.0
0 893.0 363.0
0 907.0 363.0
0 928.0 363.0
0 737.0 364.0
0 853.0 364.0
0 917.0 364.0
0 936.0 364.0
0 777.0 365.0
0 283.0 366.0
0 867.0 367.0
0 945.0 367.0
0 8.0 368.0
0 143.0 368.0
0 335.0 368.0
0 362.0 368.0
0 804.0 368.0
0 278.0 369.0
0 480.0 369.0
0 817.0 369.0
0 858.0 370.0
0 877.0 371.0
0 900.0 371.0
0 298.0 372.0
0 779.0 372.0
0 394.0 373.0
0 452.0 373.0
0 845.0 373.0
0 476.0 374.0
0 745.0 374.0
0 944.0 374.0
0 465.0 375.0
0 185.0 376.0
0 191.0 376.0
0 311.0 376.0
0 381.0 376.0
0 911.0 376.0
0 949.0 376.0
0 883.0 377.0
0 973.0 377.0
0 771.0 378.0
0 791.0 378.0
0 918.0 378.0
0 155.0 379.0
0 435.0 379.0
0 756.0 379.0
0 232.0 380.0
0 837.0 380.0
0 936.0 380.0
0 747.0 381.0
0 855.0 381.0
0 291.0 383.0
0 469.0 383.0
0 225.0 384.0
0 255.0 384.0
0 323.0 384.0
0 268.0 385.0
0 364.0 385.0
0 865.0 385.0
0 883.0 385.0
0 904.0 385.0
0 944.0 385.0
0 747.0 386.0
0 778.0 386.0
0 194.0 387.0
0 930.0 387.0
0 803.0 388.0
0 151.0 389.0
0 827.0 389.0
0 27.0 390.0
0 280.0 390.0
0 383.0 390.0
0 402.0 390.0
0 442.0 390.0
0 816.0 390.0
0 841.0 390.0
0 882.0 390.0
0 358.0 391.0
0 790.0 391.0
0 852.0 391.0
0 238.0 392.0
0 426.0 392.0
0 757.0 392.0
0 370.0 393.0
0 890.0 393.0
0 938.0 393.0
0 152.0 394.0
0 271.0 394.0
0 350.0 395.0
0 385.0 395.0
0 258.0 396.0
0 441.0 396.0
0 921.0 396.0
0 181.0 397.0
0 454.0 397.0
0 743.0 397.0
0 805.0 397.0
0 223.0 398.0
0 776.0 398.0
0 898.0 398.0
0 273.0 399.0
0 394.0 399.0
0 480.0 399.0
0 793.0 399.0
0 916.0 399.0
0 44.0 400.0
0 157.0 400.0
0 348.0 400.0
0 859.0 400.0
0 170.0 401.0
0 294.0 401.0
0 800.0 401.0
0 867.0 401.0
0 248.0 402.0
0 763.0 402.0
0 359.0 403.0
0 807.0 403.0
0 883.0 403.0
0 340.0 404.0
0 917.0 404.0
0 371.0 405.0
0 936.0 405.0
0 403.0 406.0
0 749.0 406.0
0 840.0 406.0
0 901.0 406.0
0 201.0 407.0
0 775.0 407.0
0 229.0 408.0
0 828.0 408.0
0 308.0 410.0
0 916.0 410.0
0 867.0 411.0
0 351.0 412.0
0 383.0 412.0
0 805.0 412.0
0 261.0 413.0
0 277.0 413.0
0 369.0 413.0
0 395.0 413.0
0 847.0 413.0
0 171.0 414.0
0 734.0 414.0
0 469.0 415.0
0 886.0 415.0
0 764.0 416.0
0 870.0 416.0
0 420.0 417.0
0 427.0 417.0
0 750.0 417.0
0 190.0 418.0
0 432.0 418.0
0 290.0 419.0
0 311.0 419.0
0 338.0 419.0
0 363.0 419.0
0 789.0 419.0
0 237.0 420.0
0 244.0 420.0
0 859.0 420.0
0 447.0 421.0
0 814.0 421.0
0 916.0 421.0
0 332.0 423.0
0 353.0 423.0
0 881.0 423.0
0 211.0 424.0
0 313.0 424.0
0 790.0 424.0
0 839.0 424.0
0 199.0 425.0
0 866.0 425.0
0 378.0 426.0
0 405.0 426.0
0 498.0 426.0
0 297.0 427.0
0 394.0 427.0
0 764.0 427.0
0 826.0 427.0
0 248.0 428.0
0 726.0 428.0
0 882.0 428.0
0 896.0 428.0
0 32.0 429.0
0 751.0 429.0
0 789.0 429.0
0 807.0 429.0
0 27.0 431.0
0 220.0 431.0
0 718.0 432.0
0 740.0 432.0
0 827.0 432.0
0 277.0 433.0
0 939.0 433.0
0 843.0 434.0
0 880.0 434.0
0 787.0 435.0
0 810.0 435.0
0 920.0 435.0
0 13.0 436.0
0 23.0 436.0
0 890.0 436.0
0 349.0 437.0
0 829.0 437.0
0 904.0 437.0
0 141.0 438.0
0 155.0 438.0
0 236.0 438.0
0 267.0 438.0
0 880.0 439.0
0 814.0 441.0
0 34.0 442.0
0 254.0 442.0
0 803.0 442.0
0 896.0 443.0
0 949.0 443.0
0 734.0 444.0
0 772.0 444.0
0 852.0 444.0
0 14.0 445.0
0 129.0 445.0
0 720.0 445.0
0 752.0 446.0
0 766.0 446.0
0 823.0 446.0
0 812.0 447.0
0 884.0 447.0
0 25.0 448.0
0 167.0 448.0
0 838.0 448.0
0 902.0 448.0
0 921.0 448.0
0 374.0 449.0
0 740.0 449.0
0 934.0 449.0
0 92.0 450.0
0 800.0 450.0
0 720.0 451.0
0 860.0 451.0
0 952.0 451.0
0 56.0 453.0
0 404.0 453.0
0 944.0 453.0
0 133.0 454.0
0 828.0 454.0
0 936.0 454.0
0 102.0 455.0
0 170.0 455.0
0 810.0 455.0
0 907.0 455.0
0 71.0 456.0
0 245.0 456.0
0 461.0 456.0
0 721.0 456.0
0 961.0 457.0
0 157.0 458.0
0 802.0 458.0
0 862.0 458.0
0 845.0 459.0
0 877.0 459.0
0 169.0 460.0
0 366.0 461.0
0 783.0 461.0
0 718.0 463.0
0 895.0 463.0
0 909.0 463.0
0 922.0 463.0
0 405.0 464.0
0 942.0 464.0
0 838.0 465.0
0 168.0 466.0
0 827.0 466.0
0 135.0 467.0
0 523.0 467.0
0 955.0 467.0
0 806.0 468.0
0 47.0 469.0
0 872.0 469.0
0 788.0 470.0
0 166.0 471.0
0 209.0 473.0
0 904.0 473.0
0 470.0 474.0
0 241.0 475.0
0 835.0 475.0
0 939.0 475.0
0 713.0 476.0
0 747.0 476.0
0 824.0 476.0
0 80.0 478.0
0 957.0 478.0
0 136.0 479.0
0 720.0 479.0
0 153.0 480.0
0 932.0 481.0
0 23.0 482.0
0 833.0 482.0
0 903.0 482.0
0 536.0 483.0
0 337.0 484.0
0 542.0 484.0
0 111.0 485.0
0 177.0 485.0
0 231.0 486.0
0 530.0 487.0
0 839.0 487.0
0 554.0 488.0
0 735.0 488.0
0 750.0 489.0
0 493.0 490.0
0 601.0 490.0
0 845.0 491.0
0 952.0 491.0
0 83.0 492.0
0 449.0 492.0
0 723.0 492.0
0 107.0 494.0
0 290.0 495.0
0 731.0 495.0
0 787.0 496.0
0 69.0 497.0
0 832.0 497.0
0 864.0 498.0
0 28.0 499.0
0 923.0 500.0
0 86.0 501.0
0 715.0 501.0
0 720.0 501.0
0 232.0 502.0
0 516.0 502.0
0 955.0 502.0
0 503.0 503.0
0 545.0 503.0
0 746.0 503.0
0 849.0 503.0
0 948.0 503.0
0 904.0 504.0
0 806.0 505.0
0 161.0 507.0
0 171.0 507.0
0 525.0 507.0
0 714.0 507.0
0 746.0 508.0
0 32.0 509.0
0 725.0 509.0
0 795.0 509.0
0 63.0 511.0
0 227.0 511.0
0 319.0 511.0
0 357.0 511.0
0 760.0 511.0
0 924.0 511.0
0 49.0 512.0
0 159.0 512.0
0 525.0 512.0
0 335.0 513.0
0 715.0 513.0
0 752.0 513.0
0 896.0 513.0
0 949.0 513.0
0 189.0 514.0
0 491.0 514.0
0 537.0 514.0
0 911.0 514.0
0 941.0 514.0
0 57.0 515.0
0 546.0 516.0
0 731.0 516.0
0 787.0 516.0
0 847.0 516.0
0 161.0 517.0
0 525.0 517.0
0 834.0 517.0
0 179.0 518.0
0 319.0 518.0
0 716.0 518.0
0 35.0 520.0
0 471.0 520.0
0 509.0 520.0
0 801.0 521.0
0 931.0 522.0
0 180.0 523.0
0 296.0 523.0
0 371.0 523.0
0 944.0 523.0
0 895.0 524.0
0 794.0 525.0
0 869.0 525.0
0 921.0 525.0
0 850.0 526.0
0 227.0 527.0
0 403.0 527.0
0 419.0 527.0
0 736.0 527.0
0 762.0 527.0
0 13.0 528.0
0 279.0 528.0
0 398.0 528.0
0 507.0 528.0
0 49.0 529.0
0 61.0 529.0
0 391.0 529.0
0 861.0 529.0
0 903.0 530.0
0 938.0 530.0
0 360.0 531.0
0 753.0 531.0
0 327.0 532.0
0 489.0 532.0
0 890.0 532.0
0 346.0 533.0
0 739.0 533.0
0 184.0 534.0
0 799.0 534.0
0 920.0 534.0
0 928.0 535.0
0 31.0 536.0
0 815.0 536.0
0 331.0 537.0
0 259.0 538.0
0 608.0 539.0
0 171.0 540.0
0 613.0 541.0
0 903.0 541.0
0 12.0 542.0
0 483.0 542.0
0 490.0 542.0
0 536.0 542.0
0 912.0 542.0
0 938.0 542.0
0 568.0 543.0
0 732.0 543.0
0 802.0 543.0
0 849.0 543.0
0 924.0 543.0
0 53.0 544.0
0 183.0 544.0
0 381.0 544.0
0 779.0 544.0
0 561.0 545.0
0 816.0 545.0
0 455.0 546.0
0 875.0 546.0
0 12.0 547.0
0 87.0 547.0
0 97.0 547.0
0 196.0 547.0
0 201.0 547.0
0 214.0 547.0
0 24.0 548.0
0 801.0 548.0
0 916.0 548.0
0 43.0 549.0
0 551.0 549.0
0 827.0 549.0
0 641.0 550.0
0 285.0 551.0
0 300.0 551.0
0 530.0 551.0
0 32.0 552.0
0 482.0 552.0
0 571.0 552.0
0 844.0 552.0
0 938.0 552.0
0 176.0 553.0
0 801.0 553.0
0 460.0 554.0
0 539.0 554.0
0 562.0 554.0
0 87.0 555.0
0 616.0 555.0
0 895.0 555.0
0 187.0 557.0
0 487.0 557.0
0 935.0 557.0
0 74.0 558.0
0 180.0 558.0
0 262.0 558.0
0 572.0 558.0
0 804.0 558.0
0 267.0 559.0
0 640.0 559.0
0 645.0 559.0
0 903.0 559.0
0 608.0 560.0
0 827.0 560.0
0 324.0 561.0
0 453.0 561.0
0 482.0 561.0
0 530.0 561.0
0 843.0 561.0
0 489.0 562.0
0 511.0 562.0
0 785.0 562.0
0 56.0 563.0
0 184.0 563.0
0 319.0 563.0
0 550.0 563.0
0 583.0 564.0
0 816.0 564.0
0 80.0 565.0
0 312.0 565.0
0 564.0 565.0
0 607.0 565.0
0 794.0 566.0
0 887.0 566.0
0 48.0 567.0
0 294.0 567.0
0 539.0 567.0
0 299.0 568.0
0 102.0 569.0
0 592.0 569.0
0 640.0 569.0
0 831.0 569.0
0 457.0 570.0
0 838.0 570.0
0 19.0 571.0
0 40.0 572.0
0 556.0 572.0
0 569.0 572.0
0 50.0 573.0
0 912.0 574.0
0 500.0 575.0
0 542.0 575.0
0 85.0 576.0
0 596.0 576.0
0 531.0 577.0
0 77.0 578.0
0 500.0 581.0
0 596.0 582.0
0 23.0 584.0
0 540.0 585.0
0 555.0 585.0
0 8.0 586.0
0 58.0 586.0
0 97.0 586.0
0 594.0 587.0
0 786.0 587.0
0 571.0 588.0
0 505.0 589.0
0 576.0 589.0
0 44.0 590.0
0 523.0 590.0
0 216.0 592.0
0 528.0 593.0
0 103.0 594.0
0 562.0 594.0
0 29.0 595.0
0 581.0 596.0
0 22.0 597.0
0 606.0 599.0
0 62.0 601.0
0 92.0 603.0
0 588.0 604.0
0 785.0 604.0
0 73.0 606.0
0 103.0 606.0
0 48.0 607.0
0 513.0 608.0
0 579.0 610.0
0 50.0 612.0
0 62.0 614.0
0 493.0 615.0
0 604.0 615.0
0 41.0 618.0
0 529.0 618.0
0 559.0 618.0
0 513.0 619.0
0 523.0 620.0
0 99.0 621.0
0 114.0 621.0
0 503.0 622.0
0 868.0 622.0
0 53.0 623.0
0 12.0 624.0
0 534.0 624.0
0 77.0 625.0
0 21.0 626.0
0 83.0 627.0
0 88.0 627.0
0 508.0 627.0
0 514.0 629.0
0 50.0 630.0
0 555.0 630.0
0 494.0 631.0
0 496.0 636.0
0 550.0 636.0
0 38.0 637.0
0 21.0 638.0
0 65.0 639.0
0 503.0 640.0
0 51.0 641.0
0 512.0 642.0
0 532.0 643.0
0 517.0 644.0
0 522.0 644.0
0 527.0 644.0
0 158.0 645.0
0 21.0 647.0
0 26.0 647.0
0 31.0 648.0
0 38.0 648.0
0 22.0 652.0
0 131.0 657.0
0 512.0 658.0
0 23.0 660.0
0 89.0 676.0
0 44.0 696.0
0 510.0 706.0
0 1087.0 709.0
1 390.0 17.0
1 390.0 30.0
1 1005.0 61.0
1 1010.0 61.0
1 1000.0 62.0
1 1018.0 63.0
1 995.0 65.0
1 1023.0 66.0
1 502.0 69.0
1 1025.0 71.0
1 1026.0 77.0
1 986.0 78.0
1 1014.0 81.0
1 1026.0 83.0
1 985.0 86.0
1 1025.0 88.0
1 997.0 89.0
1 987.0 97.0
1 1017.0 100.0
1 995.0 102.0
1 992.0 107.0
1 1009.0 107.0
1 1014.0 107.0
1 973.0 109.0
1 985.0 111.0
1 1008.0 112.0
1 1022.0 112.0
1 965.0 117.0
1 1031.0 125.0
1 863.0 127.0
1 949.0 127.0
1 970.0 127.0
1 944.0 128.0
1 1088.0 133.0
1 927.0 134.0
1 894.0 135.0
1 882.0 137.0
1 1050.0 140.0
1 905.0 142.0
1 1056.0 143.0
1 862.0 146.0
1 872.0 147.0
1 849.0 148.0
1 427.0 151.0
1 849.0 153.0
1 891.0 153.0
1 1112.0 153.0
1 1104.0 154.0
1 1119.0 157.0
1 850.0 158.0
1 1081.0 159.0
1 920.0 161.0
1 886.0 162.0
1 863.0 163.0
1 873.0 165.0
1 1117.0 165.0
1 1091.0 167.0
1 1039.0 168.0
1 1020.0 173.0
1 861.0 174.0
1 884.0 174.0
1 853.0 176.0
1 908.0 176.0
1 871.0 177.0
1 1081.0 178.0
1 968.0 180.0
1 1067.0 180.0
1 852.0 181.0
1 921.0 181.0
1 863.0 183.0
1 994.0 183.0
1 947.0 184.0
1 956.0 184.0
1 1100.0 184.0
1 1021.0 185.0
1 855.0 187.0
1 1054.0 187.0
1 1033.0 188.0
1 902.0 189.0
1 1012.0 189.0
1 1104.0 189.0
1 972.0 190.0
1 934.0 191.0
1 1084.0 191.0
1 1053.0 192.0
1 522.0 193.0
1 528.0 193.0
1 533.0 193.0
1 916.0 193.0
1 1064.0 195.0
1 1119.0 195.0
1 851.0 196.0
1 957.0 196.0
1 991.0 196.0
1 997.0 196.0
1 506.0 197.0
1 945.0 198.0
1 552.0 199.0
1 863.0 199.0
1 899.0 199.0
1 1018.0 200.0
1 1095.0 201.0
1 524.0 202.0
1 929.0 202.0
1 559.0 203.0
1 915.0 203.0
1 1029.0 204.0
1 498.0 205.0
1 871.0 206.0
1 924.0 206.0
1 1039.0 207.0
1 565.0 208.0
1 855.0 208.0
1 894.0 208.0
1 533.0 210.0
1 934.0 210.0
1 946.0 210.0
1 1026.0 210.0
1 862.0 212.0
1 1119.0 212.0
1 519.0 213.0
1 569.0 213.0
1 1091.0 214.0
1 1016.0 215.0
1 867.0 216.0
1 488.0 217.0
1 503.0 218.0
1 907.0 218.0
1 307.0 219.0
1 312.0 219.0
1 879.0 219.0
1 301.0 220.0
1 319.0 220.0
1 854.0 220.0
1 1004.0 220.0
1 1045.0 220.0
1 296.0 221.0
1 327.0 221.0
1 1104.0 221.0
1 515.0 222.0
1 520.0 222.0
1 575.0 222.0
1 891.0 222.0
1 949.0 223.0
1 531.0 224.0
1 918.0 224.0
1 496.0 226.0
1 577.0 227.0
1 1034.0 228.0
1 1084.0 228.0
1 341.0 229.0
1 864.0 229.0
1 1024.0 229.0
1 274.0 230.0
1 483.0 230.0
1 541.0 230.0
1 555.0 230.0
1 927.0 230.0
1 937.0 230.0
1 1011.0 230.0
1 1054.0 230.0
1 493.0 231.0
1 907.0 231.0
1 269.0 232.0
1 297.0 232.0
1 1069.0 232.0
1 999.0 233.0
1 1117.0 234.0
1 536.0 236.0
1 581.0 236.0
1 987.0 236.0
1 264.0 237.0
1 934.0 237.0
1 1086.0 237.0
1 292.0 239.0
1 511.0 239.0
1 727.0 239.0
1 904.0 239.0
1 335.0 240.0
1 489.0 240.0
1 547.0 240.0
1 923.0 240.0
1 1038.0 240.0
1 322.0 241.0
1 499.0 241.0
1 582.0 241.0
1 1053.0 241.0
1 564.0 242.0
1 914.0 242.0
1 1009.0 242.0
1 259.0 243.0
1 481.0 243.0
1 282.0 244.0
1 354.0 246.0
1 1090.0 246.0
1 1109.0 246.0
1 1076.0 247.0
1 256.0 248.0
1 481.0 248.0
1 583.0 248.0
1 1104.0 249.0
1 915.0 250.0
1 925.0 250.0
1 1043.0 250.0
1 548.0 251.0
1 276.0 252.0
1 323.0 252.0
1 956.0 252.0
1 521.0 253.0
1 318.0 254.0
1 483.0 254.0
1 582.0 254.0
1 942.0 254.0
1 1100.0 254.0
1 989.0 255.0
1 253.0 256.0
1 503.0 256.0
1 549.0 256.0
1 367.0 258.0
1 896.0 258.0
1 1033.0 258.0
1 1078.0 258.0
1 315.0 259.0
1 345.0 260.0
1 514.0 260.0
1 1001.0 260.0
1 949.0 262.0
1 1016.0 262.0
1 292.0 263.0
1 370.0 263.0
1 1032.0 263.0
1 547.0 264.0
1 940.0 264.0
1 251.0 265.0
1 271.0 265.0
1 328.0 265.0
1 1002.0 265.0
1 280.0 266.0
1 487.0 266.0
1 674.0 267.0
1 578.0 268.0
1 626.0 269.0
1 711.0 269.0
1 964.0 270.0
1 251.0 271.0
1 337.0 271.0
1 272.0 272.0
1 311.0 273.0
1 493.0 273.0
1 908.0 273.0
1 711.0 274.0
1 878.0 274.0
1 899.0 275.0
1 251.0 276.0
1 359.0 276.0
1 588.0 276.0
1 290.0 277.0
1 265.0 278.0
1 538.0 278.0
1 328.0 280.0
1 505.0 280.0
1 517.0 281.0
1 1012.0 281.0
1 947.0 283.0
1 1036.0 283.0
1 990.0 284.0
1 936.0 285.0
1 1020.0 285.0
1 315.0 286.0
1 558.0 286.0
1 506.0 287.0
1 254.0 288.0
1 586.0 288.0
1 881.0 288.0
1 901.0 288.0
1 305.0 289.0
1 979.0 289.0
1 292.0 290.0
1 540.0 290.0
1 598.0 290.0
1 933.0 290.0
1 510.0 292.0
1 255.0 293.0
1 275.0 293.0
1 367.0 293.0
1 803.0 293.0
1 1024.0 293.0
1 944.0 294.0
1 601.0 295.0
1 878.0 295.0
1 956.0 295.0
1 996.0 295.0
1 492.0 296.0
1 725.0 296.0
1 257.0 298.0
1 967.0 299.0
1 904.0 301.0
1 994.0 301.0
1 943.0 302.0
1 260.0 303.0
1 882.0 303.0
1 1014.0 303.0
1 1028.0 303.0
1 317.0 304.0
1 602.0 304.0
1 932.0 304.0
1 275.0 305.0
1 557.0 305.0
1 862.0 305.0
1 1003.0 305.0
1 401.0 306.0
1 703.0 306.0
1 490.0 307.0
1 962.0 308.0
1 975.0 308.0
1 359.0 309.0
1 478.0 309.0
1 870.0 309.0
1 941.0 309.0
1 371.0 310.0
1 1038.0 310.0
1 319.0 311.0
1 511.0 311.0
1 820.0 311.0
1 595.0 312.0
1 856.0 312.0
1 1021.0 312.0
1 904.0 313.0
1 1060.0 313.0
1 300.0 314.0
1 472.0 314.0
1 953.0 314.0
1 1035.0 315.0
1 411.0 316.0
1 937.0 316.0
1 997.0 316.0
1 273.0 317.0
1 321.0 317.0
1 876.0 317.0
1 887.0 317.0
1 1011.0 317.0
1 1046.0 317.0
1 463.0 318.0
1 363.0 319.0
1 397.0 319.0
1 604.0 319.0
1 983.0 319.0
1 416.0 320.0
1 457.0 320.0
1 562.0 320.0
1 871.0 320.0
1 1027.0 320.0
1 383.0 321.0
1 452.0 321.0
1 567.0 321.0
1 478.0 322.0
1 855.0 323.0
1 968.0 323.0
1 472.0 324.0
1 605.0 324.0
1 1018.0 324.0
1 597.0 325.0
1 331.0 326.0
1 955.0 326.0
1 264.0 327.0
1 450.0 327.0
1 1010.0 327.0
1 286.0 328.0
1 894.0 328.0
1 974.0 328.0
1 307.0 329.0
1 604.0 329.0
1 428.0 330.0
1 906.0 330.0
1 995.0 330.0
1 1034.0 330.0
1 504.0 331.0
1 513.0 331.0
1 449.0 332.0
1 1009.0 332.0
1 1046.0 332.0
1 157.0 333.0
1 354.0 333.0
1 1024.0 333.0
1 1054.0 333.0
1 264.0 334.0
1 868.0 334.0
1 958.0 334.0
1 1015.0 334.0
1 437.0 335.0
1 850.0 335.0
1 1035.0 335.0
1 136.0 336.0
1 525.0 336.0
1 972.0 337.0
1 312.0 338.0
1 409.0 338.0
1 465.0 338.0
1 475.0 338.0
1 567.0 338.0
1 592.0 338.0
1 1062.0 338.0
1 167.0 339.0
1 502.0 339.0
1 620.0 339.0
1 888.0 339.0
1 893.0 339.0
1 858.0 340.0
1 996.0 341.0
1 1018.0 341.0
1 272.0 343.0
1 450.0 343.0
1 965.0 343.0
1 130.0 344.0
1 169.0 344.0
1 429.0 344.0
1 499.0 344.0
1 517.0 344.0
1 819.0 344.0
1 439.0 345.0
1 556.0 345.0
1 1005.0 345.0
1 855.0 346.0
1 889.0 346.0
1 894.0 346.0
1 594.0 347.0
1 908.0 347.0
1 1034.0 347.0
1 924.0 348.0
1 170.0 349.0
1 416.0 349.0
1 488.0 349.0
1 129.0 351.0
1 141.0 351.0
1 310.0 351.0
1 896.0 351.0
1 955.0 351.0
1 975.0 351.0
1 1052.0 351.0
1 371.0 352.0
1 471.0 352.0
1 881.0 352.0
1 1059.0 352.0
1 867.0 353.0
1 1004.0 353.0
1 902.0 354.0
1 986.0 354.0
1 516.0 355.0
1 564.0 355.0
1 891.0 355.0
1 170.0 356.0
1 311.0 356.0
1 437.0 356.0
1 452.0 356.0
1 589.0 356.0
1 1019.0 356.0
1 263.0 357.0
1 1032.0 357.0
1 1042.0 357.0
1 505.0 358.0
1 577.0 358.0
1 130.0 359.0
1 947.0 359.0
1 492.0 360.0
1 376.0 361.0
1 448.0 361.0
1 858.0 361.0
1 939.0 361.0
1 972.0 361.0
1 999.0 361.0
1 962.0 362.0
1 306.0 363.0
1 406.0 363.0
1 1039.0 363.0
1 311.0 364.0
1 368.0 364.0
1 867.0 364.0
1 362.0 365.0
1 548.0 365.0
1 926.0 365.0
1 890.0 366.0
1 427.0 367.0
1 1016.0 367.0
1 274.0 368.0
1 904.0 368.0
1 937.0 368.0
1 1040.0 368.0
1 1029.0 369.0
1 381.0 370.0
1 524.0 370.0
1 980.0 370.0
1 353.0 371.0
1 490.0 371.0
1 576.0 371.0
1 852.0 371.0
1 918.0 371.0
1 988.0 371.0
1 165.0 372.0
1 927.0 372.0
1 316.0 373.0
1 508.0 373.0
1 879.0 373.0
1 937.0 373.0
1 1002.0 373.0
1 1039.0 373.0
1 143.0 375.0
1 418.0 375.0
1 541.0 375.0
1 862.0 375.0
1 894.0 375.0
1 1019.0 375.0
1 899.0 376.0
1 989.0 376.0
1 1030.0 376.0
1 401.0 377.0
1 962.0 377.0
1 330.0 378.0
1 480.0 378.0
1 497.0 378.0
1 564.0 378.0
1 948.0 378.0
1 188.0 379.0
1 368.0 379.0
1 511.0 379.0
1 877.0 379.0
1 913.0 379.0
1 552.0 380.0
1 845.0 381.0
1 984.0 381.0
1 990.0 381.0
1 270.0 382.0
1 389.0 382.0
1 163.0 383.0
1 408.0 383.0
1 1005.0 383.0
1 146.0 384.0
1 511.0 384.0
1 862.0 384.0
1 962.0 384.0
1 431.0 385.0
1 300.0 386.0
1 490.0 386.0
1 836.0 386.0
1 898.0 386.0
1 124.0 388.0
1 473.0 388.0
1 277.0 389.0
1 288.0 389.0
1 381.0 389.0
1 524.0 389.0
1 204.0 390.0
1 323.0 390.0
1 831.0 390.0
1 842.0 390.0
1 875.0 391.0
1 889.0 391.0
1 908.0 391.0
1 853.0 392.0
1 999.0 392.0
1 362.0 394.0
1 519.0 394.0
1 863.0 394.0
1 980.0 394.0
1 443.0 395.0
1 482.0 395.0
1 936.0 395.0
1 989.0 395.0
1 471.0 396.0
1 504.0 396.0
1 509.0 396.0
1 413.0 397.0
1 497.0 397.0
1 841.0 397.0
1 853.0 397.0
1 395.0 398.0
1 575.0 398.0
1 1007.0 398.0
1 287.0 399.0
1 361.0 399.0
1 534.0 400.0
1 539.0 400.0
1 873.0 400.0
1 558.0 401.0
1 891.0 401.0
1 927.0 401.0
1 854.0 402.0
1 113.0 403.0
1 427.0 403.0
1 444.0 403.0
1 860.0 403.0
1 946.0 403.0
1 996.0 403.0
1 1033.0 403.0
1 370.0 404.0
1 470.0 404.0
1 963.0 404.0
1 292.0 405.0
1 378.0 405.0
1 1017.0 405.0
1 893.0 406.0
1 926.0 406.0
1 307.0 407.0
1 461.0 407.0
1 844.0 407.0
1 362.0 408.0
1 821.0 408.0
1 839.0 408.0
1 492.0 409.0
1 447.0 410.0
1 140.0 411.0
1 510.0 411.0
1 519.0 411.0
1 890.0 411.0
1 929.0 411.0
1 432.0 412.0
1 954.0 412.0
1 1008.0 412.0
1 316.0 413.0
1 337.0 413.0
1 382.0 414.0
1 900.0 414.0
1 920.0 414.0
1 197.0 415.0
1 970.0 415.0
1 1034.0 416.0
1 940.0 417.0
1 994.0 417.0
1 1020.0 417.0
1 424.0 418.0
1 841.0 418.0
1 117.0 419.0
1 184.0 419.0
1 325.0 419.0
1 858.0 419.0
1 930.0 419.0
1 1049.0 419.0
1 873.0 420.0
1 918.0 420.0
1 975.0 421.0
1 400.0 422.0
1 824.0 422.0
1 959.0 422.0
1 456.0 423.0
1 128.0 424.0
1 181.0 424.0
1 292.0 424.0
1 297.0 424.0
1 489.0 424.0
1 607.0 424.0
1 1018.0 424.0
1 1063.0 424.0
1 287.0 425.0
1 393.0 425.0
1 916.0 425.0
1 1037.0 425.0
1 303.0 426.0
1 501.0 426.0
1 188.0 427.0
1 381.0 427.0
1 826.0 427.0
1 972.0 427.0
1 978.0 427.0
1 831.0 428.0
1 928.0 428.0
1 991.0 428.0
1 373.0 429.0
1 921.0 429.0
1 962.0 429.0
1 152.0 430.0
1 160.0 430.0
1 308.0 430.0
1 278.0 431.0
1 1007.0 431.0
1 1022.0 431.0
1 119.0 432.0
1 147.0 432.0
1 1033.0 432.0
1 1045.0 432.0
1 911.0 433.0
1 170.0 434.0
1 182.0 434.0
1 895.0 434.0
1 132.0 435.0
1 940.0 435.0
1 487.0 436.0
1 952.0 436.0
1 1056.0 436.0
1 192.0 437.0
1 345.0 437.0
1 519.0 437.0
1 242.0 439.0
1 824.0 439.0
1 988.0 439.0
1 129.0 440.0
1 919.0 440.0
1 283.0 441.0
1 315.0 441.0
1 1038.0 441.0
1 903.0 442.0
1 253.0 443.0
1 365.0 443.0
1 214.0 444.0
1 1017.0 444.0
1 1048.0 444.0
1 225.0 445.0
1 479.0 445.0
1 952.0 445.0
1 814.0 446.0
1 938.0 446.0
1 1042.0 447.0
1 862.0 448.0
1 1064.0 449.0
1 1014.0 451.0
1 815.0 452.0
1 952.0 453.0
1 1037.0 453.0
1 625.0 454.0
1 1063.0 454.0
1 143.0 455.0
1 314.0 455.0
1 578.0 455.0
1 825.0 455.0
1 170.0 456.0
1 286.0 456.0
1 123.0 457.0
1 1057.0 459.0
1 963.0 460.0
1 152.0 461.0
1 157.0 461.0
1 163.0 461.0
1 685.0 461.0
1 865.0 461.0
1 326.0 462.0
1 818.0 463.0
1 847.0 463.0
1 307.0 464.0
1 361.0 464.0
1 633.0 464.0
1 697.0 464.0
1 237.0 465.0
1 131.0 466.0
1 677.0 466.0
1 732.0 466.0
1 831.0 466.0
1 983.0 466.0
1 640.0 467.0
1 952.0 467.0
1 285.0 468.0
1 846.0 468.0
1 864.0 468.0
1 1033.0 469.0
1 1060.0 469.0
1 1055.0 470.0
1 625.0 471.0
1 263.0 472.0
1 972.0 472.0
1 183.0 473.0
1 814.0 473.0
1 112.0 474.0
1 351.0 474.0
1 1011.0 474.0
1 861.0 475.0
1 925.0 475.0
1 145.0 477.0
1 239.0 477.0
1 536.0 478.0
1 830.0 478.0
1 841.0 478.0
1 914.0 478.0
1 959.0 478.0
1 411.0 479.0
1 661.0 479.0
1 985.0 479.0
1 689.0 480.0
1 1013.0 480.0
1 1028.0 481.0
1 1050.0 481.0
1 259.0 482.0
1 272.0 482.0
1 647.0 482.0
1 860.0 482.0
1 877.0 483.0
1 671.0 484.0
1 814.0 484.0
1 112.0 485.0
1 122.0 485.0
1 623.0 485.0
1 227.0 486.0
1 867.0 486.0
1 907.0 486.0
1 952.0 486.0
1 967.0 486.0
1 242.0 488.0
1 1043.0 488.0
1 189.0 489.0
1 816.0 489.0
1 841.0 489.0
1 1013.0 491.0
1 1036.0 491.0
1 295.0 492.0
1 603.0 492.0
1 876.0 492.0
1 921.0 492.0
1 989.0 492.0
1 597.0 493.0
1 675.0 493.0
1 688.0 493.0
1 203.0 494.0
1 592.0 494.0
1 969.0 494.0
1 92.0 495.0
1 276.0 495.0
1 351.0 495.0
1 470.0 495.0
1 1050.0 495.0
1 439.0 496.0
1 449.0 496.0
1 657.0 496.0
1 129.0 497.0
1 861.0 497.0
1 981.0 497.0
1 986.0 497.0
1 1020.0 497.0
1 192.0 498.0
1 266.0 498.0
1 901.0 498.0
1 589.0 499.0
1 848.0 499.0
1 879.0 499.0
1 1008.0 499.0
1 1036.0 500.0
1 584.0 501.0
1 209.0 502.0
1 305.0 502.0
1 221.0 503.0
1 266.0 503.0
1 182.0 504.0
1 216.0 504.0
1 439.0 504.0
1 450.0 504.0
1 623.0 504.0
1 871.0 504.0
1 910.0 504.0
1 43.0 505.0
1 851.0 505.0
1 936.0 505.0
1 38.0 506.0
1 63.0 506.0
1 484.0 506.0
1 653.0 506.0
1 946.0 507.0
1 1019.0 507.0
1 267.0 508.0
1 347.0 508.0
1 1028.0 508.0
1 1046.0 508.0
1 419.0 509.0
1 450.0 509.0
1 1037.0 509.0
1 519.0 510.0
1 152.0 511.0
1 194.0 511.0
1 506.0 511.0
1 601.0 511.0
1 755.0 511.0
1 969.0 511.0
1 102.0 512.0
1 292.0 513.0
1 994.0 513.0
1 921.0 514.0
1 24.0 515.0
1 401.0 515.0
1 448.0 515.0
1 842.0 515.0
1 896.0 515.0
1 137.0 516.0
1 475.0 516.0
1 460.0 517.0
1 714.0 517.0
1 847.0 517.0
1 948.0 518.0
1 172.0 519.0
1 207.0 519.0
1 276.0 519.0
1 624.0 519.0
1 684.0 519.0
1 21.0 520.0
1 220.0 520.0
1 447.0 520.0
1 518.0 520.0
1 633.0 520.0
1 720.0 520.0
1 965.0 520.0
1 225.0 521.0
1 775.0 522.0
1 1011.0 522.0
1 587.0 523.0
1 703.0 524.0
1 724.0 525.0
1 1018.0 525.0
1 19.0 526.0
1 191.0 527.0
1 592.0 527.0
1 682.0 527.0
1 1036.0 527.0
1 138.0 528.0
1 173.0 528.0
1 501.0 528.0
1 924.0 528.0
1 947.0 528.0
1 522.0 529.0
1 622.0 529.0
1 691.0 529.0
1 756.0 529.0
1 768.0 529.0
1 713.0 530.0
1 893.0 530.0
1 963.0 530.0
1 19.0 531.0
1 100.0 531.0
1 285.0 531.0
1 448.0 531.0
1 781.0 532.0
1 33.0 533.0
1 105.0 533.0
1 599.0 533.0
1 902.0 533.0
1 935.0 533.0
1 1003.0 533.0
1 434.0 534.0
1 303.0 535.0
1 625.0 535.0
1 126.0 536.0
1 209.0 536.0
1 240.0 536.0
1 317.0 536.0
1 322.0 536.0
1 408.0 536.0
1 676.0 536.0
1 721.0 537.0
1 1022.0 537.0
1 633.0 538.0
1 701.0 538.0
1 730.0 538.0
1 951.0 538.0
1 957.0 538.0
1 108.0 539.0
1 172.0 539.0
1 767.0 539.0
1 183.0 540.0
1 375.0 540.0
1 622.0 540.0
1 754.0 540.0
1 657.0 541.0
1 74.0 542.0
1 599.0 542.0
1 687.0 542.0
1 292.0 543.0
1 593.0 543.0
1 709.0 543.0
1 739.0 543.0
1 190.0 544.0
1 704.0 544.0
1 776.0 544.0
1 240.0 546.0
1 306.0 546.0
1 388.0 546.0
1 445.0 546.0
1 26.0 548.0
1 299.0 548.0
1 322.0 548.0
1 593.0 548.0
1 716.0 548.0
1 228.0 549.0
1 650.0 549.0
1 703.0 549.0
1 690.0 551.0
1 743.0 551.0
1 991.0 551.0
1 304.0 552.0
1 210.0 553.0
1 415.0 553.0
1 420.0 553.0
1 426.0 553.0
1 888.0 553.0
1 31.0 554.0
1 649.0 554.0
1 58.0 555.0
1 38.0 556.0
1 896.0 556.0
1 48.0 557.0
1 53.0 557.0
1 202.0 557.0
1 743.0 557.0
1 252.0 559.0
1 649.0 559.0
1 688.0 559.0
1 703.0 562.0
1 720.0 562.0
1 177.0 563.0
1 208.0 563.0
1 196.0 565.0
1 653.0 565.0
1 241.0 566.0
1 628.0 566.0
1 236.0 567.0
1 676.0 567.0
1 681.0 567.0
1 706.0 567.0
1 728.0 567.0
1 163.0 568.0
1 733.0 568.0
1 230.0 569.0
1 658.0 569.0
1 711.0 570.0
1 716.0 572.0
1 135.0 573.0
1 179.0 575.0
1 215.0 576.0
1 243.0 579.0
1 165.0 580.0
1 205.0 580.0
1 731.0 580.0
1 658.0 584.0
1 194.0 585.0
1 722.0 585.0
1 635.0 586.0
1 247.0 587.0
1 747.0 589.0
1 177.0 591.0
1 696.0 591.0
1 207.0 593.0
1 691.0 593.0
1 669.0 594.0
1 237.0 595.0
1 652.0 596.0
1 661.0 597.0
1 157.0 598.0
1 220.0 598.0
1 641.0 598.0
1 629.0 599.0
1 196.0 600.0
1 246.0 601.0
1 673.0 602.0
1 648.0 604.0
1 208.0 605.0
1 659.0 606.0
1 632.0 607.0
1 201.0 608.0
1 192.0 611.0
1 257.0 611.0
1 219.0 612.0
1 637.0 612.0
1 689.0 612.0
1 160.0 615.0
1 242.0 615.0
1 642.0 615.0
1 179.0 618.0
1 220.0 619.0
1 671.0 619.0
1 676.0 619.0
1 171.0 620.0
1 228.0 620.0
1 233.0 620.0
1 658.0 620.0
1 663.0 620.0
1 201.0 623.0
1 162.0 626.0
1 157.0 631.0
1 210.0 631.0
1 169.0 632.0
1 222.0 632.0
1 181.0 633.0
1 302.0 634.0
1 649.0 634.0
1 198.0 636.0
1 174.0 642.0
1 186.0 643.0
1 278.0 648.0
1 164.0 655.0
1 240.0 669.0
1 198.0 691.0
1 909.0 782.0
1 880.0 800.0
1 879.0 805.0
1 898.0 805.0
