0 8 0 118.64262757683915
0 871 2 151.75317113190198
0 821 3 105.99607067130843
0 33 4 112.99343067871223
0 21 5 121.16380171683943
0 1 6 148.24149170885065
0 687 7 193.36770117496712
0 35 8 108.08789455004234
0 0 9 104.35120966728708
0 85 10 105.90493360274766
0 161 11 180.42820631807845
0 135 14 113.82253302995522
0 171 15 109.47187368581774
0 187 16 222.389393950641
0 558 17 119.76082407406416
0 308 18 286.5583701653826
0 32 21 240.14332551640635
0 372 22 159.86440334288295
0 247 23 127.15065396444678
0 439 24 206.03778608451702
0 978 25 198.48257488104448
0 45 26 134.54726115201353
0 191 27 113.50038473408699
0 102 28 155.5725063143431
0 731 30 116.11663948638859
0 122 31 108.31119030574065
0 70 32 104.97334623589336
0 211 33 188.00627942077733
0 127 34 107.44816863016268
0 634 35 108.61415636559973
0 90 36 117.00972548436499
0 72 37 145.1372258825903
0 855 39 259.3910303065535
0 46 40 113.34019252114334
0 367 41 130.3585618489683
0 88 42 314.06197819246995
0 74 44 109.15006265134235
0 98 46 127.54809524573389
0 644 47 111.28837067750707
0 142 48 117.47978196671802
0 327 49 240.1955499039309
0 488 51 115.1699536394905
0 112 52 111.75404701043288
0 7 53 105.65369398078937
0 63 54 113.71545082780014
0 923 55 108.82058734210452
0 128 56 365.70962218957123
0 434 57 130.3610434592342
0 118 58 108.98416271398187
0 197 59 109.67162214510668
0 31 60 115.324700463465
0 117 62 131.64366260486162
0 87 63 168.35939757875468
0 58 64 116.78325002967051
0 957 65 222.6642092562724
0 234 66 182.5652983277922
0 16 67 115.00405562815143
0 315 69 148.612922576295
0 693 70 111.3005229339016
0 768 71 108.25020890659923
0 113 72 109.0435785227798
0 535 73 170.38035958252527
0 677 74 383.57890953603254
0 314 76 121.47718174249775
0 678 77 140.5006118820433
0 331 79 133.7256070679414
0 13 80 105.0423958348725
0 528 81 303.92128038392457
0 337 82 271.92190818422216
0 545 83 117.66860788964976
0 672 85 126.08273858072359
0 186 87 211.34929994988755
0 334 90 126.48269402483452
0 147 91 111.54460124299123
0 395 93 114.00037290695101
0 290 94 129.81801879067837
0 184 95 109.00095096046878
0 53 96 115.37332317311133
0 41 100 114.6232345143968
0 140 101 129.25722851169579
0 42 102 129.40196652668675
0 668 103 354.44001332645183
0 177 104 113.30965772576256
0 393 106 132.51986232076837
0 462 107 106.65475935888709
0 138 108 166.2773927501334
0 685 110 150.73587124337658
0 188 111 152.8041667266266
0 81 112 112.36956136181824
0 145 113 191.33153952108086
0 19 114 113.83648861327474
0 452 115 108.47420455590967
0 563 117 104.31793074490325
0 250 118 108.18044345608628
0 263 119 144.03261755501234
0 893 121 109.99439315765926
0 68 122 117.33803248257068
0 311 123 222.2884605129051
0 826 124 448.6540718269154
0 55 125 112.17490956988026
0 783 126 334.2572957086036
0 115 127 122.54476109447856
0 11 128 165.8580093004643
0 617 129 135.15103781884483
0 82 131 130.6098655616183
0 829 132 303.106745424867
0 204 133 162.18518841109574
0 467 134 125.92837674655163
0 945 135 221.02477528438112
0 226 136 132.20516350771553
0 847 137 305.19197131883635
0 534 139 113.1641376895131
0 141 141 107.25328992370329
0 6 142 117.90933839495248
0 756 143 124.7385557547474
0 721 144 123.37239622111913
0 78 146 189.2079869395503
0 9 147 155.60336964093713
0 506 149 165.78052253640442
0 292 150 159.23356274174324
0 24 151 228.1219929096404
0 156 153 105.17220292526288
0 724 154 130.40748218550397
0 5 155 203.91236390419633
0 144 156 146.5311892909325
0 50 158 168.49464820202547
0 303 161 170.33600646856286
0 160 162 106.99926382750131
0 43 164 376.60203921867924
0 508 165 109.4135815351225
0 772 166 164.99851840574755
0 378 167 108.90000917819816
0 239 168 141.61458639315492
0 181 170 105.47157641420117
0 179 171 139.51768102096656
0 498 172 106.94208163584537
0 670 174 215.85472907730465
0 763 175 190.2097382005327
0 376 176 125.29336244983047
0 121 177 126.5221450495087
0 17 178 108.22941295282382
0 373 180 452.74376744916225
0 67 181 118.71313700998027
0 517 186 177.22060570491527
0 269 187 120.72533860333871
0 356 188 198.69961616659998
0 698 189 111.8911847728042
0 170 191 109.3144455971351
0 339 193 138.96765351453922
0 103 194 105.35576154901432
0 415 195 196.00151313042525
0 929 196 183.6140095127402
0 286 198 353.56361913657156
0 669 199 112.97187557025585
0 325 202 409.68981969191486
0 728 203 131.50462968406217
0 656 204 222.66803625366416
0 163 205 158.84073602234668
0 198 206 232.99697088394734
0 10 207 104.37226245631174
0 231 209 129.6432002642131
0 200 210 364.77160866730713
0 518 212 127.9093903587737
0 29 214 113.24629831392289
0 390 215 112.77962122614615
0 260 216 187.00702986679056
0 920 219 141.5152267141409
0 131 221 319.9967956863835
0 4 222 231.48557962886898
0 257 223 103.89354581499619
0 119 224 118.00754177847182
0 382 226 160.26113717936005
0 207 229 122.80126747838744
0 683 230 170.9760982018136
0 213 232 147.992464010605
0 288 233 128.62498995669264
0 176 235 204.69073332802202
0 84 236 288.8386484102286
0 44 237 114.96797733864175
0 374 238 265.25680938127755
0 312 239 139.16188249420472
0 333 241 106.76965772291642
0 810 242 251.81256332943644
0 738 243 156.850707946003
0 426 245 170.731031209479
0 761 247 239.94918754854666
0 402 248 133.87120506311823
0 164 249 104.52257249185968
0 332 250 104.35150822902774
0 245 251 122.48937969349795
0 75 252 108.64560366565561
0 248 253 104.31310514982512
0 651 254 131.25084979078522
0 65 255 175.46320350666704
0 49 256 124.69489832223341
0 387 258 151.28008881380336
0 139 260 103.97165106306345
0 359 261 111.5893978067914
0 671 262 279.7868097651794
0 515 263 157.98263936559914
0 173 264 139.92242107624702
0 326 265 106.49681224619496
0 368 266 140.1817317405556
0 52 267 110.51660263808304
0 154 268 106.67886831182436
0 133 269 282.3727420317448
0 190 270 180.98674424281967
0 293 271 103.72999017554794
0 272 272 145.45641184277557
0 148 273 237.9645351311951
0 565 274 224.2713047644306
0 586 275 187.28760316481498
0 421 276 104.76637467924806
0 360 277 147.49156793729142
0 299 278 108.81343066163058
0 180 279 173.82434114512265
0 212 280 146.59828123002563
0 189 282 126.13336629283494
0 352 283 107.42025107855855
0 255 284 183.8281116975059
0 217 286 107.44478995861088
0 400 288 218.31709834715772
0 256 290 159.36937768754845
0 100 294 186.5136896862159
0 777 295 136.13968269321512
0 91 296 119.89664880424695
0 541 298 129.0827938090298
0 882 299 312.4326752287673
0 282 301 128.89181508714702
0 12 303 104.23066557539717
0 513 304 162.97081172737512
0 722 305 371.84407307305764
0 448 307 108.56362282181547
0 495 309 113.07664674129525
0 552 310 104.71772983722805
0 391 311 146.28140318827795
0 624 312 205.82903209521186
0 158 313 110.82738643757659
0 151 314 136.85726673200688
0 712 315 232.14105615002953
0 792 317 136.55695964324556
0 194 318 124.36635096240911
0 1017 321 200.64380514397118
0 353 322 235.71603390715404
0 265 323 207.24365107545864
0 713 324 189.99110698602698
0 321 325 171.93575627392948
0 483 326 212.13725054089437
0 706 327 176.70265939502684
0 812 328 156.21566851754292
0 107 329 132.84714927481767
0 379 330 199.18569633126447
0 813 331 222.30351147441434
0 172 332 159.45785218351415
0 276 333 104.35454586732831
0 37 334 249.35163761143912
0 229 336 106.58633035365153
0 602 337 168.61986263542707
0 232 339 137.348246141065
0 577 340 220.3395315313801
0 464 341 108.66756637788338
0 157 342 145.80132862867868
0 504 344 209.3696484807855
0 775 345 114.45250391389506
0 676 346 391.3734261401517
0 446 349 131.99200489788905
0 673 350 130.82608783801697
0 409 351 106.50900210723478
0 793 352 133.82232051313343
0 455 354 265.5164740904394
0 349 355 208.7085984297732
0 598 356 337.4692785115578
0 233 358 168.30064084230892
0 697 360 219.53514420997743
0 691 361 131.44213283091858
0 298 362 107.41732807366337
0 20 364 141.74929918348823
0 242 365 186.30549532504378
0 323 366 496.2166371662571
0 896 368 150.3108223294661
0 18 369 151.60620810257294
0 874 370 148.1275835578645
0 615 372 113.60423116650007
0 747 373 143.1454094446086
0 662 374 146.72319216301673
0 155 375 131.29304414854695
0 529 376 135.54789747129715
0 296 377 146.84203109751562
0 370 378 257.95578552998455
0 620 379 108.7490558231268
0 858 380 286.6228694155537
0 606 381 121.18253038029387
0 329 382 108.48962235789914
0 660 383 195.87929078062209
0 650 384 105.07450661744171
0 422 385 112.06787176319428
0 38 386 274.76617866286387
0 584 387 361.40521205652254
0 702 388 118.64624377419331
0 436 390 127.63656221199979
0 219 391 138.56250499151432
0 659 393 118.08088827328366
0 182 394 177.64057348673663
0 62 395 258.79307448600304
0 457 396 132.05930840445882
0 981 397 217.9218650348824
0 76 398 184.0874031392001
0 1007 399 166.91544976254875
0 437 400 133.09201444708424
0 403 402 167.48917029786472
0 362 403 119.2363146339815
0 748 404 117.82020055651543
0 377 405 107.5107434063607
0 220 406 125.71976580470891
0 397 407 123.93176800791758
0 238 408 125.30363726897602
0 482 409 166.48843427865103
0 927 410 386.86100703625095
0 375 413 151.06138684038788
0 199 415 123.77243369532573
0 318 416 106.73117913055383
0 132 417 103.81698397258926
0 99 418 181.74467222628994
0 435 419 120.61606646861165
0 193 420 231.981045192719
0 249 421 113.57146275683138
0 433 422 103.67460792692384
0 104 423 267.5366825671167
0 532 424 334.2802392751809
0 302 425 159.18467224196442
0 15 427 128.82281405234022
0 129 428 180.29833256548747
0 716 429 106.46142810674968
0 500 430 134.22794006167987
0 363 432 111.7999879518522
0 227 435 142.5903965325236
0 192 436 134.95598039869458
0 174 437 115.78291972372566
0 608 438 152.54950430005482
0 456 439 127.54128846135279
0 137 440 362.0454690626343
0 73 441 213.86795426851458
0 774 442 377.2519359293833
0 911 443 212.69818570542577
0 348 445 164.21236436528926
0 442 446 227.34188292402857
0 271 451 202.36950323492118
0 681 452 106.44645302232783
0 300 453 194.66065586000857
0 330 454 244.5436579948582
0 136 455 278.217494061608
0 684 456 104.20511964335316
0 531 457 153.5023230914679
0 266 458 145.57679408919142
0 209 459 120.27531702966733
0 616 461 125.2276640523231
0 77 462 104.65727289751506
0 277 464 113.49356666106998
0 583 465 157.0665510035625
0 764 466 111.84483334121087
0 106 467 242.73688279910783
0 525 468 103.69220973554532
0 837 469 297.0355605962801
0 765 471 192.95028072139038
0 989 472 176.606809690691
0 57 476 142.8184857196122
0 262 477 208.40944966986527
0 640 479 120.29200387894954
0 89 481 193.08427236811698
0 853 482 221.90699205023176
0 647 483 255.09789713819484
0 785 484 153.27397473026429
0 770 485 166.70895695611668
0 475 486 107.73942767898596
0 699 487 367.79247450208516
0 167 488 246.7255062976915
0 381 489 104.37235985250075
0 394 490 113.27470338438337
0 230 491 175.0403609058955
0 416 492 106.83194107196199
0 542 493 266.35644803476737
0 417 496 156.46972582477332
0 605 497 106.2584583861336
0 410 498 107.98465333652321
0 126 499 125.3340598635933
0 351 503 111.00519243806133
0 228 504 125.68596368736009
0 346 508 103.93699753254255
0 336 509 179.86760919496854
0 494 510 115.8337770452542
0 385 511 107.11846235109388
0 307 512 207.80056456074317
0 96 514 119.66378738821115
0 319 517 212.31049678207006
0 530 518 147.44136673232325
0 834 519 246.21449898115148
0 473 520 104.3026058343554
0 235 521 109.52696021324613
0 523 523 138.91895664984486
0 159 524 164.16883466482523
0 521 528 175.20387016262308
0 968 530 150.91322147230832
0 917 531 173.20908939051463
0 909 532 158.53412299829267
0 802 533 149.79464549741505
0 294 534 104.63587005161874
0 264 535 153.14977201270275
0 361 536 109.203062879638
0 961 538 132.364947006971
0 522 540 148.5905337083254
0 64 541 273.96159002470637
0 938 542 112.09716414596618
0 801 543 174.0960781723561
0 820 544 103.8795738125548
0 463 545 184.54935754506425
0 842 546 110.38930464647649
0 441 547 190.93928124810793
0 380 549 170.338272000026
0 338 550 229.84321694162583
0 116 551 327.59186371244846
0 178 552 235.74885798102255
0 420 553 318.2632312436113
0 310 554 120.80468696277367
0 273 555 108.32570149625329
0 470 556 259.48107546306034
0 27 558 384.17561250170166
0 554 560 142.04627311344285
0 101 561 174.976940511735
0 451 562 115.7106676040924
0 503 563 159.34080086312844
0 571 564 286.0600505240644
0 657 565 227.32973050317312
0 143 566 165.21170893492652
0 947 567 120.29544530897542
0 491 568 128.27819119145335
0 168 569 135.20176974476874
0 109 570 316.61576321212624
0 570 571 113.14358563639193
0 225 572 145.99722820299107
0 114 573 136.67147295687863
0 469 574 139.6914886956012
0 942 577 148.67586075497866
0 595 578 334.64449441895687
0 478 579 169.32697104623787
0 369 580 192.17751259956688
0 718 581 105.23140166961831
0 549 582 125.02414268054063
0 241 584 314.1458365399127
0 613 585 144.50563936828325
0 840 586 181.93160578790324
0 153 588 114.0822632889812
0 729 589 341.3587171653491
0 497 590 310.27815282107304
0 680 592 143.3726081087502
0 306 594 147.62539726004738
0 885 595 324.07585869725
0 674 596 263.0826501209667
0 355 598 120.54453498121154
0 474 599 105.92563493635893
0 551 600 163.6813857040682
0 384 602 104.42692378625726
0 982 603 111.23256050782445
0 414 605 121.24576048196467
0 781 606 111.41431133168638
0 354 608 206.26211437767475
0 822 609 236.00597005687308
0 501 612 136.36688095317245
0 429 613 106.91353389256224
0 280 614 347.66211788509685
0 696 615 118.56678859588328
0 903 616 258.01310933320457
0 399 617 202.81446324006473
0 547 618 103.54343960743242
0 637 619 115.79810349485318
0 645 620 122.82486674804616
0 59 621 280.51778331438106
0 980 622 194.5366933547738
0 646 624 103.65923446259092
0 316 625 187.85214545841347
0 47 627 169.03687701010188
0 603 628 124.33201950335715
0 641 629 104.66576074377676
0 111 630 431.7170677481112
0 71 631 306.94213226443156
0 215 634 140.81315718640184
0 757 635 371.68808732530476
0 925 636 164.1027727700303
0 519 637 230.06076778724486
0 987 638 104.63127601053446
0 550 639 110.71371913854394
0 185 640 112.14661853588548
0 991 641 143.48839864578525
0 612 642 107.13205367401957
0 322 643 133.46335043506886
0 733 644 371.1284497805654
0 465 646 179.29952360183813
0 901 648 106.72109709681897
0 740 649 108.69845304468046
0 588 651 135.75171147958235
0 152 652 118.57351753207423
0 389 653 153.20396438576475
0 844 654 191.67671955864537
0 561 655 108.21517184653781
0 859 656 117.39455320636525
0 737 657 137.61676296106907
0 371 658 119.4364454941282
0 466 660 119.408945783542
0 240 661 131.17302372405248
0 580 662 160.3144749102047
0 720 663 160.0096136147096
0 798 666 109.38384897881903
0 195 667 160.85477724484062
0 918 668 162.83876423110172
0 206 669 246.67140144588427
0 789 670 114.71585780503943
0 836 671 104.16458649575708
0 404 672 146.47391528456623
0 908 674 161.637188194635
0 579 676 103.78184282186479
0 976 677 318.73769566650935
0 607 678 114.5685913332165
0 36 679 338.49556124986924
0 14 682 276.0797509209191
0 458 683 110.38288426098633
0 289 684 270.27605757416467
0 666 686 269.39646863463093
0 818 688 149.69240155556037
0 852 689 208.0246228943544
0 694 691 119.23006102422542
0 301 693 316.48836561339795
0 492 695 125.34194406535536
0 622 696 120.19384652968648
0 408 697 372.74588786729646
0 526 698 185.5524446830901
0 304 699 190.46551684207992
0 998 700 104.13995206408538
0 688 701 144.61578828597027
0 941 702 124.30919151534192
0 784 704 148.06742157103716
0 648 705 146.73284209031218
0 892 706 109.46243135524254
0 869 707 356.82223656412066
0 223 708 139.60485602628466
0 990 709 169.50033456108443
0 604 710 108.90437070448478
0 686 713 237.15189569239206
0 438 714 168.70045110223515
0 932 715 107.10293949320413
0 875 716 215.37889772278612
0 253 718 111.1608730955655
0 835 722 324.8029877540764
0 619 723 215.8841572574302
0 919 724 153.27835775276375
0 753 726 111.9292852462796
0 943 731 165.195636693617
0 221 732 156.3512922369978
0 625 736 147.94518276951544
0 930 738 130.25708926164194
0 643 743 111.03219766534266
0 275 745 131.64862095980394
0 891 747 171.7209168266113
0 291 749 160.75556538433088
0 754 752 123.79421544535238
0 297 753 282.1025101621257
0 1000 754 402.1716799344817
0 406 758 153.5843172263965
0 596 760 377.86909753241844
0 425 762 119.05593555776849
0 343 765 125.71545123188241
0 597 768 107.03646095838411
0 418 769 175.65056196044318
0 69 770 263.2537998667665
0 814 771 132.24482563408833
0 700 772 229.08562055296352
0 592 773 222.55338685494075
0 398 774 165.7941200914252
0 196 775 160.9347196863497
0 320 777 128.36091714787045
0 900 778 283.6634398682082
0 34 779 206.51996187240306
0 701 781 139.200308382336
0 975 782 133.20540951342898
0 461 785 163.41997555306824
0 779 787 123.55601974897175
0 555 788 171.4169120933856
0 1003 789 242.65959124744475
0 511 790 200.75060639016957
0 752 793 120.16949145258312
0 216 794 197.8634279925323
0 335 796 250.9284584909593
0 850 797 131.88424207588486
0 787 798 244.761122449523
0 873 799 160.78790329312426
0 471 801 211.6577151378924
0 876 804 114.14472905382402
0 560 805 157.2977057726024
0 904 806 178.1916872635422
0 726 807 197.66690780218718
0 705 808 141.1745263073748
0 983 809 249.39897212139806
0 831 810 221.8185488927626
0 949 812 128.56661829164392
0 509 813 132.02386109540544
0 1019 814 235.3736988114041
0 575 815 145.79965610599567
0 1002 819 206.41205242874912
0 996 822 144.80941282727136
0 630 823 318.5966659346083
0 472 824 116.04401855324707
0 510 826 135.52579040277791
0 872 828 221.57329009780096
0 959 830 105.9901042640615
0 993 831 219.08943440212218
0 955 832 105.38018031417802
0 610 833 221.30593222060503
0 490 834 106.31136809189361
0 125 836 281.4562291037965
0 663 839 113.89773436243004
0 879 840 170.90289597070822
0 594 842 140.6583382777326
0 717 844 251.1039406063086
0 727 845 280.6799504295174
0 445 846 109.19311963987106
0 865 849 180.53749701654786
0 283 851 107.62297227254298
0 823 852 194.74624868440313
0 985 855 159.68643724985364
0 649 857 128.5559491627803
0 366 858 155.86447276875452
0 629 859 104.7777135420313
0 165 861 224.2231826572143
0 863 866 287.7992824409017
0 967 867 150.52369495250136
0 884 869 116.27943049110013
0 105 870 221.38108375313757
0 444 871 158.1650414035998
0 401 872 370.2912676215499
0 760 873 140.81167987505802
0 146 875 191.291944554441
0 751 877 212.4753746338925
0 714 880 131.19341540616418
0 564 882 208.6009450146452
0 51 883 206.25897000437914
0 527 885 182.32762995824896
0 633 886 222.54023549804657
0 487 887 199.79602656703946
0 237 888 248.259670619578
0 743 892 112.16062355075358
0 995 893 357.386876697896
0 946 895 105.20746743294826
0 658 898 116.30071843901032
0 791 899 242.40701270687933
0 766 901 109.85842412781312
0 544 904 223.87619486892828
0 776 909 223.60520601448545
0 244 910 178.12643597128778
0 937 911 229.43413152873546
0 642 912 226.83877726319704
0 749 913 210.2751100492837
0 809 917 162.28034955068065
0 218 922 174.5516046846688
0 486 923 125.44950978339544
0 1018 924 186.06278276559794
0 692 925 114.48868905621781
0 811 927 213.71564974701766
0 26 928 167.87424432797584
0 667 931 117.0039725186125
0 514 932 140.46402850201736
0 285 934 471.4871487542194
0 162 935 104.79365622089472
0 576 936 324.5837436848748
0 1009 937 152.39855911320205
0 969 941 134.98513468892267
0 921 944 231.1163103307812
0 574 951 179.08130562328554
0 222 953 115.76154932042975
0 485 954 165.47077590168183
0 710 955 173.58611444844465
0 880 956 113.93716741872242
0 715 961 361.9011852289184
0 246 962 262.0539803631518
0 744 963 111.52673123793144
0 838 964 140.12546233206794
0 3 972 280.75465585364327
0 1010 973 238.16478769650615
0 780 974 165.637980871661
0 538 975 402.66404787601175
0 383 976 108.13150431434441
0 730 978 116.50298336709912
0 695 979 167.11294954791833
0 40 980 162.53667491078133
0 950 982 147.99698099572802
0 974 984 111.52481852273297
0 1008 987 138.42706241043652
0 951 991 169.5753565109953
0 846 992 179.68348610392056
0 585 994 224.77106858329864
0 572 996 186.90255202195166
0 825 997 215.38423419771559
0 556 998 123.46791950734159
0 83 1001 121.7294104032067
0 481 1006 126.86237919135934
0 342 1007 111.60105169848666
0 960 1009 124.1030329659925
0 502 1010 202.03937073680981
0 202 1013 127.52705667891651
0 92 1014 154.52870962221502
0 1014 1015 106.00299549222963
0 591 1017 162.88752158035268
0 108 1018 111.39540317452561
0 914 1020 348.07415417223024
0 56 1021 124.02641772301901
0 590 1022 163.3881933512759
0 746 1023 235.81698633510376

0 359.0 403.0
0 867.0 367.0
0 896.0 513.0
0 92.0 603.0
0 766.0 234.0
0 290.0 419.0
0 833.0 310.0
0 44.0 590.0
0 779.0 258.0
0 153.0 355.0
0 765.0 248.0
0 920.0 435.0
0 924.0 511.0
0 977.0 251.0
0 877.0 459.0
0 551.0 549.0
0 734.0 414.0
0 895.0 524.0
0 804.0 368.0
0 789.0 354.0
0 940.0 231.0
0 881.0 345.0
0 353.0 423.0
0 928.0 363.0
0 747.0 188.0
0 921.0 448.0
0 804.0 257.0
0 351.0 412.0
0 795.0 313.0
0 839.0 424.0
0 852.0 444.0
0 843.0 434.0
0 783.0 461.0
0 201.0 407.0
0 170.0 401.0
0 539.0 554.0
0 776.0 266.0
0 837.0 380.0
0 999.0 223.0
0 767.0 192.0
0 155.0 379.0
0 752.0 513.0
0 803.0 339.0
0 855.0 381.0
0 787.0 251.0
0 737.0 364.0
0 947.0 277.0
0 755.0 199.0
0 838.0 570.0
0 297.0 427.0
0 886.0 323.0
0 159.0 260.0
0 418.0 227.0
0 31.0 536.0
0 277.0 413.0
0 404.0 270.0
0 923.0 321.0
0 21.0 638.0
0 815.0 536.0
0 390.0 235.0
0 369.0 164.0
0 995.0 209.0
0 800.0 217.0
0 749.0 406.0
0 784.0 269.0
0 795.0 334.0
0 772.0 298.0
0 903.0 541.0
0 938.0 166.0
0 810.0 455.0
0 740.0 432.0
0 452.0 275.0
0 73.0 606.0
0 786.0 587.0
0 746.0 330.0
0 903.0 244.0
0 507.0 528.0
0 921.0 525.0
0 1004.0 254.0
0 167.0 254.0
0 513.0 608.0
0 111.0 485.0
0 817.0 369.0
0 860.0 347.0
0 949.0 220.0
0 867.0 401.0
0 182.0 279.0
0 911.0 514.0
0 435.0 379.0
0 888.0 258.0
0 896.0 443.0
0 760.0 511.0
0 349.0 437.0
0 903.0 530.0
0 384.0 258.0
0 255.0 384.0
0 806.0 468.0
0 779.0 372.0
0 230.0 262.0
0 945.0 343.0
0 154.0 329.0
0 396.0 256.0
0 809.0 226.0
0 776.0 398.0
0 183.0 544.0
0 997.0 180.0
0 785.0 562.0
0 844.0 552.0
0 350.0 395.0
0 918.0 378.0
0 931.0 522.0
0 847.0 352.0
0 777.0 244.0
0 546.0 516.0
0 471.0 287.0
0 780.0 205.0
0 935.0 310.0
0 166.0 342.0
0 827.0 466.0
0 103.0 594.0
0 938.0 542.0
0 903.0 559.0
0 816.0 564.0
0 241.0 266.0
0 554.0 488.0
0 752.0 360.0
0 530.0 487.0
0 909.0 463.0
0 775.0 407.0
0 713.0 476.0
0 962.0 277.0
0 823.0 446.0
0 927.0 348.0
0 133.0 454.0
0 904.0 437.0
0 817.0 289.0
0 718.0 432.0
0 493.0 615.0
0 896.0 428.0
0 770.0 215.0
0 1009.0 197.0
0 579.0 610.0
0 884.0 447.0
0 901.0 406.0
0 562.0 554.0
0 323.0 342.0
0 58.0 586.0
0 955.0 467.0
0 741.0 243.0
0 364.0 385.0
0 803.0 442.0
0 62.0 601.0
0 493.0 490.0
0 827.0 549.0
0 864.0 498.0
0 763.0 402.0
0 734.0 444.0
0 866.0 425.0
0 371.0 340.0
0 378.0 426.0
0 209.0 473.0
0 820.0 331.0
0 779.0 544.0
0 912.0 251.0
0 779.0 160.0
0 832.0 497.0
0 725.0 509.0
0 824.0 476.0
0 802.0 543.0
0 930.0 387.0
0 346.0 533.0
0 845.0 373.0
0 509.0 520.0
0 890.0 436.0
0 403.0 406.0
0 787.0 516.0
0 165.0 291.0
0 941.0 514.0
0 427.0 307.0
0 492.0 350.0
0 801.0 164.0
0 513.0 619.0
0 1017.0 185.0
0 908.0 349.0
0 383.0 412.0
0 963.0 230.0
0 957.0 478.0
0 849.0 543.0
0 271.0 394.0
0 51.0 641.0
0 512.0 658.0
0 476.0 306.0
0 86.0 501.0
0 190.0 418.0
0 19.0 571.0
0 247.0 306.0
0 389.0 347.0
0 483.0 542.0
0 752.0 167.0
0 883.0 403.0
0 510.0 706.0
0 936.0 405.0
0 489.0 532.0
0 887.0 138.0
0 56.0 453.0
0 838.0 363.0
0 916.0 410.0
0 69.0 497.0
0 793.0 158.0
0 874.0 217.0
0 815.0 250.0
0 989.0 235.0
0 511.0 562.0
0 989.0 261.0
0 214.0 255.0
0 483.0 331.0
0 374.0 265.0
0 960.0 166.0
0 782.0 342.0
0 898.0 398.0
0 71.0 456.0
0 793.0 399.0
0 894.0 345.0
0 212.0 286.0
0 820.0 224.0
0 371.0 405.0
0 385.0 356.0
0 816.0 390.0
0 1023.0 208.0
0 936.0 263.0
0 235.0 291.0
0 537.0 514.0
0 189.0 300.0
0 800.0 265.0
0 858.0 283.0
0 102.0 455.0
0 930.0 210.0
0 750.0 417.0
0 323.0 358.0
0 811.0 238.0
0 1010.0 239.0
0 806.0 505.0
0 309.0 361.0
0 723.0 492.0
0 53.0 623.0
0 311.0 376.0
0 990.0 224.0
0 741.0 349.0
0 829.0 329.0
0 887.0 566.0
0 223.0 275.0
0 145.0 344.0
0 895.0 463.0
0 875.0 546.0
0 764.0 416.0
0 841.0 390.0
0 253.0 324.0
0 177.0 485.0
0 503.0 503.0
0 1008.0 231.0
0 360.0 531.0
0 87.0 555.0
0 743.0 397.0
0 874.0 313.0
0 855.0 225.0
0 550.0 563.0
0 136.0 479.0
0 895.0 555.0
0 852.0 266.0
0 955.0 502.0
0 190.0 272.0
0 241.0 475.0
0 374.0 249.0
0 277.0 324.0
0 482.0 552.0
0 820.0 211.0
0 35.0 520.0
0 103.0 606.0
0 404.0 354.0
0 308.0 410.0
0 294.0 401.0
0 379.0 362.0
0 417.0 241.0
0 604.0 615.0
0 858.0 317.0
0 944.0 385.0
0 523.0 467.0
0 1007.0 180.0
0 313.0 424.0
0 938.0 393.0
0 938.0 530.0
0 953.0 260.0
0 922.0 463.0
0 893.0 363.0
0 831.0 320.0
0 193.0 318.0
0 795.0 509.0
0 969.0 246.0
0 850.0 526.0
0 821.0 318.0
0 930.0 292.0
0 961.0 457.0
0 747.0 173.0
0 788.0 470.0
0 211.0 424.0
0 914.0 154.0
0 979.0 270.0
0 397.0 279.0
0 959.0 243.0
0 74.0 558.0
0 209.0 339.0
0 601.0 490.0
0 65.0 639.0
0 886.0 415.0
0 336.0 349.0
0 531.0 577.0
0 963.0 214.0
0 530.0 561.0
0 869.0 121.0
0 1013.0 221.0
0 97.0 586.0
0 214.0 547.0
0 373.0 280.0
0 348.0 343.0
0 381.0 376.0
0 799.0 534.0
0 338.0 419.0
0 764.0 427.0
0 932.0 481.0
0 801.0 299.0
0 152.0 394.0
0 781.0 178.0
0 791.0 378.0
0 23.0 482.0
0 903.0 138.0
0 771.0 354.0
0 386.0 272.0
0 194.0 387.0
0 770.0 310.0
0 102.0 569.0
0 802.0 356.0
0 827.0 560.0
0 883.0 377.0
0 899.0 333.0
0 305.0 328.0
0 277.0 433.0
0 92.0 450.0
0 928.0 333.0
0 62.0 614.0
0 454.0 397.0
0 450.0 303.0
0 395.0 361.0
0 802.0 458.0
0 370.0 393.0
0 930.0 223.0
0 455.0 546.0
0 365.0 352.0
0 908.0 309.0
0 840.0 337.0
0 990.0 335.0
0 236.0 438.0
0 920.0 534.0
0 404.0 453.0
0 997.0 243.0
0 22.0 597.0
0 824.0 344.0
0 250.0 278.0
0 441.0 396.0
0 862.0 458.0
0 876.0 361.0
0 77.0 578.0
0 44.0 400.0
0 784.0 219.0
0 583.0 564.0
0 845.0 459.0
0 640.0 569.0
0 385.0 395.0
0 432.0 257.0
0 898.0 268.0
0 838.0 465.0
0 879.0 265.0
0 757.0 392.0
0 843.0 561.0
0 899.0 125.0
0 453.0 356.0
0 555.0 585.0
0 301.0 358.0
0 222.0 242.0
0 38.0 648.0
0 778.0 386.0
0 229.0 408.0
0 804.0 558.0
0 974.0 285.0
0 834.0 517.0
0 782.0 229.0
0 154.0 280.0
0 801.0 521.0
0 745.0 374.0
0 340.0 404.0
0 21.0 626.0
0 143.0 368.0
0 840.0 406.0
0 171.0 414.0
0 795.0 258.0
0 864.0 262.0
0 49.0 529.0
0 869.0 247.0
0 379.0 323.0
0 939.0 475.0
0 608.0 539.0
0 478.0 297.0
0 916.0 421.0
0 872.0 279.0
0 85.0 576.0
0 911.0 339.0
0 865.0 385.0
0 99.0 621.0
0 28.0 499.0
0 745.0 253.0
0 319.0 518.0
0 83.0 492.0
0 422.0 254.0
0 747.0 476.0
0 372.0 329.0
0 542.0 484.0
0 426.0 392.0
0 829.0 437.0
0 780.0 352.0
0 362.0 368.0
0 232.0 502.0
0 171.0 540.0
0 739.0 533.0
0 849.0 503.0
0 921.0 396.0
0 952.0 491.0
0 731.0 495.0
0 358.0 391.0
0 135.0 467.0
0 877.0 371.0
0 324.0 561.0
0 936.0 364.0
0 766.0 327.0
0 772.0 321.0
0 170.0 455.0
0 747.0 386.0
0 828.0 408.0
0 790.0 391.0
0 772.0 344.0
0 27.0 390.0
0 421.0 210.0
0 852.0 391.0
0 867.0 411.0
0 752.0 446.0
0 235.0 254.0
0 924.0 543.0
0 363.0 333.0
0 471.0 520.0
0 536.0 542.0
0 500.0 575.0
0 534.0 624.0
0 44.0 696.0
0 550.0 636.0
0 872.0 469.0
0 851.0 299.0
0 402.0 390.0
0 540.0 585.0
0 38.0 637.0
0 369.0 413.0
0 232.0 346.0
0 910.0 280.0
0 853.0 364.0
0 803.0 388.0
0 805.0 412.0
0 980.0 217.0
0 12.0 624.0
0 828.0 454.0
0 746.0 508.0
0 890.0 197.0
0 992.0 273.0
0 453.0 339.0
0 785.0 604.0
0 790.0 281.0
0 907.0 363.0
0 166.0 471.0
0 469.0 383.0
0 371.0 523.0
0 131.0 657.0
0 936.0 454.0
0 880.0 434.0
0 443.0 322.0
0 559.0 618.0
0 721.0 456.0
0 756.0 379.0
0 905.0 234.0
0 795.0 231.0
0 908.0 105.0
0 801.0 238.0
0 279.0 528.0
0 479.0 355.0
0 859.0 420.0
0 794.0 566.0
0 921.0 261.0
0 949.0 376.0
0 771.0 378.0
0 777.0 365.0
0 890.0 291.0
0 936.0 380.0
0 563.0 354.0
0 669.0 316.0
0 129.0 445.0
0 847.0 413.0
0 762.0 527.0
0 864.0 135.0
0 492.0 338.0
0 718.0 463.0
0 607.0 565.0
0 395.0 215.0
0 988.0 160.0
0 736.0 527.0
0 868.0 102.0
0 89.0 676.0
0 267.0 559.0
0 756.0 150.0
0 153.0 480.0
0 41.0 618.0
0 405.0 426.0
0 944.0 453.0
0 736.0 174.0
0 917.0 364.0
0 180.0 523.0
0 259.0 538.0
0 147.0 286.0
0 755.0 244.0
0 433.0 280.0
0 452.0 373.0
0 396.0 300.0
0 186.0 288.0
0 945.0 367.0
0 812.0 447.0
0 171.0 269.0
0 861.0 529.0
0 489.0 562.0
0 731.0 516.0
0 505.0 589.0
0 231.0 486.0
0 476.0 374.0
0 151.0 307.0
0 641.0 550.0
0 199.0 256.0
0 267.0 335.0
0 878.0 243.0
0 735.0 182.0
0 807.0 403.0
0 807.0 429.0
0 406.0 231.0
0 836.0 218.0
0 935.0 557.0
0 525.0 512.0
0 171.0 507.0
0 394.0 427.0
0 457.0 570.0
0 48.0 607.0
0 403.0 527.0
0 568.0 543.0
0 155.0 244.0
0 782.0 287.0
0 854.0 214.0
0 455.0 255.0
0 8.0 586.0
0 80.0 478.0
0 278.0 369.0
0 382.0 248.0
0 720.0 445.0
0 911.0 376.0
0 357.0 511.0
0 474.0 254.0
0 949.0 513.0
0 529.0 618.0
0 737.0 203.0
0 790.0 424.0
0 77.0 625.0
0 381.0 544.0
0 530.0 551.0
0 482.0 363.0
0 834.0 152.0
0 592.0 569.0
0 494.0 631.0
0 491.0 514.0
0 838.0 448.0
0 155.0 438.0
0 558.0 335.0
0 161.0 507.0
0 532.0 643.0
0 13.0 436.0
0 873.0 271.0
0 475.0 273.0
0 220.0 431.0
0 107.0 494.0
0 766.0 446.0
0 469.0 415.0
0 248.0 402.0
0 439.0 216.0
0 157.0 458.0
0 47.0 469.0
0 264.0 307.0
0 331.0 537.0
0 225.0 384.0
0 337.0 484.0
0 254.0 442.0
0 726.0 428.0
0 715.0 513.0
0 841.0 323.0
0 63.0 511.0
0 232.0 380.0
0 949.0 208.0
0 294.0 567.0
0 420.0 417.0
0 748.0 232.0
0 290.0 495.0
0 562.0 594.0
0 878.0 115.0
0 850.0 329.0
0 528.0 593.0
0 906.0 115.0
0 646.0 323.0
0 882.0 390.0
0 26.0 647.0
0 50.0 630.0
0 869.0 525.0
0 181.0 397.0
0 739.0 226.0
0 353.0 358.0
0 828.0 286.0
0 138.0 309.0
0 594.0 587.0
0 199.0 234.0
0 902.0 448.0
0 715.0 501.0
0 470.0 474.0
0 56.0 563.0
0 88.0 627.0
0 244.0 420.0
0 394.0 373.0
0 169.0 303.0
0 888.0 249.0
0 459.0 228.0
0 921.0 271.0
0 487.0 309.0
0 53.0 544.0
0 732.0 543.0
0 1005.0 243.0
0 759.0 342.0
0 859.0 400.0
0 484.0 345.0
0 851.0 338.0
0 904.0 473.0
0 32.0 552.0
0 823.0 279.0
0 296.0 523.0
0 432.0 418.0
0 465.0 375.0
0 503.0 622.0
0 12.0 547.0
0 189.0 361.0
0 613.0 541.0
0 408.0 211.0
0 335.0 368.0
0 742.0 210.0
0 873.0 352.0
0 754.0 333.0
0 750.0 489.0
0 280.0 390.0
0 907.0 455.0
0 735.0 488.0
0 767.0 345.0
0 754.0 347.0
0 158.0 645.0
0 132.0 279.0
0 145.0 296.0
0 870.0 331.0
0 588.0 604.0
0 894.0 217.0
0 923.0 500.0
0 61.0 529.0
0 378.0 236.0
0 944.0 523.0
0 810.0 211.0
0 790.0 300.0
0 25.0 448.0
0 522.0 644.0
0 949.0 443.0
0 399.0 240.0
0 645.0 559.0
0 952.0 451.0
0 997.0 253.0
0 40.0 572.0
0 114.0 621.0
0 919.0 330.0
0 199.0 425.0
0 14.0 445.0
0 545.0 503.0
0 435.0 270.0
0 514.0 629.0
0 886.0 85.0
0 185.0 376.0
0 845.0 491.0
0 23.0 584.0
0 921.0 313.0
0 881.0 423.0
0 425.0 295.0
0 13.0 528.0
0 50.0 612.0
0 143.0 253.0
0 827.0 389.0
0 523.0 590.0
0 319.0 511.0
0 916.0 359.0
0 572.0 558.0
0 192.0 351.0
0 137.0 263.0
0 300.0 551.0
0 556.0 572.0
0 784.0 309.0
0 201.0 328.0
0 614.0 284.0
0 571.0 588.0
0 877.0 127.0
0 23.0 660.0
0 901.0 88.0
0 1011.0 213.0
0 461.0 456.0
0 180.0 558.0
0 168.0 279.0
0 958.0 267.0
0 448.0 219.0
0 955.0 289.0
0 539.0 567.0
0 490.0 322.0
0 879.0 224.0
0 207.0 247.0
0 740.0 449.0
0 1087.0 709.0
0 917.0 404.0
0 150.0 269.0
0 23.0 436.0
0 912.0 542.0
0 43.0 549.0
0 747.0 314.0
0 829.0 336.0
0 525.0 517.0
0 476.0 264.0
0 1000.0 262.0
0 32.0 509.0
0 876.0 329.0
0 288.0 339.0
0 948.0 213.0
0 965.0 263.0
0 449.0 492.0
0 832.0 210.0
0 835.0 475.0
0 746.0 503.0
0 488.0 314.0
0 32.0 429.0
0 882.0 214.0
0 473.0 249.0
0 890.0 532.0
0 973.0 265.0
0 1085.0 220.0
0 189.0 243.0
0 747.0 381.0
0 942.0 464.0
0 516.0 502.0
0 180.0 235.0
0 763.0 263.0
0 915.0 220.0
0 542.0 575.0
0 827.0 432.0
0 523.0 620.0
0 245.0 456.0
0 743.0 231.0
0 772.0 444.0
0 196.0 547.0
0 448.0 339.0
0 831.0 569.0
0 851.0 151.0
0 198.0 267.0
0 442.0 390.0
0 299.0 568.0
0 503.0 640.0
0 191.0 376.0
0 866.0 110.0
0 207.0 236.0
0 141.0 438.0
0 860.0 451.0
0 608.0 560.0
0 460.0 243.0
0 794.0 525.0
0 258.0 396.0
0 839.0 487.0
0 227.0 511.0
0 905.0 93.0
0 332.0 423.0
0 933.0 233.0
0 8.0 362.0
0 833.0 482.0
0 434.0 275.0
0 201.0 547.0
0 298.0 372.0
0 383.0 390.0
0 907.0 269.0
0 363.0 419.0
0 576.0 589.0
0 248.0 428.0
0 787.0 435.0
0 398.0 528.0
0 740.0 309.0
0 227.0 527.0
0 801.0 553.0
0 419.0 527.0
0 395.0 413.0
0 879.0 88.0
0 890.0 393.0
0 498.0 426.0
0 480.0 369.0
0 87.0 547.0
0 168.0 466.0
0 29.0 595.0
0 527.0 644.0
0 394.0 399.0
0 194.0 234.0
0 751.0 429.0
0 49.0 512.0
0 410.0 307.0
0 564.0 565.0
0 374.0 449.0
0 237.0 420.0
0 720.0 451.0
0 934.0 449.0
0 863.0 358.0
0 391.0 529.0
0 57.0 515.0
0 916.0 399.0
0 184.0 563.0
0 919.0 345.0
0 564.0 285.0
0 487.0 557.0
0 202.0 294.0
0 490.0 542.0
0 569.0 572.0
0 223.0 398.0
0 980.0 237.0
0 261.0 413.0
0 900.0 371.0
0 640.0 559.0
0 561.0 545.0
0 789.0 429.0
0 882.0 428.0
0 571.0 552.0
0 874.0 260.0
0 366.0 461.0
0 829.0 294.0
0 136.0 304.0
0 984.0 279.0
0 948.0 503.0
0 465.0 236.0
0 471.0 244.0
0 167.0 448.0
0 508.0 627.0
0 916.0 312.0
0 903.0 482.0
0 800.0 401.0
0 596.0 576.0
0 132.0 285.0
0 512.0 642.0
0 184.0 534.0
0 884.0 236.0
0 168.0 315.0
0 840.0 205.0
0 815.0 211.0
0 447.0 421.0
0 800.0 450.0
0 596.0 582.0
0 748.0 350.0
0 525.0 507.0
0 971.0 192.0
0 358.0 334.0
0 438.0 304.0
0 816.0 282.0
0 826.0 427.0
0 853.0 219.0
0 8.0 368.0
0 814.0 421.0
0 238.0 392.0
0 283.0 366.0
0 441.0 85.0
0 285.0 551.0
0 789.0 419.0
0 916.0 548.0
0 335.0 513.0
0 871.0 97.0
0 907.0 98.0
0 555.0 630.0
0 896.0 232.0
0 480.0 399.0
0 836.0 321.0
0 97.0 547.0
0 22.0 652.0
0 159.0 512.0
0 401.0 226.0
0 870.0 416.0
0 374.0 256.0
0 268.0 385.0
0 133.0 274.0
0 140.0 258.0
0 348.0 400.0
0 201.0 280.0
0 904.0 199.0
0 151.0 389.0
0 938.0 552.0
0 189.0 514.0
0 383.0 229.0
0 939.0 433.0
0 142.0 316.0
0 173.0 248.0
0 319.0 563.0
0 187.0 557.0
0 83.0 627.0
0 500.0 581.0
0 787.0 496.0
0 820.0 356.0
0 147.0 248.0
0 912.0 574.0
0 34.0 442.0
0 891.0 85.0
0 735.0 194.0
0 291.0 383.0
0 935.0 347.0
0 397.0 348.0
0 910.0 224.0
0 427.0 417.0
0 973.0 377.0
0 176.0 553.0
0 960.0 287.0
0 806.0 240.0
0 869.0 130.0
0 161.0 517.0
0 1000.0 169.0
0 405.0 464.0
0 616.0 555.0
0 453.0 223.0
0 262.0 335.0
0 267.0 438.0
0 944.0 374.0
0 847.0 516.0
0 31.0 648.0
0 234.0 317.0
0 670.0 257.0
0 896.0 86.0
0 716.0 518.0
0 80.0 565.0
0 461.0 324.0
0 805.0 397.0
0 824.0 313.0
0 453.0 561.0
0 196.0 336.0
0 823.0 284.0
0 720.0 501.0
0 949.0 164.0
0 296.0 320.0
0 889.0 304.0
0 184.0 360.0
0 133.0 290.0
0 852.0 358.0
0 714.0 507.0
0 423.0 249.0
0 950.0 287.0
0 753.0 531.0
0 868.0 622.0
0 411.0 219.0
0 311.0 419.0
0 858.0 370.0
0 890.0 240.0
0 581.0 596.0
0 475.0 259.0
0 48.0 567.0
0 907.0 110.0
0 323.0 384.0
0 24.0 548.0
0 606.0 599.0
0 169.0 460.0
0 50.0 573.0
0 801.0 548.0
0 814.0 441.0
0 880.0 439.0
0 904.0 504.0
0 201.0 333.0
0 179.0 518.0
0 883.0 385.0
0 449.0 261.0
0 810.0 435.0
0 27.0 431.0
0 720.0 479.0
0 157.0 400.0
0 21.0 647.0
0 835.0 205.0
0 496.0 636.0
0 759.0 223.0
0 262.0 558.0
0 327.0 532.0
0 216.0 592.0
0 482.0 561.0
0 758.0 264.0
0 928.0 535.0
0 904.0 385.0
0 273.0 399.0
0 816.0 545.0
0 675.0 258.0
0 893.0 132.0
0 396.0 328.0
0 196.0 327.0
0 536.0 483.0
0 460.0 554.0
0 312.0 565.0
0 12.0 542.0
1 298.0 457.0
1 980.0 385.0
1 880.0 296.0
1 1012.0 434.0
1 1061.0 423.0
1 907.0 479.0
1 1027.0 516.0
1 238.0 681.0
1 532.0 501.0
1 1078.0 529.0
1 276.0 635.0
1 918.0 475.0
1 937.0 542.0
1 715.0 710.0
1 1061.0 556.0
1 924.0 427.0
1 1052.0 606.0
1 573.0 392.0
1 1030.0 436.0
1 607.0 368.0
1 221.0 750.0
1 471.0 523.0
1 105.0 701.0
1 910.0 382.0
1 245.0 748.0
1 306.0 567.0
1 938.0 575.0
1 307.0 623.0
1 201.0 672.0
1 369.0 350.0
1 925.0 252.0
1 421.0 223.0
1 1048.0 422.0
1 938.0 319.0
1 897.0 317.0
1 952.0 341.0
1 1030.0 410.0
1 1058.0 223.0
1 476.0 449.0
1 883.0 434.0
1 1010.0 446.0
1 298.0 429.0
1 993.0 314.0
1 908.0 234.0
1 884.0 489.0
1 984.0 343.0
1 299.0 483.0
1 238.0 780.0
1 170.0 618.0
1 403.0 419.0
1 502.0 418.0
1 732.0 607.0
1 1044.0 621.0
1 952.0 540.0
1 220.0 775.0
1 902.0 435.0
1 650.0 653.0
1 895.0 582.0
1 958.0 352.0
1 1012.0 408.0
1 153.0 643.0
1 1090.0 336.0
1 312.0 381.0
1 456.0 518.0
1 687.0 664.0
1 997.0 466.0
1 891.0 302.0
1 705.0 719.0
1 972.0 634.0
1 1065.0 530.0
1 927.0 532.0
1 513.0 451.0
1 992.0 453.0
1 895.0 398.0
1 963.0 336.0
1 1038.0 530.0
1 516.0 504.0
1 1022.0 540.0
1 244.0 737.0
1 75.0 705.0
1 918.0 233.0
1 951.0 329.0
1 974.0 518.0
1 855.0 551.0
1 1114.0 299.0
1 932.0 331.0
1 256.0 730.0
1 893.0 483.0
1 932.0 417.0
1 971.0 361.0
1 946.0 349.0
1 948.0 579.0
1 449.0 500.0
1 191.0 523.0
1 192.0 783.0
1 208.0 727.0
1 854.0 535.0
1 1008.0 216.0
1 1117.0 360.0
1 901.0 334.0
1 977.0 395.0
1 236.0 753.0
1 930.0 390.0
1 222.0 721.0
1 494.0 407.0
1 945.0 467.0
1 540.0 506.0
1 936.0 371.0
1 544.0 415.0
1 455.0 470.0
1 152.0 628.0
1 901.0 304.0
1 566.0 312.0
1 263.0 747.0
1 1063.0 452.0
1 1053.0 530.0
1 897.0 262.0
1 981.0 305.0
1 973.0 607.0
1 1006.0 312.0
1 508.0 59.0
1 1077.0 576.0
1 1000.0 508.0
1 685.0 702.0
1 163.0 576.0
1 844.0 525.0
1 1016.0 495.0
1 313.0 505.0
1 1045.0 389.0
1 525.0 456.0
1 262.0 586.0
1 926.0 465.0
1 238.0 643.0
1 1084.0 563.0
1 958.0 418.0
1 1024.0 528.0
1 485.0 413.0
1 1093.0 441.0
1 523.0 493.0
1 505.0 626.0
1 545.0 343.0
1 781.0 707.0
1 994.0 639.0
1 1043.0 301.0
1 869.0 513.0
1 745.0 614.0
1 1073.0 327.0
1 913.0 585.0
1 423.0 405.0
1 216.0 519.0
1 944.0 310.0
1 456.0 431.0
1 1018.0 475.0
1 993.0 524.0
1 1032.0 351.0
1 827.0 659.0
1 986.0 621.0
1 1040.0 449.0
1 1042.0 485.0
1 232.0 767.0
1 933.0 616.0
1 1064.0 504.0
1 472.0 486.0
1 995.0 440.0
1 1034.0 631.0
1 279.0 400.0
1 395.0 389.0
1 1030.0 503.0
1 286.0 610.0
1 879.0 464.0
1 617.0 389.0
1 767.0 651.0
1 926.0 449.0
1 1040.0 315.0
1 333.0 594.0
1 908.0 250.0
1 293.0 579.0
1 328.0 655.0
1 934.0 477.0
1 1000.0 447.0
1 487.0 513.0
1 491.0 628.0
1 962.0 317.0
1 501.0 403.0
1 417.0 486.0
1 274.0 766.0
1 1061.0 581.0
1 872.0 486.0
1 1005.0 428.0
1 565.0 327.0
1 350.0 372.0
1 525.0 511.0
1 531.0 485.0
1 290.0 631.0
1 1022.0 206.0
1 895.0 291.0
1 750.0 680.0
1 535.0 321.0
1 1064.0 477.0
1 1022.0 461.0
1 996.0 337.0
1 143.0 696.0
1 1055.0 460.0
1 365.0 496.0
1 330.0 578.0
1 918.0 405.0
1 907.0 406.0
1 1112.0 348.0
1 192.0 502.0
1 725.0 725.0
1 187.0 742.0
1 347.0 510.0
1 475.0 505.0
1 349.0 400.0
1 1083.0 454.0
1 795.0 689.0
1 815.0 653.0
1 649.0 548.0
1 286.0 416.0
1 961.0 629.0
1 1050.0 337.0
1 325.0 377.0
1 1004.0 589.0
1 1037.0 496.0
1 983.0 466.0
1 853.0 517.0
1 845.0 505.0
1 879.0 567.0
1 924.0 437.0
1 537.0 360.0
1 860.0 523.0
1 1060.0 308.0
1 297.0 705.0
1 985.0 414.0
1 906.0 371.0
1 421.0 664.0
1 202.0 758.0
1 983.0 503.0
1 1074.0 544.0
1 958.0 616.0
1 694.0 720.0
1 989.0 229.0
1 969.0 416.0
1 606.0 473.0
1 520.0 343.0
1 289.0 446.0
1 960.0 381.0
1 1080.0 436.0
1 1029.0 614.0
1 571.0 340.0
1 973.0 535.0
1 191.0 631.0
1 1059.0 201.0
1 340.0 450.0
1 165.0 701.0
1 1016.0 395.0
1 1079.0 591.0
1 372.0 384.0
1 215.0 533.0
1 667.0 566.0
1 509.0 344.0
1 195.0 594.0
1 1065.0 294.0
1 288.0 732.0
1 533.0 380.0
1 470.0 422.0
1 709.0 678.0
1 883.0 249.0
1 195.0 536.0
1 1005.0 613.0
1 1093.0 416.0
1 1022.0 485.0
1 513.0 326.0
1 1023.0 308.0
1 911.0 285.0
1 1061.0 607.0
1 233.0 627.0
1 563.0 478.0
1 197.0 806.0
1 1001.0 413.0
1 1088.0 288.0
1 915.0 651.0
1 1084.0 517.0
1 442.0 515.0
1 495.0 455.0
1 887.0 272.0
1 894.0 249.0
1 171.0 727.0
1 979.0 349.0
1 519.0 314.0
1 532.0 345.0
1 734.0 622.0
1 955.0 514.0
1 391.0 576.0
1 598.0 458.0
1 877.0 475.0
1 582.0 343.0
1 1025.0 400.0
1 550.0 542.0
1 564.0 444.0
1 371.0 337.0
1 1070.0 512.0
1 579.0 479.0
1 962.0 403.0
1 225.0 593.0
1 734.0 663.0
1 1057.0 357.0
1 1022.0 221.0
1 937.0 443.0
1 894.0 493.0
1 552.0 315.0
1 386.0 356.0
1 994.0 325.0
1 118.0 709.0
1 712.0 630.0
1 963.0 528.0
1 1035.0 465.0
1 449.0 460.0
1 282.0 754.0
1 1111.0 237.0
1 717.0 720.0
1 937.0 597.0
1 325.0 406.0
1 401.0 370.0
1 889.0 416.0
1 634.0 615.0
1 763.0 665.0
1 476.0 535.0
1 672.0 585.0
1 1000.0 631.0
1 1072.0 604.0
1 325.0 352.0
1 377.0 371.0
1 963.0 577.0
1 1038.0 510.0
1 929.0 595.0
1 318.0 566.0
1 950.0 450.0
1 1064.0 333.0
1 334.0 522.0
1 882.0 265.0
1 339.0 405.0
1 407.0 661.0
1 1043.0 598.0
1 652.0 586.0
1 1090.0 549.0
1 722.0 366.0
1 60.0 707.0
1 987.0 483.0
1 640.0 649.0
1 394.0 501.0
1 913.0 452.0
1 803.0 709.0
1 514.0 364.0
1 405.0 545.0
1 904.0 516.0
1 437.0 494.0
1 590.0 449.0
1 502.0 432.0
1 285.0 693.0
1 286.0 745.0
1 346.0 388.0
1 973.0 343.0
1 1010.0 576.0
1 692.0 612.0
1 966.0 295.0
1 1058.0 346.0
1 903.0 586.0
1 333.0 605.0
1 259.0 767.0
1 1083.0 355.0
1 456.0 624.0
1 523.0 521.0
1 935.0 240.0
1 473.0 459.0
1 280.0 715.0
1 323.0 393.0
1 254.0 670.0
1 970.0 544.0
1 296.0 498.0
1 414.0 430.0
1 589.0 406.0
1 535.0 444.0
1 904.0 604.0
1 350.0 579.0
1 915.0 599.0
1 158.0 552.0
1 707.0 606.0
1 904.0 321.0
1 637.0 430.0
1 629.0 411.0
1 780.0 578.0
1 68.0 723.0
1 927.0 629.0
1 746.0 716.0
1 1054.0 596.0
1 884.0 317.0
1 520.0 408.0
1 1102.0 308.0
1 912.0 316.0
1 493.0 525.0
1 276.0 382.0
1 975.0 403.0
1 316.0 519.0
1 1048.0 522.0
1 166.0 642.0
1 1016.0 297.0
1 956.0 468.0
1 1047.0 401.0
1 554.0 452.0
1 626.0 440.0
1 349.0 671.0
1 649.0 672.0
1 135.0 656.0
1 478.0 635.0
1 396.0 408.0
1 899.0 453.0
1 982.0 324.0
1 886.0 447.0
1 652.0 663.0
1 964.0 504.0
1 243.0 664.0
1 763.0 688.0
1 1032.0 372.0
1 571.0 107.0
1 250.0 568.0
1 492.0 478.0
1 564.0 293.0
1 255.0 537.0
1 397.0 482.0
1 865.0 499.0
1 225.0 612.0
1 1057.0 379.0
1 896.0 548.0
1 208.0 788.0
1 471.0 617.0
1 401.0 513.0
1 288.0 473.0
1 734.0 695.0
1 910.0 272.0
1 992.0 393.0
1 829.0 638.0
1 936.0 457.0
1 537.0 297.0
1 802.0 670.0
1 362.0 395.0
1 595.0 478.0
1 925.0 356.0
1 548.0 363.0
1 352.0 504.0
1 1036.0 173.0
1 551.0 619.0
1 949.0 286.0
1 495.0 420.0
1 583.0 299.0
1 1112.0 313.0
1 481.0 659.0
1 957.0 595.0
1 266.0 671.0
1 521.0 373.0
1 104.0 671.0
1 358.0 366.0
1 1003.0 622.0
1 621.0 458.0
1 984.0 630.0
1 1096.0 357.0
1 610.0 459.0
1 1048.0 503.0
1 853.0 480.0
1 500.0 605.0
1 1065.0 617.0
1 503.0 521.0
1 287.0 685.0
1 284.0 821.0
1 604.0 498.0
1 321.0 793.0
1 385.0 102.0
1 972.0 228.0
1 919.0 493.0
1 891.0 228.0
1 710.0 689.0
1 929.0 307.0
1 817.0 635.0
1 511.0 517.0
1 151.0 702.0
1 213.0 797.0
1 330.0 346.0
1 994.0 368.0
1 313.0 359.0
1 635.0 594.0
1 516.0 544.0
1 207.0 740.0
1 241.0 719.0
1 599.0 312.0
1 998.0 489.0
1 273.0 698.0
1 1076.0 243.0
1 629.0 390.0
1 716.0 622.0
1 301.0 380.0
1 307.0 650.0
1 268.0 652.0
1 669.0 660.0
1 778.0 643.0
1 439.0 419.0
1 861.0 568.0
1 534.0 472.0
1 1052.0 407.0
1 970.0 563.0
1 916.0 506.0
1 229.0 745.0
1 1020.0 191.0
1 448.0 483.0
1 364.0 524.0
1 247.0 589.0
1 1020.0 387.0
1 957.0 235.0
1 1087.0 539.0
1 717.0 669.0
1 837.0 564.0
1 192.0 569.0
1 1069.0 439.0
1 1020.0 599.0
1 344.0 603.0
1 237.0 524.0
1 385.0 444.0
1 348.0 527.0
1 473.0 417.0
1 313.0 611.0
1 549.0 488.0
1 882.0 601.0
1 747.0 645.0
1 738.0 580.0
1 496.0 473.0
1 948.0 303.0
1 923.0 653.0
1 404.0 386.0
1 654.0 606.0
1 1119.0 370.0
1 438.0 445.0
1 620.0 375.0
1 1007.0 596.0
1 1087.0 323.0
1 60.0 692.0
1 988.0 398.0
1 1022.0 425.0
1 186.0 684.0
1 443.0 594.0
1 471.0 436.0
1 744.0 656.0
1 256.0 705.0
1 422.0 506.0
1 362.0 438.0
1 679.0 720.0
1 643.0 671.0
1 696.0 739.0
1 596.0 347.0
1 196.0 616.0
1 1047.0 591.0
1 385.0 88.0
1 582.0 361.0
1 1047.0 542.0
1 1116.0 271.0
1 316.0 443.0
1 897.0 426.0
1 667.0 650.0
1 147.0 674.0
1 180.0 595.0
1 943.0 532.0
1 589.0 334.0
1 524.0 333.0
1 292.0 346.0
1 315.0 632.0
1 966.0 375.0
1 431.0 544.0
1 792.0 360.0
1 1083.0 420.0
1 935.0 429.0
1 514.0 512.0
1 342.0 776.0
1 218.0 699.0
1 251.0 646.0
1 276.0 596.0
1 744.0 690.0
1 350.0 328.0
1 1047.0 577.0
1 1005.0 300.0
1 80.0 673.0
1 909.0 420.0
1 613.0 632.0
1 462.0 671.0
1 1048.0 217.0
1 927.0 350.0
1 635.0 396.0
1 330.0 674.0
1 885.0 285.0
1 875.0 576.0
1 344.0 340.0
1 488.0 435.0
1 840.0 536.0
1 942.0 237.0
1 520.0 348.0
1 346.0 487.0
1 1025.0 597.0
1 219.0 677.0
1 434.0 634.0
1 897.0 465.0
1 294.0 392.0
1 1033.0 446.0
1 692.0 644.0
1 783.0 662.0
1 607.0 323.0
1 555.0 465.0
1 797.0 664.0
1 90.0 145.0
1 961.0 306.0
1 742.0 735.0
1 842.0 546.0
1 687.0 644.0
1 352.0 429.0
1 987.0 536.0
1 463.0 448.0
1 297.0 755.0
1 552.0 293.0
1 254.0 785.0
1 750.0 673.0
1 223.0 504.0
1 636.0 418.0
1 200.0 775.0
1 509.0 552.0
1 627.0 450.0
1 216.0 587.0
1 235.0 310.0
1 571.0 382.0
1 754.0 657.0
1 481.0 335.0
1 179.0 496.0
1 769.0 693.0
1 1021.0 582.0
1 611.0 334.0
1 599.0 423.0
1 328.0 501.0
1 278.0 368.0
1 308.0 369.0
1 927.0 283.0
1 1036.0 193.0
1 700.0 377.0
1 360.0 592.0
1 997.0 563.0
1 785.0 651.0
1 600.0 439.0
1 906.0 491.0
1 931.0 274.0
1 180.0 511.0
1 1051.0 516.0
1 198.0 768.0
1 261.0 600.0
1 914.0 363.0
1 479.0 615.0
1 991.0 587.0
1 1052.0 209.0
1 857.0 475.0
1 1002.0 531.0
1 528.0 620.0
1 110.0 721.0
1 1058.0 179.0
1 995.0 300.0
1 1050.0 635.0
1 915.0 466.0
1 1039.0 473.0
1 562.0 494.0
1 895.0 471.0
1 1027.0 476.0
1 588.0 385.0
1 369.0 528.0
1 199.0 622.0
1 281.0 579.0
1 815.0 381.0
1 1068.0 588.0
1 925.0 244.0
1 728.0 742.0
1 888.0 515.0
1 924.0 317.0
1 382.0 384.0
1 616.0 606.0
1 1073.0 586.0
1 973.0 470.0
1 235.0 742.0
1 583.0 355.0
1 556.0 505.0
1 1003.0 606.0
1 1069.0 599.0
1 331.0 667.0
1 877.0 504.0
1 550.0 325.0
1 486.0 524.0
1 447.0 672.0
1 383.0 537.0
1 236.0 791.0
1 1070.0 521.0
1 307.0 337.0
1 341.0 658.0
1 224.0 799.0
1 967.0 229.0
1 805.0 104.0
1 547.0 483.0
1 904.0 496.0
1 776.0 317.0
1 185.0 487.0
1 345.0 327.0
1 390.0 420.0
1 1015.0 583.0
1 788.0 677.0
1 532.0 467.0
1 955.0 523.0
1 956.0 463.0
1 381.0 609.0
1 613.0 340.0
1 535.0 637.0
1 187.0 567.0
1 339.0 466.0
1 776.0 656.0
1 1070.0 239.0
1 517.0 389.0
1 1009.0 565.0
1 1042.0 643.0
1 473.0 473.0
1 668.0 655.0
1 1046.0 222.0
1 339.0 556.0
1 556.0 302.0
1 1007.0 517.0
1 682.0 644.0
1 1081.0 343.0
1 175.0 533.0
1 95.0 730.0
1 1005.0 404.0
1 1001.0 364.0
1 863.0 563.0
1 316.0 489.0
1 876.0 614.0
1 222.0 496.0
1 591.0 304.0
1 407.0 496.0
1 638.0 660.0
1 539.0 396.0
1 220.0 694.0
1 791.0 662.0
1 1047.0 348.0
1 286.0 352.0
1 711.0 744.0
1 1033.0 296.0
1 1009.0 522.0
1 1032.0 212.0
1 242.0 653.0
1 485.0 460.0
1 1050.0 479.0
1 340.0 327.0
1 1060.0 274.0
1 463.0 507.0
1 703.0 741.0
1 887.0 424.0
1 335.0 440.0
1 945.0 594.0
1 222.0 789.0
1 944.0 458.0
1 745.0 729.0
1 888.0 322.0
1 596.0 360.0
1 1035.0 424.0
1 514.0 615.0
1 177.0 659.0
1 861.0 575.0
1 534.0 387.0
1 913.0 391.0
1 448.0 534.0
1 1027.0 485.0
1 351.0 420.0
1 1051.0 174.0
1 452.0 672.0
1 576.0 333.0
1 390.0 489.0
1 418.0 466.0
1 659.0 575.0
1 336.0 478.0
1 610.0 464.0
1 88.0 731.0
1 1004.0 563.0
1 996.0 434.0
1 899.0 567.0
1 219.0 488.0
1 1027.0 179.0
1 744.0 665.0
1 956.0 530.0
1 80.0 730.0
1 553.0 638.0
1 695.0 341.0
1 912.0 369.0
1 512.0 467.0
1 413.0 475.0
1 548.0 385.0
1 716.0 695.0
1 580.0 366.0
1 502.0 498.0
1 901.0 270.0
1 775.0 119.0
1 353.0 366.0
1 344.0 557.0
1 415.0 546.0
1 295.0 492.0
1 462.0 461.0
1 709.0 683.0
1 1067.0 550.0
1 918.0 254.0
1 719.0 602.0
1 199.0 481.0
1 987.0 404.0
1 177.0 581.0
1 239.0 587.0
1 480.0 647.0
1 380.0 591.0
1 274.0 744.0
1 851.0 485.0
1 1052.0 444.0
1 534.0 340.0
1 1035.0 460.0
1 744.0 579.0
1 220.0 619.0
1 897.0 228.0
1 1078.0 422.0
1 625.0 582.0
1 535.0 516.0
1 207.0 481.0
1 747.0 589.0
1 1022.0 186.0
1 971.0 391.0
1 461.0 496.0
1 1087.0 365.0
1 346.0 437.0
1 75.0 675.0
1 687.0 733.0
1 626.0 596.0
1 305.0 408.0
1 185.0 679.0
1 1013.0 416.0
1 1061.0 184.0
1 963.0 510.0
1 679.0 715.0
1 550.0 526.0
1 1007.0 528.0
1 424.0 501.0
1 296.0 472.0
1 716.0 744.0
1 1056.0 436.0
1 211.0 587.0
1 913.0 263.0
1 194.0 482.0
1 339.0 471.0
1 1065.0 351.0
1 236.0 704.0
1 321.0 521.0
1 58.0 697.0
1 929.0 518.0
1 350.0 560.0
1 1062.0 189.0
1 386.0 496.0
1 468.0 206.0
1 519.0 617.0
1 354.0 612.0
1 1048.0 383.0
1 185.0 689.0
1 1047.0 586.0
1 548.0 496.0
1 376.0 625.0
1 273.0 720.0
1 1068.0 434.0
1 985.0 553.0
1 752.0 642.0
1 977.0 227.0
1 262.0 656.0
1 723.0 311.0
1 529.0 71.0
1 964.0 392.0
1 933.0 404.0
1 1044.0 555.0
1 612.0 354.0
1 607.0 445.0
1 405.0 607.0
1 489.0 614.0
1 737.0 738.0
1 340.0 491.0
1 797.0 363.0
1 224.0 731.0
1 1050.0 623.0
1 997.0 581.0
1 626.0 455.0
1 1012.0 530.0
1 286.0 740.0
1 363.0 584.0
1 68.0 681.0
1 374.0 552.0
1 257.0 688.0
1 905.0 284.0
1 561.0 500.0
1 349.0 658.0
1 165.0 594.0
1 884.0 416.0
1 340.0 678.0
1 914.0 420.0
1 914.0 321.0
1 513.0 359.0
1 360.0 573.0
1 814.0 414.0
1 498.0 600.0
1 663.0 561.0
1 357.0 329.0
1 996.0 649.0
1 302.0 386.0
1 1035.0 429.0
1 665.0 336.0
1 1050.0 470.0
1 1018.0 215.0
1 1059.0 625.0
1 556.0 357.0
1 897.0 412.0
1 1039.0 520.0
1 619.0 601.0
1 620.0 380.0
1 816.0 648.0
1 537.0 433.0
1 1068.0 312.0
1 426.0 543.0
1 470.0 609.0
1 178.0 503.0
1 957.0 360.0
1 455.0 445.0
1 404.0 464.0
1 431.0 488.0
1 877.0 588.0
1 837.0 569.0
1 359.0 480.0
1 707.0 729.0
1 730.0 719.0
1 325.0 671.0
1 618.0 629.0
1 993.0 373.0
1 439.0 657.0
1 600.0 341.0
1 659.0 603.0
1 421.0 533.0
1 785.0 694.0
1 957.0 621.0
1 895.0 328.0
1 823.0 636.0
1 306.0 421.0
1 555.0 393.0
1 408.0 471.0
1 933.0 409.0
1 1070.0 354.0
1 889.0 499.0
1 367.0 713.0
1 966.0 521.0
1 895.0 277.0
1 485.0 407.0
1 230.0 657.0
1 351.0 452.0
1 919.0 244.0
1 699.0 724.0
1 381.0 645.0
1 319.0 666.0
1 909.0 470.0
1 478.0 473.0
1 222.0 687.0
1 536.0 439.0
1 249.0 710.0
1 594.0 424.0
1 276.0 375.0
1 920.0 637.0
1 1065.0 517.0
1 552.0 577.0
1 739.0 693.0
1 887.0 442.0
1 254.0 610.0
1 1088.0 356.0
1 608.0 328.0
1 920.0 498.0
1 704.0 642.0
1 609.0 558.0
1 467.0 669.0
1 925.0 481.0
1 573.0 377.0
1 419.0 528.0
1 28.0 299.0
1 257.0 654.0
1 85.0 672.0
1 444.0 453.0
1 628.0 512.0
1 1102.0 262.0
1 746.0 601.0
1 867.0 504.0
1 436.0 440.0
1 181.0 590.0
1 551.0 505.0
1 344.0 482.0
1 963.0 397.0
1 184.0 730.0
1 670.0 574.0
1 206.0 776.0
1 225.0 695.0
1 544.0 437.0
1 839.0 576.0
1 1059.0 332.0
1 540.0 343.0
1 595.0 434.0
1 974.0 616.0
1 148.0 679.0
1 71.0 728.0
1 383.0 655.0
1 472.0 666.0
1 538.0 631.0
1 1002.0 526.0
1 255.0 760.0
1 1060.0 518.0
1 356.0 533.0
