0 496 0 104.84183440915072
0 415 1 112.14875504920256
0 767 2 115.79799159987046
0 925 3 104.85813739795415
0 115 4 103.28544066491894
0 530 5 105.7915676308833
0 271 6 105.05591931168064
0 909 7 116.20892401286544
0 175 8 104.8266892300133
0 364 9 102.82058287494587
0 144 10 104.03235037659387
0 596 11 160.97593317488295
0 759 12 102.52658127967074
0 158 13 113.33353914192274
0 640 14 102.09644006461744
0 842 15 109.14949456308887
0 525 16 102.70826898971981
0 797 17 117.36113831493485
0 407 18 163.8176350533394
0 370 19 102.91814613047599
0 127 20 159.78795534147486
0 353 21 102.05292413417479
0 539 22 115.49607323913953
0 402 23 104.18991844326604
0 48 24 103.68785838659393
0 616 25 102.34053455267691
0 176 26 116.38826547782016
0 513 27 104.62040592344543
0 274 28 105.16748915272464
0 562 29 103.2346735064731
0 609 30 102.98829802319278
0 585 31 102.66096964873658
0 639 32 105.81947255061696
0 499 33 103.05358262761446
0 483 34 105.99055958908765
0 853 35 109.95312322947244
0 189 36 109.70885709259906
0 448 37 103.6131286154816
0 93 38 106.73061557268504
0 50 39 101.828791691334
0 429 40 116.67460041880476
0 755 41 127.91493937594598
0 325 42 103.02783846730054
0 449 43 104.74220028084058
0 155 44 104.48604761468219
0 375 45 121.5433436949686
0 224 46 102.82881952478216
0 53 47 102.40028750080718
0 912 48 104.64210266981435
0 551 49 103.76852982290923
0 298 50 102.17022300981186
0 179 51 119.69705768914383
0 96 52 116.4387267567988
0 784 53 102.15175950289259
0 517 54 103.78797411229546
0 196 55 102.89508209912341
0 289 56 112.49952390991464
0 956 57 117.51082812933605
0 824 58 106.38069226390188
0 112 59 108.18168511584389
0 25 60 102.02616353299705
0 56 61 105.3355733309358
0 80 62 107.27472071174714
0 507 63 103.06871997080178
0 200 64 108.11145059959293
0 311 65 103.5461044558567
0 250 66 117.67157897276566
0 839 67 109.2610312527332
0 34 68 160.12204125916892
0 627 69 105.41204760564678
0 572 70 101.8825530393366
0 208 71 110.9352427411979
0 929 72 102.44164818228407
0 931 73 103.43901791351814
0 309 74 113.0583206166542
0 148 75 107.12714890865102
0 785 76 104.30867559468298
0 800 77 104.51345027243416
0 161 79 127.88310489808777
0 939 80 102.02835375049868
0 667 81 101.94470836180116
0 389 82 124.25075949585516
0 359 83 108.43733324508679
0 89 84 128.9247680602048
0 506 85 109.7923833586286
0 768 87 108.04228825172287
0 432 88 101.78136017021542
0 606 90 105.31713816775272
0 749 91 114.39793754977188
0 569 92 101.94971380069133
0 813 93 110.19771226267927
0 171 94 102.72869545910967
0 443 95 104.86398359500136
0 653 96 102.11060766867143
0 421 97 110.47160833252178
0 180 98 102.28433704148148
0 349 99 158.08685798476293
0 300 100 104.8970412875241
0 162 101 101.77922376520647
0 99 102 122.29964697065334
0 489 103 103.29602874150214
0 803 104 119.17088758828847
0 42 105 109.60972267601079
0 897 106 121.15842923444413
0 871 107 104.70893948316878
0 471 108 172.325056934225
0 444 109 105.68735139580849
0 789 110 102.95672289478397
0 376 111 114.10897828243746
0 140 112 102.90832971387167
0 754 113 104.46377808560341
0 232 114 104.72217459284371
0 58 115 101.8338846507714
0 270 116 114.23168791299685
0 329 117 101.81198977463228
0 650 118 105.93543344663823
0 914 119 105.19181411691459
0 850 120 112.61024529950403
0 891 121 102.44150431553018
0 899 122 113.90745472836134
0 193 123 104.00715301116885
0 685 124 110.25700256360496
0 388 125 111.57008146166962
0 681 126 132.2720693504482
0 646 127 104.37738574254499
0 508 128 102.34258845639022
0 664 129 114.38293936030102
0 225 130 107.7839753497361
0 608 131 108.9339209382494
0 363 132 156.38685304709477
0 610 133 102.0852889490036
0 591 134 104.09283643650329
0 244 135 112.00552670092728
0 570 136 104.60124849026249
0 947 137 103.86204336606997
0 574 138 105.80261573844886
0 76 139 105.85181983352511
0 51 140 103.11413968162928
0 945 141 107.06142599746214
0 614 142 123.56586597477938
0 520 143 102.52140000497417
0 859 144 121.55702861846135
0 330 145 113.68302650311122
0 904 146 109.61635423326219
0 655 147 105.19005975824467
0 124 148 108.23096294641957
0 447 149 113.38597577422256
0 599 150 110.89351312696711
0 921 151 110.04454263953033
0 687 152 101.8880411992354
0 861 153 109.8339569201376
0 727 154 102.14147931736252
0 501 155 103.05431691721374
0 595 156 105.41641902578185
0 563 157 110.34420344901929
0 320 158 105.63233394523786
0 546 159 106.44675694020493
0 641 160 101.89421685946473
0 312 161 104.236234774977
0 843 162 102.23011356798611
0 160 163 108.44162274202978
0 29 164 101.91058783738882
0 713 165 102.00286494433995
0 740 166 120.75389130648672
0 674 167 102.40419392176034
0 838 168 124.79822736282506
0 780 170 101.86331511915796
0 431 171 105.7353887636688
0 766 172 104.14094109622867
0 589 173 118.5009389826553
0 500 174 109.18192056055152
0 775 175 101.78873948430656
0 241 176 109.3530776853764
0 774 177 103.02832563900904
0 265 178 103.40213099205539
0 331 179 182.44599985471496
0 33 180 112.22723270418795
0 950 181 111.02039044502409
0 46 182 154.02369677818558
0 362 183 140.43825513260182
0 515 184 112.5106820733969
0 110 185 106.31182618135651
0 679 186 105.01229623889692
0 848 187 102.84882741156613
0 468 188 115.2124088560167
0 961 189 111.07900305478222
0 261 191 104.59341664083088
0 694 192 102.21037056676525
0 521 193 106.01077862420038
0 865 194 101.92054916468689
0 262 195 101.96892239740394
0 348 196 109.94405160337872
0 36 198 112.76380893592449
0 512 199 102.31989396485064
0 509 201 113.66725253181957
0 794 202 113.58056618678924
0 20 203 109.27958473641077
0 603 204 102.23839918068956
0 405 205 104.29037118924987
0 526 206 146.23265955493093
0 688 207 102.12808646315335
0 26 208 103.58260175499774
0 85 209 112.64504028802705
0 156 210 109.85611502783101
0 119 211 110.48562009675746
0 872 212 102.4352496299691
0 185 213 106.74507305329544
0 166 214 102.97351926145302
0 305 215 104.56938064459833
0 181 216 110.98863289128316
0 35 217 103.32686417074252
0 337 218 143.8175987373497
0 498 219 128.6746801293863
0 612 220 101.82869280395963
0 485 221 109.80201923948502
0 354 222 102.98471356260586
0 234 223 104.4827550558926
0 97 224 120.51999430200699
0 497 225 112.4533983285097
0 371 226 108.95922001867551
0 470 227 109.22660266670417
0 57 228 177.30655398046872
0 192 229 103.73508267042335
0 242 230 101.76238882145725
0 257 232 106.00602957212328
0 190 233 112.44336685836593
0 235 234 105.93669768681228
0 613 235 101.95754507721011
0 71 236 157.60334031737824
0 538 237 101.83893484777622
0 380 238 102.8600072295976
0 126 239 191.88897780889786
0 734 241 102.01609470610356
0 695 243 111.02123530891723
0 942 244 113.70785935053634
0 430 245 104.57087971917001
0 95 246 108.1542427124789
0 357 247 114.03135866169404
0 307 248 117.60915176271256
0 908 249 102.15448381900994
0 214 250 102.16661438740982
0 336 251 102.07448804617695
0 645 252 101.79926998175561
0 854 253 103.22620657957845
0 532 254 101.90470729666454
0 476 255 103.83054716390978
0 292 256 109.2885470373427
0 661 257 104.87843803465702
0 712 258 103.30543582670377
0 105 259 117.72478675156046
0 781 260 101.86108250641456
0 828 261 109.4915563955507
0 484 262 103.1639636564006
0 277 263 102.20408803778598
0 100 264 118.43947673820597
0 880 265 102.50023552084441
0 657 266 101.8775480065273
0 882 267 103.17443801188364
0 197 268 102.4716000291219
0 733 269 107.44458352935511
0 644 271 101.8796390481891
0 138 272 124.44215924727149
0 290 273 102.33829345696648
0 841 274 111.83965904442017
0 74 275 142.80173446930903
0 743 276 102.25702490682582
0 930 277 102.3213105155947
0 368 278 108.60250628597609
0 511 279 125.78212465367626
0 492 280 106.87489708080555
0 385 281 105.08006763819853
0 122 282 106.65593234120077
0 949 283 102.60234279162232
0 285 284 102.0583747895153
0 457 285 168.4609801015372
0 632 286 102.06202544004823
0 43 287 135.51894841816357
0 541 288 122.76186568120873
0 482 289 174.7818926748609
0 815 290 117.4248968372186
0 184 291 105.08558317269316
0 647 292 102.38255922102138
0 408 293 104.3493729011209
0 291 294 115.41607934349136
0 282 295 125.65935107521359
0 746 296 101.92371317577127
0 145 297 113.87100997609059
0 799 298 112.76349061320046
0 281 299 127.83750147917598
0 248 300 107.81800616566845
0 637 301 108.26197913023456
0 40 302 122.89926602019325
0 659 303 101.90364268184922
0 536 304 105.78304295125909
0 27 305 123.65746005230737
0 205 306 117.99088520366791
0 219 307 103.07319048426204
0 141 308 106.06801504139773
0 836 309 108.3031356507552
0 327 310 104.20979284897842
0 690 311 101.74705269685955
0 958 312 103.27465132711788
0 540 313 110.96063610174913
0 344 314 102.45395966906644
0 911 315 101.84923459862041
0 77 316 126.34435226855115
0 873 317 108.60623235219997
0 15 318 111.76976351376109
0 82 319 134.97676172093196
0 900 320 105.13420151329389
0 220 322 101.87410230561498
0 334 323 109.67297713422717
0 423 324 102.11703409741074
0 810 325 103.24993399646627
0 522 326 113.58338054911852
0 558 327 101.89960725091676
0 683 328 103.77095594909431
0 253 329 103.96183236427679
0 465 330 180.5560132385232
0 41 331 102.2376702420851
0 436 332 127.71394150583433
0 663 333 101.77490800672552
0 21 334 109.72549620275667
0 373 335 114.72559279824954
0 202 336 102.23572022665972
0 445 337 107.86829859864959
0 268 338 122.76005120192374
0 863 339 102.6748733701025
0 387 340 176.6901165705856
0 889 341 107.65936085031898
0 439 342 126.69166536341888
0 319 343 104.26208105851403
0 295 344 125.71983175025949
0 565 345 111.38180303553165
0 601 346 102.23328436939809
0 315 347 115.16231692039185
0 935 348 108.15404052027245
0 474 349 102.67604841654665
0 258 350 103.66852845787125
0 386 351 108.78235166689285
0 633 352 109.824322622354
0 466 353 112.37829999415241
0 102 354 142.92537043875916
0 821 355 106.15454313069932
0 352 356 105.5603814344475
0 269 357 110.97121948835103
0 323 358 161.32987105700332
0 299 359 102.58918010855834
0 568 360 101.91068688388624
0 825 361 106.73310749406653
0 604 362 104.03423405882073
0 132 363 110.91403304596675
0 916 364 129.9179731539352
0 346 365 108.95740143222878
0 218 366 101.85151615780012
0 473 367 105.71225051029747
0 636 368 102.47971200254887
0 397 369 111.89796093819666
0 887 370 121.27380601197196
0 491 371 101.93731880414609
0 83 372 102.76808084228435
0 885 373 109.60616373697003
0 635 374 143.96580219077143
0 902 375 101.84457286868071
0 472 376 138.89631135156614
0 168 377 115.77408300405621
0 203 378 106.48863990870163
0 194 380 131.26199147782108
0 467 381 102.3372697021717
0 894 382 104.29863104291879
0 16 383 168.5535405030641
0 372 384 102.38446485720002
0 919 385 107.94243976111552
0 381 386 128.01934862744378
0 130 387 129.07214807078205
0 966 388 117.68903711656944
0 452 389 106.23196273893969
0 505 390 105.64543099311283
0 886 391 138.50536661139841
0 226 392 192.05686742419994
0 777 393 101.75966686193046
0 107 394 103.20140451015764
0 227 395 130.92087843914544
0 782 396 102.74128366835733
0 424 397 104.42199061340733
0 495 398 131.6142300631367
0 943 399 103.66521676051634
0 394 400 102.35224727916248
0 516 401 103.87238985826744
0 510 402 117.39998317780736
0 177 403 106.40620936961301
0 188 404 106.74588805842755
0 761 405 105.03674016034346
0 153 406 103.44059317425418
0 286 407 106.68802646607345
0 672 408 111.72052927027529
0 818 409 110.58624389960951
0 246 410 118.025498300798
0 564 411 139.06344376068068
0 883 413 127.15028778020906
0 333 414 117.7233246289223
0 462 415 103.65888861208978
0 941 416 102.67178821574127
0 689 417 101.78781315184511
0 152 418 128.23782386952365
0 738 419 104.10727931784145
0 677 420 101.93114411117514
0 154 421 108.50022376225843
0 665 422 101.84753431611267
0 296 423 114.08753856703491
0 652 424 175.05246967714362
0 461 425 102.08013354637832
0 590 426 113.86427867633276
0 365 427 116.9376054564697
0 399 428 104.80309583996971
0 699 429 108.13614601859207
0 787 430 106.10403728348071
0 804 431 105.788792623469
0 735 432 101.99897047843571
0 490 433 122.3702335704559
0 706 434 132.37984042820543
0 700 435 110.96164151008536
0 460 436 137.0647604477549
0 634 437 102.0047626740213
0 427 438 122.88081300537901
0 852 439 115.63019297939339
0 409 440 104.0740266533271
0 306 441 115.00937708180608
0 284 442 115.80158033956477
0 607 443 115.82802717729481
0 456 444 110.13299814436459
0 524 445 103.2259588809483
0 345 447 164.2143091983397
0 464 448 102.134129600375
0 62 449 129.26629129560646
0 481 450 104.27655150317092
0 528 451 131.17264426088173
0 602 452 101.80276621805741
0 167 453 159.19263227611125
0 851 454 122.63876452008343
0 304 455 127.37590935525556
0 753 456 101.76481463599029
0 822 457 109.83527278005096
0 896 458 119.01591977932291
0 959 459 118.68715319543202
0 976 460 101.75801894359711
0 968 461 109.41921884670745
0 662 462 101.90407595263626
0 255 463 103.725340664144
0 451 464 110.74232973858295
0 918 465 104.60089632530567
0 957 466 104.69795524911171
0 514 467 121.26726673807539
0 347 468 101.85948077529505
0 231 469 102.78891526159555
0 401 470 144.93666391661733
0 453 471 102.85662086907423
0 75 473 133.25286003085975
0 940 474 103.22837240541838
0 741 476 137.6264714551181
0 55 477 103.8026279415728
0 328 479 106.96263808789963
0 946 480 102.7290854522682
0 221 481 105.55811664899417
0 406 482 119.51084740911556
0 638 483 159.118258900483
0 434 484 105.7292850909322
0 752 485 101.87895852225006
0 972 486 101.70921662662693
0 626 487 148.69529688600943
0 588 488 184.58480889991642
0 287 489 102.15243745839093
0 955 490 130.08267047747563
0 624 491 129.38555032571932
0 437 492 106.21697143903752
0 108 494 115.83769591936468
0 125 496 133.3936752318875
0 770 497 101.8680775287634
0 369 498 108.37210044414742
0 553 499 110.55998699946747
0 191 501 106.88320371541289
0 442 503 116.404084948841
0 400 504 113.03341271014953
0 247 505 102.36040281780645
0 454 506 122.37799030602565
0 342 507 101.85534990204357
0 259 508 101.7785939750663
0 587 509 103.45490026877455
0 534 510 115.98941597242948
0 795 511 104.8337896255313
0 19 512 111.6643443772698
0 893 515 121.33355116247502
0 72 516 125.56429861600391
0 28 517 102.4239681087481
0 788 518 104.7232727670626
0 10 519 184.52408697388023
0 975 520 101.75501332738794
0 840 521 116.89199630732787
0 22 522 101.93873097544395
0 658 523 108.7925729679648
0 937 524 115.50311813785237
0 547 525 111.69038495106444
0 628 526 110.10380547899985
0 39 527 124.04457443765322
0 416 528 120.18702714621558
0 223 533 118.87338924805206
0 414 534 102.2554667907751
0 254 535 101.80135781129837
0 237 536 119.01744795882419
0 615 538 117.51636764014803
0 809 540 178.62274131965552
0 869 541 136.01671775301364
0 756 542 106.91602754940175
0 923 543 118.97937336823881
0 668 544 105.80418374261478
0 411 545 128.08107671306522
0 847 547 102.14815218460103
0 173 548 128.35516243218157
0 316 549 152.26410643847342
0 143 550 110.17328181604103
0 44 551 124.66719370455496
0 573 553 116.48320641638756
0 103 554 157.20480579314318
0 84 555 107.78001468055783
0 895 556 115.19290942082819
0 744 557 133.4282915075978
0 698 558 113.19079855731322
0 549 559 104.22569265365249
0 888 560 109.70415112757048
0 772 562 149.68904924989147
0 830 563 115.31546590951815
0 137 564 138.4559076387114
0 903 568 102.42108559092395
0 654 569 101.79796049923499
0 413 570 111.40310325726873
0 142 571 104.36957439323562
0 594 572 115.56906855781344
0 440 573 109.8817363671314
0 722 574 101.77058644082868
0 763 576 107.81152805724032
0 952 577 137.21757870566321
0 54 578 106.18116817021071
0 557 579 164.2743001811038
0 938 580 157.61642910048278
0 812 581 101.809852083604
0 384 583 190.3386752725823
0 24 584 102.60023452752793
0 963 586 112.27176041219005
0 739 587 101.75738941585143
0 617 588 108.21476002716783
0 577 589 106.81467176796666
0 294 590 101.786022290227
0 703 591 145.45772338748358
0 969 592 198.6489393784572
0 576 593 116.65268062350704
0 215 594 157.47999212281647
0 209 595 133.8237829008478
0 556 596 102.01010894578285
0 684 597 102.3392672915115
0 605 598 111.11105518579353
0 518 599 105.66477320249386
0 487 600 113.40932974238831
0 73 601 173.6229585438999
0 618 602 106.02746061339417
0 631 603 101.79519340170316
0 263 604 101.86788578678647
0 791 605 116.81961458030952
0 441 606 109.1725494927189
0 673 607 101.75724129280799
0 582 608 111.03701091182536
0 552 609 104.90739823059758
0 748 610 194.0753694955667
0 297 611 159.24973524372336
0 433 613 108.81773584969297
0 70 614 178.1686575025912
0 867 615 110.79393926586505
0 523 616 115.82250976007991
0 109 617 128.38895175906745
0 686 618 101.75074281877163
0 932 619 194.12793973861275
0 313 621 118.11399920460465
0 927 622 119.31036552436363
0 14 623 178.25567954892767
0 273 624 101.75859910351446
0 477 625 116.3627970101867
0 796 628 108.4684608266901
0 87 630 129.42609442405742
0 374 631 178.62137206958576
0 238 632 110.30601388508468
0 920 634 141.34075953189068
0 113 635 193.94807039934153
0 622 636 108.01303195829928
0 649 638 101.58174736883532
0 845 639 106.6611195376217
0 948 640 114.29015196300362
0 537 641 118.9915755162648
0 418 642 102.66899854128306
0 157 644 118.91307323149292
0 90 645 178.34511850172044
0 228 646 108.90592595232387
0 802 648 102.47165009909271
0 833 649 106.28926996487121
0 128 650 182.5291885731693
0 343 651 126.86951664296858
0 504 652 112.6036395535243
0 341 653 103.37693856992168
0 335 654 178.84994685846655
0 675 655 117.24468406643804
0 816 656 172.92430121526795
0 751 658 101.81412755543222
0 806 662 125.17870397203173
0 382 663 118.77706157531173
0 823 664 110.10652966563931
0 66 665 154.05175602232964
0 398 666 102.16958837153686
0 59 667 103.5697554033276
0 377 668 107.8699422992931
0 317 669 114.42150739273318
0 701 670 106.8966059920329
0 630 672 109.06334147262022
0 691 673 106.1923045275304
0 350 675 159.9947358909719
0 249 678 114.64685028969193
0 318 679 108.39059832687694
0 86 681 107.04524349943156
0 732 682 102.75074100905846
0 764 683 106.14031902293202
0 106 684 130.16351964701366
0 798 685 109.65096450039357
0 251 687 105.17346220035321
0 597 688 106.25318915376445
0 973 689 186.91673249203134
0 600 690 123.24045425830433
0 120 691 114.20712332318097
0 870 692 105.53018343283624
0 623 693 113.57861313206949
0 163 694 118.20882919879021
0 866 695 104.09695702892981
0 535 698 112.07963330116466
0 593 699 122.90753116695453
0 725 700 135.84851882729185
0 3 703 176.25321810049027
0 702 705 107.70100065568569
0 898 706 111.92709735016993
0 276 707 145.1729428185011
0 559 708 147.01095019006814
0 243 709 103.62375198511327
0 757 710 103.40691090977865
0 933 711 140.02340064112647
0 469 713 104.64305557530673
0 924 714 123.95020837138158
0 721 715 104.15842356203689
0 393 716 132.6310573556125
0 881 717 117.03382880759989
0 355 718 113.40830248674429
0 178 719 194.76845003017786
0 829 720 102.14747428598147
0 905 721 102.37724255875251
0 302 723 162.96327666878094
0 926 725 161.5337118933092
0 17 726 108.95065125700756
0 971 727 124.5078027323682
0 61 729 106.87301124607855
0 837 731 140.88333562299746
0 222 732 109.63302977109099
0 204 733 112.02342332416899
0 240 735 193.1073855228761
0 890 736 102.62807561408596
0 101 738 110.83515463243955
0 147 739 110.21578879150668
0 611 740 102.28292151427742
0 201 743 127.0989465097368
0 575 744 127.04362529693233
0 844 745 109.85312988667273
0 811 746 118.59308019664554
0 260 747 141.40076229175008
0 322 748 125.32837673716548
0 182 750 187.63774314192153
0 711 752 104.31608866398969
0 314 753 112.78403369185517
0 324 754 102.16115838557123
0 69 758 125.73343685455369
0 669 759 116.2198399128165
0 726 760 198.35116583159342
0 555 762 125.1815713789531
0 198 766 130.88418119997803
0 133 768 108.6654970989011
0 438 769 113.55386744183087
0 651 770 105.24645275340735
0 723 771 119.10908375929469
0 117 772 115.81787233772296
0 913 775 105.09830796846904
0 581 776 132.80369796979267
0 951 777 139.98087500562144
0 98 779 158.30667165758265
0 807 781 118.11794083308651
0 321 782 106.93576288190624
0 907 783 105.3008705960786
0 23 784 103.3213471767499
0 195 785 182.55059846381792
0 455 786 105.29153272926047
0 868 787 114.14375055873724
0 12 790 119.24677267743833
0 579 792 103.13695965599898
0 621 793 102.79788377683765
0 877 794 121.03705423395901
0 134 795 127.24029760665121
0 792 796 103.73542902954426
0 479 797 112.36040268667631
0 692 798 115.3630892513199
0 542 801 106.17833236788682
0 391 803 139.5256637592056
0 682 804 116.23691017906157
0 207 805 154.91966802537817
0 458 808 123.19010462176125
0 210 809 106.2766994836173
0 550 812 113.6031542227097
0 571 813 189.0152855145201
0 765 818 101.77650707913011
0 5 820 138.19089305981274
0 475 821 179.68835498001948
0 396 823 170.09097626117332
0 111 829 171.4474095393308
0 566 830 101.94193947496292
0 715 831 119.16657065939029
0 264 832 101.85321657326043
0 884 833 118.81138869370909
0 598 834 106.52449530249342
0 619 837 148.5904547471856
0 392 838 118.16334673280122
0 771 839 151.12284984642451
0 729 840 197.71337998084996
0 503 841 119.87372444231428
0 340 843 169.0396871904287
0 199 844 138.4967799108372
0 817 847 116.69763237693329
0 901 848 109.47657403094055
0 121 850 109.7107438962291
0 519 851 101.93892298421217
0 428 852 114.77232179016521
0 874 853 105.62104874427023
0 855 857 111.34633554018836
0 625 859 101.8134973332635
0 742 863 103.0718163616492
0 104 864 175.06732027630582
0 114 865 190.98562201976563
0 960 867 112.42058225030715
0 272 868 152.97001636631367
0 693 869 125.69651018175824
0 502 870 183.52304356638976
0 906 871 197.816372127222
0 769 874 138.74876310754524
0 123 875 142.27308193516376
0 527 879 107.01344606606426
0 915 881 175.8871535467638
0 308 885 138.5161958329759
0 230 887 173.82542172092514
0 567 888 127.89213199468985
0 79 889 197.22244034970825
0 417 890 134.48491186409862
0 395 893 108.80844836104562
0 2 894 101.8084434807784
0 820 895 102.68647420428034
0 533 896 123.86695898607152
0 862 897 114.22024800663486
0 118 902 107.6842095466532
0 494 903 101.67513029363535
0 967 906 179.85158602786532
0 716 907 178.88698053924074
0 543 909 142.3136558700425
0 159 910 135.43858221517416
0 446 911 109.70912253253289
0 875 918 118.39238798330969
0 94 920 130.84024920858928
0 586 921 121.00588880050356
0 279 922 125.50145139808104
0 146 923 117.46611961407586
0 858 924 141.13353068948103
0 944 926 152.47509599436532
0 910 927 146.0580207734542
0 718 928 101.80422408364332
0 149 930 190.45743024162138
0 49 934 106.59268237346198
0 360 936 144.85368515653485
0 92 938 112.80398507539857
0 826 941 122.55446470313231
0 38 946 109.0799839148593
0 860 948 105.29790318215619
0 412 952 175.87727054821698
0 773 953 101.92278438502538
0 965 954 160.23522384649937
0 280 955 101.80295771496837
0 131 956 111.35514486402994
0 762 958 144.3254885406934
0 480 961 114.38386737123732
0 275 962 129.24360684935306
0 708 966 174.35320905228295
0 31 967 156.01741770645165
0 266 969 103.4110538626154
0 239 971 152.16612405030043
0 139 974 118.41457370525914
0 245 975 153.06560168367258
0 426 980 120.95097370876748
0 129 981 138.78899331501808
0 934 982 111.31867504813772
0 857 984 107.41025849834236
0 819 987 163.65539224259823
0 936 988 106.2821259040231
0 856 991 153.55890162453468
0 592 992 132.45561270373264
0 745 994 103.00253718069288
0 737 996 183.63493097059504
0 174 998 134.77109812891734
0 678 1001 112.47833024961058
0 478 1002 154.7563465243041
0 964 1003 168.49552815190896
0 60 1004 132.5914776160617
0 91 1006 102.29823872712558
0 779 1008 116.69562747245547
0 186 1011 182.00129418101284
0 849 1012 142.3332028537198
0 463 1013 108.76072326602879
0 488 1014 111.28332893454665
0 301 1019 180.36514629524632
0 846 1021 110.07351611630835
0 864 1022 123.35557852006826
0 790 1023 124.36042339965012

0 359.0 403.0
0 867.0 367.0
0 896.0 513.0
0 92.0 603.0
0 766.0 234.0
0 290.0 419.0
0 833.0 310.0
0 44.0 590.0
0 779.0 258.0
0 153.0 355.0
0 765.0 248.0
0 920.0 435.0
0 924.0 511.0
0 977.0 251.0
0 877.0 459.0
0 551.0 549.0
0 734.0 414.0
0 895.0 524.0
0 804.0 368.0
0 789.0 354.0
0 940.0 231.0
0 881.0 345.0
0 353.0 423.0
0 928.0 363.0
0 747.0 188.0
0 921.0 448.0
0 804.0 257.0
0 351.0 412.0
0 795.0 313.0
0 839.0 424.0
0 852.0 444.0
0 843.0 434.0
0 783.0 461.0
0 201.0 407.0
0 170.0 401.0
0 539.0 554.0
0 776.0 266.0
0 837.0 380.0
0 999.0 223.0
0 767.0 192.0
0 155.0 379.0
0 752.0 513.0
0 803.0 339.0
0 855.0 381.0
0 787.0 251.0
0 737.0 364.0
0 947.0 277.0
0 755.0 199.0
0 838.0 570.0
0 297.0 427.0
0 886.0 323.0
0 159.0 260.0
0 418.0 227.0
0 31.0 536.0
0 277.0 413.0
0 404.0 270.0
0 923.0 321.0
0 21.0 638.0
0 815.0 536.0
0 390.0 235.0
0 369.0 164.0
0 995.0 209.0
0 800.0 217.0
0 749.0 406.0
0 784.0 269.0
0 795.0 334.0
0 772.0 298.0
0 903.0 541.0
0 938.0 166.0
0 810.0 455.0
0 740.0 432.0
0 452.0 275.0
0 73.0 606.0
0 786.0 587.0
0 746.0 330.0
0 903.0 244.0
0 507.0 528.0
0 921.0 525.0
0 1004.0 254.0
0 167.0 254.0
0 513.0 608.0
0 111.0 485.0
0 817.0 369.0
0 860.0 347.0
0 949.0 220.0
0 867.0 401.0
0 182.0 279.0
0 911.0 514.0
0 435.0 379.0
0 888.0 258.0
0 896.0 443.0
0 760.0 511.0
0 349.0 437.0
0 903.0 530.0
0 384.0 258.0
0 255.0 384.0
0 806.0 468.0
0 779.0 372.0
0 230.0 262.0
0 945.0 343.0
0 154.0 329.0
0 396.0 256.0
0 809.0 226.0
0 776.0 398.0
0 183.0 544.0
0 997.0 180.0
0 785.0 562.0
0 844.0 552.0
0 350.0 395.0
0 918.0 378.0
0 931.0 522.0
0 847.0 352.0
0 777.0 244.0
0 546.0 516.0
0 471.0 287.0
0 780.0 205.0
0 935.0 310.0
0 166.0 342.0
0 827.0 466.0
0 103.0 594.0
0 938.0 542.0
0 903.0 559.0
0 816.0 564.0
0 241.0 266.0
0 554.0 488.0
0 752.0 360.0
0 530.0 487.0
0 909.0 463.0
0 775.0 407.0
0 713.0 476.0
0 962.0 277.0
0 823.0 446.0
0 927.0 348.0
0 133.0 454.0
0 904.0 437.0
0 817.0 289.0
0 718.0 432.0
0 493.0 615.0
0 896.0 428.0
0 770.0 215.0
0 1009.0 197.0
0 579.0 610.0
0 884.0 447.0
0 901.0 406.0
0 562.0 554.0
0 323.0 342.0
0 58.0 586.0
0 955.0 467.0
0 741.0 243.0
0 364.0 385.0
0 803.0 442.0
0 62.0 601.0
0 493.0 490.0
0 827.0 549.0
0 864.0 498.0
0 763.0 402.0
0 734.0 444.0
0 866.0 425.0
0 371.0 340.0
0 378.0 426.0
0 209.0 473.0
0 820.0 331.0
0 779.0 544.0
0 912.0 251.0
0 779.0 160.0
0 832.0 497.0
0 725.0 509.0
0 824.0 476.0
0 802.0 543.0
0 930.0 387.0
0 346.0 533.0
0 845.0 373.0
0 509.0 520.0
0 890.0 436.0
0 403.0 406.0
0 787.0 516.0
0 165.0 291.0
0 941.0 514.0
0 427.0 307.0
0 492.0 350.0
0 801.0 164.0
0 513.0 619.0
0 1017.0 185.0
0 908.0 349.0
0 383.0 412.0
0 963.0 230.0
0 957.0 478.0
0 849.0 543.0
0 271.0 394.0
0 51.0 641.0
0 512.0 658.0
0 476.0 306.0
0 86.0 501.0
0 190.0 418.0
0 19.0 571.0
0 247.0 306.0
0 389.0 347.0
0 483.0 542.0
0 752.0 167.0
0 883.0 403.0
0 510.0 706.0
0 936.0 405.0
0 489.0 532.0
0 887.0 138.0
0 56.0 453.0
0 838.0 363.0
0 916.0 410.0
0 69.0 497.0
0 793.0 158.0
0 874.0 217.0
0 815.0 250.0
0 989.0 235.0
0 511.0 562.0
0 989.0 261.0
0 214.0 255.0
0 483.0 331.0
0 374.0 265.0
0 960.0 166.0
0 782.0 342.0
0 898.0 398.0
0 71.0 456.0
0 793.0 399.0
0 894.0 345.0
0 212.0 286.0
0 820.0 224.0
0 371.0 405.0
0 385.0 356.0
0 816.0 390.0
0 1023.0 208.0
0 936.0 263.0
0 235.0 291.0
0 537.0 514.0
0 189.0 300.0
0 800.0 265.0
0 858.0 283.0
0 102.0 455.0
0 930.0 210.0
0 750.0 417.0
0 323.0 358.0
0 811.0 238.0
0 1010.0 239.0
0 806.0 505.0
0 309.0 361.0
0 723.0 492.0
0 53.0 623.0
0 311.0 376.0
0 990.0 224.0
0 741.0 349.0
0 829.0 329.0
0 887.0 566.0
0 223.0 275.0
0 145.0 344.0
0 895.0 463.0
0 875.0 546.0
0 764.0 416.0
0 841.0 390.0
0 253.0 324.0
0 177.0 485.0
0 503.0 503.0
0 1008.0 231.0
0 360.0 531.0
0 87.0 555.0
0 743.0 397.0
0 874.0 313.0
0 855.0 225.0
0 550.0 563.0
0 136.0 479.0
0 895.0 555.0
0 852.0 266.0
0 955.0 502.0
0 190.0 272.0
0 241.0 475.0
0 374.0 249.0
0 277.0 324.0
0 482.0 552.0
0 820.0 211.0
0 35.0 520.0
0 103.0 606.0
0 404.0 354.0
0 308.0 410.0
0 294.0 401.0
0 379.0 362.0
0 417.0 241.0
0 604.0 615.0
0 858.0 317.0
0 944.0 385.0
0 523.0 467.0
0 1007.0 180.0
0 313.0 424.0
0 938.0 393.0
0 938.0 530.0
0 953.0 260.0
0 922.0 463.0
0 893.0 363.0
0 831.0 320.0
0 193.0 318.0
0 795.0 509.0
0 969.0 246.0
0 850.0 526.0
0 821.0 318.0
0 930.0 292.0
0 961.0 457.0
0 747.0 173.0
0 788.0 470.0
0 211.0 424.0
0 914.0 154.0
0 979.0 270.0
0 397.0 279.0
0 959.0 243.0
0 74.0 558.0
0 209.0 339.0
0 601.0 490.0
0 65.0 639.0
0 886.0 415.0
0 336.0 349.0
0 531.0 577.0
0 963.0 214.0
0 530.0 561.0
0 869.0 121.0
0 1013.0 221.0
0 97.0 586.0
0 214.0 547.0
0 373.0 280.0
0 348.0 343.0
0 381.0 376.0
0 799.0 534.0
0 338.0 419.0
0 764.0 427.0
0 932.0 481.0
0 801.0 299.0
0 152.0 394.0
0 781.0 178.0
0 791.0 378.0
0 23.0 482.0
0 903.0 138.0
0 771.0 354.0
0 386.0 272.0
0 194.0 387.0
0 770.0 310.0
0 102.0 569.0
0 802.0 356.0
0 827.0 560.0
0 883.0 377.0
0 899.0 333.0
0 305.0 328.0
0 277.0 433.0
0 92.0 450.0
0 928.0 333.0
0 62.0 614.0
0 454.0 397.0
0 450.0 303.0
0 395.0 361.0
0 802.0 458.0
0 370.0 393.0
0 930.0 223.0
0 455.0 546.0
0 365.0 352.0
0 908.0 309.0
0 840.0 337.0
0 990.0 335.0
0 236.0 438.0
0 920.0 534.0
0 404.0 453.0
0 997.0 243.0
0 22.0 597.0
0 824.0 344.0
0 250.0 278.0
0 441.0 396.0
0 862.0 458.0
0 876.0 361.0
0 77.0 578.0
0 44.0 400.0
0 784.0 219.0
0 583.0 564.0
0 845.0 459.0
0 640.0 569.0
0 385.0 395.0
0 432.0 257.0
0 898.0 268.0
0 838.0 465.0
0 879.0 265.0
0 757.0 392.0
0 843.0 561.0
0 899.0 125.0
0 453.0 356.0
0 555.0 585.0
0 301.0 358.0
0 222.0 242.0
0 38.0 648.0
0 778.0 386.0
0 229.0 408.0
0 804.0 558.0
0 974.0 285.0
0 834.0 517.0
0 782.0 229.0
0 154.0 280.0
0 801.0 521.0
0 745.0 374.0
0 340.0 404.0
0 21.0 626.0
0 143.0 368.0
0 840.0 406.0
0 171.0 414.0
0 795.0 258.0
0 864.0 262.0
0 49.0 529.0
0 869.0 247.0
0 379.0 323.0
0 939.0 475.0
0 608.0 539.0
0 478.0 297.0
0 916.0 421.0
0 872.0 279.0
0 85.0 576.0
0 911.0 339.0
0 865.0 385.0
0 99.0 621.0
0 28.0 499.0
0 745.0 253.0
0 319.0 518.0
0 83.0 492.0
0 422.0 254.0
0 747.0 476.0
0 372.0 329.0
0 542.0 484.0
0 426.0 392.0
0 829.0 437.0
0 780.0 352.0
0 362.0 368.0
0 232.0 502.0
0 171.0 540.0
0 739.0 533.0
0 849.0 503.0
0 921.0 396.0
0 952.0 491.0
0 731.0 495.0
0 358.0 391.0
0 135.0 467.0
0 877.0 371.0
0 324.0 561.0
0 936.0 364.0
0 766.0 327.0
0 772.0 321.0
0 170.0 455.0
0 747.0 386.0
0 828.0 408.0
0 790.0 391.0
0 772.0 344.0
0 27.0 390.0
0 421.0 210.0
0 852.0 391.0
0 867.0 411.0
0 752.0 446.0
0 235.0 254.0
0 924.0 543.0
0 363.0 333.0
0 471.0 520.0
0 536.0 542.0
0 500.0 575.0
0 534.0 624.0
0 44.0 696.0
0 550.0 636.0
0 872.0 469.0
0 851.0 299.0
0 402.0 390.0
0 540.0 585.0
0 38.0 637.0
0 369.0 413.0
0 232.0 346.0
0 910.0 280.0
0 853.0 364.0
0 803.0 388.0
0 805.0 412.0
0 980.0 217.0
0 12.0 624.0
0 828.0 454.0
0 746.0 508.0
0 890.0 197.0
0 992.0 273.0
0 453.0 339.0
0 785.0 604.0
0 790.0 281.0
0 907.0 363.0
0 166.0 471.0
0 469.0 383.0
0 371.0 523.0
0 131.0 657.0
0 936.0 454.0
0 880.0 434.0
0 443.0 322.0
0 559.0 618.0
0 721.0 456.0
0 756.0 379.0
0 905.0 234.0
0 795.0 231.0
0 908.0 105.0
0 801.0 238.0
0 279.0 528.0
0 479.0 355.0
0 859.0 420.0
0 794.0 566.0
0 921.0 261.0
0 949.0 376.0
0 771.0 378.0
0 777.0 365.0
0 890.0 291.0
0 936.0 380.0
0 563.0 354.0
0 669.0 316.0
0 129.0 445.0
0 847.0 413.0
0 762.0 527.0
0 864.0 135.0
0 492.0 338.0
0 718.0 463.0
0 607.0 565.0
0 395.0 215.0
0 988.0 160.0
0 736.0 527.0
0 868.0 102.0
0 89.0 676.0
0 267.0 559.0
0 756.0 150.0
0 153.0 480.0
0 41.0 618.0
0 405.0 426.0
0 944.0 453.0
0 736.0 174.0
0 917.0 364.0
0 180.0 523.0
0 259.0 538.0
0 147.0 286.0
0 755.0 244.0
0 433.0 280.0
0 452.0 373.0
0 396.0 300.0
0 186.0 288.0
0 945.0 367.0
0 812.0 447.0
0 171.0 269.0
0 861.0 529.0
0 489.0 562.0
0 731.0 516.0
0 505.0 589.0
0 231.0 486.0
0 476.0 374.0
0 151.0 307.0
0 641.0 550.0
0 199.0 256.0
0 267.0 335.0
0 878.0 243.0
0 735.0 182.0
0 807.0 403.0
0 807.0 429.0
0 406.0 231.0
0 836.0 218.0
0 935.0 557.0
0 525.0 512.0
0 171.0 507.0
0 394.0 427.0
0 457.0 570.0
0 48.0 607.0
0 403.0 527.0
0 568.0 543.0
0 155.0 244.0
0 782.0 287.0
0 854.0 214.0
0 455.0 255.0
0 8.0 586.0
0 80.0 478.0
0 278.0 369.0
0 382.0 248.0
0 720.0 445.0
0 911.0 376.0
0 357.0 511.0
0 474.0 254.0
0 949.0 513.0
0 529.0 618.0
0 737.0 203.0
0 790.0 424.0
0 77.0 625.0
0 381.0 544.0
0 530.0 551.0
0 482.0 363.0
0 834.0 152.0
0 592.0 569.0
0 494.0 631.0
0 491.0 514.0
0 838.0 448.0
0 155.0 438.0
0 558.0 335.0
0 161.0 507.0
0 532.0 643.0
0 13.0 436.0
0 873.0 271.0
0 475.0 273.0
0 220.0 431.0
0 107.0 494.0
0 766.0 446.0
0 469.0 415.0
0 248.0 402.0
0 439.0 216.0
0 157.0 458.0
0 47.0 469.0
0 264.0 307.0
0 331.0 537.0
0 225.0 384.0
0 337.0 484.0
0 254.0 442.0
0 726.0 428.0
0 715.0 513.0
0 841.0 323.0
0 63.0 511.0
0 232.0 380.0
0 949.0 208.0
0 294.0 567.0
0 420.0 417.0
0 748.0 232.0
0 290.0 495.0
0 562.0 594.0
0 878.0 115.0
0 850.0 329.0
0 528.0 593.0
0 906.0 115.0
0 646.0 323.0
0 882.0 390.0
0 26.0 647.0
0 50.0 630.0
0 869.0 525.0
0 181.0 397.0
0 739.0 226.0
0 353.0 358.0
0 828.0 286.0
0 138.0 309.0
0 594.0 587.0
0 199.0 234.0
0 902.0 448.0
0 715.0 501.0
0 470.0 474.0
0 56.0 563.0
0 88.0 627.0
0 244.0 420.0
0 394.0 373.0
0 169.0 303.0
0 888.0 249.0
0 459.0 228.0
0 921.0 271.0
0 487.0 309.0
0 53.0 544.0
0 732.0 543.0
0 1005.0 243.0
0 759.0 342.0
0 859.0 400.0
0 484.0 345.0
0 851.0 338.0
0 904.0 473.0
0 32.0 552.0
0 823.0 279.0
0 296.0 523.0
0 432.0 418.0
0 465.0 375.0
0 503.0 622.0
0 12.0 547.0
0 189.0 361.0
0 613.0 541.0
0 408.0 211.0
0 335.0 368.0
0 742.0 210.0
0 873.0 352.0
0 754.0 333.0
0 750.0 489.0
0 280.0 390.0
0 907.0 455.0
0 735.0 488.0
0 767.0 345.0
0 754.0 347.0
0 158.0 645.0
0 132.0 279.0
0 145.0 296.0
0 870.0 331.0
0 588.0 604.0
0 894.0 217.0
0 923.0 500.0
0 61.0 529.0
0 378.0 236.0
0 944.0 523.0
0 810.0 211.0
0 790.0 300.0
0 25.0 448.0
0 522.0 644.0
0 949.0 443.0
0 399.0 240.0
0 645.0 559.0
0 952.0 451.0
0 997.0 253.0
0 40.0 572.0
0 114.0 621.0
0 919.0 330.0
0 199.0 425.0
0 14.0 445.0
0 545.0 503.0
0 435.0 270.0
0 514.0 629.0
0 886.0 85.0
0 185.0 376.0
0 845.0 491.0
0 23.0 584.0
0 921.0 313.0
0 881.0 423.0
0 425.0 295.0
0 13.0 528.0
0 50.0 612.0
0 143.0 253.0
0 827.0 389.0
0 523.0 590.0
0 319.0 511.0
0 916.0 359.0
0 572.0 558.0
0 192.0 351.0
0 137.0 263.0
0 300.0 551.0
0 556.0 572.0
0 784.0 309.0
0 201.0 328.0
0 614.0 284.0
0 571.0 588.0
0 877.0 127.0
0 23.0 660.0
0 901.0 88.0
0 1011.0 213.0
0 461.0 456.0
0 180.0 558.0
0 168.0 279.0
0 958.0 267.0
0 448.0 219.0
0 955.0 289.0
0 539.0 567.0
0 490.0 322.0
0 879.0 224.0
0 207.0 247.0
0 740.0 449.0
0 1087.0 709.0
0 917.0 404.0
0 150.0 269.0
0 23.0 436.0
0 912.0 542.0
0 43.0 549.0
0 747.0 314.0
0 829.0 336.0
0 525.0 517.0
0 476.0 264.0
0 1000.0 262.0
0 32.0 509.0
0 876.0 329.0
0 288.0 339.0
0 948.0 213.0
0 965.0 263.0
0 449.0 492.0
0 832.0 210.0
0 835.0 475.0
0 746.0 503.0
0 488.0 314.0
0 32.0 429.0
0 882.0 214.0
0 473.0 249.0
0 890.0 532.0
0 973.0 265.0
0 1085.0 220.0
0 189.0 243.0
0 747.0 381.0
0 942.0 464.0
0 516.0 502.0
0 180.0 235.0
0 763.0 263.0
0 915.0 220.0
0 542.0 575.0
0 827.0 432.0
0 523.0 620.0
0 245.0 456.0
0 743.0 231.0
0 772.0 444.0
0 196.0 547.0
0 448.0 339.0
0 831.0 569.0
0 851.0 151.0
0 198.0 267.0
0 442.0 390.0
0 299.0 568.0
0 503.0 640.0
0 191.0 376.0
0 866.0 110.0
0 207.0 236.0
0 141.0 438.0
0 860.0 451.0
0 608.0 560.0
0 460.0 243.0
0 794.0 525.0
0 258.0 396.0
0 839.0 487.0
0 227.0 511.0
0 905.0 93.0
0 332.0 423.0
0 933.0 233.0
0 8.0 362.0
0 833.0 482.0
0 434.0 275.0
0 201.0 547.0
0 298.0 372.0
0 383.0 390.0
0 907.0 269.0
0 363.0 419.0
0 576.0 589.0
0 248.0 428.0
0 787.0 435.0
0 398.0 528.0
0 740.0 309.0
0 227.0 527.0
0 801.0 553.0
0 419.0 527.0
0 395.0 413.0
0 879.0 88.0
0 890.0 393.0
0 498.0 426.0
0 480.0 369.0
0 87.0 547.0
0 168.0 466.0
0 29.0 595.0
0 527.0 644.0
0 394.0 399.0
0 194.0 234.0
0 751.0 429.0
0 49.0 512.0
0 410.0 307.0
0 564.0 565.0
0 374.0 449.0
0 237.0 420.0
0 720.0 451.0
0 934.0 449.0
0 863.0 358.0
0 391.0 529.0
0 57.0 515.0
0 916.0 399.0
0 184.0 563.0
0 919.0 345.0
0 564.0 285.0
0 487.0 557.0
0 202.0 294.0
0 490.0 542.0
0 569.0 572.0
0 223.0 398.0
0 980.0 237.0
0 261.0 413.0
0 900.0 371.0
0 640.0 559.0
0 561.0 545.0
0 789.0 429.0
0 882.0 428.0
0 571.0 552.0
0 874.0 260.0
0 366.0 461.0
0 829.0 294.0
0 136.0 304.0
0 984.0 279.0
0 948.0 503.0
0 465.0 236.0
0 471.0 244.0
0 167.0 448.0
0 508.0 627.0
0 916.0 312.0
0 903.0 482.0
0 800.0 401.0
0 596.0 576.0
0 132.0 285.0
0 512.0 642.0
0 184.0 534.0
0 884.0 236.0
0 168.0 315.0
0 840.0 205.0
0 815.0 211.0
0 447.0 421.0
0 800.0 450.0
0 596.0 582.0
0 748.0 350.0
0 525.0 507.0
0 971.0 192.0
0 358.0 334.0
0 438.0 304.0
0 816.0 282.0
0 826.0 427.0
0 853.0 219.0
0 8.0 368.0
0 814.0 421.0
0 238.0 392.0
0 283.0 366.0
0 441.0 85.0
0 285.0 551.0
0 789.0 419.0
0 916.0 548.0
0 335.0 513.0
0 871.0 97.0
0 907.0 98.0
0 555.0 630.0
0 896.0 232.0
0 480.0 399.0
0 836.0 321.0
0 97.0 547.0
0 22.0 652.0
0 159.0 512.0
0 401.0 226.0
0 870.0 416.0
0 374.0 256.0
0 268.0 385.0
0 133.0 274.0
0 140.0 258.0
0 348.0 400.0
0 201.0 280.0
0 904.0 199.0
0 151.0 389.0
0 938.0 552.0
0 189.0 514.0
0 383.0 229.0
0 939.0 433.0
0 142.0 316.0
0 173.0 248.0
0 319.0 563.0
0 187.0 557.0
0 83.0 627.0
0 500.0 581.0
0 787.0 496.0
0 820.0 356.0
0 147.0 248.0
0 912.0 574.0
0 34.0 442.0
0 891.0 85.0
0 735.0 194.0
0 291.0 383.0
0 935.0 347.0
0 397.0 348.0
0 910.0 224.0
0 427.0 417.0
0 973.0 377.0
0 176.0 553.0
0 960.0 287.0
0 806.0 240.0
0 869.0 130.0
0 161.0 517.0
0 1000.0 169.0
0 405.0 464.0
0 616.0 555.0
0 453.0 223.0
0 262.0 335.0
0 267.0 438.0
0 944.0 374.0
0 847.0 516.0
0 31.0 648.0
0 234.0 317.0
0 670.0 257.0
0 896.0 86.0
0 716.0 518.0
0 80.0 565.0
0 461.0 324.0
0 805.0 397.0
0 824.0 313.0
0 453.0 561.0
0 196.0 336.0
0 823.0 284.0
0 720.0 501.0
0 949.0 164.0
0 296.0 320.0
0 889.0 304.0
0 184.0 360.0
0 133.0 290.0
0 852.0 358.0
0 714.0 507.0
0 423.0 249.0
0 950.0 287.0
0 753.0 531.0
0 868.0 622.0
0 411.0 219.0
0 311.0 419.0
0 858.0 370.0
0 890.0 240.0
0 581.0 596.0
0 475.0 259.0
0 48.0 567.0
0 907.0 110.0
0 323.0 384.0
0 24.0 548.0
0 606.0 599.0
0 169.0 460.0
0 50.0 573.0
0 801.0 548.0
0 814.0 441.0
0 880.0 439.0
0 904.0 504.0
0 201.0 333.0
0 179.0 518.0
0 883.0 385.0
0 449.0 261.0
0 810.0 435.0
0 27.0 431.0
0 720.0 479.0
0 157.0 400.0
0 21.0 647.0
0 835.0 205.0
0 496.0 636.0
0 759.0 223.0
0 262.0 558.0
0 327.0 532.0
0 216.0 592.0
0 482.0 561.0
0 758.0 264.0
0 928.0 535.0
0 904.0 385.0
0 273.0 399.0
0 816.0 545.0
0 675.0 258.0
0 893.0 132.0
0 396.0 328.0
0 196.0 327.0
0 536.0 483.0
0 460.0 554.0
0 312.0 565.0
0 12.0 542.0
1 986.0 25.0
1 422.0 85.0
1 522.0 137.0
1 935.0 145.0
1 940.0 146.0
1 926.0 147.0
1 921.0 150.0
1 949.0 152.0
1 916.0 155.0
1 951.0 157.0
1 914.0 160.0
1 952.0 162.0
1 912.0 166.0
1 951.0 168.0
1 950.0 173.0
1 915.0 179.0
1 944.0 183.0
1 923.0 185.0
1 208.0 190.0
1 910.0 193.0
1 932.0 195.0
1 948.0 195.0
1 809.0 204.0
1 896.0 207.0
1 879.0 208.0
1 456.0 210.0
1 847.0 210.0
1 959.0 210.0
1 1035.0 211.0
1 832.0 212.0
1 995.0 214.0
1 1000.0 214.0
1 966.0 215.0
1 854.0 216.0
1 985.0 217.0
1 1009.0 217.0
1 805.0 221.0
1 844.0 221.0
1 1049.0 222.0
1 789.0 227.0
1 799.0 227.0
1 834.0 230.0
1 1044.0 232.0
1 1052.0 232.0
1 788.0 236.0
1 798.0 236.0
1 1062.0 236.0
1 843.0 242.0
1 799.0 244.0
1 787.0 248.0
1 816.0 248.0
1 1053.0 251.0
1 1064.0 253.0
1 804.0 254.0
1 789.0 255.0
1 931.0 255.0
1 1038.0 260.0
1 1064.0 260.0
1 827.0 261.0
1 794.0 262.0
1 878.0 262.0
1 1053.0 262.0
1 498.0 263.0
1 979.0 263.0
1 1029.0 263.0
1 483.0 264.0
1 488.0 264.0
1 504.0 264.0
1 813.0 265.0
1 873.0 265.0
1 987.0 265.0
1 966.0 266.0
1 475.0 267.0
1 514.0 267.0
1 863.0 267.0
1 1023.0 268.0
1 817.0 270.0
1 999.0 270.0
1 523.0 271.0
1 894.0 271.0
1 844.0 272.0
1 971.0 272.0
1 1057.0 272.0
1 830.0 274.0
1 875.0 274.0
1 914.0 274.0
1 934.0 274.0
1 791.0 275.0
1 1014.0 275.0
1 986.0 276.0
1 531.0 277.0
1 808.0 277.0
1 948.0 277.0
1 1039.0 277.0
1 464.0 278.0
1 1028.0 278.0
1 495.0 279.0
1 863.0 279.0
1 793.0 280.0
1 853.0 280.0
1 897.0 280.0
1 918.0 280.0
1 967.0 280.0
1 482.0 281.0
1 536.0 282.0
1 1049.0 283.0
1 461.0 284.0
1 829.0 284.0
1 840.0 284.0
1 796.0 285.0
1 1001.0 285.0
1 298.0 286.0
1 470.0 286.0
1 303.0 287.0
1 539.0 287.0
1 814.0 287.0
1 1036.0 287.0
1 287.0 288.0
1 935.0 288.0
1 1028.0 289.0
1 479.0 290.0
1 1017.0 290.0
1 494.0 291.0
1 923.0 291.0
1 794.0 292.0
1 846.0 292.0
1 855.0 292.0
1 980.0 292.0
1 1050.0 292.0
1 928.0 293.0
1 322.0 294.0
1 735.0 295.0
1 1036.0 295.0
1 292.0 296.0
1 532.0 296.0
1 544.0 296.0
1 1045.0 296.0
1 262.0 297.0
1 456.0 297.0
1 502.0 297.0
1 825.0 297.0
1 998.0 297.0
1 463.0 298.0
1 918.0 298.0
1 814.0 299.0
1 1008.0 299.0
1 278.0 300.0
1 308.0 300.0
1 942.0 300.0
1 257.0 301.0
1 331.0 301.0
1 546.0 301.0
1 796.0 302.0
1 908.0 302.0
1 498.0 303.0
1 834.0 303.0
1 859.0 303.0
1 927.0 303.0
1 1016.0 303.0
1 455.0 304.0
1 950.0 304.0
1 274.0 305.0
1 475.0 305.0
1 1037.0 305.0
1 252.0 306.0
1 291.0 306.0
1 315.0 306.0
1 334.0 306.0
1 508.0 306.0
1 547.0 306.0
1 1046.0 306.0
1 464.0 307.0
1 799.0 307.0
1 303.0 308.0
1 524.0 309.0
1 826.0 309.0
1 849.0 309.0
1 840.0 310.0
1 249.0 311.0
1 266.0 311.0
1 328.0 312.0
1 455.0 312.0
1 548.0 312.0
1 803.0 312.0
1 993.0 312.0
1 1030.0 312.0
1 808.0 313.0
1 665.0 314.0
1 905.0 314.0
1 823.0 315.0
1 846.0 315.0
1 960.0 315.0
1 977.0 315.0
1 339.0 316.0
1 920.0 317.0
1 296.0 318.0
1 482.0 318.0
1 894.0 318.0
1 1013.0 318.0
1 637.0 319.0
1 831.0 319.0
1 260.0 320.0
1 466.0 320.0
1 939.0 320.0
1 998.0 320.0
1 1020.0 320.0
1 245.0 321.0
1 509.0 321.0
1 525.0 321.0
1 546.0 321.0
1 949.0 321.0
1 1035.0 322.0
1 293.0 323.0
1 711.0 323.0
1 321.0 324.0
1 914.0 324.0
1 631.0 325.0
1 244.0 326.0
1 346.0 326.0
1 475.0 326.0
1 455.0 327.0
1 842.0 327.0
1 275.0 328.0
1 508.0 328.0
1 987.0 328.0
1 1002.0 328.0
1 1023.0 328.0
1 262.0 329.0
1 964.0 329.0
1 244.0 331.0
1 864.0 331.0
1 950.0 331.0
1 542.0 332.0
1 858.0 332.0
1 312.0 334.0
1 900.0 334.0
1 1015.0 335.0
1 290.0 336.0
1 880.0 336.0
1 244.0 338.0
1 1001.0 338.0
1 272.0 339.0
1 333.0 339.0
1 502.0 339.0
1 862.0 339.0
1 994.0 339.0
1 549.0 341.0
1 940.0 341.0
1 981.0 341.0
1 253.0 342.0
1 826.0 342.0
1 841.0 342.0
1 962.0 343.0
1 854.0 344.0
1 475.0 346.0
1 901.0 346.0
1 1063.0 346.0
1 293.0 347.0
1 523.0 347.0
1 737.0 348.0
1 813.0 348.0
1 546.0 350.0
1 343.0 351.0
1 363.0 351.0
1 488.0 351.0
1 502.0 351.0
1 937.0 351.0
1 557.0 353.0
1 823.0 353.0
1 959.0 354.0
1 986.0 354.0
1 883.0 355.0
1 965.0 356.0
1 715.0 357.0
1 848.0 357.0
1 874.0 357.0
1 971.0 358.0
1 921.0 359.0
1 558.0 360.0
1 252.0 361.0
1 332.0 361.0
1 872.0 362.0
1 296.0 363.0
1 944.0 363.0
1 825.0 364.0
1 905.0 364.0
1 460.0 365.0
1 516.0 365.0
1 560.0 365.0
1 975.0 365.0
1 370.0 366.0
1 881.0 366.0
1 349.0 367.0
1 359.0 367.0
1 629.0 367.0
1 393.0 368.0
1 454.0 369.0
1 891.0 369.0
1 935.0 369.0
1 1059.0 370.0
1 262.0 371.0
1 298.0 372.0
1 303.0 372.0
1 401.0 372.0
1 446.0 372.0
1 552.0 372.0
1 818.0 372.0
1 879.0 373.0
1 439.0 374.0
1 798.0 374.0
1 891.0 374.0
1 848.0 375.0
1 871.0 375.0
1 896.0 375.0
1 922.0 375.0
1 980.0 375.0
1 359.0 376.0
1 807.0 376.0
1 916.0 376.0
1 944.0 378.0
1 453.0 379.0
1 520.0 379.0
1 879.0 379.0
1 887.0 379.0
1 380.0 380.0
1 858.0 380.0
1 929.0 380.0
1 310.0 381.0
1 526.0 381.0
1 273.0 382.0
1 411.0 382.0
1 562.0 382.0
1 840.0 382.0
1 962.0 382.0
1 433.0 383.0
1 901.0 383.0
1 254.0 384.0
1 835.0 384.0
1 888.0 384.0
1 896.0 384.0
1 970.0 384.0
1 553.0 385.0
1 635.0 386.0
1 811.0 386.0
1 423.0 387.0
1 824.0 387.0
1 875.0 387.0
1 330.0 388.0
1 467.0 388.0
1 991.0 388.0
1 805.0 389.0
1 850.0 389.0
1 448.0 390.0
1 927.0 390.0
1 939.0 390.0
1 295.0 391.0
1 559.0 391.0
1 794.0 391.0
1 120.0 392.0
1 906.0 392.0
1 979.0 392.0
1 127.0 393.0
1 958.0 393.0
1 971.0 393.0
1 261.0 394.0
1 832.0 394.0
1 953.0 394.0
1 111.0 395.0
1 481.0 395.0
1 549.0 395.0
1 842.0 395.0
1 464.0 396.0
1 525.0 396.0
1 823.0 396.0
1 422.0 397.0
1 787.0 397.0
1 894.0 397.0
1 919.0 397.0
1 106.0 398.0
1 135.0 398.0
1 411.0 398.0
1 393.0 399.0
1 293.0 400.0
1 516.0 400.0
1 551.0 400.0
1 458.0 401.0
1 472.0 401.0
1 858.0 401.0
1 805.0 402.0
1 871.0 402.0
1 103.0 403.0
1 138.0 403.0
1 911.0 403.0
1 961.0 403.0
1 252.0 405.0
1 375.0 405.0
1 551.0 405.0
1 922.0 405.0
1 423.0 407.0
1 443.0 407.0
1 835.0 407.0
1 900.0 407.0
1 973.0 407.0
1 103.0 408.0
1 112.0 408.0
1 885.0 408.0
1 953.0 408.0
1 859.0 409.0
1 939.0 409.0
1 982.0 409.0
1 351.0 410.0
1 548.0 410.0
1 993.0 410.0
1 368.0 411.0
1 525.0 411.0
1 914.0 411.0
1 963.0 411.0
1 138.0 412.0
1 471.0 412.0
1 1039.0 412.0
1 1044.0 412.0
1 832.0 413.0
1 104.0 414.0
1 460.0 414.0
1 800.0 414.0
1 823.0 415.0
1 905.0 415.0
1 923.0 415.0
1 945.0 415.0
1 262.0 416.0
1 398.0 416.0
1 893.0 416.0
1 508.0 417.0
1 328.0 418.0
1 540.0 418.0
1 839.0 418.0
1 847.0 418.0
1 809.0 419.0
1 802.0 420.0
1 928.0 420.0
1 956.0 420.0
1 323.0 421.0
1 824.0 421.0
1 350.0 422.0
1 965.0 422.0
1 296.0 423.0
1 361.0 423.0
1 444.0 423.0
1 885.0 423.0
1 901.0 424.0
1 134.0 425.0
1 477.0 425.0
1 833.0 425.0
1 857.0 425.0
1 981.0 425.0
1 516.0 426.0
1 801.0 426.0
1 995.0 426.0
1 461.0 427.0
1 115.0 428.0
1 439.0 428.0
1 500.0 428.0
1 911.0 428.0
1 953.0 428.0
1 154.0 429.0
1 259.0 429.0
1 450.0 429.0
1 811.0 429.0
1 362.0 430.0
1 877.0 430.0
1 868.0 431.0
1 431.0 432.0
1 463.0 432.0
1 515.0 432.0
1 526.0 432.0
1 947.0 432.0
1 889.0 433.0
1 928.0 433.0
1 264.0 434.0
1 349.0 434.0
1 859.0 434.0
1 900.0 434.0
1 989.0 434.0
1 275.0 435.0
1 798.0 435.0
1 847.0 435.0
1 119.0 436.0
1 344.0 436.0
1 365.0 436.0
1 831.0 436.0
1 972.0 436.0
1 168.0 438.0
1 382.0 438.0
1 101.0 439.0
1 554.0 439.0
1 423.0 440.0
1 440.0 440.0
1 451.0 440.0
1 944.0 440.0
1 301.0 441.0
1 479.0 441.0
1 816.0 441.0
1 857.0 441.0
1 963.0 441.0
1 906.0 442.0
1 327.0 443.0
1 913.0 443.0
1 803.0 444.0
1 830.0 444.0
1 988.0 445.0
1 275.0 446.0
1 395.0 446.0
1 930.0 446.0
1 433.0 447.0
1 449.0 447.0
1 461.0 447.0
1 888.0 447.0
1 368.0 448.0
1 538.0 448.0
1 353.0 449.0
1 947.0 449.0
1 292.0 450.0
1 422.0 450.0
1 495.0 450.0
1 877.0 450.0
1 789.0 452.0
1 967.0 452.0
1 518.0 453.0
1 914.0 453.0
1 90.0 454.0
1 379.0 454.0
1 828.0 454.0
1 818.0 455.0
1 844.0 455.0
1 887.0 455.0
1 304.0 456.0
1 309.0 456.0
1 340.0 456.0
1 803.0 456.0
1 436.0 457.0
1 932.0 457.0
1 399.0 458.0
1 416.0 458.0
1 913.0 458.0
1 106.0 459.0
1 112.0 459.0
1 458.0 459.0
1 481.0 459.0
1 974.0 459.0
1 470.0 460.0
1 342.0 461.0
1 385.0 461.0
1 786.0 461.0
1 906.0 462.0
1 94.0 463.0
1 157.0 463.0
1 318.0 463.0
1 845.0 463.0
1 818.0 464.0
1 925.0 464.0
1 939.0 464.0
1 425.0 465.0
1 886.0 465.0
1 914.0 465.0
1 963.0 465.0
1 367.0 466.0
1 807.0 466.0
1 874.0 467.0
1 329.0 468.0
1 432.0 468.0
1 774.0 468.0
1 844.0 468.0
1 796.0 469.0
1 856.0 469.0
1 946.0 469.0
1 149.0 470.0
1 142.0 471.0
1 261.0 471.0
1 831.0 471.0
1 247.0 472.0
1 454.0 472.0
1 875.0 472.0
1 348.0 473.0
1 101.0 474.0
1 117.0 474.0
1 891.0 474.0
1 996.0 475.0
1 240.0 476.0
1 928.0 476.0
1 939.0 476.0
1 877.0 477.0
1 952.0 478.0
1 863.0 479.0
1 134.0 480.0
1 776.0 480.0
1 790.0 480.0
1 981.0 480.0
1 152.0 481.0
1 452.0 481.0
1 853.0 481.0
1 1001.0 481.0
1 207.0 482.0
1 805.0 482.0
1 178.0 483.0
1 480.0 483.0
1 819.0 483.0
1 945.0 483.0
1 274.0 484.0
1 872.0 484.0
1 900.0 484.0
1 243.0 485.0
1 796.0 485.0
1 190.0 486.0
1 217.0 486.0
1 933.0 486.0
1 862.0 487.0
1 969.0 487.0
1 887.0 488.0
1 263.0 489.0
1 984.0 489.0
1 107.0 490.0
1 906.0 490.0
1 955.0 490.0
1 1005.0 490.0
1 776.0 491.0
1 446.0 492.0
1 989.0 492.0
1 861.0 493.0
1 995.0 493.0
1 134.0 495.0
1 956.0 495.0
1 177.0 496.0
1 590.0 496.0
1 853.0 496.0
1 245.0 497.0
1 893.0 497.0
1 911.0 497.0
1 1011.0 497.0
1 272.0 498.0
1 835.0 498.0
1 926.0 498.0
1 308.0 499.0
1 901.0 500.0
1 120.0 501.0
1 336.0 502.0
1 944.0 502.0
1 957.0 502.0
1 970.0 502.0
1 105.0 503.0
1 540.0 503.0
1 877.0 503.0
1 993.0 503.0
1 600.0 504.0
1 858.0 505.0
1 198.0 506.0
1 1006.0 506.0
1 99.0 507.0
1 245.0 507.0
1 260.0 507.0
1 840.0 507.0
1 94.0 508.0
1 280.0 508.0
1 920.0 509.0
1 149.0 510.0
1 770.0 510.0
1 801.0 511.0
1 121.0 512.0
1 224.0 512.0
1 327.0 512.0
1 885.0 512.0
1 931.0 512.0
1 985.0 512.0
1 990.0 513.0
1 417.0 514.0
1 875.0 514.0
1 954.0 516.0
1 96.0 517.0
1 200.0 517.0
1 773.0 518.0
1 1007.0 518.0
1 579.0 519.0
1 596.0 519.0
1 885.0 519.0
1 983.0 519.0
1 219.0 520.0
1 611.0 520.0
1 377.0 521.0
1 558.0 521.0
1 188.0 522.0
1 153.0 523.0
1 658.0 523.0
1 788.0 523.0
1 887.0 524.0
1 963.0 524.0
1 202.0 525.0
1 778.0 525.0
1 74.0 526.0
1 349.0 527.0
1 274.0 528.0
1 327.0 528.0
1 785.0 528.0
1 802.0 528.0
1 893.0 528.0
1 265.0 529.0
1 305.0 529.0
1 998.0 529.0
1 1003.0 529.0
1 102.0 530.0
1 775.0 531.0
1 33.0 532.0
1 28.0 533.0
1 157.0 533.0
1 566.0 533.0
1 879.0 533.0
1 47.0 534.0
1 169.0 534.0
1 264.0 534.0
1 610.0 534.0
1 843.0 534.0
1 22.0 535.0
1 145.0 535.0
1 405.0 535.0
1 438.0 535.0
1 580.0 535.0
1 600.0 535.0
1 605.0 535.0
1 791.0 535.0
1 912.0 535.0
1 772.0 536.0
1 181.0 537.0
1 17.0 539.0
1 887.0 539.0
1 971.0 539.0
1 1005.0 539.0
1 855.0 540.0
1 897.0 541.0
1 122.0 542.0
1 281.0 542.0
1 403.0 542.0
1 555.0 542.0
1 780.0 542.0
1 798.0 542.0
1 998.0 542.0
1 159.0 543.0
1 586.0 543.0
1 952.0 543.0
1 844.0 544.0
1 108.0 545.0
1 773.0 545.0
1 812.0 545.0
1 13.0 546.0
1 385.0 546.0
1 450.0 546.0
1 540.0 547.0
1 605.0 547.0
1 804.0 547.0
1 785.0 548.0
1 138.0 549.0
1 910.0 549.0
1 974.0 549.0
1 50.0 550.0
1 171.0 550.0
1 773.0 550.0
1 1000.0 550.0
1 181.0 551.0
1 495.0 551.0
1 570.0 551.0
1 943.0 551.0
1 957.0 551.0
1 285.0 552.0
1 366.0 552.0
1 470.0 552.0
1 479.0 552.0
1 897.0 552.0
1 989.0 552.0
1 837.0 553.0
1 951.0 553.0
1 883.0 554.0
1 82.0 555.0
1 411.0 555.0
1 428.0 555.0
1 440.0 555.0
1 852.0 555.0
1 21.0 556.0
1 155.0 556.0
1 569.0 557.0
1 109.0 558.0
1 273.0 559.0
1 790.0 559.0
1 978.0 559.0
1 140.0 560.0
1 413.0 560.0
1 847.0 560.0
1 959.0 560.0
1 552.0 561.0
1 813.0 561.0
1 916.0 561.0
1 942.0 561.0
1 992.0 561.0
1 897.0 562.0
1 968.0 563.0
1 87.0 564.0
1 173.0 564.0
1 285.0 564.0
1 793.0 564.0
1 55.0 565.0
1 140.0 565.0
1 295.0 565.0
1 906.0 565.0
1 911.0 565.0
1 849.0 566.0
1 165.0 567.0
1 460.0 567.0
1 949.0 567.0
1 15.0 568.0
1 985.0 568.0
1 160.0 569.0
1 553.0 569.0
1 661.0 569.0
1 155.0 570.0
1 375.0 570.0
1 523.0 571.0
1 593.0 571.0
1 668.0 571.0
1 865.0 571.0
1 967.0 571.0
1 279.0 572.0
1 783.0 572.0
1 202.0 573.0
1 385.0 573.0
1 625.0 574.0
1 25.0 575.0
1 40.0 575.0
1 788.0 575.0
1 30.0 576.0
1 35.0 576.0
1 191.0 576.0
1 282.0 577.0
1 852.0 577.0
1 950.0 577.0
1 357.0 578.0
1 546.0 578.0
1 608.0 578.0
1 830.0 578.0
1 960.0 578.0
1 174.0 579.0
1 529.0 579.0
1 694.0 579.0
1 896.0 579.0
1 979.0 579.0
1 987.0 579.0
1 971.0 580.0
1 407.0 581.0
1 597.0 581.0
1 923.0 581.0
1 627.0 582.0
1 851.0 582.0
1 167.0 583.0
1 402.0 583.0
1 618.0 583.0
1 667.0 584.0
1 875.0 584.0
1 963.0 584.0
1 214.0 585.0
1 397.0 585.0
1 143.0 587.0
1 162.0 587.0
1 381.0 587.0
1 387.0 587.0
1 552.0 587.0
1 699.0 587.0
1 892.0 587.0
1 573.0 588.0
1 590.0 588.0
1 694.0 588.0
1 989.0 588.0
1 131.0 589.0
1 661.0 590.0
1 975.0 590.0
1 117.0 591.0
1 607.0 591.0
1 625.0 591.0
1 942.0 591.0
1 200.0 592.0
1 620.0 592.0
1 639.0 592.0
1 855.0 592.0
1 194.0 593.0
1 524.0 593.0
1 875.0 593.0
1 598.0 594.0
1 951.0 594.0
1 644.0 595.0
1 660.0 595.0
1 890.0 595.0
1 984.0 595.0
1 563.0 596.0
1 839.0 596.0
1 146.0 598.0
1 865.0 598.0
1 210.0 599.0
1 625.0 599.0
1 694.0 599.0
1 134.0 600.0
1 177.0 600.0
1 612.0 600.0
1 648.0 600.0
1 879.0 602.0
1 935.0 602.0
1 164.0 604.0
1 562.0 604.0
1 591.0 604.0
1 886.0 604.0
1 600.0 605.0
1 214.0 607.0
1 650.0 607.0
1 146.0 609.0
1 563.0 609.0
1 599.0 610.0
1 613.0 612.0
1 650.0 612.0
1 179.0 613.0
1 128.0 614.0
1 568.0 614.0
1 580.0 614.0
1 205.0 615.0
1 628.0 615.0
1 585.0 617.0
1 616.0 617.0
1 188.0 618.0
1 215.0 620.0
1 841.0 620.0
1 622.0 621.0
1 169.0 622.0
1 638.0 622.0
1 179.0 624.0
1 660.0 624.0
1 159.0 629.0
1 190.0 630.0
1 573.0 630.0
1 136.0 631.0
1 210.0 632.0
1 172.0 633.0
1 145.0 634.0
1 192.0 635.0
1 634.0 635.0
1 841.0 635.0
1 557.0 636.0
1 201.0 637.0
1 659.0 640.0
1 575.0 641.0
1 585.0 641.0
1 590.0 641.0
1 599.0 641.0
1 614.0 642.0
1 619.0 642.0
1 144.0 645.0
1 157.0 645.0
1 181.0 646.0
1 595.0 646.0
1 571.0 648.0
1 168.0 649.0
1 589.0 649.0
1 558.0 652.0
1 143.0 653.0
1 149.0 654.0
1 158.0 654.0
1 144.0 658.0
1 608.0 658.0
1 596.0 663.0
1 591.0 664.0
1 145.0 665.0
1 238.0 665.0
1 581.0 665.0
1 586.0 665.0
1 201.0 680.0
1 162.0 697.0
1 824.0 831.0
