0 0 1 181.52728078512433
0 2 5 321.46067766648264
0 6 6 296.30984458548284
0 10 10 167.52079504703192
0 12 15 106.2859233813604
0 13 17 141.36927146679537
0 14 19 236.58646939394976
0 15 23 146.71338954723626
0 16 25 254.90309909832436
0 18 27 145.57138788995613
0 17 28 337.62411833133285
0 21 32 310.0116375284979
0 26 38 411.35332324067315
0 27 39 429.36559791147306
0 39 43 264.0118425340782
0 43 45 145.86822296849357
0 41 46 237.6882890757874
0 36 47 173.67536840453323
0 44 48 214.3152901777873
0 48 49 217.9860965977677
0 50 50 171.72239324525657
0 52 52 386.2582516542447
0 54 55 131.9665164741285
0 58 56 149.99793025726947
0 71 60 344.7135628873791
0 57 63 237.98949764464075
0 66 64 469.81517000127207
0 74 65 192.45976286812174
0 53 67 203.14392568493446
0 64 68 155.81140645171837
0 61 69 258.5333196186232
0 59 70 161.7972777671588
0 69 73 277.4975262150905
0 72 74 305.7973896463298
0 73 77 207.54111601055124
0 80 78 126.16446831088204
0 79 81 219.50561696612522
0 83 83 156.90800653548928
0 92 84 133.28165362770957
0 88 85 138.59521919150222
0 85 86 217.34632454374795
0 106 88 116.19795382865148
0 91 89 288.1244519489066
0 90 90 150.1035331538711
0 110 92 135.09827695345834
0 121 94 334.26845075033106
0 125 96 312.5837611501042
0 139 97 372.7768216102454
0 99 100 148.44974783687957
0 114 102 137.10567813032006
0 104 103 178.06240414158248
0 100 104 163.8670924792546
0 101 105 123.91995038243182
0 130 107 280.52287238547297
0 120 108 114.48918126310438
0 111 110 241.96378550980518
0 103 111 257.97472535279053
0 108 112 149.12757447749578
0 96 113 227.02208690651378
0 115 116 135.1708228789524
0 134 118 171.0995849585647
0 118 120 240.4747110635433
0 135 121 124.34595256430117
0 152 123 174.95342056802974
0 124 127 143.25629482358494
0 123 130 144.37519270789454
0 163 131 164.02563408920506
0 127 132 150.42826268308133
0 164 133 233.73963130719332
0 169 134 199.07536810729547
0 153 135 200.5877550864249
0 136 138 130.11381341561076
0 142 141 224.38812158584733
0 140 142 212.2161675343928
0 176 143 172.08897758492225
0 145 146 108.92426001665687
0 166 147 119.67993786453421
0 185 148 207.47125573276185
0 181 149 108.21501130641063
0 160 151 128.75348173649581
0 155 152 476.6542298363182
0 175 154 211.61896387759862
0 173 155 116.59628841201264
0 149 156 135.1230742169454
0 177 157 119.65072166777708
0 148 158 148.55354960227442
0 178 159 217.8028175742814
0 170 160 239.74150491194396
0 182 161 151.6560917651721
0 193 163 211.6435772261727
0 190 164 157.36672587814041
0 167 165 143.06815284397268
0 206 166 401.38618442568924
0 179 167 114.96595264480645
0 192 168 145.03178521222156
0 174 171 203.61348911985905
0 183 174 256.6633158233796
0 207 175 124.72469220487771
0 186 176 183.64341345769157
0 213 177 120.62067117058564
0 188 178 175.43760803934555
0 194 181 128.52082152987526
0 195 182 134.4373987094913
0 223 183 258.6324382749807
0 208 184 113.02015582124116
0 198 185 117.46500110343004
0 211 187 127.90335427698065
0 219 188 294.8344878979619
0 217 189 131.9488412843474
0 204 191 141.72145980093867
0 224 192 120.68239596177747
0 210 193 113.93548062877288
0 205 198 188.43510573716128
0 237 199 128.54718269072444
0 228 200 119.62151120300885
0 234 201 180.77164806087004
0 212 202 192.23304619629357
0 201 204 220.30381365455054
0 241 205 179.57761004191659
0 239 206 231.18134114868792
0 226 208 236.64650394449254
0 242 209 378.3310239960979
0 246 210 188.36395709888436
0 230 211 380.9777014989464
0 235 212 299.1146928818769
0 236 213 181.30513811951698
0 231 214 179.56442514597381
0 233 217 290.7089728230377
0 249 218 125.09374080794291
0 251 220 114.42789110004321
0 238 221 297.4352501175401
0 253 222 108.96618357236913
0 260 223 133.54228182192725
0 254 224 108.28815522139436
0 250 225 227.98259000216063
0 252 227 298.6742927294388
0 262 228 117.0351677187163
0 243 229 276.78680019309
0 263 230 212.1103500730246
0 247 231 390.485378457783
0 259 233 258.4273105336847
0 264 235 347.62728833900235
0 261 241 107.22741980160787
0 267 242 129.68852737044338
0 268 246 196.30811634742193
0 275 247 241.3691672086865
0 272 248 132.8619725452746
0 269 250 185.29285989446936
0 277 253 114.45867243703233
0 273 256 130.9477939713589
0 284 257 109.63757917695698
0 278 259 177.39798768962424
0 279 260 107.30823161931262
0 274 261 109.06146269189763
0 282 262 253.76457478834445
0 297 265 220.95059288589604
0 286 268 266.40320448266806
0 280 269 112.90962272102429
0 300 270 257.79913791984114
0 285 271 176.30843248299965
0 289 273 384.48239234482656
0 283 274 314.3214607019862
0 291 275 304.14452996932584
0 294 276 115.93346277469145
0 296 278 223.11164594684288
0 290 279 177.10908531413313
0 306 280 184.93183723121462
0 303 283 106.62389817723592
0 295 287 128.8539701711162
0 292 288 322.6108509840495
0 301 289 251.75805577516343
0 307 290 173.10273763350753
0 304 291 461.6253518396573
0 309 294 106.30863311048327
0 308 295 309.692520099897
0 311 296 348.92231561059424
0 313 298 108.40507476797595
0 320 299 178.74023264376592
0 331 304 242.14522580108815
0 326 305 322.7542469762499
0 328 306 192.2363501573781
0 325 307 271.8900254092437
0 323 309 121.70968236409001
0 324 310 108.69974888005454
0 321 311 276.61897385195414
0 315 312 155.07539319706865
0 330 313 311.4557122993441
0 333 314 119.04855198250506
0 340 318 225.61420481127493
0 334 319 161.22029614106407
0 329 320 186.17442178145
0 337 322 368.6883318358836
0 335 325 157.52303405531478
0 341 328 135.9755436824219
0 342 330 240.82906603033987
0 344 332 114.70158384870443
0 332 333 443.2266867798518
0 354 334 289.6988160524266
0 336 337 208.10378734217602
0 343 339 106.74889010134238
0 347 340 138.54084519975405
0 351 344 113.07341542558447
0 360 345 209.39821037166175
0 368 348 121.80350502370372
0 356 350 117.86571728975146
0 350 351 120.27806766957558
0 366 352 132.377814057527
0 359 353 134.13669870304744
0 364 354 137.12770964118727
0 371 355 120.47041522516196
0 362 357 120.25759178545927
0 363 358 117.4391825884531
0 361 359 431.3693002815679
0 365 360 294.38497327679664
0 388 361 199.70781635878427
0 393 363 333.6722186500421
0 377 365 196.11574946883323
0 384 367 127.13682715517336
0 385 373 172.2952196471326
0 389 375 124.66345128219952
0 394 376 109.71032778947031
0 387 377 129.0976332430936
0 404 379 110.01222269434345
0 398 382 264.23904403302623
0 383 383 106.25212594929513
0 396 385 347.54109091737695
0 406 386 132.1178885569994
0 416 389 259.9474642356048
0 413 390 168.60410322655076
0 420 393 240.27114185539006
0 422 394 139.3343182477106
0 408 396 119.08471827780318
0 442 397 150.03512728094813
0 435 398 182.12396558566806
0 421 399 322.41521767935717
0 403 400 212.60570747164417
0 407 402 212.15930167521117
0 386 403 252.64075991531064
0 405 404 332.33015566645633
0 409 407 235.973107541703
0 417 409 347.8780221863988
0 438 410 126.8919031347047
0 410 411 246.33922193517031
0 400 412 150.5834235966581
0 444 414 132.12613950141906
0 428 416 115.26444491818954
0 437 417 174.21582858720643
0 424 418 113.9522733786954
0 415 419 146.28252557971234
0 454 421 215.73473854217298
0 446 422 237.14329754414894
0 434 425 106.67154970269432
0 453 426 214.17104191268348
0 423 427 105.05191321071695
0 411 428 390.75467294834897
0 432 429 321.37853275741224
0 450 430 205.8515971053788
0 452 432 115.5866489459511
0 455 434 159.0823804190383
0 433 435 217.8564124366011
0 441 437 177.9461228036235
0 460 439 145.68373741662825
0 457 440 128.60051905588796
0 461 441 129.6830840384572
0 462 442 138.8172544887074
0 448 444 218.96829372879984
0 445 445 142.79662964459698
0 436 446 139.42796129143352
0 458 451 166.66396132198176
0 494 453 203.3482148809173
0 447 454 164.03188847578627
0 477 455 344.7562766637096
0 478 456 183.29190736825728
0 451 457 105.80019376377783
0 456 458 121.28935934349445
0 470 459 140.59275461797716
0 463 460 110.19608371168891
0 491 462 193.4652774830857
0 506 463 227.49131443730218
0 499 464 188.80404301260168
0 467 465 115.24663781862773
0 497 466 214.02689213212852
0 473 467 133.3384197903871
0 500 470 175.14237899312332
0 466 471 130.5043367222123
0 505 472 202.14690819639912
0 468 474 217.91793054278492
0 476 475 136.95225923830154
0 484 477 315.93198878010526
0 523 478 163.56108362867928
0 486 479 209.9488993686097
0 511 480 232.33152701831864
0 487 482 173.9608160302771
0 544 483 224.1919765240869
0 481 484 110.6800411629191
0 472 485 157.85823652875553
0 510 487 191.08883927752788
0 519 488 139.70508675018775
0 527 490 120.59121928681387
0 539 491 147.63610162639617
0 522 494 165.5392833761804
0 531 496 125.85171982258714
0 532 497 140.66417587717157
0 488 498 115.834104940882
0 495 499 196.74179979431324
0 503 500 194.1476637313643
0 493 501 196.5653238253976
0 504 502 194.05509904813943
0 509 505 161.0753709164626
0 518 506 214.1338793674829
0 545 507 139.61577653774475
0 502 508 112.1520686800078
0 489 509 244.49866505331008
0 521 510 268.4739229436793
0 514 511 158.59294318225966
0 536 512 156.52838196128087
0 551 516 224.64248234981824
0 525 519 125.67912824439674
0 526 520 129.70893140065365
0 530 521 291.4382074097171
0 553 524 197.2467868010362
0 517 525 117.67544985888878
0 508 529 126.22121041249513
0 520 530 142.67541230086547
0 529 531 140.82685629348688
0 564 532 216.28312368780863
0 513 534 122.12062497411421
0 558 535 194.69481165953576
0 559 536 123.4693279040989
0 562 537 127.1187075079917
0 572 538 216.69190745513504
0 533 540 188.78010040086983
0 524 541 262.04223344199687
0 538 542 256.34092216149287
0 570 543 118.17252699154805
0 571 544 183.01454465286864
0 535 545 107.54550497051014
0 549 546 222.4148369745555
0 557 547 142.0518295806405
0 543 548 126.61260513118202
0 548 549 110.21300851494071
0 541 550 189.64950053880474
0 540 553 136.754011661559
0 560 554 308.7553191146748
0 585 555 180.7038905928879
0 550 557 125.999193711672
0 584 558 120.21585981966491
0 591 559 170.42000977588995
0 547 560 156.22892061145743
0 598 562 185.78281972322182
0 594 563 171.54545671127553
0 595 564 136.24735581046033
0 555 568 391.6747141006335
0 556 570 172.78903787807863
0 565 571 121.12845183124917
0 569 572 123.03664944503316
0 580 573 244.04160392486344
0 610 574 294.67004826505735
0 622 575 184.12461707961288
0 579 577 180.47191448041227
0 606 579 231.4557679539909
0 563 580 221.10869618650065
0 574 581 218.65715710777795
0 614 582 116.72445764387163
0 578 583 193.61403872392484
0 582 584 136.02177941957058
0 603 585 178.6458125362236
0 581 587 226.33313009886314
0 568 588 202.77307372139154
0 613 590 105.57044463292546
0 631 594 192.19913209639503
0 628 595 145.7322296613778
0 621 596 125.69159454183205
0 587 597 154.54109338189076
0 635 600 209.45453383264527
0 600 601 269.0183002886734
0 629 602 141.85606424119058
0 626 604 149.03488341415095
0 586 605 165.46636959308344
0 605 606 188.11336619248178
0 637 607 124.99732529879914
0 608 608 247.53838440680224
0 656 610 174.10487667946208
0 577 611 166.67636291962125
0 573 612 164.77192684719552
0 633 613 182.0168140708675
0 634 614 173.76615397490266
0 646 615 107.64601528480593
0 647 616 178.24232825233614
0 639 617 121.17362916738892
0 643 618 132.65945695482583
0 619 619 179.76078419565505
0 654 623 138.47261480752292
0 597 624 120.72050005864334
0 671 627 144.75460066855283
0 650 629 260.2763948623029
0 618 634 305.7775483761848
0 667 635 148.99708235195487
0 611 636 274.25828857642375
0 612 637 335.96356893767734
0 660 638 155.6616956449894
0 668 640 173.69061562006917
0 669 641 157.20546865966566
0 607 644 125.78950888365254
0 670 645 172.74701490885258
0 681 648 111.50982303352397
0 677 649 144.98062571508567
0 674 651 136.4719387306882
0 642 652 123.90895862718587
0 673 653 119.09255438705284
0 624 657 164.08821547438458
0 688 658 180.00609418520315
0 682 660 112.73467469540628
0 701 661 164.75055249202012
0 617 665 190.48294644951488
0 698 666 161.44276414321251
0 686 667 121.36462224490772
0 695 669 151.07449983161132
0 615 670 265.6983380012464
0 645 672 104.38106780638019
0 658 673 110.8312447733703
0 690 674 114.89443298200939
0 636 676 121.58415218774374
0 644 679 163.78585789756025
0 706 680 107.98156748703154
0 699 681 288.52479089444887
0 709 682 159.23477178715453
0 616 683 199.53400246592642
0 630 684 126.58706957309916
0 696 686 208.38758872070895
0 627 687 127.95795326959747
0 649 689 160.512439195108
0 700 690 123.68369641775283
0 638 691 417.43448916934784
0 655 692 141.633499399013
0 640 693 114.04544302654777
0 703 696 255.95934239571628
0 725 697 276.68466542357794
0 715 698 108.16105493997676
0 665 699 233.90553500061208
0 711 701 175.86595071686702
0 651 703 407.6565402403787
0 675 705 217.0733067445569
0 685 706 103.78213813443107
0 733 708 133.166796945196
0 672 710 111.17321852628102
0 731 712 265.16549870963246
0 740 713 129.84791960414424
0 723 714 442.6424891347601
0 710 715 374.5171766273217
0 662 717 128.1681992489075
0 717 718 209.8856402577418
0 764 720 219.03094188358963
0 663 721 106.91087684525147
0 716 723 163.4098522882393
0 727 724 152.17476407636994
0 738 725 330.32118236804183
0 744 727 115.20911761609673
0 689 728 198.60280223205984
0 724 729 163.7672643048771
0 684 730 127.25455232376322
0 691 731 168.75500603062295
0 694 732 292.50715697931884
0 713 733 152.44072383742616
0 762 735 149.5020790296828
0 756 736 338.5184756231297
0 679 737 139.00251712529231
0 750 738 281.52681316656617
0 683 739 115.81229193212825
0 702 740 196.33582179766495
0 707 741 115.1712107120684
0 747 742 191.37606252442504
0 761 743 132.3318717884181
0 763 747 258.58115570740773
0 721 748 103.6135701458915
0 778 750 130.26298544601437
0 792 751 127.4193452839804
0 766 753 137.41735366268188
0 788 754 173.43389206300768
0 774 755 112.39630089154838
0 771 757 198.81885793386292
0 692 759 197.13359203871136
0 777 760 132.79224048027163
0 697 761 106.50448551606526
0 746 762 108.9450904202738
0 796 763 136.69565942890515
0 791 764 140.8627182569485
0 742 765 304.3258720913622
0 704 766 104.0727871123855
0 800 768 130.71665494332748
0 811 769 188.8128822815172
0 758 771 199.39228741974108
0 743 773 192.9596678426738
0 735 774 158.913766356484
0 813 777 331.1759764008818
0 714 778 130.52400313060636
0 819 781 223.9611743333146
0 816 783 124.33540111675867
0 817 784 115.33377792556271
0 754 785 111.4629353472806
0 828 788 128.89181508714702
0 843 789 416.8191064516628
0 818 792 166.82982175183477
0 726 793 103.7700124420975
0 776 794 183.25661056642025
0 712 795 297.70172683232727
0 732 797 343.38763701710775
0 815 799 131.7781869496582
0 834 800 195.2487332329385
0 823 801 123.97798914680047
0 782 802 201.50384284031605
0 839 803 128.70505373138587
0 728 805 106.57815104248887
0 799 806 158.48771209396725
0 769 809 138.92618077659705
0 755 810 125.4297110354072
0 786 811 107.10518216552182
0 822 812 106.18030800563393
0 781 813 116.39742231975265
0 836 815 120.00383103203183
0 854 816 109.38265088443832
0 859 819 132.34007640870715
0 863 820 345.24124905881456
0 780 821 134.58691606118575
0 795 823 114.49704933498796
0 797 825 220.67094705182112
0 729 826 142.88510412371986
0 798 827 191.99414080380848
0 741 828 261.0539975858612
0 807 830 147.14525049803513
0 858 831 107.11381869861292
0 772 832 222.48653918733586
0 846 833 116.25631356440165
0 857 834 176.20993762099377
0 871 835 105.64185209688853
0 737 836 229.24405706063493
0 745 837 112.23118912554855
0 856 838 106.37729270644265
0 749 839 204.4999153463893
0 806 842 119.60411455099309
0 757 843 192.6722552423761
0 794 844 171.58161501659853
0 808 845 136.66365761229662
0 878 848 110.14250590571433
0 812 851 118.71302781048784
0 883 852 107.22869450729252
0 803 853 155.02999653665765
0 835 854 157.32335623965167
0 901 855 107.38096544082497
0 752 856 117.68308508229504
0 827 864 307.6589722045058
0 768 867 113.65007405077125
0 848 870 144.18282597278755
0 832 871 109.50319788690332
0 900 872 112.76940261418385
0 760 873 195.2431436522764
0 838 874 181.6112653174687
0 869 875 195.19734841248436
0 906 876 108.57324797895996
0 765 877 103.98394637950932
0 910 879 108.6703114614126
0 928 880 107.36340826725356
0 845 883 185.7064646978515
0 855 884 110.57496130552305
0 899 885 425.94704368642937
0 919 886 110.02880242434068
0 775 887 112.83351940278432
0 790 888 107.43126363844648
0 789 889 107.6349793717783
0 814 890 168.60184970238544
0 911 891 233.12388303770808
0 841 893 103.57158400749888
0 783 896 106.80214668468813
0 931 898 125.0528264429693
0 826 899 106.63279613180323
0 867 901 124.91271039148393
0 862 902 158.64165083532825
0 868 903 182.82944456613302
0 874 904 108.28536650900722
0 876 905 113.90115215401231
0 830 906 111.13326049076989
0 831 907 114.9286228252417
0 890 908 266.8810128781117
0 896 910 170.87471511486916
0 936 911 124.34210038725872
0 805 913 105.91401952891249
0 849 914 155.25874025955278
0 881 916 114.94178000096326
0 903 920 113.42955666969647
0 810 921 211.7835041747082
0 873 922 133.58520738643352
0 840 924 187.70746207271705
0 898 926 106.15438864635314
0 865 928 207.83960345848973
0 904 929 165.40072707555424
0 921 930 147.82968428014513
0 866 931 179.20943135572426
0 852 934 188.08430579600946
0 877 935 165.47204887896768
0 893 936 216.82750816420597
0 801 938 151.99403881564493
0 825 940 117.07345394132685
0 886 942 185.19834247575326
0 913 943 117.26218787303584
0 824 944 182.44330161033474
0 872 945 184.7763515747474
0 908 946 200.36635627419156
0 914 947 149.8600880212354
0 889 950 170.24766317110578
0 891 952 130.52475457196414
0 892 953 144.59716714896703
0 833 955 135.37336165403028
0 920 956 117.32309035824586
0 917 959 132.55271741028335
0 935 960 166.83158023379988
0 821 961 133.76656014593976
0 837 963 224.89778221094448
0 847 964 109.74962075148444
0 930 966 113.02387139602523
0 926 967 114.14767240604506
0 851 969 106.11430508295334
0 932 972 190.1022121915397
0 870 974 111.12096073189335
0 944 975 114.6465760872202
0 940 976 150.49814810811364
0 943 978 115.25483204316494
0 948 979 124.05315028982086
0 885 981 133.39583888578977
0 950 983 198.29715090246086
0 954 984 125.56070887264295
0 942 986 143.72429688052816
0 947 989 113.48252741957434
0 888 992 164.94848928615497
0 884 998 108.87165717310079
0 902 999 161.10333574772372
0 907 1002 165.64144780036477
0 895 1004 112.2167461589151
0 964 1006 109.83003109923277
0 959 1008 104.57052775867051
0 923 1009 109.5609631288385
0 925 1011 135.8024667374446
0 971 1012 105.29534565669039
0 929 1013 252.68339548674436
0 967 1014 290.5421328292278
0 922 1015 114.17641495572684
0 974 1016 108.58489880965247
0 924 1017 220.60487718927993
0 972 1018 160.11692192756647
0 973 1019 145.06416393206757
0 978 1020 218.56312715423974
0 934 1021 214.53656057705842
0 933 1025 161.32195956204686
0 977 1026 126.10161613484618
0 938 1027 152.1675041803123
0 946 1029 181.01970712452328
0 981 1030 197.49355802836232
0 937 1032 132.45667936003807
0 951 1035 137.87515888475497
0 952 1037 161.73819322534214
0 985 1038 150.38465599672722
0 949 1039 181.85909261534982
0 987 1040 150.07219509402537
0 945 1041 127.83902106912643
0 988 1042 166.1485233996341
0 956 1043 164.13704959013714
0 989 1044 215.79709032040896
0 957 1046 249.02534483413766
0 990 1048 188.70809672951043
0 962 1053 147.8045878827347
0 965 1054 137.23426897701296
0 958 1055 192.15459948187532
0 963 1056 192.63239101173704
0 968 1057 116.19839645922549
0 966 1059 151.12018182828655
0 970 1061 203.30168001949014
0 980 1062 243.04659482371162
0 976 1066 193.43759558907544
0 979 1068 158.4417772448919
0 983 1069 156.9337502464774
0 984 1070 203.97888042726441
0 991 1071 105.94700671826851
0 993 1074 129.9708826208461
0 994 1076 113.29436971980383

0 525.0 10.0
0 376.0 21.0
0 74.0 75.0
0 1056.0 107.0
0 1063.0 107.0
0 1050.0 108.0
0 1043.0 112.0
0 1073.0 113.0
0 1037.0 120.0
0 1077.0 120.0
0 1035.0 125.0
0 1077.0 125.0
0 1066.0 128.0
0 85.0 129.0
0 1076.0 130.0
0 1049.0 135.0
0 1074.0 137.0
0 1036.0 141.0
0 1045.0 147.0
0 1066.0 147.0
0 1035.0 151.0
0 1021.0 152.0
0 1027.0 152.0
0 1044.0 152.0
0 1062.0 154.0
0 1036.0 156.0
0 1013.0 159.0
0 1061.0 159.0
0 1072.0 160.0
0 907.0 166.0
0 900.0 167.0
0 409.0 168.0
0 996.0 169.0
0 985.0 172.0
0 926.0 174.0
0 918.0 176.0
0 933.0 180.0
0 953.0 180.0
0 948.0 181.0
0 1119.0 182.0
0 891.0 184.0
0 943.0 184.0
0 1063.0 185.0
0 904.0 187.0
0 1097.0 187.0
0 891.0 194.0
0 984.0 195.0
0 927.0 196.0
0 905.0 198.0
0 911.0 205.0
0 888.0 206.0
0 945.0 206.0
0 922.0 207.0
0 1075.0 207.0
0 898.0 212.0
0 938.0 216.0
0 962.0 217.0
0 917.0 219.0
0 922.0 219.0
0 1107.0 219.0
0 550.0 221.0
0 555.0 221.0
0 561.0 222.0
0 893.0 222.0
0 912.0 224.0
0 532.0 225.0
0 979.0 226.0
0 1080.0 226.0
0 903.0 228.0
0 1032.0 228.0
0 1050.0 228.0
0 580.0 229.0
0 553.0 230.0
0 1020.0 231.0
0 1006.0 232.0
0 1081.0 232.0
0 979.0 233.0
0 1061.0 233.0
0 960.0 234.0
0 543.0 235.0
0 589.0 235.0
0 1088.0 236.0
0 886.0 237.0
0 995.0 237.0
0 974.0 238.0
0 1039.0 238.0
0 1078.0 239.0
0 1083.0 239.0
0 564.0 240.0
0 1119.0 240.0
0 909.0 241.0
0 941.0 241.0
0 551.0 243.0
0 897.0 243.0
0 315.0 244.0
0 322.0 244.0
0 327.0 244.0
0 335.0 244.0
0 597.0 244.0
0 955.0 244.0
0 1021.0 244.0
0 340.0 245.0
0 511.0 245.0
0 1007.0 245.0
0 1057.0 245.0
0 1086.0 245.0
0 1118.0 245.0
0 307.0 246.0
0 531.0 247.0
0 346.0 248.0
0 990.0 248.0
0 920.0 249.0
0 975.0 249.0
0 1105.0 249.0
0 934.0 251.0
0 288.0 252.0
0 949.0 252.0
0 983.0 252.0
0 545.0 253.0
0 550.0 253.0
0 1092.0 254.0
0 562.0 255.0
0 905.0 255.0
0 505.0 256.0
0 521.0 256.0
0 604.0 256.0
0 358.0 257.0
0 1008.0 257.0
0 1103.0 257.0
0 892.0 258.0
0 996.0 258.0
0 312.0 259.0
0 914.0 259.0
0 274.0 260.0
0 360.0 262.0
0 518.0 262.0
0 572.0 262.0
0 607.0 262.0
0 963.0 263.0
0 269.0 264.0
0 308.0 264.0
0 586.0 264.0
0 1080.0 266.0
0 353.0 267.0
0 528.0 267.0
0 608.0 267.0
0 943.0 267.0
0 568.0 268.0
0 265.0 269.0
0 342.0 269.0
0 367.0 270.0
0 975.0 270.0
0 1010.0 270.0
0 1106.0 270.0
0 297.0 271.0
0 540.0 271.0
0 1067.0 271.0
0 578.0 272.0
0 717.0 272.0
0 909.0 272.0
0 514.0 273.0
0 526.0 273.0
0 1111.0 273.0
0 501.0 274.0
0 289.0 275.0
0 595.0 275.0
0 371.0 276.0
0 963.0 276.0
0 358.0 277.0
0 610.0 277.0
0 985.0 277.0
0 997.0 277.0
0 259.0 280.0
0 1097.0 280.0
0 1075.0 281.0
0 342.0 282.0
0 940.0 282.0
0 289.0 283.0
0 1062.0 283.0
0 467.0 284.0
0 609.0 284.0
0 957.0 284.0
0 992.0 284.0
0 257.0 285.0
0 550.0 285.0
0 1047.0 285.0
0 505.0 286.0
0 579.0 287.0
0 978.0 287.0
0 334.0 288.0
0 387.0 288.0
0 968.0 288.0
0 360.0 289.0
0 531.0 289.0
0 256.0 290.0
0 366.0 290.0
0 505.0 291.0
0 1056.0 291.0
0 1097.0 291.0
0 308.0 292.0
0 543.0 292.0
0 578.0 292.0
0 1072.0 292.0
0 389.0 293.0
0 1103.0 293.0
0 283.0 294.0
0 255.0 296.0
0 295.0 296.0
0 507.0 296.0
0 343.0 297.0
0 576.0 297.0
0 978.0 297.0
0 995.0 297.0
0 1014.0 299.0
0 1067.0 299.0
0 368.0 301.0
0 931.0 301.0
0 1102.0 301.0
0 604.0 302.0
0 284.0 303.0
0 357.0 303.0
0 1006.0 303.0
0 330.0 304.0
0 378.0 304.0
0 513.0 304.0
0 255.0 305.0
0 273.0 307.0
0 1044.0 307.0
0 303.0 308.0
0 977.0 308.0
0 919.0 309.0
0 1005.0 309.0
0 1099.0 309.0
0 256.0 310.0
0 381.0 310.0
0 601.0 311.0
0 617.0 311.0
0 347.0 312.0
0 787.0 312.0
0 1045.0 312.0
0 1064.0 312.0
0 565.0 313.0
0 527.0 314.0
0 257.0 315.0
0 542.0 316.0
0 617.0 316.0
0 941.0 316.0
0 910.0 317.0
0 332.0 318.0
0 530.0 319.0
0 1027.0 319.0
0 535.0 320.0
0 347.0 321.0
0 307.0 322.0
0 322.0 322.0
0 579.0 322.0
0 584.0 322.0
0 285.0 324.0
0 787.0 324.0
0 387.0 325.0
0 567.0 325.0
0 613.0 325.0
0 1052.0 325.0
0 1039.0 326.0
0 628.0 327.0
0 924.0 327.0
0 973.0 327.0
0 533.0 328.0
0 261.0 329.0
0 715.0 329.0
0 915.0 329.0
0 987.0 329.0
0 384.0 330.0
0 966.0 330.0
0 1065.0 330.0
0 1029.0 331.0
0 299.0 333.0
0 379.0 333.0
0 961.0 333.0
0 1055.0 333.0
0 264.0 334.0
0 977.0 335.0
0 631.0 336.0
0 332.0 337.0
0 935.0 337.0
0 1025.0 338.0
0 286.0 339.0
0 690.0 339.0
0 624.0 340.0
0 984.0 340.0
0 490.0 341.0
0 632.0 341.0
0 1050.0 341.0
0 512.0 342.0
0 585.0 342.0
0 996.0 342.0
0 1033.0 342.0
0 375.0 344.0
0 388.0 344.0
0 898.0 345.0
0 1015.0 345.0
0 1041.0 346.0
0 482.0 347.0
0 537.0 347.0
0 937.0 347.0
0 968.0 347.0
0 335.0 348.0
0 923.0 348.0
0 983.0 349.0
0 277.0 350.0
0 623.0 350.0
0 1022.0 350.0
0 422.0 351.0
0 472.0 351.0
0 911.0 351.0
0 1063.0 351.0
0 399.0 352.0
0 967.0 352.0
0 995.0 352.0
0 1040.0 352.0
0 336.0 353.0
0 464.0 353.0
0 1048.0 354.0
0 1009.0 355.0
0 491.0 356.0
0 400.0 357.0
0 634.0 357.0
0 484.0 358.0
0 591.0 358.0
0 937.0 358.0
0 1021.0 358.0
0 1064.0 358.0
0 596.0 359.0
0 428.0 360.0
0 992.0 360.0
0 327.0 361.0
0 368.0 361.0
0 457.0 361.0
0 1078.0 361.0
0 344.0 362.0
0 436.0 362.0
0 974.0 362.0
0 1101.0 363.0
0 529.0 364.0
0 914.0 364.0
0 1046.0 365.0
0 1056.0 366.0
0 1075.0 366.0
0 1032.0 367.0
0 1090.0 367.0
0 267.0 368.0
0 304.0 368.0
0 891.0 368.0
0 370.0 369.0
0 445.0 369.0
0 492.0 369.0
0 549.0 369.0
0 537.0 370.0
0 901.0 370.0
0 1065.0 370.0
0 632.0 371.0
0 1013.0 372.0
0 422.0 373.0
0 458.0 373.0
0 477.0 373.0
0 928.0 373.0
0 991.0 373.0
0 321.0 375.0
0 1055.0 375.0
0 163.0 376.0
0 168.0 376.0
0 173.0 376.0
0 182.0 376.0
0 557.0 376.0
0 938.0 376.0
0 527.0 377.0
0 594.0 377.0
0 620.0 377.0
0 1021.0 377.0
0 907.0 378.0
0 1003.0 378.0
0 504.0 379.0
0 1077.0 379.0
0 276.0 380.0
0 442.0 380.0
0 509.0 380.0
0 1039.0 380.0
0 155.0 381.0
0 427.0 381.0
0 489.0 381.0
0 1088.0 382.0
0 191.0 383.0
0 602.0 383.0
0 1003.0 383.0
0 1093.0 383.0
0 462.0 384.0
0 547.0 384.0
0 887.0 384.0
0 928.0 384.0
0 1077.0 384.0
0 477.0 386.0
0 520.0 386.0
0 533.0 387.0
0 584.0 387.0
0 941.0 387.0
0 194.0 388.0
0 450.0 388.0
0 956.0 388.0
0 1102.0 388.0
0 622.0 389.0
0 1018.0 390.0
0 148.0 391.0
0 320.0 391.0
0 1042.0 391.0
0 1008.0 392.0
0 195.0 393.0
0 390.0 393.0
0 543.0 393.0
0 266.0 394.0
0 506.0 394.0
0 620.0 394.0
0 1037.0 394.0
0 1050.0 394.0
0 1103.0 394.0
0 436.0 395.0
0 591.0 396.0
0 938.0 396.0
0 162.0 397.0
0 458.0 397.0
0 615.0 397.0
0 927.0 397.0
0 549.0 398.0
0 603.0 398.0
0 922.0 398.0
0 1072.0 398.0
0 147.0 399.0
0 196.0 399.0
0 320.0 399.0
0 487.0 399.0
0 896.0 399.0
0 901.0 399.0
0 916.0 399.0
0 998.0 399.0
0 438.0 400.0
0 473.0 400.0
0 538.0 400.0
0 525.0 401.0
0 981.0 401.0
0 1090.0 401.0
0 195.0 404.0
0 315.0 404.0
0 396.0 404.0
0 483.0 404.0
0 951.0 405.0
0 149.0 406.0
0 1043.0 406.0
0 1063.0 406.0
0 278.0 407.0
0 382.0 407.0
0 602.0 410.0
0 461.0 411.0
0 490.0 411.0
0 555.0 411.0
0 989.0 411.0
0 1043.0 411.0
0 402.0 412.0
0 1003.0 412.0
0 325.0 413.0
0 434.0 413.0
0 936.0 413.0
0 1012.0 413.0
0 374.0 414.0
0 597.0 414.0
0 416.0 415.0
0 523.0 415.0
0 272.0 416.0
0 387.0 416.0
0 959.0 416.0
0 1058.0 416.0
0 540.0 417.0
0 898.0 417.0
0 319.0 418.0
0 570.0 418.0
0 879.0 418.0
0 450.0 419.0
0 188.0 420.0
0 347.0 420.0
0 586.0 420.0
0 926.0 420.0
0 980.0 420.0
0 1025.0 420.0
0 1046.0 420.0
0 392.0 421.0
0 424.0 421.0
0 946.0 421.0
0 370.0 422.0
0 911.0 422.0
0 1035.0 422.0
0 161.0 423.0
0 274.0 423.0
0 515.0 423.0
0 530.0 424.0
0 541.0 424.0
0 1071.0 425.0
0 378.0 426.0
0 414.0 426.0
0 436.0 426.0
0 1057.0 426.0
0 307.0 427.0
0 211.0 428.0
0 554.0 428.0
0 278.0 429.0
0 918.0 429.0
0 148.0 430.0
0 216.0 430.0
0 512.0 430.0
0 994.0 430.0
0 333.0 431.0
0 448.0 431.0
0 463.0 431.0
0 524.0 431.0
0 540.0 431.0
0 853.0 431.0
0 1028.0 431.0
0 1034.0 431.0
0 291.0 432.0
0 443.0 432.0
0 974.0 432.0
0 1049.0 432.0
0 187.0 433.0
0 407.0 433.0
0 506.0 433.0
0 934.0 433.0
0 142.0 434.0
0 164.0 434.0
0 872.0 434.0
0 910.0 435.0
0 1007.0 435.0
0 1039.0 435.0
0 176.0 436.0
0 551.0 436.0
0 137.0 437.0
0 328.0 438.0
0 885.0 438.0
0 983.0 439.0
0 384.0 440.0
0 545.0 440.0
0 597.0 440.0
0 476.0 441.0
0 516.0 441.0
0 530.0 441.0
0 895.0 441.0
0 428.0 442.0
0 505.0 442.0
0 580.0 442.0
0 1044.0 443.0
0 231.0 444.0
0 444.0 444.0
0 1021.0 444.0
0 1035.0 444.0
0 294.0 446.0
0 344.0 447.0
0 863.0 448.0
0 904.0 448.0
0 989.0 448.0
0 1044.0 448.0
0 889.0 449.0
0 300.0 450.0
0 312.0 450.0
0 395.0 450.0
0 404.0 450.0
0 459.0 450.0
0 499.0 450.0
0 916.0 450.0
0 970.0 450.0
0 1056.0 451.0
0 1070.0 451.0
0 475.0 452.0
0 868.0 452.0
0 1049.0 452.0
0 124.0 453.0
0 512.0 453.0
0 1036.0 453.0
0 347.0 454.0
0 541.0 454.0
0 877.0 454.0
0 317.0 455.0
0 530.0 455.0
0 338.0 456.0
0 404.0 456.0
0 1005.0 456.0
0 322.0 457.0
0 352.0 457.0
0 327.0 458.0
0 843.0 458.0
0 915.0 458.0
0 967.0 458.0
0 464.0 459.0
0 480.0 459.0
0 1048.0 459.0
0 1043.0 460.0
0 435.0 463.0
0 959.0 463.0
0 481.0 464.0
0 869.0 464.0
0 408.0 465.0
0 467.0 465.0
0 1012.0 465.0
0 367.0 466.0
0 462.0 466.0
0 1056.0 466.0
0 153.0 467.0
0 158.0 467.0
0 900.0 467.0
0 905.0 467.0
0 1032.0 467.0
0 1070.0 467.0
0 980.0 468.0
0 969.0 469.0
0 507.0 470.0
0 422.0 471.0
0 851.0 471.0
0 957.0 471.0
0 1014.0 471.0
0 223.0 472.0
0 412.0 472.0
0 417.0 473.0
0 1087.0 473.0
0 389.0 474.0
0 860.0 474.0
0 1053.0 474.0
0 129.0 475.0
0 320.0 475.0
0 315.0 476.0
0 403.0 476.0
0 957.0 476.0
0 308.0 477.0
0 325.0 477.0
0 966.0 477.0
0 1010.0 477.0
0 1000.0 478.0
0 1018.0 478.0
0 1023.0 478.0
0 142.0 479.0
0 209.0 479.0
0 1029.0 479.0
0 331.0 480.0
0 841.0 480.0
0 1041.0 481.0
0 1057.0 481.0
0 504.0 482.0
0 1008.0 482.0
0 540.0 483.0
0 928.0 483.0
0 945.0 483.0
0 1069.0 483.0
0 225.0 485.0
0 297.0 485.0
0 1081.0 485.0
0 851.0 486.0
0 977.0 486.0
0 990.0 486.0
0 149.0 488.0
0 208.0 488.0
0 178.0 489.0
0 183.0 489.0
0 835.0 489.0
0 953.0 489.0
0 130.0 490.0
0 1026.0 490.0
0 140.0 491.0
0 290.0 491.0
0 377.0 491.0
0 496.0 492.0
0 940.0 492.0
0 208.0 493.0
0 262.0 493.0
0 898.0 493.0
0 1090.0 493.0
0 340.0 494.0
0 973.0 494.0
0 1067.0 494.0
0 1051.0 495.0
0 163.0 496.0
0 218.0 496.0
0 309.0 496.0
0 1078.0 496.0
0 196.0 497.0
0 1018.0 497.0
0 275.0 498.0
0 896.0 498.0
0 146.0 499.0
0 331.0 499.0
0 236.0 500.0
0 642.0 500.0
0 322.0 501.0
0 1050.0 501.0
0 853.0 502.0
0 985.0 502.0
0 600.0 503.0
0 344.0 504.0
0 1070.0 504.0
0 1094.0 504.0
0 249.0 507.0
0 840.0 508.0
0 341.0 509.0
0 372.0 511.0
0 900.0 511.0
0 1008.0 511.0
0 834.0 512.0
0 312.0 513.0
0 232.0 514.0
0 862.0 514.0
0 995.0 515.0
0 658.0 516.0
0 741.0 516.0
0 880.0 517.0
0 132.0 518.0
0 752.0 518.0
0 833.0 518.0
0 1086.0 518.0
0 195.0 519.0
0 696.0 519.0
0 734.0 519.0
0 780.0 519.0
0 859.0 521.0
0 167.0 522.0
0 939.0 523.0
0 327.0 524.0
0 667.0 524.0
0 261.0 525.0
0 309.0 525.0
0 314.0 525.0
0 746.0 525.0
0 834.0 525.0
0 1015.0 525.0
0 1058.0 525.0
0 182.0 526.0
0 859.0 526.0
0 138.0 527.0
0 300.0 527.0
0 360.0 527.0
0 874.0 527.0
0 966.0 527.0
0 1051.0 527.0
0 648.0 528.0
0 951.0 528.0
0 835.0 530.0
0 427.0 531.0
0 1000.0 531.0
0 1026.0 531.0
0 1080.0 532.0
0 644.0 533.0
0 894.0 533.0
0 1065.0 534.0
0 913.0 535.0
0 717.0 536.0
0 946.0 536.0
0 999.0 536.0
0 116.0 537.0
0 903.0 537.0
0 203.0 538.0
0 745.0 538.0
0 994.0 538.0
0 1008.0 538.0
0 705.0 540.0
0 158.0 541.0
0 624.0 541.0
0 945.0 541.0
0 1071.0 541.0
0 209.0 542.0
0 482.0 542.0
0 616.0 542.0
0 731.0 542.0
0 360.0 544.0
0 663.0 544.0
0 1050.0 544.0
0 960.0 545.0
0 263.0 546.0
0 608.0 546.0
0 952.0 546.0
0 1082.0 546.0
0 485.0 547.0
0 1010.0 547.0
0 1028.0 547.0
0 454.0 548.0
0 689.0 548.0
0 928.0 548.0
0 1058.0 548.0
0 1077.0 548.0
0 127.0 549.0
0 359.0 549.0
0 1047.0 549.0
0 250.0 550.0
0 743.0 550.0
0 115.0 551.0
0 132.0 551.0
0 306.0 551.0
0 651.0 551.0
0 915.0 551.0
0 937.0 551.0
0 1020.0 551.0
0 606.0 552.0
0 1071.0 552.0
0 645.0 554.0
0 209.0 555.0
0 556.0 555.0
0 905.0 555.0
0 104.0 556.0
0 456.0 556.0
0 464.0 556.0
0 715.0 556.0
0 882.0 556.0
0 498.0 557.0
0 732.0 557.0
0 976.0 558.0
0 1055.0 559.0
0 223.0 560.0
0 986.0 560.0
0 1064.0 560.0
0 1075.0 561.0
0 439.0 562.0
0 511.0 562.0
0 539.0 562.0
0 623.0 562.0
0 516.0 563.0
0 96.0 564.0
0 521.0 564.0
0 224.0 565.0
0 375.0 565.0
0 710.0 565.0
0 1007.0 565.0
0 287.0 566.0
0 872.0 566.0
0 960.0 566.0
0 1032.0 566.0
0 142.0 568.0
0 211.0 568.0
0 933.0 568.0
0 229.0 569.0
0 242.0 569.0
0 464.0 569.0
0 490.0 569.0
0 237.0 570.0
0 417.0 571.0
0 475.0 571.0
0 102.0 572.0
0 958.0 572.0
0 988.0 572.0
0 1067.0 572.0
0 267.0 574.0
0 462.0 574.0
0 1005.0 574.0
0 408.0 575.0
0 819.0 575.0
0 1047.0 575.0
0 198.0 576.0
0 40.0 577.0
0 63.0 577.0
0 604.0 577.0
0 699.0 577.0
0 751.0 577.0
0 35.0 578.0
0 599.0 579.0
0 688.0 579.0
0 1061.0 579.0
0 30.0 580.0
0 212.0 580.0
0 679.0 580.0
0 774.0 580.0
0 779.0 580.0
0 519.0 581.0
0 961.0 581.0
0 108.0 582.0
0 744.0 582.0
0 829.0 582.0
0 985.0 582.0
0 168.0 583.0
0 543.0 583.0
0 1002.0 585.0
0 1036.0 585.0
0 21.0 586.0
0 110.0 587.0
0 633.0 587.0
0 767.0 587.0
0 786.0 587.0
0 974.0 587.0
0 151.0 588.0
0 237.0 588.0
0 225.0 589.0
0 282.0 589.0
0 1051.0 589.0
0 243.0 590.0
0 427.0 590.0
0 659.0 590.0
0 16.0 591.0
0 186.0 591.0
0 691.0 591.0
0 996.0 591.0
0 303.0 592.0
0 451.0 592.0
0 644.0 592.0
0 685.0 592.0
0 743.0 592.0
0 753.0 592.0
0 776.0 592.0
0 316.0 595.0
0 326.0 595.0
0 660.0 595.0
0 151.0 596.0
0 815.0 597.0
0 1048.0 597.0
0 13.0 598.0
0 207.0 598.0
0 387.0 599.0
0 189.0 600.0
0 630.0 600.0
0 661.0 600.0
0 727.0 600.0
0 732.0 600.0
0 783.0 600.0
0 150.0 601.0
0 464.0 601.0
0 682.0 601.0
0 290.0 602.0
0 645.0 602.0
0 762.0 602.0
0 73.0 603.0
0 395.0 603.0
0 796.0 603.0
0 827.0 603.0
0 400.0 604.0
0 994.0 604.0
0 10.0 605.0
0 306.0 605.0
0 459.0 605.0
0 714.0 605.0
0 259.0 606.0
0 103.0 607.0
0 62.0 608.0
0 227.0 608.0
0 326.0 608.0
0 453.0 608.0
0 747.0 608.0
0 188.0 610.0
0 303.0 610.0
0 635.0 610.0
0 802.0 610.0
0 12.0 611.0
0 29.0 611.0
0 447.0 611.0
0 640.0 611.0
0 429.0 612.0
0 434.0 612.0
0 199.0 613.0
0 215.0 613.0
0 774.0 613.0
0 127.0 614.0
0 308.0 614.0
0 706.0 614.0
0 748.0 614.0
0 113.0 615.0
0 185.0 615.0
0 207.0 615.0
0 258.0 615.0
0 787.0 617.0
0 738.0 618.0
0 761.0 618.0
0 77.0 619.0
0 246.0 620.0
0 836.0 621.0
0 205.0 623.0
0 704.0 623.0
0 671.0 624.0
0 226.0 625.0
0 778.0 625.0
0 760.0 626.0
0 706.0 628.0
0 742.0 628.0
0 796.0 629.0
0 20.0 630.0
0 270.0 630.0
0 67.0 631.0
0 763.0 631.0
0 788.0 631.0
0 158.0 632.0
0 711.0 633.0
0 62.0 634.0
0 218.0 634.0
0 733.0 634.0
0 768.0 634.0
0 226.0 635.0
0 210.0 636.0
0 56.0 637.0
0 33.0 638.0
0 38.0 639.0
0 48.0 639.0
0 43.0 640.0
0 190.0 640.0
0 253.0 640.0
0 210.0 641.0
0 216.0 641.0
0 246.0 643.0
0 680.0 645.0
0 174.0 646.0
0 133.0 648.0
0 778.0 649.0
0 147.0 650.0
0 710.0 650.0
0 191.0 651.0
0 345.0 652.0
0 255.0 653.0
0 801.0 653.0
0 225.0 654.0
0 672.0 656.0
0 176.0 659.0
0 739.0 659.0
0 213.0 660.0
0 698.0 660.0
0 715.0 660.0
0 686.0 661.0
0 259.0 662.0
0 708.0 663.0
0 150.0 664.0
0 671.0 664.0
0 203.0 665.0
0 720.0 668.0
0 212.0 669.0
0 673.0 669.0
0 248.0 671.0
0 699.0 671.0
0 713.0 671.0
0 187.0 672.0
0 243.0 673.0
0 739.0 674.0
0 227.0 675.0
0 232.0 675.0
0 256.0 677.0
0 680.0 677.0
0 213.0 679.0
0 737.0 679.0
0 166.0 680.0
0 687.0 681.0
0 204.0 683.0
0 728.0 685.0
0 252.0 687.0
0 268.0 687.0
0 701.0 687.0
0 706.0 687.0
0 723.0 687.0
0 718.0 688.0
0 203.0 689.0
0 224.0 690.0
0 250.0 692.0
0 161.0 694.0
0 199.0 694.0
0 227.0 695.0
0 243.0 698.0
0 185.0 701.0
0 176.0 703.0
0 162.0 706.0
0 204.0 708.0
0 216.0 711.0
0 154.0 712.0
0 229.0 712.0
0 313.0 715.0
0 171.0 716.0
0 190.0 716.0
0 204.0 719.0
0 177.0 727.0
0 193.0 728.0
0 294.0 728.0
0 159.0 738.0
0 236.0 739.0
0 253.0 755.0
0 245.0 762.0
0 207.0 784.0
0 895.0 834.0
0 916.0 839.0
1 389.0 69.0
1 318.0 113.0
1 881.0 118.0
1 896.0 118.0
1 876.0 120.0
1 901.0 120.0
1 872.0 125.0
1 905.0 127.0
1 159.0 128.0
1 906.0 135.0
1 867.0 136.0
1 906.0 140.0
1 876.0 145.0
1 869.0 152.0
1 898.0 155.0
1 872.0 163.0
1 863.0 167.0
1 902.0 167.0
1 885.0 168.0
1 767.0 179.0
1 851.0 179.0
1 839.0 180.0
1 844.0 183.0
1 913.0 183.0
1 996.0 184.0
1 807.0 186.0
1 791.0 188.0
1 956.0 188.0
1 961.0 188.0
1 966.0 189.0
1 971.0 190.0
1 945.0 192.0
1 761.0 197.0
1 775.0 201.0
1 754.0 202.0
1 744.0 204.0
1 790.0 204.0
1 1003.0 205.0
1 1012.0 205.0
1 754.0 207.0
1 981.0 208.0
1 802.0 210.0
1 1021.0 210.0
1 743.0 212.0
1 753.0 212.0
1 959.0 215.0
1 1018.0 218.0
1 752.0 219.0
1 760.0 219.0
1 965.0 220.0
1 741.0 224.0
1 1011.0 224.0
1 769.0 227.0
1 881.0 228.0
1 754.0 229.0
1 995.0 229.0
1 1022.0 230.0
1 743.0 232.0
1 779.0 236.0
1 832.0 236.0
1 988.0 236.0
1 823.0 237.0
1 928.0 237.0
1 1007.0 237.0
1 748.0 238.0
1 937.0 238.0
1 762.0 239.0
1 818.0 239.0
1 916.0 240.0
1 810.0 241.0
1 976.0 241.0
1 452.0 242.0
1 804.0 242.0
1 845.0 242.0
1 440.0 243.0
1 823.0 243.0
1 936.0 243.0
1 950.0 243.0
1 1017.0 243.0
1 869.0 244.0
1 766.0 245.0
1 469.0 246.0
1 427.0 247.0
1 793.0 247.0
1 842.0 247.0
1 862.0 247.0
1 882.0 247.0
1 1010.0 247.0
1 824.0 248.0
1 967.0 248.0
1 751.0 249.0
1 903.0 249.0
1 780.0 250.0
1 937.0 250.0
1 992.0 250.0
1 980.0 251.0
1 896.0 253.0
1 916.0 253.0
1 484.0 254.0
1 812.0 254.0
1 845.0 254.0
1 867.0 254.0
1 472.0 256.0
1 747.0 256.0
1 801.0 256.0
1 1005.0 257.0
1 448.0 258.0
1 489.0 258.0
1 778.0 258.0
1 952.0 258.0
1 435.0 261.0
1 789.0 261.0
1 884.0 261.0
1 990.0 261.0
1 415.0 262.0
1 765.0 262.0
1 980.0 262.0
1 493.0 263.0
1 872.0 265.0
1 970.0 265.0
1 423.0 266.0
1 240.0 267.0
1 248.0 267.0
1 794.0 267.0
1 805.0 267.0
1 253.0 268.0
1 496.0 268.0
1 750.0 268.0
1 879.0 268.0
1 884.0 268.0
1 232.0 269.0
1 991.0 269.0
1 999.0 269.0
1 1004.0 269.0
1 433.0 270.0
1 446.0 271.0
1 776.0 271.0
1 932.0 271.0
1 949.0 271.0
1 269.0 272.0
1 867.0 273.0
1 960.0 273.0
1 486.0 274.0
1 500.0 274.0
1 891.0 274.0
1 765.0 275.0
1 239.0 276.0
1 211.0 277.0
1 708.0 277.0
1 857.0 277.0
1 924.0 277.0
1 969.0 277.0
1 411.0 278.0
1 416.0 278.0
1 750.0 278.0
1 808.0 278.0
1 876.0 278.0
1 900.0 278.0
1 256.0 279.0
1 502.0 279.0
1 784.0 279.0
1 992.0 279.0
1 1001.0 279.0
1 225.0 280.0
1 205.0 281.0
1 703.0 281.0
1 451.0 282.0
1 483.0 282.0
1 886.0 283.0
1 284.0 284.0
1 410.0 284.0
1 503.0 284.0
1 268.0 285.0
1 427.0 285.0
1 799.0 285.0
1 220.0 286.0
1 263.0 286.0
1 461.0 286.0
1 755.0 286.0
1 777.0 286.0
1 945.0 286.0
1 250.0 287.0
1 417.0 287.0
1 864.0 287.0
1 985.0 287.0
1 199.0 288.0
1 761.0 289.0
1 957.0 289.0
1 854.0 290.0
1 927.0 290.0
1 212.0 291.0
1 912.0 291.0
1 277.0 292.0
1 410.0 292.0
1 775.0 292.0
1 796.0 292.0
1 966.0 292.0
1 504.0 293.0
1 843.0 293.0
1 870.0 293.0
1 950.0 294.0
1 903.0 295.0
1 974.0 295.0
1 997.0 295.0
1 782.0 296.0
1 894.0 296.0
1 291.0 297.0
1 248.0 298.0
1 434.0 298.0
1 992.0 298.0
1 418.0 299.0
1 463.0 299.0
1 863.0 299.0
1 206.0 300.0
1 479.0 301.0
1 503.0 302.0
1 615.0 302.0
1 240.0 303.0
1 662.0 303.0
1 794.0 303.0
1 939.0 303.0
1 955.0 303.0
1 967.0 303.0
1 193.0 304.0
1 269.0 304.0
1 786.0 304.0
1 407.0 305.0
1 976.0 305.0
1 428.0 306.0
1 695.0 306.0
1 799.0 306.0
1 863.0 306.0
1 892.0 306.0
1 902.0 306.0
1 461.0 307.0
1 805.0 307.0
1 815.0 307.0
1 221.0 308.0
1 810.0 308.0
1 192.0 309.0
1 605.0 309.0
1 209.0 310.0
1 296.0 310.0
1 794.0 311.0
1 851.0 311.0
1 968.0 311.0
1 459.0 312.0
1 818.0 312.0
1 955.0 312.0
1 499.0 313.0
1 192.0 314.0
1 260.0 314.0
1 837.0 314.0
1 237.0 316.0
1 417.0 316.0
1 812.0 317.0
1 941.0 317.0
1 900.0 318.0
1 922.0 318.0
1 193.0 319.0
1 281.0 319.0
1 455.0 319.0
1 219.0 320.0
1 786.0 321.0
1 504.0 322.0
1 799.0 322.0
1 1041.0 323.0
1 429.0 324.0
1 812.0 324.0
1 859.0 324.0
1 933.0 324.0
1 904.0 326.0
1 240.0 327.0
1 478.0 327.0
1 502.0 330.0
1 781.0 330.0
1 895.0 330.0
1 223.0 331.0
1 293.0 331.0
1 456.0 331.0
1 712.0 331.0
1 315.0 332.0
1 919.0 332.0
1 947.0 332.0
1 207.0 333.0
1 839.0 333.0
1 197.0 334.0
1 512.0 334.0
1 807.0 335.0
1 832.0 335.0
1 932.0 336.0
1 878.0 337.0
1 513.0 339.0
1 905.0 339.0
1 221.0 340.0
1 688.0 340.0
1 829.0 340.0
1 793.0 341.0
1 860.0 341.0
1 342.0 343.0
1 783.0 343.0
1 838.0 343.0
1 937.0 343.0
1 244.0 344.0
1 515.0 344.0
1 923.0 344.0
1 203.0 345.0
1 415.0 345.0
1 846.0 345.0
1 471.0 346.0
1 486.0 346.0
1 884.0 347.0
1 893.0 347.0
1 298.0 348.0
1 323.0 348.0
1 350.0 350.0
1 247.0 351.0
1 978.0 351.0
1 231.0 352.0
1 604.0 352.0
1 754.0 352.0
1 850.0 352.0
1 878.0 352.0
1 212.0 353.0
1 508.0 353.0
1 776.0 353.0
1 830.0 353.0
1 942.0 353.0
1 252.0 354.0
1 257.0 354.0
1 404.0 354.0
1 807.0 354.0
1 359.0 355.0
1 763.0 355.0
1 869.0 355.0
1 310.0 358.0
1 395.0 358.0
1 885.0 358.0
1 899.0 358.0
1 472.0 359.0
1 820.0 359.0
1 477.0 361.0
1 851.0 361.0
1 259.0 362.0
1 482.0 362.0
1 926.0 362.0
1 936.0 362.0
1 367.0 363.0
1 795.0 363.0
1 842.0 363.0
1 221.0 364.0
1 768.0 364.0
1 518.0 365.0
1 806.0 365.0
1 833.0 365.0
1 948.0 365.0
1 204.0 366.0
1 508.0 366.0
1 781.0 366.0
1 279.0 368.0
1 882.0 368.0
1 894.0 368.0
1 421.0 369.0
1 763.0 369.0
1 381.0 370.0
1 610.0 370.0
1 750.0 370.0
1 810.0 370.0
1 860.0 370.0
1 916.0 370.0
1 55.0 372.0
1 404.0 372.0
1 513.0 372.0
1 60.0 373.0
1 910.0 373.0
1 927.0 373.0
1 46.0 374.0
1 790.0 374.0
1 800.0 374.0
1 942.0 374.0
1 780.0 375.0
1 873.0 375.0
1 67.0 376.0
1 211.0 376.0
1 246.0 376.0
1 432.0 376.0
1 475.0 376.0
1 504.0 376.0
1 849.0 376.0
1 416.0 377.0
1 894.0 377.0
1 40.0 378.0
1 366.0 378.0
1 391.0 378.0
1 480.0 378.0
1 744.0 378.0
1 379.0 379.0
1 942.0 379.0
1 917.0 380.0
1 71.0 381.0
1 243.0 381.0
1 506.0 381.0
1 238.0 382.0
1 349.0 382.0
1 762.0 382.0
1 820.0 382.0
1 877.0 382.0
1 410.0 383.0
1 424.0 383.0
1 829.0 383.0
1 36.0 384.0
1 324.0 385.0
1 786.0 385.0
1 930.0 385.0
1 217.0 386.0
1 375.0 386.0
1 400.0 386.0
1 507.0 386.0
1 854.0 386.0
1 898.0 386.0
1 840.0 387.0
1 909.0 387.0
1 939.0 387.0
1 45.0 388.0
1 202.0 388.0
1 319.0 389.0
1 868.0 389.0
1 920.0 389.0
1 298.0 390.0
1 951.0 390.0
1 956.0 390.0
1 72.0 391.0
1 506.0 391.0
1 36.0 392.0
1 479.0 392.0
1 790.0 392.0
1 392.0 393.0
1 422.0 393.0
1 860.0 393.0
1 1017.0 393.0
1 1022.0 393.0
1 244.0 394.0
1 758.0 394.0
1 819.0 394.0
1 849.0 394.0
1 409.0 395.0
1 882.0 396.0
1 39.0 397.0
1 344.0 397.0
1 464.0 397.0
1 800.0 397.0
1 213.0 398.0
1 496.0 398.0
1 809.0 398.0
1 869.0 398.0
1 913.0 398.0
1 278.0 399.0
1 767.0 399.0
1 307.0 400.0
1 922.0 400.0
1 760.0 401.0
1 782.0 401.0
1 840.0 402.0
1 334.0 403.0
1 856.0 403.0
1 938.0 403.0
1 270.0 404.0
1 298.0 404.0
1 394.0 404.0
1 428.0 405.0
1 494.0 405.0
1 793.0 405.0
1 69.0 406.0
1 246.0 406.0
1 758.0 406.0
1 957.0 406.0
1 209.0 407.0
1 866.0 407.0
1 905.0 407.0
1 947.0 407.0
1 85.0 408.0
1 317.0 408.0
1 471.0 408.0
1 770.0 408.0
1 820.0 408.0
1 910.0 408.0
1 412.0 409.0
1 456.0 409.0
1 50.0 410.0
1 90.0 410.0
1 388.0 410.0
1 430.0 410.0
1 828.0 410.0
1 400.0 411.0
1 808.0 411.0
1 210.0 412.0
1 309.0 412.0
1 844.0 412.0
1 850.0 412.0
1 884.0 412.0
1 855.0 413.0
1 950.0 413.0
1 235.0 414.0
1 380.0 414.0
1 414.0 414.0
1 483.0 414.0
1 839.0 414.0
1 902.0 414.0
1 67.0 415.0
1 298.0 415.0
1 471.0 415.0
1 756.0 415.0
1 935.0 416.0
1 52.0 417.0
1 216.0 417.0
1 423.0 417.0
1 104.0 418.0
1 226.0 418.0
1 311.0 418.0
1 792.0 418.0
1 292.0 419.0
1 445.0 419.0
1 811.0 419.0
1 901.0 419.0
1 35.0 420.0
1 328.0 420.0
1 389.0 421.0
1 860.0 421.0
1 920.0 421.0
1 372.0 422.0
1 401.0 422.0
1 774.0 422.0
1 868.0 422.0
1 432.0 423.0
1 811.0 424.0
1 274.0 425.0
1 790.0 425.0
1 950.0 425.0
1 252.0 426.0
1 885.0 426.0
1 372.0 427.0
1 400.0 427.0
1 844.0 427.0
1 343.0 428.0
1 761.0 428.0
1 903.0 428.0
1 922.0 428.0
1 227.0 429.0
1 382.0 429.0
1 413.0 429.0
1 314.0 430.0
1 832.0 430.0
1 453.0 432.0
1 869.0 432.0
1 927.0 432.0
1 244.0 433.0
1 286.0 433.0
1 462.0 433.0
1 748.0 433.0
1 775.0 433.0
1 448.0 434.0
1 840.0 434.0
1 849.0 434.0
1 25.0 435.0
1 805.0 435.0
1 325.0 436.0
1 392.0 436.0
1 789.0 436.0
1 255.0 437.0
1 373.0 437.0
1 763.0 438.0
1 817.0 438.0
1 888.0 438.0
1 45.0 439.0
1 381.0 439.0
1 476.0 439.0
1 935.0 439.0
1 40.0 440.0
1 260.0 440.0
1 347.0 440.0
1 806.0 440.0
1 413.0 441.0
1 435.0 442.0
1 746.0 442.0
1 862.0 442.0
1 895.0 442.0
1 290.0 443.0
1 332.0 443.0
1 88.0 444.0
1 811.0 444.0
1 842.0 444.0
1 880.0 444.0
1 922.0 444.0
1 341.0 445.0
1 777.0 445.0
1 831.0 446.0
1 871.0 446.0
1 96.0 447.0
1 744.0 447.0
1 316.0 448.0
1 321.0 448.0
1 326.0 448.0
1 735.0 449.0
1 756.0 449.0
1 810.0 449.0
1 390.0 450.0
1 904.0 450.0
1 84.0 451.0
1 278.0 451.0
1 197.0 452.0
1 829.0 452.0
1 192.0 453.0
1 205.0 453.0
1 847.0 454.0
1 888.0 454.0
1 36.0 456.0
1 50.0 456.0
1 57.0 456.0
1 299.0 456.0
1 421.0 456.0
1 897.0 457.0
1 819.0 458.0
1 911.0 458.0
1 963.0 458.0
1 182.0 459.0
1 836.0 459.0
1 750.0 460.0
1 67.0 461.0
1 786.0 461.0
1 810.0 461.0
1 88.0 462.0
1 736.0 462.0
1 768.0 463.0
1 775.0 463.0
1 780.0 463.0
1 903.0 463.0
1 150.0 464.0
1 856.0 464.0
1 34.0 465.0
1 829.0 465.0
1 116.0 466.0
1 125.0 466.0
1 436.0 466.0
1 818.0 466.0
1 218.0 467.0
1 292.0 467.0
1 892.0 467.0
1 927.0 467.0
1 947.0 467.0
1 157.0 468.0
1 755.0 468.0
1 130.0 469.0
1 968.0 469.0
1 846.0 470.0
1 862.0 470.0
1 206.0 471.0
1 914.0 471.0
1 951.0 472.0
1 402.0 473.0
1 736.0 474.0
1 817.0 474.0
1 957.0 474.0
1 41.0 476.0
1 67.0 476.0
1 216.0 477.0
1 437.0 477.0
1 551.0 477.0
1 809.0 477.0
1 849.0 477.0
1 868.0 477.0
1 884.0 478.0
1 974.0 478.0
1 186.0 479.0
1 793.0 479.0
1 856.0 481.0
1 214.0 482.0
1 261.0 482.0
1 916.0 482.0
1 929.0 482.0
1 55.0 483.0
1 772.0 483.0
1 903.0 483.0
1 835.0 484.0
1 43.0 486.0
1 136.0 486.0
1 288.0 486.0
1 815.0 486.0
1 563.0 487.0
1 969.0 487.0
1 206.0 488.0
1 798.0 488.0
1 187.0 489.0
1 33.0 490.0
1 38.0 490.0
1 199.0 490.0
1 878.0 490.0
1 952.0 491.0
1 87.0 492.0
1 732.0 492.0
1 947.0 492.0
1 758.0 493.0
1 842.0 493.0
1 164.0 494.0
1 891.0 494.0
1 57.0 495.0
1 236.0 495.0
1 833.0 495.0
1 279.0 496.0
1 567.0 496.0
1 913.0 497.0
1 553.0 498.0
1 945.0 498.0
1 33.0 499.0
1 558.0 499.0
1 140.0 500.0
1 841.0 500.0
1 543.0 501.0
1 570.0 501.0
1 967.0 501.0
1 162.0 502.0
1 227.0 503.0
1 330.0 504.0
1 453.0 504.0
1 501.0 504.0
1 506.0 504.0
1 745.0 504.0
1 127.0 505.0
1 609.0 505.0
1 90.0 506.0
1 11.0 507.0
1 142.0 508.0
1 737.0 508.0
1 224.0 509.0
1 847.0 509.0
1 962.0 509.0
1 280.0 511.0
1 302.0 511.0
1 39.0 512.0
1 735.0 513.0
1 222.0 514.0
1 836.0 514.0
1 106.0 515.0
1 514.0 515.0
1 546.0 515.0
1 798.0 515.0
1 95.0 516.0
1 557.0 516.0
1 748.0 517.0
1 870.0 517.0
1 111.0 518.0
1 735.0 518.0
1 757.0 518.0
1 83.0 519.0
1 222.0 519.0
1 359.0 519.0
1 374.0 519.0
1 931.0 519.0
1 120.0 520.0
1 395.0 520.0
1 531.0 520.0
1 15.0 522.0
1 811.0 522.0
1 852.0 522.0
1 736.0 523.0
1 958.0 523.0
1 58.0 524.0
1 756.0 524.0
1 966.0 524.0
1 97.0 525.0
1 357.0 525.0
1 532.0 525.0
1 800.0 526.0
1 237.0 527.0
1 544.0 527.0
1 769.0 527.0
1 44.0 528.0
1 552.0 528.0
1 762.0 529.0
1 867.0 529.0
1 934.0 529.0
1 339.0 530.0
1 406.0 530.0
1 499.0 530.0
1 76.0 531.0
1 334.0 531.0
1 744.0 531.0
1 517.0 532.0
1 900.0 532.0
1 915.0 532.0
1 110.0 533.0
1 121.0 533.0
1 854.0 533.0
1 949.0 533.0
1 907.0 534.0
1 322.0 535.0
1 435.0 535.0
1 838.0 535.0
1 425.0 536.0
1 430.0 536.0
1 449.0 536.0
1 794.0 536.0
1 19.0 537.0
1 239.0 537.0
1 315.0 537.0
1 736.0 537.0
1 94.0 539.0
1 396.0 539.0
1 515.0 539.0
1 384.0 540.0
1 959.0 540.0
1 48.0 541.0
1 937.0 541.0
1 367.0 542.0
1 804.0 542.0
1 228.0 543.0
1 771.0 543.0
1 854.0 543.0
1 873.0 543.0
1 899.0 543.0
1 951.0 543.0
1 926.0 544.0
1 23.0 546.0
1 752.0 547.0
1 865.0 547.0
1 78.0 548.0
1 111.0 548.0
1 238.0 548.0
1 498.0 549.0
1 907.0 549.0
1 945.0 549.0
1 251.0 550.0
1 263.0 550.0
1 413.0 550.0
1 103.0 551.0
1 811.0 551.0
1 612.0 552.0
1 822.0 552.0
1 93.0 553.0
1 540.0 553.0
1 926.0 553.0
1 232.0 554.0
1 327.0 554.0
1 617.0 554.0
1 934.0 554.0
1 955.0 554.0
1 472.0 555.0
1 744.0 555.0
1 144.0 556.0
1 571.0 556.0
1 296.0 557.0
1 381.0 558.0
1 132.0 559.0
1 235.0 559.0
1 749.0 559.0
1 908.0 559.0
1 554.0 560.0
1 787.0 560.0
1 808.0 560.0
1 853.0 560.0
1 918.0 560.0
1 946.0 560.0
1 951.0 560.0
1 493.0 561.0
1 930.0 561.0
1 939.0 561.0
1 304.0 562.0
1 310.0 562.0
1 479.0 562.0
1 534.0 562.0
1 646.0 562.0
1 116.0 563.0
1 880.0 563.0
1 237.0 564.0
1 363.0 564.0
1 543.0 564.0
1 894.0 564.0
1 564.0 565.0
1 358.0 566.0
1 832.0 566.0
1 922.0 566.0
1 952.0 566.0
1 470.0 567.0
1 646.0 568.0
1 848.0 568.0
1 83.0 569.0
1 157.0 569.0
1 352.0 569.0
1 535.0 569.0
1 103.0 570.0
1 347.0 570.0
1 499.0 570.0
1 335.0 571.0
1 340.0 571.0
1 519.0 571.0
1 952.0 571.0
1 71.0 572.0
1 611.0 572.0
1 935.0 572.0
1 554.0 573.0
1 579.0 573.0
1 810.0 573.0
1 900.0 573.0
1 144.0 575.0
1 569.0 575.0
1 587.0 575.0
1 645.0 575.0
1 831.0 575.0
1 135.0 577.0
1 475.0 577.0
1 611.0 577.0
1 847.0 577.0
1 909.0 577.0
1 944.0 578.0
1 547.0 579.0
1 594.0 579.0
1 800.0 579.0
1 923.0 579.0
1 509.0 580.0
1 805.0 580.0
1 823.0 580.0
1 572.0 581.0
1 646.0 581.0
1 74.0 582.0
1 88.0 582.0
1 119.0 582.0
1 155.0 583.0
1 559.0 584.0
1 836.0 584.0
1 893.0 584.0
1 107.0 586.0
1 537.0 586.0
1 843.0 586.0
1 508.0 588.0
1 91.0 591.0
1 160.0 591.0
1 547.0 591.0
1 921.0 592.0
1 86.0 593.0
1 124.0 594.0
1 597.0 594.0
1 560.0 595.0
1 159.0 596.0
1 514.0 596.0
1 544.0 596.0
1 576.0 597.0
1 68.0 598.0
1 150.0 599.0
1 531.0 599.0
1 595.0 599.0
1 125.0 600.0
1 564.0 600.0
1 132.0 602.0
1 160.0 602.0
1 804.0 604.0
1 585.0 605.0
1 611.0 605.0
1 113.0 606.0
1 167.0 611.0
1 103.0 612.0
1 521.0 613.0
1 591.0 613.0
1 799.0 615.0
1 156.0 616.0
1 135.0 617.0
1 583.0 617.0
1 80.0 618.0
1 88.0 618.0
1 503.0 618.0
1 146.0 621.0
1 511.0 621.0
1 113.0 622.0
1 608.0 623.0
1 525.0 624.0
1 537.0 624.0
1 569.0 625.0
1 125.0 627.0
1 86.0 629.0
1 544.0 630.0
1 519.0 631.0
1 113.0 632.0
1 127.0 632.0
1 528.0 634.0
1 107.0 637.0
1 96.0 638.0
1 101.0 638.0
1 510.0 638.0
1 90.0 639.0
1 559.0 641.0
1 517.0 644.0
1 546.0 647.0
1 531.0 648.0
1 183.0 649.0
1 525.0 660.0
1 144.0 665.0
1 105.0 681.0
1 1080.0 731.0
1 789.0 816.0
