0 1 1 155.3441898483967
0 3 3 278.687522751976
0 4 4 296.377395194745
0 5 5 268.4393644771468
0 6 6 289.3302127162759
0 10 8 257.15652947230024
0 12 10 183.81477861872813
0 13 14 354.3129501648367
0 14 16 208.67555231392797
0 15 17 141.32593644180125
0 17 18 159.99786379805263
0 16 19 178.32428561194405
0 19 25 274.4011342269097
0 20 27 142.574546866158
0 21 28 305.8326755685184
0 25 31 195.6668348809867
0 24 32 266.6543330493105
0 29 35 423.13844150133394
0 33 36 457.1061144409834
0 26 37 456.5362698729466
0 30 39 396.2784273024928
0 39 40 217.64584740195994
0 37 41 463.69604130509254
0 40 43 173.66891431670956
0 32 44 246.99813241075952
0 44 45 178.96588555397906
0 47 46 168.0017343700166
0 41 47 164.76029242635843
0 45 48 148.20587250589875
0 48 49 147.28045579189592
0 49 50 206.93752927887203
0 50 52 270.33689760298034
0 53 55 157.06027247270742
0 58 56 151.66405700332785
0 68 58 463.387897243945
0 70 59 339.91439543345064
0 67 60 342.67319024796154
0 73 62 485.3555110299287
0 54 63 167.09350971031157
0 66 65 338.7015946548945
0 55 67 133.96979813278352
0 59 68 151.03675852659808
0 69 69 148.60923670204943
0 60 70 349.7171677714046
0 74 73 170.36605127711456
0 79 77 191.172125168101
0 76 78 138.84386105265912
0 103 79 179.996998121734
0 80 83 169.69928201650765
0 83 84 147.33172482683673
0 84 85 110.89742738070285
0 85 86 224.99560796847285
0 96 88 121.47763911968401
0 91 91 214.60736261218707
0 87 93 222.82394671153637
0 111 95 399.21818300361826
0 113 96 336.8679753354857
0 130 97 383.9108263770367
0 97 100 156.16114185209923
0 106 102 196.70860569431076
0 99 103 176.76402206777212
0 100 104 160.83759868156474
0 101 105 145.34291415851504
0 92 106 294.3532347735525
0 117 107 298.631283489233
0 112 108 111.39535140043475
0 108 110 179.40010327376112
0 109 111 259.03751286428076
0 107 112 153.4758254673831
0 115 116 123.16620204943514
0 120 118 149.65529415846987
0 118 120 228.48865627056892
0 122 121 187.30117299240501
0 138 123 184.25285971538864
0 126 127 157.77425772667308
0 125 130 161.56090263011447
0 146 131 170.58878555607345
0 124 132 210.23902366740631
0 149 133 257.74675973309104
0 167 134 270.7804362402757
0 142 135 181.04164346618253
0 139 136 150.57251731983473
0 135 137 459.63841987457846
0 140 138 123.37451916950022
0 161 140 225.1252483766286
0 143 142 198.81030562854508
0 166 143 116.07125079362532
0 144 146 116.48031930067997
0 154 147 126.20730966897129
0 164 148 275.0763492229402
0 173 149 111.31347546490709
0 155 151 140.0423001265598
0 156 152 183.2599134340993
0 162 155 119.44128369285454
0 153 156 130.09235375887002
0 168 157 123.10079100613443
0 131 158 101.53259165124413
0 172 159 207.23494738873063
0 171 161 165.82733699176063
0 181 163 231.95141042048033
0 179 164 176.31163786852412
0 174 165 112.84960933296024
0 193 166 338.7167751880892
0 175 167 137.3750349123958
0 180 168 176.3220515437676
0 177 170 130.5336506703992
0 176 171 152.04609338013046
0 148 173 378.131535430471
0 195 175 159.58778047236498
0 186 176 254.58557311858607
0 201 177 129.92100142812916
0 188 178 131.46099101834528
0 182 180 456.6882241312126
0 189 181 137.6936217248635
0 190 182 158.7356415256629
0 206 183 266.8491976296105
0 196 184 113.33986327917451
0 197 185 122.93789126090431
0 207 187 157.16184923448168
0 212 189 145.38256213341245
0 200 191 142.40278972445154
0 214 192 135.20937519115193
0 202 193 114.31674631895889
0 217 194 298.5358992937867
0 203 198 219.58791377610765
0 222 199 130.76452968360255
0 219 200 120.71065911689745
0 215 202 273.9712533929573
0 218 203 354.92912932734214
0 210 204 217.56117670331952
0 227 205 243.4639436166998
0 229 206 294.4978307899425
0 220 208 175.60617997679898
0 223 210 150.78849043044224
0 221 211 282.6879968080274
0 233 212 222.8116214878105
0 230 213 202.7001775914377
0 231 217 261.0686825716762
0 232 218 124.10089405195484
0 234 220 114.78835685972875
0 237 222 117.90641329682173
0 249 226 160.71232471499005
0 235 227 417.8013143376511
0 241 228 119.00751971433456
0 250 230 181.82944927205756
0 244 231 231.20316428814954
0 239 233 268.50799612023184
0 242 234 170.08309603412525
0 247 239 427.6945002501778
0 248 240 446.78006990285775
0 243 241 110.7018918978304
0 246 245 264.4924241008977
0 253 246 185.00592436986375
0 268 247 270.9509209984018
0 257 248 142.14458570982796
0 254 249 180.4018790715439
0 255 250 306.4422642681175
0 258 256 133.35164639512465
0 260 258 480.98085920360376
0 262 259 186.49341317791266
0 265 260 111.94556647684139
0 261 261 125.40418166023521
0 269 262 203.31816253015816
0 283 263 377.57660022946425
0 788 265 396.07289233835337
0 264 267 254.1746131507497
0 259 269 104.86893239900736
0 284 270 199.41188692064088
0 271 271 147.31220372426307
0 290 272 289.14980074565807
0 275 273 330.9840221429149
0 270 274 233.9552933185267
0 277 275 209.57581898188837
0 281 278 200.75175941209937
0 276 279 218.4862200612488
0 279 280 249.54956489287258
0 278 282 354.9873686680549
0 282 283 112.57802505511569
0 273 287 102.09191098907272
0 291 289 285.13455511160885
0 296 290 325.80816211082595
0 288 291 313.64054269191615
0 289 292 345.1586095206138
0 286 293 210.78811148747124
0 287 294 113.03265878873022
0 280 297 226.16246983438333
0 292 298 112.6363433062131
0 309 299 175.34343700692804
0 311 304 301.01595389134405
0 312 305 329.23269870297486
0 337 307 373.29870587591347
0 322 308 296.5608872212574
0 300 309 139.7545925290191
0 305 310 123.01470951612883
0 310 311 447.29378347761707
0 295 312 148.10951152386986
0 317 314 140.00905119281552
0 315 315 295.2911983076549
0 318 319 312.6949787073993
0 302 320 201.28489784626012
0 304 321 242.30947404558384
0 326 322 443.392816544785
0 320 324 276.5572567693181
0 316 325 164.9171797510222
0 321 328 122.3432131783901
0 351 329 416.37253408638617
0 335 330 288.47279974834396
0 328 332 115.23872971559679
0 303 333 220.5377742481789
0 334 337 185.51104112073455
0 327 339 113.41208962583079
0 330 340 212.30685633362154
0 346 341 206.14883798712512
0 349 342 460.0295929275851
0 343 344 119.42084518575477
0 353 345 283.3387333687143
0 359 348 122.66192470656601
0 363 349 352.33838834511454
0 336 350 106.22315172702679
0 329 351 110.80138811343664
0 357 352 142.07526292942768
0 347 353 114.62881056290514
0 344 354 195.7209559300458
0 352 355 238.40043425066892
0 348 357 128.5594363840513
0 350 358 135.26761026240385
0 354 359 436.19574711372104
0 342 360 247.9747792336766
0 376 361 175.13821042307907
0 324 362 243.11497319422762
0 365 365 137.12397745791586
0 355 367 116.01038126382821
0 358 369 307.700924860739
0 361 371 323.3109139683567
0 368 373 159.25998456687432
0 387 374 190.682142745517
0 371 375 149.57952085955273
0 372 376 111.90270772785735
0 369 377 133.82225646768669
0 392 378 209.50647917012674
0 388 379 123.78093542860323
0 401 380 388.86804512127776
0 393 382 287.36733069298623
0 364 383 108.29404064475985
0 397 386 126.52781290927567
0 367 387 239.1851926355518
0 374 389 275.7108703325973
0 402 390 165.64524196413214
0 405 393 184.9094372034056
0 409 394 149.47128454557912
0 381 395 219.5615186389324
0 386 396 129.61643778255453
0 424 397 196.99130969178424
0 400 398 130.11976727808806
0 406 399 342.23033720585596
0 399 401 234.01419563694748
0 385 402 257.8660030100631
0 383 403 119.36658616741431
0 407 404 219.90225439834893
0 380 406 333.0573474806274
0 389 407 137.72757758723304
0 412 408 321.66492865925335
0 396 409 229.5877722992652
0 426 410 139.73985583083842
0 390 411 205.16740794366862
0 382 412 126.12537273488265
0 427 413 230.33166948977325
0 431 414 144.54271476447303
0 410 416 129.28539701826725
0 394 418 114.85718103838263
0 420 423 320.59120866794706
0 432 424 334.13999642303327
0 414 425 112.5370207956373
0 436 426 178.734938976073
0 404 427 104.61431940023476
0 398 428 238.9284771820332
0 411 429 200.31648809611582
0 435 430 212.12188184089635
0 418 431 162.105095543863
0 434 432 243.1268108018966
0 421 433 268.8492903356278
0 440 434 169.80449910847966
0 403 435 185.72328085577067
0 438 439 135.19803271142663
0 437 440 125.59867469164263
0 442 441 154.34711010215833
0 448 442 126.91810910565377
0 413 443 424.06921361475423
0 423 445 133.53948629070894
0 447 446 227.42862022945906
0 470 447 340.20820019566236
0 444 448 305.4298528031662
0 417 449 212.09011887297743
0 430 452 206.87517875692888
0 453 453 130.07957414897714
0 422 454 138.5642902526476
0 475 456 212.8887458397802
0 429 457 115.7932922058597
0 433 458 183.32162888736667
0 451 462 126.48902589700728
0 469 463 330.97644784796074
0 477 464 161.840027094857
0 443 465 128.3314812185773
0 476 466 134.79404262512458
0 445 467 177.40203942573953
0 446 468 380.93081745583856
0 485 469 265.4830508494692
0 481 470 128.04406790087134
0 441 471 154.06666665442253
0 460 474 235.2987310132694
0 480 477 151.59681062560958
0 498 478 122.02870972648014
0 458 479 284.3739083136897
0 456 480 301.875238803055
0 461 482 183.06149246279077
0 507 483 214.99904336460904
0 450 485 196.2577565677128
0 473 487 223.6333574509991
0 489 488 192.3263717134733
0 504 490 130.16277235920458
0 512 491 130.18009346433269
0 502 494 203.9411419122521
0 501 496 191.10777635859682
0 506 497 147.0728608349409
0 459 498 109.37879291360764
0 465 499 218.91754970778203
0 471 500 186.47206333899956
0 466 501 248.67198168948775
0 472 502 177.2089438400537
0 526 503 233.2989051417919
0 479 505 137.7745375041327
0 468 506 200.9866151010919
0 520 507 120.5321854581159
0 464 509 189.01339029461352
0 478 511 214.1622660697977
0 508 512 157.26575395523855
0 524 516 199.01366316721715
0 492 519 127.46048677017143
0 496 520 141.62856144563443
0 497 521 348.86506984853355
0 528 524 188.0421441213461
0 483 525 188.9641917635785
0 488 526 175.63849901943328
0 540 528 255.58078527049787
0 487 530 191.3654755211725
0 495 531 138.4372968066672
0 533 532 226.42056596180336
0 486 534 118.271069402166
0 525 535 233.71177567190227
0 532 536 145.11965016035876
0 534 537 146.94990252661765
0 543 538 180.50340834720419
0 500 540 205.5475436974338
0 493 541 177.74056166014773
0 499 542 152.29322854401488
0 538 543 127.55679386093028
0 505 545 114.34149836208269
0 515 546 305.13319009578464
0 518 547 102.15565320474605
0 511 548 135.25039179140575
0 513 549 126.97954835915655
0 514 550 171.4169120933856
0 519 552 117.11650684149286
0 522 553 163.92117619965902
0 527 554 107.95412230863775
0 560 555 254.59772347616644
0 491 556 241.93679614163582
0 517 557 139.48248896675045
0 553 558 136.24099395445987
0 563 559 220.0768009218
0 510 560 210.19572055441995
0 558 563 174.85550401082742
0 567 564 218.79064982933647
0 566 566 129.80533319200413
0 521 568 194.52480649222386
0 537 569 213.5752659170051
0 530 571 126.13745354488144
0 557 573 180.70303421444092
0 581 574 282.58907686089805
0 591 575 292.05588454044704
0 564 576 432.19161373072365
0 541 577 233.0800794882168
0 574 579 289.76926618264173
0 529 580 111.10141626821127
0 546 581 232.40044670400653
0 588 582 162.18874749208595
0 536 583 328.04517450626923
0 547 584 144.76730359893597
0 572 585 221.54963370236666
0 549 587 154.71524535565143
0 535 588 247.57332348778317
0 585 590 112.7440232896034
0 570 594 130.9260685765327
0 571 595 180.85060673158318
0 592 596 168.98802886770312
0 551 597 196.94811246499864
0 539 598 261.95428779313727
0 606 600 272.4280746856084
0 565 601 230.16258513004493
0 599 602 217.2802181969354
0 595 604 197.37889565947316
0 550 605 166.8069151050531
0 569 606 200.37534212332426
0 609 607 153.22500835205736
0 556 608 245.52396491293024
0 561 609 358.9307778698074
0 622 610 121.12337105169209
0 544 611 142.85077152642816
0 545 612 142.4834796196979
0 602 613 194.08156595906144
0 605 614 141.02173330685025
0 614 615 117.86824288793358
0 616 616 253.37451025136417
0 608 617 172.18238803234405
0 615 618 175.63548354306133
0 580 619 126.75015634861504
0 594 621 174.20336498795223
0 621 623 159.36374627361312
0 555 624 108.62845345103757
0 637 627 166.3522602823599
0 568 628 201.50807823558208
0 611 629 203.22239683782902
0 630 630 146.34099026662207
0 554 631 119.43274695981474
0 577 632 270.27579633030865
0 582 634 180.29265558410006
0 633 635 123.43042254051662
0 579 636 173.78489131928868
0 627 638 134.79789815365334
0 635 640 147.22427416831246
0 636 641 154.5262046432238
0 575 644 167.54635777362847
0 640 645 160.5412227845606
0 645 648 116.05541728742061
0 646 649 158.31913053087138
0 598 650 119.70054202378854
0 642 651 151.2881646692353
0 604 652 110.1672916425622
0 639 653 127.03938291321475
0 651 655 336.94638761349853
0 587 657 150.9209866796875
0 655 658 180.3457968156698
0 624 659 310.12252242060663
0 650 660 118.12352109875638
0 669 661 154.10119570407
0 576 663 204.43029360354777
0 584 664 158.10035497440526
0 664 666 126.71142431867335
0 653 667 128.28125139781335
0 662 669 159.21290601520383
0 583 670 156.65113558706258
0 625 673 111.05199710978604
0 659 674 123.34786967215857
0 601 676 135.74944876011787
0 679 678 217.20314258878423
0 607 679 216.80415381951352
0 674 680 118.22584728901128
0 671 681 212.91046714254597
0 675 682 161.52346329882178
0 620 683 181.41392475868648
0 597 684 125.91474832459815
0 610 685 143.56059403559917
0 672 686 197.5327387137166
0 593 687 178.60646381639532
0 670 688 245.6342683576566
0 613 689 157.51386478767824
0 665 690 166.33654256840066
0 618 692 125.38247627389332
0 603 693 112.22386208328471
0 632 694 127.80239537470521
0 641 695 477.7770057149106
0 693 696 258.6706792457805
0 691 697 379.91716295636826
0 682 698 130.51186956604604
0 649 699 110.01295850328172
0 683 701 145.9904060207454
0 706 702 318.32941537867805
0 612 703 306.23192283865325
0 678 704 150.11169877335348
0 638 705 207.24365107545864
0 644 706 106.06275797424954
0 701 707 114.95175028007867
0 692 708 218.03683471566458
0 708 709 229.07381271637536
0 634 710 116.52675694798427
0 631 711 111.3114518947915
0 695 712 265.0074887305741
0 713 713 224.98916607364765
0 652 715 317.0759761106541
0 700 716 248.6295283220539
0 685 718 199.40160084965356
0 728 719 211.08985672635012
0 742 720 195.50269192915334
0 629 721 116.93910518236328
0 680 722 165.52429047802133
0 681 723 216.82233811261668
0 690 724 127.37900403155393
0 718 727 131.6835879638496
0 658 728 143.44501813922992
0 687 729 191.31731398830055
0 654 730 116.09870470335215
0 657 731 180.09967670071345
0 661 732 334.0437952716398
0 717 733 245.1966045303863
0 748 734 267.8422603890711
0 735 735 143.33501610479783
0 745 736 195.88489397459426
0 643 737 133.18730576274373
0 740 738 138.76384239799887
0 648 739 112.72010185998202
0 667 740 174.230284254342
0 668 741 124.85417433026164
0 726 742 161.21075336926808
0 734 743 116.33866270855415
0 746 746 183.5880903998573
0 762 747 205.15919136990024
0 686 748 106.49529124471695
0 731 749 178.92733075790218
0 758 750 152.62226362366093
0 774 751 152.96249909625007
0 741 753 126.9202886243832
0 768 754 254.95148013787596
0 749 755 122.35301873763093
0 723 756 166.2862757259952
0 660 759 133.7883743490391
0 755 760 124.52995501777926
0 663 761 107.12004908163794
0 725 762 157.77876836904164
0 777 763 142.1619420340598
0 773 764 133.6050898766759
0 712 765 200.502259042309
0 666 766 110.88150820702276
0 775 768 138.45122304157832
0 789 769 248.82522177558246
0 722 771 152.05247351487012
0 744 773 201.69898884310103
0 699 774 161.2135262335914
0 739 775 157.65933823774708
0 782 777 154.86892988211852
0 677 778 160.35270450369578
0 792 780 270.5184480499849
0 815 781 229.81976086148768
0 799 783 159.2147342290759
0 796 784 166.61771583231265
0 721 785 122.18912728138483
0 810 787 194.2956540268608
0 813 788 151.3626341107819
0 676 790 204.88467249251997
0 797 792 197.0161312293498
0 688 793 104.60982509115753
0 754 794 219.4011864538218
0 703 797 261.0188862476696
0 795 799 143.55197097133643
0 808 801 233.15433660857428
0 753 802 113.48182122686765
0 825 803 137.92546234688288
0 689 805 107.78968144084364
0 765 806 113.39608417142979
0 656 808 341.59447046361635
0 738 809 136.87345629785602
0 766 811 112.03773426650388
0 804 812 116.00014630336139
0 752 813 130.6616306084305
0 824 815 127.04599191980628
0 839 816 114.16557653792532
0 844 819 196.1271666705244
0 850 820 331.6301555994903
0 751 821 123.43507208980384
0 772 823 122.26022780320795
0 794 824 331.93771712215266
0 696 826 110.02113963041977
0 771 827 122.06508443678206
0 715 828 154.3712532535598
0 785 830 187.52924762472904
0 848 831 113.58950188425341
0 737 832 174.13859746799076
0 833 833 185.9425187112156
0 838 834 139.4367449697618
0 854 835 110.09482456648054
0 707 836 124.74259948423239
0 711 837 117.01491587930622
0 843 838 110.77808636010292
0 779 841 159.13276274423416
0 781 842 118.3238694968772
0 729 843 213.35825215080266
0 770 844 186.8834815375154
0 780 845 125.51820199978138
0 856 847 129.33903876359113
0 861 848 121.48662024258054
0 875 849 285.41395591119704
0 791 851 152.74792037617547
0 871 852 111.8480842970498
0 818 854 128.65977003349542
0 882 855 111.10703018248485
0 720 856 114.90138893492707
0 709 857 185.82658815611936
0 714 858 113.50314137227231
0 817 860 457.2604423366152
0 710 862 251.5886191393687
0 891 865 260.48697721618356
0 719 866 270.9284529267268
0 743 867 112.9919163026035
0 874 869 408.08949102212244
0 830 870 132.73412155779448
0 812 871 105.34436338307967
0 886 872 108.91766243645876
0 822 874 136.75765684663094
0 847 875 223.58984419145665
0 889 876 114.6155291829296
0 736 877 107.62594790540099
0 894 879 111.27165274246904
0 908 880 109.08201227161716
0 730 881 252.42810153476327
0 821 883 350.10760604563797
0 842 884 112.16645750636123
0 855 885 162.9226373608446
0 899 886 114.91372129702543
0 747 887 114.4814861316578
0 764 888 109.02871141250834
0 761 889 110.81121656362309
0 787 890 136.56887591676283
0 820 893 113.7310685661325
0 841 894 225.1140869059073
0 757 896 124.72214238911825
0 912 898 129.48769778514594
0 803 899 136.667888029735
0 829 900 120.21815118085209
0 846 901 142.85151348110276
0 873 903 287.2226677175944
0 853 904 107.05831070835418
0 859 905 122.12534527244804
0 807 906 143.78557687338574
0 877 910 173.21833499232727
0 750 912 196.40792477100865
0 784 913 120.87481199334746
0 790 915 176.38596878564707
0 869 917 250.5248343338693
0 881 920 123.72163028452954
0 786 921 169.24673913942615
0 852 922 166.801674497439
0 880 926 106.17716986710843
0 760 927 152.09250281639925
0 892 929 196.26599883039745
0 902 930 136.9626345077066
0 840 931 160.0926439441159
0 907 932 203.54612407163683
0 826 934 317.11738957361234
0 858 935 268.6611528612957
0 872 936 195.84979353562753
0 778 938 117.9506118314815
0 802 940 120.43819210509352
0 890 943 113.99178294047996
0 837 945 192.63550964910408
0 888 946 197.6239492123473
0 906 947 176.119372902593
0 783 949 106.27117937637223
0 864 950 204.5843772566853
0 867 952 131.4238256883623
0 868 953 159.5816934179986
0 819 954 262.9329014124018
0 811 955 169.52604253081532
0 901 956 129.94912786025563
0 896 959 162.82447772515675
0 913 960 132.6796314120776
0 801 961 118.90847999256096
0 806 962 183.95735340782173
0 816 963 281.3740948476936
0 828 964 114.65466169382876
0 911 966 119.78030160944186
0 905 967 127.66145443004349
0 805 968 162.44541247938838
0 836 969 119.31639845062074
0 946 970 439.38297303559716
0 910 972 210.94254281756614
0 845 974 120.1256616957799
0 926 975 115.9992640637358
0 919 976 166.0970217069786
0 917 977 244.44177492137192
0 918 978 151.45475761502408
0 920 979 220.8357862831507
0 814 980 169.52393558840276
0 863 981 115.47982395146124
0 928 983 208.97667642551224
0 934 984 165.21927438188825
0 923 986 160.61594853616106
0 857 988 160.25486088372202
0 927 989 162.87044370047911
0 932 990 148.72819835088197
0 832 993 211.97445018689822
0 831 994 261.3177663031208
0 835 996 262.1559608657145
0 834 997 317.82918847566236
0 865 998 118.16712519785537
0 883 999 199.69963904073512
0 866 1000 204.10731329704254
0 887 1002 222.80950577020317
0 876 1004 115.94467954359145
0 879 1005 184.39769598721182
0 945 1006 102.02679639071704
0 939 1008 107.70634532237113
0 898 1009 122.24233135427707
0 900 1011 138.12811277207953
0 949 1012 104.6221478562495
0 903 1015 119.32407837436283
0 955 1016 185.8492727191358
0 904 1017 176.79049042317263
0 950 1018 128.66970642409962
0 952 1019 219.3037062986424
0 947 1020 259.59345375537623
0 914 1021 129.46813258995903
0 951 1022 210.39547431705276
0 909 1025 155.01402518388795
0 959 1026 162.26394802049623
0 921 1027 134.33038283225844
0 925 1029 151.74332996391564
0 960 1030 132.65870171208726
0 962 1031 144.96237394799513
0 916 1032 122.9908388875942
0 929 1035 136.69252984982754
0 930 1037 130.42390527383264
0 963 1038 184.00210222738713
0 935 1039 151.58033360615696
0 968 1040 128.87743872658407
0 922 1041 110.16115022072329
0 933 1043 242.1842523944023
0 969 1044 200.30120605991394
0 973 1048 207.9579681663672
0 970 1049 280.9640945170673
0 974 1050 265.30183803402434
0 942 1051 273.445814598725
0 938 1052 145.3736936183789
0 941 1053 193.0231602950592
0 940 1054 113.72433838293081
0 937 1055 171.57326269096063
0 944 1056 142.7011273643687
0 948 1057 132.9361806786797
0 943 1059 165.38985150100916
0 958 1062 245.96573808966528
0 967 1063 257.1197396744045
0 956 1066 131.61039963720336
0 957 1067 130.8969764256621
0 961 1068 128.60794216066992
0 965 1069 115.74482599279214
0 966 1070 121.60021709023133
0 972 1071 104.15986561023504
0 971 1072 140.93332495545332
0 975 1074 107.62246139157253
0 976 1076 103.40085004918826
0 977 1077 131.257051934313

0 525.0 10.0
0 376.0 21.0
0 74.0 75.0
0 1056.0 107.0
0 1063.0 107.0
0 1050.0 108.0
0 1043.0 112.0
0 1073.0 113.0
0 1037.0 120.0
0 1077.0 120.0
0 1035.0 125.0
0 1077.0 125.0
0 1066.0 128.0
0 85.0 129.0
0 1076.0 130.0
0 1049.0 135.0
0 1074.0 137.0
0 1036.0 141.0
0 1045.0 147.0
0 1066.0 147.0
0 1035.0 151.0
0 1021.0 152.0
0 1027.0 152.0
0 1044.0 152.0
0 1062.0 154.0
0 1036.0 156.0
0 1013.0 159.0
0 1061.0 159.0
0 1072.0 160.0
0 907.0 166.0
0 900.0 167.0
0 409.0 168.0
0 996.0 169.0
0 985.0 172.0
0 926.0 174.0
0 918.0 176.0
0 933.0 180.0
0 953.0 180.0
0 948.0 181.0
0 1119.0 182.0
0 891.0 184.0
0 943.0 184.0
0 1063.0 185.0
0 904.0 187.0
0 1097.0 187.0
0 891.0 194.0
0 984.0 195.0
0 927.0 196.0
0 905.0 198.0
0 911.0 205.0
0 888.0 206.0
0 945.0 206.0
0 922.0 207.0
0 1075.0 207.0
0 898.0 212.0
0 938.0 216.0
0 962.0 217.0
0 917.0 219.0
0 922.0 219.0
0 1107.0 219.0
0 550.0 221.0
0 555.0 221.0
0 561.0 222.0
0 893.0 222.0
0 912.0 224.0
0 532.0 225.0
0 979.0 226.0
0 1080.0 226.0
0 903.0 228.0
0 1032.0 228.0
0 1050.0 228.0
0 580.0 229.0
0 553.0 230.0
0 1020.0 231.0
0 1006.0 232.0
0 1081.0 232.0
0 979.0 233.0
0 1061.0 233.0
0 960.0 234.0
0 543.0 235.0
0 589.0 235.0
0 1088.0 236.0
0 886.0 237.0
0 995.0 237.0
0 974.0 238.0
0 1039.0 238.0
0 1078.0 239.0
0 1083.0 239.0
0 564.0 240.0
0 1119.0 240.0
0 909.0 241.0
0 941.0 241.0
0 551.0 243.0
0 897.0 243.0
0 315.0 244.0
0 322.0 244.0
0 327.0 244.0
0 335.0 244.0
0 597.0 244.0
0 955.0 244.0
0 1021.0 244.0
0 340.0 245.0
0 511.0 245.0
0 1007.0 245.0
0 1057.0 245.0
0 1086.0 245.0
0 1118.0 245.0
0 307.0 246.0
0 531.0 247.0
0 346.0 248.0
0 990.0 248.0
0 920.0 249.0
0 975.0 249.0
0 1105.0 249.0
0 934.0 251.0
0 288.0 252.0
0 949.0 252.0
0 983.0 252.0
0 545.0 253.0
0 550.0 253.0
0 1092.0 254.0
0 562.0 255.0
0 905.0 255.0
0 505.0 256.0
0 521.0 256.0
0 604.0 256.0
0 358.0 257.0
0 1008.0 257.0
0 1103.0 257.0
0 892.0 258.0
0 996.0 258.0
0 312.0 259.0
0 914.0 259.0
0 274.0 260.0
0 360.0 262.0
0 518.0 262.0
0 572.0 262.0
0 607.0 262.0
0 963.0 263.0
0 269.0 264.0
0 308.0 264.0
0 586.0 264.0
0 1080.0 266.0
0 353.0 267.0
0 528.0 267.0
0 608.0 267.0
0 943.0 267.0
0 568.0 268.0
0 265.0 269.0
0 342.0 269.0
0 367.0 270.0
0 975.0 270.0
0 1010.0 270.0
0 1106.0 270.0
0 297.0 271.0
0 540.0 271.0
0 1067.0 271.0
0 578.0 272.0
0 717.0 272.0
0 909.0 272.0
0 514.0 273.0
0 526.0 273.0
0 1111.0 273.0
0 501.0 274.0
0 289.0 275.0
0 595.0 275.0
0 371.0 276.0
0 963.0 276.0
0 358.0 277.0
0 610.0 277.0
0 985.0 277.0
0 997.0 277.0
0 259.0 280.0
0 1097.0 280.0
0 1075.0 281.0
0 342.0 282.0
0 940.0 282.0
0 289.0 283.0
0 1062.0 283.0
0 467.0 284.0
0 609.0 284.0
0 957.0 284.0
0 992.0 284.0
0 257.0 285.0
0 550.0 285.0
0 1047.0 285.0
0 505.0 286.0
0 579.0 287.0
0 978.0 287.0
0 334.0 288.0
0 387.0 288.0
0 968.0 288.0
0 360.0 289.0
0 531.0 289.0
0 256.0 290.0
0 366.0 290.0
0 505.0 291.0
0 1056.0 291.0
0 1097.0 291.0
0 308.0 292.0
0 543.0 292.0
0 578.0 292.0
0 1072.0 292.0
0 389.0 293.0
0 1103.0 293.0
0 283.0 294.0
0 255.0 296.0
0 295.0 296.0
0 507.0 296.0
0 343.0 297.0
0 576.0 297.0
0 978.0 297.0
0 995.0 297.0
0 1014.0 299.0
0 1067.0 299.0
0 368.0 301.0
0 931.0 301.0
0 1102.0 301.0
0 604.0 302.0
0 284.0 303.0
0 357.0 303.0
0 1006.0 303.0
0 330.0 304.0
0 378.0 304.0
0 513.0 304.0
0 255.0 305.0
0 273.0 307.0
0 1044.0 307.0
0 303.0 308.0
0 977.0 308.0
0 919.0 309.0
0 1005.0 309.0
0 1099.0 309.0
0 256.0 310.0
0 381.0 310.0
0 601.0 311.0
0 617.0 311.0
0 347.0 312.0
0 787.0 312.0
0 1045.0 312.0
0 1064.0 312.0
0 565.0 313.0
0 527.0 314.0
0 257.0 315.0
0 542.0 316.0
0 617.0 316.0
0 941.0 316.0
0 910.0 317.0
0 332.0 318.0
0 530.0 319.0
0 1027.0 319.0
0 535.0 320.0
0 347.0 321.0
0 307.0 322.0
0 322.0 322.0
0 579.0 322.0
0 584.0 322.0
0 285.0 324.0
0 787.0 324.0
0 387.0 325.0
0 567.0 325.0
0 613.0 325.0
0 1052.0 325.0
0 1039.0 326.0
0 628.0 327.0
0 924.0 327.0
0 973.0 327.0
0 533.0 328.0
0 261.0 329.0
0 715.0 329.0
0 915.0 329.0
0 987.0 329.0
0 384.0 330.0
0 966.0 330.0
0 1065.0 330.0
0 1029.0 331.0
0 299.0 333.0
0 379.0 333.0
0 961.0 333.0
0 1055.0 333.0
0 264.0 334.0
0 977.0 335.0
0 631.0 336.0
0 332.0 337.0
0 935.0 337.0
0 1025.0 338.0
0 286.0 339.0
0 690.0 339.0
0 624.0 340.0
0 984.0 340.0
0 490.0 341.0
0 632.0 341.0
0 1050.0 341.0
0 512.0 342.0
0 585.0 342.0
0 996.0 342.0
0 1033.0 342.0
0 375.0 344.0
0 388.0 344.0
0 898.0 345.0
0 1015.0 345.0
0 1041.0 346.0
0 482.0 347.0
0 537.0 347.0
0 937.0 347.0
0 968.0 347.0
0 335.0 348.0
0 923.0 348.0
0 983.0 349.0
0 277.0 350.0
0 623.0 350.0
0 1022.0 350.0
0 422.0 351.0
0 472.0 351.0
0 911.0 351.0
0 1063.0 351.0
0 399.0 352.0
0 967.0 352.0
0 995.0 352.0
0 1040.0 352.0
0 336.0 353.0
0 464.0 353.0
0 1048.0 354.0
0 1009.0 355.0
0 491.0 356.0
0 400.0 357.0
0 634.0 357.0
0 484.0 358.0
0 591.0 358.0
0 937.0 358.0
0 1021.0 358.0
0 1064.0 358.0
0 596.0 359.0
0 428.0 360.0
0 992.0 360.0
0 327.0 361.0
0 368.0 361.0
0 457.0 361.0
0 1078.0 361.0
0 344.0 362.0
0 436.0 362.0
0 974.0 362.0
0 1101.0 363.0
0 529.0 364.0
0 914.0 364.0
0 1046.0 365.0
0 1056.0 366.0
0 1075.0 366.0
0 1032.0 367.0
0 1090.0 367.0
0 267.0 368.0
0 304.0 368.0
0 891.0 368.0
0 370.0 369.0
0 445.0 369.0
0 492.0 369.0
0 549.0 369.0
0 537.0 370.0
0 901.0 370.0
0 1065.0 370.0
0 632.0 371.0
0 1013.0 372.0
0 422.0 373.0
0 458.0 373.0
0 477.0 373.0
0 928.0 373.0
0 991.0 373.0
0 321.0 375.0
0 1055.0 375.0
0 163.0 376.0
0 168.0 376.0
0 173.0 376.0
0 182.0 376.0
0 557.0 376.0
0 938.0 376.0
0 527.0 377.0
0 594.0 377.0
0 620.0 377.0
0 1021.0 377.0
0 907.0 378.0
0 1003.0 378.0
0 504.0 379.0
0 1077.0 379.0
0 276.0 380.0
0 442.0 380.0
0 509.0 380.0
0 1039.0 380.0
0 155.0 381.0
0 427.0 381.0
0 489.0 381.0
0 1088.0 382.0
0 191.0 383.0
0 602.0 383.0
0 1003.0 383.0
0 1093.0 383.0
0 462.0 384.0
0 547.0 384.0
0 887.0 384.0
0 928.0 384.0
0 1077.0 384.0
0 477.0 386.0
0 520.0 386.0
0 533.0 387.0
0 584.0 387.0
0 941.0 387.0
0 194.0 388.0
0 450.0 388.0
0 956.0 388.0
0 1102.0 388.0
0 622.0 389.0
0 1018.0 390.0
0 148.0 391.0
0 320.0 391.0
0 1042.0 391.0
0 1008.0 392.0
0 195.0 393.0
0 390.0 393.0
0 543.0 393.0
0 266.0 394.0
0 506.0 394.0
0 620.0 394.0
0 1037.0 394.0
0 1050.0 394.0
0 1103.0 394.0
0 436.0 395.0
0 591.0 396.0
0 938.0 396.0
0 162.0 397.0
0 458.0 397.0
0 615.0 397.0
0 927.0 397.0
0 549.0 398.0
0 603.0 398.0
0 922.0 398.0
0 1072.0 398.0
0 147.0 399.0
0 196.0 399.0
0 320.0 399.0
0 487.0 399.0
0 896.0 399.0
0 901.0 399.0
0 916.0 399.0
0 998.0 399.0
0 438.0 400.0
0 473.0 400.0
0 538.0 400.0
0 525.0 401.0
0 981.0 401.0
0 1090.0 401.0
0 195.0 404.0
0 315.0 404.0
0 396.0 404.0
0 483.0 404.0
0 951.0 405.0
0 149.0 406.0
0 1043.0 406.0
0 1063.0 406.0
0 278.0 407.0
0 382.0 407.0
0 602.0 410.0
0 461.0 411.0
0 490.0 411.0
0 555.0 411.0
0 989.0 411.0
0 1043.0 411.0
0 402.0 412.0
0 1003.0 412.0
0 325.0 413.0
0 434.0 413.0
0 936.0 413.0
0 1012.0 413.0
0 374.0 414.0
0 597.0 414.0
0 416.0 415.0
0 523.0 415.0
0 272.0 416.0
0 387.0 416.0
0 959.0 416.0
0 1058.0 416.0
0 540.0 417.0
0 898.0 417.0
0 319.0 418.0
0 570.0 418.0
0 879.0 418.0
0 450.0 419.0
0 188.0 420.0
0 347.0 420.0
0 586.0 420.0
0 926.0 420.0
0 980.0 420.0
0 1025.0 420.0
0 1046.0 420.0
0 392.0 421.0
0 424.0 421.0
0 946.0 421.0
0 370.0 422.0
0 911.0 422.0
0 1035.0 422.0
0 161.0 423.0
0 274.0 423.0
0 515.0 423.0
0 530.0 424.0
0 541.0 424.0
0 1071.0 425.0
0 378.0 426.0
0 414.0 426.0
0 436.0 426.0
0 1057.0 426.0
0 307.0 427.0
0 211.0 428.0
0 554.0 428.0
0 278.0 429.0
0 918.0 429.0
0 148.0 430.0
0 216.0 430.0
0 512.0 430.0
0 994.0 430.0
0 333.0 431.0
0 448.0 431.0
0 463.0 431.0
0 524.0 431.0
0 540.0 431.0
0 853.0 431.0
0 1028.0 431.0
0 1034.0 431.0
0 291.0 432.0
0 443.0 432.0
0 974.0 432.0
0 1049.0 432.0
0 187.0 433.0
0 407.0 433.0
0 506.0 433.0
0 934.0 433.0
0 142.0 434.0
0 164.0 434.0
0 872.0 434.0
0 910.0 435.0
0 1007.0 435.0
0 1039.0 435.0
0 176.0 436.0
0 551.0 436.0
0 137.0 437.0
0 328.0 438.0
0 885.0 438.0
0 983.0 439.0
0 384.0 440.0
0 545.0 440.0
0 597.0 440.0
0 476.0 441.0
0 516.0 441.0
0 530.0 441.0
0 895.0 441.0
0 428.0 442.0
0 505.0 442.0
0 580.0 442.0
0 1044.0 443.0
0 231.0 444.0
0 444.0 444.0
0 1021.0 444.0
0 1035.0 444.0
0 294.0 446.0
0 344.0 447.0
0 863.0 448.0
0 904.0 448.0
0 989.0 448.0
0 1044.0 448.0
0 889.0 449.0
0 300.0 450.0
0 312.0 450.0
0 395.0 450.0
0 404.0 450.0
0 459.0 450.0
0 499.0 450.0
0 916.0 450.0
0 970.0 450.0
0 1056.0 451.0
0 1070.0 451.0
0 475.0 452.0
0 868.0 452.0
0 1049.0 452.0
0 124.0 453.0
0 512.0 453.0
0 1036.0 453.0
0 347.0 454.0
0 541.0 454.0
0 877.0 454.0
0 317.0 455.0
0 530.0 455.0
0 338.0 456.0
0 404.0 456.0
0 1005.0 456.0
0 322.0 457.0
0 352.0 457.0
0 327.0 458.0
0 843.0 458.0
0 915.0 458.0
0 967.0 458.0
0 464.0 459.0
0 480.0 459.0
0 1048.0 459.0
0 1043.0 460.0
0 435.0 463.0
0 959.0 463.0
0 481.0 464.0
0 869.0 464.0
0 408.0 465.0
0 467.0 465.0
0 1012.0 465.0
0 367.0 466.0
0 462.0 466.0
0 1056.0 466.0
0 153.0 467.0
0 158.0 467.0
0 900.0 467.0
0 905.0 467.0
0 1032.0 467.0
0 1070.0 467.0
0 980.0 468.0
0 969.0 469.0
0 507.0 470.0
0 422.0 471.0
0 851.0 471.0
0 957.0 471.0
0 1014.0 471.0
0 223.0 472.0
0 412.0 472.0
0 417.0 473.0
0 1087.0 473.0
0 389.0 474.0
0 860.0 474.0
0 1053.0 474.0
0 129.0 475.0
0 320.0 475.0
0 315.0 476.0
0 403.0 476.0
0 957.0 476.0
0 308.0 477.0
0 325.0 477.0
0 966.0 477.0
0 1010.0 477.0
0 1000.0 478.0
0 1018.0 478.0
0 1023.0 478.0
0 142.0 479.0
0 209.0 479.0
0 1029.0 479.0
0 331.0 480.0
0 841.0 480.0
0 1041.0 481.0
0 1057.0 481.0
0 504.0 482.0
0 1008.0 482.0
0 540.0 483.0
0 928.0 483.0
0 945.0 483.0
0 1069.0 483.0
0 225.0 485.0
0 297.0 485.0
0 1081.0 485.0
0 851.0 486.0
0 977.0 486.0
0 990.0 486.0
0 149.0 488.0
0 208.0 488.0
0 178.0 489.0
0 183.0 489.0
0 835.0 489.0
0 953.0 489.0
0 130.0 490.0
0 1026.0 490.0
0 140.0 491.0
0 290.0 491.0
0 377.0 491.0
0 496.0 492.0
0 940.0 492.0
0 208.0 493.0
0 262.0 493.0
0 898.0 493.0
0 1090.0 493.0
0 340.0 494.0
0 973.0 494.0
0 1067.0 494.0
0 1051.0 495.0
0 163.0 496.0
0 218.0 496.0
0 309.0 496.0
0 1078.0 496.0
0 196.0 497.0
0 1018.0 497.0
0 275.0 498.0
0 896.0 498.0
0 146.0 499.0
0 331.0 499.0
0 236.0 500.0
0 642.0 500.0
0 322.0 501.0
0 1050.0 501.0
0 853.0 502.0
0 985.0 502.0
0 600.0 503.0
0 344.0 504.0
0 1070.0 504.0
0 1094.0 504.0
0 249.0 507.0
0 840.0 508.0
0 341.0 509.0
0 372.0 511.0
0 900.0 511.0
0 1008.0 511.0
0 834.0 512.0
0 312.0 513.0
0 232.0 514.0
0 862.0 514.0
0 995.0 515.0
0 658.0 516.0
0 741.0 516.0
0 880.0 517.0
0 132.0 518.0
0 752.0 518.0
0 833.0 518.0
0 1086.0 518.0
0 195.0 519.0
0 696.0 519.0
0 734.0 519.0
0 780.0 519.0
0 859.0 521.0
0 167.0 522.0
0 939.0 523.0
0 327.0 524.0
0 667.0 524.0
0 261.0 525.0
0 309.0 525.0
0 314.0 525.0
0 746.0 525.0
0 834.0 525.0
0 1015.0 525.0
0 1058.0 525.0
0 182.0 526.0
0 859.0 526.0
0 138.0 527.0
0 300.0 527.0
0 360.0 527.0
0 874.0 527.0
0 966.0 527.0
0 1051.0 527.0
0 648.0 528.0
0 951.0 528.0
0 835.0 530.0
0 427.0 531.0
0 1000.0 531.0
0 1026.0 531.0
0 1080.0 532.0
0 644.0 533.0
0 894.0 533.0
0 1065.0 534.0
0 913.0 535.0
0 717.0 536.0
0 946.0 536.0
0 999.0 536.0
0 116.0 537.0
0 903.0 537.0
0 203.0 538.0
0 745.0 538.0
0 994.0 538.0
0 1008.0 538.0
0 705.0 540.0
0 158.0 541.0
0 624.0 541.0
0 945.0 541.0
0 1071.0 541.0
0 209.0 542.0
0 482.0 542.0
0 616.0 542.0
0 731.0 542.0
0 360.0 544.0
0 663.0 544.0
0 1050.0 544.0
0 960.0 545.0
0 263.0 546.0
0 608.0 546.0
0 952.0 546.0
0 1082.0 546.0
0 485.0 547.0
0 1010.0 547.0
0 1028.0 547.0
0 454.0 548.0
0 689.0 548.0
0 928.0 548.0
0 1058.0 548.0
0 1077.0 548.0
0 127.0 549.0
0 359.0 549.0
0 1047.0 549.0
0 250.0 550.0
0 743.0 550.0
0 115.0 551.0
0 132.0 551.0
0 306.0 551.0
0 651.0 551.0
0 915.0 551.0
0 937.0 551.0
0 1020.0 551.0
0 606.0 552.0
0 1071.0 552.0
0 645.0 554.0
0 209.0 555.0
0 556.0 555.0
0 905.0 555.0
0 104.0 556.0
0 456.0 556.0
0 464.0 556.0
0 715.0 556.0
0 882.0 556.0
0 498.0 557.0
0 732.0 557.0
0 976.0 558.0
0 1055.0 559.0
0 223.0 560.0
0 986.0 560.0
0 1064.0 560.0
0 1075.0 561.0
0 439.0 562.0
0 511.0 562.0
0 539.0 562.0
0 623.0 562.0
0 516.0 563.0
0 96.0 564.0
0 521.0 564.0
0 224.0 565.0
0 375.0 565.0
0 710.0 565.0
0 1007.0 565.0
0 287.0 566.0
0 872.0 566.0
0 960.0 566.0
0 1032.0 566.0
0 142.0 568.0
0 211.0 568.0
0 933.0 568.0
0 229.0 569.0
0 242.0 569.0
0 464.0 569.0
0 490.0 569.0
0 237.0 570.0
0 417.0 571.0
0 475.0 571.0
0 102.0 572.0
0 958.0 572.0
0 988.0 572.0
0 1067.0 572.0
0 267.0 574.0
0 462.0 574.0
0 1005.0 574.0
0 408.0 575.0
0 819.0 575.0
0 1047.0 575.0
0 198.0 576.0
0 40.0 577.0
0 63.0 577.0
0 604.0 577.0
0 699.0 577.0
0 751.0 577.0
0 35.0 578.0
0 599.0 579.0
0 688.0 579.0
0 1061.0 579.0
0 30.0 580.0
0 212.0 580.0
0 679.0 580.0
0 774.0 580.0
0 779.0 580.0
0 519.0 581.0
0 961.0 581.0
0 108.0 582.0
0 744.0 582.0
0 829.0 582.0
0 985.0 582.0
0 168.0 583.0
0 543.0 583.0
0 1002.0 585.0
0 1036.0 585.0
0 21.0 586.0
0 110.0 587.0
0 633.0 587.0
0 767.0 587.0
0 786.0 587.0
0 974.0 587.0
0 151.0 588.0
0 237.0 588.0
0 225.0 589.0
0 282.0 589.0
0 1051.0 589.0
0 243.0 590.0
0 427.0 590.0
0 659.0 590.0
0 16.0 591.0
0 186.0 591.0
0 691.0 591.0
0 996.0 591.0
0 303.0 592.0
0 451.0 592.0
0 644.0 592.0
0 685.0 592.0
0 743.0 592.0
0 753.0 592.0
0 776.0 592.0
0 316.0 595.0
0 326.0 595.0
0 660.0 595.0
0 151.0 596.0
0 815.0 597.0
0 1048.0 597.0
0 13.0 598.0
0 207.0 598.0
0 387.0 599.0
0 189.0 600.0
0 630.0 600.0
0 661.0 600.0
0 727.0 600.0
0 732.0 600.0
0 783.0 600.0
0 150.0 601.0
0 464.0 601.0
0 682.0 601.0
0 290.0 602.0
0 645.0 602.0
0 762.0 602.0
0 73.0 603.0
0 395.0 603.0
0 796.0 603.0
0 827.0 603.0
0 400.0 604.0
0 994.0 604.0
0 10.0 605.0
0 306.0 605.0
0 459.0 605.0
0 714.0 605.0
0 259.0 606.0
0 103.0 607.0
0 62.0 608.0
0 227.0 608.0
0 326.0 608.0
0 453.0 608.0
0 747.0 608.0
0 188.0 610.0
0 303.0 610.0
0 635.0 610.0
0 802.0 610.0
0 12.0 611.0
0 29.0 611.0
0 447.0 611.0
0 640.0 611.0
0 429.0 612.0
0 434.0 612.0
0 199.0 613.0
0 215.0 613.0
0 774.0 613.0
0 127.0 614.0
0 308.0 614.0
0 706.0 614.0
0 748.0 614.0
0 113.0 615.0
0 185.0 615.0
0 207.0 615.0
0 258.0 615.0
0 787.0 617.0
0 738.0 618.0
0 761.0 618.0
0 77.0 619.0
0 246.0 620.0
0 836.0 621.0
0 205.0 623.0
0 704.0 623.0
0 671.0 624.0
0 226.0 625.0
0 778.0 625.0
0 760.0 626.0
0 706.0 628.0
0 742.0 628.0
0 796.0 629.0
0 20.0 630.0
0 270.0 630.0
0 67.0 631.0
0 763.0 631.0
0 788.0 631.0
0 158.0 632.0
0 711.0 633.0
0 62.0 634.0
0 218.0 634.0
0 733.0 634.0
0 768.0 634.0
0 226.0 635.0
0 210.0 636.0
0 56.0 637.0
0 33.0 638.0
0 38.0 639.0
0 48.0 639.0
0 43.0 640.0
0 190.0 640.0
0 253.0 640.0
0 210.0 641.0
0 216.0 641.0
0 246.0 643.0
0 680.0 645.0
0 174.0 646.0
0 133.0 648.0
0 778.0 649.0
0 147.0 650.0
0 710.0 650.0
0 191.0 651.0
0 345.0 652.0
0 255.0 653.0
0 801.0 653.0
0 225.0 654.0
0 672.0 656.0
0 176.0 659.0
0 739.0 659.0
0 213.0 660.0
0 698.0 660.0
0 715.0 660.0
0 686.0 661.0
0 259.0 662.0
0 708.0 663.0
0 150.0 664.0
0 671.0 664.0
0 203.0 665.0
0 720.0 668.0
0 212.0 669.0
0 673.0 669.0
0 248.0 671.0
0 699.0 671.0
0 713.0 671.0
0 187.0 672.0
0 243.0 673.0
0 739.0 674.0
0 227.0 675.0
0 232.0 675.0
0 256.0 677.0
0 680.0 677.0
0 213.0 679.0
0 737.0 679.0
0 166.0 680.0
0 687.0 681.0
0 204.0 683.0
0 728.0 685.0
0 252.0 687.0
0 268.0 687.0
0 701.0 687.0
0 706.0 687.0
0 723.0 687.0
0 718.0 688.0
0 203.0 689.0
0 224.0 690.0
0 250.0 692.0
0 161.0 694.0
0 199.0 694.0
0 227.0 695.0
0 243.0 698.0
0 185.0 701.0
0 176.0 703.0
0 162.0 706.0
0 204.0 708.0
0 216.0 711.0
0 154.0 712.0
0 229.0 712.0
0 313.0 715.0
0 171.0 716.0
0 190.0 716.0
0 204.0 719.0
0 177.0 727.0
0 193.0 728.0
0 294.0 728.0
0 159.0 738.0
0 236.0 739.0
0 253.0 755.0
0 245.0 762.0
0 207.0 784.0
0 895.0 834.0
0 916.0 839.0
1 986.0 25.0
1 422.0 85.0
1 522.0 137.0
1 935.0 145.0
1 940.0 146.0
1 926.0 147.0
1 921.0 150.0
1 949.0 152.0
1 916.0 155.0
1 951.0 157.0
1 914.0 160.0
1 952.0 162.0
1 912.0 166.0
1 951.0 168.0
1 950.0 173.0
1 915.0 179.0
1 944.0 183.0
1 923.0 185.0
1 208.0 190.0
1 910.0 193.0
1 932.0 195.0
1 948.0 195.0
1 809.0 204.0
1 896.0 207.0
1 879.0 208.0
1 456.0 210.0
1 847.0 210.0
1 959.0 210.0
1 1035.0 211.0
1 832.0 212.0
1 995.0 214.0
1 1000.0 214.0
1 966.0 215.0
1 854.0 216.0
1 985.0 217.0
1 1009.0 217.0
1 805.0 221.0
1 844.0 221.0
1 1049.0 222.0
1 789.0 227.0
1 799.0 227.0
1 834.0 230.0
1 1044.0 232.0
1 1052.0 232.0
1 788.0 236.0
1 798.0 236.0
1 1062.0 236.0
1 843.0 242.0
1 799.0 244.0
1 787.0 248.0
1 816.0 248.0
1 1053.0 251.0
1 1064.0 253.0
1 804.0 254.0
1 789.0 255.0
1 931.0 255.0
1 1038.0 260.0
1 1064.0 260.0
1 827.0 261.0
1 794.0 262.0
1 878.0 262.0
1 1053.0 262.0
1 498.0 263.0
1 979.0 263.0
1 1029.0 263.0
1 483.0 264.0
1 488.0 264.0
1 504.0 264.0
1 813.0 265.0
1 873.0 265.0
1 987.0 265.0
1 966.0 266.0
1 475.0 267.0
1 514.0 267.0
1 863.0 267.0
1 1023.0 268.0
1 817.0 270.0
1 999.0 270.0
1 523.0 271.0
1 894.0 271.0
1 844.0 272.0
1 971.0 272.0
1 1057.0 272.0
1 830.0 274.0
1 875.0 274.0
1 914.0 274.0
1 934.0 274.0
1 791.0 275.0
1 1014.0 275.0
1 986.0 276.0
1 531.0 277.0
1 808.0 277.0
1 948.0 277.0
1 1039.0 277.0
1 464.0 278.0
1 1028.0 278.0
1 495.0 279.0
1 863.0 279.0
1 793.0 280.0
1 853.0 280.0
1 897.0 280.0
1 918.0 280.0
1 967.0 280.0
1 482.0 281.0
1 536.0 282.0
1 1049.0 283.0
1 461.0 284.0
1 829.0 284.0
1 840.0 284.0
1 796.0 285.0
1 1001.0 285.0
1 298.0 286.0
1 470.0 286.0
1 303.0 287.0
1 539.0 287.0
1 814.0 287.0
1 1036.0 287.0
1 287.0 288.0
1 935.0 288.0
1 1028.0 289.0
1 479.0 290.0
1 1017.0 290.0
1 494.0 291.0
1 923.0 291.0
1 794.0 292.0
1 846.0 292.0
1 855.0 292.0
1 980.0 292.0
1 1050.0 292.0
1 928.0 293.0
1 322.0 294.0
1 735.0 295.0
1 1036.0 295.0
1 292.0 296.0
1 532.0 296.0
1 544.0 296.0
1 1045.0 296.0
1 262.0 297.0
1 456.0 297.0
1 502.0 297.0
1 825.0 297.0
1 998.0 297.0
1 463.0 298.0
1 918.0 298.0
1 814.0 299.0
1 1008.0 299.0
1 278.0 300.0
1 308.0 300.0
1 942.0 300.0
1 257.0 301.0
1 331.0 301.0
1 546.0 301.0
1 796.0 302.0
1 908.0 302.0
1 498.0 303.0
1 834.0 303.0
1 859.0 303.0
1 927.0 303.0
1 1016.0 303.0
1 455.0 304.0
1 950.0 304.0
1 274.0 305.0
1 475.0 305.0
1 1037.0 305.0
1 252.0 306.0
1 291.0 306.0
1 315.0 306.0
1 334.0 306.0
1 508.0 306.0
1 547.0 306.0
1 1046.0 306.0
1 464.0 307.0
1 799.0 307.0
1 303.0 308.0
1 524.0 309.0
1 826.0 309.0
1 849.0 309.0
1 840.0 310.0
1 249.0 311.0
1 266.0 311.0
1 328.0 312.0
1 455.0 312.0
1 548.0 312.0
1 803.0 312.0
1 993.0 312.0
1 1030.0 312.0
1 808.0 313.0
1 665.0 314.0
1 905.0 314.0
1 823.0 315.0
1 846.0 315.0
1 960.0 315.0
1 977.0 315.0
1 339.0 316.0
1 920.0 317.0
1 296.0 318.0
1 482.0 318.0
1 894.0 318.0
1 1013.0 318.0
1 637.0 319.0
1 831.0 319.0
1 260.0 320.0
1 466.0 320.0
1 939.0 320.0
1 998.0 320.0
1 1020.0 320.0
1 245.0 321.0
1 509.0 321.0
1 525.0 321.0
1 546.0 321.0
1 949.0 321.0
1 1035.0 322.0
1 293.0 323.0
1 711.0 323.0
1 321.0 324.0
1 914.0 324.0
1 631.0 325.0
1 244.0 326.0
1 346.0 326.0
1 475.0 326.0
1 455.0 327.0
1 842.0 327.0
1 275.0 328.0
1 508.0 328.0
1 987.0 328.0
1 1002.0 328.0
1 1023.0 328.0
1 262.0 329.0
1 964.0 329.0
1 244.0 331.0
1 864.0 331.0
1 950.0 331.0
1 542.0 332.0
1 858.0 332.0
1 312.0 334.0
1 900.0 334.0
1 1015.0 335.0
1 290.0 336.0
1 880.0 336.0
1 244.0 338.0
1 1001.0 338.0
1 272.0 339.0
1 333.0 339.0
1 502.0 339.0
1 862.0 339.0
1 994.0 339.0
1 549.0 341.0
1 940.0 341.0
1 981.0 341.0
1 253.0 342.0
1 826.0 342.0
1 841.0 342.0
1 962.0 343.0
1 854.0 344.0
1 475.0 346.0
1 901.0 346.0
1 1063.0 346.0
1 293.0 347.0
1 523.0 347.0
1 737.0 348.0
1 813.0 348.0
1 546.0 350.0
1 343.0 351.0
1 363.0 351.0
1 488.0 351.0
1 502.0 351.0
1 937.0 351.0
1 557.0 353.0
1 823.0 353.0
1 959.0 354.0
1 986.0 354.0
1 883.0 355.0
1 965.0 356.0
1 715.0 357.0
1 848.0 357.0
1 874.0 357.0
1 971.0 358.0
1 921.0 359.0
1 558.0 360.0
1 252.0 361.0
1 332.0 361.0
1 872.0 362.0
1 296.0 363.0
1 944.0 363.0
1 825.0 364.0
1 905.0 364.0
1 460.0 365.0
1 516.0 365.0
1 560.0 365.0
1 975.0 365.0
1 370.0 366.0
1 881.0 366.0
1 349.0 367.0
1 359.0 367.0
1 629.0 367.0
1 393.0 368.0
1 454.0 369.0
1 891.0 369.0
1 935.0 369.0
1 1059.0 370.0
1 262.0 371.0
1 298.0 372.0
1 303.0 372.0
1 401.0 372.0
1 446.0 372.0
1 552.0 372.0
1 818.0 372.0
1 879.0 373.0
1 439.0 374.0
1 798.0 374.0
1 891.0 374.0
1 848.0 375.0
1 871.0 375.0
1 896.0 375.0
1 922.0 375.0
1 980.0 375.0
1 359.0 376.0
1 807.0 376.0
1 916.0 376.0
1 944.0 378.0
1 453.0 379.0
1 520.0 379.0
1 879.0 379.0
1 887.0 379.0
1 380.0 380.0
1 858.0 380.0
1 929.0 380.0
1 310.0 381.0
1 526.0 381.0
1 273.0 382.0
1 411.0 382.0
1 562.0 382.0
1 840.0 382.0
1 962.0 382.0
1 433.0 383.0
1 901.0 383.0
1 254.0 384.0
1 835.0 384.0
1 888.0 384.0
1 896.0 384.0
1 970.0 384.0
1 553.0 385.0
1 635.0 386.0
1 811.0 386.0
1 423.0 387.0
1 824.0 387.0
1 875.0 387.0
1 330.0 388.0
1 467.0 388.0
1 991.0 388.0
1 805.0 389.0
1 850.0 389.0
1 448.0 390.0
1 927.0 390.0
1 939.0 390.0
1 295.0 391.0
1 559.0 391.0
1 794.0 391.0
1 120.0 392.0
1 906.0 392.0
1 979.0 392.0
1 127.0 393.0
1 958.0 393.0
1 971.0 393.0
1 261.0 394.0
1 832.0 394.0
1 953.0 394.0
1 111.0 395.0
1 481.0 395.0
1 549.0 395.0
1 842.0 395.0
1 464.0 396.0
1 525.0 396.0
1 823.0 396.0
1 422.0 397.0
1 787.0 397.0
1 894.0 397.0
1 919.0 397.0
1 106.0 398.0
1 135.0 398.0
1 411.0 398.0
1 393.0 399.0
1 293.0 400.0
1 516.0 400.0
1 551.0 400.0
1 458.0 401.0
1 472.0 401.0
1 858.0 401.0
1 805.0 402.0
1 871.0 402.0
1 103.0 403.0
1 138.0 403.0
1 911.0 403.0
1 961.0 403.0
1 252.0 405.0
1 375.0 405.0
1 551.0 405.0
1 922.0 405.0
1 423.0 407.0
1 443.0 407.0
1 835.0 407.0
1 900.0 407.0
1 973.0 407.0
1 103.0 408.0
1 112.0 408.0
1 885.0 408.0
1 953.0 408.0
1 859.0 409.0
1 939.0 409.0
1 982.0 409.0
1 351.0 410.0
1 548.0 410.0
1 993.0 410.0
1 368.0 411.0
1 525.0 411.0
1 914.0 411.0
1 963.0 411.0
1 138.0 412.0
1 471.0 412.0
1 1039.0 412.0
1 1044.0 412.0
1 832.0 413.0
1 104.0 414.0
1 460.0 414.0
1 800.0 414.0
1 823.0 415.0
1 905.0 415.0
1 923.0 415.0
1 945.0 415.0
1 262.0 416.0
1 398.0 416.0
1 893.0 416.0
1 508.0 417.0
1 328.0 418.0
1 540.0 418.0
1 839.0 418.0
1 847.0 418.0
1 809.0 419.0
1 802.0 420.0
1 928.0 420.0
1 956.0 420.0
1 323.0 421.0
1 824.0 421.0
1 350.0 422.0
1 965.0 422.0
1 296.0 423.0
1 361.0 423.0
1 444.0 423.0
1 885.0 423.0
1 901.0 424.0
1 134.0 425.0
1 477.0 425.0
1 833.0 425.0
1 857.0 425.0
1 981.0 425.0
1 516.0 426.0
1 801.0 426.0
1 995.0 426.0
1 461.0 427.0
1 115.0 428.0
1 439.0 428.0
1 500.0 428.0
1 911.0 428.0
1 953.0 428.0
1 154.0 429.0
1 259.0 429.0
1 450.0 429.0
1 811.0 429.0
1 362.0 430.0
1 877.0 430.0
1 868.0 431.0
1 431.0 432.0
1 463.0 432.0
1 515.0 432.0
1 526.0 432.0
1 947.0 432.0
1 889.0 433.0
1 928.0 433.0
1 264.0 434.0
1 349.0 434.0
1 859.0 434.0
1 900.0 434.0
1 989.0 434.0
1 275.0 435.0
1 798.0 435.0
1 847.0 435.0
1 119.0 436.0
1 344.0 436.0
1 365.0 436.0
1 831.0 436.0
1 972.0 436.0
1 168.0 438.0
1 382.0 438.0
1 101.0 439.0
1 554.0 439.0
1 423.0 440.0
1 440.0 440.0
1 451.0 440.0
1 944.0 440.0
1 301.0 441.0
1 479.0 441.0
1 816.0 441.0
1 857.0 441.0
1 963.0 441.0
1 906.0 442.0
1 327.0 443.0
1 913.0 443.0
1 803.0 444.0
1 830.0 444.0
1 988.0 445.0
1 275.0 446.0
1 395.0 446.0
1 930.0 446.0
1 433.0 447.0
1 449.0 447.0
1 461.0 447.0
1 888.0 447.0
1 368.0 448.0
1 538.0 448.0
1 353.0 449.0
1 947.0 449.0
1 292.0 450.0
1 422.0 450.0
1 495.0 450.0
1 877.0 450.0
1 789.0 452.0
1 967.0 452.0
1 518.0 453.0
1 914.0 453.0
1 90.0 454.0
1 379.0 454.0
1 828.0 454.0
1 818.0 455.0
1 844.0 455.0
1 887.0 455.0
1 304.0 456.0
1 309.0 456.0
1 340.0 456.0
1 803.0 456.0
1 436.0 457.0
1 932.0 457.0
1 399.0 458.0
1 416.0 458.0
1 913.0 458.0
1 106.0 459.0
1 112.0 459.0
1 458.0 459.0
1 481.0 459.0
1 974.0 459.0
1 470.0 460.0
1 342.0 461.0
1 385.0 461.0
1 786.0 461.0
1 906.0 462.0
1 94.0 463.0
1 157.0 463.0
1 318.0 463.0
1 845.0 463.0
1 818.0 464.0
1 925.0 464.0
1 939.0 464.0
1 425.0 465.0
1 886.0 465.0
1 914.0 465.0
1 963.0 465.0
1 367.0 466.0
1 807.0 466.0
1 874.0 467.0
1 329.0 468.0
1 432.0 468.0
1 774.0 468.0
1 844.0 468.0
1 796.0 469.0
1 856.0 469.0
1 946.0 469.0
1 149.0 470.0
1 142.0 471.0
1 261.0 471.0
1 831.0 471.0
1 247.0 472.0
1 454.0 472.0
1 875.0 472.0
1 348.0 473.0
1 101.0 474.0
1 117.0 474.0
1 891.0 474.0
1 996.0 475.0
1 240.0 476.0
1 928.0 476.0
1 939.0 476.0
1 877.0 477.0
1 952.0 478.0
1 863.0 479.0
1 134.0 480.0
1 776.0 480.0
1 790.0 480.0
1 981.0 480.0
1 152.0 481.0
1 452.0 481.0
1 853.0 481.0
1 1001.0 481.0
1 207.0 482.0
1 805.0 482.0
1 178.0 483.0
1 480.0 483.0
1 819.0 483.0
1 945.0 483.0
1 274.0 484.0
1 872.0 484.0
1 900.0 484.0
1 243.0 485.0
1 796.0 485.0
1 190.0 486.0
1 217.0 486.0
1 933.0 486.0
1 862.0 487.0
1 969.0 487.0
1 887.0 488.0
1 263.0 489.0
1 984.0 489.0
1 107.0 490.0
1 906.0 490.0
1 955.0 490.0
1 1005.0 490.0
1 776.0 491.0
1 446.0 492.0
1 989.0 492.0
1 861.0 493.0
1 995.0 493.0
1 134.0 495.0
1 956.0 495.0
1 177.0 496.0
1 590.0 496.0
1 853.0 496.0
1 245.0 497.0
1 893.0 497.0
1 911.0 497.0
1 1011.0 497.0
1 272.0 498.0
1 835.0 498.0
1 926.0 498.0
1 308.0 499.0
1 901.0 500.0
1 120.0 501.0
1 336.0 502.0
1 944.0 502.0
1 957.0 502.0
1 970.0 502.0
1 105.0 503.0
1 540.0 503.0
1 877.0 503.0
1 993.0 503.0
1 600.0 504.0
1 858.0 505.0
1 198.0 506.0
1 1006.0 506.0
1 99.0 507.0
1 245.0 507.0
1 260.0 507.0
1 840.0 507.0
1 94.0 508.0
1 280.0 508.0
1 920.0 509.0
1 149.0 510.0
1 770.0 510.0
1 801.0 511.0
1 121.0 512.0
1 224.0 512.0
1 327.0 512.0
1 885.0 512.0
1 931.0 512.0
1 985.0 512.0
1 990.0 513.0
1 417.0 514.0
1 875.0 514.0
1 954.0 516.0
1 96.0 517.0
1 200.0 517.0
1 773.0 518.0
1 1007.0 518.0
1 579.0 519.0
1 596.0 519.0
1 885.0 519.0
1 983.0 519.0
1 219.0 520.0
1 611.0 520.0
1 377.0 521.0
1 558.0 521.0
1 188.0 522.0
1 153.0 523.0
1 658.0 523.0
1 788.0 523.0
1 887.0 524.0
1 963.0 524.0
1 202.0 525.0
1 778.0 525.0
1 74.0 526.0
1 349.0 527.0
1 274.0 528.0
1 327.0 528.0
1 785.0 528.0
1 802.0 528.0
1 893.0 528.0
1 265.0 529.0
1 305.0 529.0
1 998.0 529.0
1 1003.0 529.0
1 102.0 530.0
1 775.0 531.0
1 33.0 532.0
1 28.0 533.0
1 157.0 533.0
1 566.0 533.0
1 879.0 533.0
1 47.0 534.0
1 169.0 534.0
1 264.0 534.0
1 610.0 534.0
1 843.0 534.0
1 22.0 535.0
1 145.0 535.0
1 405.0 535.0
1 438.0 535.0
1 580.0 535.0
1 600.0 535.0
1 605.0 535.0
1 791.0 535.0
1 912.0 535.0
1 772.0 536.0
1 181.0 537.0
1 17.0 539.0
1 887.0 539.0
1 971.0 539.0
1 1005.0 539.0
1 855.0 540.0
1 897.0 541.0
1 122.0 542.0
1 281.0 542.0
1 403.0 542.0
1 555.0 542.0
1 780.0 542.0
1 798.0 542.0
1 998.0 542.0
1 159.0 543.0
1 586.0 543.0
1 952.0 543.0
1 844.0 544.0
1 108.0 545.0
1 773.0 545.0
1 812.0 545.0
1 13.0 546.0
1 385.0 546.0
1 450.0 546.0
1 540.0 547.0
1 605.0 547.0
1 804.0 547.0
1 785.0 548.0
1 138.0 549.0
1 910.0 549.0
1 974.0 549.0
1 50.0 550.0
1 171.0 550.0
1 773.0 550.0
1 1000.0 550.0
1 181.0 551.0
1 495.0 551.0
1 570.0 551.0
1 943.0 551.0
1 957.0 551.0
1 285.0 552.0
1 366.0 552.0
1 470.0 552.0
1 479.0 552.0
1 897.0 552.0
1 989.0 552.0
1 837.0 553.0
1 951.0 553.0
1 883.0 554.0
1 82.0 555.0
1 411.0 555.0
1 428.0 555.0
1 440.0 555.0
1 852.0 555.0
1 21.0 556.0
1 155.0 556.0
1 569.0 557.0
1 109.0 558.0
1 273.0 559.0
1 790.0 559.0
1 978.0 559.0
1 140.0 560.0
1 413.0 560.0
1 847.0 560.0
1 959.0 560.0
1 552.0 561.0
1 813.0 561.0
1 916.0 561.0
1 942.0 561.0
1 992.0 561.0
1 897.0 562.0
1 968.0 563.0
1 87.0 564.0
1 173.0 564.0
1 285.0 564.0
1 793.0 564.0
1 55.0 565.0
1 140.0 565.0
1 295.0 565.0
1 906.0 565.0
1 911.0 565.0
1 849.0 566.0
1 165.0 567.0
1 460.0 567.0
1 949.0 567.0
1 15.0 568.0
1 985.0 568.0
1 160.0 569.0
1 553.0 569.0
1 661.0 569.0
1 155.0 570.0
1 375.0 570.0
1 523.0 571.0
1 593.0 571.0
1 668.0 571.0
1 865.0 571.0
1 967.0 571.0
1 279.0 572.0
1 783.0 572.0
1 202.0 573.0
1 385.0 573.0
1 625.0 574.0
1 25.0 575.0
1 40.0 575.0
1 788.0 575.0
1 30.0 576.0
1 35.0 576.0
1 191.0 576.0
1 282.0 577.0
1 852.0 577.0
1 950.0 577.0
1 357.0 578.0
1 546.0 578.0
1 608.0 578.0
1 830.0 578.0
1 960.0 578.0
1 174.0 579.0
1 529.0 579.0
1 694.0 579.0
1 896.0 579.0
1 979.0 579.0
1 987.0 579.0
1 971.0 580.0
1 407.0 581.0
1 597.0 581.0
1 923.0 581.0
1 627.0 582.0
1 851.0 582.0
1 167.0 583.0
1 402.0 583.0
1 618.0 583.0
1 667.0 584.0
1 875.0 584.0
1 963.0 584.0
1 214.0 585.0
1 397.0 585.0
1 143.0 587.0
1 162.0 587.0
1 381.0 587.0
1 387.0 587.0
1 552.0 587.0
1 699.0 587.0
1 892.0 587.0
1 573.0 588.0
1 590.0 588.0
1 694.0 588.0
1 989.0 588.0
1 131.0 589.0
1 661.0 590.0
1 975.0 590.0
1 117.0 591.0
1 607.0 591.0
1 625.0 591.0
1 942.0 591.0
1 200.0 592.0
1 620.0 592.0
1 639.0 592.0
1 855.0 592.0
1 194.0 593.0
1 524.0 593.0
1 875.0 593.0
1 598.0 594.0
1 951.0 594.0
1 644.0 595.0
1 660.0 595.0
1 890.0 595.0
1 984.0 595.0
1 563.0 596.0
1 839.0 596.0
1 146.0 598.0
1 865.0 598.0
1 210.0 599.0
1 625.0 599.0
1 694.0 599.0
1 134.0 600.0
1 177.0 600.0
1 612.0 600.0
1 648.0 600.0
1 879.0 602.0
1 935.0 602.0
1 164.0 604.0
1 562.0 604.0
1 591.0 604.0
1 886.0 604.0
1 600.0 605.0
1 214.0 607.0
1 650.0 607.0
1 146.0 609.0
1 563.0 609.0
1 599.0 610.0
1 613.0 612.0
1 650.0 612.0
1 179.0 613.0
1 128.0 614.0
1 568.0 614.0
1 580.0 614.0
1 205.0 615.0
1 628.0 615.0
1 585.0 617.0
1 616.0 617.0
1 188.0 618.0
1 215.0 620.0
1 841.0 620.0
1 622.0 621.0
1 169.0 622.0
1 638.0 622.0
1 179.0 624.0
1 660.0 624.0
1 159.0 629.0
1 190.0 630.0
1 573.0 630.0
1 136.0 631.0
1 210.0 632.0
1 172.0 633.0
1 145.0 634.0
1 192.0 635.0
1 634.0 635.0
1 841.0 635.0
1 557.0 636.0
1 201.0 637.0
1 659.0 640.0
1 575.0 641.0
1 585.0 641.0
1 590.0 641.0
1 599.0 641.0
1 614.0 642.0
1 619.0 642.0
1 144.0 645.0
1 157.0 645.0
1 181.0 646.0
1 595.0 646.0
1 571.0 648.0
1 168.0 649.0
1 589.0 649.0
1 558.0 652.0
1 143.0 653.0
1 149.0 654.0
1 158.0 654.0
1 144.0 658.0
1 608.0 658.0
1 596.0 663.0
1 591.0 664.0
1 145.0 665.0
1 238.0 665.0
1 581.0 665.0
1 586.0 665.0
1 201.0 680.0
1 162.0 697.0
1 824.0 831.0
