0 2 11 383.9419716609298
0 3 12 319.495486615431
0 5 14 254.35404954723379
0 7 15 253.01593616425419
0 9 17 125.42504128013383
0 11 19 132.05030707971636
0 13 20 153.4448740130179
0 17 24 335.08076926380045
0 19 25 359.51864080260106
0 16 26 140.38253140659947
0 21 28 304.8998983649801
0 22 29 270.8292398185692
0 26 34 128.52260354623442
0 28 35 200.4706105587994
0 27 36 253.08326327636706
0 33 38 117.16303595358148
0 32 41 248.74501917752406
0 35 42 215.6830973838364
0 34 44 175.04571193608166
0 39 46 137.39121220203657
0 41 47 136.30746317016025
0 44 48 177.38994104030562
0 40 49 185.46469434204548
0 51 51 389.9040846441424
0 37 53 155.2855409521583
0 43 58 143.68400989785695
0 47 62 152.61934803076545
0 52 63 111.2464045302703
0 49 64 119.19044465413194
0 53 66 216.66979951553736
0 63 67 225.38195011649802
0 54 69 114.51647802440903
0 113 71 243.8985053940243
0 58 72 106.60609994830207
0 119 74 292.1444760077457
0 61 75 127.70486178031545
0 112 76 194.74179545978993
0 66 77 172.44810768468088
0 69 78 104.8378315163947
0 73 79 161.43737360353464
0 65 80 109.06546847231391
0 82 81 165.58326514309388
0 70 82 144.47367120292827
0 78 84 110.22256630333828
0 71 85 111.39954525773189
0 79 88 105.05041346827018
0 83 89 105.83698236070902
0 96 91 206.84014780059024
0 84 93 140.65766610042144
0 77 95 257.62829922211904
0 85 96 283.29902251528705
0 93 100 110.37751756612846
0 90 101 114.13013879180889
0 147 102 296.5227032158257
0 88 104 196.27826019000034
0 104 107 148.15555028653606
0 95 108 255.88222217968672
0 101 111 112.22546103856013
0 98 112 113.76551058201596
0 91 113 191.98743978655875
0 76 114 283.03138449859244
0 103 115 193.086872321813
0 156 116 193.9343722604247
0 94 117 127.88548340463865
0 164 118 130.4170618176843
0 110 119 168.28620704804896
0 120 120 144.04732130123963
0 123 123 108.0339396193548
0 121 124 117.78469891362442
0 108 125 284.74025232885487
0 173 126 131.21762080496364
0 124 127 106.6630046830159
0 102 128 111.08796137046495
0 105 129 120.15282136347956
0 133 130 310.62277518630503
0 128 133 185.43304419178287
0 125 134 105.4645285874215
0 138 135 365.0918217938754
0 127 137 279.0020910336331
0 135 139 110.79605381725035
0 126 140 287.4994773427213
0 131 141 238.6155894317283
0 117 142 110.96757158827559
0 189 144 151.04619548458987
0 145 145 115.17297382235829
0 152 146 134.8443767878083
0 129 147 159.78377039890665
0 150 148 105.83798385936328
0 149 149 149.78378631252548
0 134 151 185.42029698916105
0 201 152 111.07572311337728
0 163 153 130.35233291698614
0 137 154 118.01440661823193
0 179 155 111.78596857293593
0 165 156 128.35142116174558
0 158 157 324.7732477167972
0 178 160 212.07990418667544
0 157 161 438.4679093030993
0 174 164 295.00352023272217
0 211 165 105.50844201311314
0 144 166 106.06244954006586
0 170 167 463.3322291234953
0 154 168 182.25278136411362
0 172 169 104.93596749222279
0 202 171 232.64125404182457
0 177 173 105.69843101875418
0 196 174 134.3974657948554
0 161 176 118.53982185835716
0 193 177 139.32288636897943
0 181 178 105.85237414916027
0 200 179 110.78913243723643
0 169 180 118.52236159741247
0 188 181 112.52409139491859
0 206 182 270.2832637496201
0 167 184 413.3569209260263
0 187 186 106.20430376052843
0 197 187 185.40871945746463
0 168 188 108.02400642791545
0 231 189 172.7221345656635
0 212 191 185.85769335370944
0 217 193 185.34393246439961
0 220 195 149.59072390742313
0 175 196 222.503726859602
0 176 197 118.75440359612328
0 225 198 119.86823451946367
0 216 202 321.49104619585006
0 207 203 104.41625857905099
0 244 204 235.51313182529384
0 185 206 164.95494399794234
0 208 209 117.97750193714216
0 224 210 179.00585119776707
0 223 211 196.02010813038925
0 191 216 189.4333951521618
0 228 217 236.5817153187403
0 233 220 200.4007485576934
0 236 221 181.8757515273377
0 235 223 266.8334095557003
0 245 224 128.8582653367741
0 203 225 163.40235615041198
0 219 226 172.97946461085948
0 269 228 463.24072572709696
0 204 229 119.68826235454893
0 240 230 176.22446697695582
0 234 231 104.14496852568142
0 241 232 324.23321725288116
0 218 233 113.78064822056328
0 221 234 123.95008932462663
0 254 235 152.75725248444724
0 230 236 104.27684963785129
0 249 237 290.284848180747
0 238 238 167.84597866141527
0 251 239 124.31221265628298
0 248 240 457.2948727593467
0 271 241 189.886234970127
0 247 243 117.96743122668869
0 265 244 105.9427116021657
0 255 245 263.91945628604174
0 264 248 140.41406593207938
0 263 250 104.52087294270595
0 268 251 226.7572395442396
0 260 252 136.80037684239247
0 281 253 156.46778499698718
0 276 254 148.66118490220094
0 267 257 200.16161138939145
0 257 258 106.52784339865732
0 239 259 111.00201967218668
0 286 260 157.67325132211883
0 243 261 107.87678118656245
0 296 264 184.37536437485667
0 246 265 206.53601690872608
0 275 266 104.74219374165803
0 294 267 133.0448049991277
0 301 268 186.3547265479256
0 302 270 182.88046375193895
0 261 272 222.09648198644922
0 262 273 197.96024633739322
0 285 275 157.28307739499004
0 297 276 304.642676826255
0 258 277 108.41287838205118
0 259 278 157.14102000321267
0 293 282 106.07191123987407
0 323 283 108.37359152318456
0 329 284 231.5831639537171
0 313 285 195.50241854947626
0 332 286 155.58652964619242
0 314 287 162.50304743774532
0 322 289 145.17659839090294
0 274 290 144.3716767706321
0 279 291 125.69668911077012
0 292 292 120.31644315983615
0 284 293 164.21604512129386
0 277 294 114.12084614174883
0 278 295 106.54344356651823
0 338 296 230.39031134493916
0 308 297 127.62779446081052
0 333 298 110.94651094016253
0 348 299 145.98665853832142
0 351 301 247.53672262618372
0 288 302 119.42796046121933
0 289 303 111.9210642777672
0 316 304 114.86216649014575
0 363 305 137.97071920248572
0 349 307 127.53344507664299
0 321 308 108.25867482686225
0 299 310 115.99611217178128
0 346 311 227.52927772623917
0 298 313 114.4239109544224
0 350 315 167.38696910669168
0 367 316 188.31365869859954
0 304 317 111.64725325805543
0 305 318 106.31060686372287
0 327 319 107.10447106413055
0 312 321 117.26543353507779
0 345 322 168.76376525551183
0 306 324 117.9727152318626
0 371 325 188.1108351769124
0 326 327 196.72246788600117
0 387 328 156.80942493171398
0 355 330 161.61605886343864
0 381 332 133.3952131159272
0 379 333 109.07416167343106
0 382 336 105.90856377476317
0 324 337 148.31338461337177
0 362 338 116.64611115688272
0 325 341 154.56982565352519
0 337 342 340.0654906988411
0 391 343 175.01165720980953
0 347 346 116.94586257668354
0 339 347 184.33150721835833
0 335 351 108.17316846072859
0 336 352 137.56204848300786
0 358 353 130.79439910620948
0 364 354 196.12808377251258
0 365 355 141.9907443572376
0 392 356 125.61597794901556
0 403 357 107.89946808568793
0 398 358 210.00296969440936
0 394 360 120.84092735952612
0 366 361 221.06294105455032
0 354 362 134.84945996207352
0 386 364 149.79128861080346
0 406 365 110.19077858828364
0 405 366 185.9180601384045
0 352 367 111.77600369255138
0 353 368 170.70792663916978
0 410 369 195.41786702228214
0 414 370 104.61994924653966
0 356 371 162.0135973015914
0 411 373 111.26301157645662
0 434 374 239.73326605970362
0 361 376 160.0960048368849
0 375 377 117.36483280850842
0 383 378 146.73395858669477
0 424 380 122.5028670281612
0 413 381 107.74538507674023
0 407 382 164.48344510194272
0 368 384 203.92802844477978
0 370 385 132.3954267545167
0 369 386 157.0752417890225
0 425 387 165.42210737380478
0 311 388 385.4942785499793
0 435 389 128.99720095747492
0 380 390 129.66730797455656
0 377 391 241.67574481576764
0 402 392 166.74575649588954
0 430 395 137.41381953899923
0 442 396 145.77344559345764
0 389 397 122.7671387546434
0 438 398 104.6235962490395
0 393 400 175.75872431210416
0 397 407 181.63906767102242
0 447 409 106.8824410852929
0 421 410 104.04604088112721
0 443 411 199.12758623963842
0 454 412 112.081445291571
0 416 415 113.99814202475815
0 404 416 195.60982446060208
0 444 417 109.77588916213095
0 456 418 193.31663328962438
0 453 419 104.5793014065445
0 455 420 120.47379766335399
0 423 422 129.89968578106473
0 459 424 107.29298993197085
0 437 426 109.1152000908447
0 401 428 171.1238952874369
0 462 429 143.10276090861962
0 422 430 326.5061402778974
0 490 431 221.31226710042978
0 465 432 205.2071327549642
0 484 434 138.5927118536258
0 388 436 110.88732711710475
0 428 438 157.1601267494108
0 478 439 115.28654318881209
0 473 440 167.85031110485042
0 408 442 176.75331404246282
0 477 443 135.92446077320957
0 494 445 188.6367630406681
0 451 447 112.42004740517541
0 497 448 122.60157230820047
0 439 449 375.01791857117263
0 469 450 231.43744085933545
0 496 451 121.30098749459822
0 513 452 127.82225887373102
0 396 453 182.2997154761523
0 427 454 133.75227010005182
0 468 455 325.26919619972904
0 481 456 232.7899510185834
0 449 457 441.1800817002294
0 466 458 377.7282136738465
0 509 459 150.653088038746
0 512 461 117.93334957119053
0 507 462 176.88915064673836
0 498 463 109.59963364914327
0 503 464 105.3395349561453
0 472 466 398.7615425030194
0 420 469 233.62932219821792
0 517 470 110.76673533627277
0 415 471 181.829291620538
0 508 472 111.88158163589212
0 464 473 109.01643386799454
0 533 474 200.57933768902626
0 534 475 208.29717790568617
0 446 477 349.1726326022558
0 536 478 173.97907217471973
0 480 482 103.96059549438831
0 531 484 104.64853838244647
0 521 487 108.67285958613513
0 486 488 288.2126544632961
0 516 489 114.13906799306753
0 493 490 116.8668604972319
0 540 492 189.43910622296684
0 558 493 140.90026695709145
0 539 494 105.92725340488249
0 463 496 229.7522529693525
0 532 497 105.36661955364997
0 457 498 169.60237312890868
0 501 499 106.41970154278988
0 555 500 146.3688993169074
0 491 501 103.99455568205435
0 520 502 119.22419780174643
0 492 504 126.44125689597907
0 506 505 148.01164351505705
0 559 506 105.25769766604083
0 550 507 104.04935759636116
0 448 508 147.19184095519668
0 461 509 237.06460234574644
0 487 513 121.89937665514219
0 514 514 125.15967220330258
0 562 515 110.44627105287049
0 567 516 104.88184081545849
0 573 517 104.81704235567351
0 522 519 114.21779078663641
0 519 521 109.02927824417876
0 529 523 161.8355466425127
0 544 524 335.2821293748289
0 565 525 104.14094109622867
0 566 526 105.52464104189603
0 593 527 122.82720469321706
0 537 529 126.81779789326579
0 511 532 255.35809794531997
0 581 534 104.01007391272219
0 584 535 108.28072596267569
0 499 538 214.35851354372022
0 526 539 113.4947566936319
0 460 541 107.72365517316658
0 543 542 121.3530521125698
0 583 543 106.58572092460349
0 545 544 109.62262845372663
0 554 545 126.13407751255403
0 530 546 138.4568331697929
0 611 547 127.24107926531035
0 485 548 153.2384576903534
0 505 549 159.39171046470014
0 606 551 107.066372574565
0 479 553 104.3226984042694
0 541 554 141.07043307064765
0 600 555 105.28304219331304
0 553 556 106.94748759190531
0 560 557 112.27962721528894
0 571 558 155.5283032003636
0 572 560 188.75391282149883
0 605 561 119.25928405970238
0 609 562 104.6017441338486
0 576 564 208.39632478429172
0 620 565 149.55149391791343
0 483 568 108.38868663313426
0 561 570 104.3961494451743
0 564 571 105.74309932267177
0 624 572 203.16310110549117
0 592 574 225.57440599078754
0 504 576 133.05191646379095
0 547 577 233.1703279185664
0 577 578 109.58734888251345
0 599 580 138.1229727316638
0 630 581 129.95316417202457
0 621 582 104.97890312255811
0 500 583 118.35247462618254
0 510 584 132.9799295390617
0 563 585 111.57375424323284
0 570 588 146.92699537943886
0 588 590 122.98057925841255
0 608 592 255.59369276562006
0 586 593 127.91689968865595
0 596 594 194.44876045002306
0 589 595 172.82207281425434
0 590 596 161.89992036830526
0 591 597 143.8296815135588
0 614 600 174.1750436132764
0 527 601 156.7907257194786
0 598 602 176.27295868728612
0 594 603 119.00768854818449
0 604 604 149.51099208449432
0 587 605 114.46608335223225
0 542 609 152.4113514607573
0 602 611 123.01048842094457
0 603 612 165.76471613466597
0 607 613 122.34800423344751
0 613 614 131.0959864687742
0 617 620 110.23707993310823
0 618 621 152.81450787339358
0 546 622 110.58950957608317
0 622 623 124.89620467676181
0 575 624 104.15996907711185
0 569 627 203.60299977130302
0 629 628 110.36420112167843
0 556 629 189.27061412147955
0 628 630 121.18991841727151
0 638 631 146.51478416179594
0 627 632 159.7517742483303
0 637 634 136.35758208129855
0 633 638 120.34450924934312
0 634 639 116.07601293127007
0 574 641 158.48265181884298
0 578 642 210.15863471925763
0 585 645 113.83875951886932
0 597 649 119.87108647590475
0 601 650 108.39261513183291
0 646 651 105.44828835879588
0 649 654 115.89377284670871
0 616 656 106.78788445084797
0 652 657 107.2769225673543
0 610 658 115.63890412922828
0 612 660 130.8782490670647
0 648 661 210.73022162437033
0 662 662 135.6928723539341
0 651 667 244.21108404482408
0 625 670 128.43003366986872
0 663 672 188.8368332098224
0 632 673 130.45978687358317
0 665 674 123.82485072311911
0 631 675 143.48751507061348
0 671 678 168.5075776210114
0 645 679 163.55468970486348
0 669 680 138.31600922270735
0 670 681 196.30699083522475
0 639 682 121.9604225822986
0 644 683 119.13850132270652
0 654 685 168.01926593440976
0 647 687 167.97520843195255
0 660 688 129.6229270700597
0 658 689 173.88900122955158
0 656 690 116.84608093247223
0 659 691 132.99007006521398
0 657 693 266.9774812955458
0 653 694 149.65756360409165
0 672 695 105.02066427265785
0 664 697 180.92850272564735
0 666 698 302.3405274266831
0 667 699 120.2831208970681
0 676 701 108.15450068294332
0 674 702 181.25742219978875
0 678 704 106.51276171776074

584.0 98.0
589.0 98.0
577.0 106.0
585.0 109.0
577.0 116.0
576.0 123.0
592.0 123.0
559.0 129.0
514.0 132.0
571.0 132.0
628.0 134.0
532.0 135.0
513.0 141.0
523.0 141.0
507.0 148.0
543.0 152.0
515.0 154.0
631.0 154.0
525.0 155.0
523.0 160.0
535.0 160.0
616.0 163.0
506.0 164.0
317.0 165.0
601.0 166.0
574.0 167.0
629.0 169.0
534.0 170.0
589.0 170.0
553.0 172.0
558.0 172.0
577.0 173.0
427.0 174.0
601.0 174.0
434.0 175.0
621.0 175.0
408.0 176.0
630.0 176.0
311.0 177.0
561.0 177.0
588.0 177.0
292.0 178.0
515.0 178.0
530.0 179.0
544.0 179.0
302.0 181.0
319.0 183.0
289.0 184.0
607.0 184.0
193.0 185.0
198.0 185.0
526.0 186.0
333.0 188.0
371.0 188.0
601.0 188.0
509.0 189.0
209.0 190.0
544.0 190.0
563.0 190.0
616.0 190.0
172.0 191.0
323.0 191.0
379.0 191.0
593.0 191.0
399.0 192.0
308.0 193.0
287.0 194.0
337.0 194.0
628.0 196.0
162.0 197.0
401.0 197.0
553.0 197.0
183.0 198.0
207.0 198.0
346.0 198.0
523.0 198.0
583.0 198.0
288.0 199.0
603.0 199.0
329.0 200.0
597.0 201.0
616.0 201.0
176.0 202.0
448.0 203.0
303.0 204.0
549.0 204.0
157.0 205.0
328.0 205.0
290.0 206.0
200.0 207.0
407.0 207.0
343.0 208.0
214.0 209.0
529.0 209.0
561.0 209.0
590.0 209.0
511.0 210.0
583.0 210.0
350.0 212.0
395.0 212.0
184.0 213.0
597.0 213.0
155.0 214.0
322.0 214.0
542.0 215.0
301.0 216.0
514.0 216.0
210.0 217.0
553.0 217.0
332.0 218.0
525.0 218.0
222.0 219.0
348.0 219.0
590.0 219.0
152.0 221.0
323.0 221.0
575.0 221.0
182.0 222.0
358.0 223.0
580.0 223.0
559.0 224.0
505.0 225.0
157.0 226.0
196.0 226.0
544.0 227.0
239.0 229.0
333.0 229.0
518.0 229.0
224.0 230.0
294.0 231.0
356.0 231.0
582.0 231.0
161.0 234.0
267.0 234.0
557.0 234.0
565.0 234.0
526.0 235.0
541.0 236.0
197.0 237.0
248.0 237.0
600.0 238.0
211.0 239.0
266.0 239.0
337.0 239.0
591.0 239.0
168.0 242.0
198.0 242.0
521.0 242.0
234.0 243.0
359.0 243.0
257.0 244.0
284.0 244.0
499.0 244.0
562.0 244.0
302.0 245.0
510.0 245.0
567.0 245.0
583.0 245.0
337.0 248.0
603.0 248.0
353.0 249.0
524.0 249.0
529.0 249.0
302.0 250.0
318.0 250.0
164.0 251.0
561.0 251.0
218.0 252.0
587.0 253.0
288.0 254.0
333.0 255.0
516.0 255.0
502.0 256.0
560.0 256.0
251.0 257.0
279.0 257.0
352.0 257.0
597.0 257.0
168.0 258.0
192.0 258.0
313.0 261.0
584.0 261.0
496.0 262.0
523.0 263.0
528.0 263.0
540.0 263.0
563.0 263.0
192.0 264.0
289.0 264.0
300.0 264.0
256.0 265.0
163.0 266.0
232.0 266.0
507.0 266.0
343.0 267.0
574.0 267.0
517.0 268.0
601.0 269.0
193.0 270.0
278.0 270.0
317.0 270.0
482.0 270.0
528.0 270.0
327.0 271.0
224.0 272.0
503.0 272.0
170.0 273.0
557.0 273.0
589.0 273.0
236.0 274.0
266.0 274.0
310.0 274.0
194.0 275.0
317.0 275.0
219.0 276.0
498.0 276.0
299.0 277.0
490.0 277.0
583.0 277.0
511.0 279.0
519.0 279.0
573.0 280.0
167.0 281.0
341.0 281.0
254.0 283.0
300.0 283.0
555.0 283.0
198.0 284.0
292.0 284.0
238.0 285.0
268.0 285.0
308.0 285.0
315.0 285.0
327.0 285.0
478.0 285.0
591.0 285.0
601.0 285.0
564.0 286.0
332.0 287.0
275.0 289.0
354.0 289.0
491.0 289.0
603.0 290.0
226.0 291.0
247.0 291.0
510.0 291.0
580.0 291.0
258.0 292.0
550.0 292.0
612.0 292.0
179.0 293.0
286.0 293.0
296.0 294.0
485.0 294.0
500.0 294.0
539.0 294.0
189.0 295.0
236.0 295.0
266.0 295.0
593.0 295.0
133.0 296.0
561.0 296.0
206.0 297.0
272.0 297.0
277.0 297.0
568.0 298.0
602.0 299.0
237.0 300.0
523.0 300.0
253.0 301.0
215.0 304.0
577.0 305.0
311.0 306.0
548.0 306.0
591.0 306.0
291.0 307.0
237.0 308.0
367.0 309.0
474.0 309.0
506.0 309.0
604.0 309.0
211.0 310.0
556.0 311.0
287.0 312.0
189.0 314.0
588.0 314.0
196.0 315.0
613.0 317.0
376.0 318.0
570.0 318.0
141.0 320.0
221.0 320.0
496.0 320.0
527.0 320.0
172.0 321.0
486.0 321.0
473.0 324.0
221.0 325.0
593.0 325.0
186.0 326.0
441.0 326.0
545.0 326.0
609.0 326.0
133.0 327.0
165.0 327.0
418.0 327.0
535.0 327.0
205.0 328.0
400.0 328.0
572.0 328.0
599.0 328.0
476.0 329.0
506.0 329.0
515.0 329.0
379.0 330.0
148.0 331.0
559.0 331.0
133.0 332.0
493.0 332.0
215.0 333.0
568.0 333.0
576.0 333.0
203.0 334.0
609.0 334.0
250.0 335.0
590.0 335.0
540.0 336.0
351.0 337.0
528.0 337.0
422.0 338.0
575.0 338.0
468.0 339.0
516.0 339.0
201.0 340.0
499.0 340.0
188.0 341.0
282.0 341.0
605.0 341.0
230.0 342.0
349.0 342.0
400.0 342.0
413.0 342.0
594.0 342.0
550.0 343.0
161.0 344.0
176.0 344.0
214.0 345.0
421.0 346.0
494.0 346.0
567.0 346.0
582.0 346.0
276.0 347.0
266.0 348.0
290.0 348.0
351.0 348.0
527.0 348.0
541.0 348.0
601.0 348.0
311.0 349.0
184.0 351.0
557.0 351.0
590.0 351.0
174.0 352.0
256.0 353.0
131.0 354.0
285.0 354.0
541.0 354.0
277.0 355.0
309.0 355.0
403.0 355.0
595.0 355.0
164.0 356.0
213.0 356.0
583.0 356.0
155.0 358.0
245.0 358.0
549.0 358.0
270.0 359.0
301.0 360.0
312.0 360.0
334.0 360.0
521.0 360.0
562.0 360.0
464.0 361.0
590.0 362.0
134.0 363.0
422.0 364.0
440.0 364.0
585.0 364.0
465.0 366.0
141.0 368.0
174.0 368.0
250.0 368.0
460.0 368.0
519.0 368.0
562.0 368.0
135.0 369.0
150.0 369.0
185.0 369.0
193.0 371.0
271.0 372.0
467.0 372.0
230.0 373.0
447.0 373.0
389.0 374.0
415.0 374.0
420.0 374.0
432.0 376.0
126.0 377.0
267.0 377.0
406.0 377.0
452.0 377.0
188.0 378.0
150.0 379.0
251.0 379.0
257.0 379.0
364.0 379.0
424.0 379.0
400.0 383.0
456.0 383.0
134.0 384.0
422.0 384.0
165.0 385.0
144.0 388.0
401.0 388.0
125.0 389.0
431.0 389.0
449.0 389.0
454.0 389.0
444.0 391.0
410.0 393.0
415.0 393.0
123.0 394.0
133.0 394.0
154.0 395.0
144.0 398.0
167.0 398.0
402.0 399.0
453.0 400.0
157.0 404.0
421.0 404.0
137.0 405.0
125.0 407.0
384.0 407.0
393.0 408.0
408.0 411.0
145.0 412.0
387.0 412.0
162.0 413.0
418.0 415.0
137.0 417.0
411.0 419.0
161.0 420.0
400.0 420.0
405.0 420.0
126.0 421.0
149.0 422.0
168.0 427.0
134.0 428.0
157.0 431.0
132.0 433.0
146.0 433.0
152.0 433.0
112.0 437.0
125.0 437.0
194.0 437.0
134.0 441.0
108.0 442.0
143.0 442.0
182.0 448.0
127.0 451.0
160.0 463.0

496.0 50.0
502.0 50.0
490.0 58.0
490.0 63.0
491.0 69.0
488.0 76.0
500.0 77.0
471.0 86.0
440.0 90.0
480.0 85.0
558.0 90.0
452.0 92.0
425.0 95.0
441.0 100.0
415.0 100.0
448.0 106.0
422.0 106.0
548.0 108.0
433.0 108.0
427.0 113.0
440.0 115.0
536.0 117.0
417.0 115.0
247.0 121.0
503.0 111.0
471.0 117.0
525.0 118.0
435.0 121.0
482.0 120.0
452.0 122.0
457.0 126.0
471.0 122.0
399.0 145.0
494.0 123.0
404.0 147.0
516.0 125.0
379.0 145.0
525.0 127.0
228.0 129.0
457.0 131.0
482.0 127.0
215.0 134.0
419.0 129.0
432.0 132.0
443.0 130.0
220.0 133.0
236.0 135.0
211.0 141.0
501.0 135.0
115.0 132.0
124.0 136.0
432.0 140.0
250.0 139.0
338.0 157.0
494.0 137.0
420.0 143.0
129.0 141.0
444.0 142.0
460.0 141.0
510.0 139.0
102.0 132.0
238.0 143.0
348.0 160.0
489.0 140.0
369.0 162.0
223.0 145.0
210.0 148.0
255.0 149.0
529.0 148.0
79.0 145.0
370.0 167.0
452.0 149.0
95.0 143.0
120.0 144.0
268.0 152.0
429.0 150.0
481.0 149.0
218.0 154.0
501.0 149.0
245.0 153.0
496.0 149.0
511.0 151.0
89.0 147.0
416.0 173.0
224.0 157.0
446.0 158.0
75.0 151.0
245.0 158.0
210.0 158.0
107.0 153.0
378.0 178.0
266.0 162.0
125.0 154.0
452.0 169.0
462.0 162.0
483.0 160.0
436.0 169.0
469.0 160.0
269.0 168.0
365.0 182.0
95.0 157.0
503.0 164.0
74.0 159.0
240.0 166.0
464.0 178.0
223.0 169.0
435.0 176.0
119.0 161.0
470.0 175.0
254.0 170.0
449.0 177.0
132.0 164.0
268.0 173.0
520.0 179.0
74.0 164.0
241.0 173.0
494.0 176.0
93.0 164.0
315.0 189.0
501.0 182.0
475.0 183.0
433.0 185.0
75.0 169.0
106.0 169.0
464.0 187.0
157.0 183.0
250.0 181.0
440.0 195.0
139.0 173.0
214.0 182.0
274.0 187.0
495.0 186.0
78.0 175.0
204.0 188.0
469.0 190.0
474.0 191.0
453.0 191.0
465.0 195.0
108.0 179.0
172.0 185.0
543.0 204.0
131.0 179.0
196.0 194.0
254.0 191.0
505.0 194.0
86.0 185.0
112.0 186.0
445.0 199.0
150.0 189.0
278.0 197.0
182.0 193.0
206.0 198.0
418.0 196.0
473.0 205.0
220.0 196.0
425.0 203.0
478.0 199.0
493.0 202.0
256.0 202.0
517.0 204.0
270.0 201.0
440.0 208.0
454.0 207.0
215.0 204.0
229.0 200.0
82.0 194.0
473.0 210.0
131.0 195.0
499.0 213.0
191.0 196.0
249.0 207.0
435.0 213.0
423.0 215.0
472.0 215.0
170.0 202.0
182.0 202.0
271.0 209.0
518.0 213.0
87.0 201.0
109.0 201.0
223.0 213.0
498.0 221.0
422.0 224.0
438.0 219.0
447.0 225.0
461.0 219.0
474.0 221.0
108.0 207.0
191.0 208.0
215.0 213.0
156.0 209.0
81.0 208.0
142.0 208.0
431.0 227.0
264.0 217.0
485.0 225.0
438.0 230.0
517.0 230.0
108.0 212.0
175.0 212.0
227.0 220.0
414.0 234.0
456.0 230.0
241.0 221.0
131.0 214.0
422.0 229.0
88.0 214.0
468.0 230.0
500.0 235.0
144.0 216.0
164.0 216.0
218.0 223.0
110.0 219.0
228.0 229.0
126.0 217.0
423.0 237.0
208.0 223.0
418.0 241.0
489.0 232.0
431.0 240.0
446.0 239.0
489.0 240.0
86.0 223.0
264.0 234.0
153.0 223.0
202.0 227.0
466.0 243.0
113.0 230.0
192.0 228.0
140.0 226.0
165.0 226.0
217.0 233.0
237.0 235.0
242.0 235.0
405.0 244.0
510.0 247.0
515.0 246.0
476.0 245.0
247.0 235.0
174.0 232.0
281.0 241.0
415.0 250.0
520.0 249.0
130.0 231.0
141.0 232.0
434.0 251.0
499.0 252.0
156.0 233.0
465.0 251.0
542.0 258.0
97.0 234.0
189.0 238.0
214.0 241.0
407.0 256.0
420.0 252.0
453.0 250.0
107.0 236.0
138.0 237.0
164.0 236.0
513.0 256.0
13.0 219.0
476.0 259.0
119.0 240.0
177.0 239.0
197.0 247.0
487.0 257.0
520.0 261.0
139.0 242.0
442.0 260.0
157.0 245.0
131.0 246.0
492.0 266.0
228.0 255.0
467.0 263.0
510.0 268.0
211.0 253.0
144.0 249.0
295.0 264.0
403.0 269.0
422.0 268.0
530.0 268.0
128.0 256.0
470.0 271.0
207.0 260.0
86.0 247.0
511.0 273.0
96.0 256.0
539.0 283.0
306.0 274.0
488.0 281.0
18.0 242.0
138.0 257.0
412.0 279.0
440.0 277.0
73.0 251.0
407.0 279.0
404.0 284.0
136.0 268.0
509.0 285.0
95.0 261.0
339.0 276.0
455.0 285.0
532.0 290.0
13.0 246.0
58.0 257.0
314.0 275.0
447.0 280.0
118.0 267.0
289.0 275.0
485.0 289.0
514.0 290.0
404.0 289.0
421.0 286.0
429.0 288.0
278.0 277.0
31.0 255.0
471.0 292.0
16.0 253.0
411.0 289.0
130.0 274.0
480.0 297.0
490.0 297.0
94.0 266.0
531.0 297.0
164.0 280.0
505.0 296.0
453.0 293.0
272.0 282.0
444.0 292.0
306.0 284.0
485.0 298.0
399.0 304.0
430.0 298.0
100.0 274.0
417.0 297.0
77.0 270.0
201.0 288.0
521.0 303.0
144.0 284.0
266.0 293.0
284.0 284.0
296.0 289.0
510.0 305.0
461.0 302.0
44.0 267.0
63.0 273.0
131.0 283.0
308.0 291.0
413.0 306.0
479.0 307.0
494.0 308.0
197.0 294.0
180.0 293.0
212.0 296.0
276.0 300.0
440.0 307.0
453.0 307.0
527.0 316.0
226.0 298.0
102.0 290.0
467.0 311.0
505.0 314.0
91.0 287.0
169.0 295.0
13.0 272.0
203.0 300.0
453.0 314.0
196.0 301.0
226.0 303.0
287.0 296.0
519.0 322.0
48.0 282.0
128.0 289.0
500.0 320.0
38.0 280.0
157.0 299.0
460.0 318.0
186.0 303.0
215.0 306.0
229.0 308.0
257.0 308.0
436.0 320.0
474.0 321.0
344.0 309.0
512.0 326.0
15.0 281.0
302.0 306.0
321.0 307.0
504.0 329.0
361.0 316.0
28.0 289.0
94.0 302.0
162.0 310.0
343.0 318.0
444.0 332.0
473.0 328.0
18.0 288.0
33.0 290.0
104.0 307.0
120.0 308.0
183.0 316.0
362.0 321.0
149.0 315.0
327.0 317.0
275.0 316.0
293.0 316.0
298.0 316.0
311.0 323.0
8.0 296.0
178.0 318.0
288.0 317.0
333.0 320.0
103.0 316.0
35.0 300.0
166.0 320.0
172.0 320.0
258.0 321.0
306.0 323.0
282.0 325.0
335.0 325.0
17.0 302.0
306.0 329.0
53.0 309.0
29.0 308.0
285.0 332.0
8.0 304.0
313.0 331.0
330.0 336.0
336.0 330.0
324.0 336.0
290.0 335.0
298.0 335.0
8.0 309.0
16.0 311.0
41.0 315.0
30.0 318.0
57.0 320.0
289.0 343.0
341.0 347.0
45.0 325.0
316.0 349.0
23.0 322.0
10.0 323.0
278.0 346.0
289.0 354.0
298.0 348.0
33.0 330.0
279.0 357.0
58.0 335.0
311.0 359.0
24.0 333.0
305.0 363.0
58.0 343.0
292.0 363.0
300.0 363.0
12.0 337.0
45.0 342.0
64.0 350.0
27.0 344.0
54.0 353.0
30.0 353.0
44.0 352.0
49.0 353.0
8.0 353.0
19.0 350.0
88.0 364.0
28.0 358.0
10.0 360.0
37.0 360.0
74.0 371.0
20.0 366.0
50.0 382.0
