0 2 6 344.5935888589482
0 1 13 169.323655725043
0 8 20 256.5756862148967
0 11 22 188.24418581819305
0 22 25 248.9320297595842
0 14 26 198.70757058161456
0 13 27 138.08760552738383
0 4 28 206.7778304531127
0 18 32 138.50999769744647
0 7 33 321.16468508865177
0 9 34 139.62915068252366
0 16 38 117.94093538885491
0 15 39 107.88912944683243
0 6 40 123.67680350775541
0 3 42 289.71454927838226
0 35 45 115.29874443022557
0 21 46 116.83193096663686
0 24 47 190.35018559953636
0 36 51 115.0805821217686
0 34 52 114.62738517304946
0 20 53 331.00769404920857
0 17 60 122.84823221495067
0 32 61 141.6964555903418
0 33 62 133.8666012595602
0 28 64 217.43475907198788
0 29 66 138.7225485526803
0 30 69 118.11044863792817
0 31 70 114.87482078642603
0 26 71 204.91045954459827
0 39 74 122.27492123874993
0 40 76 131.98194332157703
0 77 78 128.93601376201502
0 19 81 176.9897134822713
0 37 82 188.84042531039182
0 41 83 108.02502887798873
0 72 85 352.94778714137533
0 38 86 248.44015737549165
0 63 87 359.9872760501684
0 90 89 106.18040208545574
0 66 91 145.50545952837305
0 23 94 124.89740410002443
0 73 95 109.810974004974
0 103 99 114.67719301843138
0 64 101 172.52739455418126
0 78 102 106.56838897183505
0 83 103 118.85654630999348
0 25 104 164.0178889330557
0 76 105 180.48043732137216
0 60 106 244.14519649018695
0 65 111 177.78676396331898
0 112 112 123.28988468645736
0 27 114 114.6687123642406
0 117 117 115.03098329963879
0 68 118 134.7719967045269
0 70 119 196.78301389298107
0 102 120 146.9636373702073
0 128 122 109.34301446799901
0 87 124 132.25574054023375
0 118 125 112.23477792356896
0 89 128 174.7636497121963
0 130 130 112.70741807740026
0 61 131 115.99389873172325
0 51 132 141.34985732922053
0 52 133 136.136490146724
0 43 134 176.3579529453985
0 44 135 211.55043973036837
0 53 136 131.53510633610492
0 45 137 210.7837683134651
0 46 138 163.90834850079085
0 47 139 174.85257002975695
0 48 140 194.01466059840442
0 93 142 120.8303792917387
0 88 143 136.56137242371622
0 122 144 103.98503557027097
0 54 145 171.66263615448722
0 50 146 119.62243234328751
0 56 147 166.45287118824905
0 57 148 156.428701430059
0 129 149 106.79532780116425
0 58 150 152.10518867210354
0 59 151 128.9887113842278
0 74 152 118.62531315774439
0 67 153 107.27185363338205
0 62 154 108.39597664021508
0 113 157 212.52289307108535
0 101 158 165.9146459893615
0 120 159 107.1443072887526
0 121 160 222.25103339703688
0 94 161 109.01295585113351
0 82 162 178.5168195962701
0 84 163 127.37038766576747
0 91 165 183.74405703450745
0 119 166 247.86981631763746
0 124 167 113.4556368947003
0 85 168 137.1167266195576
0 123 169 116.49887373835885
0 150 170 113.04909503265559
0 147 171 148.08986221120554
0 104 172 176.30029910872662
0 97 173 198.2960259042641
0 105 174 209.10984008232668
0 106 175 117.47529878547635
0 107 176 125.8372585246951
0 115 177 177.1999785381343
0 116 179 178.62998728407658
0 98 180 142.8394607128429
0 109 181 161.07343786602763
0 100 182 149.86259125225345
0 175 183 127.90901979129683
0 177 184 187.8162480624737
0 108 185 147.0791656544895
0 99 186 149.11797811530528
0 139 187 299.6988937525098
0 140 188 203.86045514113115
0 160 190 200.67940893336623
0 162 192 155.9474304884688
0 126 193 152.97417279941413
0 111 194 130.53470690873488
0 181 196 103.61376851585146
0 127 197 117.38302953043896
0 95 198 127.37141267176261
0 142 199 111.49812890644652
0 144 200 289.1249855348894
0 182 201 105.24500026817462
0 176 202 122.92692891570935
0 133 203 206.0584354891998
0 171 204 120.84783856083365
0 143 205 115.44767274470848
0 202 206 168.79539770086262
0 136 207 138.1017002169001
0 195 208 106.9993115958158
0 197 210 127.60248834198151
0 134 211 121.06614772290042
0 141 212 115.16874402952104
0 137 213 127.40859479401682
0 187 215 182.15912404923324
0 157 216 116.82619547026307
0 190 219 104.61960347953449
0 131 220 107.40990091809091
0 132 221 115.51865016573618
0 207 222 104.42860728128846
0 208 223 117.77284222847189
0 192 224 104.29031932617025
0 138 225 163.67959719161937
0 221 226 265.0294669101298
0 209 227 136.76267347408913
0 210 228 188.5621983122344
0 211 229 204.5189362567897
0 203 230 158.85261730864315
0 152 231 125.03319928911527
0 148 232 145.30639620526279
0 149 233 197.15295850193414
0 218 234 174.96049960658638
0 216 236 169.7517025035752
0 163 238 175.9046912276515
0 219 240 105.34767739524267
0 229 241 114.23129902743621
0 230 242 172.83122373170744
0 232 243 120.95610979821274
0 178 244 227.7769899597896
0 186 245 105.87181225951656
0 159 246 183.96586570851113
0 238 247 119.64392964454152
0 224 248 112.16692994835186
0 156 249 172.4341943386565
0 246 250 211.48338615622896
0 234 251 103.85103680712653
0 155 252 184.91489913025978
0 236 253 106.66950826797259
0 174 254 117.86318351968362
0 158 255 152.30615530634003
0 168 256 106.65018294050037
0 237 257 107.0825546273882
0 164 258 128.3240703623248
0 161 259 190.11181971054697
0 191 260 332.1673078480322
0 184 262 199.84088691667122
0 169 263 152.03187435842415
0 253 264 118.60132962983177
0 194 265 123.85910379638732
0 188 266 106.31105821008371
0 258 267 103.6411444548192
0 254 268 176.83036624294115
0 260 269 104.74758884481574
0 212 270 112.131537817089
0 180 271 248.05591617275806
0 264 272 110.20481330748848
0 248 274 219.38088887148314
0 255 275 132.67375574187966
0 201 276 246.08187100192697
0 269 277 170.64777986811356
0 270 278 108.90909313980217
0 206 279 276.7347990395478
0 265 280 125.32365835493995
0 245 281 137.90454534171067
0 280 282 147.2010360180338
0 288 283 106.44015893556389
0 215 284 107.23652159039614
0 223 285 259.3648048021679
0 231 286 158.10132339008146
0 250 287 215.14589934463868
0 225 289 188.39754660749537
0 242 290 170.62304934458385
0 289 291 104.00139551127896
0 267 294 118.3616759464544
0 193 295 343.4262969410951
0 241 296 160.3957671818061
0 252 297 195.84446668585747
0 256 299 158.6709378110048
0 257 300 201.41211158257795
0 287 303 252.87214641707146
0 312 304 115.13656824699643
0 282 306 331.35827096292536
0 179 308 206.4958268120862
0 317 310 114.42679067914841
0 214 312 332.83827823033175
0 308 314 333.44541449392653
0 198 315 194.51422908280134
0 259 316 223.25191226101228
0 277 317 144.33829011442128
0 204 319 172.87563902728849
0 330 321 130.28187098727568
0 331 322 122.93695438589909
0 332 323 137.67406288350293
0 291 325 105.13509751895769
0 275 327 192.93914163484982
0 261 330 422.4231625005256
0 314 332 426.13678085581597
0 226 333 490.3621419696598
0 222 334 241.346493838889
0 268 335 223.69871875898343
0 300 336 197.20542458979048
0 335 337 106.08941077914483
0 305 339 174.55810638574587
0 333 340 351.55195712617467
0 311 341 128.22192708112811
0 346 342 127.41399400325788
0 228 344 105.57352043545292
0 347 345 108.21991846553007
0 235 346 323.16509330291973
0 276 347 210.91990860548307
0 316 348 114.85898959073428
0 303 349 106.29199721592933
0 299 350 163.3498547230254
0 298 351 152.20393486151
0 309 356 210.9812722420656
0 345 357 276.8665290960664
0 310 359 155.72087478418916
0 336 360 126.61695283852808
0 239 361 436.99181748110163
0 319 362 203.95038928409312
0 351 363 137.6316649328598
0 368 364 112.33961494999589
0 343 365 403.33433502499025
0 318 366 166.0205436521437
0 327 367 179.7321482327084
0 328 368 190.05453363209398
0 322 369 169.0308311813085
0 379 370 163.29876982917654
0 348 371 155.62429844974147
0 352 372 103.84163293368303
0 381 373 127.97754300316564
0 380 374 109.5330740315748
0 383 375 203.54098767972326
0 263 377 210.47344373564792
0 388 378 103.5306540773564
0 273 380 396.2512380477538
0 363 381 246.9142699584319
0 389 382 167.6491390617565
0 362 384 129.46404642897352
0 386 385 152.727090662393
0 377 386 103.99489732983815
0 374 387 187.3779244685815
0 278 389 213.67683530048197
0 365 390 104.19409202200387
0 281 392 165.88262420421464
0 366 393 179.49182759420498
0 296 394 167.03478494187408
0 290 395 104.17357676243222
0 367 396 104.30907119119028
0 297 398 334.7083524189983
0 373 399 116.07689633872293
0 292 401 104.64823811861395
0 307 402 117.88768947811286
0 391 404 132.9477789084
0 320 405 145.53238168739227
0 313 406 104.39480478105499
0 396 407 104.01220827344251
0 325 408 108.80035485955584
0 413 410 113.59736215384379
0 407 411 175.71322027798925
0 350 414 180.74483105741638
0 375 416 250.66965528024716
0 358 417 167.5621878224397
0 353 419 105.99005069666856
0 342 420 242.36551592080556
0 344 421 163.22325836789352
0 356 423 327.3523279920002
0 401 424 211.98374403680992
0 361 425 300.59883383057723
0 384 426 176.8735418425944
0 405 428 138.97275301007116
0 393 429 118.21615062532136
0 394 432 247.75636221493139
0 387 433 134.36773614062741
0 398 434 120.27875750495873
0 404 436 136.68248498055863
0 402 437 213.7362331120516
0 430 439 185.09812159323775
0 403 440 118.73419106482399
0 458 441 255.3578647444171
0 399 443 134.2365211129558
0 427 444 286.70050282591257
0 439 446 221.53484553534204
0 409 447 109.47865288372729
0 466 448 104.5005412444193
0 412 449 181.77986164668744
0 418 451 133.6618018338128
0 420 452 108.76046239553487
0 424 453 236.7440123494202
0 474 454 123.84552645260473
0 436 456 129.16105214283948
0 453 459 124.29597575011326
0 477 460 106.59079971295759
0 447 461 129.15698534217577
0 432 462 296.9064312587816
0 425 463 123.16602121024162
0 437 464 171.95395993791823
0 489 466 109.93880673927939
0 428 467 128.15456140951244
0 442 469 139.76796999571798
0 433 470 275.101517908875
0 494 471 105.25126604783541
0 450 473 359.2807795502335
0 455 477 415.18335966914447
0 441 478 133.30396663383573
0 505 479 153.36995442931516
0 440 480 336.6014505154889
0 444 481 259.50335066994063
0 448 485 329.4280598130922
0 456 486 134.90277508409906
0 510 488 111.38844368904321
0 462 489 106.57494872373425
0 484 490 347.57788341736943
0 459 491 131.4824924502576
0 446 492 179.6748266996118
0 469 494 112.048471743839
0 457 495 170.19448707620955
0 499 496 152.29975386527025
0 454 497 268.8600397748124
0 467 498 146.92587594350735
0 516 500 191.3130161989648
0 502 501 104.27266942676687
0 500 503 321.21458406865486
0 470 505 124.3370505262746
0 468 506 138.12975038743264
0 463 507 221.04396573355393
0 475 509 122.51783357491657
0 476 510 128.41263453225935
0 472 511 147.47117484149712
0 529 512 178.03574252056825
0 495 513 451.67250543971375
0 515 514 116.43022597180199
0 473 516 285.23082836837983
0 490 517 198.6272320265802
0 520 518 104.0937212384071
0 486 520 122.42217513756356
0 481 521 219.6684459315478
0 498 523 215.97631281288696
0 493 526 238.66635351328082
0 485 527 284.9869509353812
0 482 528 271.8334832743223
0 492 529 231.09338948080622
0 506 530 132.60525866307768
0 491 531 326.56654839154857
0 524 533 180.27984978197884
0 511 534 178.2270288002332
0 544 535 247.77194936284127
0 543 537 278.80552721476334
0 514 538 130.7708184587372
0 508 539 309.1719524555423
0 521 540 226.79325668801349
0 512 542 123.87144941979706
0 522 543 169.75908827277993
0 523 544 194.8028020031559
0 527 545 105.88033788879459
0 526 546 204.7739158226122
0 539 547 127.19479461038235
0 528 548 147.2944981994693
0 530 550 179.677809289085
0 558 551 230.72002299331893
0 535 552 105.03789097499039
0 533 553 139.4082078527432
0 532 554 123.51006718869985
0 537 556 156.51338528113973
0 536 557 145.00488500362658
0 540 558 137.5396742375775
0 550 559 108.6351848626262
0 545 560 104.84733806678672
0 551 561 206.25051363732058
0 565 562 164.61634935148743
0 571 563 268.48571652613373
0 553 564 152.91990589216684
0 549 565 153.01618218550482
0 555 566 179.72178992328313
0 557 568 137.11123576846683
0 562 569 169.88839174055542
0 563 570 140.9123615682167
0 566 571 124.46667048487146
0 581 573 303.61652262847775
0 570 577 115.87106507391873
0 569 578 120.08213893332473
0 572 580 114.18125600350739
0 573 583 126.18985262219844
0 574 584 108.64989558359434
0 578 592 131.6282837507419
0 576 593 105.43748640570267
0 579 594 124.88251056988031
0 583 601 224.42139366339097
0 584 603 108.31159586692351
0 591 607 170.59978316606424
0 588 608 185.26157522100638

0 915.0 17.0
0 915.0 22.0
0 908.0 358.0
0 920.0 359.0
0 967.0 360.0
0 974.0 361.0
0 980.0 361.0
0 918.0 368.0
0 904.0 369.0
0 932.0 369.0
0 954.0 370.0
0 966.0 371.0
0 978.0 372.0
0 899.0 377.0
0 963.0 380.0
0 981.0 381.0
0 992.0 382.0
0 848.0 387.0
0 815.0 389.0
0 870.0 389.0
0 810.0 390.0
0 790.0 392.0
0 801.0 392.0
0 783.0 394.0
0 877.0 394.0
0 795.0 395.0
0 839.0 396.0
0 757.0 397.0
0 1140.0 397.0
0 882.0 398.0
0 810.0 399.0
0 728.0 400.0
0 1131.0 401.0
0 1148.0 401.0
0 767.0 402.0
0 753.0 403.0
0 803.0 403.0
0 864.0 403.0
0 1074.0 403.0
0 824.0 404.0
0 844.0 405.0
0 851.0 405.0
0 880.0 405.0
0 1090.0 406.0
0 1144.0 406.0
0 705.0 407.0
0 786.0 407.0
0 756.0 408.0
0 1139.0 408.0
0 1086.0 411.0
0 796.0 412.0
0 721.0 413.0
0 740.0 413.0
0 1152.0 413.0
0 803.0 414.0
0 1081.0 414.0
0 695.0 415.0
0 704.0 415.0
0 864.0 415.0
0 911.0 415.0
0 1102.0 415.0
0 771.0 417.0
0 784.0 417.0
0 816.0 417.0
0 759.0 418.0
0 822.0 418.0
0 835.0 418.0
0 852.0 418.0
0 746.0 419.0
0 844.0 419.0
0 1070.0 419.0
0 1081.0 419.0
0 688.0 421.0
0 1118.0 421.0
0 810.0 423.0
0 1059.0 423.0
0 824.0 425.0
0 688.0 426.0
0 704.0 426.0
0 800.0 426.0
0 856.0 426.0
0 867.0 426.0
0 1152.0 426.0
0 839.0 427.0
0 1017.0 427.0
0 1047.0 429.0
0 1100.0 429.0
0 1056.0 430.0
0 1065.0 430.0
0 720.0 431.0
0 738.0 431.0
0 746.0 431.0
0 822.0 431.0
0 863.0 431.0
0 1002.0 432.0
0 772.0 433.0
0 1070.0 433.0
0 1164.0 433.0
0 1157.0 434.0
0 673.0 435.0
0 1045.0 435.0
0 1075.0 435.0
0 788.0 436.0
0 821.0 436.0
0 867.0 436.0
0 857.0 437.0
0 1098.0 438.0
0 706.0 439.0
0 1021.0 439.0
0 1036.0 439.0
0 1087.0 439.0
0 1151.0 439.0
0 697.0 440.0
0 1093.0 440.0
0 999.0 441.0
0 1046.0 441.0
0 1146.0 441.0
0 745.0 442.0
0 1116.0 442.0
0 1134.0 442.0
0 1059.0 443.0
0 1073.0 443.0
0 672.0 444.0
0 1095.0 445.0
0 1084.0 446.0
0 819.0 447.0
0 1032.0 447.0
0 1046.0 448.0
0 1146.0 448.0
0 1169.0 448.0
0 696.0 449.0
0 873.0 449.0
0 878.0 449.0
0 883.0 449.0
0 893.0 449.0
0 898.0 449.0
0 888.0 450.0
0 903.0 450.0
0 913.0 450.0
0 919.0 450.0
0 924.0 450.0
0 1105.0 450.0
0 1118.0 450.0
0 1133.0 450.0
0 787.0 451.0
0 932.0 451.0
0 939.0 451.0
0 959.0 452.0
0 965.0 452.0
0 817.0 453.0
0 973.0 453.0
0 978.0 453.0
0 908.0 454.0
0 986.0 455.0
0 996.0 455.0
0 1023.0 455.0
0 840.0 456.0
0 845.0 456.0
0 1046.0 456.0
0 1162.0 457.0
0 1175.0 457.0
0 869.0 458.0
0 932.0 458.0
0 946.0 458.0
0 852.0 459.0
0 896.0 460.0
0 1021.0 460.0
0 1095.0 460.0
0 955.0 461.0
0 1144.0 461.0
0 740.0 462.0
0 753.0 462.0
0 878.0 462.0
0 883.0 462.0
0 890.0 462.0
0 908.0 463.0
0 918.0 464.0
0 928.0 465.0
0 933.0 465.0
0 938.0 465.0
0 961.0 465.0
0 966.0 465.0
0 998.0 465.0
0 732.0 466.0
0 760.0 466.0
0 945.0 466.0
0 976.0 466.0
0 1024.0 466.0
0 1044.0 466.0
0 1138.0 466.0
0 786.0 467.0
0 781.0 468.0
0 791.0 468.0
0 850.0 468.0
0 1015.0 468.0
0 1088.0 468.0
0 710.0 469.0
0 862.0 469.0
0 986.0 469.0
0 1127.0 469.0
0 1177.0 469.0
0 722.0 470.0
0 737.0 470.0
0 840.0 470.0
0 796.0 471.0
0 1145.0 471.0
0 671.0 472.0
0 1036.0 472.0
0 696.0 473.0
0 1052.0 474.0
0 686.0 475.0
0 866.0 475.0
0 1067.0 475.0
0 1097.0 475.0
0 749.0 476.0
0 770.0 476.0
0 828.0 476.0
0 913.0 476.0
0 1045.0 476.0
0 807.0 477.0
0 1002.0 477.0
0 1015.0 477.0
0 710.0 480.0
0 725.0 480.0
0 786.0 480.0
0 1024.0 480.0
0 672.0 481.0
0 730.0 481.0
0 735.0 481.0
0 741.0 481.0
0 759.0 481.0
0 853.0 481.0
0 1034.0 481.0
0 1044.0 481.0
0 702.0 482.0
0 746.0 482.0
0 751.0 483.0
0 1110.0 483.0
0 1076.0 485.0
0 671.0 486.0
0 808.0 486.0
0 695.0 487.0
0 701.0 487.0
0 706.0 487.0
0 867.0 487.0
0 841.0 488.0
0 1136.0 489.0
0 780.0 490.0
0 786.0 490.0
0 1095.0 490.0
0 671.0 491.0
0 768.0 491.0
0 1090.0 491.0
0 802.0 492.0
0 1033.0 492.0
0 1103.0 492.0
0 998.0 493.0
0 824.0 494.0
0 1083.0 494.0
0 1110.0 494.0
0 984.0 495.0
0 672.0 496.0
0 1062.0 496.0
0 1115.0 497.0
0 795.0 498.0
0 1012.0 498.0
0 1024.0 498.0
0 710.0 500.0
0 777.0 500.0
0 741.0 502.0
0 1046.0 502.0
0 1068.0 502.0
0 694.0 503.0
0 755.0 503.0
0 768.0 503.0
0 786.0 503.0
0 1059.0 503.0
0 671.0 504.0
0 684.0 505.0
0 1066.0 507.0
0 823.0 508.0
0 1173.0 508.0
0 672.0 509.0
0 690.0 511.0
0 1012.0 511.0
0 1061.0 511.0
0 1056.0 512.0
0 1131.0 512.0
0 998.0 515.0
0 1003.0 515.0
0 1051.0 515.0
0 794.0 517.0
0 927.0 517.0
0 887.0 518.0
0 1149.0 518.0
0 997.0 520.0
0 1013.0 520.0
0 1061.0 520.0
0 879.0 521.0
0 1049.0 521.0
0 1158.0 521.0
0 673.0 522.0
0 870.0 523.0
0 1171.0 524.0
0 754.0 525.0
0 840.0 525.0
0 912.0 525.0
0 917.0 525.0
0 923.0 525.0
0 989.0 525.0
0 782.0 526.0
0 803.0 527.0
0 862.0 527.0
0 887.0 527.0
0 892.0 527.0
0 938.0 527.0
0 1129.0 527.0
0 1164.0 528.0
0 853.0 530.0
0 950.0 530.0
0 1009.0 530.0
0 756.0 531.0
0 783.0 531.0
0 793.0 531.0
0 832.0 531.0
0 1144.0 531.0
0 392.0 532.0
0 1064.0 532.0
0 804.0 533.0
0 817.0 533.0
0 826.0 533.0
0 865.0 534.0
0 986.0 534.0
0 846.0 535.0
0 964.0 535.0
0 1128.0 535.0
0 1156.0 535.0
0 773.0 537.0
0 1123.0 537.0
0 1180.0 537.0
0 822.0 538.0
0 1171.0 538.0
0 754.0 539.0
0 839.0 539.0
0 925.0 539.0
0 764.0 540.0
0 977.0 540.0
0 1030.0 540.0
0 1163.0 541.0
0 1050.0 542.0
0 1121.0 542.0
0 1071.0 543.0
0 822.0 544.0
0 832.0 545.0
0 847.0 545.0
0 984.0 545.0
0 1116.0 546.0
0 1182.0 546.0
0 753.0 547.0
0 1076.0 547.0
0 1144.0 548.0
0 993.0 549.0
0 1111.0 549.0
0 1131.0 549.0
0 764.0 550.0
0 817.0 550.0
0 1085.0 551.0
0 1091.0 552.0
0 1096.0 552.0
0 1104.0 552.0
0 755.0 553.0
0 1142.0 553.0
0 1160.0 553.0
0 783.0 554.0
0 770.0 555.0
0 793.0 555.0
0 813.0 556.0
0 1001.0 556.0
0 698.0 557.0
0 804.0 557.0
0 884.0 557.0
0 1180.0 558.0
0 755.0 559.0
0 825.0 559.0
0 1140.0 560.0
0 675.0 562.0
0 1168.0 563.0
0 1178.0 563.0
0 1039.0 564.0
0 1010.0 565.0
0 1059.0 566.0
0 820.0 569.0
0 902.0 569.0
0 1090.0 569.0
0 882.0 570.0
0 929.0 570.0
0 1122.0 570.0
0 804.0 571.0
0 890.0 571.0
0 1105.0 571.0
0 755.0 572.0
0 946.0 572.0
0 912.0 573.0
0 561.0 574.0
0 1144.0 575.0
0 886.0 576.0
0 957.0 577.0
0 1165.0 577.0
0 874.0 578.0
0 801.0 580.0
0 755.0 583.0
0 782.0 583.0
0 793.0 583.0
0 675.0 584.0
0 907.0 584.0
0 445.0 585.0
0 893.0 587.0
0 1046.0 587.0
0 805.0 589.0
0 853.0 590.0
0 982.0 590.0
0 972.0 591.0
0 879.0 593.0
0 989.0 596.0
0 890.0 597.0
0 992.0 601.0
0 874.0 602.0
0 993.0 606.0
0 886.0 607.0
0 838.0 608.0
0 1386.0 608.0
0 676.0 611.0
0 992.0 611.0
0 1002.0 613.0
0 940.0 615.0
0 676.0 616.0
0 859.0 616.0
0 829.0 617.0
0 976.0 617.0
0 811.0 618.0
0 837.0 619.0
0 677.0 621.0
0 820.0 621.0
0 1002.0 621.0
0 885.0 622.0
0 756.0 624.0
0 796.0 624.0
0 912.0 626.0
0 701.0 630.0
0 949.0 631.0
0 795.0 632.0
0 825.0 633.0
0 834.0 633.0
0 981.0 633.0
0 677.0 634.0
0 758.0 635.0
0 868.0 636.0
0 1158.0 636.0
0 981.0 639.0
0 869.0 641.0
0 701.0 642.0
0 894.0 642.0
0 981.0 644.0
0 1009.0 644.0
0 805.0 645.0
0 970.0 645.0
0 679.0 648.0
0 947.0 648.0
0 794.0 651.0
0 828.0 653.0
0 955.0 654.0
0 701.0 656.0
0 799.0 657.0
0 943.0 657.0
0 1444.0 658.0
0 953.0 659.0
0 538.0 660.0
0 967.0 662.0
0 1004.0 662.0
0 678.0 663.0
0 924.0 663.0
0 1014.0 664.0
0 796.0 665.0
0 919.0 665.0
0 806.0 667.0
0 952.0 667.0
0 828.0 668.0
0 278.0 671.0
0 702.0 671.0
0 836.0 671.0
0 799.0 672.0
0 980.0 672.0
0 1025.0 672.0
0 1046.0 672.0
0 967.0 673.0
0 943.0 674.0
0 1153.0 674.0
0 1012.0 675.0
0 828.0 676.0
0 1001.0 676.0
0 678.0 678.0
0 1121.0 678.0
0 1153.0 679.0
0 801.0 680.0
0 928.0 681.0
0 940.0 681.0
0 950.0 681.0
0 999.0 681.0
0 1010.0 682.0
0 840.0 683.0
0 835.0 684.0
0 971.0 684.0
0 702.0 687.0
0 1040.0 687.0
0 1150.0 688.0
0 678.0 689.0
0 1006.0 690.0
0 919.0 692.0
0 1119.0 692.0
0 541.0 695.0
0 958.0 695.0
0 991.0 695.0
0 919.0 697.0
0 924.0 697.0
0 811.0 698.0
0 1150.0 700.0
0 851.0 703.0
0 982.0 704.0
0 995.0 705.0
0 975.0 711.0
0 869.0 712.0
0 988.0 713.0
0 711.0 714.0
0 824.0 715.0
0 877.0 717.0
0 1147.0 717.0
0 345.0 718.0
0 680.0 719.0
0 864.0 719.0
0 982.0 719.0
0 882.0 720.0
0 477.0 721.0
0 958.0 721.0
0 949.0 724.0
0 944.0 725.0
0 896.0 726.0
0 936.0 726.0
0 837.0 727.0
0 878.0 727.0
0 972.0 728.0
0 960.0 730.0
0 1145.0 731.0
0 891.0 732.0
0 919.0 732.0
0 952.0 732.0
0 478.0 733.0
0 941.0 735.0
0 946.0 735.0
0 920.0 737.0
0 855.0 739.0
0 887.0 740.0
0 442.0 741.0
0 839.0 743.0
0 1146.0 743.0
0 462.0 744.0
0 903.0 744.0
0 470.0 746.0
0 477.0 755.0
0 922.0 757.0
0 492.0 759.0
0 336.0 765.0
0 1321.0 766.0
0 1137.0 768.0
0 1142.0 768.0
0 396.0 769.0
0 1332.0 776.0
0 455.0 778.0
0 614.0 778.0
0 317.0 781.0
0 635.0 784.0
0 569.0 785.0
0 892.0 785.0
0 1162.0 787.0
0 629.0 788.0
0 537.0 789.0
0 941.0 789.0
0 1048.0 791.0
0 357.0 792.0
0 560.0 792.0
0 149.0 796.0
0 334.0 798.0
0 1370.0 798.0
0 495.0 799.0
0 527.0 799.0
0 568.0 802.0
0 432.0 804.0
0 470.0 804.0
0 977.0 804.0
0 1023.0 807.0
0 548.0 810.0
0 528.0 825.0
0 655.0 831.0
0 463.0 834.0
0 502.0 834.0
0 248.0 836.0
0 766.0 837.0
0 388.0 842.0
0 1139.0 848.0
0 343.0 852.0
0 788.0 853.0
0 1267.0 863.0
0 1124.0 865.0
0 794.0 870.0
0 236.0 878.0
0 590.0 885.0
0 225.0 886.0
0 111.0 890.0
0 418.0 950.0
0 416.0 962.0
0 917.0 975.0
0 1037.0 988.0
1 864.0 117.0
1 841.0 342.0
1 931.0 343.0
1 813.0 375.0
1 1103.0 375.0
1 774.0 376.0
1 785.0 377.0
1 1114.0 377.0
1 739.0 378.0
1 701.0 379.0
1 727.0 379.0
1 734.0 379.0
1 808.0 379.0
1 689.0 380.0
1 774.0 381.0
1 765.0 382.0
1 1034.0 382.0
1 1066.0 382.0
1 1093.0 382.0
1 808.0 384.0
1 1120.0 386.0
1 716.0 387.0
1 728.0 387.0
1 957.0 387.0
1 700.0 388.0
1 806.0 391.0
1 1043.0 391.0
1 954.0 392.0
1 702.0 394.0
1 774.0 394.0
1 783.0 394.0
1 1031.0 394.0
1 707.0 395.0
1 719.0 396.0
1 672.0 397.0
1 635.0 398.0
1 651.0 398.0
1 1122.0 398.0
1 1076.0 400.0
1 747.0 402.0
1 763.0 403.0
1 779.0 403.0
1 795.0 403.0
1 841.0 406.0
1 846.0 406.0
1 852.0 406.0
1 859.0 406.0
1 864.0 406.0
1 870.0 406.0
1 875.0 406.0
1 888.0 406.0
1 818.0 407.0
1 823.0 407.0
1 832.0 407.0
1 880.0 407.0
1 906.0 407.0
1 911.0 407.0
1 916.0 407.0
1 923.0 407.0
1 930.0 407.0
1 1061.0 407.0
1 813.0 408.0
1 950.0 408.0
1 1020.0 408.0
1 1036.0 408.0
1 1115.0 409.0
1 676.0 410.0
1 939.0 410.0
1 1086.0 410.0
1 1091.0 410.0
1 1104.0 410.0
1 1135.0 410.0
1 1007.0 411.0
1 706.0 412.0
1 852.0 412.0
1 901.0 412.0
1 789.0 414.0
1 633.0 415.0
1 722.0 415.0
1 816.0 415.0
1 870.0 415.0
1 875.0 415.0
1 880.0 415.0
1 756.0 416.0
1 895.0 416.0
1 906.0 416.0
1 952.0 416.0
1 1048.0 417.0
1 1102.0 417.0
1 1116.0 417.0
1 651.0 418.0
1 839.0 418.0
1 844.0 418.0
1 1085.0 418.0
1 810.0 419.0
1 944.0 419.0
1 815.0 421.0
1 827.0 421.0
1 911.0 421.0
1 930.0 421.0
1 952.0 421.0
1 1006.0 421.0
1 1019.0 421.0
1 598.0 422.0
1 822.0 422.0
1 832.0 422.0
1 853.0 422.0
1 864.0 422.0
1 895.0 422.0
1 917.0 422.0
1 922.0 422.0
1 972.0 422.0
1 622.0 423.0
1 784.0 423.0
1 844.0 423.0
1 876.0 423.0
1 887.0 423.0
1 675.0 424.0
1 757.0 424.0
1 980.0 425.0
1 1132.0 425.0
1 1148.0 428.0
1 722.0 429.0
1 1114.0 429.0
1 1060.0 430.0
1 1088.0 430.0
1 788.0 431.0
1 804.0 431.0
1 596.0 432.0
1 756.0 432.0
1 621.0 433.0
1 958.0 433.0
1 971.0 433.0
1 779.0 436.0
1 807.0 436.0
1 827.0 436.0
1 996.0 437.0
1 1064.0 437.0
1 985.0 438.0
1 990.0 438.0
1 1008.0 438.0
1 1024.0 438.0
1 1101.0 439.0
1 1116.0 439.0
1 1151.0 440.0
1 792.0 443.0
1 767.0 444.0
1 682.0 445.0
1 996.0 445.0
1 1005.0 445.0
1 671.0 447.0
1 689.0 447.0
1 793.0 448.0
1 799.0 448.0
1 805.0 448.0
1 1058.0 448.0
1 1063.0 448.0
1 765.0 449.0
1 1072.0 449.0
1 1107.0 449.0
1 718.0 450.0
1 1079.0 450.0
1 723.0 451.0
1 1034.0 451.0
1 1048.0 451.0
1 772.0 452.0
1 969.0 452.0
1 974.0 452.0
1 954.0 453.0
1 1084.0 453.0
1 1098.0 453.0
1 732.0 454.0
1 818.0 454.0
1 823.0 454.0
1 993.0 454.0
1 661.0 455.0
1 666.0 455.0
1 693.0 455.0
1 813.0 455.0
1 869.0 455.0
1 1039.0 455.0
1 636.0 456.0
1 647.0 456.0
1 922.0 456.0
1 1028.0 456.0
1 1033.0 456.0
1 780.0 457.0
1 705.0 458.0
1 983.0 459.0
1 693.0 460.0
1 744.0 461.0
1 936.0 461.0
1 720.0 462.0
1 960.0 462.0
1 972.0 462.0
1 621.0 463.0
1 1096.0 463.0
1 612.0 464.0
1 885.0 464.0
1 603.0 465.0
1 701.0 465.0
1 1023.0 465.0
1 596.0 467.0
1 690.0 467.0
1 901.0 467.0
1 922.0 467.0
1 1028.0 467.0
1 637.0 468.0
1 649.0 468.0
1 659.0 468.0
1 667.0 468.0
1 672.0 468.0
1 1009.0 468.0
1 1099.0 468.0
1 800.0 469.0
1 973.0 469.0
1 681.0 470.0
1 931.0 470.0
1 624.0 471.0
1 745.0 471.0
1 911.0 471.0
1 596.0 472.0
1 917.0 472.0
1 1027.0 472.0
1 721.0 473.0
1 960.0 473.0
1 790.0 474.0
1 604.0 475.0
1 871.0 475.0
1 619.0 476.0
1 627.0 476.0
1 1020.0 476.0
1 632.0 477.0
1 1027.0 477.0
1 701.0 478.0
1 932.0 478.0
1 738.0 479.0
1 758.0 479.0
1 717.0 481.0
1 939.0 481.0
1 1001.0 482.0
1 976.0 483.0
1 1012.0 483.0
1 1024.0 483.0
1 604.0 485.0
1 1149.0 485.0
1 594.0 486.0
1 620.0 486.0
1 710.0 486.0
1 1104.0 486.0
1 1109.0 486.0
1 1116.0 486.0
1 1027.0 488.0
1 726.0 489.0
1 715.0 490.0
1 720.0 490.0
1 1013.0 491.0
1 1131.0 491.0
1 637.0 492.0
1 1103.0 492.0
1 671.0 493.0
1 766.0 493.0
1 986.0 493.0
1 959.0 494.0
1 618.0 495.0
1 755.0 495.0
1 1030.0 495.0
1 1122.0 496.0
1 1101.0 497.0
1 592.0 498.0
1 608.0 498.0
1 1045.0 498.0
1 1149.0 498.0
1 808.0 499.0
1 887.0 499.0
1 1031.0 500.0
1 993.0 501.0
1 1142.0 502.0
1 967.0 503.0
1 1130.0 503.0
1 596.0 505.0
1 845.0 506.0
1 856.0 506.0
1 861.0 506.0
1 866.0 506.0
1 917.0 506.0
1 1027.0 506.0
1 1151.0 506.0
1 613.0 507.0
1 729.0 508.0
1 877.0 509.0
1 1120.0 509.0
1 897.0 510.0
1 974.0 510.0
1 1142.0 510.0
1 808.0 511.0
1 823.0 512.0
1 832.0 512.0
1 1041.0 512.0
1 1090.0 512.0
1 1128.0 512.0
1 1155.0 512.0
1 868.0 513.0
1 1018.0 513.0
1 1033.0 513.0
1 1160.0 514.0
1 844.0 515.0
1 857.0 515.0
1 839.0 516.0
1 1084.0 516.0
1 1050.0 517.0
1 1149.0 517.0
1 686.0 518.0
1 909.0 518.0
1 934.0 518.0
1 1129.0 518.0
1 1141.0 518.0
1 716.0 519.0
1 1055.0 519.0
1 1079.0 519.0
1 827.0 520.0
1 1039.0 520.0
1 1073.0 520.0
1 792.0 521.0
1 804.0 521.0
1 813.0 521.0
1 923.0 521.0
1 1063.0 521.0
1 1068.0 521.0
1 656.0 522.0
1 686.0 524.0
1 717.0 524.0
1 729.0 524.0
1 750.0 524.0
1 929.0 524.0
1 706.0 526.0
1 1120.0 527.0
1 1163.0 527.0
1 798.0 528.0
1 919.0 528.0
1 810.0 529.0
1 691.0 530.0
1 939.0 531.0
1 737.0 533.0
1 927.0 533.0
1 1165.0 533.0
1 684.0 534.0
1 696.0 535.0
1 1118.0 535.0
1 801.0 536.0
1 851.0 536.0
1 1106.0 536.0
1 1138.0 536.0
1 789.0 538.0
1 838.0 538.0
1 933.0 538.0
1 946.0 538.0
1 1164.0 538.0
1 1002.0 540.0
1 733.0 543.0
1 793.0 543.0
1 950.0 543.0
1 1118.0 543.0
1 1162.0 543.0
1 840.0 544.0
1 1027.0 544.0
1 1065.0 544.0
1 1098.0 544.0
1 695.0 546.0
1 835.0 547.0
1 942.0 547.0
1 1047.0 547.0
1 1060.0 547.0
1 1079.0 548.0
1 1160.0 548.0
1 840.0 549.0
1 1088.0 549.0
1 1148.0 549.0
1 957.0 551.0
1 686.0 552.0
1 703.0 552.0
1 717.0 552.0
1 1120.0 552.0
1 730.0 553.0
1 818.0 555.0
1 951.0 556.0
1 596.0 558.0
1 962.0 558.0
1 622.0 559.0
1 686.0 560.0
1 769.0 560.0
1 1126.0 560.0
1 727.0 562.0
1 774.0 562.0
1 954.0 562.0
1 779.0 563.0
1 1147.0 563.0
1 885.0 565.0
1 892.0 569.0
1 962.0 569.0
1 968.0 569.0
1 835.0 572.0
1 763.0 574.0
1 772.0 576.0
1 798.0 577.0
1 824.0 579.0
1 814.0 580.0
1 717.0 581.0
1 839.0 581.0
1 859.0 583.0
1 761.0 584.0
1 898.0 584.0
1 903.0 584.0
1 686.0 586.0
1 910.0 586.0
1 719.0 587.0
1 724.0 589.0
1 1024.0 590.0
1 758.0 593.0
1 809.0 593.0
1 769.0 594.0
1 831.0 594.0
1 724.0 597.0
1 809.0 598.0
1 941.0 598.0
1 971.0 599.0
1 977.0 600.0
1 826.0 603.0
1 901.0 605.0
1 991.0 605.0
1 735.0 606.0
1 906.0 606.0
1 947.0 606.0
1 910.0 611.0
1 979.0 612.0
1 1024.0 612.0
1 811.0 616.0
1 735.0 618.0
1 768.0 618.0
1 725.0 619.0
1 882.0 619.0
1 967.0 620.0
1 760.0 621.0
1 796.0 621.0
1 978.0 622.0
1 1023.0 623.0
1 992.0 630.0
1 836.0 631.0
1 909.0 631.0
1 795.0 633.0
1 904.0 633.0
1 1021.0 633.0
1 936.0 635.0
1 821.0 636.0
1 977.0 636.0
1 925.0 637.0
1 762.0 639.0
1 898.0 639.0
1 599.0 641.0
1 940.0 641.0
1 976.0 641.0
1 1018.0 643.0
1 772.0 644.0
1 962.0 646.0
1 974.0 646.0
1 730.0 647.0
1 625.0 648.0
1 763.0 648.0
1 907.0 652.0
1 922.0 652.0
1 893.0 654.0
1 1015.0 654.0
1 933.0 655.0
1 971.0 655.0
1 598.0 656.0
1 776.0 657.0
1 769.0 660.0
1 625.0 662.0
1 878.0 662.0
1 908.0 663.0
1 1011.0 664.0
1 953.0 665.0
1 965.0 667.0
1 898.0 668.0
1 738.0 669.0
1 951.0 670.0
1 917.0 671.0
1 847.0 672.0
1 1007.0 672.0
1 600.0 674.0
1 871.0 674.0
1 960.0 676.0
1 944.0 678.0
1 791.0 679.0
1 624.0 680.0
1 1000.0 683.0
1 787.0 684.0
1 792.0 684.0
1 874.0 684.0
1 1139.0 684.0
1 746.0 687.0
1 955.0 687.0
1 1104.0 688.0
1 791.0 689.0
1 971.0 691.0
1 599.0 693.0
1 811.0 694.0
1 803.0 695.0
1 949.0 695.0
1 599.0 698.0
1 625.0 699.0
1 820.0 700.0
1 915.0 700.0
1 988.0 700.0
1 804.0 701.0
1 1138.0 702.0
1 599.0 703.0
1 790.0 703.0
1 814.0 703.0
1 826.0 704.0
1 1105.0 705.0
1 834.0 706.0
1 906.0 706.0
1 900.0 707.0
1 763.0 708.0
1 889.0 708.0
1 894.0 708.0
1 845.0 709.0
1 822.0 711.0
1 626.0 713.0
1 923.0 713.0
1 829.0 714.0
1 910.0 715.0
1 871.0 716.0
1 805.0 717.0
1 837.0 717.0
1 901.0 718.0
1 895.0 719.0
1 890.0 720.0
1 779.0 721.0
1 871.0 721.0
1 627.0 722.0
1 932.0 722.0
1 600.0 725.0
1 1138.0 725.0
1 834.0 728.0
1 1241.0 728.0
1 702.0 729.0
1 919.0 729.0
1 862.0 734.0
1 804.0 737.0
1 309.0 739.0
1 599.0 739.0
1 329.0 741.0
1 907.0 741.0
1 340.0 742.0
1 852.0 743.0
1 875.0 743.0
1 1136.0 743.0
1 862.0 746.0
1 1466.0 748.0
1 599.0 750.0
1 365.0 754.0
1 174.0 756.0
1 774.0 758.0
1 779.0 760.0
1 1346.0 760.0
1 600.0 762.0
1 1136.0 763.0
1 145.0 768.0
1 505.0 770.0
1 1136.0 773.0
1 449.0 775.0
1 520.0 778.0
1 408.0 779.0
1 599.0 779.0
1 394.0 786.0
1 748.0 786.0
1 354.0 787.0
1 446.0 788.0
1 1134.0 791.0
1 1133.0 796.0
1 598.0 806.0
1 547.0 810.0
1 355.0 814.0
1 1027.0 825.0
1 1130.0 825.0
1 1141.0 826.0
1 151.0 827.0
1 1131.0 837.0
1 955.0 867.0
1 1137.0 881.0
1 891.0 890.0
1 724.0 906.0
