0 7 1 240.82744125681108
0 13 5 191.95073530017473
0 10 6 380.57100794897053
0 23 9 220.9929538574313
0 35 11 157.83836569729235
0 27 12 321.4904301443268
0 46 13 404.1709996888113
0 54 14 289.0593553871566
0 33 15 278.7643208195901
0 45 18 192.75108098681034
0 52 19 254.39795974765536
0 37 21 295.622848812894
0 5 23 209.58640915157636
0 14 24 330.8685191738865
0 15 25 495.5314212186587
0 18 26 165.94067279436854
0 70 27 175.58631279560538
0 22 28 251.32721064767568
0 9 31 269.35410433407765
0 36 32 377.9501788915617
0 3 34 388.6174112349452
0 4 35 333.1742847256044
0 39 36 199.81296879875566
0 34 37 201.6670705485485
0 8 39 265.2798146591261
0 41 43 206.40988116913323
0 132 44 255.51644246251809
0 72 47 316.5704784328407
0 47 50 172.8310456890505
0 56 51 172.2814371066867
0 131 53 233.26286782277003
0 59 54 143.6334523542801
0 24 56 266.5300010389723
0 159 60 112.09304491554646
0 68 65 199.94677529940085
0 25 66 172.54549302823162
0 26 67 347.6657561202849
0 135 70 168.86245420808535
0 148 72 340.08041459397884
0 133 75 352.22650704953054
0 6 77 436.0347391268047
0 192 78 152.51801020240262
0 58 79 139.56179474972578
0 188 80 246.25981845085678
0 57 82 222.99870312312459
0 61 83 217.13168555926578
0 116 86 224.95204562001464
0 125 90 141.1652372646859
0 167 91 350.5004548069776
0 28 92 215.31420363710382
0 202 96 346.325537892247
0 75 99 226.7172509309551
0 86 100 178.98484457312819
0 185 103 194.95641454936913
0 141 104 356.02482613587955
0 55 105 206.16868625897317
0 157 107 207.76151459748257
0 161 108 210.06627325918444
0 227 111 225.8294738195238
0 71 112 157.79577462271806
0 222 114 226.1950351253703
0 233 115 176.15676395675527
0 79 116 112.67260724897893
0 50 117 218.03225853403947
0 100 118 245.85549709371978
0 156 119 269.5121245963073
0 82 121 157.28983088443618
0 171 122 244.2227264539068
0 215 123 265.9739205600013
0 87 124 146.5933240562865
0 184 126 132.28057944723562
0 243 128 189.29389108853246
0 268 129 403.83813392933814
0 67 130 142.06042973213607
0 187 131 154.1120670665917
0 208 132 129.18359819852145
0 250 133 216.64148555495606
0 269 134 280.5876158546268
0 65 135 199.43469070487257
0 81 136 126.55447965559401
0 88 137 133.0524862579496
0 84 139 178.83673515288868
0 273 140 250.93061649136
0 277 141 326.46595473084466
0 124 142 152.37610847491615
0 197 143 108.77535516864955
0 218 145 171.29681464722572
0 272 148 158.92285847171925
0 78 149 144.859763618365
0 246 150 242.32772593877132
0 255 151 210.04002690160334
0 284 152 262.4296177347392
0 94 153 125.48875997354276
0 217 154 135.11334572802662
0 288 155 177.36449292506936
0 107 156 149.90197125210807
0 298 157 227.5661579013725
0 295 158 303.5889975060133
0 228 161 166.8745418394456
0 154 162 158.22946740441373
0 153 163 137.37175042043305
0 162 165 294.0154595779074
0 166 166 397.1762662715709
0 172 169 429.1837893816048
0 175 170 368.7315617361919
0 177 171 309.6053943021309
0 241 173 136.03487092299974
0 345 174 157.63784372020896
0 194 176 361.22363604146017
0 198 177 231.73406382653246
0 93 178 161.06476290702363
0 96 179 211.74088534871512
0 219 183 308.49807758910856
0 225 184 257.5202243714113
0 283 185 198.87667007665965
0 235 187 167.0650571456311
0 340 190 175.47056243882218
0 99 191 181.33660989535855
0 254 192 114.74638618853483
0 240 193 135.47281316813996
0 129 195 179.05141431933964
0 169 196 125.36943416422174
0 258 197 140.67811731718035
0 91 198 123.94790073657069
0 117 200 193.01967378633987
0 164 201 345.5277927263598
0 270 205 108.42031878019698
0 356 211 181.9930416788748
0 261 215 163.8663082237031
0 193 217 211.95261150819516
0 231 218 176.143225896133
0 95 220 143.40666493490198
0 182 221 164.03095830605142
0 205 222 198.26160244410383
0 347 223 144.9127528836204
0 213 226 229.54200549569325
0 314 227 188.18692193444738
0 376 228 152.26599965875138
0 122 229 124.21148893727212
0 223 230 261.3875688807437
0 234 231 237.5149267793252
0 264 232 150.44662172904765
0 279 233 165.91354667607067
0 282 234 113.36851448817042
0 248 237 191.16410914706833
0 253 238 210.82810887974895
0 300 239 347.6299174200503
0 90 240 262.1257126358294
0 186 243 161.06199515773832
0 292 245 199.27746960662776
0 130 251 184.03982677201458
0 140 252 109.52215544556117
0 305 253 308.6328615906042
0 304 254 172.36951347874844
0 328 258 139.95144930927336
0 203 260 157.75710777030966
0 363 261 150.23980568387557
0 120 262 193.47043107129485
0 113 263 222.96191057703894
0 121 265 118.39610591421055
0 402 267 441.42294644905047
0 327 270 186.50317769443154
0 310 272 156.23183026347684
0 322 273 204.83563119805387
0 150 275 155.42302365545578
0 112 277 233.93544290365688
0 361 279 236.07800084456215
0 212 282 189.6737499748454
0 224 283 122.47525158678489
0 278 285 182.42399958681392
0 143 287 107.42557479498191
0 181 288 306.31313336481566
0 354 289 168.0334520178878
0 393 290 262.1814632731505
0 427 292 320.86036977930877
0 430 293 286.6155001006225
0 174 295 185.79168697831548
0 338 297 120.4527708016536
0 421 298 267.055144099999
0 448 299 295.06853039754156
0 145 300 198.10283290370475
0 285 301 432.9052523952593
0 287 302 450.61326004504866
0 401 303 410.61802393384966
0 306 305 338.42100002652546
0 290 306 307.7740237261971
0 291 307 348.5614519931186
0 420 308 185.19727942219458
0 323 310 326.4233021639444
0 360 311 137.83532074787166
0 237 312 213.68508151025023
0 380 313 114.0073294821727
0 460 314 215.70017894000352
0 142 315 187.17458376587913
0 397 317 122.40232909438254
0 488 318 402.9279566907857
0 351 319 216.57166955799525
0 321 321 451.2372386825855
0 334 322 451.6195555991039
0 368 323 157.854998638063
0 336 324 341.7245102858731
0 344 325 427.3100507495785
0 377 326 229.52887878563178
0 475 327 154.85223417875332
0 480 328 253.88002662399524
0 230 330 322.2989917168093
0 350 331 298.12818885058994
0 422 333 264.75968085641085
0 437 335 253.9730135386446
0 407 336 243.0572637540107
0 494 337 259.9702627103825
0 487 338 214.4136325287505
0 390 339 248.62004094464618
0 385 340 231.11212375283952
0 312 343 397.3440790348573
0 335 344 496.0552847487583
0 512 345 157.78507479811586
0 211 346 266.4146264621889
0 281 347 190.1377390050021
0 375 348 316.6021704434534
0 436 349 147.1728216693992
0 459 351 188.36970961550034
0 496 352 178.36254300866528
0 412 354 136.98033646744858
0 534 356 446.20563865601196
0 379 358 490.01057363020885
0 260 359 210.48217071983171
0 419 362 229.93288217163928
0 433 367 174.3460522459872
0 470 368 240.79645376278188
0 523 369 142.8849702651152
0 532 372 177.66903598024348
0 210 373 152.06181731336142
0 549 376 193.64320155715893
0 479 380 230.65499772984344
0 311 382 366.0669452917299
0 429 386 242.48908509642854
0 467 393 248.43989984937127
0 493 394 224.64034675871397
0 552 395 343.2753266132551
0 474 398 209.98654198472087
0 539 400 229.04868406214666
0 411 403 312.5399425449556
0 508 405 203.62960207353123
0 457 406 468.66778838763884
0 453 408 472.8150288255776
0 447 409 405.8039841059532
0 548 413 218.34062351537412
0 557 414 193.52117845578846
0 492 416 174.2536282551264
0 478 417 345.81727161580045
0 567 418 189.76999408199424
0 466 421 358.9879567157294
0 531 426 172.6541991982082
0 561 427 238.46569759806147
0 428 430 341.3434030748384
0 486 431 375.31662248470406
0 566 436 203.13133263795518
0 572 438 343.94712011804387
0 573 441 415.642133683079
0 506 442 278.80791334315586
0 577 443 166.93280516236314
0 424 449 230.84645131640772
0 593 451 409.41678199184787
0 509 455 427.3715510544749
0 541 456 352.4240579205694
0 554 457 181.41113925961378
0 589 458 204.02772318840016
0 527 459 437.0255683496181
0 388 462 451.9444107719619
0 579 463 142.923738895483
0 602 465 104.34822414384183
0 612 466 228.58083335490545
0 618 467 259.1183079083428
0 423 473 321.61707836202646
0 547 474 292.82422333943254
0 511 477 337.540704496746
0 472 479 334.232757237325
0 505 480 491.8740027765589
0 521 483 367.87558041015944
0 600 485 324.45841940095966
0 545 487 296.25388544585223
0 588 488 332.41002586610847
0 491 489 196.0843246409618
0 525 490 266.90440691253946
0 546 491 184.78833873600325
0 526 492 379.05151132333185
0 551 495 270.7876693369556
0 583 496 249.83697219417462
0 458 497 213.88142297327425
0 535 498 205.4064404502845
0 559 499 198.21093805010298
0 529 500 159.04104518112405
0 586 503 339.3051785995979
0 598 507 335.10757429841686
0 606 512 303.66892205708115
0 544 513 142.95358741826948
0 524 514 347.4840815318845
0 553 515 138.51164438045177
0 574 517 457.58585317784474
0 595 518 392.04621678635834
0 564 521 193.9996070798249
0 619 522 396.6629858524096
0 620 523 233.53821429851567
0 611 531 492.06634260568904
0 540 535 286.4214881126455
0 627 536 277.48772723491186
0 591 537 265.171806263487
0 615 541 438.1974663125506
0 584 543 121.96774617309948
0 582 545 118.25466342894919
0 387 547 336.25782547988575
0 562 549 222.82968809757202
0 638 552 191.30326507835042
0 624 553 395.3977305400455
0 639 556 400.35548780571474
0 676 559 340.852206906836
0 623 560 230.3551669287998
0 661 561 283.78548076298523
0 711 562 176.96507070706218
0 644 563 284.5011204726419
0 607 564 110.97132958966733
0 643 568 351.58415152731874
0 706 569 118.1235127820218
0 717 570 252.24663049028163
0 585 572 295.1006050214476
0 649 573 351.34081379260374
0 625 575 185.5662568194196
0 725 581 195.81635120763337
0 696 584 387.22454718599374
0 716 585 121.72668130047725
0 660 590 434.0391822876419
0 686 591 427.1608908266234
0 630 593 117.95123376512899
0 667 594 201.0370343387013
0 633 595 132.11329011719164
0 631 597 141.39617421955407
0 704 601 251.58595935387763
0 675 604 259.51547320011696
0 635 605 243.63092386947494
0 637 608 108.07841095022421
0 709 609 346.15279549291216
0 673 613 304.99587241930766
0 658 614 183.80128638428732
0 693 617 258.10908949371685
0 714 618 250.645032520539
0 713 619 148.10187604181758
0 647 621 208.45177379900423
0 666 622 106.38205484594236
0 605 624 163.5053887766403
0 721 626 212.80530594665655
0 657 628 277.5763792607103
0 685 629 284.32046301424276
0 720 630 147.74117509477082
0 690 632 312.86770036436116
0 729 633 430.1081851594846
0 689 636 219.18139800057196
0 695 637 327.63654976224836
0 728 638 145.62942445565443
0 724 639 271.40451280831786
0 699 640 287.324883415452
0 703 642 157.9419627950124
0 712 644 365.68905626867917
0 702 647 301.49977900424403
0 558 648 112.52221223721821
0 730 650 255.55178223253296
0 708 651 155.32130877787858
0 722 657 210.10633921373878
0 833 661 113.57276974742518
0 739 666 352.7038193251328
0 738 667 448.8140901787168
0 723 670 151.72661525675264
0 808 673 129.23447756150307
0 776 674 108.55265081940442
0 563 676 124.64632608253758
0 798 679 120.32172397001355
0 664 680 123.78222311840274
0 761 682 157.21243646153349
0 679 683 122.54997077450555
0 656 684 137.3054080791534
0 684 687 112.2955896185513
0 839 688 392.64411997432177
0 652 689 146.32187117945406
0 813 693 179.23491383224462
0 857 694 226.09107551434988
0 812 695 125.91408682579004
0 665 696 114.13662202943826
0 651 703 111.92229622609173
0 707 704 117.12991625845912
0 687 705 126.25533908645501
0 767 709 176.4734666297252
0 710 711 129.57096090879688
0 827 712 110.33952264515754
0 698 722 151.93302101298002
0 733 723 105.55700753731631
0 793 729 181.99321935644417
0 832 731 110.9998458447213
0 701 732 171.92821512998003
0 681 736 157.43892387747266
0 855 737 115.34911375798065
0 772 739 133.0438554545534
0 850 740 111.80925667694666
0 775 741 122.51012172356093
0 804 744 234.941747043941
0 828 745 176.67469171047586
0 677 746 124.93605831475736
0 663 749 118.30169272121486
0 874 751 139.42230694950212
0 878 755 151.70939664710002
0 692 756 142.02736994804897
0 774 757 104.36360141542518
0 705 758 110.54754428746973
0 886 763 192.2909921133857
0 889 764 399.648641499155
0 700 768 128.61896503122517
0 882 769 275.7721421944848
0 659 771 176.91647734798056
0 760 773 120.26745382518985
0 802 774 150.79790994288953
0 858 778 263.27011735902533
0 691 780 165.14342349908392
0 846 781 118.89742396247264
0 796 782 289.35034724354097
0 799 783 159.93356031525295
0 845 784 139.94617267535483
0 843 786 160.65027621494937
0 887 787 198.70018095612912
0 750 793 240.32040971831935

0 1426.0 217.0
0 912.0 331.0
0 927.0 331.0
0 977.0 333.0
0 991.0 334.0
0 926.0 341.0
0 939.0 343.0
0 976.0 343.0
0 962.0 344.0
0 909.0 349.0
0 900.0 350.0
0 943.0 351.0
0 955.0 352.0
0 990.0 352.0
0 978.0 353.0
0 927.0 354.0
0 972.0 354.0
0 1003.0 355.0
0 944.0 356.0
0 954.0 358.0
0 855.0 360.0
0 905.0 360.0
0 866.0 363.0
0 787.0 365.0
0 814.0 365.0
0 871.0 365.0
0 827.0 366.0
0 992.0 366.0
0 850.0 367.0
0 1011.0 368.0
0 800.0 369.0
0 770.0 371.0
0 872.0 374.0
0 882.0 374.0
0 719.0 375.0
0 727.0 375.0
0 806.0 375.0
0 841.0 375.0
0 714.0 376.0
0 751.0 377.0
0 796.0 378.0
0 1094.0 378.0
0 790.0 379.0
0 825.0 379.0
0 1150.0 379.0
0 884.0 381.0
0 1169.0 382.0
0 891.0 383.0
0 699.0 384.0
0 763.0 385.0
0 803.0 385.0
0 868.0 385.0
0 1089.0 385.0
0 1107.0 386.0
0 825.0 387.0
0 832.0 387.0
0 752.0 388.0
0 789.0 388.0
0 850.0 388.0
0 889.0 388.0
0 1158.0 388.0
0 686.0 389.0
0 845.0 389.0
0 855.0 389.0
0 879.0 389.0
0 837.0 391.0
0 716.0 392.0
0 736.0 393.0
0 767.0 393.0
0 776.0 393.0
0 1097.0 394.0
0 797.0 395.0
0 1103.0 395.0
0 1173.0 395.0
0 802.0 396.0
0 1086.0 397.0
0 868.0 398.0
0 684.0 399.0
0 1161.0 399.0
0 784.0 400.0
0 1122.0 400.0
0 697.0 401.0
0 755.0 401.0
0 768.0 401.0
0 837.0 402.0
0 854.0 402.0
0 1029.0 402.0
0 742.0 403.0
0 846.0 403.0
0 1015.0 403.0
0 1039.0 403.0
0 1098.0 403.0
0 681.0 404.0
0 1069.0 404.0
0 810.0 405.0
0 918.0 405.0
0 1174.0 405.0
0 670.0 406.0
0 698.0 406.0
0 799.0 408.0
0 865.0 408.0
0 825.0 409.0
0 842.0 410.0
0 1078.0 410.0
0 1053.0 411.0
0 715.0 412.0
0 735.0 412.0
0 1060.0 412.0
0 1071.0 412.0
0 1184.0 412.0
0 1083.0 414.0
0 1120.0 415.0
0 743.0 416.0
0 824.0 416.0
0 1107.0 416.0
0 1178.0 416.0
0 770.0 417.0
0 666.0 418.0
0 873.0 418.0
0 1033.0 419.0
0 1186.0 419.0
0 787.0 420.0
0 1049.0 420.0
0 1095.0 420.0
0 821.0 421.0
0 868.0 421.0
0 1060.0 421.0
0 860.0 422.0
0 1101.0 423.0
0 1171.0 423.0
0 691.0 424.0
0 1015.0 426.0
0 1075.0 426.0
0 1116.0 426.0
0 1166.0 426.0
0 664.0 427.0
0 742.0 427.0
0 814.0 427.0
0 1089.0 428.0
0 787.0 429.0
0 1138.0 429.0
0 1153.0 429.0
0 872.0 430.0
0 1046.0 430.0
0 821.0 431.0
0 1059.0 431.0
0 1191.0 431.0
0 854.0 432.0
0 1114.0 432.0
0 690.0 433.0
0 1086.0 433.0
0 1101.0 433.0
0 1166.0 435.0
0 786.0 437.0
0 1013.0 437.0
0 1122.0 437.0
0 817.0 438.0
0 1138.0 438.0
0 1153.0 438.0
0 842.0 442.0
0 850.0 442.0
0 1036.0 442.0
0 883.0 443.0
0 877.0 444.0
0 890.0 444.0
0 895.0 444.0
0 903.0 444.0
0 1196.0 444.0
0 908.0 445.0
0 915.0 445.0
0 921.0 445.0
0 926.0 445.0
0 932.0 445.0
0 1081.0 445.0
0 1181.0 445.0
0 937.0 446.0
0 942.0 446.0
0 948.0 446.0
0 737.0 447.0
0 749.0 447.0
0 1114.0 447.0
0 742.0 448.0
0 969.0 448.0
0 976.0 448.0
0 981.0 448.0
0 1109.0 448.0
0 888.0 449.0
0 990.0 449.0
0 883.0 450.0
0 915.0 450.0
0 1164.0 450.0
0 758.0 451.0
0 1009.0 451.0
0 998.0 452.0
0 786.0 453.0
0 791.0 453.0
0 874.0 453.0
0 1038.0 453.0
0 704.0 454.0
0 728.0 454.0
0 781.0 454.0
0 856.0 454.0
0 902.0 454.0
0 931.0 454.0
0 936.0 454.0
0 1059.0 454.0
0 716.0 455.0
0 721.0 455.0
0 733.0 455.0
0 941.0 455.0
0 956.0 455.0
0 1157.0 455.0
0 760.0 456.0
0 844.0 456.0
0 889.0 456.0
0 1003.0 456.0
0 676.0 457.0
0 896.0 457.0
0 966.0 457.0
0 1198.0 457.0
0 690.0 458.0
0 883.0 458.0
0 915.0 459.0
0 1144.0 459.0
0 1150.0 459.0
0 703.0 460.0
0 926.0 460.0
0 1106.0 460.0
0 1164.0 460.0
0 770.0 461.0
0 937.0 461.0
0 947.0 461.0
0 989.0 461.0
0 1002.0 461.0
0 1011.0 461.0
0 835.0 462.0
0 955.0 462.0
0 971.0 462.0
0 980.0 462.0
0 1050.0 462.0
0 667.0 463.0
0 807.0 463.0
0 844.0 463.0
0 854.0 463.0
0 865.0 464.0
0 1030.0 464.0
0 706.0 465.0
0 719.0 465.0
0 727.0 466.0
0 735.0 466.0
0 743.0 466.0
0 758.0 466.0
0 784.0 467.0
0 1040.0 467.0
0 1061.0 467.0
0 665.0 468.0
0 748.0 468.0
0 800.0 468.0
0 1092.0 468.0
0 830.0 469.0
0 870.0 469.0
0 1115.0 469.0
0 688.0 471.0
0 697.0 471.0
0 335.0 472.0
0 702.0 472.0
0 809.0 472.0
0 1145.0 472.0
0 664.0 473.0
0 837.0 473.0
0 1059.0 473.0
0 1154.0 473.0
0 1015.0 474.0
0 1028.0 474.0
0 1047.0 475.0
0 767.0 476.0
0 781.0 477.0
0 664.0 478.0
0 803.0 479.0
0 1093.0 479.0
0 827.0 480.0
0 1130.0 480.0
0 844.0 481.0
0 871.0 481.0
0 773.0 484.0
0 941.0 484.0
0 1156.0 484.0
0 706.0 485.0
0 795.0 485.0
0 1046.0 485.0
0 1082.0 485.0
0 738.0 487.0
0 1110.0 488.0
0 1115.0 488.0
0 752.0 489.0
0 783.0 489.0
0 788.0 489.0
0 1010.0 489.0
0 1104.0 489.0
0 1120.0 489.0
0 689.0 490.0
0 928.0 490.0
0 936.0 490.0
0 1079.0 490.0
0 1127.0 490.0
0 948.0 491.0
0 903.0 492.0
0 915.0 492.0
0 1095.0 492.0
0 808.0 493.0
0 962.0 493.0
0 1025.0 493.0
0 825.0 494.0
0 1038.0 494.0
0 1134.0 494.0
0 667.0 495.0
0 687.0 495.0
0 1060.0 496.0
0 1192.0 497.0
0 982.0 498.0
0 1074.0 498.0
0 938.0 499.0
0 953.0 499.0
0 995.0 499.0
0 933.0 500.0
0 944.0 500.0
0 1009.0 500.0
0 1154.0 501.0
0 1143.0 502.0
0 1171.0 502.0
0 794.0 503.0
0 968.0 503.0
0 885.0 504.0
0 1082.0 504.0
0 1148.0 504.0
0 1071.0 506.0
0 1024.0 507.0
0 1143.0 507.0
0 1167.0 507.0
0 986.0 509.0
0 1007.0 509.0
0 1063.0 509.0
0 835.0 510.0
0 872.0 510.0
0 920.0 510.0
0 1175.0 510.0
0 752.0 511.0
0 849.0 511.0
0 940.0 511.0
0 1053.0 511.0
0 782.0 512.0
0 1077.0 512.0
0 1164.0 512.0
0 864.0 513.0
0 1015.0 513.0
0 925.0 514.0
0 1189.0 514.0
0 914.0 515.0
0 934.0 515.0
0 822.0 516.0
0 858.0 517.0
0 896.0 518.0
0 1025.0 518.0
0 783.0 519.0
0 919.0 519.0
0 794.0 520.0
0 853.0 520.0
0 1008.0 520.0
0 1076.0 520.0
0 1161.0 520.0
0 805.0 521.0
0 904.0 521.0
0 1148.0 521.0
0 669.0 522.0
0 820.0 522.0
0 890.0 522.0
0 1174.0 522.0
0 914.0 525.0
0 923.0 525.0
0 934.0 525.0
0 1077.0 525.0
0 1199.0 525.0
0 844.0 526.0
0 858.0 526.0
0 904.0 526.0
0 909.0 526.0
0 993.0 526.0
0 894.0 527.0
0 899.0 527.0
0 763.0 528.0
0 885.0 529.0
0 958.0 529.0
0 963.0 530.0
0 1011.0 530.0
0 1079.0 530.0
0 1186.0 530.0
0 876.0 531.0
0 837.0 532.0
0 1023.0 532.0
0 751.0 533.0
0 1144.0 533.0
0 818.0 534.0
0 867.0 534.0
0 906.0 534.0
0 921.0 535.0
0 1081.0 535.0
0 981.0 536.0
0 1064.0 536.0
0 933.0 537.0
0 942.0 537.0
0 1200.0 537.0
0 832.0 538.0
0 948.0 538.0
0 1139.0 538.0
0 1162.0 538.0
0 859.0 539.0
0 1043.0 539.0
0 991.0 540.0
0 1177.0 540.0
0 783.0 541.0
0 769.0 542.0
0 961.0 542.0
0 794.0 543.0
0 805.0 543.0
0 851.0 543.0
0 883.0 543.0
0 1088.0 543.0
0 1134.0 543.0
0 900.0 544.0
0 827.0 545.0
0 869.0 545.0
0 973.0 545.0
0 999.0 545.0
0 1095.0 546.0
0 670.0 547.0
0 843.0 547.0
0 1127.0 547.0
0 821.0 549.0
0 1103.0 549.0
0 1110.0 549.0
0 1120.0 549.0
0 1115.0 550.0
0 991.0 551.0
0 1157.0 551.0
0 670.0 552.0
0 816.0 552.0
0 836.0 552.0
0 850.0 552.0
0 1194.0 552.0
0 864.0 553.0
0 934.0 553.0
0 1184.0 553.0
0 830.0 557.0
0 804.0 558.0
0 814.0 558.0
0 990.0 558.0
0 1034.0 558.0
0 1072.0 560.0
0 1157.0 560.0
0 1006.0 561.0
0 784.0 563.0
0 794.0 563.0
0 812.0 563.0
0 1106.0 563.0
0 824.0 564.0
0 1139.0 565.0
0 1160.0 565.0
0 1180.0 567.0
0 754.0 568.0
0 780.0 569.0
0 785.0 569.0
0 793.0 570.0
0 818.0 570.0
0 829.0 570.0
0 1016.0 571.0
0 809.0 572.0
0 891.0 573.0
0 953.0 573.0
0 822.0 575.0
0 877.0 577.0
0 909.0 583.0
0 672.0 584.0
0 890.0 585.0
0 939.0 585.0
0 899.0 586.0
0 1059.0 586.0
0 920.0 587.0
0 957.0 587.0
0 1060.0 591.0
0 848.0 592.0
0 881.0 592.0
0 967.0 593.0
0 914.0 595.0
0 843.0 596.0
0 866.0 596.0
0 981.0 596.0
0 991.0 596.0
0 810.0 597.0
0 901.0 597.0
0 955.0 598.0
0 858.0 603.0
0 887.0 603.0
0 674.0 604.0
0 983.0 605.0
0 994.0 606.0
0 1174.0 607.0
0 877.0 610.0
0 975.0 613.0
0 1002.0 613.0
0 958.0 614.0
0 699.0 615.0
0 675.0 616.0
0 996.0 617.0
0 838.0 620.0
0 820.0 621.0
0 846.0 621.0
0 872.0 622.0
0 910.0 622.0
0 944.0 624.0
0 957.0 624.0
0 699.0 626.0
0 865.0 626.0
0 986.0 626.0
0 1004.0 626.0
0 949.0 627.0
0 1014.0 627.0
0 1252.0 628.0
0 958.0 629.0
0 834.0 630.0
0 678.0 631.0
0 842.0 631.0
0 988.0 631.0
0 814.0 632.0
0 891.0 633.0
0 101.0 634.0
0 797.0 634.0
0 1015.0 636.0
0 888.0 638.0
0 920.0 638.0
0 700.0 639.0
0 961.0 640.0
0 902.0 643.0
0 951.0 643.0
0 838.0 644.0
0 991.0 644.0
0 829.0 645.0
0 937.0 645.0
0 533.0 647.0
0 677.0 647.0
0 795.0 648.0
0 991.0 649.0
0 910.0 650.0
0 957.0 650.0
0 889.0 652.0
0 918.0 652.0
0 924.0 653.0
0 986.0 653.0
0 701.0 655.0
0 808.0 657.0
0 1063.0 658.0
0 862.0 659.0
0 1021.0 659.0
0 1164.0 660.0
0 955.0 661.0
0 831.0 664.0
0 910.0 664.0
0 923.0 664.0
0 929.0 664.0
0 934.0 664.0
0 1133.0 664.0
0 1162.0 665.0
0 678.0 666.0
0 797.0 666.0
0 964.0 666.0
0 808.0 667.0
0 861.0 668.0
0 975.0 669.0
0 1017.0 671.0
0 896.0 672.0
0 1006.0 672.0
0 1038.0 672.0
0 1161.0 672.0
0 1060.0 673.0
0 979.0 677.0
0 1025.0 677.0
0 1127.0 677.0
0 809.0 678.0
0 1005.0 678.0
0 679.0 679.0
0 832.0 679.0
0 961.0 679.0
0 990.0 681.0
0 1463.0 681.0
0 840.0 682.0
0 952.0 683.0
0 877.0 685.0
0 1160.0 685.0
0 832.0 686.0
0 934.0 686.0
0 929.0 687.0
0 1037.0 688.0
0 1024.0 689.0
0 1054.0 689.0
0 534.0 691.0
0 958.0 691.0
0 807.0 692.0
0 948.0 692.0
0 1010.0 693.0
0 840.0 694.0
0 1022.0 695.0
0 489.0 696.0
0 957.0 696.0
0 809.0 697.0
0 946.0 697.0
0 919.0 698.0
0 924.0 698.0
0 1207.0 701.0
0 966.0 703.0
0 1018.0 703.0
0 1002.0 706.0
0 1155.0 706.0
0 820.0 712.0
0 856.0 712.0
0 1252.0 713.0
0 683.0 717.0
0 678.0 718.0
0 1007.0 719.0
0 471.0 720.0
0 827.0 720.0
0 875.0 721.0
0 984.0 721.0
0 164.0 723.0
0 883.0 725.0
0 1000.0 725.0
0 1005.0 725.0
0 833.0 727.0
0 870.0 728.0
0 889.0 729.0
0 991.0 729.0
0 966.0 730.0
0 894.0 731.0
0 839.0 732.0
0 903.0 734.0
0 944.0 735.0
0 952.0 735.0
0 957.0 735.0
0 884.0 736.0
0 890.0 738.0
0 473.0 739.0
0 847.0 739.0
0 969.0 739.0
0 897.0 740.0
0 926.0 740.0
0 961.0 741.0
0 954.0 744.0
0 972.0 744.0
0 817.0 745.0
0 926.0 745.0
0 948.0 745.0
0 935.0 746.0
0 568.0 747.0
0 1447.0 747.0
0 437.0 749.0
0 893.0 749.0
0 456.0 752.0
0 512.0 759.0
0 978.0 759.0
0 971.0 761.0
0 963.0 763.0
0 958.0 764.0
0 910.0 765.0
0 953.0 765.0
0 79.0 766.0
0 1336.0 766.0
0 1224.0 770.0
0 489.0 771.0
0 329.0 781.0
0 575.0 781.0
0 1175.0 783.0
0 1263.0 787.0
0 614.0 791.0
0 592.0 794.0
0 1107.0 796.0
0 636.0 798.0
0 569.0 800.0
0 310.0 802.0
0 190.0 805.0
0 629.0 805.0
0 1386.0 805.0
0 535.0 807.0
0 585.0 807.0
0 560.0 810.0
0 643.0 810.0
0 1234.0 810.0
0 1341.0 811.0
0 1221.0 816.0
0 525.0 820.0
0 570.0 821.0
0 492.0 822.0
0 448.0 823.0
0 138.0 824.0
0 177.0 827.0
0 429.0 827.0
0 468.0 827.0
0 638.0 830.0
0 549.0 831.0
0 760.0 832.0
0 1216.0 832.0
0 1123.0 837.0
0 1051.0 838.0
0 565.0 839.0
0 585.0 840.0
0 1201.0 840.0
0 500.0 841.0
0 608.0 841.0
0 627.0 841.0
0 556.0 845.0
0 1337.0 846.0
0 90.0 847.0
0 1360.0 847.0
0 1459.0 849.0
0 1383.0 851.0
0 529.0 852.0
0 655.0 855.0
0 423.0 858.0
0 550.0 858.0
0 1434.0 858.0
0 102.0 859.0
0 265.0 859.0
0 1079.0 859.0
0 991.0 861.0
0 1184.0 861.0
0 501.0 863.0
0 495.0 866.0
0 135.0 867.0
0 243.0 871.0
0 386.0 874.0
0 1195.0 875.0
0 1288.0 876.0
0 957.0 877.0
0 1181.0 877.0
0 947.0 882.0
0 834.0 885.0
0 752.0 887.0
0 1030.0 887.0
0 1099.0 888.0
0 339.0 889.0
0 1119.0 889.0
0 1316.0 889.0
0 287.0 890.0
0 322.0 893.0
0 1194.0 894.0
0 359.0 902.0
0 991.0 903.0
0 380.0 905.0
0 1180.0 905.0
0 315.0 909.0
0 879.0 910.0
0 364.0 913.0
0 1381.0 914.0
0 98.0 915.0
0 214.0 915.0
0 25.0 916.0
0 1173.0 916.0
0 1196.0 919.0
0 183.0 921.0
0 222.0 921.0
0 232.0 921.0
0 304.0 923.0
0 1138.0 927.0
0 87.0 929.0
0 149.0 929.0
0 659.0 929.0
0 756.0 929.0
0 905.0 934.0
0 106.0 938.0
0 1188.0 938.0
0 713.0 941.0
0 1058.0 941.0
0 1175.0 942.0
0 179.0 949.0
0 1024.0 949.0
0 887.0 951.0
0 875.0 954.0
0 1002.0 959.0
0 109.0 960.0
0 986.0 966.0
0 1088.0 967.0
0 53.0 971.0
0 1180.0 972.0
0 835.0 974.0
0 1168.0 976.0
0 27.0 981.0
0 424.0 986.0
1 855.0 294.0
1 664.0 298.0
1 659.0 299.0
1 672.0 299.0
1 677.0 300.0
1 737.0 300.0
1 650.0 301.0
1 845.0 301.0
1 688.0 303.0
1 714.0 303.0
1 869.0 307.0
1 689.0 308.0
1 636.0 309.0
1 849.0 311.0
1 736.0 313.0
1 806.0 313.0
1 889.0 313.0
1 918.0 313.0
1 749.0 314.0
1 857.0 314.0
1 843.0 316.0
1 728.0 317.0
1 771.0 317.0
1 818.0 317.0
1 702.0 319.0
1 646.0 320.0
1 662.0 320.0
1 871.0 320.0
1 625.0 321.0
1 766.0 321.0
1 795.0 321.0
1 920.0 321.0
1 880.0 322.0
1 835.0 323.0
1 752.0 324.0
1 853.0 324.0
1 785.0 325.0
1 807.0 325.0
1 872.0 325.0
1 715.0 326.0
1 917.0 326.0
1 731.0 327.0
1 816.0 327.0
1 742.0 328.0
1 725.0 329.0
1 843.0 332.0
1 869.0 332.0
1 711.0 333.0
1 770.0 333.0
1 923.0 333.0
1 598.0 334.0
1 646.0 335.0
1 854.0 335.0
1 933.0 335.0
1 882.0 336.0
1 638.0 337.0
1 756.0 337.0
1 662.0 338.0
1 695.0 340.0
1 724.0 340.0
1 914.0 340.0
1 672.0 341.0
1 683.0 343.0
1 807.0 343.0
1 869.0 343.0
1 604.0 344.0
1 598.0 345.0
1 609.0 346.0
1 742.0 346.0
1 778.0 346.0
1 883.0 346.0
1 648.0 347.0
1 754.0 347.0
1 868.0 350.0
1 913.0 351.0
1 707.0 352.0
1 643.0 355.0
1 692.0 355.0
1 609.0 356.0
1 671.0 356.0
1 851.0 357.0
1 648.0 358.0
1 682.0 360.0
1 737.0 364.0
1 681.0 367.0
1 951.0 367.0
1 729.0 368.0
1 710.0 373.0
1 703.0 375.0
1 726.0 375.0
1 597.0 377.0
1 621.0 377.0
1 890.0 377.0
1 643.0 378.0
1 680.0 379.0
1 610.0 380.0
1 653.0 381.0
1 897.0 382.0
1 692.0 383.0
1 660.0 384.0
1 716.0 385.0
1 874.0 385.0
1 1016.0 385.0
1 1021.0 385.0
1 1040.0 385.0
1 711.0 386.0
1 1045.0 386.0
1 703.0 387.0
1 888.0 387.0
1 1055.0 388.0
1 899.0 389.0
1 1003.0 389.0
1 594.0 390.0
1 609.0 390.0
1 1060.0 390.0
1 710.0 391.0
1 962.0 393.0
1 677.0 394.0
1 898.0 394.0
1 994.0 394.0
1 605.0 395.0
1 621.0 395.0
1 671.0 396.0
1 879.0 397.0
1 709.0 398.0
1 969.0 398.0
1 591.0 399.0
1 890.0 399.0
1 860.0 400.0
1 685.0 401.0
1 660.0 402.0
1 1010.0 402.0
1 1078.0 402.0
1 987.0 403.0
1 874.0 404.0
1 997.0 404.0
1 884.0 405.0
1 946.0 405.0
1 955.0 406.0
1 1067.0 406.0
1 676.0 407.0
1 973.0 407.0
1 591.0 408.0
1 621.0 408.0
1 879.0 409.0
1 606.0 412.0
1 699.0 412.0
1 984.0 412.0
1 995.0 412.0
1 1089.0 412.0
1 666.0 413.0
1 866.0 413.0
1 1004.0 413.0
1 712.0 416.0
1 720.0 416.0
1 930.0 417.0
1 938.0 417.0
1 962.0 418.0
1 982.0 418.0
1 1067.0 418.0
1 875.0 419.0
1 972.0 419.0
1 729.0 420.0
1 854.0 420.0
1 695.0 421.0
1 860.0 421.0
1 738.0 423.0
1 992.0 423.0
1 1083.0 424.0
1 711.0 425.0
1 852.0 425.0
1 949.0 425.0
1 744.0 426.0
1 1078.0 426.0
1 677.0 427.0
1 749.0 427.0
1 1005.0 428.0
1 754.0 429.0
1 882.0 429.0
1 919.0 429.0
1 1096.0 429.0
1 688.0 430.0
1 718.0 430.0
1 866.0 430.0
1 958.0 430.0
1 976.0 430.0
1 701.0 431.0
1 840.0 431.0
1 1010.0 431.0
1 987.0 432.0
1 952.0 433.0
1 1003.0 433.0
1 1063.0 433.0
1 729.0 434.0
1 767.0 434.0
1 854.0 434.0
1 1030.0 434.0
1 933.0 435.0
1 774.0 436.0
1 874.0 436.0
1 838.0 437.0
1 1012.0 437.0
1 1091.0 437.0
1 710.0 439.0
1 1100.0 439.0
1 746.0 440.0
1 785.0 440.0
1 860.0 440.0
1 965.0 440.0
1 986.0 440.0
1 609.0 442.0
1 660.0 442.0
1 694.0 442.0
1 754.0 443.0
1 960.0 443.0
1 981.0 443.0
1 792.0 444.0
1 833.0 444.0
1 955.0 444.0
1 797.0 445.0
1 891.0 445.0
1 1080.0 445.0
1 1001.0 446.0
1 763.0 447.0
1 713.0 448.0
1 805.0 448.0
1 984.0 448.0
1 1006.0 448.0
1 900.0 449.0
1 1101.0 449.0
1 658.0 450.0
1 790.0 450.0
1 871.0 450.0
1 1088.0 450.0
1 774.0 451.0
1 811.0 451.0
1 1012.0 451.0
1 686.0 452.0
1 1119.0 452.0
1 1019.0 453.0
1 819.0 454.0
1 920.0 455.0
1 964.0 455.0
1 990.0 455.0
1 1029.0 455.0
1 1084.0 455.0
1 974.0 456.0
1 675.0 457.0
1 793.0 457.0
1 1120.0 457.0
1 997.0 458.0
1 662.0 459.0
1 732.0 459.0
1 798.0 459.0
1 828.0 459.0
1 980.0 459.0
1 1099.0 459.0
1 889.0 460.0
1 902.0 460.0
1 1002.0 460.0
1 684.0 461.0
1 819.0 461.0
1 726.0 462.0
1 1072.0 462.0
1 809.0 463.0
1 1009.0 463.0
1 1120.0 463.0
1 740.0 464.0
1 1067.0 464.0
1 1062.0 465.0
1 919.0 466.0
1 984.0 466.0
1 998.0 466.0
1 1027.0 466.0
1 1034.0 466.0
1 1039.0 466.0
1 1056.0 466.0
1 1044.0 467.0
1 767.0 468.0
1 817.0 468.0
1 1120.0 468.0
1 700.0 469.0
1 828.0 469.0
1 963.0 470.0
1 1069.0 471.0
1 742.0 472.0
1 662.0 474.0
1 762.0 474.0
1 1006.0 474.0
1 697.0 475.0
1 724.0 475.0
1 734.0 476.0
1 847.0 477.0
1 853.0 477.0
1 858.0 477.0
1 1062.0 477.0
1 1097.0 477.0
1 746.0 478.0
1 1024.0 478.0
1 755.0 479.0
1 901.0 479.0
1 1043.0 479.0
1 1119.0 479.0
1 613.0 480.0
1 912.0 480.0
1 863.0 481.0
1 767.0 483.0
1 1023.0 483.0
1 736.0 484.0
1 741.0 484.0
1 837.0 484.0
1 678.0 485.0
1 699.0 485.0
1 828.0 485.0
1 952.0 485.0
1 1070.0 485.0
1 845.0 486.0
1 708.0 487.0
1 797.0 487.0
1 1314.0 487.0
1 716.0 488.0
1 748.0 488.0
1 853.0 488.0
1 780.0 490.0
1 1108.0 490.0
1 724.0 491.0
1 754.0 491.0
1 897.0 491.0
1 939.0 491.0
1 1116.0 491.0
1 662.0 492.0
1 690.0 492.0
1 772.0 492.0
1 706.0 493.0
1 762.0 493.0
1 732.0 494.0
1 739.0 495.0
1 789.0 495.0
1 834.0 496.0
1 962.0 496.0
1 1031.0 496.0
1 1115.0 496.0
1 915.0 497.0
1 695.0 498.0
1 751.0 498.0
1 1076.0 498.0
1 709.0 499.0
1 1009.0 499.0
1 702.0 500.0
1 718.0 500.0
1 774.0 500.0
1 797.0 500.0
1 779.0 501.0
1 784.0 501.0
1 876.0 501.0
1 995.0 501.0
1 1026.0 501.0
1 757.0 502.0
1 690.0 503.0
1 695.0 503.0
1 852.0 503.0
1 930.0 503.0
1 709.0 504.0
1 953.0 504.0
1 1102.0 504.0
1 704.0 505.0
1 726.0 505.0
1 791.0 505.0
1 816.0 505.0
1 766.0 506.0
1 805.0 506.0
1 839.0 506.0
1 879.0 506.0
1 1001.0 506.0
1 716.0 507.0
1 744.0 507.0
1 1030.0 507.0
1 834.0 508.0
1 691.0 509.0
1 734.0 509.0
1 864.0 509.0
1 949.0 509.0
1 777.0 510.0
1 672.0 511.0
1 753.0 511.0
1 824.0 511.0
1 1079.0 511.0
1 462.0 512.0
1 618.0 512.0
1 724.0 512.0
1 790.0 512.0
1 812.0 512.0
1 710.0 513.0
1 921.0 513.0
1 687.0 514.0
1 696.0 514.0
1 742.0 514.0
1 898.0 516.0
1 963.0 516.0
1 704.0 517.0
1 732.0 517.0
1 912.0 517.0
1 1006.0 517.0
1 709.0 518.0
1 1110.0 518.0
1 751.0 519.0
1 784.0 519.0
1 852.0 520.0
1 662.0 521.0
1 740.0 521.0
1 671.0 522.0
1 689.0 522.0
1 828.0 522.0
1 718.0 523.0
1 729.0 523.0
1 960.0 523.0
1 981.0 523.0
1 864.0 524.0
1 795.0 525.0
1 838.0 525.0
1 920.0 525.0
1 930.0 525.0
1 913.0 526.0
1 620.0 527.0
1 647.0 527.0
1 707.0 527.0
1 908.0 527.0
1 935.0 527.0
1 680.0 528.0
1 790.0 528.0
1 940.0 528.0
1 664.0 529.0
1 737.0 529.0
1 818.0 529.0
1 992.0 529.0
1 837.0 530.0
1 885.0 530.0
1 903.0 530.0
1 672.0 532.0
1 1095.0 532.0
1 654.0 533.0
1 727.0 533.0
1 759.0 533.0
1 692.0 534.0
1 747.0 534.0
1 802.0 534.0
1 987.0 534.0
1 716.0 535.0
1 947.0 535.0
1 962.0 535.0
1 842.0 536.0
1 971.0 536.0
1 683.0 537.0
1 704.0 537.0
1 829.0 537.0
1 629.0 538.0
1 733.0 538.0
1 739.0 540.0
1 605.0 541.0
1 900.0 541.0
1 954.0 541.0
1 812.0 542.0
1 835.0 542.0
1 696.0 543.0
1 729.0 544.0
1 982.0 544.0
1 714.0 545.0
1 807.0 545.0
1 848.0 545.0
1 687.0 546.0
1 899.0 546.0
1 473.0 548.0
1 660.0 548.0
1 677.0 548.0
1 823.0 548.0
1 1019.0 548.0
1 1093.0 549.0
1 707.0 550.0
1 758.0 550.0
1 899.0 551.0
1 960.0 551.0
1 682.0 552.0
1 597.0 554.0
1 726.0 554.0
1 818.0 554.0
1 843.0 554.0
1 746.0 555.0
1 1043.0 555.0
1 1074.0 555.0
1 717.0 556.0
1 830.0 556.0
1 615.0 557.0
1 857.0 558.0
1 901.0 559.0
1 966.0 559.0
1 687.0 560.0
1 1036.0 560.0
1 1058.0 560.0
1 810.0 561.0
1 595.0 562.0
1 648.0 562.0
1 671.0 562.0
1 823.0 562.0
1 1100.0 562.0
1 653.0 563.0
1 738.0 563.0
1 754.0 563.0
1 791.0 564.0
1 903.0 564.0
1 765.0 565.0
1 781.0 565.0
1 718.0 566.0
1 1046.0 566.0
1 1073.0 566.0
1 594.0 567.0
1 845.0 568.0
1 967.0 568.0
1 1062.0 568.0
1 612.0 569.0
1 816.0 569.0
1 732.0 570.0
1 745.0 570.0
1 981.0 570.0
1 1031.0 571.0
1 593.0 572.0
1 641.0 572.0
1 655.0 573.0
1 773.0 573.0
1 789.0 574.0
1 625.0 575.0
1 738.0 575.0
1 910.0 575.0
1 968.0 575.0
1 859.0 577.0
1 1062.0 578.0
1 681.0 579.0
1 753.0 579.0
1 990.0 579.0
1 1055.0 579.0
1 966.0 580.0
1 589.0 581.0
1 833.0 581.0
1 1067.0 581.0
1 1033.0 583.0
1 612.0 584.0
1 747.0 584.0
1 753.0 585.0
1 782.0 585.0
1 963.0 585.0
1 1043.0 585.0
1 588.0 586.0
1 761.0 586.0
1 1056.0 586.0
1 620.0 587.0
1 912.0 587.0
1 1074.0 587.0
1 917.0 588.0
1 1024.0 588.0
1 384.0 590.0
1 735.0 590.0
1 873.0 590.0
1 959.0 590.0
1 587.0 591.0
1 263.0 592.0
1 646.0 592.0
1 754.0 592.0
1 952.0 592.0
1 1051.0 592.0
1 1015.0 595.0
1 1071.0 595.0
1 773.0 596.0
1 686.0 597.0
1 929.0 597.0
1 938.0 597.0
1 708.0 598.0
1 1079.0 598.0
1 854.0 600.0
1 1012.0 600.0
1 651.0 602.0
1 943.0 602.0
1 1083.0 603.0
1 1058.0 604.0
1 609.0 605.0
1 780.0 605.0
1 618.0 606.0
1 587.0 607.0
1 759.0 607.0
1 798.0 607.0
1 847.0 608.0
1 1011.0 608.0
1 1086.0 608.0
1 670.0 609.0
1 688.0 609.0
1 1071.0 609.0
1 1078.0 609.0
1 719.0 610.0
1 783.0 610.0
1 588.0 613.0
1 763.0 613.0
1 1013.0 613.0
1 878.0 614.0
1 787.0 615.0
1 974.0 615.0
1 1027.0 617.0
1 852.0 621.0
1 551.0 622.0
1 770.0 622.0
1 615.0 623.0
1 1056.0 623.0
1 1061.0 623.0
1 729.0 624.0
1 791.0 624.0
1 1024.0 624.0
1 590.0 625.0
1 712.0 625.0
1 680.0 626.0
1 1034.0 627.0
1 1039.0 627.0
1 1047.0 627.0
1 759.0 630.0
1 775.0 631.0
1 815.0 631.0
1 879.0 631.0
1 651.0 633.0
1 670.0 633.0
1 640.0 635.0
1 879.0 636.0
1 780.0 639.0
1 1054.0 640.0
1 878.0 641.0
1 626.0 642.0
1 617.0 643.0
1 877.0 646.0
1 659.0 647.0
1 1040.0 647.0
1 598.0 649.0
1 725.0 651.0
1 626.0 652.0
1 728.0 656.0
1 743.0 656.0
1 1083.0 656.0
1 479.0 657.0
1 873.0 658.0
1 703.0 660.0
1 722.0 662.0
1 861.0 662.0
1 867.0 663.0
1 606.0 664.0
1 714.0 664.0
1 734.0 665.0
1 1080.0 665.0
1 318.0 666.0
1 374.0 666.0
1 751.0 666.0
1 905.0 666.0
1 1044.0 666.0
1 404.0 668.0
1 609.0 669.0
1 684.0 669.0
1 74.0 671.0
1 730.0 671.0
1 752.0 671.0
1 865.0 671.0
1 171.0 672.0
1 441.0 672.0
1 361.0 673.0
1 639.0 674.0
1 717.0 674.0
1 708.0 675.0
1 734.0 677.0
1 903.0 678.0
1 759.0 679.0
1 8.0 681.0
1 709.0 681.0
1 1072.0 681.0
1 725.0 683.0
1 851.0 683.0
1 201.0 684.0
1 745.0 684.0
1 451.0 685.0
1 834.0 685.0
1 246.0 686.0
1 697.0 686.0
1 650.0 687.0
1 442.0 688.0
1 655.0 688.0
1 742.0 689.0
1 367.0 690.0
1 827.0 691.0
1 650.0 692.0
1 662.0 693.0
1 81.0 694.0
1 176.0 695.0
1 710.0 695.0
1 1001.0 697.0
1 666.0 698.0
1 763.0 698.0
1 656.0 699.0
1 340.0 702.0
1 670.0 703.0
1 160.0 704.0
1 315.0 704.0
1 661.0 704.0
1 679.0 708.0
1 764.0 708.0
1 202.0 710.0
1 1001.0 711.0
1 429.0 713.0
1 672.0 713.0
1 762.0 714.0
1 399.0 715.0
1 1043.0 717.0
1 696.0 719.0
1 751.0 719.0
1 762.0 719.0
1 1072.0 719.0
1 995.0 722.0
1 1042.0 722.0
1 710.0 724.0
1 717.0 726.0
1 740.0 726.0
1 756.0 726.0
1 684.0 727.0
1 662.0 728.0
1 726.0 728.0
1 1039.0 728.0
1 806.0 732.0
1 703.0 735.0
1 743.0 735.0
1 708.0 736.0
1 726.0 737.0
1 763.0 737.0
1 794.0 739.0
1 423.0 741.0
1 753.0 743.0
1 663.0 746.0
1 1061.0 750.0
1 701.0 751.0
1 706.0 754.0
1 722.0 759.0
1 727.0 759.0
1 732.0 760.0
1 863.0 760.0
1 1066.0 766.0
1 50.0 767.0
1 1224.0 782.0
1 697.0 786.0
1 881.0 786.0
1 378.0 789.0
1 1127.0 791.0
1 199.0 798.0
1 910.0 798.0
1 1326.0 810.0
1 168.0 811.0
1 771.0 819.0
1 113.0 820.0
1 95.0 832.0
1 292.0 833.0
1 1331.0 833.0
1 322.0 838.0
1 437.0 838.0
1 861.0 839.0
1 1403.0 839.0
1 324.0 851.0
1 412.0 852.0
1 217.0 853.0
1 135.0 856.0
1 735.0 857.0
1 425.0 861.0
1 414.0 862.0
1 438.0 862.0
1 495.0 863.0
1 631.0 863.0
1 170.0 864.0
1 541.0 864.0
1 615.0 864.0
1 996.0 864.0
1 335.0 866.0
1 730.0 866.0
1 160.0 867.0
1 743.0 868.0
1 479.0 869.0
1 687.0 870.0
1 232.0 872.0
1 495.0 874.0
1 250.0 875.0
1 640.0 878.0
1 441.0 883.0
1 421.0 884.0
1 554.0 884.0
1 490.0 894.0
1 236.0 895.0
1 726.0 895.0
1 757.0 895.0
1 767.0 896.0
1 1005.0 896.0
1 527.0 898.0
1 961.0 899.0
1 1023.0 899.0
1 502.0 901.0
1 685.0 901.0
1 308.0 903.0
1 550.0 903.0
1 759.0 903.0
1 672.0 905.0
1 1430.0 905.0
1 711.0 906.0
1 751.0 906.0
1 1129.0 906.0
1 650.0 908.0
1 610.0 911.0
1 541.0 912.0
1 940.0 912.0
1 962.0 912.0
1 753.0 914.0
1 635.0 918.0
1 499.0 919.0
1 967.0 919.0
1 976.0 920.0
1 711.0 921.0
1 751.0 923.0
1 311.0 924.0
1 610.0 924.0
1 944.0 925.0
1 1134.0 925.0
1 787.0 926.0
1 740.0 928.0
1 895.0 928.0
1 747.0 930.0
1 1441.0 933.0
1 1105.0 936.0
1 667.0 937.0
1 854.0 940.0
1 1293.0 940.0
1 726.0 941.0
1 1039.0 944.0
1 897.0 945.0
1 617.0 946.0
1 554.0 947.0
1 1119.0 947.0
1 1130.0 950.0
1 855.0 951.0
1 323.0 953.0
1 572.0 953.0
1 689.0 953.0
1 596.0 955.0
1 623.0 955.0
1 662.0 955.0
1 752.0 955.0
1 337.0 956.0
1 835.0 956.0
1 541.0 958.0
1 607.0 958.0
1 1066.0 958.0
1 1120.0 959.0
1 852.0 960.0
1 367.0 961.0
1 1082.0 961.0
1 656.0 962.0
1 875.0 962.0
1 580.0 963.0
1 807.0 963.0
1 272.0 964.0
1 23.0 966.0
1 531.0 966.0
1 790.0 967.0
1 1071.0 967.0
1 541.0 968.0
1 88.0 969.0
1 551.0 969.0
1 1000.0 969.0
1 729.0 972.0
1 748.0 973.0
1 762.0 975.0
1 829.0 978.0
1 705.0 979.0
1 520.0 983.0
1 649.0 983.0
1 807.0 983.0
1 55.0 984.0
1 668.0 984.0
1 217.0 985.0
1 740.0 985.0
1 775.0 985.0
1 75.0 988.0
1 266.0 990.0
1 785.0 990.0
1 699.0 991.0
1 795.0 991.0
1 828.0 991.0
1 883.0 991.0
1 930.0 991.0
