0 3 3 276.51981132549713
0 6 4 340.09727017529065
0 2 6 153.68688036413164
0 8 7 282.6518728836025
0 5 8 173.19868256312168
0 1 9 409.2782279751862
0 9 10 325.0617293518612
0 12 11 240.30505759218923
0 16 14 198.27088083869026
0 18 16 106.56122764677258
0 19 17 109.06588679201616
0 20 18 180.12286031033082
0 21 19 116.43200359985882
0 23 20 191.88467624381175
0 25 21 116.92567422530506
0 26 22 195.04215434812153
0 27 23 105.55494212798465
0 28 24 159.84382629390896
0 31 27 240.34747003413344
0 33 29 194.05029581966198
0 36 30 242.2389947059542
0 34 31 237.06574126918477
0 35 32 119.3361391226513
0 39 35 253.34212275375432
0 42 36 213.25613146384205
0 37 37 103.59104409931967
0 43 40 154.13221428373907
0 47 41 358.0743204342937
0 44 42 195.3310461759815
0 48 43 112.41619064446944
0 51 46 175.5549314426899
0 50 47 147.58203707738727
0 54 49 113.00048561900932
0 56 50 247.14680370908408
0 53 51 284.20771069291277
0 55 52 146.0803779146587
0 59 53 124.74676405766101
0 63 55 110.78078549611152
0 60 56 119.52669264488212
0 65 57 136.00919762821562
0 64 60 106.09426794158585
0 76 62 206.63639520016574
0 70 63 186.22842075292945
0 85 65 194.57139235453405
0 73 67 165.9895155972434
0 78 68 305.4505387508641
0 74 69 164.45103838951604
0 75 70 149.20724278579328
0 83 71 321.7971767873616
0 79 73 108.54420908540277
0 77 74 126.88373637957268
0 82 76 121.17114371317858
0 95 77 259.09261766192964
0 86 79 118.69088966296806
0 89 81 108.6369997433203
0 87 82 115.41151410568922
0 88 83 110.96439363339654
0 81 84 109.64573323014379
0 91 85 121.68484155099793
0 94 89 163.46205784360302
0 72 91 451.19937628412634
0 102 94 187.01113636589105
0 97 95 119.98970406186776
0 98 96 123.10724949057574
0 99 97 108.93459995473074
0 101 100 126.96483633159062
0 92 101 244.94535337624433
0 104 102 104.28813464079394
0 119 105 423.149327202619
0 106 107 104.55303048762514
0 107 108 124.06179154544972
0 108 109 125.55921477294372
0 113 111 110.53673568013609
0 109 112 243.31190561876195
0 112 114 107.1523342072573
0 120 115 121.14808810963828
0 114 119 193.74221957800145
0 115 120 223.1588913547294
0 134 121 304.45882990013257
0 118 124 192.49593345098418
0 116 125 106.12265500700886
0 123 127 120.08168340943706
0 124 128 192.9429136914448
0 126 130 144.24994220016978
0 125 131 107.37195593512172
0 130 133 190.2124769706074
0 128 134 104.8671363552123
0 133 136 338.87765617722164
0 135 137 183.41047034335588
0 138 139 116.26246052882419
0 132 140 107.92962798370726
0 150 141 252.6263039969162
0 145 144 190.31371581923685
0 140 145 104.93601343604008
0 144 146 105.27867522138233
0 148 151 117.89815254279927
0 137 152 123.9996325217647
0 146 153 378.4132852772467
0 151 155 220.8486352007815
0 149 156 115.16396908535573
0 147 157 390.05102541971445
0 153 158 162.96786727279792
0 158 159 106.29575499109072
0 154 162 104.16170217785611
0 143 163 128.17296779284055
0 161 165 126.87890016006182
0 155 166 165.11673613775895
0 156 167 172.53266401215703
0 168 168 175.49049521531225
0 162 169 104.94326650023498
0 157 170 103.4373406643407
0 171 172 170.97414672240248
0 172 173 111.15149063446299
0 163 174 104.45007497622089
0 159 175 108.87207400739791
0 164 176 110.86998944577813
0 160 177 126.75214815569198
0 165 178 104.20203892262802
0 167 180 133.5997383622525
0 170 182 134.14718804263964
0 178 184 123.50453917690662
0 181 185 158.5383625863731
0 184 186 105.69506160877442
0 177 187 113.10377726157283
0 175 191 231.9945501272621
0 180 192 126.03434803061566
0 190 193 179.93418120920177
0 185 194 118.90269048866556
0 183 195 132.8852188106716
0 174 196 243.852686211258
0 187 197 107.93436347337664
0 179 198 151.99490632914697
0 189 200 203.41649716015334
0 191 201 302.40426046194057
0 192 202 140.68477055185423
0 197 203 118.2231980425529
0 193 205 160.05524062307498
0 198 206 321.06880452066406
0 196 208 104.48544895219452
0 200 210 118.01665633439231
0 194 212 139.40622702489986
0 204 213 106.26945614327347
0 203 214 132.51075624068895
0 199 215 160.5230052902925
0 206 217 103.45988284769831
0 212 218 126.47672509936253
0 207 219 275.0944359312619
0 216 220 158.43543317467015
0 205 221 145.1239307119787
0 210 222 225.47310676155936
0 217 223 112.63435453296249
0 215 224 150.74191164195605
0 211 225 211.99467271840464
0 227 226 110.7787227299139
0 219 227 108.35959239698383
0 218 228 168.19265846542942
0 220 229 139.4211135711913
0 224 230 131.5657828286789
0 222 231 173.0586697130597
0 225 232 251.43606480723471
0 236 233 313.8577829302064
0 221 234 187.96880678933198
0 232 235 130.65520988048127
0 223 236 124.18240848595265
0 228 237 173.1405560818746
0 229 238 218.9012686050472
0 240 240 164.08007928006379
0 233 241 124.70828248719687
0 239 242 202.17216900999756
0 245 245 103.39562464093639
0 234 246 107.67917807257331
0 238 247 158.23580991461864
0 248 250 116.17994564812437
0 235 251 243.96016245964285
0 249 254 157.82948633029108
0 252 256 112.38322312970621
0 250 257 103.38802962342888
0 257 258 103.97382895227001
0 246 259 341.2731009083988
0 247 260 210.1135490247573
0 254 262 121.55957396660295
0 255 264 123.2660792310682
0 259 265 115.99583147724186
0 265 266 106.66442197649167
0 260 267 191.0039297781277
0 256 268 227.7407215379855
0 264 269 103.63061993686131
0 272 271 107.42260335330671
0 273 272 104.83943656761465
0 282 274 104.10078081716043
0 279 275 106.0571460937501
0 271 277 108.06290098359355
0 274 279 107.82828959617903
0 275 280 103.74587220172037
0 281 282 106.92352284668216
0 270 284 105.97211536050362
0 278 285 370.3043444481329
0 288 286 113.6057004584595
0 277 288 123.08717169687388
0 267 289 118.31670160103842
0 266 290 103.71945401872318
0 285 291 117.45844673023124
0 276 292 176.16910167935492
0 280 293 130.26715253973032
0 296 294 105.27330454088737
0 286 295 125.27986176605219
0 290 297 178.8589082892153
0 300 298 132.24104180353743
0 297 299 105.9653485076302
0 287 300 103.40986830682127
0 289 301 161.990273563744
0 293 302 160.99335758614214
0 310 304 128.8972318068206
0 299 305 114.28508369638037
0 295 306 169.40160011114912
0 307 308 103.80059850541932
0 308 310 338.61921954693986
0 311 312 271.6987316543571
0 317 313 103.68790965220221
0 314 314 103.71277944815893
0 302 315 133.19327987940434
0 309 316 117.5953521520857
0 318 318 114.65504563180629
0 319 320 198.01690575451414
0 332 321 112.77532281579357
0 333 322 134.24355646026297
0 339 323 117.0793771488032
0 325 324 146.74865428921805
0 320 325 169.67645583144187
0 327 326 152.37646829734726
0 322 327 141.1809889711609
0 323 328 179.8338308346789
0 329 329 104.98631322000773
0 315 330 103.4012897722668
0 335 331 128.23176655194212
0 328 332 129.77166761368778
0 321 333 115.12635258170111
0 340 334 186.19378176043583
0 324 336 169.99391243799968
0 346 338 105.20726951112893
0 330 339 115.82416493005145
0 331 340 181.47828968027372
0 338 342 166.69035625692817
0 343 343 228.67306925752538
0 367 344 128.56384986185523
0 358 346 135.8043464764054
0 345 347 123.08406532696017
0 342 348 119.82423053722302
0 352 349 116.33960659038016
0 365 351 105.46584128151575
0 355 352 103.60428600170167
0 347 353 111.0728625154538
0 344 355 316.18035975535867
0 348 356 173.2049586959446
0 371 358 103.57968562855766
0 353 359 109.99995344879213
0 368 362 106.05653599677605
0 356 363 179.76694780182368
0 354 364 126.4706327995784
0 402 367 182.3429281047513
0 378 368 103.37422509609453
0 359 369 224.47758989340696
0 410 370 162.9664584047482
0 379 371 114.15387801797617
0 362 372 125.95359994282349
0 374 373 131.30650521165143
0 366 374 109.99171778338696
0 364 375 122.81426618267766
0 372 377 109.14850752381156
0 377 378 108.51258883759594
0 373 379 159.88559516710865
0 375 380 127.14356192911367
0 363 381 107.20768629020682
0 381 382 191.4397839087217
0 396 385 104.38271085695628
0 389 386 111.55221070935309
0 384 387 132.52232222375548
0 409 388 497.05921281997473
0 431 389 145.26490307629993
0 418 390 288.0917485795218
0 393 391 111.56715824876461
0 382 392 110.96175159239672
0 369 393 138.05489193272632
0 395 394 117.20175795483505
0 391 395 111.95982017523751
0 388 396 106.7937438780735
0 383 397 118.11512179351882
0 420 398 191.11689797015669
0 390 399 104.03329220918056
0 419 400 109.34672025327808
0 386 401 169.88727354435457
0 449 402 152.45569827300278
0 426 404 149.2747097090484
0 425 405 197.78136887418498
0 417 406 112.9843754661463
0 407 407 221.9355541947952
0 450 408 226.3046459434062
0 421 410 110.17948247635525
0 422 412 161.57045578229784
0 394 413 148.76635116405046
0 401 414 119.21084671865303
0 464 415 104.11134936860384
0 406 416 112.47253920801099
0 444 417 458.56223852678147
0 408 418 262.4145945494889
0 441 419 110.4255822312473
0 413 420 108.98333441057221
0 399 421 107.62040410919009
0 416 422 118.10965872823505
0 451 423 116.22576562572849
0 442 424 112.33179238711327
0 400 425 112.77817322415653
0 414 426 112.79769026221614
0 423 427 162.08113477939878
0 471 428 163.48950341129023
0 435 429 148.82453461108304
0 415 431 182.7898645267479
0 477 433 174.00727570676258
0 424 434 153.14290805117682
0 452 435 116.17922157530542
0 438 436 168.51280749148657
0 448 437 185.0948746579507
0 473 438 108.76725953795288
0 445 439 103.49787723201244
0 456 440 233.2971370748
0 434 441 181.50061220643786
0 436 443 109.88608332319218
0 440 444 299.6928977788321
0 474 445 120.29871441860158
0 467 446 107.89890600137089
0 443 447 112.85531021559143
0 447 448 122.69708069980827
0 478 449 109.25316909557618
0 482 452 108.9617675570238
0 479 453 108.66124617436638
0 475 454 103.71535043461655
0 486 455 196.7885304155003
0 457 456 104.74913881357972
0 460 457 143.58305325855392
0 459 459 125.33943449685012
0 437 460 280.97054084332444
0 481 461 186.9075492989191
0 496 462 107.38040874562071
0 491 463 177.9675092814637
0 458 464 130.64056972477843
0 463 465 144.91178909642008
0 497 466 128.71806832549746
0 492 468 103.72083905165121
0 522 469 107.14487522384096
0 470 470 109.17952613168585
0 472 471 219.44952846819677
0 495 472 109.06354707896841
0 498 473 107.29135004444248
0 480 474 189.3569171099836
0 529 475 191.5201184288452
0 506 477 104.38171722730341
0 476 478 161.41921619216808
0 540 479 103.76486517544552
0 545 480 105.66064733490713
0 483 481 109.90222188682725
0 502 483 107.32829054021764
0 493 484 116.1781193928956
0 485 485 111.9530962803584
0 489 486 180.9951986239493
0 516 487 113.53610854499637
0 510 488 103.96937017632672
0 499 489 159.77675540509796
0 523 491 104.75758269791918
0 530 492 107.00258041465342
0 524 493 125.28482009907955
0 514 494 144.85996374100853
0 488 495 108.24344829753126
0 487 496 115.92074238067751
0 535 497 104.82218975402371
0 531 498 114.74583683224864
0 525 499 120.70041165094698
0 503 500 118.10408808619847
0 505 501 105.90911868486266
0 526 502 108.34264429624683
0 518 503 103.99514873247122
0 507 504 242.02101171760722
0 504 505 118.1188389624516
0 541 506 121.01754995164626
0 500 507 149.0118510724905
0 577 508 103.37186206944145
0 578 509 116.67904703717834
0 549 510 174.99712635825207
0 542 511 116.75162023233531
0 501 512 162.8268006920608
0 550 513 108.63927898171397
0 551 514 111.37235367107814
0 512 515 129.14435901130747
0 519 516 126.50145308539457
0 513 517 125.76036366517516
0 556 519 120.78498792309658
0 557 520 106.62176370221688
0 511 521 139.25820664101278
0 520 522 180.43594880533303
0 527 523 127.7709477265373
0 565 524 110.62242494790058
0 562 525 107.38440195876562
0 558 526 114.02663106379285
0 536 527 115.40336903062487
0 528 528 113.66177733783928
0 579 529 108.27917454343363
0 569 530 109.21836863045627
0 553 531 151.38170002248546
0 561 532 103.74695641069958
0 554 533 254.17243750001893
0 538 534 126.24691206226044
0 544 535 105.28118569047741
0 585 536 108.93578825394223
0 560 537 118.64143620974592
0 539 539 159.24312981569722
0 586 540 109.1202460100761
0 552 541 118.12700591359682
0 533 542 231.61542256949136
0 593 543 120.08254289136173
0 594 544 160.99335758614214
0 598 545 106.98038503515635
0 591 546 106.42630376252771
0 583 547 106.34493359469708
0 555 548 107.18090008181727
0 590 549 113.97950053069049
0 564 550 153.64892026321735
0 629 551 103.80010400293757
0 592 552 120.11226274786573
0 584 553 103.56166172815318
0 623 554 205.63400755628143
0 566 555 185.57491867306294
0 612 556 163.57200707395705
0 595 557 120.06467679279939
0 570 558 172.20257051392522
0 606 559 144.85968857251626
0 607 560 108.71929579679
0 572 561 215.08476425400573
0 580 563 183.22933143069392
0 581 564 113.98705087900095
0 573 565 108.07635012369967
0 644 566 137.5381746114701
0 575 568 179.207899957626
0 588 569 109.85333848162601
0 589 570 130.60861491958258
0 582 571 114.20119176942451
0 608 572 191.73338831059655
0 621 573 163.9130405472673
0 620 575 155.32212841068727
0 613 576 106.86760600917277
0 587 577 116.83582817129945
0 596 579 104.76102997305796
0 654 580 103.91311422113519
0 653 581 112.22883926290477
0 616 582 107.61537859573906
0 605 583 182.8843710818588
0 635 585 107.3162693898563
0 624 586 110.9084826081119
0 622 587 108.06980612808526
0 601 588 182.48088581653298
0 631 589 111.11216634410313
0 610 590 127.62092092024324
0 600 592 259.9757413850344
0 641 593 157.5066632243528
0 604 594 111.56833048325817
0 602 595 131.9879136281332
0 675 596 163.38803423264903
0 669 597 137.12032392573775
0 609 598 104.40680404725025
0 611 599 132.7607058059212
0 639 601 117.59097553274292
0 627 604 150.5396323657209
0 649 605 123.58848547601691
0 625 606 159.4323040070808
0 619 607 176.8124012642393
0 662 608 149.0179658621174
0 642 609 103.99411089868053
0 628 610 121.17512574005471
0 630 611 106.53943146510821
0 687 612 139.06252162851496
0 683 613 137.00503515807557
0 665 615 119.11413226219796
0 632 616 114.16285754452511
0 682 617 199.54598728260092
0 636 618 137.9949250895512
0 712 619 195.18542609429298
0 670 620 175.90570560639924
0 655 621 163.72619111051517
0 680 622 279.95469588045387
0 633 623 115.89460544739771
0 637 624 103.87125157891307
0 707 625 104.59391873087944
0 679 626 110.40267800532824
0 638 627 110.67275463426711
0 651 628 124.2678866198459
0 708 629 105.42109552202061
0 650 630 114.99719759200599
0 640 631 119.08392373531301
0 676 632 144.20318729893725
0 701 636 104.86273171993355
0 647 637 106.54684698553211
0 648 639 158.8246765516565
0 709 640 103.61846562649733
0 656 641 105.0771126556572
0 657 642 110.97121948835103
0 658 643 146.9023974544367
0 652 644 114.98217583335646
0 661 646 105.24560106402265
0 716 647 105.01435361295863
0 713 648 105.37028571076861
0 696 649 131.85487803718343
0 660 650 106.37100005141906
0 719 651 103.73706464553167
0 684 652 103.598553825539
0 694 653 103.6081376638429
0 667 654 110.29165611008698
0 663 655 103.92758452346965
0 720 657 105.42556706436336
0 671 659 125.25501052787024
0 664 660 243.45000654434878
0 677 661 107.36888438976868
0 738 662 103.48643066529254
0 674 663 107.77056425967612
0 668 664 124.12854037754654
0 740 666 103.38817616102835
0 673 668 140.40618097259215
0 678 669 135.95375962368757
0 685 671 119.1063017689014
0 705 672 405.77846539375474
0 734 673 105.79358894186524
0 741 674 103.37565825114076
0 689 675 123.91534660397883
0 691 676 111.05310708719136
0 686 677 144.5716612342764
0 749 678 168.99592710654935
0 735 679 150.1215712265652
0 681 681 124.19668498242524
0 718 682 111.3222869763625
0 695 683 104.25412499745225
0 692 684 104.82353890132825
0 729 685 104.58528606141759
0 698 686 121.74491296842017
0 751 688 112.32274514674174
0 703 690 106.67449330426999
0 704 691 142.0369892508075
0 706 692 114.54619650690829
0 710 693 103.51055887270017
0 752 694 103.59953899817565
0 732 695 111.42446342841427
0 753 696 200.0219369151547
0 772 698 120.43514883674654
0 812 699 284.0245405420047
0 750 700 130.36215768233257
0 721 703 106.94804662484674
0 717 704 112.5609023327187
0 774 705 103.36643579718974
0 722 706 103.43389067640283
0 730 707 162.88737924988885
0 723 708 106.37348869736793
0 783 709 103.43077886991323
0 769 710 104.52705930670736
0 725 711 107.86649544037343
0 758 713 108.81934508941595
0 728 714 103.38487598010862
0 726 715 109.3282650817563
0 724 716 182.57245046900502
0 791 719 113.21703649837582
0 731 720 105.0172064630977
0 727 721 108.53215274573367
0 756 722 339.7060245359879
0 743 723 112.30244492468361
0 744 724 120.9009262201814
0 737 725 190.5152840074261
0 786 726 104.06038041806963
0 745 727 114.7948758230612
0 763 728 154.9797301279414
0 760 729 224.55680483217213
0 800 730 103.99619303334275
0 773 731 103.365499631784
0 770 732 219.20563966764846
0 742 733 107.87503323430288
0 813 734 104.87263611420288
0 830 735 107.37845692161314
0 777 736 225.55742296466858
0 765 737 139.1279080422558
0 747 738 113.67196577946717
0 804 739 103.99247361295463
0 757 740 133.53088784282065
0 754 741 117.0800471217221
0 761 742 108.7488514008243
0 766 744 120.37446257480077
0 764 745 113.59047859046439
0 837 747 177.30308746677656
0 794 748 173.2997997321774
0 796 749 103.2225166281661
0 810 750 196.3639027938044
0 768 751 205.79939068119924
0 767 752 118.20290775268496
0 802 754 143.9311459146369
0 775 756 104.49177429818207
0 850 757 112.53037080281945
0 797 758 143.40802558317688
0 814 759 149.9394288969428
0 782 760 108.76710440697212
0 776 761 103.39636381295885
0 780 762 127.70668928723885
0 806 763 106.0121451439676
0 863 764 114.03810197962349
0 808 765 139.19586199435224
0 785 767 122.37437513430227
0 883 771 103.46614843602664
0 787 772 109.10484712706841
0 781 773 118.39960683113956
0 880 774 103.70862510602845
0 821 775 141.98701914967822
0 789 776 112.93116167963908
0 847 779 107.76130930007241
0 831 780 108.56388274889245
0 836 781 148.36369604696358
0 798 783 110.30527415080431
0 795 784 120.40752437939287
0 888 785 109.08211156374479
0 832 786 106.22481965376357
0 799 787 107.5519718323493
0 839 788 271.3289732901194
0 853 789 153.5576647966378
0 840 790 121.83341939821297
0 805 791 105.1213165327693
0 895 793 115.38603480380947
0 852 794 104.49406514735236
0 834 795 140.12967570382997
0 816 796 109.55657746967987
0 811 797 105.87902822011802
0 819 798 120.30916123428712
0 893 799 104.45381419613469
0 838 800 106.89395659665544
0 859 801 107.42506578636065
0 827 802 109.00588716473341
0 894 803 103.83426143641343
0 815 805 129.16296134053061
0 818 806 116.7190006583404
0 823 807 165.8978789432747
0 913 808 149.68440168006242
0 826 809 116.21224847614089
0 820 810 110.50864610175346
0 915 811 114.68577684309538
0 870 812 110.23545021833263
0 858 813 129.60901795838566
0 824 814 106.20157428497801
0 825 815 142.4351175938428
0 822 816 166.57529981331137
0 911 818 103.53756081063985
0 881 819 109.08455846257577
0 857 820 121.10102418084263
0 878 821 192.730510569025
0 833 822 284.03591263413637
0 841 823 104.70374439160057
0 872 824 104.13657139672053
0 882 825 108.77804927814955
0 927 826 153.39153487479922
0 871 827 140.73569334861494
0 877 828 103.57168630894019
0 926 829 129.73379589533957
0 842 831 111.55603808482219
0 843 832 134.8585217519566
0 896 833 104.23856624453605
0 861 834 199.28582543323353
0 884 835 133.794562557543
0 854 836 118.83552459998977
0 860 837 112.17276456004063
0 846 838 117.14269894504503
0 947 839 112.07166722845399
0 928 840 107.13669890773316
0 855 842 108.28598854017626
0 849 843 112.74902398451412
0 955 844 104.10425605755552
0 903 845 198.9254346910014
0 864 846 105.8640829188353
0 938 847 110.78838620900785
0 868 848 120.39857248759036
0 930 849 109.20587062685003
0 901 850 116.22970301639111
0 856 851 113.86221539478503
0 942 852 108.946859072685
0 904 853 135.74575827274262
0 874 854 117.05715800154599
0 958 855 103.99658626318056
0 906 856 199.06511672277327
0 869 857 110.2502208163169
0 862 858 138.56628155972234
0 902 860 214.04363042768946
0 876 861 111.90441696928562
0 907 862 105.56425371211475
0 885 865 107.31043485079775
0 914 866 103.36722550092135
0 908 867 131.21011915198858
0 879 868 112.27245913805548
0 959 869 104.87798565846236
0 916 870 113.03939874621334
0 889 872 163.827568943255
0 971 873 104.51040988645657
0 951 875 179.1580098414434
0 925 876 104.57491439858417
0 887 877 112.32547495851036
0 940 878 177.56080297047768
0 941 879 107.91089146292853
0 899 880 103.76298481759949
0 897 881 183.10758504428543
0 890 882 122.35394673365406
0 891 883 167.8996966095446
0 984 884 109.4316872176473
0 898 885 104.83123494441149
0 939 886 103.397249558871
0 917 887 127.75645062014422
0 892 888 131.47874181393345
0 956 890 120.52373450810074
0 945 891 104.61257120509487
0 946 892 112.25918483363613
0 900 893 103.91053985652144
0 948 894 107.69484077294591
0 944 895 129.36840009506068
0 995 896 105.00238516384279
0 932 897 172.76942935950913
0 910 898 105.20716395312976
0 986 899 103.76268961402471
0 953 900 151.96781153589046
0 993 903 103.80480517808354
0 963 905 113.20375178192232
0 957 906 157.9052157368588
0 965 907 106.28926996487121
0 909 908 182.0480790849123
0 918 909 117.13667118860388
0 969 911 117.00447843050175
0 972 912 103.94428702553222
0 970 913 111.95181136125765
0 949 914 153.3413721431203
0 1001 915 105.37806886826968
0 973 916 104.6525855848393
0 924 918 104.5213222434297
0 999 919 138.48205579771925
0 976 920 149.0399938526347
0 934 921 145.22015280422244
0 912 922 166.76763514967593
0 1002 923 120.82588908906648
0 977 924 104.61531746321253
0 980 925 109.18093293473294
0 937 926 111.43264120718979
0 974 927 136.50826016087376
0 950 928 187.47721516837308
0 987 929 134.0891204428009
0 978 930 181.08463301286756
0 935 931 104.31837830255411
0 936 932 189.93511926123583
0 929 933 143.4911967056207
0 1008 934 106.3391570126846
0 985 935 106.63233527210122
0 954 936 109.6868874240768
0 1017 938 105.78107539955532
0 988 939 107.06647506373044
0 981 940 114.93213426026844
0 1014 941 105.24841367206781
0 952 942 203.17066649099215
0 1009 943 105.81114357309485
0 990 944 104.6117754042719
0 968 945 122.52151091316166
0 961 946 103.60502816017203
0 997 947 104.51828139943673
0 1021 948 105.20064615703733
0 994 949 130.30424332631375
0 975 950 126.49071386754495
0 1005 951 125.64599724132064
0 1022 952 112.24061208713539
0 1020 953 108.29693466235766
0 1024 954 111.29526598211153
0 1004 955 106.8037784509329
0 1003 956 115.31777242777044
0 1006 958 121.64080802620336
0 1034 959 103.44986713920312
0 1010 960 156.23861017315656
0 1026 961 114.07497955250845
0 1027 962 103.89770211735056
0 1011 963 120.40815520961851
0 1012 964 142.97758731389163
0 1013 965 130.17636626007348
0 1018 966 179.96902045422365
0 1032 967 118.34435160058374
0 1025 968 161.56844859306193
0 1015 971 109.55871659724947
0 998 972 166.03574161066155
0 1044 973 209.99174600500447
0 1019 974 107.01834725153543
0 1033 975 161.61484452297265
0 1036 976 186.40787745081482
0 1050 977 117.20192989141654
0 1046 979 106.48645677525562
0 1028 980 105.11434836552958
0 1049 981 113.5457980203477
0 1055 982 103.79856914861894
0 1060 984 111.94071148592192
0 1030 985 131.72164497858225
0 1063 987 167.2502222314822
0 1056 988 119.45973876982903
0 1029 989 107.28940831775418
0 1058 991 107.81641254808282
0 1035 992 103.79451067305887
0 1040 993 111.55162475838382
0 1057 994 195.20888606123873
0 1039 995 108.16497392843138
0 1038 996 103.84198643195062
0 1071 997 103.82955759288346
0 1073 998 117.62030757836737
0 1065 999 144.44335869145317
0 1048 1000 135.81574694380052
0 1047 1001 123.9944271589604
0 1074 1002 144.2835237509621
0 1045 1003 178.68944159975527
0 1067 1004 255.3429990658953
0 1061 1005 180.42492711903267
0 1078 1006 188.74626818320246
0 1076 1007 160.82578862048297
0 1068 1008 103.57524140956083
0 1062 1009 123.91924560689513
0 1064 1012 149.02435913333375
0 1066 1013 134.48567726337956
0 1070 1014 122.07579589090753
0 1081 1015 135.10574020073216
0 1080 1016 103.63363495437139
0 1079 1018 103.49516379007649
0 1082 1019 117.47754444633583
0 1083 1021 103.43497475132799

0 527.0 29.0
0 402.0 50.0
0 797.0 53.0
0 928.0 98.0
0 920.0 99.0
0 933.0 99.0
0 504.0 100.0
0 915.0 102.0
0 106.0 103.0
0 940.0 103.0
0 944.0 109.0
0 906.0 113.0
0 945.0 117.0
0 121.0 118.0
0 904.0 118.0
0 945.0 122.0
0 914.0 128.0
0 907.0 134.0
0 936.0 138.0
0 914.0 140.0
0 937.0 143.0
0 911.0 146.0
0 901.0 149.0
0 924.0 150.0
0 941.0 150.0
0 888.0 162.0
0 798.0 163.0
0 873.0 164.0
0 951.0 166.0
0 832.0 169.0
0 1031.0 169.0
0 837.0 170.0
0 822.0 172.0
0 1014.0 172.0
0 991.0 173.0
0 844.0 174.0
0 1004.0 175.0
0 437.0 176.0
0 980.0 176.0
0 1044.0 178.0
0 793.0 180.0
0 777.0 185.0
0 787.0 185.0
0 823.0 187.0
0 1040.0 190.0
0 1049.0 190.0
0 775.0 194.0
0 786.0 194.0
0 1058.0 195.0
0 832.0 200.0
0 796.0 201.0
0 786.0 202.0
0 804.0 207.0
0 774.0 208.0
0 1049.0 208.0
0 922.0 210.0
0 790.0 212.0
0 776.0 215.0
0 1033.0 217.0
0 1061.0 217.0
0 815.0 219.0
0 874.0 219.0
0 861.0 220.0
0 981.0 221.0
0 1048.0 221.0
0 781.0 222.0
0 1022.0 222.0
0 959.0 223.0
0 475.0 224.0
0 846.0 224.0
0 851.0 224.0
0 464.0 225.0
0 1017.0 226.0
0 804.0 227.0
0 884.0 227.0
0 994.0 227.0
0 912.0 228.0
0 450.0 229.0
0 493.0 229.0
0 832.0 229.0
0 499.0 231.0
0 867.0 231.0
0 905.0 231.0
0 925.0 231.0
0 817.0 232.0
0 979.0 232.0
0 1009.0 232.0
0 1049.0 232.0
0 1054.0 232.0
0 947.0 233.0
0 1034.0 234.0
0 504.0 235.0
0 1024.0 235.0
0 939.0 236.0
0 960.0 236.0
0 852.0 237.0
0 885.0 237.0
0 909.0 237.0
0 1017.0 238.0
0 495.0 239.0
0 841.0 239.0
0 780.0 240.0
0 472.0 241.0
0 511.0 241.0
0 1045.0 241.0
0 938.0 242.0
0 994.0 242.0
0 459.0 243.0
0 817.0 243.0
0 828.0 244.0
0 926.0 244.0
0 439.0 245.0
0 783.0 245.0
0 1032.0 245.0
0 802.0 246.0
0 504.0 247.0
0 517.0 247.0
0 1003.0 247.0
0 1023.0 247.0
0 265.0 248.0
0 270.0 248.0
0 914.0 248.0
0 255.0 249.0
0 260.0 249.0
0 275.0 249.0
0 446.0 249.0
0 1013.0 249.0
0 834.0 251.0
0 843.0 251.0
0 972.0 251.0
0 919.0 252.0
0 455.0 253.0
0 520.0 253.0
0 781.0 253.0
0 470.0 254.0
0 1032.0 254.0
0 290.0 255.0
0 992.0 255.0
0 1043.0 255.0
0 511.0 256.0
0 812.0 256.0
0 934.0 257.0
0 1002.0 257.0
0 261.0 258.0
0 228.0 259.0
0 801.0 259.0
0 900.0 259.0
0 968.0 259.0
0 524.0 260.0
0 277.0 261.0
0 918.0 261.0
0 245.0 262.0
0 432.0 262.0
0 847.0 262.0
0 1011.0 262.0
0 783.0 263.0
0 821.0 263.0
0 942.0 263.0
0 221.0 264.0
0 508.0 265.0
0 526.0 265.0
0 1032.0 265.0
0 475.0 266.0
0 718.0 266.0
0 1041.0 266.0
0 240.0 267.0
0 304.0 267.0
0 431.0 267.0
0 928.0 267.0
0 284.0 268.0
0 450.0 268.0
0 786.0 268.0
0 218.0 269.0
0 270.0 269.0
0 485.0 269.0
0 814.0 269.0
0 828.0 269.0
0 837.0 269.0
0 440.0 270.0
0 527.0 270.0
0 716.0 271.0
0 943.0 271.0
0 986.0 271.0
0 1025.0 272.0
0 232.0 273.0
0 215.0 274.0
0 298.0 274.0
0 895.0 274.0
0 999.0 274.0
0 527.0 275.0
0 795.0 275.0
0 953.0 275.0
0 969.0 275.0
0 431.0 276.0
0 811.0 276.0
0 834.0 276.0
0 911.0 276.0
0 884.0 277.0
0 800.0 278.0
0 1007.0 278.0
0 310.0 279.0
0 930.0 279.0
0 992.0 279.0
0 269.0 280.0
0 527.0 280.0
0 819.0 280.0
0 935.0 280.0
0 941.0 280.0
0 458.0 281.0
0 1014.0 281.0
0 226.0 282.0
0 244.0 282.0
0 487.0 282.0
0 442.0 283.0
0 904.0 283.0
0 957.0 283.0
0 1030.0 283.0
0 503.0 284.0
0 261.0 285.0
0 526.0 285.0
0 290.0 286.0
0 486.0 288.0
0 821.0 288.0
0 980.0 288.0
0 996.0 288.0
0 211.0 289.0
0 429.0 289.0
0 450.0 289.0
0 832.0 290.0
0 903.0 290.0
0 242.0 291.0
0 317.0 291.0
0 856.0 291.0
0 933.0 291.0
0 941.0 291.0
0 229.0 292.0
0 484.0 293.0
0 620.0 293.0
0 847.0 293.0
0 1015.0 293.0
0 223.0 295.0
0 890.0 295.0
0 210.0 296.0
0 986.0 296.0
0 1008.0 296.0
0 281.0 297.0
0 522.0 297.0
0 824.0 297.0
0 857.0 297.0
0 995.0 298.0
0 257.0 299.0
0 869.0 299.0
0 932.0 299.0
0 850.0 300.0
0 211.0 301.0
0 987.0 301.0
0 239.0 302.0
0 302.0 302.0
0 479.0 303.0
0 973.0 303.0
0 931.0 304.0
0 528.0 306.0
0 815.0 307.0
0 830.0 307.0
0 843.0 308.0
0 891.0 309.0
0 260.0 310.0
0 451.0 310.0
0 965.0 310.0
0 501.0 312.0
0 975.0 312.0
0 238.0 313.0
0 251.0 313.0
0 934.0 313.0
0 225.0 315.0
0 314.0 315.0
0 331.0 315.0
0 525.0 315.0
0 928.0 315.0
0 463.0 316.0
0 480.0 316.0
0 340.0 318.0
0 452.0 318.0
0 811.0 318.0
0 821.0 318.0
0 979.0 318.0
0 216.0 319.0
0 536.0 319.0
0 873.0 319.0
0 950.0 319.0
0 725.0 320.0
0 837.0 322.0
0 864.0 322.0
0 964.0 322.0
0 242.0 323.0
0 912.0 323.0
0 538.0 325.0
0 814.0 326.0
0 264.0 327.0
0 360.0 327.0
0 703.0 327.0
0 861.0 327.0
0 894.0 327.0
0 936.0 327.0
0 436.0 330.0
0 871.0 330.0
0 967.0 330.0
0 1007.0 330.0
0 494.0 331.0
0 510.0 331.0
0 538.0 331.0
0 813.0 331.0
0 955.0 331.0
0 319.0 332.0
0 343.0 332.0
0 881.0 332.0
0 225.0 333.0
0 927.0 333.0
0 368.0 334.0
0 248.0 335.0
0 431.0 335.0
0 230.0 336.0
0 271.0 336.0
0 276.0 336.0
0 894.0 336.0
0 806.0 337.0
0 785.0 338.0
0 869.0 338.0
0 913.0 338.0
0 531.0 339.0
0 616.0 339.0
0 374.0 340.0
0 423.0 340.0
0 861.0 340.0
0 837.0 341.0
0 906.0 341.0
0 973.0 341.0
0 1053.0 341.0
0 331.0 342.0
0 794.0 342.0
0 936.0 342.0
0 539.0 343.0
0 869.0 343.0
0 877.0 343.0
0 267.0 344.0
0 921.0 344.0
0 383.0 345.0
0 430.0 345.0
0 412.0 346.0
0 500.0 346.0
0 847.0 346.0
0 241.0 347.0
0 279.0 347.0
0 505.0 347.0
0 886.0 347.0
0 955.0 348.0
0 877.0 349.0
0 964.0 349.0
0 222.0 350.0
0 799.0 350.0
0 824.0 350.0
0 829.0 350.0
0 532.0 351.0
0 811.0 352.0
0 864.0 352.0
0 983.0 352.0
0 1054.0 352.0
0 77.0 353.0
0 300.0 353.0
0 542.0 353.0
0 72.0 354.0
0 444.0 354.0
0 930.0 354.0
0 399.0 355.0
0 793.0 355.0
0 917.0 355.0
0 450.0 356.0
0 781.0 357.0
0 896.0 357.0
0 971.0 357.0
0 424.0 358.0
0 622.0 358.0
0 947.0 358.0
0 952.0 358.0
0 963.0 358.0
0 229.0 360.0
0 265.0 360.0
0 497.0 360.0
0 820.0 360.0
0 59.0 361.0
0 91.0 361.0
0 456.0 361.0
0 830.0 361.0
0 910.0 361.0
0 440.0 362.0
0 528.0 362.0
0 811.0 362.0
0 884.0 362.0
0 385.0 364.0
0 504.0 364.0
0 367.0 365.0
0 930.0 365.0
0 57.0 366.0
0 257.0 366.0
0 262.0 366.0
0 372.0 367.0
0 434.0 367.0
0 953.0 367.0
0 93.0 368.0
0 348.0 368.0
0 448.0 368.0
0 775.0 368.0
0 792.0 368.0
0 889.0 368.0
0 901.0 368.0
0 66.0 369.0
0 912.0 369.0
0 235.0 370.0
0 531.0 370.0
0 220.0 372.0
0 817.0 372.0
0 848.0 372.0
0 966.0 372.0
0 343.0 373.0
0 392.0 373.0
0 860.0 373.0
0 875.0 373.0
0 889.0 373.0
0 93.0 374.0
0 419.0 374.0
0 930.0 374.0
0 944.0 374.0
0 974.0 374.0
0 57.0 375.0
0 955.0 375.0
0 445.0 376.0
0 904.0 376.0
0 263.0 377.0
0 337.0 377.0
0 502.0 378.0
0 527.0 379.0
0 895.0 379.0
0 984.0 379.0
0 820.0 380.0
0 936.0 380.0
0 369.0 381.0
0 435.0 381.0
0 883.0 381.0
0 787.0 382.0
0 231.0 383.0
0 1033.0 383.0
0 1038.0 383.0
0 298.0 384.0
0 311.0 384.0
0 487.0 384.0
0 520.0 385.0
0 811.0 385.0
0 827.0 385.0
0 948.0 385.0
0 796.0 386.0
0 836.0 386.0
0 919.0 386.0
0 292.0 387.0
0 330.0 387.0
0 791.0 387.0
0 957.0 387.0
0 320.0 388.0
0 325.0 388.0
0 359.0 388.0
0 89.0 389.0
0 874.0 389.0
0 974.0 389.0
0 265.0 390.0
0 418.0 390.0
0 891.0 390.0
0 226.0 391.0
0 939.0 391.0
0 453.0 392.0
0 822.0 392.0
0 71.0 393.0
0 111.0 393.0
0 787.0 393.0
0 987.0 393.0
0 494.0 394.0
0 846.0 394.0
0 901.0 394.0
0 944.0 394.0
0 413.0 395.0
0 479.0 396.0
0 858.0 396.0
0 228.0 397.0
0 294.0 397.0
0 304.0 397.0
0 333.0 397.0
0 424.0 397.0
0 799.0 397.0
0 835.0 398.0
0 253.0 399.0
0 404.0 399.0
0 438.0 399.0
0 878.0 399.0
0 918.0 399.0
0 493.0 400.0
0 506.0 400.0
0 851.0 400.0
0 890.0 400.0
0 318.0 401.0
0 936.0 401.0
0 56.0 402.0
0 126.0 402.0
0 233.0 402.0
0 447.0 402.0
0 982.0 402.0
0 244.0 403.0
0 335.0 403.0
0 785.0 403.0
0 792.0 403.0
0 837.0 404.0
0 965.0 404.0
0 313.0 405.0
0 353.0 405.0
0 819.0 405.0
0 843.0 405.0
0 936.0 406.0
0 396.0 407.0
0 413.0 407.0
0 425.0 407.0
0 895.0 408.0
0 954.0 408.0
0 296.0 409.0
0 456.0 409.0
0 803.0 409.0
0 271.0 410.0
0 844.0 410.0
0 903.0 410.0
0 920.0 412.0
0 366.0 413.0
0 878.0 413.0
0 953.0 413.0
0 980.0 413.0
0 424.0 414.0
0 790.0 414.0
0 818.0 414.0
0 245.0 415.0
0 325.0 415.0
0 338.0 415.0
0 406.0 415.0
0 437.0 415.0
0 938.0 415.0
0 395.0 416.0
0 866.0 416.0
0 44.0 418.0
0 478.0 418.0
0 519.0 418.0
0 262.0 419.0
0 959.0 419.0
0 302.0 420.0
0 471.0 420.0
0 904.0 420.0
0 308.0 421.0
0 350.0 421.0
0 776.0 421.0
0 873.0 421.0
0 878.0 421.0
0 884.0 421.0
0 831.0 422.0
0 64.0 423.0
0 274.0 423.0
0 544.0 423.0
0 805.0 423.0
0 909.0 423.0
0 922.0 423.0
0 392.0 424.0
0 412.0 424.0
0 816.0 424.0
0 279.0 425.0
0 371.0 425.0
0 791.0 425.0
0 387.0 426.0
0 498.0 427.0
0 48.0 428.0
0 115.0 428.0
0 434.0 428.0
0 896.0 428.0
0 965.0 428.0
0 356.0 429.0
0 446.0 429.0
0 458.0 429.0
0 773.0 429.0
0 313.0 430.0
0 833.0 430.0
0 930.0 430.0
0 848.0 431.0
0 289.0 432.0
0 875.0 432.0
0 916.0 432.0
0 99.0 433.0
0 111.0 433.0
0 806.0 433.0
0 955.0 433.0
0 106.0 434.0
0 341.0 434.0
0 771.0 434.0
0 904.0 434.0
0 831.0 435.0
0 300.0 437.0
0 844.0 437.0
0 937.0 437.0
0 227.0 438.0
0 409.0 438.0
0 760.0 438.0
0 783.0 438.0
0 74.0 439.0
0 106.0 439.0
0 118.0 439.0
0 210.0 439.0
0 863.0 439.0
0 55.0 440.0
0 831.0 440.0
0 68.0 441.0
0 232.0 441.0
0 320.0 441.0
0 431.0 441.0
0 921.0 441.0
0 880.0 442.0
0 89.0 444.0
0 204.0 444.0
0 930.0 444.0
0 867.0 445.0
0 110.0 446.0
0 851.0 446.0
0 943.0 446.0
0 238.0 448.0
0 537.0 448.0
0 560.0 448.0
0 992.0 448.0
0 170.0 449.0
0 777.0 449.0
0 816.0 449.0
0 841.0 449.0
0 137.0 450.0
0 763.0 450.0
0 795.0 451.0
0 811.0 451.0
0 936.0 451.0
0 804.0 452.0
0 890.0 452.0
0 179.0 453.0
0 207.0 453.0
0 240.0 453.0
0 861.0 453.0
0 151.0 454.0
0 458.0 454.0
0 311.0 455.0
0 849.0 455.0
0 924.0 455.0
0 960.0 455.0
0 229.0 456.0
0 784.0 456.0
0 945.0 456.0
0 978.0 456.0
0 877.0 457.0
0 63.0 459.0
0 895.0 459.0
0 998.0 459.0
0 293.0 460.0
0 90.0 461.0
0 239.0 461.0
0 762.0 461.0
0 947.0 461.0
0 980.0 461.0
0 849.0 462.0
0 988.0 462.0
0 208.0 463.0
0 129.0 465.0
0 841.0 465.0
0 882.0 465.0
0 900.0 465.0
0 79.0 466.0
0 237.0 466.0
0 947.0 466.0
0 1005.0 466.0
0 572.0 467.0
0 822.0 467.0
0 916.0 467.0
0 279.0 469.0
0 888.0 469.0
0 56.0 470.0
0 62.0 470.0
0 234.0 471.0
0 935.0 471.0
0 948.0 471.0
0 961.0 471.0
0 865.0 472.0
0 159.0 473.0
0 307.0 473.0
0 228.0 474.0
0 520.0 474.0
0 51.0 475.0
0 56.0 475.0
0 210.0 475.0
0 223.0 475.0
0 302.0 475.0
0 846.0 475.0
0 999.0 475.0
0 107.0 477.0
0 828.0 477.0
0 585.0 478.0
0 910.0 478.0
0 79.0 479.0
0 187.0 480.0
0 756.0 480.0
0 251.0 481.0
0 298.0 481.0
0 787.0 481.0
0 874.0 481.0
0 982.0 481.0
0 921.0 482.0
0 977.0 483.0
0 53.0 484.0
0 864.0 484.0
0 944.0 484.0
0 579.0 486.0
0 874.0 486.0
0 760.0 487.0
0 999.0 487.0
0 183.0 488.0
0 975.0 488.0
0 573.0 489.0
0 591.0 489.0
0 148.0 490.0
0 351.0 491.0
0 536.0 491.0
0 943.0 491.0
0 112.0 492.0
0 29.0 493.0
0 528.0 493.0
0 638.0 493.0
0 774.0 493.0
0 164.0 494.0
0 789.0 496.0
0 764.0 497.0
0 878.0 497.0
0 322.0 499.0
0 771.0 499.0
0 992.0 499.0
0 59.0 500.0
0 115.0 500.0
0 237.0 500.0
0 298.0 500.0
0 545.0 502.0
0 761.0 502.0
0 826.0 502.0
0 579.0 503.0
0 584.0 503.0
0 589.0 503.0
0 868.0 503.0
0 133.0 504.0
0 559.0 504.0
0 236.0 505.0
0 776.0 505.0
0 901.0 505.0
0 973.0 505.0
0 379.0 506.0
0 140.0 507.0
0 415.0 507.0
0 760.0 507.0
0 785.0 507.0
0 535.0 508.0
0 962.0 508.0
0 34.0 509.0
0 78.0 510.0
0 885.0 510.0
0 997.0 510.0
0 118.0 511.0
0 563.0 511.0
0 843.0 511.0
0 759.0 512.0
0 991.0 512.0
0 253.0 513.0
0 378.0 513.0
0 535.0 513.0
0 592.0 513.0
0 766.0 513.0
0 784.0 513.0
0 64.0 514.0
0 393.0 514.0
0 831.0 514.0
0 575.0 515.0
0 563.0 516.0
0 583.0 516.0
0 799.0 516.0
0 310.0 517.0
0 96.0 518.0
0 356.0 518.0
0 520.0 518.0
0 791.0 518.0
0 900.0 518.0
0 965.0 518.0
0 130.0 519.0
0 428.0 519.0
0 547.0 519.0
0 772.0 519.0
0 142.0 520.0
0 993.0 520.0
0 759.0 521.0
0 933.0 521.0
0 948.0 521.0
0 66.0 522.0
0 886.0 522.0
0 981.0 522.0
0 38.0 523.0
0 340.0 523.0
0 456.0 523.0
0 824.0 523.0
0 869.0 523.0
0 941.0 523.0
0 256.0 524.0
0 115.0 525.0
0 335.0 525.0
0 446.0 525.0
0 451.0 525.0
0 470.0 525.0
0 840.0 525.0
0 417.0 526.0
0 546.0 526.0
0 67.0 527.0
0 388.0 527.0
0 404.0 527.0
0 39.0 528.0
0 98.0 528.0
0 969.0 530.0
0 985.0 530.0
0 245.0 531.0
0 906.0 531.0
0 390.0 532.0
0 777.0 532.0
0 799.0 532.0
0 932.0 532.0
0 42.0 533.0
0 135.0 533.0
0 451.0 533.0
0 887.0 533.0
0 959.0 533.0
0 9.0 534.0
0 529.0 534.0
0 835.0 534.0
0 98.0 535.0
0 899.0 535.0
0 157.0 536.0
0 255.0 536.0
0 950.0 536.0
0 127.0 537.0
0 263.0 537.0
0 779.0 537.0
0 112.0 538.0
0 269.0 538.0
0 940.0 538.0
0 977.0 538.0
0 435.0 539.0
0 641.0 539.0
0 928.0 540.0
0 572.0 541.0
0 648.0 541.0
0 843.0 541.0
0 853.0 541.0
0 348.0 542.0
0 602.0 542.0
0 958.0 542.0
0 165.0 543.0
0 500.0 543.0
0 967.0 543.0
0 770.0 544.0
0 153.0 546.0
0 775.0 547.0
0 252.0 548.0
0 586.0 548.0
0 941.0 548.0
0 523.0 549.0
0 567.0 549.0
0 816.0 549.0
0 839.0 549.0
0 951.0 549.0
0 979.0 549.0
0 136.0 550.0
0 885.0 550.0
0 330.0 551.0
0 677.0 551.0
0 962.0 551.0
0 970.0 551.0
0 257.0 552.0
0 575.0 552.0
0 606.0 552.0
0 912.0 552.0
0 596.0 553.0
0 382.0 554.0
0 124.0 555.0
0 648.0 555.0
0 863.0 555.0
0 178.0 556.0
0 375.0 556.0
0 497.0 556.0
0 952.0 556.0
0 103.0 557.0
0 134.0 558.0
0 351.0 558.0
0 529.0 558.0
0 567.0 558.0
0 838.0 558.0
0 881.0 558.0
0 981.0 558.0
0 357.0 559.0
0 550.0 559.0
0 605.0 559.0
0 676.0 559.0
0 91.0 560.0
0 586.0 561.0
0 641.0 561.0
0 932.0 562.0
0 163.0 563.0
0 619.0 563.0
0 841.0 563.0
0 978.0 563.0
0 157.0 564.0
0 501.0 564.0
0 598.0 564.0
0 863.0 565.0
0 641.0 566.0
0 879.0 566.0
0 579.0 567.0
0 625.0 567.0
0 941.0 567.0
0 826.0 568.0
0 973.0 568.0
0 107.0 569.0
0 539.0 569.0
0 853.0 569.0
0 884.0 569.0
0 93.0 570.0
0 604.0 570.0
0 677.0 570.0
0 139.0 571.0
0 836.0 571.0
0 175.0 572.0
0 591.0 572.0
0 867.0 573.0
0 924.0 573.0
0 568.0 574.0
0 126.0 575.0
0 579.0 575.0
0 874.0 575.0
0 539.0 577.0
0 112.0 579.0
0 179.0 579.0
0 107.0 580.0
0 630.0 582.0
0 576.0 583.0
0 561.0 584.0
0 592.0 584.0
0 87.0 585.0
0 544.0 585.0
0 143.0 586.0
0 169.0 587.0
0 608.0 587.0
0 549.0 588.0
0 564.0 589.0
0 596.0 589.0
0 152.0 590.0
0 180.0 591.0
0 603.0 592.0
0 827.0 592.0
0 617.0 593.0
0 832.0 593.0
0 132.0 594.0
0 640.0 596.0
0 183.0 597.0
0 143.0 599.0
0 123.0 600.0
0 154.0 603.0
0 189.0 603.0
0 551.0 603.0
0 175.0 604.0
0 97.0 605.0
0 620.0 605.0
0 106.0 607.0
0 614.0 607.0
0 818.0 607.0
0 135.0 608.0
0 157.0 608.0
0 534.0 608.0
0 828.0 608.0
0 166.0 609.0
0 639.0 612.0
0 567.0 613.0
0 143.0 614.0
0 554.0 614.0
0 597.0 614.0
0 120.0 617.0
0 105.0 618.0
0 145.0 619.0
0 573.0 619.0
0 549.0 620.0
0 132.0 621.0
0 535.0 622.0
0 106.0 627.0
0 537.0 627.0
0 112.0 628.0
0 119.0 628.0
0 226.0 629.0
0 587.0 631.0
0 107.0 632.0
0 582.0 633.0
0 546.0 634.0
0 552.0 635.0
0 570.0 637.0
0 108.0 638.0
0 204.0 638.0
0 162.0 643.0
0 553.0 650.0
0 165.0 654.0
0 160.0 656.0
0 124.0 671.0
1 55.0 41.0
1 1039.0 44.0
1 514.0 46.0
1 1026.0 46.0
1 1046.0 46.0
1 125.0 48.0
1 1021.0 48.0
1 1050.0 51.0
1 1015.0 53.0
1 1044.0 56.0
1 1012.0 58.0
1 1054.0 59.0
1 1010.0 63.0
1 1055.0 64.0
1 1040.0 67.0
1 1054.0 69.0
1 1009.0 70.0
1 1052.0 74.0
1 1022.0 75.0
1 1012.0 82.0
1 1043.0 87.0
1 1020.0 89.0
1 1003.0 95.0
1 1040.0 95.0
1 996.0 96.0
1 1017.0 96.0
1 1008.0 99.0
1 1033.0 100.0
1 1048.0 101.0
1 989.0 103.0
1 879.0 112.0
1 968.0 114.0
1 961.0 117.0
1 910.0 120.0
1 915.0 120.0
1 900.0 121.0
1 1119.0 122.0
1 436.0 125.0
1 932.0 126.0
1 927.0 127.0
1 1072.0 127.0
1 922.0 128.0
1 1094.0 129.0
1 877.0 130.0
1 874.0 135.0
1 861.0 137.0
1 873.0 141.0
1 861.0 142.0
1 907.0 142.0
1 890.0 144.0
1 873.0 146.0
1 861.0 147.0
1 1110.0 152.0
1 875.0 153.0
1 935.0 153.0
1 897.0 155.0
1 884.0 157.0
1 892.0 159.0
1 1119.0 160.0
1 864.0 163.0
1 892.0 166.0
1 1059.0 166.0
1 880.0 169.0
1 1041.0 169.0
1 919.0 170.0
1 864.0 171.0
1 984.0 176.0
1 932.0 177.0
1 1105.0 177.0
1 523.0 179.0
1 1113.0 179.0
1 511.0 180.0
1 528.0 180.0
1 1090.0 180.0
1 957.0 181.0
1 969.0 181.0
1 984.0 181.0
1 1008.0 181.0
1 498.0 183.0
1 911.0 184.0
1 543.0 185.0
1 928.0 185.0
1 1039.0 185.0
1 493.0 186.0
1 548.0 186.0
1 864.0 186.0
1 945.0 187.0
1 1028.0 188.0
1 1051.0 188.0
1 986.0 189.0
1 555.0 191.0
1 1109.0 191.0
1 874.0 192.0
1 895.0 192.0
1 1074.0 192.0
1 487.0 193.0
1 908.0 195.0
1 970.0 195.0
1 1008.0 195.0
1 1036.0 195.0
1 1091.0 195.0
1 956.0 196.0
1 1086.0 196.0
1 561.0 197.0
1 523.0 198.0
1 74.0 200.0
1 509.0 200.0
1 926.0 200.0
1 940.0 200.0
1 881.0 201.0
1 564.0 202.0
1 891.0 203.0
1 903.0 204.0
1 478.0 205.0
1 291.0 207.0
1 296.0 207.0
1 493.0 207.0
1 568.0 207.0
1 301.0 208.0
1 1059.0 208.0
1 554.0 209.0
1 958.0 209.0
1 877.0 210.0
1 947.0 210.0
1 953.0 210.0
1 509.0 211.0
1 1044.0 211.0
1 1116.0 211.0
1 522.0 212.0
1 571.0 212.0
1 865.0 213.0
1 888.0 214.0
1 916.0 215.0
1 321.0 216.0
1 1034.0 216.0
1 1117.0 216.0
1 254.0 218.0
1 473.0 218.0
1 564.0 218.0
1 531.0 219.0
1 900.0 219.0
1 483.0 220.0
1 575.0 220.0
1 743.0 220.0
1 1022.0 220.0
1 248.0 221.0
1 961.0 222.0
1 1066.0 222.0
1 274.0 223.0
1 928.0 223.0
1 1057.0 223.0
1 873.0 224.0
1 576.0 225.0
1 242.0 226.0
1 526.0 226.0
1 333.0 228.0
1 478.0 229.0
1 500.0 229.0
1 559.0 229.0
1 917.0 229.0
1 948.0 229.0
1 269.0 230.0
1 316.0 230.0
1 538.0 230.0
1 937.0 230.0
1 487.0 231.0
1 578.0 231.0
1 735.0 231.0
1 1041.0 231.0
1 1053.0 231.0
1 1109.0 231.0
1 237.0 232.0
1 303.0 232.0
1 336.0 233.0
1 1027.0 233.0
1 1067.0 233.0
1 472.0 235.0
1 1015.0 235.0
1 259.0 236.0
1 893.0 236.0
1 1091.0 236.0
1 235.0 237.0
1 578.0 237.0
1 944.0 237.0
1 331.0 238.0
1 913.0 238.0
1 933.0 239.0
1 1001.0 239.0
1 317.0 240.0
1 339.0 240.0
1 473.0 240.0
1 1039.0 240.0
1 1111.0 240.0
1 923.0 241.0
1 539.0 242.0
1 577.0 242.0
1 510.0 243.0
1 301.0 244.0
1 1056.0 244.0
1 1073.0 244.0
1 252.0 245.0
1 295.0 245.0
1 949.0 245.0
1 1025.0 245.0
1 491.0 247.0
1 539.0 247.0
1 557.0 247.0
1 576.0 247.0
1 640.0 247.0
1 691.0 247.0
1 912.0 247.0
1 231.0 250.0
1 292.0 250.0
1 319.0 250.0
1 936.0 250.0
1 1116.0 250.0
1 325.0 251.0
1 1099.0 251.0
1 911.0 252.0
1 502.0 253.0
1 1021.0 253.0
1 1065.0 253.0
1 351.0 254.0
1 538.0 254.0
1 269.0 255.0
1 975.0 255.0
1 229.0 256.0
1 476.0 256.0
1 631.0 256.0
1 958.0 256.0
1 182.0 257.0
1 247.0 257.0
1 256.0 258.0
1 1003.0 258.0
1 572.0 259.0
1 975.0 260.0
1 1044.0 260.0
1 1119.0 260.0
1 900.0 261.0
1 230.0 262.0
1 248.0 262.0
1 555.0 263.0
1 1098.0 263.0
1 1103.0 263.0
1 281.0 264.0
1 316.0 264.0
1 1060.0 264.0
1 1022.0 265.0
1 289.0 266.0
1 230.0 267.0
1 338.0 268.0
1 1039.0 268.0
1 268.0 269.0
1 582.0 269.0
1 891.0 269.0
1 922.0 269.0
1 1051.0 269.0
1 529.0 270.0
1 543.0 270.0
1 983.0 270.0
1 495.0 272.0
1 246.0 274.0
1 496.0 277.0
1 138.0 278.0
1 553.0 278.0
1 292.0 279.0
1 744.0 279.0
1 1035.0 279.0
1 233.0 280.0
1 307.0 280.0
1 903.0 280.0
1 579.0 281.0
1 268.0 282.0
1 282.0 282.0
1 514.0 282.0
1 530.0 282.0
1 951.0 282.0
1 962.0 282.0
1 1062.0 282.0
1 349.0 283.0
1 1044.0 283.0
1 500.0 284.0
1 251.0 285.0
1 484.0 285.0
1 592.0 285.0
1 915.0 285.0
1 1008.0 285.0
1 721.0 286.0
1 236.0 287.0
1 947.0 288.0
1 891.0 289.0
1 595.0 290.0
1 976.0 291.0
1 995.0 291.0
1 345.0 292.0
1 1048.0 292.0
1 265.0 293.0
1 387.0 293.0
1 843.0 294.0
1 959.0 294.0
1 295.0 296.0
1 336.0 296.0
1 971.0 296.0
1 881.0 297.0
1 917.0 297.0
1 1077.0 297.0
1 471.0 298.0
1 548.0 298.0
1 595.0 298.0
1 242.0 299.0
1 480.0 299.0
1 1034.0 299.0
1 296.0 301.0
1 342.0 301.0
1 375.0 301.0
1 629.0 301.0
1 982.0 301.0
1 354.0 302.0
1 398.0 303.0
1 465.0 303.0
1 892.0 303.0
1 946.0 303.0
1 957.0 303.0
1 1014.0 303.0
1 1052.0 303.0
1 988.0 304.0
1 499.0 305.0
1 870.0 305.0
1 456.0 306.0
1 587.0 306.0
1 878.0 306.0
1 1035.0 307.0
1 253.0 308.0
1 300.0 309.0
1 359.0 309.0
1 407.0 309.0
1 449.0 309.0
1 793.0 309.0
1 956.0 309.0
1 305.0 310.0
1 918.0 310.0
1 384.0 311.0
1 444.0 312.0
1 974.0 312.0
1 1045.0 312.0
1 471.0 313.0
1 367.0 314.0
1 558.0 315.0
1 966.0 315.0
1 846.0 316.0
1 387.0 317.0
1 455.0 317.0
1 552.0 317.0
1 883.0 317.0
1 951.0 317.0
1 312.0 318.0
1 896.0 318.0
1 1083.0 318.0
1 418.0 319.0
1 599.0 319.0
1 891.0 319.0
1 917.0 319.0
1 1030.0 319.0
1 633.0 320.0
1 1017.0 320.0
1 266.0 321.0
1 878.0 321.0
1 287.0 322.0
1 589.0 322.0
1 1011.0 322.0
1 1050.0 322.0
1 243.0 323.0
1 863.0 323.0
1 1066.0 323.0
1 428.0 324.0
1 467.0 324.0
1 917.0 324.0
1 998.0 324.0
1 333.0 325.0
1 493.0 325.0
1 441.0 326.0
1 1040.0 326.0
1 909.0 327.0
1 982.0 327.0
1 551.0 328.0
1 594.0 328.0
1 1029.0 328.0
1 395.0 329.0
1 894.0 329.0
1 292.0 331.0
1 557.0 332.0
1 584.0 332.0
1 856.0 332.0
1 512.0 333.0
1 987.0 333.0
1 489.0 334.0
1 252.0 335.0
1 442.0 335.0
1 453.0 335.0
1 921.0 335.0
1 940.0 335.0
1 999.0 335.0
1 100.0 336.0
1 105.0 336.0
1 110.0 336.0
1 876.0 336.0
1 1010.0 336.0
1 1054.0 336.0
1 586.0 337.0
1 903.0 338.0
1 91.0 339.0
1 461.0 339.0
1 547.0 339.0
1 898.0 339.0
1 970.0 339.0
1 1042.0 339.0
1 1066.0 339.0
1 484.0 340.0
1 120.0 341.0
1 402.0 341.0
1 429.0 341.0
1 503.0 341.0
1 865.0 341.0
1 987.0 341.0
1 1054.0 341.0
1 418.0 342.0
1 290.0 343.0
1 1084.0 343.0
1 463.0 345.0
1 585.0 345.0
1 922.0 345.0
1 84.0 346.0
1 123.0 346.0
1 351.0 346.0
1 985.0 346.0
1 469.0 347.0
1 900.0 347.0
1 910.0 348.0
1 995.0 348.0
1 1012.0 348.0
1 1035.0 348.0
1 242.0 349.0
1 451.0 349.0
1 977.0 349.0
1 248.0 350.0
1 555.0 350.0
1 583.0 350.0
1 863.0 350.0
1 292.0 351.0
1 83.0 352.0
1 125.0 352.0
1 390.0 352.0
1 502.0 352.0
1 1021.0 352.0
1 403.0 353.0
1 569.0 353.0
1 578.0 353.0
1 891.0 353.0
1 869.0 354.0
1 876.0 354.0
1 904.0 354.0
1 916.0 354.0
1 985.0 354.0
1 1053.0 354.0
1 94.0 355.0
1 415.0 355.0
1 431.0 355.0
1 490.0 355.0
1 474.0 356.0
1 287.0 357.0
1 967.0 357.0
1 126.0 358.0
1 1072.0 358.0
1 384.0 359.0
1 425.0 359.0
1 538.0 359.0
1 903.0 359.0
1 82.0 360.0
1 254.0 360.0
1 347.0 360.0
1 988.0 360.0
1 1019.0 360.0
1 339.0 361.0
1 865.0 361.0
1 1053.0 361.0
1 999.0 363.0
1 569.0 364.0
1 903.0 364.0
1 876.0 365.0
1 1035.0 365.0
1 86.0 366.0
1 371.0 366.0
1 404.0 366.0
1 917.0 366.0
1 961.0 366.0
1 295.0 367.0
1 331.0 367.0
1 361.0 367.0
1 474.0 367.0
1 950.0 367.0
1 1026.0 367.0
1 1062.0 367.0
1 544.0 368.0
1 974.0 368.0
1 984.0 368.0
1 1013.0 368.0
1 510.0 369.0
1 936.0 369.0
1 312.0 370.0
1 492.0 370.0
1 531.0 370.0
1 893.0 370.0
1 860.0 371.0
1 904.0 371.0
1 480.0 372.0
1 307.0 373.0
1 469.0 373.0
1 394.0 374.0
1 555.0 374.0
1 869.0 374.0
1 915.0 374.0
1 939.0 374.0
1 121.0 375.0
1 327.0 375.0
1 380.0 375.0
1 494.0 375.0
1 543.0 375.0
1 1032.0 375.0
1 1048.0 375.0
1 251.0 376.0
1 345.0 376.0
1 462.0 377.0
1 480.0 377.0
1 887.0 377.0
1 930.0 377.0
1 281.0 378.0
1 993.0 378.0
1 1022.0 378.0
1 1001.0 379.0
1 1059.0 379.0
1 98.0 380.0
1 362.0 380.0
1 495.0 380.0
1 520.0 380.0
1 1016.0 380.0
1 145.0 381.0
1 852.0 381.0
1 946.0 381.0
1 956.0 381.0
1 258.0 382.0
1 269.0 383.0
1 386.0 383.0
1 869.0 384.0
1 881.0 384.0
1 925.0 384.0
1 1034.0 384.0
1 359.0 385.0
1 407.0 385.0
1 481.0 385.0
1 911.0 385.0
1 972.0 385.0
1 303.0 386.0
1 471.0 386.0
1 843.0 386.0
1 958.0 386.0
1 453.0 387.0
1 1048.0 387.0
1 119.0 388.0
1 102.0 389.0
1 508.0 389.0
1 997.0 389.0
1 1002.0 389.0
1 848.0 390.0
1 899.0 390.0
1 268.0 391.0
1 587.0 391.0
1 922.0 391.0
1 80.0 392.0
1 163.0 392.0
1 338.0 392.0
1 968.0 392.0
1 979.0 392.0
1 1020.0 392.0
1 490.0 393.0
1 568.0 393.0
1 422.0 394.0
1 479.0 394.0
1 860.0 394.0
1 882.0 394.0
1 1008.0 394.0
1 452.0 395.0
1 463.0 395.0
1 527.0 395.0
1 271.0 396.0
1 374.0 396.0
1 522.0 396.0
1 547.0 396.0
1 369.0 397.0
1 390.0 397.0
1 869.0 397.0
1 943.0 397.0
1 847.0 399.0
1 1009.0 399.0
1 289.0 400.0
1 970.0 401.0
1 993.0 401.0
1 347.0 403.0
1 404.0 403.0
1 450.0 403.0
1 880.0 403.0
1 904.0 403.0
1 1049.0 403.0
1 338.0 404.0
1 422.0 404.0
1 468.0 404.0
1 294.0 405.0
1 479.0 405.0
1 860.0 405.0
1 865.0 405.0
1 1024.0 405.0
1 314.0 406.0
1 463.0 406.0
1 507.0 406.0
1 299.0 407.0
1 495.0 407.0
1 936.0 407.0
1 436.0 408.0
1 903.0 408.0
1 827.0 409.0
1 68.0 410.0
1 851.0 410.0
1 357.0 411.0
1 955.0 411.0
1 1010.0 411.0
1 322.0 412.0
1 410.0 412.0
1 899.0 414.0
1 973.0 414.0
1 1018.0 414.0
1 384.0 415.0
1 1031.0 415.0
1 328.0 416.0
1 446.0 416.0
1 1050.0 416.0
1 91.0 417.0
1 97.0 418.0
1 380.0 420.0
1 847.0 420.0
1 912.0 420.0
1 343.0 421.0
1 928.0 421.0
1 963.0 421.0
1 1023.0 421.0
1 153.0 422.0
1 72.0 423.0
1 363.0 423.0
1 830.0 423.0
1 866.0 423.0
1 882.0 423.0
1 371.0 424.0
1 948.0 424.0
1 981.0 424.0
1 267.0 425.0
1 1008.0 425.0
1 1053.0 425.0
1 256.0 426.0
1 358.0 426.0
1 937.0 426.0
1 1072.0 426.0
1 147.0 427.0
1 272.0 427.0
1 1036.0 427.0
1 923.0 429.0
1 835.0 430.0
1 986.0 430.0
1 136.0 431.0
1 277.0 431.0
1 969.0 431.0
1 1035.0 432.0
1 245.0 433.0
1 474.0 433.0
1 1084.0 433.0
1 85.0 434.0
1 143.0 434.0
1 507.0 434.0
1 935.0 434.0
1 988.0 436.0
1 107.0 437.0
1 112.0 437.0
1 927.0 437.0
1 102.0 438.0
1 972.0 438.0
1 1004.0 438.0
1 85.0 439.0
1 347.0 439.0
1 901.0 439.0
1 284.0 440.0
1 918.0 440.0
1 978.0 440.0
1 983.0 440.0
1 137.0 441.0
1 206.0 441.0
1 829.0 441.0
1 1022.0 441.0
1 1037.0 441.0
1 1064.0 441.0
1 1050.0 442.0
1 126.0 443.0
1 149.0 443.0
1 174.0 443.0
1 950.0 443.0
1 86.0 444.0
1 96.0 444.0
1 250.0 444.0
1 962.0 444.0
1 77.0 445.0
1 219.0 445.0
1 1077.0 445.0
1 620.0 446.0
1 186.0 447.0
1 273.0 447.0
1 928.0 448.0
1 910.0 450.0
1 1000.0 450.0
1 1066.0 452.0
1 820.0 454.0
1 960.0 454.0
1 1032.0 454.0
1 866.0 455.0
1 308.0 456.0
1 632.0 456.0
1 948.0 456.0
1 344.0 457.0
1 1062.0 457.0
1 253.0 458.0
1 283.0 458.0
1 830.0 458.0
1 1083.0 460.0
1 96.0 461.0
1 636.0 461.0
1 127.0 462.0
1 166.0 462.0
1 1028.0 462.0
1 961.0 463.0
1 823.0 464.0
1 1054.0 464.0
1 1082.0 465.0
1 850.0 468.0
1 107.0 469.0
1 112.0 469.0
1 253.0 469.0
1 87.0 470.0
1 200.0 470.0
1 267.0 470.0
1 835.0 470.0
1 258.0 471.0
1 670.0 471.0
1 869.0 471.0
1 332.0 472.0
1 640.0 472.0
1 679.0 472.0
1 973.0 472.0
1 627.0 473.0
1 662.0 473.0
1 1077.0 473.0
1 723.0 474.0
1 848.0 474.0
1 905.0 474.0
1 820.0 475.0
1 229.0 476.0
1 610.0 476.0
1 867.0 476.0
1 72.0 477.0
1 394.0 477.0
1 142.0 478.0
1 959.0 478.0
1 992.0 478.0
1 587.0 479.0
1 833.0 479.0
1 919.0 480.0
1 1057.0 480.0
1 1079.0 480.0
1 855.0 481.0
1 107.0 482.0
1 254.0 483.0
1 863.0 483.0
1 225.0 485.0
1 979.0 485.0
1 263.0 486.0
1 930.0 486.0
1 608.0 487.0
1 75.0 488.0
1 456.0 488.0
1 585.0 488.0
1 253.0 489.0
1 862.0 489.0
1 332.0 490.0
1 641.0 490.0
1 838.0 490.0
1 919.0 490.0
1 189.0 491.0
1 595.0 491.0
1 672.0 491.0
1 966.0 491.0
1 205.0 492.0
1 880.0 492.0
1 423.0 493.0
1 436.0 493.0
1 458.0 493.0
1 586.0 493.0
1 627.0 493.0
1 993.0 493.0
1 57.0 494.0
1 148.0 494.0
1 253.0 494.0
1 820.0 494.0
1 870.0 494.0
1 982.0 494.0
1 1025.0 494.0
1 1048.0 494.0
1 1066.0 494.0
1 653.0 495.0
1 1032.0 496.0
1 1037.0 496.0
1 910.0 498.0
1 957.0 499.0
1 976.0 499.0
1 844.0 500.0
1 962.0 500.0
1 967.0 500.0
1 49.0 501.0
1 423.0 501.0
1 435.0 501.0
1 525.0 501.0
1 575.0 501.0
1 878.0 501.0
1 627.0 502.0
1 150.0 503.0
1 470.0 503.0
1 656.0 503.0
1 672.0 503.0
1 926.0 503.0
1 1057.0 503.0
1 1069.0 503.0
1 155.0 504.0
1 998.0 504.0
1 1024.0 505.0
1 277.0 506.0
1 608.0 506.0
1 1050.0 506.0
1 170.0 507.0
1 184.0 507.0
1 402.0 507.0
1 653.0 508.0
1 850.0 508.0
1 977.0 508.0
1 1041.0 508.0
1 483.0 509.0
1 506.0 509.0
1 636.0 509.0
1 880.0 509.0
1 995.0 509.0
1 1066.0 509.0
1 177.0 510.0
1 914.0 510.0
1 139.0 511.0
1 19.0 512.0
1 589.0 512.0
1 988.0 512.0
1 1031.0 512.0
1 383.0 513.0
1 431.0 513.0
1 462.0 513.0
1 576.0 513.0
1 852.0 513.0
1 872.0 513.0
1 1017.0 513.0
1 447.0 514.0
1 500.0 515.0
1 1048.0 515.0
1 155.0 517.0
1 375.0 517.0
1 634.0 517.0
1 111.0 518.0
1 431.0 518.0
1 940.0 518.0
1 578.0 520.0
1 1030.0 522.0
1 95.0 523.0
1 846.0 523.0
1 1041.0 523.0
1 1061.0 523.0
1 1050.0 524.0
1 169.0 525.0
1 182.0 525.0
1 131.0 526.0
1 270.0 526.0
1 925.0 526.0
1 975.0 526.0
1 899.0 527.0
1 1003.0 528.0
1 284.0 529.0
1 741.0 530.0
1 614.0 531.0
1 293.0 532.0
1 298.0 532.0
1 303.0 532.0
1 665.0 532.0
1 698.0 532.0
1 924.0 532.0
1 953.0 532.0
1 151.0 533.0
1 1054.0 533.0
1 95.0 534.0
1 391.0 534.0
1 61.0 535.0
1 573.0 535.0
1 766.0 535.0
1 971.0 535.0
1 274.0 536.0
1 704.0 536.0
1 356.0 538.0
1 606.0 538.0
1 941.0 538.0
1 1021.0 538.0
1 684.0 539.0
1 66.0 540.0
1 90.0 540.0
1 172.0 540.0
1 1051.0 540.0
1 203.0 541.0
1 279.0 541.0
1 741.0 541.0
1 757.0 541.0
1 927.0 541.0
1 1029.0 541.0
1 898.0 542.0
1 951.0 542.0
1 133.0 543.0
1 371.0 543.0
1 609.0 543.0
1 661.0 543.0
1 164.0 544.0
1 303.0 544.0
1 429.0 544.0
1 671.0 544.0
1 704.0 544.0
1 68.0 545.0
1 694.0 545.0
1 771.0 545.0
1 969.0 545.0
1 282.0 546.0
1 908.0 546.0
1 423.0 547.0
1 939.0 547.0
1 30.0 548.0
1 287.0 548.0
1 609.0 548.0
1 152.0 549.0
1 205.0 549.0
1 615.0 549.0
1 1012.0 549.0
1 1038.0 549.0
1 396.0 551.0
1 412.0 551.0
1 657.0 551.0
1 758.0 551.0
1 896.0 551.0
1 956.0 551.0
1 403.0 552.0
1 702.0 552.0
1 193.0 553.0
1 637.0 553.0
1 681.0 553.0
1 739.0 553.0
1 962.0 553.0
1 714.0 554.0
1 574.0 555.0
1 719.0 555.0
1 667.0 556.0
1 693.0 556.0
1 765.0 557.0
1 18.0 560.0
1 13.0 561.0
1 175.0 561.0
1 629.0 561.0
1 219.0 562.0
1 671.0 562.0
1 699.0 562.0
1 8.0 563.0
1 685.0 563.0
1 727.0 565.0
1 891.0 565.0
1 138.0 568.0
1 671.0 568.0
1 159.0 569.0
1 211.0 569.0
1 661.0 569.0
1 903.0 569.0
1 201.0 571.0
1 100.0 573.0
1 124.0 573.0
1 196.0 573.0
1 670.0 573.0
1 727.0 573.0
1 629.0 575.0
1 684.0 577.0
1 103.0 578.0
1 141.0 579.0
1 212.0 579.0
1 632.0 580.0
1 704.0 580.0
1 637.0 582.0
1 653.0 582.0
1 174.0 583.0
1 711.0 583.0
1 107.0 584.0
1 126.0 584.0
1 691.0 584.0
1 735.0 584.0
1 217.0 587.0
1 160.0 588.0
1 148.0 593.0
1 630.0 593.0
1 140.0 595.0
1 216.0 595.0
1 176.0 596.0
1 207.0 597.0
1 638.0 597.0
1 614.0 600.0
1 706.0 600.0
1 162.0 601.0
1 189.0 601.0
1 217.0 601.0
1 120.0 602.0
1 731.0 604.0
1 177.0 605.0
1 611.0 607.0
1 680.0 607.0
1 634.0 608.0
1 647.0 608.0
1 660.0 608.0
1 170.0 610.0
1 213.0 610.0
1 161.0 612.0
1 611.0 612.0
1 228.0 613.0
1 626.0 613.0
1 656.0 614.0
1 212.0 615.0
1 156.0 616.0
1 651.0 616.0
1 613.0 617.0
1 635.0 618.0
1 640.0 618.0
1 127.0 619.0
1 191.0 620.0
1 169.0 621.0
1 203.0 621.0
1 144.0 622.0
1 138.0 623.0
1 616.0 623.0
1 672.0 625.0
1 166.0 626.0
1 622.0 626.0
1 175.0 628.0
1 633.0 631.0
1 128.0 632.0
1 276.0 633.0
1 638.0 633.0
1 656.0 633.0
1 152.0 634.0
1 643.0 634.0
1 137.0 635.0
1 167.0 636.0
1 162.0 641.0
1 156.0 644.0
1 143.0 645.0
1 150.0 646.0
1 630.0 646.0
1 248.0 651.0
1 135.0 655.0
1 207.0 672.0
1 164.0 694.0
1 629.0 695.0
1 908.0 793.0
1 901.0 797.0
1 894.0 814.0
