0 0 1 102.27199770599616
0 2 4 142.10906724136368
0 3 5 199.71753968110363
0 4 7 155.4710567809093
0 5 9 186.24545562831582
0 7 10 149.0364456353546
0 6 11 132.54039222508175
0 9 12 162.81080990857498
0 10 14 114.6513865723408
0 11 15 147.01024168971713
0 12 16 104.6353675587262
0 13 17 107.26996748119267
0 14 18 119.51751364599308
0 15 21 107.9516008314296
0 16 22 102.96433682142501
0 18 23 105.58434363626992
0 17 24 119.2568426082288
0 20 25 129.29760253409864
0 19 26 102.17509505444072
0 21 27 114.21627451691876
0 23 28 103.02675658297005
0 24 30 103.1782260522989
0 25 31 116.02194188230987
0 26 32 105.64950910166013
0 27 34 115.82797919748819
0 30 36 149.92227858197887
0 31 38 103.20553736069861
0 32 40 110.2477503229783
0 35 41 125.62478187042912
0 34 42 168.13556821714454
0 36 43 102.37313829824559
0 37 44 106.01083221254719
0 38 45 121.56641787064926
0 43 46 108.65984569425441
0 44 47 118.15281158450269
0 42 48 162.92792185620263
0 41 49 103.63971033144945
0 48 50 104.9785024290162
0 47 51 104.02088847959776
0 52 52 102.51524204883151
0 50 53 105.55861476062532
0 51 54 107.2861836972631
0 53 55 102.12253511653367
0 54 56 102.7318280684332
0 57 57 109.55287175407189
0 55 58 115.62865491634966
0 56 59 115.87327382849637
0 58 60 102.22909197642052
0 59 61 102.27219097228041
0 61 62 157.8305405172508
0 65 63 127.95630398432665
0 63 64 102.9617839769666
0 64 65 105.7986325496272
0 60 66 133.33549503016363
0 68 67 105.3383312254846
0 71 68 111.09277945298055
0 72 69 155.29604819826693
0 69 70 158.05920082634023
0 74 71 113.24840048903346
0 70 72 123.76984048820327
0 80 73 102.60126355036898
0 84 74 187.3704955074434
0 77 75 103.9454719867245
0 79 76 105.87221312041284
0 82 77 103.64633708169477
0 81 78 125.80048780897468
0 83 79 105.35234779428544
0 88 81 106.68635074551031
0 85 82 108.93968577438224
0 86 83 102.65764035117186
0 92 84 102.36947785038457
0 93 85 117.26224524428983
0 89 86 111.30694713064375
0 87 87 118.97148465311007
0 78 88 127.99559585466534
0 91 89 116.94451755657764
0 94 90 111.31777394920282
0 95 92 122.52442788832447
0 96 93 116.13591430433115
0 97 94 107.12980303554586
0 99 95 106.13202003001796
0 100 96 106.10641279372494
0 101 97 105.16723864237281
0 102 99 122.02941091327621
0 104 100 107.41481785525392
0 103 101 147.0804292620799
0 106 102 102.93581408498682
0 105 104 105.55091780050499
0 109 106 108.37178543269931
0 110 107 102.75401970852704
0 108 108 102.65284151729924
0 111 109 104.73575304330325
0 112 110 106.84742629791013
0 114 111 103.19372374712457
0 113 113 107.81635711875373
0 115 114 102.16676370466031
0 116 118 109.74470310538122
0 118 121 107.51776420274268
0 130 122 161.86610294212
0 120 125 103.65359866797232
0 119 126 111.17830923672636
0 123 127 105.24444569347995
0 124 128 104.7332096760329
0 137 129 110.1115737410544
0 128 130 110.10401502703246
0 134 131 102.41151379445859
0 126 132 197.02570989761654
0 127 133 113.88817027572638
0 135 134 102.29243186592907
0 131 135 105.32195792989052
0 139 136 128.7739286388087
0 138 137 104.64949140515442
0 133 138 124.78680081019262
0 142 139 133.56419306078587
0 136 140 102.28057693866963
0 144 141 109.64557558317208
0 141 142 108.36067719997857
0 146 143 107.75303863574605
0 147 144 125.73272072302166
0 145 145 102.60879988942342
0 149 146 103.33839639992559
0 150 147 112.30978223214775
0 158 149 109.28156357711987
0 156 150 103.08091031492572
0 163 151 113.1379166288747
0 152 152 142.9580943983337
0 155 153 105.21775379513112
0 151 154 104.35758368248334
0 154 155 121.0493502258147
0 160 156 107.76018109283744
0 157 157 112.64332347305705
0 164 158 160.4374568298552
0 167 159 114.97395729824753
0 161 161 104.38982917546473
0 166 162 102.49642195749699
0 148 163 156.34265223689562
0 162 164 120.11564230327245
0 175 165 119.90550907155652
0 169 166 110.30795754792717
0 170 167 134.1626032695686
0 168 168 114.25821615779839
0 176 169 124.07006699712151
0 173 170 103.3736836923074
0 178 171 143.956265727987
0 185 172 164.52901344566314
0 181 173 105.32246042705616
0 177 174 109.23290346720968
0 179 175 104.77956541865446
0 174 177 116.82045240273675
0 182 178 103.95186737952223
0 165 180 152.3170514369613
0 180 182 103.32725871883733
0 184 183 103.44113527912624
0 190 184 113.87448799731379
0 192 186 102.34482974021817
0 188 187 102.97700181258548
0 187 188 108.4305071964434
0 186 190 148.54122565784004
0 191 191 106.83596843167365
0 189 192 103.9822062996031
0 193 193 105.20666255552642
0 194 194 111.08498981496777
0 195 195 110.8052958662106
0 199 196 103.78970769750042
0 198 197 102.45410982741312
0 196 199 105.41420677694605
0 206 200 103.40676431906688
0 200 202 108.04182208573864
0 207 203 107.69730878950735
0 197 204 189.8505657535127
0 204 205 111.05115177763949
0 205 206 149.42839054771832
0 201 207 122.54424194101385
0 208 208 104.23662982220232
0 202 209 105.38505880588964
0 213 210 113.20142975944079
0 211 212 122.0307511788141
0 210 213 102.79817351620557
0 212 214 108.65699558240553
0 209 216 130.48716265357243
0 214 217 102.17694319292107
0 217 218 108.76756980124193
0 215 219 136.78922313412957
0 224 220 102.14284740175611
0 234 221 150.67435718370737
0 225 222 108.44266012231363
0 220 223 107.50402662338794
0 221 224 108.75989130503837
0 239 225 186.75787187597578
0 226 226 102.67139865749864
0 228 227 104.40376986287731
0 230 228 151.37375075631766
0 231 229 108.07804890744144
0 237 230 114.95750799834126
0 242 231 102.64843879345187
0 236 232 136.5833294120846
0 232 233 126.54217566923296
0 233 234 116.38393787756918
0 241 235 115.15468121398116
0 246 236 155.49863702940533
0 240 237 116.72250866189249
0 238 238 139.05913289785738
0 227 239 126.40226579378877
0 244 241 102.46231289585536
0 250 242 199.01366316721715
0 245 244 168.61777815745967
0 251 245 102.19234072267578
0 249 246 104.20507433731687
0 243 247 103.79510144406781
0 247 248 153.576120900391
0 248 249 180.45712275863403
0 253 250 104.91735043107049
0 252 251 104.82148899704052
0 255 253 130.15495664686296
0 259 254 143.07457042364265
0 262 256 110.94634953052913
0 260 257 102.27858163983797
0 261 258 104.87863472117627
0 256 259 108.80839190699606
0 257 260 128.9475785690454
0 264 261 117.67073715065
0 263 262 108.96846956706423
0 265 263 107.153203349023
0 268 264 105.2464065373506
0 269 265 102.16437468102588
0 272 266 104.97395050238809
0 267 267 102.21139801118933
0 270 268 103.58146342294636
0 273 269 102.25483109306491
0 277 271 128.55391996290166
0 271 273 115.36711120401912
0 284 274 102.91760318005593
0 278 275 102.19897043340285
0 281 276 119.65779608967893
0 274 277 104.16339006647819
0 276 278 115.10769569805876
0 279 280 102.71953147222983
0 275 283 119.59276681578326
0 297 284 116.29035158091708
0 283 285 116.26911577356638
0 286 286 104.26416745789247
0 287 287 139.7287297042198
0 285 288 102.67766336383045
0 282 289 103.89225266800625
0 280 290 102.13422286426892
0 288 291 102.78611921872283
0 289 292 132.12154048724557
0 290 293 106.12397070973105
0 294 294 110.06679302611818
0 291 295 102.41835328889503
0 292 296 189.46854401899427
0 303 298 102.75794057780247
0 299 299 108.2833047714004
0 295 300 102.13033079586427
0 296 301 129.01695147257917
0 298 302 104.46726459504465
0 293 303 102.92540706452935
0 307 304 121.83179150845451
0 301 305 105.13951188746778
0 302 306 107.4848591295062
0 317 307 128.59181549730255
0 309 308 102.4508815199541
0 310 309 102.1718283065242
0 304 310 157.15466510197825
0 300 311 179.33509512804224
0 305 312 105.4789700199519
0 313 313 102.12569924797934
0 314 314 106.00335046390796
0 308 315 106.0732793361518
0 306 316 114.92812683265599
0 312 317 104.01240817273933
0 315 318 110.47682413477618
0 318 319 103.82311941602862
0 323 321 109.71257336856229
0 328 322 131.97627462605698
0 329 323 107.88563279861066
0 325 325 118.34531161230697
0 320 326 104.34892507747857
0 322 328 109.16708673905381
0 324 329 104.04098232969423
0 319 330 102.19063518973303
0 332 331 114.40650302276269
0 330 332 109.80855909292767
0 326 333 105.78511062683728
0 331 334 102.8510341769151
0 334 335 103.2989861597026
0 327 336 105.76322404670593
0 335 338 102.14917837852977
0 333 339 104.81054661522893
0 338 340 106.83224719506082
0 321 343 162.8291237252479
0 337 345 108.98281053286432
0 347 346 115.35478444946492
0 336 348 103.51614080111713
0 341 349 113.39970953231351
0 340 350 102.51583087531517
0 350 351 103.46407471025098
0 343 352 103.34411255363791
0 344 353 108.69058010040193
0 342 354 114.41425049776413
0 345 355 157.11509054299574
0 349 356 112.0472444994073
0 346 357 154.11045325177412
0 356 358 102.20243191993603
0 351 359 104.53219128851885
0 348 360 136.54197832512506
0 353 361 161.06538141148752
0 357 362 103.32415968830585
0 358 363 103.23339670913865
0 354 364 103.994407420507
0 355 365 129.44319004649697
0 373 367 167.6970987785867
0 359 368 102.12399593871055
0 352 369 125.09290136562528
0 370 370 180.3733293884007
0 362 371 113.13278983270494
0 361 372 114.02825855324967
0 364 373 102.16067315935045
0 363 374 104.130120942565
0 360 375 102.40961340243
0 366 377 104.16185091680123
0 368 378 105.77956143502247
0 379 379 141.8633091852287
0 371 380 103.65903591850257
0 365 381 102.7577454712941
0 374 382 156.249334107197
0 369 383 161.49821282874385
0 375 384 111.08027537119085
0 383 385 102.64158737389523
0 384 386 115.32574687530848
0 386 387 112.27331565259388
0 377 388 113.6416214649508
0 391 389 156.99946875215525
0 382 390 165.1159398752272
0 385 391 112.78360152789999
0 378 392 106.83841084670054
0 381 393 106.51550721254407
0 389 394 112.17795472473928
0 387 395 111.3939683103943
0 380 396 102.72501583072713
0 388 397 113.0505576177117
0 392 398 106.19053680248757
0 394 399 103.77486494657985
0 403 400 121.9461769053763
0 390 401 119.52252871278594
0 410 402 135.81444959063523
0 402 403 111.79332048674013
0 400 404 127.41612284952461
0 407 406 108.43666041361166
0 398 407 118.57023257615302
0 399 408 196.61706281773925
0 411 409 159.5015121408113
0 408 410 113.58657955653398
0 395 411 106.90134662613258
0 404 412 102.23177058308772
0 423 415 102.59940630462393
0 406 416 106.17964945154934
0 414 417 102.51920109746746
0 424 419 102.41078238523038
0 412 420 107.00201398706297
0 405 421 102.67604841654665
0 413 422 102.8569172455423
0 415 424 102.7692580231056
0 409 425 102.46446555853133
0 420 426 103.7390915980827
0 418 427 135.2587769336004
0 431 428 127.51544481203058
0 416 429 109.27525716187603
0 419 430 126.42300153141896
0 421 431 116.91106504351201
0 422 432 102.46456568457809
0 447 433 165.78211153315598
0 427 434 110.13494294450581
0 437 435 108.92550466587562
0 426 436 107.25667027593894
0 441 437 105.46307670625521
0 425 438 166.311166297427
0 434 439 102.35014928031877
0 432 440 136.21253330778586
0 438 441 115.16764512484411
0 429 442 163.3994119956434
0 435 443 106.65898357210877
0 448 445 104.594616448431
0 445 446 103.19702443081364
0 444 447 109.32836482269444
0 442 448 105.80730654467503
0 451 449 103.12132054564287
0 456 452 107.1130527739989
0 449 454 102.11873717445468
0 452 455 104.11750673276681
0 461 456 102.69656265067697
0 450 457 109.69175685919348
0 455 458 109.07067288138943
0 457 459 106.63802852424071
0 453 460 117.80200039643651
0 446 461 102.36596756437237
0 466 462 108.4505182215792
0 458 463 140.9441464449382
0 460 464 118.36347963972587
0 459 465 105.44512706737854
0 467 466 124.35763035831837
0 463 468 102.19633712137757
0 472 469 105.09289642679356
0 462 470 103.38748807503504
0 465 471 103.42624540499821
0 473 472 102.53386852915693
0 468 473 108.81758057469368
0 464 474 103.4645213518557
0 476 475 122.62496043994435
0 478 476 125.87008441897416
0 491 477 174.41615989567393
0 471 478 111.59705792515824
0 488 479 104.08067677810524
0 489 480 125.01317774086205
0 474 481 117.50062296869832
0 475 482 112.86128499431764
0 482 483 106.17012820999608
0 477 485 103.04296824785663
0 485 486 124.76764676835354
0 490 487 111.70662650064938
0 487 488 102.12497191553776
0 492 489 133.95326139695877
0 495 490 133.9689102224221
0 496 493 111.98902619129069
0 493 494 103.42367598039013
0 483 495 108.75865043771924
0 494 496 137.76718376527805
0 502 497 102.1975074655241
0 503 498 105.9356876300698
0 504 499 104.75743225274783
0 497 500 106.2444284453272
0 499 501 102.4346179491934
0 510 502 106.80219427716433
0 505 503 102.0608581968499
0 484 504 191.2613051566357
0 500 505 169.05024749113196
0 509 506 116.39631599337083
0 507 507 112.68334567369224
0 524 508 102.45537993436882
0 516 509 103.308737299245
0 514 510 115.60461704163897
0 515 511 103.12230300110497
0 501 512 117.55268782788664
0 517 513 103.20243927884587
0 518 514 106.89451507010399
0 511 515 112.53563185592728
0 512 518 102.25829636470556
0 520 519 115.5383714402354
0 525 520 102.41557111741048
0 519 521 110.41721004173581
0 522 522 153.31987586522902
0 523 523 111.28651042048074
0 529 524 116.2607444694221
0 526 525 107.68261988177979
0 530 526 106.06533950460404
0 527 527 104.94471723339338
0 528 528 107.66485338721834
0 535 529 108.37328350349513
0 533 530 102.29272499994208
0 531 531 102.40086875737045
0 538 532 102.35420174237224
0 534 533 135.55720671557447
0 532 534 105.60146330763041
0 539 535 102.29647975864269
0 543 536 102.72330505055156
0 542 537 131.04067308908964
0 546 538 115.2724753526408
0 537 539 102.8188121990802
0 541 540 105.28259292683535
0 544 541 102.79302773617584
0 536 542 104.80799306678156
0 547 543 103.63160571946197
0 550 545 106.99757831570875
0 548 546 106.918323724276
0 549 547 102.28297140003266
0 545 548 102.26595071060419
0 540 549 116.87221733703217
0 551 550 106.09513342190817
0 563 551 102.37660534604399
0 552 552 117.3453613403036
0 555 554 102.55205670859509
0 554 555 115.57452204622618
0 560 557 112.43977977983882
0 553 558 118.8905655382094
0 556 559 168.69062987246662
0 565 560 109.85695665116148
0 558 561 105.86428331963957
0 561 562 138.52452187692407
0 562 564 132.78628126506015
0 564 565 118.72394875426022
0 573 566 131.73006370810054
0 568 567 118.61411684241507
0 559 569 102.45586796413524
0 572 571 105.27942834953951
0 569 572 108.2798943405267
0 566 573 102.21061964230461
0 567 574 104.704593868173
0 578 575 119.43507658461226
0 579 576 102.13865620450409
0 570 577 102.18756661871136
0 575 579 101.94388449384635
0 597 581 123.49293923470401
0 581 582 105.62795125021478
0 584 583 103.2782496418057
0 576 584 102.62171652352905
0 587 585 109.98217114741387
0 582 587 107.66351992737731
0 583 588 139.58435563808874
0 586 589 118.10718097480218
0 580 590 137.64360012673845
0 585 591 103.93368153796823
0 571 592 121.37683560476384
0 590 594 107.19878803097525
0 591 595 115.75476037651794
0 588 597 143.3464912730392
0 594 598 102.23913436006664
0 592 599 102.22114419307967
0 607 600 135.11219233118322
0 599 601 187.75436937077077
0 598 602 136.7419404635359
0 596 603 106.679784056496
0 608 605 107.13838880548845
0 604 606 150.87465164024724
0 606 607 103.49140989793733
0 612 608 127.04483745860892
0 605 609 102.13855671438672
0 602 610 104.1501794343508
0 603 611 102.21134819522561
0 617 612 113.9188630015825
0 611 615 110.03583119827522
0 610 616 109.12326242938413
0 615 617 102.45508586739538
0 616 619 110.20438620553388
0 618 621 102.14562099439615
0 619 622 115.0449685840147
0 614 623 102.64721413712383
0 613 624 102.17792018202626
0 627 625 102.72780855020886
0 624 626 103.42816458706419
0 620 627 102.3914944565457
0 625 628 102.54193395863733
0 630 629 106.58978391656663
0 621 630 107.59633698736314
0 622 631 109.5005892344234
0 623 635 105.24138243380408
0 636 636 102.22782124467489
0 626 637 102.5036109803128
0 628 638 128.97862650947525
0 629 639 105.33210797993611
0 640 640 102.17480259420901
0 631 641 102.73966671918812
0 632 642 103.17163364524052
0 634 643 144.5254819255884
0 635 644 109.43523483493213
0 633 645 115.66763711233537
0 637 646 102.8298468353307
0 649 647 102.32307033810883
0 644 649 136.40193768421486
0 639 650 102.28565283097825
0 651 651 106.72934589182555
0 642 652 102.20569439885648
0 645 653 102.31916386370534
0 643 654 102.64442579788235
0 646 655 102.25956162133534
0 647 656 102.43476179660578
0 655 657 102.81229714105584
0 650 658 102.51744078650647
0 648 660 134.07205067262115
0 653 661 102.27023963979296
0 662 662 102.44673381888198
0 654 663 103.30577932268193
0 652 664 105.63812710929588
0 663 666 102.64784844265083
0 664 667 143.3016664956954
0 659 668 103.42520614344105
0 656 669 124.40448339769874
0 657 670 137.07691111039938
0 660 671 103.73548034220335
0 661 672 105.94417671945683
0 672 673 103.31509275084332
0 667 675 103.18339143333644
0 668 676 103.32169714156633
0 669 677 102.30101452738631
0 679 678 103.83223076315615
0 675 679 162.78907253728298
0 671 681 102.76690998329975
0 666 682 101.95822045724607
0 673 683 102.16471685203486
0 670 684 102.14372423875228
0 676 685 102.32901798770567
0 674 686 103.7220253361139
0 683 688 118.95498501258805
0 681 690 104.50776678243123
0 677 691 123.83347848169134
0 678 692 104.21501024681812
0 682 693 102.12458027928342
0 684 694 102.94391129302932
0 685 695 142.98809132574513
0 689 696 155.28347129291978
0 692 698 141.78127108480163
0 693 699 161.06323212890268
0 691 700 102.864516417001
0 694 701 141.96846812350935
0 686 703 102.14216335497832
0 688 704 103.45134704535732
0 697 705 102.10155361911785
0 690 706 102.13767996610757
0 687 707 111.91514383782552
0 695 708 102.19526640446814
0 704 709 102.17728544812479
0 702 710 102.28038364068975
0 698 711 112.50279040477618
0 705 712 102.20637929683744
0 707 713 140.97298423705877
0 700 714 102.13607574226683
0 701 715 105.01324932548461
0 696 716 117.16080230058759
0 703 717 102.29384765638099
0 699 718 128.9695941011603
0 712 719 116.48598044668748
0 706 720 102.36830981034191
0 709 721 107.38706197466499
0 713 722 187.09837431594048
0 715 723 105.34079162739538
0 718 725 106.59044756801622
0 719 726 102.31379762802383
0 711 727 112.43286248894752
0 716 728 151.03503171811863
0 717 729 144.88628468661415
0 726 730 102.14635484006875
0 721 731 102.1136716193929
0 724 732 136.84141583406978
0 728 734 102.41288287058083
0 729 735 103.21784264504974
0 723 736 130.9388617745316
0 727 737 102.1871309339127
0 725 738 125.11217406990546
0 730 739 102.78778800979379
0 731 741 127.168965865915
0 733 742 102.2403492983125
0 736 743 102.0116657961605
0 734 745 102.46862095392495
0 737 746 102.79479122577457
0 745 747 103.3013013321183
0 739 748 143.440921901925
0 735 749 102.94852891409998
0 742 750 107.19408262035523
0 738 751 148.36963966636938
0 744 752 102.12141621717367
0 743 753 115.44332742786536
0 746 755 120.31048123357782
0 740 756 102.20208949624954
0 749 757 124.86715591752697
0 759 758 134.51864081876593
0 753 759 133.3477035749791
0 747 760 126.82971449582907
0 748 761 102.13125093861592
0 754 763 108.87311257453011
0 757 764 105.34044107924183
0 758 765 102.12691770844684
0 750 766 194.9631205225414
0 751 767 110.76794931664047
0 756 769 104.89784143442027
0 760 770 103.37540983475245
0 765 771 102.86500835227118
0 762 772 102.24634964754198
0 767 773 128.7959145727972
0 768 774 102.25229461324392
0 770 775 148.2559144971068
0 761 776 102.1756799799269
0 764 778 105.13770656360542
0 772 779 104.64844047013784
0 769 780 110.68805891323632
0 763 783 184.9542426867838
0 766 784 114.71684613350675
0 775 785 106.81518180917007
0 755 786 102.43925879553085
0 771 787 102.22533593419544
0 773 788 110.7897616178676
0 776 790 106.13298012219462
0 774 791 102.48845759758835
0 783 793 108.47585976050014
0 784 794 167.29249894701908
0 782 795 113.11763340757545
0 777 796 109.3429147003292
0 778 797 102.24883597991298
0 779 798 103.45919380690891
0 789 799 102.2583399937233
0 781 800 102.13982522790153
0 786 801 104.90249171004618
0 785 802 125.15137213057976
0 790 803 102.32579755854533
0 809 804 151.7858881201229
0 804 805 109.5265454994126
0 787 806 107.9926398334449
0 788 807 107.30900033777881
0 791 809 102.2134405075112
0 792 810 102.8595153421603
0 801 811 120.1997538433586
0 794 812 116.42284939537855
0 795 813 128.5449173923547
0 800 814 102.23454900714573
0 796 815 102.1829858900738
0 793 816 111.21033762246932
0 802 817 110.99079893690482
0 805 818 106.2873980068756
0 803 819 116.7784621998198
0 797 820 115.50047818799108
0 798 821 144.81011277210996
0 799 822 102.15706521150084
0 806 824 102.84191139195657
0 807 825 104.2928088121782
0 810 826 113.78856583760857
0 808 828 121.43345656025
0 811 831 103.10701051042506
0 819 832 123.20449766632669
0 814 833 102.36201409633144
0 817 834 107.04187646070531
0 812 835 163.65687690472905
0 815 837 102.17406833972899
0 818 838 111.70763803542505
0 821 839 120.95068596114187
0 825 840 109.60104413950961
0 816 842 104.22817905520799
0 820 843 106.90420074511466
0 827 845 102.5219889022002
0 813 846 106.73336551982209
0 824 847 109.37941330829837
0 823 848 109.14475835744881
0 826 850 118.70939914161266
0 833 852 113.30468369747113
0 822 854 135.50201610867805
0 837 855 103.44700950920863
0 830 856 122.12703435673069
0 828 857 107.258103390187
0 829 858 106.76711653330867
0 832 859 104.72167127069065
0 835 860 113.23090512624945
0 838 862 104.03755647283923
0 842 863 115.8826699791494
0 834 864 108.23064875494101
0 836 865 103.27642502333954
0 841 866 102.46920298651403
0 848 867 106.80672935483759
0 839 868 107.26127146284665
0 847 869 104.35489637543543
0 845 870 102.15277954944366
0 843 871 105.27812689801117
0 846 872 112.92819711515484
0 851 873 104.53732377428653
0 853 874 113.821451943298
0 852 875 125.84674483661438
0 855 876 103.40188244842052
0 854 877 103.80955816505772
0 862 878 102.32511730002274
0 868 879 105.92008436627813
0 856 880 102.20618005284167
0 857 881 115.80621645730311
0 859 882 106.41483478670561
0 860 883 119.52002538405387
0 870 884 107.74384204058313
0 858 885 102.73300441886457
0 866 886 106.36658956662244
0 869 887 108.09794396839665
0 863 888 108.76233081993179
0 864 889 105.6502143203851
0 872 890 117.8517746238338
0 874 891 104.97865350982852
0 871 893 102.91407414195875
0 876 894 107.48644984713633
0 873 895 131.05641657296687
0 888 896 103.08184133244144
0 878 898 103.01467392195337
0 885 899 102.18532599360961
0 886 900 178.3317727599678
0 881 901 102.28867740437029
0 879 902 110.86073660219289
0 884 903 102.28131272476055
0 891 905 134.62548165884832
0 890 906 102.22835694146102
0 887 907 104.60309413427791
0 883 909 105.77028518017693
0 880 910 163.84974457953604
0 892 911 131.66896445423222
0 893 912 102.17110031688041
0 899 913 136.752049807525
0 882 914 117.1511323020554
0 895 915 102.95810026861918
0 898 916 103.79456204418398
0 896 917 122.74003261271223
0 901 918 103.24427273047831
0 902 919 110.02596663325335
0 904 920 110.7065377515519
0 900 921 133.05857491873792
0 894 922 165.6872674080246
0 907 923 111.27149776524716
0 908 924 102.24322788263747
0 903 925 115.64453160811034
0 906 926 103.61846562649733
0 909 927 120.39839968424263
0 910 928 108.20913446964468
0 913 929 110.36036071592738
0 914 930 107.82370893101981
0 911 931 102.19887082575039
0 915 932 126.93548012460505
0 912 933 119.46799862596124
0 923 934 105.66054086516965
0 917 935 109.5978580580662
0 919 936 106.05987485513124
0 922 938 102.53812355877332
0 920 939 109.72596983473952
0 921 940 106.28977500080458
0 924 941 104.28445913039803
0 918 942 134.6378735627249
0 925 943 104.38515279843428
0 926 944 104.20552092710851
0 927 945 107.27636009097112
0 928 946 102.71404769930719
0 930 947 106.7864094991262
0 929 948 103.63694463417161
0 935 949 124.65953309561368
0 931 950 107.97008050318546
0 932 951 117.25765572136189
0 933 952 139.28861354943533
0 934 953 118.75248710245823
0 937 954 143.98159201409777
0 939 955 105.09179706976998
0 943 956 132.6211287551426
0 940 958 120.8623076399959
0 945 959 102.11805966619869
0 942 960 139.32043361919798
0 938 961 192.91861979353823
0 946 962 102.28867740437029
0 944 963 114.44895926598619
0 947 965 181.95173119252604
0 950 966 136.01120438369242
0 951 967 109.90641926587492
0 952 968 164.62851269861488
0 954 971 107.05831070835418
0 953 972 121.20055562121475
0 956 973 102.97307684895272
0 955 974 102.24878612744945
0 957 975 184.33721860835928
0 958 977 102.6506432484836
0 963 978 161.85977838703408
0 959 980 104.15390367865214
0 962 981 104.00030597776788
0 965 982 103.82168667690411
0 960 983 108.32869513157985
0 966 984 103.82653759014389
0 964 985 107.14349303087714
0 970 987 102.58732330024252
0 967 989 108.71250464761519
0 961 990 118.79864303488989
0 968 991 121.30555693334361
0 971 992 102.13169236433437
0 973 993 105.1239248934723
0 975 994 130.18133591318272
0 972 995 104.09625947623944
0 974 996 102.16934571780942
0 982 997 194.18746088550984
0 976 998 109.03468469741917
0 980 999 130.93217875379798
0 977 1000 105.42300333369172
0 978 1001 107.26112059800006
0 979 1002 103.03402652307474
0 986 1004 132.77824190163662
0 985 1005 113.90859158595896
0 983 1006 119.99365172593164
0 984 1007 122.214067599965
0 987 1009 128.65547822420766
0 988 1012 112.06172619993072
0 990 1013 160.20321492784072
0 989 1014 171.68719460473002
0 991 1016 102.07015342144459
0 992 1018 106.73483900659309
0 993 1019 123.4041755045608
0 994 1021 102.21105552741949

0 527.0 29.0
0 402.0 50.0
0 797.0 53.0
0 928.0 98.0
0 920.0 99.0
0 933.0 99.0
0 504.0 100.0
0 915.0 102.0
0 106.0 103.0
0 940.0 103.0
0 944.0 109.0
0 906.0 113.0
0 945.0 117.0
0 121.0 118.0
0 904.0 118.0
0 945.0 122.0
0 914.0 128.0
0 907.0 134.0
0 936.0 138.0
0 914.0 140.0
0 937.0 143.0
0 911.0 146.0
0 901.0 149.0
0 924.0 150.0
0 941.0 150.0
0 888.0 162.0
0 798.0 163.0
0 873.0 164.0
0 951.0 166.0
0 832.0 169.0
0 1031.0 169.0
0 837.0 170.0
0 822.0 172.0
0 1014.0 172.0
0 991.0 173.0
0 844.0 174.0
0 1004.0 175.0
0 437.0 176.0
0 980.0 176.0
0 1044.0 178.0
0 793.0 180.0
0 777.0 185.0
0 787.0 185.0
0 823.0 187.0
0 1040.0 190.0
0 1049.0 190.0
0 775.0 194.0
0 786.0 194.0
0 1058.0 195.0
0 832.0 200.0
0 796.0 201.0
0 786.0 202.0
0 804.0 207.0
0 774.0 208.0
0 1049.0 208.0
0 922.0 210.0
0 790.0 212.0
0 776.0 215.0
0 1033.0 217.0
0 1061.0 217.0
0 815.0 219.0
0 874.0 219.0
0 861.0 220.0
0 981.0 221.0
0 1048.0 221.0
0 781.0 222.0
0 1022.0 222.0
0 959.0 223.0
0 475.0 224.0
0 846.0 224.0
0 851.0 224.0
0 464.0 225.0
0 1017.0 226.0
0 804.0 227.0
0 884.0 227.0
0 994.0 227.0
0 912.0 228.0
0 450.0 229.0
0 493.0 229.0
0 832.0 229.0
0 499.0 231.0
0 867.0 231.0
0 905.0 231.0
0 925.0 231.0
0 817.0 232.0
0 979.0 232.0
0 1009.0 232.0
0 1049.0 232.0
0 1054.0 232.0
0 947.0 233.0
0 1034.0 234.0
0 504.0 235.0
0 1024.0 235.0
0 939.0 236.0
0 960.0 236.0
0 852.0 237.0
0 885.0 237.0
0 909.0 237.0
0 1017.0 238.0
0 495.0 239.0
0 841.0 239.0
0 780.0 240.0
0 472.0 241.0
0 511.0 241.0
0 1045.0 241.0
0 938.0 242.0
0 994.0 242.0
0 459.0 243.0
0 817.0 243.0
0 828.0 244.0
0 926.0 244.0
0 439.0 245.0
0 783.0 245.0
0 1032.0 245.0
0 802.0 246.0
0 504.0 247.0
0 517.0 247.0
0 1003.0 247.0
0 1023.0 247.0
0 265.0 248.0
0 270.0 248.0
0 914.0 248.0
0 255.0 249.0
0 260.0 249.0
0 275.0 249.0
0 446.0 249.0
0 1013.0 249.0
0 834.0 251.0
0 843.0 251.0
0 972.0 251.0
0 919.0 252.0
0 455.0 253.0
0 520.0 253.0
0 781.0 253.0
0 470.0 254.0
0 1032.0 254.0
0 290.0 255.0
0 992.0 255.0
0 1043.0 255.0
0 511.0 256.0
0 812.0 256.0
0 934.0 257.0
0 1002.0 257.0
0 261.0 258.0
0 228.0 259.0
0 801.0 259.0
0 900.0 259.0
0 968.0 259.0
0 524.0 260.0
0 277.0 261.0
0 918.0 261.0
0 245.0 262.0
0 432.0 262.0
0 847.0 262.0
0 1011.0 262.0
0 783.0 263.0
0 821.0 263.0
0 942.0 263.0
0 221.0 264.0
0 508.0 265.0
0 526.0 265.0
0 1032.0 265.0
0 475.0 266.0
0 718.0 266.0
0 1041.0 266.0
0 240.0 267.0
0 304.0 267.0
0 431.0 267.0
0 928.0 267.0
0 284.0 268.0
0 450.0 268.0
0 786.0 268.0
0 218.0 269.0
0 270.0 269.0
0 485.0 269.0
0 814.0 269.0
0 828.0 269.0
0 837.0 269.0
0 440.0 270.0
0 527.0 270.0
0 716.0 271.0
0 943.0 271.0
0 986.0 271.0
0 1025.0 272.0
0 232.0 273.0
0 215.0 274.0
0 298.0 274.0
0 895.0 274.0
0 999.0 274.0
0 527.0 275.0
0 795.0 275.0
0 953.0 275.0
0 969.0 275.0
0 431.0 276.0
0 811.0 276.0
0 834.0 276.0
0 911.0 276.0
0 884.0 277.0
0 800.0 278.0
0 1007.0 278.0
0 310.0 279.0
0 930.0 279.0
0 992.0 279.0
0 269.0 280.0
0 527.0 280.0
0 819.0 280.0
0 935.0 280.0
0 941.0 280.0
0 458.0 281.0
0 1014.0 281.0
0 226.0 282.0
0 244.0 282.0
0 487.0 282.0
0 442.0 283.0
0 904.0 283.0
0 957.0 283.0
0 1030.0 283.0
0 503.0 284.0
0 261.0 285.0
0 526.0 285.0
0 290.0 286.0
0 486.0 288.0
0 821.0 288.0
0 980.0 288.0
0 996.0 288.0
0 211.0 289.0
0 429.0 289.0
0 450.0 289.0
0 832.0 290.0
0 903.0 290.0
0 242.0 291.0
0 317.0 291.0
0 856.0 291.0
0 933.0 291.0
0 941.0 291.0
0 229.0 292.0
0 484.0 293.0
0 620.0 293.0
0 847.0 293.0
0 1015.0 293.0
0 223.0 295.0
0 890.0 295.0
0 210.0 296.0
0 986.0 296.0
0 1008.0 296.0
0 281.0 297.0
0 522.0 297.0
0 824.0 297.0
0 857.0 297.0
0 995.0 298.0
0 257.0 299.0
0 869.0 299.0
0 932.0 299.0
0 850.0 300.0
0 211.0 301.0
0 987.0 301.0
0 239.0 302.0
0 302.0 302.0
0 479.0 303.0
0 973.0 303.0
0 931.0 304.0
0 528.0 306.0
0 815.0 307.0
0 830.0 307.0
0 843.0 308.0
0 891.0 309.0
0 260.0 310.0
0 451.0 310.0
0 965.0 310.0
0 501.0 312.0
0 975.0 312.0
0 238.0 313.0
0 251.0 313.0
0 934.0 313.0
0 225.0 315.0
0 314.0 315.0
0 331.0 315.0
0 525.0 315.0
0 928.0 315.0
0 463.0 316.0
0 480.0 316.0
0 340.0 318.0
0 452.0 318.0
0 811.0 318.0
0 821.0 318.0
0 979.0 318.0
0 216.0 319.0
0 536.0 319.0
0 873.0 319.0
0 950.0 319.0
0 725.0 320.0
0 837.0 322.0
0 864.0 322.0
0 964.0 322.0
0 242.0 323.0
0 912.0 323.0
0 538.0 325.0
0 814.0 326.0
0 264.0 327.0
0 360.0 327.0
0 703.0 327.0
0 861.0 327.0
0 894.0 327.0
0 936.0 327.0
0 436.0 330.0
0 871.0 330.0
0 967.0 330.0
0 1007.0 330.0
0 494.0 331.0
0 510.0 331.0
0 538.0 331.0
0 813.0 331.0
0 955.0 331.0
0 319.0 332.0
0 343.0 332.0
0 881.0 332.0
0 225.0 333.0
0 927.0 333.0
0 368.0 334.0
0 248.0 335.0
0 431.0 335.0
0 230.0 336.0
0 271.0 336.0
0 276.0 336.0
0 894.0 336.0
0 806.0 337.0
0 785.0 338.0
0 869.0 338.0
0 913.0 338.0
0 531.0 339.0
0 616.0 339.0
0 374.0 340.0
0 423.0 340.0
0 861.0 340.0
0 837.0 341.0
0 906.0 341.0
0 973.0 341.0
0 1053.0 341.0
0 331.0 342.0
0 794.0 342.0
0 936.0 342.0
0 539.0 343.0
0 869.0 343.0
0 877.0 343.0
0 267.0 344.0
0 921.0 344.0
0 383.0 345.0
0 430.0 345.0
0 412.0 346.0
0 500.0 346.0
0 847.0 346.0
0 241.0 347.0
0 279.0 347.0
0 505.0 347.0
0 886.0 347.0
0 955.0 348.0
0 877.0 349.0
0 964.0 349.0
0 222.0 350.0
0 799.0 350.0
0 824.0 350.0
0 829.0 350.0
0 532.0 351.0
0 811.0 352.0
0 864.0 352.0
0 983.0 352.0
0 1054.0 352.0
0 77.0 353.0
0 300.0 353.0
0 542.0 353.0
0 72.0 354.0
0 444.0 354.0
0 930.0 354.0
0 399.0 355.0
0 793.0 355.0
0 917.0 355.0
0 450.0 356.0
0 781.0 357.0
0 896.0 357.0
0 971.0 357.0
0 424.0 358.0
0 622.0 358.0
0 947.0 358.0
0 952.0 358.0
0 963.0 358.0
0 229.0 360.0
0 265.0 360.0
0 497.0 360.0
0 820.0 360.0
0 59.0 361.0
0 91.0 361.0
0 456.0 361.0
0 830.0 361.0
0 910.0 361.0
0 440.0 362.0
0 528.0 362.0
0 811.0 362.0
0 884.0 362.0
0 385.0 364.0
0 504.0 364.0
0 367.0 365.0
0 930.0 365.0
0 57.0 366.0
0 257.0 366.0
0 262.0 366.0
0 372.0 367.0
0 434.0 367.0
0 953.0 367.0
0 93.0 368.0
0 348.0 368.0
0 448.0 368.0
0 775.0 368.0
0 792.0 368.0
0 889.0 368.0
0 901.0 368.0
0 66.0 369.0
0 912.0 369.0
0 235.0 370.0
0 531.0 370.0
0 220.0 372.0
0 817.0 372.0
0 848.0 372.0
0 966.0 372.0
0 343.0 373.0
0 392.0 373.0
0 860.0 373.0
0 875.0 373.0
0 889.0 373.0
0 93.0 374.0
0 419.0 374.0
0 930.0 374.0
0 944.0 374.0
0 974.0 374.0
0 57.0 375.0
0 955.0 375.0
0 445.0 376.0
0 904.0 376.0
0 263.0 377.0
0 337.0 377.0
0 502.0 378.0
0 527.0 379.0
0 895.0 379.0
0 984.0 379.0
0 820.0 380.0
0 936.0 380.0
0 369.0 381.0
0 435.0 381.0
0 883.0 381.0
0 787.0 382.0
0 231.0 383.0
0 1033.0 383.0
0 1038.0 383.0
0 298.0 384.0
0 311.0 384.0
0 487.0 384.0
0 520.0 385.0
0 811.0 385.0
0 827.0 385.0
0 948.0 385.0
0 796.0 386.0
0 836.0 386.0
0 919.0 386.0
0 292.0 387.0
0 330.0 387.0
0 791.0 387.0
0 957.0 387.0
0 320.0 388.0
0 325.0 388.0
0 359.0 388.0
0 89.0 389.0
0 874.0 389.0
0 974.0 389.0
0 265.0 390.0
0 418.0 390.0
0 891.0 390.0
0 226.0 391.0
0 939.0 391.0
0 453.0 392.0
0 822.0 392.0
0 71.0 393.0
0 111.0 393.0
0 787.0 393.0
0 987.0 393.0
0 494.0 394.0
0 846.0 394.0
0 901.0 394.0
0 944.0 394.0
0 413.0 395.0
0 479.0 396.0
0 858.0 396.0
0 228.0 397.0
0 294.0 397.0
0 304.0 397.0
0 333.0 397.0
0 424.0 397.0
0 799.0 397.0
0 835.0 398.0
0 253.0 399.0
0 404.0 399.0
0 438.0 399.0
0 878.0 399.0
0 918.0 399.0
0 493.0 400.0
0 506.0 400.0
0 851.0 400.0
0 890.0 400.0
0 318.0 401.0
0 936.0 401.0
0 56.0 402.0
0 126.0 402.0
0 233.0 402.0
0 447.0 402.0
0 982.0 402.0
0 244.0 403.0
0 335.0 403.0
0 785.0 403.0
0 792.0 403.0
0 837.0 404.0
0 965.0 404.0
0 313.0 405.0
0 353.0 405.0
0 819.0 405.0
0 843.0 405.0
0 936.0 406.0
0 396.0 407.0
0 413.0 407.0
0 425.0 407.0
0 895.0 408.0
0 954.0 408.0
0 296.0 409.0
0 456.0 409.0
0 803.0 409.0
0 271.0 410.0
0 844.0 410.0
0 903.0 410.0
0 920.0 412.0
0 366.0 413.0
0 878.0 413.0
0 953.0 413.0
0 980.0 413.0
0 424.0 414.0
0 790.0 414.0
0 818.0 414.0
0 245.0 415.0
0 325.0 415.0
0 338.0 415.0
0 406.0 415.0
0 437.0 415.0
0 938.0 415.0
0 395.0 416.0
0 866.0 416.0
0 44.0 418.0
0 478.0 418.0
0 519.0 418.0
0 262.0 419.0
0 959.0 419.0
0 302.0 420.0
0 471.0 420.0
0 904.0 420.0
0 308.0 421.0
0 350.0 421.0
0 776.0 421.0
0 873.0 421.0
0 878.0 421.0
0 884.0 421.0
0 831.0 422.0
0 64.0 423.0
0 274.0 423.0
0 544.0 423.0
0 805.0 423.0
0 909.0 423.0
0 922.0 423.0
0 392.0 424.0
0 412.0 424.0
0 816.0 424.0
0 279.0 425.0
0 371.0 425.0
0 791.0 425.0
0 387.0 426.0
0 498.0 427.0
0 48.0 428.0
0 115.0 428.0
0 434.0 428.0
0 896.0 428.0
0 965.0 428.0
0 356.0 429.0
0 446.0 429.0
0 458.0 429.0
0 773.0 429.0
0 313.0 430.0
0 833.0 430.0
0 930.0 430.0
0 848.0 431.0
0 289.0 432.0
0 875.0 432.0
0 916.0 432.0
0 99.0 433.0
0 111.0 433.0
0 806.0 433.0
0 955.0 433.0
0 106.0 434.0
0 341.0 434.0
0 771.0 434.0
0 904.0 434.0
0 831.0 435.0
0 300.0 437.0
0 844.0 437.0
0 937.0 437.0
0 227.0 438.0
0 409.0 438.0
0 760.0 438.0
0 783.0 438.0
0 74.0 439.0
0 106.0 439.0
0 118.0 439.0
0 210.0 439.0
0 863.0 439.0
0 55.0 440.0
0 831.0 440.0
0 68.0 441.0
0 232.0 441.0
0 320.0 441.0
0 431.0 441.0
0 921.0 441.0
0 880.0 442.0
0 89.0 444.0
0 204.0 444.0
0 930.0 444.0
0 867.0 445.0
0 110.0 446.0
0 851.0 446.0
0 943.0 446.0
0 238.0 448.0
0 537.0 448.0
0 560.0 448.0
0 992.0 448.0
0 170.0 449.0
0 777.0 449.0
0 816.0 449.0
0 841.0 449.0
0 137.0 450.0
0 763.0 450.0
0 795.0 451.0
0 811.0 451.0
0 936.0 451.0
0 804.0 452.0
0 890.0 452.0
0 179.0 453.0
0 207.0 453.0
0 240.0 453.0
0 861.0 453.0
0 151.0 454.0
0 458.0 454.0
0 311.0 455.0
0 849.0 455.0
0 924.0 455.0
0 960.0 455.0
0 229.0 456.0
0 784.0 456.0
0 945.0 456.0
0 978.0 456.0
0 877.0 457.0
0 63.0 459.0
0 895.0 459.0
0 998.0 459.0
0 293.0 460.0
0 90.0 461.0
0 239.0 461.0
0 762.0 461.0
0 947.0 461.0
0 980.0 461.0
0 849.0 462.0
0 988.0 462.0
0 208.0 463.0
0 129.0 465.0
0 841.0 465.0
0 882.0 465.0
0 900.0 465.0
0 79.0 466.0
0 237.0 466.0
0 947.0 466.0
0 1005.0 466.0
0 572.0 467.0
0 822.0 467.0
0 916.0 467.0
0 279.0 469.0
0 888.0 469.0
0 56.0 470.0
0 62.0 470.0
0 234.0 471.0
0 935.0 471.0
0 948.0 471.0
0 961.0 471.0
0 865.0 472.0
0 159.0 473.0
0 307.0 473.0
0 228.0 474.0
0 520.0 474.0
0 51.0 475.0
0 56.0 475.0
0 210.0 475.0
0 223.0 475.0
0 302.0 475.0
0 846.0 475.0
0 999.0 475.0
0 107.0 477.0
0 828.0 477.0
0 585.0 478.0
0 910.0 478.0
0 79.0 479.0
0 187.0 480.0
0 756.0 480.0
0 251.0 481.0
0 298.0 481.0
0 787.0 481.0
0 874.0 481.0
0 982.0 481.0
0 921.0 482.0
0 977.0 483.0
0 53.0 484.0
0 864.0 484.0
0 944.0 484.0
0 579.0 486.0
0 874.0 486.0
0 760.0 487.0
0 999.0 487.0
0 183.0 488.0
0 975.0 488.0
0 573.0 489.0
0 591.0 489.0
0 148.0 490.0
0 351.0 491.0
0 536.0 491.0
0 943.0 491.0
0 112.0 492.0
0 29.0 493.0
0 528.0 493.0
0 638.0 493.0
0 774.0 493.0
0 164.0 494.0
0 789.0 496.0
0 764.0 497.0
0 878.0 497.0
0 322.0 499.0
0 771.0 499.0
0 992.0 499.0
0 59.0 500.0
0 115.0 500.0
0 237.0 500.0
0 298.0 500.0
0 545.0 502.0
0 761.0 502.0
0 826.0 502.0
0 579.0 503.0
0 584.0 503.0
0 589.0 503.0
0 868.0 503.0
0 133.0 504.0
0 559.0 504.0
0 236.0 505.0
0 776.0 505.0
0 901.0 505.0
0 973.0 505.0
0 379.0 506.0
0 140.0 507.0
0 415.0 507.0
0 760.0 507.0
0 785.0 507.0
0 535.0 508.0
0 962.0 508.0
0 34.0 509.0
0 78.0 510.0
0 885.0 510.0
0 997.0 510.0
0 118.0 511.0
0 563.0 511.0
0 843.0 511.0
0 759.0 512.0
0 991.0 512.0
0 253.0 513.0
0 378.0 513.0
0 535.0 513.0
0 592.0 513.0
0 766.0 513.0
0 784.0 513.0
0 64.0 514.0
0 393.0 514.0
0 831.0 514.0
0 575.0 515.0
0 563.0 516.0
0 583.0 516.0
0 799.0 516.0
0 310.0 517.0
0 96.0 518.0
0 356.0 518.0
0 520.0 518.0
0 791.0 518.0
0 900.0 518.0
0 965.0 518.0
0 130.0 519.0
0 428.0 519.0
0 547.0 519.0
0 772.0 519.0
0 142.0 520.0
0 993.0 520.0
0 759.0 521.0
0 933.0 521.0
0 948.0 521.0
0 66.0 522.0
0 886.0 522.0
0 981.0 522.0
0 38.0 523.0
0 340.0 523.0
0 456.0 523.0
0 824.0 523.0
0 869.0 523.0
0 941.0 523.0
0 256.0 524.0
0 115.0 525.0
0 335.0 525.0
0 446.0 525.0
0 451.0 525.0
0 470.0 525.0
0 840.0 525.0
0 417.0 526.0
0 546.0 526.0
0 67.0 527.0
0 388.0 527.0
0 404.0 527.0
0 39.0 528.0
0 98.0 528.0
0 969.0 530.0
0 985.0 530.0
0 245.0 531.0
0 906.0 531.0
0 390.0 532.0
0 777.0 532.0
0 799.0 532.0
0 932.0 532.0
0 42.0 533.0
0 135.0 533.0
0 451.0 533.0
0 887.0 533.0
0 959.0 533.0
0 9.0 534.0
0 529.0 534.0
0 835.0 534.0
0 98.0 535.0
0 899.0 535.0
0 157.0 536.0
0 255.0 536.0
0 950.0 536.0
0 127.0 537.0
0 263.0 537.0
0 779.0 537.0
0 112.0 538.0
0 269.0 538.0
0 940.0 538.0
0 977.0 538.0
0 435.0 539.0
0 641.0 539.0
0 928.0 540.0
0 572.0 541.0
0 648.0 541.0
0 843.0 541.0
0 853.0 541.0
0 348.0 542.0
0 602.0 542.0
0 958.0 542.0
0 165.0 543.0
0 500.0 543.0
0 967.0 543.0
0 770.0 544.0
0 153.0 546.0
0 775.0 547.0
0 252.0 548.0
0 586.0 548.0
0 941.0 548.0
0 523.0 549.0
0 567.0 549.0
0 816.0 549.0
0 839.0 549.0
0 951.0 549.0
0 979.0 549.0
0 136.0 550.0
0 885.0 550.0
0 330.0 551.0
0 677.0 551.0
0 962.0 551.0
0 970.0 551.0
0 257.0 552.0
0 575.0 552.0
0 606.0 552.0
0 912.0 552.0
0 596.0 553.0
0 382.0 554.0
0 124.0 555.0
0 648.0 555.0
0 863.0 555.0
0 178.0 556.0
0 375.0 556.0
0 497.0 556.0
0 952.0 556.0
0 103.0 557.0
0 134.0 558.0
0 351.0 558.0
0 529.0 558.0
0 567.0 558.0
0 838.0 558.0
0 881.0 558.0
0 981.0 558.0
0 357.0 559.0
0 550.0 559.0
0 605.0 559.0
0 676.0 559.0
0 91.0 560.0
0 586.0 561.0
0 641.0 561.0
0 932.0 562.0
0 163.0 563.0
0 619.0 563.0
0 841.0 563.0
0 978.0 563.0
0 157.0 564.0
0 501.0 564.0
0 598.0 564.0
0 863.0 565.0
0 641.0 566.0
0 879.0 566.0
0 579.0 567.0
0 625.0 567.0
0 941.0 567.0
0 826.0 568.0
0 973.0 568.0
0 107.0 569.0
0 539.0 569.0
0 853.0 569.0
0 884.0 569.0
0 93.0 570.0
0 604.0 570.0
0 677.0 570.0
0 139.0 571.0
0 836.0 571.0
0 175.0 572.0
0 591.0 572.0
0 867.0 573.0
0 924.0 573.0
0 568.0 574.0
0 126.0 575.0
0 579.0 575.0
0 874.0 575.0
0 539.0 577.0
0 112.0 579.0
0 179.0 579.0
0 107.0 580.0
0 630.0 582.0
0 576.0 583.0
0 561.0 584.0
0 592.0 584.0
0 87.0 585.0
0 544.0 585.0
0 143.0 586.0
0 169.0 587.0
0 608.0 587.0
0 549.0 588.0
0 564.0 589.0
0 596.0 589.0
0 152.0 590.0
0 180.0 591.0
0 603.0 592.0
0 827.0 592.0
0 617.0 593.0
0 832.0 593.0
0 132.0 594.0
0 640.0 596.0
0 183.0 597.0
0 143.0 599.0
0 123.0 600.0
0 154.0 603.0
0 189.0 603.0
0 551.0 603.0
0 175.0 604.0
0 97.0 605.0
0 620.0 605.0
0 106.0 607.0
0 614.0 607.0
0 818.0 607.0
0 135.0 608.0
0 157.0 608.0
0 534.0 608.0
0 828.0 608.0
0 166.0 609.0
0 639.0 612.0
0 567.0 613.0
0 143.0 614.0
0 554.0 614.0
0 597.0 614.0
0 120.0 617.0
0 105.0 618.0
0 145.0 619.0
0 573.0 619.0
0 549.0 620.0
0 132.0 621.0
0 535.0 622.0
0 106.0 627.0
0 537.0 627.0
0 112.0 628.0
0 119.0 628.0
0 226.0 629.0
0 587.0 631.0
0 107.0 632.0
0 582.0 633.0
0 546.0 634.0
0 552.0 635.0
0 570.0 637.0
0 108.0 638.0
0 204.0 638.0
0 162.0 643.0
0 553.0 650.0
0 165.0 654.0
0 160.0 656.0
0 124.0 671.0
1 389.0 69.0
1 318.0 113.0
1 881.0 118.0
1 896.0 118.0
1 876.0 120.0
1 901.0 120.0
1 872.0 125.0
1 905.0 127.0
1 159.0 128.0
1 906.0 135.0
1 867.0 136.0
1 906.0 140.0
1 876.0 145.0
1 869.0 152.0
1 898.0 155.0
1 872.0 163.0
1 863.0 167.0
1 902.0 167.0
1 885.0 168.0
1 767.0 179.0
1 851.0 179.0
1 839.0 180.0
1 844.0 183.0
1 913.0 183.0
1 996.0 184.0
1 807.0 186.0
1 791.0 188.0
1 956.0 188.0
1 961.0 188.0
1 966.0 189.0
1 971.0 190.0
1 945.0 192.0
1 761.0 197.0
1 775.0 201.0
1 754.0 202.0
1 744.0 204.0
1 790.0 204.0
1 1003.0 205.0
1 1012.0 205.0
1 754.0 207.0
1 981.0 208.0
1 802.0 210.0
1 1021.0 210.0
1 743.0 212.0
1 753.0 212.0
1 959.0 215.0
1 1018.0 218.0
1 752.0 219.0
1 760.0 219.0
1 965.0 220.0
1 741.0 224.0
1 1011.0 224.0
1 769.0 227.0
1 881.0 228.0
1 754.0 229.0
1 995.0 229.0
1 1022.0 230.0
1 743.0 232.0
1 779.0 236.0
1 832.0 236.0
1 988.0 236.0
1 823.0 237.0
1 928.0 237.0
1 1007.0 237.0
1 748.0 238.0
1 937.0 238.0
1 762.0 239.0
1 818.0 239.0
1 916.0 240.0
1 810.0 241.0
1 976.0 241.0
1 452.0 242.0
1 804.0 242.0
1 845.0 242.0
1 440.0 243.0
1 823.0 243.0
1 936.0 243.0
1 950.0 243.0
1 1017.0 243.0
1 869.0 244.0
1 766.0 245.0
1 469.0 246.0
1 427.0 247.0
1 793.0 247.0
1 842.0 247.0
1 862.0 247.0
1 882.0 247.0
1 1010.0 247.0
1 824.0 248.0
1 967.0 248.0
1 751.0 249.0
1 903.0 249.0
1 780.0 250.0
1 937.0 250.0
1 992.0 250.0
1 980.0 251.0
1 896.0 253.0
1 916.0 253.0
1 484.0 254.0
1 812.0 254.0
1 845.0 254.0
1 867.0 254.0
1 472.0 256.0
1 747.0 256.0
1 801.0 256.0
1 1005.0 257.0
1 448.0 258.0
1 489.0 258.0
1 778.0 258.0
1 952.0 258.0
1 435.0 261.0
1 789.0 261.0
1 884.0 261.0
1 990.0 261.0
1 415.0 262.0
1 765.0 262.0
1 980.0 262.0
1 493.0 263.0
1 872.0 265.0
1 970.0 265.0
1 423.0 266.0
1 240.0 267.0
1 248.0 267.0
1 794.0 267.0
1 805.0 267.0
1 253.0 268.0
1 496.0 268.0
1 750.0 268.0
1 879.0 268.0
1 884.0 268.0
1 232.0 269.0
1 991.0 269.0
1 999.0 269.0
1 1004.0 269.0
1 433.0 270.0
1 446.0 271.0
1 776.0 271.0
1 932.0 271.0
1 949.0 271.0
1 269.0 272.0
1 867.0 273.0
1 960.0 273.0
1 486.0 274.0
1 500.0 274.0
1 891.0 274.0
1 765.0 275.0
1 239.0 276.0
1 211.0 277.0
1 708.0 277.0
1 857.0 277.0
1 924.0 277.0
1 969.0 277.0
1 411.0 278.0
1 416.0 278.0
1 750.0 278.0
1 808.0 278.0
1 876.0 278.0
1 900.0 278.0
1 256.0 279.0
1 502.0 279.0
1 784.0 279.0
1 992.0 279.0
1 1001.0 279.0
1 225.0 280.0
1 205.0 281.0
1 703.0 281.0
1 451.0 282.0
1 483.0 282.0
1 886.0 283.0
1 284.0 284.0
1 410.0 284.0
1 503.0 284.0
1 268.0 285.0
1 427.0 285.0
1 799.0 285.0
1 220.0 286.0
1 263.0 286.0
1 461.0 286.0
1 755.0 286.0
1 777.0 286.0
1 945.0 286.0
1 250.0 287.0
1 417.0 287.0
1 864.0 287.0
1 985.0 287.0
1 199.0 288.0
1 761.0 289.0
1 957.0 289.0
1 854.0 290.0
1 927.0 290.0
1 212.0 291.0
1 912.0 291.0
1 277.0 292.0
1 410.0 292.0
1 775.0 292.0
1 796.0 292.0
1 966.0 292.0
1 504.0 293.0
1 843.0 293.0
1 870.0 293.0
1 950.0 294.0
1 903.0 295.0
1 974.0 295.0
1 997.0 295.0
1 782.0 296.0
1 894.0 296.0
1 291.0 297.0
1 248.0 298.0
1 434.0 298.0
1 992.0 298.0
1 418.0 299.0
1 463.0 299.0
1 863.0 299.0
1 206.0 300.0
1 479.0 301.0
1 503.0 302.0
1 615.0 302.0
1 240.0 303.0
1 662.0 303.0
1 794.0 303.0
1 939.0 303.0
1 955.0 303.0
1 967.0 303.0
1 193.0 304.0
1 269.0 304.0
1 786.0 304.0
1 407.0 305.0
1 976.0 305.0
1 428.0 306.0
1 695.0 306.0
1 799.0 306.0
1 863.0 306.0
1 892.0 306.0
1 902.0 306.0
1 461.0 307.0
1 805.0 307.0
1 815.0 307.0
1 221.0 308.0
1 810.0 308.0
1 192.0 309.0
1 605.0 309.0
1 209.0 310.0
1 296.0 310.0
1 794.0 311.0
1 851.0 311.0
1 968.0 311.0
1 459.0 312.0
1 818.0 312.0
1 955.0 312.0
1 499.0 313.0
1 192.0 314.0
1 260.0 314.0
1 837.0 314.0
1 237.0 316.0
1 417.0 316.0
1 812.0 317.0
1 941.0 317.0
1 900.0 318.0
1 922.0 318.0
1 193.0 319.0
1 281.0 319.0
1 455.0 319.0
1 219.0 320.0
1 786.0 321.0
1 504.0 322.0
1 799.0 322.0
1 1041.0 323.0
1 429.0 324.0
1 812.0 324.0
1 859.0 324.0
1 933.0 324.0
1 904.0 326.0
1 240.0 327.0
1 478.0 327.0
1 502.0 330.0
1 781.0 330.0
1 895.0 330.0
1 223.0 331.0
1 293.0 331.0
1 456.0 331.0
1 712.0 331.0
1 315.0 332.0
1 919.0 332.0
1 947.0 332.0
1 207.0 333.0
1 839.0 333.0
1 197.0 334.0
1 512.0 334.0
1 807.0 335.0
1 832.0 335.0
1 932.0 336.0
1 878.0 337.0
1 513.0 339.0
1 905.0 339.0
1 221.0 340.0
1 688.0 340.0
1 829.0 340.0
1 793.0 341.0
1 860.0 341.0
1 342.0 343.0
1 783.0 343.0
1 838.0 343.0
1 937.0 343.0
1 244.0 344.0
1 515.0 344.0
1 923.0 344.0
1 203.0 345.0
1 415.0 345.0
1 846.0 345.0
1 471.0 346.0
1 486.0 346.0
1 884.0 347.0
1 893.0 347.0
1 298.0 348.0
1 323.0 348.0
1 350.0 350.0
1 247.0 351.0
1 978.0 351.0
1 231.0 352.0
1 604.0 352.0
1 754.0 352.0
1 850.0 352.0
1 878.0 352.0
1 212.0 353.0
1 508.0 353.0
1 776.0 353.0
1 830.0 353.0
1 942.0 353.0
1 252.0 354.0
1 257.0 354.0
1 404.0 354.0
1 807.0 354.0
1 359.0 355.0
1 763.0 355.0
1 869.0 355.0
1 310.0 358.0
1 395.0 358.0
1 885.0 358.0
1 899.0 358.0
1 472.0 359.0
1 820.0 359.0
1 477.0 361.0
1 851.0 361.0
1 259.0 362.0
1 482.0 362.0
1 926.0 362.0
1 936.0 362.0
1 367.0 363.0
1 795.0 363.0
1 842.0 363.0
1 221.0 364.0
1 768.0 364.0
1 518.0 365.0
1 806.0 365.0
1 833.0 365.0
1 948.0 365.0
1 204.0 366.0
1 508.0 366.0
1 781.0 366.0
1 279.0 368.0
1 882.0 368.0
1 894.0 368.0
1 421.0 369.0
1 763.0 369.0
1 381.0 370.0
1 610.0 370.0
1 750.0 370.0
1 810.0 370.0
1 860.0 370.0
1 916.0 370.0
1 55.0 372.0
1 404.0 372.0
1 513.0 372.0
1 60.0 373.0
1 910.0 373.0
1 927.0 373.0
1 46.0 374.0
1 790.0 374.0
1 800.0 374.0
1 942.0 374.0
1 780.0 375.0
1 873.0 375.0
1 67.0 376.0
1 211.0 376.0
1 246.0 376.0
1 432.0 376.0
1 475.0 376.0
1 504.0 376.0
1 849.0 376.0
1 416.0 377.0
1 894.0 377.0
1 40.0 378.0
1 366.0 378.0
1 391.0 378.0
1 480.0 378.0
1 744.0 378.0
1 379.0 379.0
1 942.0 379.0
1 917.0 380.0
1 71.0 381.0
1 243.0 381.0
1 506.0 381.0
1 238.0 382.0
1 349.0 382.0
1 762.0 382.0
1 820.0 382.0
1 877.0 382.0
1 410.0 383.0
1 424.0 383.0
1 829.0 383.0
1 36.0 384.0
1 324.0 385.0
1 786.0 385.0
1 930.0 385.0
1 217.0 386.0
1 375.0 386.0
1 400.0 386.0
1 507.0 386.0
1 854.0 386.0
1 898.0 386.0
1 840.0 387.0
1 909.0 387.0
1 939.0 387.0
1 45.0 388.0
1 202.0 388.0
1 319.0 389.0
1 868.0 389.0
1 920.0 389.0
1 298.0 390.0
1 951.0 390.0
1 956.0 390.0
1 72.0 391.0
1 506.0 391.0
1 36.0 392.0
1 479.0 392.0
1 790.0 392.0
1 392.0 393.0
1 422.0 393.0
1 860.0 393.0
1 1017.0 393.0
1 1022.0 393.0
1 244.0 394.0
1 758.0 394.0
1 819.0 394.0
1 849.0 394.0
1 409.0 395.0
1 882.0 396.0
1 39.0 397.0
1 344.0 397.0
1 464.0 397.0
1 800.0 397.0
1 213.0 398.0
1 496.0 398.0
1 809.0 398.0
1 869.0 398.0
1 913.0 398.0
1 278.0 399.0
1 767.0 399.0
1 307.0 400.0
1 922.0 400.0
1 760.0 401.0
1 782.0 401.0
1 840.0 402.0
1 334.0 403.0
1 856.0 403.0
1 938.0 403.0
1 270.0 404.0
1 298.0 404.0
1 394.0 404.0
1 428.0 405.0
1 494.0 405.0
1 793.0 405.0
1 69.0 406.0
1 246.0 406.0
1 758.0 406.0
1 957.0 406.0
1 209.0 407.0
1 866.0 407.0
1 905.0 407.0
1 947.0 407.0
1 85.0 408.0
1 317.0 408.0
1 471.0 408.0
1 770.0 408.0
1 820.0 408.0
1 910.0 408.0
1 412.0 409.0
1 456.0 409.0
1 50.0 410.0
1 90.0 410.0
1 388.0 410.0
1 430.0 410.0
1 828.0 410.0
1 400.0 411.0
1 808.0 411.0
1 210.0 412.0
1 309.0 412.0
1 844.0 412.0
1 850.0 412.0
1 884.0 412.0
1 855.0 413.0
1 950.0 413.0
1 235.0 414.0
1 380.0 414.0
1 414.0 414.0
1 483.0 414.0
1 839.0 414.0
1 902.0 414.0
1 67.0 415.0
1 298.0 415.0
1 471.0 415.0
1 756.0 415.0
1 935.0 416.0
1 52.0 417.0
1 216.0 417.0
1 423.0 417.0
1 104.0 418.0
1 226.0 418.0
1 311.0 418.0
1 792.0 418.0
1 292.0 419.0
1 445.0 419.0
1 811.0 419.0
1 901.0 419.0
1 35.0 420.0
1 328.0 420.0
1 389.0 421.0
1 860.0 421.0
1 920.0 421.0
1 372.0 422.0
1 401.0 422.0
1 774.0 422.0
1 868.0 422.0
1 432.0 423.0
1 811.0 424.0
1 274.0 425.0
1 790.0 425.0
1 950.0 425.0
1 252.0 426.0
1 885.0 426.0
1 372.0 427.0
1 400.0 427.0
1 844.0 427.0
1 343.0 428.0
1 761.0 428.0
1 903.0 428.0
1 922.0 428.0
1 227.0 429.0
1 382.0 429.0
1 413.0 429.0
1 314.0 430.0
1 832.0 430.0
1 453.0 432.0
1 869.0 432.0
1 927.0 432.0
1 244.0 433.0
1 286.0 433.0
1 462.0 433.0
1 748.0 433.0
1 775.0 433.0
1 448.0 434.0
1 840.0 434.0
1 849.0 434.0
1 25.0 435.0
1 805.0 435.0
1 325.0 436.0
1 392.0 436.0
1 789.0 436.0
1 255.0 437.0
1 373.0 437.0
1 763.0 438.0
1 817.0 438.0
1 888.0 438.0
1 45.0 439.0
1 381.0 439.0
1 476.0 439.0
1 935.0 439.0
1 40.0 440.0
1 260.0 440.0
1 347.0 440.0
1 806.0 440.0
1 413.0 441.0
1 435.0 442.0
1 746.0 442.0
1 862.0 442.0
1 895.0 442.0
1 290.0 443.0
1 332.0 443.0
1 88.0 444.0
1 811.0 444.0
1 842.0 444.0
1 880.0 444.0
1 922.0 444.0
1 341.0 445.0
1 777.0 445.0
1 831.0 446.0
1 871.0 446.0
1 96.0 447.0
1 744.0 447.0
1 316.0 448.0
1 321.0 448.0
1 326.0 448.0
1 735.0 449.0
1 756.0 449.0
1 810.0 449.0
1 390.0 450.0
1 904.0 450.0
1 84.0 451.0
1 278.0 451.0
1 197.0 452.0
1 829.0 452.0
1 192.0 453.0
1 205.0 453.0
1 847.0 454.0
1 888.0 454.0
1 36.0 456.0
1 50.0 456.0
1 57.0 456.0
1 299.0 456.0
1 421.0 456.0
1 897.0 457.0
1 819.0 458.0
1 911.0 458.0
1 963.0 458.0
1 182.0 459.0
1 836.0 459.0
1 750.0 460.0
1 67.0 461.0
1 786.0 461.0
1 810.0 461.0
1 88.0 462.0
1 736.0 462.0
1 768.0 463.0
1 775.0 463.0
1 780.0 463.0
1 903.0 463.0
1 150.0 464.0
1 856.0 464.0
1 34.0 465.0
1 829.0 465.0
1 116.0 466.0
1 125.0 466.0
1 436.0 466.0
1 818.0 466.0
1 218.0 467.0
1 292.0 467.0
1 892.0 467.0
1 927.0 467.0
1 947.0 467.0
1 157.0 468.0
1 755.0 468.0
1 130.0 469.0
1 968.0 469.0
1 846.0 470.0
1 862.0 470.0
1 206.0 471.0
1 914.0 471.0
1 951.0 472.0
1 402.0 473.0
1 736.0 474.0
1 817.0 474.0
1 957.0 474.0
1 41.0 476.0
1 67.0 476.0
1 216.0 477.0
1 437.0 477.0
1 551.0 477.0
1 809.0 477.0
1 849.0 477.0
1 868.0 477.0
1 884.0 478.0
1 974.0 478.0
1 186.0 479.0
1 793.0 479.0
1 856.0 481.0
1 214.0 482.0
1 261.0 482.0
1 916.0 482.0
1 929.0 482.0
1 55.0 483.0
1 772.0 483.0
1 903.0 483.0
1 835.0 484.0
1 43.0 486.0
1 136.0 486.0
1 288.0 486.0
1 815.0 486.0
1 563.0 487.0
1 969.0 487.0
1 206.0 488.0
1 798.0 488.0
1 187.0 489.0
1 33.0 490.0
1 38.0 490.0
1 199.0 490.0
1 878.0 490.0
1 952.0 491.0
1 87.0 492.0
1 732.0 492.0
1 947.0 492.0
1 758.0 493.0
1 842.0 493.0
1 164.0 494.0
1 891.0 494.0
1 57.0 495.0
1 236.0 495.0
1 833.0 495.0
1 279.0 496.0
1 567.0 496.0
1 913.0 497.0
1 553.0 498.0
1 945.0 498.0
1 33.0 499.0
1 558.0 499.0
1 140.0 500.0
1 841.0 500.0
1 543.0 501.0
1 570.0 501.0
1 967.0 501.0
1 162.0 502.0
1 227.0 503.0
1 330.0 504.0
1 453.0 504.0
1 501.0 504.0
1 506.0 504.0
1 745.0 504.0
1 127.0 505.0
1 609.0 505.0
1 90.0 506.0
1 11.0 507.0
1 142.0 508.0
1 737.0 508.0
1 224.0 509.0
1 847.0 509.0
1 962.0 509.0
1 280.0 511.0
1 302.0 511.0
1 39.0 512.0
1 735.0 513.0
1 222.0 514.0
1 836.0 514.0
1 106.0 515.0
1 514.0 515.0
1 546.0 515.0
1 798.0 515.0
1 95.0 516.0
1 557.0 516.0
1 748.0 517.0
1 870.0 517.0
1 111.0 518.0
1 735.0 518.0
1 757.0 518.0
1 83.0 519.0
1 222.0 519.0
1 359.0 519.0
1 374.0 519.0
1 931.0 519.0
1 120.0 520.0
1 395.0 520.0
1 531.0 520.0
1 15.0 522.0
1 811.0 522.0
1 852.0 522.0
1 736.0 523.0
1 958.0 523.0
1 58.0 524.0
1 756.0 524.0
1 966.0 524.0
1 97.0 525.0
1 357.0 525.0
1 532.0 525.0
1 800.0 526.0
1 237.0 527.0
1 544.0 527.0
1 769.0 527.0
1 44.0 528.0
1 552.0 528.0
1 762.0 529.0
1 867.0 529.0
1 934.0 529.0
1 339.0 530.0
1 406.0 530.0
1 499.0 530.0
1 76.0 531.0
1 334.0 531.0
1 744.0 531.0
1 517.0 532.0
1 900.0 532.0
1 915.0 532.0
1 110.0 533.0
1 121.0 533.0
1 854.0 533.0
1 949.0 533.0
1 907.0 534.0
1 322.0 535.0
1 435.0 535.0
1 838.0 535.0
1 425.0 536.0
1 430.0 536.0
1 449.0 536.0
1 794.0 536.0
1 19.0 537.0
1 239.0 537.0
1 315.0 537.0
1 736.0 537.0
1 94.0 539.0
1 396.0 539.0
1 515.0 539.0
1 384.0 540.0
1 959.0 540.0
1 48.0 541.0
1 937.0 541.0
1 367.0 542.0
1 804.0 542.0
1 228.0 543.0
1 771.0 543.0
1 854.0 543.0
1 873.0 543.0
1 899.0 543.0
1 951.0 543.0
1 926.0 544.0
1 23.0 546.0
1 752.0 547.0
1 865.0 547.0
1 78.0 548.0
1 111.0 548.0
1 238.0 548.0
1 498.0 549.0
1 907.0 549.0
1 945.0 549.0
1 251.0 550.0
1 263.0 550.0
1 413.0 550.0
1 103.0 551.0
1 811.0 551.0
1 612.0 552.0
1 822.0 552.0
1 93.0 553.0
1 540.0 553.0
1 926.0 553.0
1 232.0 554.0
1 327.0 554.0
1 617.0 554.0
1 934.0 554.0
1 955.0 554.0
1 472.0 555.0
1 744.0 555.0
1 144.0 556.0
1 571.0 556.0
1 296.0 557.0
1 381.0 558.0
1 132.0 559.0
1 235.0 559.0
1 749.0 559.0
1 908.0 559.0
1 554.0 560.0
1 787.0 560.0
1 808.0 560.0
1 853.0 560.0
1 918.0 560.0
1 946.0 560.0
1 951.0 560.0
1 493.0 561.0
1 930.0 561.0
1 939.0 561.0
1 304.0 562.0
1 310.0 562.0
1 479.0 562.0
1 534.0 562.0
1 646.0 562.0
1 116.0 563.0
1 880.0 563.0
1 237.0 564.0
1 363.0 564.0
1 543.0 564.0
1 894.0 564.0
1 564.0 565.0
1 358.0 566.0
1 832.0 566.0
1 922.0 566.0
1 952.0 566.0
1 470.0 567.0
1 646.0 568.0
1 848.0 568.0
1 83.0 569.0
1 157.0 569.0
1 352.0 569.0
1 535.0 569.0
1 103.0 570.0
1 347.0 570.0
1 499.0 570.0
1 335.0 571.0
1 340.0 571.0
1 519.0 571.0
1 952.0 571.0
1 71.0 572.0
1 611.0 572.0
1 935.0 572.0
1 554.0 573.0
1 579.0 573.0
1 810.0 573.0
1 900.0 573.0
1 144.0 575.0
1 569.0 575.0
1 587.0 575.0
1 645.0 575.0
1 831.0 575.0
1 135.0 577.0
1 475.0 577.0
1 611.0 577.0
1 847.0 577.0
1 909.0 577.0
1 944.0 578.0
1 547.0 579.0
1 594.0 579.0
1 800.0 579.0
1 923.0 579.0
1 509.0 580.0
1 805.0 580.0
1 823.0 580.0
1 572.0 581.0
1 646.0 581.0
1 74.0 582.0
1 88.0 582.0
1 119.0 582.0
1 155.0 583.0
1 559.0 584.0
1 836.0 584.0
1 893.0 584.0
1 107.0 586.0
1 537.0 586.0
1 843.0 586.0
1 508.0 588.0
1 91.0 591.0
1 160.0 591.0
1 547.0 591.0
1 921.0 592.0
1 86.0 593.0
1 124.0 594.0
1 597.0 594.0
1 560.0 595.0
1 159.0 596.0
1 514.0 596.0
1 544.0 596.0
1 576.0 597.0
1 68.0 598.0
1 150.0 599.0
1 531.0 599.0
1 595.0 599.0
1 125.0 600.0
1 564.0 600.0
1 132.0 602.0
1 160.0 602.0
1 804.0 604.0
1 585.0 605.0
1 611.0 605.0
1 113.0 606.0
1 167.0 611.0
1 103.0 612.0
1 521.0 613.0
1 591.0 613.0
1 799.0 615.0
1 156.0 616.0
1 135.0 617.0
1 583.0 617.0
1 80.0 618.0
1 88.0 618.0
1 503.0 618.0
1 146.0 621.0
1 511.0 621.0
1 113.0 622.0
1 608.0 623.0
1 525.0 624.0
1 537.0 624.0
1 569.0 625.0
1 125.0 627.0
1 86.0 629.0
1 544.0 630.0
1 519.0 631.0
1 113.0 632.0
1 127.0 632.0
1 528.0 634.0
1 107.0 637.0
1 96.0 638.0
1 101.0 638.0
1 510.0 638.0
1 90.0 639.0
1 559.0 641.0
1 517.0 644.0
1 546.0 647.0
1 531.0 648.0
1 183.0 649.0
1 525.0 660.0
1 144.0 665.0
1 105.0 681.0
1 1080.0 731.0
1 789.0 816.0
