0 31 6 375.13590032519033
0 32 7 286.2101357889848
0 21 9 339.1563692481295
0 74 12 264.755628115054
0 75 14 180.8550126765044
0 94 18 236.51157738658708
0 106 24 316.39269075723564
0 126 30 212.7777095738971
0 149 31 111.22996467630554
0 98 32 336.0205955921924
0 133 36 287.50795147952357
0 83 38 395.44148598477676
0 101 39 469.36463696188434
0 144 40 259.75317495669157
0 171 41 111.87965672986448
0 122 48 498.7876749567707
0 99 52 316.70909189929284
0 181 53 162.77634244123337
0 170 54 234.60926670200843
0 178 55 359.8709483400826
0 180 56 427.49672890349785
0 189 58 350.7415662498846
0 195 59 279.7147636376489
0 215 60 323.9538036276682
0 162 62 207.13999672200268
0 204 64 255.74950316454874
0 211 65 303.6495208943908
0 161 67 266.621512536747
0 112 68 189.3508690649447
0 232 70 164.05543490558355
0 151 71 257.19918492041444
0 158 72 336.3354145285125
0 165 73 266.2028235668577
0 96 74 391.9325586591813
0 183 80 274.415272124702
0 199 82 124.79649143164882
0 231 83 193.591518961328
0 239 84 274.39379655900836
0 229 85 169.27069654948292
0 203 86 309.0198485183097
0 103 87 229.14918482493846
0 154 88 357.3054358838058
0 192 89 175.26311588882754
0 128 91 216.04687218005125
0 168 93 142.8484605694537
0 202 94 447.9494667602319
0 207 95 385.28809542400205
0 213 97 198.05344198567946
0 228 98 209.63737212559838
0 238 99 207.79055298984116
0 259 100 193.83952484567385
0 243 102 243.3857117729087
0 248 103 322.02497105756976
0 253 104 227.19124775843315
0 260 105 309.0174864218338
0 271 106 195.71648084903254
0 257 107 265.96021744825265
0 153 110 443.95388543626007
0 191 111 390.08748314736584
0 135 112 265.8620812056612
0 246 116 205.89832126364004
0 276 117 241.5434741702116
0 252 118 259.20924507766404
0 233 120 319.13612748693566
0 290 122 144.0552247230856
0 262 124 176.2711066619261
0 265 127 286.7240460570952
0 289 129 203.70779351068444
0 268 130 262.7258556684758
0 159 131 261.34245452502006
0 275 135 317.9483583618659
0 264 136 244.91638980050308
0 296 139 137.37136798979648
0 274 140 199.71925146421597
0 304 141 398.99170099860794
0 302 143 137.54912376179098
0 291 146 310.1509010657799
0 292 147 371.31289076764745
0 300 149 438.55323993143526
0 303 150 263.14134682028435
0 321 157 307.75934471968935
0 186 158 492.2634909326919
0 327 161 245.8018091114277
0 313 163 142.2622966861206
0 278 164 383.71976032976096
0 193 165 342.35991855052833
0 344 167 359.9663446421501
0 312 172 335.2622973554646
0 332 173 251.57420792519778
0 336 174 242.4622587430784
0 240 179 403.20241019507137
0 325 180 161.00602663604423
0 297 184 313.3920757675411
0 326 185 322.4189043394639
0 364 188 451.7341337731875
0 342 192 369.5605992721224
0 359 194 308.14230345206954
0 343 195 236.03072256871053
0 307 198 310.46490303948946
0 352 200 267.3359566773773
0 345 206 230.13974255874047
0 348 210 355.1353246719983
0 393 214 434.50385469261425
0 367 219 206.4240523188479
0 401 225 354.9846271228292
0 372 226 406.84715158826157
0 360 227 161.77907051083324
0 373 228 277.7837227324645
0 387 229 254.51103510415484
0 382 232 265.8892157850929
0 416 234 295.0961151924173
0 402 235 257.67572180564815
0 353 238 342.3181107760362
0 460 242 413.4369594378887
0 384 244 147.07314447574186
0 440 246 467.183991252909
0 404 247 299.63800829820684
0 361 249 217.25059106369193
0 495 254 356.64496999848114
0 454 262 448.1212211459904
0 365 266 264.75917947962085
0 503 268 392.91157027357906
0 426 269 226.36617215170642
0 388 270 147.711296762059
0 453 271 217.97362107507672
0 493 273 308.8018341234426
0 444 275 283.31684317803206
0 375 278 267.08111969177736
0 505 280 353.99346839081795
0 420 282 276.3850643282609
0 409 288 288.3429781560277
0 500 290 249.01416402886284
0 509 291 382.20701949226145
0 510 292 223.06910658961482
0 445 293 186.2786867371771
0 521 294 472.30307633492805
0 515 299 407.758392470238
0 464 300 111.62239130845546
0 519 301 278.98984261896203
0 490 303 251.79646366873095
0 514 304 461.0903132567736
0 451 306 264.4863573018545
0 513 307 165.92959481438368
0 461 310 171.14714751965815
0 422 312 223.99129947125678
0 414 313 225.08637680801655
0 459 316 223.70969557098644
0 433 317 319.8338570576293
0 534 320 491.0659318578324
0 470 322 213.54064723226145
0 511 323 258.1095660001294
0 472 324 198.95218520849807
0 446 326 474.83534552727747
0 477 327 243.37780308991682
0 524 329 112.81748716454511
0 475 330 237.3874389179506
0 476 331 233.23995699220114
0 447 335 177.28830477598632
0 529 336 426.87216924448137
0 465 338 181.56771099493756
0 456 343 181.94697567069377
0 467 351 215.3213884142747
0 541 355 281.7320360985829
0 528 356 263.302510475584
0 538 359 113.32743770752562
0 478 363 221.2485261387585
0 540 364 114.52986155151592
0 498 367 290.5520955607426
0 486 368 111.88846110497185
0 492 371 185.46992257612052
0 491 372 279.29119181990484
0 497 375 110.1762192647308
0 549 376 119.35605615161673
0 496 377 152.06145897543058
0 545 380 386.82925260279796
0 553 384 116.28553154078807
0 551 385 364.78449682587
0 563 386 440.63132092751215
0 485 388 227.62585504447918
0 552 392 378.13119453164916
0 499 403 254.83360044923776
0 570 405 110.02408340238851
0 571 407 113.10194731446501
0 579 410 333.14884653388276
0 597 423 430.12624172132377
0 587 424 106.0712003802506
0 583 432 358.78739249695553
0 590 438 164.0875093427058
0 602 441 152.07922630134522
0 604 442 117.95791789272793
0 600 443 332.50894558840713
0 622 444 265.8387642182176
0 619 445 254.31451055773618
0 612 447 149.96939776937583
0 630 450 255.76047822035562
0 620 453 123.894839691653
0 633 454 249.54312495007937
0 626 457 116.06184009572608
0 629 463 355.70613500906217
0 632 467 340.3909078634319
0 645 471 197.39951809111466
0 657 473 211.10365512773197
0 649 475 322.393688029081
0 648 477 167.90256992606157
0 653 481 308.94206062088136
0 651 485 294.140796726115
0 664 492 358.4030133065847
0 671 493 406.4085370613495
0 672 501 225.13124491466843
0 676 506 494.6144922951673
0 677 508 234.8830510407305
0 679 513 447.7077621671531
0 674 516 263.7858401640649
0 678 518 122.61555034868645
0 681 520 466.04523472313144
0 683 523 304.70804833348075
0 744 527 380.8593025962774
0 688 534 313.5397550937874
0 690 538 208.37674407859717
0 692 539 280.46936429462164
0 701 547 402.6452518885378
0 703 552 454.08380562637694
0 624 555 350.91018576017814
0 720 559 272.95884259261516
0 640 565 437.1147799730432
0 723 567 483.41210733356723
0 666 569 271.0299936051832
0 684 572 363.5592112056361
0 697 576 366.5975922690574
0 696 579 438.611368586058
0 724 581 305.32968793876813
0 793 582 320.6600194167205
0 788 584 131.03485980692346
0 803 585 134.24444801493289
0 743 586 455.2788272155379
0 752 587 148.0856271142996

0 1098.0 69.0
0 766.0 340.0
0 841.0 340.0
0 802.0 341.0
0 784.0 342.0
0 698.0 343.0
0 797.0 344.0
0 803.0 350.0
0 820.0 354.0
0 842.0 357.0
0 859.0 366.0
0 782.0 370.0
0 792.0 370.0
0 993.0 371.0
0 807.0 374.0
0 770.0 378.0
0 808.0 379.0
0 923.0 379.0
0 978.0 379.0
0 1000.0 379.0
0 646.0 380.0
0 900.0 381.0
0 610.0 382.0
0 765.0 384.0
0 781.0 385.0
0 635.0 387.0
0 817.0 387.0
0 942.0 387.0
0 620.0 388.0
0 773.0 388.0
0 924.0 388.0
0 748.0 389.0
0 915.0 389.0
0 764.0 393.0
0 789.0 394.0
0 609.0 395.0
0 634.0 395.0
0 1008.0 395.0
0 617.0 396.0
0 896.0 396.0
0 994.0 396.0
0 744.0 397.0
0 590.0 398.0
0 778.0 398.0
0 976.0 399.0
0 934.0 401.0
0 773.0 402.0
0 967.0 402.0
0 994.0 404.0
0 902.0 405.0
0 792.0 408.0
0 1014.0 409.0
0 595.0 410.0
0 640.0 410.0
0 647.0 410.0
0 652.0 410.0
0 660.0 410.0
0 665.0 410.0
0 674.0 410.0
0 690.0 410.0
0 761.0 410.0
0 901.0 410.0
0 986.0 410.0
0 681.0 411.0
0 709.0 411.0
0 720.0 411.0
0 884.0 411.0
0 970.0 411.0
0 615.0 412.0
0 626.0 412.0
0 737.0 412.0
0 906.0 412.0
0 911.0 412.0
0 954.0 412.0
0 589.0 413.0
0 621.0 413.0
0 876.0 413.0
0 927.0 413.0
0 783.0 414.0
0 941.0 417.0
0 987.0 417.0
0 621.0 418.0
0 635.0 418.0
0 695.0 419.0
0 705.0 420.0
0 729.0 420.0
0 971.0 420.0
0 556.0 421.0
0 896.0 421.0
0 916.0 421.0
0 952.0 421.0
0 593.0 422.0
0 785.0 422.0
0 908.0 422.0
0 929.0 422.0
0 621.0 423.0
0 877.0 424.0
0 640.0 425.0
0 651.0 425.0
0 665.0 425.0
0 737.0 425.0
0 1037.0 425.0
0 674.0 426.0
0 684.0 426.0
0 693.0 426.0
0 720.0 426.0
0 756.0 426.0
0 714.0 427.0
0 725.0 427.0
0 1013.0 427.0
0 809.0 429.0
0 821.0 430.0
0 560.0 432.0
0 621.0 433.0
0 836.0 433.0
0 841.0 433.0
0 631.0 434.0
0 772.0 434.0
0 943.0 435.0
0 987.0 435.0
0 912.0 437.0
0 743.0 438.0
0 755.0 438.0
0 1040.0 438.0
0 634.0 439.0
0 860.0 439.0
0 763.0 441.0
0 903.0 441.0
0 881.0 442.0
0 740.0 443.0
0 914.0 443.0
0 587.0 445.0
0 622.0 445.0
0 850.0 446.0
0 990.0 446.0
0 925.0 447.0
0 942.0 447.0
0 960.0 447.0
0 965.0 447.0
0 689.0 448.0
0 808.0 449.0
0 842.0 449.0
0 1021.0 449.0
0 763.0 451.0
0 871.0 451.0
0 614.0 452.0
0 787.0 452.0
0 885.0 452.0
0 639.0 453.0
0 892.0 453.0
0 835.0 454.0
0 651.0 455.0
0 656.0 455.0
0 920.0 455.0
0 1028.0 455.0
0 622.0 456.0
0 645.0 456.0
0 843.0 456.0
0 560.0 457.0
0 608.0 457.0
0 757.0 459.0
0 834.0 459.0
0 596.0 460.0
0 746.0 460.0
0 940.0 460.0
0 549.0 461.0
0 764.0 461.0
0 673.0 462.0
0 782.0 462.0
0 874.0 462.0
0 898.0 462.0
0 589.0 463.0
0 736.0 463.0
0 857.0 463.0
0 822.0 464.0
0 1041.0 464.0
0 612.0 465.0
0 684.0 465.0
0 889.0 465.0
0 559.0 466.0
0 772.0 466.0
0 862.0 466.0
0 1018.0 466.0
0 725.0 467.0
0 794.0 468.0
0 810.0 468.0
0 631.0 469.0
0 653.0 469.0
0 664.0 469.0
0 738.0 469.0
0 817.0 469.0
0 1040.0 469.0
0 747.0 470.0
0 568.0 471.0
0 700.0 471.0
0 864.0 471.0
0 557.0 472.0
0 638.0 472.0
0 785.0 472.0
0 657.0 474.0
0 814.0 474.0
0 644.0 475.0
0 693.0 476.0
0 1041.0 476.0
0 548.0 477.0
0 680.0 477.0
0 738.0 477.0
0 1019.0 477.0
0 667.0 478.0
0 628.0 479.0
0 812.0 479.0
0 651.0 480.0
0 891.0 480.0
0 587.0 481.0
0 731.0 481.0
0 582.0 482.0
0 701.0 482.0
0 787.0 482.0
0 876.0 482.0
0 871.0 484.0
0 638.0 485.0
0 659.0 485.0
0 778.0 486.0
0 631.0 487.0
0 747.0 487.0
0 708.0 488.0
0 739.0 488.0
0 766.0 488.0
0 797.0 490.0
0 872.0 490.0
0 644.0 491.0
0 666.0 491.0
0 810.0 491.0
0 531.0 493.0
0 720.0 494.0
0 873.0 495.0
0 878.0 495.0
0 787.0 496.0
0 1018.0 496.0
0 577.0 497.0
0 712.0 497.0
0 1041.0 497.0
0 528.0 498.0
0 644.0 499.0
0 760.0 499.0
0 582.0 500.0
0 679.0 500.0
0 809.0 500.0
0 927.0 501.0
0 939.0 501.0
0 1005.0 501.0
0 991.0 502.0
0 1040.0 502.0
0 751.0 503.0
0 590.0 504.0
0 658.0 504.0
0 727.0 504.0
0 965.0 504.0
0 521.0 506.0
0 650.0 506.0
0 810.0 506.0
0 1027.0 506.0
0 684.0 507.0
0 879.0 507.0
0 574.0 508.0
0 672.0 509.0
0 968.0 509.0
0 666.0 510.0
0 561.0 511.0
0 812.0 511.0
0 958.0 511.0
0 731.0 512.0
0 893.0 512.0
0 537.0 513.0
0 765.0 513.0
0 759.0 514.0
0 582.0 515.0
0 691.0 515.0
0 969.0 515.0
0 974.0 515.0
0 548.0 516.0
0 554.0 516.0
0 873.0 516.0
0 979.0 516.0
0 1019.0 516.0
0 512.0 517.0
0 609.0 519.0
0 652.0 519.0
0 956.0 519.0
0 1005.0 519.0
0 530.0 520.0
0 563.0 520.0
0 585.0 520.0
0 816.0 520.0
0 573.0 521.0
0 763.0 521.0
0 872.0 521.0
0 693.0 522.0
0 985.0 522.0
0 543.0 523.0
0 751.0 523.0
0 554.0 524.0
0 956.0 524.0
0 685.0 525.0
0 603.0 526.0
0 697.0 527.0
0 871.0 527.0
0 548.0 528.0
0 894.0 528.0
0 742.0 530.0
0 824.0 530.0
0 955.0 530.0
0 962.0 530.0
0 984.0 530.0
0 503.0 531.0
0 623.0 531.0
0 866.0 531.0
0 975.0 531.0
0 935.0 532.0
0 776.0 533.0
0 610.0 534.0
0 662.0 534.0
0 831.0 535.0
0 501.0 536.0
0 860.0 536.0
0 994.0 536.0
0 907.0 537.0
0 855.0 538.0
0 954.0 538.0
0 531.0 539.0
0 840.0 539.0
0 849.0 539.0
0 942.0 540.0
0 618.0 541.0
0 662.0 541.0
0 972.0 541.0
0 607.0 542.0
0 668.0 543.0
0 963.0 543.0
0 652.0 544.0
0 1000.0 544.0
0 626.0 545.0
0 632.0 545.0
0 938.0 545.0
0 660.0 546.0
0 1040.0 547.0
0 576.0 549.0
0 910.0 549.0
0 1002.0 549.0
0 620.0 550.0
0 602.0 551.0
0 935.0 551.0
0 1039.0 552.0
0 1027.0 553.0
0 674.0 554.0
0 496.0 555.0
0 559.0 557.0
0 765.0 557.0
0 904.0 557.0
0 520.0 558.0
0 630.0 558.0
0 714.0 558.0
0 1005.0 558.0
0 933.0 559.0
0 527.0 560.0
0 695.0 561.0
0 756.0 561.0
0 783.0 561.0
0 830.0 561.0
0 636.0 563.0
0 679.0 566.0
0 860.0 566.0
0 846.0 567.0
0 699.0 568.0
0 934.0 568.0
0 894.0 569.0
0 517.0 570.0
0 876.0 570.0
0 612.0 571.0
0 810.0 571.0
0 567.0 572.0
0 577.0 572.0
0 884.0 572.0
0 1039.0 572.0
0 525.0 573.0
0 572.0 573.0
0 640.0 573.0
0 935.0 573.0
0 996.0 573.0
0 1026.0 574.0
0 790.0 575.0
0 785.0 576.0
0 601.0 577.0
0 684.0 577.0
0 764.0 577.0
0 759.0 578.0
0 1039.0 578.0
0 702.0 579.0
0 684.0 582.0
0 1039.0 583.0
0 645.0 585.0
0 891.0 585.0
0 704.0 586.0
0 944.0 586.0
0 992.0 586.0
0 515.0 588.0
0 1039.0 588.0
0 524.0 589.0
0 793.0 590.0
0 950.0 590.0
0 492.0 591.0
0 984.0 591.0
0 955.0 592.0
0 976.0 594.0
0 688.0 595.0
0 963.0 595.0
0 968.0 595.0
0 707.0 598.0
0 1039.0 604.0
0 627.0 605.0
0 597.0 606.0
0 690.0 608.0
0 563.0 609.0
0 654.0 612.0
0 520.0 613.0
0 691.0 613.0
0 564.0 614.0
0 618.0 616.0
0 710.0 616.0
0 606.0 618.0
0 975.0 618.0
0 989.0 621.0
0 495.0 622.0
0 710.0 622.0
0 693.0 624.0
0 1038.0 625.0
0 621.0 626.0
0 656.0 627.0
0 557.0 628.0
0 693.0 629.0
0 637.0 630.0
0 521.0 631.0
0 529.0 636.0
0 577.0 637.0
0 609.0 637.0
0 657.0 638.0
0 766.0 638.0
0 521.0 639.0
0 774.0 640.0
0 850.0 640.0
0 600.0 643.0
0 632.0 643.0
0 1026.0 647.0
0 532.0 649.0
0 571.0 650.0
0 610.0 650.0
0 765.0 650.0
0 526.0 651.0
0 649.0 651.0
0 789.0 656.0
0 659.0 657.0
0 586.0 658.0
0 604.0 658.0
0 622.0 658.0
0 771.0 659.0
0 983.0 659.0
0 659.0 662.0
0 652.0 663.0
0 848.0 663.0
0 769.0 665.0
0 786.0 666.0
0 544.0 669.0
0 642.0 671.0
0 510.0 672.0
0 605.0 672.0
0 590.0 675.0
0 654.0 675.0
0 537.0 678.0
0 637.0 679.0
0 632.0 681.0
0 779.0 681.0
0 542.0 682.0
0 920.0 683.0
0 651.0 684.0
0 754.0 684.0
0 610.0 685.0
0 615.0 685.0
0 759.0 685.0
0 806.0 685.0
0 550.0 688.0
0 1038.0 689.0
0 687.0 690.0
0 562.0 692.0
0 549.0 693.0
0 772.0 693.0
0 1038.0 694.0
0 685.0 696.0
0 1025.0 698.0
0 637.0 699.0
0 865.0 699.0
0 1038.0 699.0
0 571.0 700.0
0 872.0 701.0
0 877.0 702.0
0 883.0 703.0
0 1016.0 703.0
0 554.0 705.0
0 892.0 705.0
0 638.0 706.0
0 681.0 707.0
0 748.0 707.0
0 903.0 707.0
0 1037.0 707.0
0 583.0 708.0
0 839.0 708.0
0 844.0 709.0
0 623.0 711.0
0 853.0 711.0
0 535.0 712.0
0 679.0 712.0
0 596.0 713.0
0 859.0 713.0
0 563.0 714.0
0 612.0 714.0
0 617.0 714.0
0 939.0 715.0
0 951.0 716.0
0 133.0 717.0
0 569.0 717.0
0 737.0 718.0
0 981.0 718.0
0 992.0 718.0
0 674.0 719.0
0 1020.0 719.0
0 622.0 720.0
0 808.0 720.0
0 1038.0 722.0
0 578.0 723.0
0 593.0 724.0
0 607.0 724.0
0 640.0 725.0
0 76.0 727.0
0 837.0 728.0
0 942.0 732.0
0 1033.0 732.0
0 664.0 733.0
0 990.0 735.0
0 623.0 737.0
0 689.0 737.0
0 191.0 738.0
0 618.0 738.0
0 1038.0 740.0
0 569.0 741.0
0 661.0 750.0
0 939.0 752.0
0 1037.0 755.0
0 992.0 756.0
0 987.0 757.0
0 1464.0 760.0
0 566.0 761.0
0 939.0 762.0
0 1035.0 773.0
0 542.0 774.0
0 940.0 778.0
0 1019.0 779.0
0 1034.0 780.0
0 1148.0 787.0
0 531.0 790.0
0 1034.0 791.0
0 1032.0 807.0
0 1052.0 808.0
0 520.0 810.0
0 1127.0 812.0
0 637.0 815.0
0 271.0 819.0
0 514.0 823.0
0 883.0 823.0
0 615.0 827.0
0 266.0 831.0
0 1031.0 837.0
0 509.0 878.0
0 977.0 881.0
0 598.0 883.0
0 1030.0 883.0
0 738.0 889.0
0 599.0 903.0
0 1028.0 903.0
0 1101.0 918.0
0 785.0 948.0
1 879.0 338.0
1 884.0 338.0
1 891.0 340.0
1 942.0 343.0
1 956.0 345.0
1 886.0 350.0
1 904.0 351.0
1 937.0 352.0
1 925.0 354.0
1 865.0 358.0
1 876.0 359.0
1 925.0 359.0
1 955.0 359.0
1 904.0 361.0
1 918.0 361.0
1 887.0 363.0
1 934.0 364.0
1 944.0 364.0
1 969.0 366.0
1 822.0 367.0
1 864.0 367.0
1 959.0 367.0
1 757.0 368.0
1 859.0 368.0
1 902.0 368.0
1 775.0 369.0
1 925.0 369.0
1 831.0 370.0
1 913.0 370.0
1 789.0 371.0
1 852.0 372.0
1 933.0 372.0
1 947.0 374.0
1 732.0 375.0
1 684.0 376.0
1 689.0 376.0
1 696.0 376.0
1 844.0 376.0
1 679.0 377.0
1 701.0 377.0
1 759.0 377.0
1 710.0 378.0
1 787.0 379.0
1 977.0 379.0
1 754.0 380.0
1 764.0 380.0
1 799.0 380.0
1 940.0 380.0
1 830.0 381.0
1 842.0 383.0
1 663.0 385.0
1 781.0 385.0
1 720.0 388.0
1 960.0 389.0
1 746.0 390.0
1 709.0 391.0
1 767.0 391.0
1 787.0 392.0
1 822.0 392.0
1 677.0 393.0
1 779.0 393.0
1 794.0 393.0
1 799.0 394.0
1 1060.0 394.0
1 695.0 395.0
1 724.0 396.0
1 737.0 396.0
1 809.0 396.0
1 789.0 397.0
1 814.0 397.0
1 754.0 398.0
1 1118.0 398.0
1 661.0 399.0
1 1054.0 399.0
1 956.0 401.0
1 964.0 401.0
1 646.0 402.0
1 789.0 402.0
1 1136.0 402.0
1 710.0 403.0
1 742.0 403.0
1 635.0 404.0
1 695.0 404.0
1 724.0 404.0
1 747.0 404.0
1 1051.0 404.0
1 1069.0 404.0
1 735.0 405.0
1 823.0 405.0
1 661.0 406.0
1 779.0 407.0
1 789.0 409.0
1 798.0 409.0
1 806.0 409.0
1 1123.0 409.0
1 766.0 411.0
1 677.0 413.0
1 754.0 413.0
1 1059.0 413.0
1 694.0 414.0
1 819.0 415.0
1 1047.0 415.0
1 1133.0 415.0
1 627.0 416.0
1 781.0 416.0
1 859.0 416.0
1 962.0 417.0
1 997.0 417.0
1 1008.0 417.0
1 797.0 418.0
1 1142.0 418.0
1 1027.0 419.0
1 723.0 420.0
1 1035.0 420.0
1 1081.0 420.0
1 1123.0 420.0
1 778.0 422.0
1 1056.0 422.0
1 648.0 423.0
1 739.0 423.0
1 664.0 424.0
1 625.0 425.0
1 1138.0 426.0
1 772.0 427.0
1 784.0 427.0
1 1021.0 427.0
1 1080.0 427.0
1 648.0 428.0
1 697.0 428.0
1 1032.0 428.0
1 1039.0 428.0
1 1146.0 428.0
1 739.0 429.0
1 810.0 430.0
1 764.0 432.0
1 647.0 433.0
1 993.0 435.0
1 1045.0 435.0
1 1142.0 436.0
1 1010.0 437.0
1 1152.0 437.0
1 772.0 438.0
1 1020.0 438.0
1 1071.0 438.0
1 1132.0 438.0
1 809.0 439.0
1 1076.0 439.0
1 739.0 441.0
1 768.0 443.0
1 952.0 443.0
1 1033.0 443.0
1 1058.0 443.0
1 1002.0 446.0
1 974.0 447.0
1 1044.0 447.0
1 365.0 448.0
1 796.0 448.0
1 1018.0 448.0
1 1076.0 448.0
1 692.0 449.0
1 704.0 449.0
1 1123.0 449.0
1 1132.0 449.0
1 967.0 450.0
1 1094.0 450.0
1 1109.0 451.0
1 1157.0 451.0
1 1043.0 452.0
1 1067.0 452.0
1 818.0 453.0
1 823.0 453.0
1 949.0 453.0
1 662.0 454.0
1 712.0 454.0
1 1056.0 454.0
1 1123.0 454.0
1 672.0 455.0
1 682.0 455.0
1 832.0 455.0
1 837.0 455.0
1 842.0 455.0
1 812.0 456.0
1 847.0 456.0
1 1134.0 456.0
1 733.0 457.0
1 857.0 457.0
1 648.0 458.0
1 738.0 458.0
1 743.0 458.0
1 863.0 458.0
1 974.0 458.0
1 986.0 458.0
1 1077.0 458.0
1 628.0 459.0
1 869.0 459.0
1 878.0 459.0
1 1124.0 459.0
1 727.0 460.0
1 886.0 460.0
1 811.0 461.0
1 852.0 461.0
1 1070.0 461.0
1 1092.0 461.0
1 1109.0 461.0
1 906.0 462.0
1 1154.0 462.0
1 751.0 463.0
1 794.0 463.0
1 913.0 463.0
1 893.0 464.0
1 919.0 464.0
1 927.0 465.0
1 644.0 466.0
1 815.0 466.0
1 898.0 466.0
1 969.0 466.0
1 682.0 467.0
1 840.0 467.0
1 873.0 467.0
1 1155.0 467.0
1 690.0 468.0
1 695.0 468.0
1 701.0 468.0
1 721.0 468.0
1 749.0 468.0
1 760.0 468.0
1 784.0 468.0
1 821.0 468.0
1 833.0 468.0
1 935.0 468.0
1 711.0 469.0
1 893.0 469.0
1 946.0 469.0
1 1069.0 469.0
1 1145.0 469.0
1 987.0 470.0
1 1160.0 470.0
1 736.0 471.0
1 852.0 471.0
1 903.0 471.0
1 659.0 472.0
1 793.0 472.0
1 798.0 472.0
1 863.0 472.0
1 1009.0 472.0
1 624.0 473.0
1 803.0 473.0
1 647.0 474.0
1 873.0 474.0
1 1112.0 474.0
1 774.0 475.0
1 884.0 475.0
1 1117.0 475.0
1 892.0 476.0
1 908.0 476.0
1 1049.0 476.0
1 762.0 477.0
1 914.0 477.0
1 926.0 477.0
1 939.0 477.0
1 919.0 478.0
1 720.0 479.0
1 808.0 479.0
1 947.0 479.0
1 1112.0 479.0
1 1088.0 480.0
1 732.0 481.0
1 996.0 481.0
1 1096.0 481.0
1 939.0 482.0
1 1158.0 482.0
1 966.0 483.0
1 657.0 484.0
1 755.0 484.0
1 1011.0 484.0
1 1106.0 484.0
1 979.0 485.0
1 1062.0 485.0
1 1117.0 485.0
1 771.0 486.0
1 647.0 487.0
1 1042.0 487.0
1 694.0 489.0
1 785.0 489.0
1 625.0 490.0
1 746.0 491.0
1 810.0 491.0
1 735.0 492.0
1 740.0 492.0
1 951.0 492.0
1 965.0 492.0
1 1003.0 492.0
1 1061.0 492.0
1 981.0 493.0
1 630.0 494.0
1 644.0 494.0
1 873.0 496.0
1 991.0 496.0
1 1158.0 496.0
1 1094.0 497.0
1 1073.0 498.0
1 770.0 499.0
1 969.0 501.0
1 1038.0 501.0
1 1058.0 501.0
1 837.0 504.0
1 863.0 504.0
1 987.0 505.0
1 831.0 506.0
1 849.0 506.0
1 883.0 506.0
1 911.0 506.0
1 934.0 506.0
1 949.0 506.0
1 808.0 507.0
1 895.0 507.0
1 1026.0 507.0
1 844.0 509.0
1 1103.0 509.0
1 802.0 510.0
1 1047.0 512.0
1 1052.0 512.0
1 1059.0 512.0
1 707.0 513.0
1 870.0 513.0
1 978.0 513.0
1 1021.0 513.0
1 1040.0 513.0
1 1082.0 513.0
1 770.0 514.0
1 878.0 514.0
1 886.0 514.0
1 1066.0 514.0
1 1089.0 514.0
1 841.0 515.0
1 916.0 515.0
1 1032.0 515.0
1 812.0 516.0
1 1005.0 516.0
1 632.0 517.0
1 735.0 517.0
1 740.0 517.0
1 950.0 517.0
1 1071.0 517.0
1 900.0 518.0
1 935.0 518.0
1 766.0 519.0
1 1076.0 519.0
1 1017.0 520.0
1 729.0 522.0
1 737.0 523.0
1 797.0 523.0
1 1024.0 523.0
1 1152.0 524.0
1 747.0 525.0
1 752.0 525.0
1 865.0 525.0
1 1015.0 525.0
1 757.0 526.0
1 918.0 526.0
1 964.0 526.0
1 1102.0 526.0
1 765.0 527.0
1 791.0 527.0
1 874.0 527.0
1 1130.0 527.0
1 847.0 528.0
1 1085.0 528.0
1 858.0 530.0
1 884.0 530.0
1 1009.0 530.0
1 717.0 531.0
1 949.0 531.0
1 995.0 531.0
1 783.0 532.0
1 1138.0 532.0
1 878.0 533.0
1 772.0 535.0
1 1009.0 535.0
1 866.0 536.0
1 871.0 536.0
1 925.0 536.0
1 1016.0 536.0
1 777.0 537.0
1 961.0 537.0
1 767.0 538.0
1 885.0 538.0
1 1089.0 538.0
1 1120.0 538.0
1 815.0 539.0
1 824.0 539.0
1 829.0 539.0
1 834.0 539.0
1 942.0 539.0
1 653.0 540.0
1 843.0 540.0
1 806.0 541.0
1 853.0 541.0
1 862.0 541.0
1 891.0 542.0
1 798.0 543.0
1 933.0 543.0
1 1090.0 543.0
1 873.0 544.0
1 1018.0 544.0
1 723.0 545.0
1 737.0 545.0
1 764.0 545.0
1 789.0 546.0
1 1117.0 546.0
1 634.0 547.0
1 882.0 547.0
1 1130.0 547.0
1 887.0 548.0
1 1150.0 548.0
1 781.0 549.0
1 943.0 549.0
1 837.0 550.0
1 802.0 551.0
1 892.0 551.0
1 1090.0 551.0
1 774.0 552.0
1 1136.0 552.0
1 758.0 553.0
1 853.0 553.0
1 864.0 553.0
1 1020.0 553.0
1 793.0 554.0
1 820.0 555.0
1 902.0 555.0
1 1157.0 555.0
1 835.0 556.0
1 1089.0 556.0
1 1149.0 556.0
1 766.0 557.0
1 847.0 557.0
1 1010.0 557.0
1 878.0 558.0
1 797.0 559.0
1 815.0 559.0
1 910.0 559.0
1 749.0 560.0
1 792.0 560.0
1 862.0 560.0
1 979.0 560.0
1 1024.0 560.0
1 1098.0 560.0
1 1139.0 560.0
1 760.0 562.0
1 771.0 562.0
1 889.0 562.0
1 1086.0 562.0
1 876.0 563.0
1 958.0 563.0
1 919.0 564.0
1 748.0 565.0
1 1116.0 565.0
1 1160.0 565.0
1 890.0 567.0
1 1080.0 567.0
1 764.0 568.0
1 1032.0 568.0
1 848.0 569.0
1 906.0 569.0
1 972.0 569.0
1 1135.0 569.0
1 710.0 570.0
1 1111.0 571.0
1 732.0 572.0
1 741.0 572.0
1 1039.0 572.0
1 914.0 573.0
1 1069.0 573.0
1 824.0 574.0
1 1047.0 574.0
1 1052.0 575.0
1 1058.0 575.0
1 1063.0 575.0
1 1110.0 576.0
1 904.0 577.0
1 959.0 578.0
1 789.0 579.0
1 637.0 580.0
1 923.0 580.0
1 911.0 581.0
1 1152.0 582.0
1 1018.0 583.0
1 945.0 584.0
1 1054.0 584.0
1 802.0 587.0
1 921.0 588.0
1 1049.0 589.0
1 1054.0 589.0
1 788.0 590.0
1 930.0 590.0
1 862.0 592.0
1 1067.0 592.0
1 1086.0 592.0
1 995.0 593.0
1 1113.0 593.0
1 778.0 594.0
1 1143.0 594.0
1 942.0 595.0
1 823.0 597.0
1 833.0 597.0
1 803.0 598.0
1 811.0 598.0
1 842.0 599.0
1 822.0 602.0
1 834.0 602.0
1 852.0 602.0
1 734.0 603.0
1 937.0 604.0
1 795.0 605.0
1 869.0 605.0
1 783.0 608.0
1 698.0 610.0
1 823.0 610.0
1 828.0 610.0
1 833.0 610.0
1 639.0 611.0
1 847.0 611.0
1 880.0 612.0
1 660.0 613.0
1 773.0 614.0
1 859.0 614.0
1 997.0 614.0
1 268.0 616.0
1 806.0 616.0
1 869.0 616.0
1 785.0 622.0
1 961.0 622.0
1 660.0 623.0
1 979.0 624.0
1 897.0 625.0
1 641.0 626.0
1 906.0 627.0
1 857.0 628.0
1 755.0 630.0
1 998.0 631.0
1 764.0 632.0
1 719.0 633.0
1 661.0 636.0
1 864.0 636.0
1 783.0 637.0
1 798.0 637.0
1 916.0 637.0
1 138.0 639.0
1 724.0 639.0
1 751.0 639.0
1 731.0 640.0
1 815.0 640.0
1 823.0 640.0
1 760.0 641.0
1 997.0 641.0
1 861.0 642.0
1 918.0 642.0
1 642.0 643.0
1 923.0 644.0
1 824.0 645.0
1 717.0 646.0
1 996.0 646.0
1 906.0 648.0
1 918.0 648.0
1 1134.0 649.0
1 798.0 650.0
1 927.0 650.0
1 662.0 652.0
1 875.0 652.0
1 896.0 652.0
1 747.0 654.0
1 757.0 654.0
1 718.0 656.0
1 833.0 657.0
1 864.0 658.0
1 929.0 659.0
1 899.0 660.0
1 912.0 661.0
1 838.0 662.0
1 719.0 664.0
1 843.0 665.0
1 848.0 667.0
1 820.0 668.0
1 720.0 669.0
1 854.0 669.0
1 868.0 670.0
1 890.0 671.0
1 751.0 673.0
1 880.0 677.0
1 993.0 678.0
1 783.0 679.0
1 849.0 679.0
1 874.0 679.0
1 912.0 679.0
1 854.0 680.0
1 869.0 680.0
1 897.0 681.0
1 935.0 682.0
1 424.0 684.0
1 725.0 687.0
1 816.0 687.0
1 878.0 687.0
1 751.0 688.0
1 1125.0 691.0
1 761.0 692.0
1 856.0 692.0
1 983.0 692.0
1 988.0 692.0
1 1090.0 693.0
1 296.0 694.0
1 847.0 694.0
1 727.0 695.0
1 752.0 695.0
1 932.0 696.0
1 1125.0 696.0
1 888.0 697.0
1 729.0 700.0
1 877.0 700.0
1 423.0 701.0
1 940.0 701.0
1 765.0 702.0
1 910.0 702.0
1 867.0 703.0
1 896.0 703.0
1 1123.0 704.0
1 18.0 705.0
1 758.0 705.0
1 886.0 709.0
1 645.0 710.0
1 876.0 710.0
1 864.0 711.0
1 938.0 711.0
1 928.0 712.0
1 827.0 713.0
1 900.0 713.0
1 624.0 714.0
1 779.0 716.0
1 950.0 716.0
1 895.0 717.0
1 927.0 717.0
1 1122.0 717.0
1 972.0 718.0
1 936.0 719.0
1 419.0 720.0
1 741.0 721.0
1 778.0 721.0
1 887.0 722.0
1 383.0 726.0
1 774.0 726.0
1 853.0 726.0
1 932.0 726.0
1 868.0 727.0
1 918.0 729.0
1 783.0 730.0
1 968.0 730.0
1 456.0 731.0
1 795.0 733.0
1 751.0 734.0
1 926.0 735.0
1 790.0 736.0
1 909.0 737.0
1 802.0 738.0
1 1164.0 738.0
1 922.0 740.0
1 808.0 742.0
1 902.0 742.0
1 1117.0 742.0
1 793.0 744.0
1 798.0 744.0
1 814.0 746.0
1 916.0 747.0
1 803.0 748.0
1 824.0 748.0
1 277.0 749.0
1 885.0 750.0
1 425.0 751.0
1 810.0 752.0
1 910.0 753.0
1 771.0 754.0
1 845.0 754.0
1 854.0 754.0
1 859.0 754.0
1 864.0 754.0
1 871.0 754.0
1 1207.0 754.0
1 817.0 755.0
1 1412.0 755.0
1 334.0 759.0
1 887.0 759.0
1 899.0 759.0
1 845.0 761.0
1 879.0 761.0
1 866.0 763.0
1 871.0 763.0
1 254.0 767.0
1 502.0 768.0
1 1113.0 768.0
1 1023.0 778.0
1 537.0 781.0
1 516.0 783.0
1 871.0 783.0
1 880.0 783.0
1 1470.0 783.0
1 856.0 784.0
1 861.0 784.0
1 866.0 784.0
1 491.0 787.0
1 555.0 790.0
1 458.0 791.0
1 981.0 791.0
1 1413.0 792.0
1 51.0 794.0
1 547.0 796.0
1 478.0 798.0
1 372.0 800.0
1 354.0 802.0
1 415.0 802.0
1 559.0 802.0
1 391.0 803.0
1 445.0 803.0
1 858.0 806.0
1 487.0 807.0
1 1413.0 807.0
1 728.0 808.0
1 1160.0 813.0
1 464.0 816.0
1 207.0 818.0
1 1284.0 818.0
1 863.0 819.0
1 415.0 821.0
1 548.0 822.0
1 495.0 828.0
1 517.0 830.0
1 974.0 830.0
1 342.0 831.0
1 441.0 833.0
1 1198.0 834.0
1 431.0 836.0
1 1241.0 839.0
1 374.0 841.0
1 315.0 842.0
1 412.0 842.0
1 304.0 843.0
1 1278.0 843.0
1 404.0 847.0
1 364.0 849.0
1 212.0 850.0
1 258.0 854.0
1 1159.0 856.0
1 1175.0 860.0
1 1476.0 861.0
1 203.0 863.0
1 1329.0 864.0
1 491.0 866.0
1 142.0 868.0
1 1263.0 868.0
1 232.0 870.0
1 292.0 872.0
1 147.0 874.0
1 156.0 875.0
1 274.0 879.0
1 43.0 880.0
1 57.0 880.0
1 221.0 881.0
1 11.0 883.0
1 145.0 883.0
1 1113.0 884.0
1 354.0 885.0
1 1310.0 885.0
1 887.0 886.0
1 903.0 890.0
1 979.0 893.0
1 1117.0 893.0
1 30.0 894.0
1 1335.0 895.0
1 43.0 896.0
1 1319.0 896.0
1 102.0 897.0
1 1126.0 897.0
1 40.0 902.0
1 63.0 902.0
1 20.0 903.0
1 1089.0 904.0
1 184.0 905.0
1 8.0 906.0
1 1284.0 907.0
1 989.0 909.0
1 1451.0 909.0
1 1095.0 912.0
1 1378.0 924.0
1 759.0 925.0
1 1468.0 925.0
1 1011.0 928.0
1 913.0 931.0
1 1208.0 931.0
1 1141.0 937.0
1 1432.0 939.0
1 796.0 941.0
1 1088.0 941.0
1 856.0 944.0
1 653.0 952.0
1 55.0 956.0
1 792.0 956.0
1 1018.0 958.0
1 329.0 965.0
1 465.0 969.0
1 1019.0 970.0
1 318.0 971.0
1 302.0 973.0
1 930.0 975.0
1 1057.0 975.0
1 516.0 976.0
1 1011.0 982.0
1 1068.0 987.0
1 297.0 988.0
1 443.0 989.0
1 1055.0 989.0
