0 0 0 497.7897567805995
0 3 2 463.14401641756353
0 7 6 275.6538150090477
0 10 8 253.91028457351052
0 13 9 180.45324081867088
0 14 10 314.15663082071495
0 16 12 141.89191234969795
0 17 13 116.14433196373813
0 20 15 169.04178211291548
0 30 25 425.586454871408
0 29 27 318.64985519253264
0 32 29 338.7742615646093
0 36 31 205.8990287942593
0 35 33 272.94165725528705
0 34 34 275.1017885649348
0 39 40 223.76325280387337
0 38 42 225.91951742693414
0 49 44 169.33310644180182
0 41 45 163.0183017922843
0 42 48 157.3441453013256
0 53 50 165.01125764164308
0 45 53 394.52427949746476
0 48 56 422.47996601468554
0 44 57 307.1260115742381
0 46 59 307.12131703318806
0 61 60 217.1279762501781
0 60 61 142.7887300400913
0 62 65 189.80492441105176
0 64 66 141.69132178219493
0 66 67 143.18336639841928
0 74 72 173.79126401709445
0 76 73 201.47607515920362
0 77 74 116.57555634459004
0 52 76 294.40460344112205
0 63 78 402.8918168231043
0 80 80 137.88764631522056
0 85 83 147.18343467690772
0 88 84 194.7776304770998
0 69 86 291.37956906181745
0 79 87 158.92505639081364
0 70 88 330.2424427036148
0 84 89 104.62295033919237
0 81 91 165.5409494214134
0 90 92 311.3960253297183
0 91 93 149.15778987576863
0 71 97 373.94399292910146
0 86 98 133.0411862518529
0 96 100 137.57764935248642
0 107 101 149.89903812820623
0 108 102 222.22889519937058
0 92 103 415.5921982530341
0 105 104 417.45915785660117
0 87 106 193.95250981859658
0 101 109 110.47966866403766
0 102 110 117.88639725693683
0 97 111 272.8373039266307
0 99 112 104.413327815976
0 111 113 171.47939008212444
0 94 114 258.7735752655935
0 95 115 187.82831747760466
0 98 116 162.21049734082436
0 113 118 205.90342570068026
0 100 119 456.14282739116413
0 116 121 104.64385185211059
0 106 123 190.27126092639375
0 124 126 112.29494321839175
0 129 127 109.77861151245261
0 135 128 217.269244242478
0 118 130 313.87663144011054
0 127 134 193.590692442733
0 126 137 110.29980622670121
0 119 139 215.12763654424862
0 130 140 143.09332623263415
0 132 141 151.60663279741408
0 123 142 234.78205866663083
0 131 145 110.89478119763766
0 142 146 217.0573689976282
0 138 147 465.1563120790753
0 140 149 157.64881985727502
0 137 152 108.312525872138
0 148 154 188.2826769261467
0 151 155 326.3399030349006
0 150 158 179.64800708603056
0 155 159 339.83432049506564
0 145 160 107.27702546001379
0 146 162 230.05592534474863
0 161 163 349.5087680740132
0 164 165 204.71620929568255
0 153 166 108.32079872663849
0 154 167 133.5434298306248
0 159 168 106.59293294839995
0 167 170 250.79064856060324
0 163 172 108.33035289334916
0 169 174 106.06163823262634
0 168 177 116.06239409624483
0 175 178 181.67699011547825
0 166 179 182.43225154514116
0 176 181 197.2356098742326
0 174 182 109.69509901919707
0 181 185 351.1699794035399
0 187 187 437.8791232194833
0 185 188 187.0451209188717
0 184 190 161.21420784613116
0 172 191 237.55094458452555
0 180 192 226.93010346578282
0 182 193 442.384195192888
0 195 194 130.9864494751865
0 193 195 186.03358918120549
0 192 198 400.61214524241893
0 186 199 235.0280434422949
0 189 201 235.53827707449696
0 191 202 175.55325980009766
0 204 204 133.7728743327788
0 205 205 110.23256030928583
0 198 207 167.52599729956802
0 207 208 304.61159163181344
0 208 209 190.1772024712176
0 202 210 239.4542847592457
0 203 211 247.90596628259246
0 218 212 206.8671819311605
0 212 214 104.93535709961081
0 210 215 164.87022962726166
0 215 217 104.65617610705995
0 216 218 194.95020740427088
0 221 219 273.2656782678075
0 211 220 244.01111467443909
0 201 221 189.95722649036435
0 224 223 110.37804767649206
0 206 225 438.63937788105034
0 229 229 108.5369623213323
0 228 230 263.8859773077025
0 225 231 109.18171450764673
0 226 232 256.26611618861716
0 232 235 115.44723581506027
0 248 236 216.38037831707447
0 239 237 203.98033123367725
0 254 240 106.78121690577514
0 242 242 257.3356038251509
0 240 245 108.27901381335099
0 235 246 104.52097061644774
0 233 248 209.66946584776193
0 241 249 121.7836380413593
0 236 250 305.01971594279735
0 266 252 126.33863423647816
0 260 253 204.43683264074656
0 251 254 129.22055215754028
0 264 255 345.39605157919334
0 255 256 201.1822196155595
0 256 257 256.54928150075955
0 265 259 111.61121558196778
0 263 261 141.49775345584226
0 284 262 342.2649315157641
0 277 263 111.711684357729
0 252 264 233.58363741024144
0 274 266 113.70150949229681
0 275 267 245.45255509426
0 294 268 115.05588783056024
0 261 269 158.21256150260862
0 289 271 494.5531830537315
0 291 272 134.01279563291814
0 297 276 170.63930994135868
0 287 277 278.70928215217873
0 270 278 157.33281317988806
0 295 279 118.90331407625744
0 292 280 136.04713753274632
0 282 281 156.85765899993473
0 283 282 211.81116413651512
0 299 283 123.51148563992254
0 311 284 115.39312977808034
0 281 285 128.92187521011874
0 302 287 159.69663645729133
0 307 288 124.89364784360424
0 293 289 152.3215596829624
0 286 290 165.37645058622766
0 288 291 261.732772828566
0 309 292 118.38313176754247
0 271 293 193.07931709471674
0 314 294 191.57995416848038
0 305 295 244.89070376816943
0 318 297 169.188555832866
0 313 298 115.13244383908676
0 303 299 120.94031052216174
0 296 301 471.17382613524904
0 304 302 107.44602166965652
0 335 303 316.8111798897643
0 316 304 106.5951678580664
0 298 305 217.28023226681933
0 328 306 173.55061448457104
0 324 307 114.54258349222097
0 336 308 211.55629510266783
0 325 309 119.91243367359665
0 306 310 110.51433858477728
0 329 311 139.95785885335306
0 331 312 119.31308917502075
0 310 313 135.33231411244498
0 323 314 150.04642552106858
0 326 315 110.57074185705444
0 312 316 114.40508315622493
0 317 319 214.30108243836926
0 301 320 406.64541725095285
0 344 321 345.58910937640167
0 352 322 111.33958907281405
0 339 323 110.18662459177224
0 346 325 154.15205516582364
0 347 326 214.16327757887936
0 327 327 189.1175346343728
0 340 328 120.03244704925167
0 342 329 157.43390080562668
0 333 330 137.0553437661902
0 322 331 134.05453537082096
0 345 333 119.86778061699283
0 358 334 106.29651600658438
0 362 335 114.04005536550635
0 341 336 200.81130216618948
0 349 337 169.15846436299404
0 374 339 172.63355544813044
0 371 340 138.66720357467003
0 359 341 175.5567684492856
0 337 342 105.22542203932734
0 370 343 151.3180337260709
0 369 345 138.72870836941664
0 364 346 204.0247085978641
0 343 347 213.71483302859903
0 378 349 129.7626944133691
0 363 350 245.31845074553797
0 383 351 156.34361380856882
0 379 352 134.05063656253753
0 365 353 180.7955115616255
0 373 354 196.89693856605902
0 350 355 144.98379550193934
0 407 356 106.51784031811835
0 385 357 128.17546481056948
0 387 359 125.14587358855592
0 388 360 108.35153054173131
0 372 362 232.74624056955992
0 355 363 289.58225833107866
0 366 364 174.55325730579264
0 377 367 155.37552383113305
0 399 369 109.14095974892632
0 380 370 157.7027154559643
0 414 371 208.92076573076093
0 393 372 236.2072782639235
0 394 373 170.48543570931375
0 376 374 116.61024356749215
0 428 375 112.14575645707126
0 418 376 366.0816026124846
0 419 377 280.420961986793
0 391 378 111.17220928016573
0 441 379 187.0664561838399
0 415 380 142.4351175938428
0 403 381 203.32155052227648
0 457 383 185.0195940472915
0 396 384 163.12146904465544
0 433 385 157.88255465873172
0 400 386 105.19708414015581
0 402 387 157.2891525601698
0 401 388 119.02556232061173
0 404 389 104.85823570305395
0 409 390 106.97227472717702
0 450 392 127.0408932078181
0 459 394 135.07501127556284
0 446 395 317.97776553417094
0 429 396 121.78044684290596
0 458 397 120.54143437215188
0 430 398 104.66301836598035
0 410 399 114.70436777560487
0 406 400 183.89938179604806
0 468 401 168.36477031856728
0 471 402 285.52693865266275
0 412 403 150.5112850162773
0 426 405 199.18720982167767
0 421 406 210.3964769421184
0 480 407 116.34259968446368
0 472 408 383.3766531719914
0 413 410 117.23680250433648
0 424 411 123.9288751817322
0 436 415 109.35448896450967
0 469 416 333.70307988641866
0 437 418 165.01180944917235
0 435 419 129.66001259255555
0 492 422 147.9751688568362
0 484 423 203.9264544462645
0 485 424 216.7415128161287
0 473 425 112.19737710158391
0 448 426 171.22274345984897
0 489 427 263.15715504693065
0 445 428 109.192650596803
0 510 429 201.97626481387502
0 456 430 487.20634449084514
0 511 431 104.61396714725993
0 461 432 185.95226684388635
0 455 433 104.88523726001802
0 516 434 119.17997955560797
0 488 435 443.3505475085471
0 495 436 306.5097823994911
0 496 437 115.62501313747056
0 477 438 252.79910339368294
0 451 439 195.17668398652754
0 539 440 219.99811829745917
0 460 441 325.98123664734254
0 462 442 130.03368105676176
0 499 443 105.6861397029689
0 524 445 409.31879319237225
0 486 446 164.36505324773307
0 531 447 105.42783279060619
0 503 448 104.3939603237123
0 482 449 160.28139306688004
0 556 450 150.10204248700057
0 541 451 121.15790426171793
0 523 453 184.53078452345926
0 466 455 234.088967591925
0 528 456 105.06880142446336
0 525 457 104.47587779126253
0 487 458 217.94077522368616
0 491 459 108.3671934737397
0 542 460 219.96643316375102
0 474 461 123.06586370592558
0 576 462 177.8501828938249
0 567 463 152.81180762737608
0 518 464 129.7688169323347
0 476 465 161.33402878107398
0 529 466 111.58657748546142
0 483 468 193.95481929382257
0 545 469 166.65220717214106
0 568 471 120.95270022327334
0 508 473 105.86423655938404
0 502 474 165.9382273056408
0 498 475 121.36607086147895
0 595 476 104.48833821275612
0 560 477 198.90720411348602
0 548 478 166.1100133731839
0 509 479 106.80428158891557
0 504 480 207.94924304078685
0 532 482 161.8633232002428
0 500 483 204.5600813889179
0 587 486 134.0850267307451
0 558 487 129.68642216023864
0 546 488 116.59545380184406
0 535 489 124.81726079150994
0 605 491 109.25770125980445
0 606 493 104.64629297291444
0 505 494 116.3061525072433
0 573 495 115.58807440201836
0 538 496 118.58787459011302
0 513 497 128.55410711943202
0 639 498 147.28671377170545
0 559 499 178.92315180533342
0 543 501 163.41131658229003
0 512 502 212.9367466572712
0 619 503 117.13560801234387
0 574 504 117.16259412535308
0 569 505 118.29368509381266
0 564 506 129.50097110969872
0 630 508 215.87622655221526
0 581 509 108.49893969633233
0 537 510 105.04279043954492
0 526 511 105.85242757748006
0 530 512 159.4675068583357
0 527 513 160.62745098039215
0 522 515 106.49706913073307
0 656 517 167.095972727165
0 577 518 135.13474154534742
0 533 519 144.63102279549366
0 658 520 134.0028945594423
0 616 521 104.67893922048543
0 591 522 116.5988490381605
0 588 523 222.0829142113365
0 582 524 149.20346102751188
0 650 526 150.40157519349935
0 659 527 157.38991830032708
0 651 528 170.71965186135142
0 549 530 104.549388402988
0 603 531 163.5067113685161
0 592 532 104.72836519734648
0 593 533 106.49340526322138
0 565 534 111.15965785236767
0 552 535 182.54738070132242
0 667 536 206.0568537401441
0 664 537 112.27941681843299
0 551 539 112.71725438627196
0 644 540 137.4795457046615
0 570 541 104.41577119019439
0 571 542 104.92620206248597
0 561 543 104.32747298695094
0 622 545 136.73118629748987
0 627 546 134.673387325613
0 562 547 104.70609682202958
0 575 549 104.33494063581865
0 613 551 218.0561616384012
0 681 552 126.015717774094
0 671 553 117.57258245760045
0 645 554 184.62671428434655
0 629 555 161.0077108428185
0 680 556 151.4241375469804
0 652 557 144.7924287402496
0 641 558 173.66468975575773
0 617 559 226.8470124746673
0 620 560 109.18738479893237
0 594 561 106.40407685298123
0 633 562 203.03584110692498
0 583 563 135.23606639886881
0 683 564 106.29692009003664
0 654 565 112.55017213038157
0 578 566 160.14243014369202
0 642 567 128.692535346077
0 655 568 139.32142859218908
0 608 569 130.4256390634103
0 604 570 106.01881748170099
0 601 571 203.67060027789017
0 690 572 137.44252548228786
0 634 573 153.99894128812025
0 600 575 116.76509249601328
0 614 576 104.98356058828833
0 695 577 277.24119069898103
0 661 578 159.05734447336647
0 663 579 125.98141578400588
0 703 581 138.9312081998583
0 699 582 193.54602626064016
0 673 583 144.25455610073183
0 668 585 382.9235242387675
0 618 586 160.44686223647633
0 669 587 176.2603656822324
0 712 588 171.29566034459012
0 672 589 138.51784266335906
0 708 590 170.78836797257975
0 675 592 113.91581541543532
0 637 593 104.94947670751513
0 626 594 165.91069181108716
0 710 595 164.22528792158477
0 707 596 184.12671864116078
0 702 599 198.90826531035668
0 709 600 112.12420879334665
0 676 601 126.160910578731
0 724 605 130.8147344289235
0 715 607 129.0393479954972
0 721 608 156.59481368611904
0 700 609 329.08268279844765
0 722 610 130.53283819100326
0 723 612 174.86574638112197
0 705 613 296.83307233755556
0 692 614 139.06894222757444
0 697 615 124.83018826370267
0 726 616 150.41420977747018
0 718 617 142.48177344679073
0 694 618 136.1420136781322
0 728 619 193.50466143348467
0 729 620 158.49768387766673
0 727 621 108.89901957742505
0 731 623 153.74852629394027
0 713 624 136.67088287830046
0 732 625 223.53248324044247
0 711 626 106.2845026621464
0 714 627 128.97820014342173
0 717 628 162.26548601354708
0 734 629 109.924861293476
0 736 630 107.26653828350175
0 738 631 111.05146785684879

220.0 37.0
501.0 67.0
490.0 75.0
491.0 81.0
491.0 86.0
507.0 87.0
488.0 93.0
499.0 94.0
480.0 102.0
427.0 110.0
420.0 115.0
446.0 116.0
448.0 121.0
419.0 122.0
426.0 122.0
434.0 127.0
419.0 128.0
498.0 129.0
426.0 130.0
439.0 133.0
464.0 134.0
426.0 135.0
252.0 136.0
257.0 136.0
262.0 137.0
432.0 137.0
476.0 138.0
448.0 139.0
464.0 140.0
486.0 140.0
507.0 142.0
453.0 143.0
476.0 143.0
275.0 144.0
422.0 145.0
440.0 146.0
432.0 148.0
452.0 148.0
140.0 150.0
238.0 150.0
147.0 151.0
252.0 151.0
131.0 152.0
423.0 152.0
494.0 152.0
152.0 154.0
232.0 154.0
432.0 155.0
485.0 155.0
503.0 155.0
283.0 156.0
399.0 156.0
118.0 157.0
442.0 157.0
456.0 157.0
494.0 157.0
254.0 159.0
231.0 160.0
112.0 161.0
125.0 161.0
148.0 161.0
241.0 161.0
284.0 161.0
271.0 162.0
427.0 162.0
449.0 165.0
476.0 165.0
492.0 165.0
284.0 166.0
434.0 167.0
261.0 168.0
109.0 170.0
135.0 170.0
237.0 170.0
348.0 170.0
152.0 171.0
442.0 171.0
530.0 171.0
230.0 172.0
260.0 174.0
108.0 175.0
460.0 175.0
282.0 176.0
473.0 176.0
147.0 177.0
340.0 177.0
532.0 178.0
108.0 180.0
123.0 180.0
159.0 180.0
257.0 180.0
459.0 182.0
243.0 183.0
270.0 184.0
135.0 185.0
284.0 185.0
441.0 186.0
178.0 187.0
257.0 187.0
535.0 187.0
456.0 189.0
496.0 190.0
469.0 191.0
389.0 192.0
485.0 192.0
113.0 194.0
265.0 194.0
234.0 195.0
505.0 196.0
167.0 197.0
197.0 197.0
341.0 198.0
120.0 199.0
141.0 199.0
438.0 199.0
532.0 199.0
228.0 200.0
455.0 200.0
493.0 200.0
204.0 201.0
175.0 202.0
223.0 202.0
269.0 203.0
463.0 203.0
468.0 203.0
474.0 203.0
450.0 204.0
115.0 206.0
292.0 206.0
158.0 208.0
216.0 208.0
238.0 208.0
423.0 208.0
139.0 210.0
192.0 210.0
228.0 210.0
120.0 211.0
451.0 211.0
244.0 212.0
271.0 213.0
479.0 213.0
286.0 214.0
505.0 214.0
138.0 215.0
197.0 215.0
430.0 215.0
463.0 215.0
494.0 215.0
510.0 215.0
132.0 216.0
227.0 217.0
182.0 218.0
211.0 218.0
474.0 218.0
114.0 219.0
285.0 219.0
167.0 220.0
238.0 220.0
20.0 221.0
221.0 221.0
137.0 223.0
474.0 223.0
479.0 223.0
195.0 224.0
231.0 224.0
441.0 224.0
456.0 224.0
120.0 225.0
125.0 225.0
280.0 225.0
156.0 226.0
172.0 226.0
430.0 226.0
436.0 226.0
521.0 226.0
188.0 227.0
484.0 227.0
151.0 228.0
474.0 228.0
38.0 229.0
138.0 229.0
223.0 229.0
540.0 229.0
242.0 230.0
50.0 231.0
258.0 231.0
464.0 231.0
28.0 232.0
165.0 232.0
197.0 232.0
214.0 232.0
499.0 232.0
119.0 233.0
175.0 233.0
476.0 233.0
486.0 233.0
234.0 234.0
273.0 234.0
429.0 236.0
509.0 236.0
20.0 237.0
164.0 237.0
185.0 237.0
214.0 237.0
290.0 237.0
458.0 237.0
219.0 238.0
244.0 238.0
437.0 238.0
447.0 238.0
142.0 240.0
155.0 240.0
193.0 241.0
226.0 241.0
490.0 241.0
128.0 242.0
177.0 242.0
234.0 242.0
470.0 242.0
260.0 243.0
255.0 244.0
281.0 244.0
422.0 244.0
184.0 246.0
222.0 246.0
162.0 247.0
210.0 247.0
430.0 247.0
490.0 247.0
501.0 247.0
24.0 248.0
146.0 248.0
234.0 249.0
246.0 249.0
455.0 249.0
460.0 249.0
438.0 251.0
492.0 252.0
182.0 253.0
425.0 253.0
156.0 254.0
220.0 254.0
415.0 254.0
468.0 254.0
47.0 255.0
107.0 255.0
116.0 256.0
478.0 256.0
30.0 257.0
168.0 257.0
212.0 257.0
20.0 258.0
514.0 258.0
102.0 259.0
425.0 260.0
445.0 260.0
458.0 260.0
438.0 261.0
468.0 261.0
83.0 262.0
66.0 263.0
123.0 263.0
230.0 263.0
89.0 264.0
246.0 264.0
503.0 264.0
524.0 264.0
74.0 265.0
20.0 267.0
415.0 267.0
490.0 268.0
516.0 268.0
38.0 269.0
120.0 269.0
458.0 269.0
479.0 269.0
447.0 271.0
147.0 272.0
524.0 272.0
437.0 273.0
24.0 274.0
29.0 274.0
119.0 274.0
162.0 274.0
460.0 274.0
106.0 276.0
495.0 276.0
19.0 277.0
537.0 277.0
48.0 278.0
414.0 278.0
428.0 278.0
32.0 279.0
93.0 279.0
132.0 280.0
157.0 280.0
317.0 280.0
514.0 281.0
19.0 282.0
308.0 282.0
474.0 282.0
255.0 283.0
91.0 284.0
285.0 284.0
71.0 285.0
187.0 285.0
344.0 285.0
8.0 286.0
51.0 286.0
80.0 287.0
544.0 287.0
158.0 288.0
170.0 288.0
417.0 288.0
447.0 289.0
125.0 290.0
471.0 290.0
53.0 291.0
59.0 291.0
291.0 291.0
492.0 291.0
223.0 293.0
527.0 293.0
210.0 294.0
68.0 295.0
427.0 295.0
459.0 295.0
514.0 295.0
33.0 296.0
135.0 296.0
300.0 297.0
434.0 297.0
485.0 297.0
312.0 298.0
415.0 298.0
53.0 299.0
192.0 299.0
218.0 299.0
281.0 299.0
43.0 300.0
69.0 301.0
536.0 301.0
183.0 302.0
448.0 302.0
473.0 302.0
10.0 303.0
244.0 303.0
254.0 303.0
415.0 303.0
53.0 304.0
217.0 304.0
222.0 304.0
291.0 304.0
27.0 305.0
208.0 306.0
435.0 306.0
455.0 306.0
483.0 306.0
529.0 306.0
507.0 307.0
13.0 308.0
247.0 308.0
489.0 308.0
45.0 309.0
141.0 310.0
233.0 310.0
281.0 310.0
345.0 310.0
59.0 311.0
52.0 312.0
79.0 312.0
464.0 312.0
267.0 313.0
304.0 313.0
322.0 313.0
419.0 313.0
525.0 314.0
69.0 315.0
74.0 315.0
513.0 315.0
133.0 316.0
444.0 316.0
456.0 316.0
482.0 316.0
174.0 317.0
205.0 318.0
497.0 318.0
470.0 319.0
365.0 320.0
58.0 321.0
88.0 321.0
197.0 321.0
281.0 321.0
46.0 322.0
191.0 322.0
293.0 322.0
324.0 323.0
345.0 323.0
457.0 323.0
329.0 324.0
508.0 324.0
77.0 325.0
268.0 325.0
536.0 325.0
334.0 326.0
309.0 327.0
438.0 327.0
465.0 327.0
514.0 327.0
68.0 328.0
365.0 328.0
503.0 329.0
476.0 330.0
60.0 331.0
285.0 331.0
337.0 331.0
50.0 334.0
90.0 334.0
315.0 334.0
308.0 335.0
517.0 335.0
337.0 336.0
38.0 337.0
289.0 337.0
82.0 338.0
300.0 338.0
478.0 338.0
507.0 338.0
71.0 339.0
77.0 339.0
63.0 341.0
91.0 341.0
328.0 341.0
56.0 346.0
64.0 347.0
45.0 348.0
284.0 348.0
78.0 349.0
83.0 350.0
306.0 351.0
343.0 351.0
296.0 352.0
63.0 353.0
98.0 353.0
322.0 353.0
48.0 355.0
71.0 355.0
120.0 357.0
59.0 359.0
288.0 360.0
50.0 361.0
316.0 362.0
308.0 365.0
303.0 366.0
103.0 367.0
81.0 375.0
59.0 384.0

212.0 11.0
594.0 61.0
585.0 70.0
585.0 75.0
585.0 80.0
601.0 83.0
583.0 87.0
600.0 88.0
578.0 95.0
511.0 105.0
503.0 105.0
525.0 109.0
551.0 113.0
504.0 111.0
511.0 110.0
533.0 116.0
502.0 116.0
610.0 127.0
530.0 122.0
543.0 122.0
583.0 129.0
511.0 124.0
300.0 127.0
308.0 124.0
315.0 125.0
541.0 132.0
599.0 131.0
561.0 133.0
585.0 134.0
612.0 135.0
631.0 137.0
569.0 138.0
598.0 138.0
327.0 129.0
501.0 134.0
551.0 140.0
536.0 142.0
563.0 145.0
178.0 137.0
299.0 140.0
183.0 137.0
318.0 142.0
164.0 141.0
503.0 146.0
615.0 146.0
188.0 137.0
286.0 144.0
532.0 150.0
601.0 153.0
625.0 153.0
342.0 147.0
405.0 153.0
156.0 145.0
550.0 152.0
570.0 152.0
610.0 150.0
320.0 151.0
283.0 154.0
151.0 149.0
174.0 149.0
199.0 151.0
298.0 154.0
344.0 152.0
335.0 157.0
513.0 153.0
560.0 160.0
591.0 161.0
603.0 165.0
344.0 158.0
540.0 161.0
327.0 161.0
145.0 159.0
188.0 163.0
300.0 164.0
399.0 160.0
206.0 163.0
553.0 167.0
624.0 166.0
286.0 167.0
326.0 166.0
144.0 171.0
568.0 172.0
342.0 171.0
590.0 174.0
201.0 170.0
396.0 170.0
601.0 176.0
145.0 179.0
171.0 174.0
214.0 174.0
318.0 176.0
531.0 179.0
298.0 178.0
328.0 181.0
187.0 180.0
347.0 183.0
514.0 179.0
218.0 184.0
320.0 183.0
601.0 186.0
528.0 189.0
581.0 188.0
545.0 187.0
445.0 182.0
557.0 186.0
148.0 187.0
331.0 193.0
277.0 193.0
593.0 192.0
215.0 189.0
229.0 190.0
389.0 191.0
155.0 198.0
189.0 198.0
507.0 195.0
600.0 198.0
265.0 199.0
526.0 197.0
588.0 197.0
246.0 205.0
226.0 202.0
260.0 200.0
334.0 203.0
560.0 203.0
550.0 205.0
570.0 201.0
521.0 197.0
151.0 207.0
352.0 198.0
209.0 209.0
252.0 208.0
298.0 207.0
504.0 207.0
181.0 210.0
240.0 214.0
298.0 212.0
156.0 215.0
524.0 212.0
314.0 212.0
333.0 211.0
572.0 210.0
350.0 212.0
596.0 211.0
180.0 219.0
270.0 217.0
512.0 214.0
540.0 218.0
587.0 215.0
608.0 215.0
175.0 219.0
294.0 218.0
247.0 225.0
285.0 223.0
561.0 214.0
150.0 222.0
350.0 222.0
224.0 227.0
308.0 217.0
83.0 226.0
297.0 226.0
181.0 229.0
564.0 225.0
570.0 220.0
273.0 227.0
302.0 226.0
520.0 224.0
535.0 224.0
157.0 230.0
165.0 233.0
341.0 224.0
215.0 231.0
227.0 232.0
508.0 226.0
515.0 225.0
604.0 225.0
261.0 232.0
575.0 220.0
209.0 235.0
556.0 231.0
106.0 237.0
184.0 234.0
297.0 231.0
615.0 227.0
313.0 231.0
119.0 241.0
323.0 236.0
537.0 229.0
91.0 239.0
219.0 238.0
278.0 241.0
291.0 238.0
588.0 231.0
155.0 240.0
246.0 240.0
567.0 232.0
579.0 237.0
306.0 238.0
338.0 233.0
496.0 236.0
601.0 230.0
81.0 244.0
229.0 245.0
261.0 243.0
286.0 244.0
341.0 244.0
534.0 238.0
295.0 243.0
306.0 243.0
518.0 240.0
523.0 237.0
187.0 244.0
217.0 248.0
269.0 249.0
300.0 243.0
581.0 244.0
166.0 252.0
250.0 251.0
300.0 248.0
561.0 242.0
323.0 250.0
318.0 250.0
337.0 249.0
482.0 243.0
259.0 254.0
290.0 249.0
228.0 255.0
281.0 254.0
500.0 249.0
576.0 251.0
593.0 244.0
89.0 264.0
195.0 256.0
290.0 256.0
306.0 256.0
517.0 251.0
550.0 245.0
505.0 249.0
586.0 253.0
246.0 261.0
499.0 254.0
219.0 267.0
269.0 258.0
476.0 258.0
558.0 253.0
117.0 272.0
175.0 268.0
180.0 268.0
568.0 256.0
97.0 276.0
234.0 267.0
261.0 263.0
82.0 281.0
596.0 258.0
168.0 273.0
491.0 261.0
525.0 262.0
540.0 261.0
509.0 263.0
553.0 264.0
147.0 279.0
133.0 282.0
192.0 278.0
285.0 272.0
156.0 281.0
305.0 272.0
583.0 264.0
605.0 263.0
142.0 287.0
74.0 288.0
481.0 266.0
574.0 269.0
595.0 268.0
110.0 293.0
176.0 289.0
540.0 266.0
564.0 269.0
524.0 273.0
194.0 287.0
604.0 273.0
507.0 273.0
78.0 297.0
94.0 295.0
185.0 295.0
210.0 289.0
550.0 278.0
174.0 296.0
579.0 277.0
65.0 303.0
612.0 280.0
114.0 303.0
482.0 283.0
507.0 280.0
89.0 305.0
147.0 296.0
169.0 297.0
203.0 297.0
418.0 291.0
593.0 279.0
65.0 312.0
363.0 283.0
557.0 284.0
314.0 298.0
163.0 308.0
376.0 295.0
140.0 310.0
241.0 300.0
441.0 293.0
54.0 318.0
117.0 313.0
149.0 308.0
617.0 285.0
203.0 309.0
223.0 308.0
485.0 295.0
531.0 296.0
171.0 313.0
562.0 289.0
111.0 324.0
128.0 321.0
399.0 305.0
572.0 289.0
274.0 309.0
612.0 293.0
257.0 314.0
136.0 321.0
505.0 301.0
542.0 298.0
597.0 297.0
95.0 329.0
162.0 319.0
414.0 314.0
516.0 302.0
578.0 300.0
420.0 310.0
471.0 298.0
119.0 327.0
247.0 318.0
265.0 314.0
344.0 311.0
106.0 333.0
134.0 333.0
610.0 300.0
235.0 322.0
528.0 311.0
559.0 303.0
58.0 342.0
304.0 318.0
315.0 313.0
473.0 303.0
117.0 337.0
268.0 322.0
277.0 321.0
400.0 320.0
84.0 340.0
260.0 325.0
516.0 311.0
541.0 308.0
573.0 309.0
611.0 308.0
592.0 307.0
63.0 346.0
302.0 324.0
578.0 310.0
104.0 347.0
179.0 335.0
293.0 328.0
384.0 327.0
462.0 325.0
122.0 345.0
112.0 347.0
146.0 345.0
551.0 315.0
357.0 331.0
421.0 328.0
441.0 328.0
493.0 320.0
607.0 316.0
126.0 353.0
138.0 351.0
596.0 316.0
173.0 343.0
527.0 321.0
541.0 321.0
569.0 319.0
219.0 338.0
262.0 339.0
583.0 319.0
558.0 323.0
467.0 334.0
118.0 361.0
152.0 356.0
256.0 343.0
386.0 339.0
107.0 361.0
242.0 345.0
403.0 342.0
444.0 335.0
460.0 337.0
542.0 328.0
447.0 340.0
592.0 325.0
141.0 362.0
360.0 345.0
602.0 324.0
452.0 342.0
422.0 345.0
519.0 333.0
550.0 331.0
597.0 330.0
128.0 368.0
467.0 340.0
584.0 330.0
563.0 334.0
120.0 373.0
398.0 348.0
454.0 349.0
106.0 378.0
146.0 374.0
431.0 356.0
449.0 354.0
596.0 335.0
454.0 354.0
93.0 384.0
400.0 356.0
132.0 381.0
414.0 358.0
559.0 341.0
591.0 338.0
120.0 383.0
127.0 381.0
114.0 377.0
144.0 382.0
443.0 358.0
104.0 396.0
115.0 388.0
91.0 393.0
379.0 375.0
128.0 393.0
136.0 394.0
405.0 378.0
452.0 369.0
395.0 373.0
116.0 400.0
152.0 389.0
418.0 372.0
87.0 402.0
125.0 404.0
180.0 401.0
111.0 409.0
388.0 385.0
101.0 411.0
416.0 383.0
409.0 387.0
404.0 388.0
166.0 411.0
143.0 426.0
116.0 442.0
