0 0 0 102.6707577777896
0 2 3 153.0984400166082
0 3 4 203.54137043075858
0 6 5 102.5691226103099
0 8 6 128.10984026984806
0 9 7 106.49299968453036
0 11 9 113.3354301840581
0 12 10 118.49574146182324
0 14 11 126.28381117633094
0 13 12 103.66738183077811
0 15 13 106.8004605786159
0 17 14 102.71816047410522
0 16 15 115.60654480211015
0 18 16 102.94352598359441
0 21 17 102.68001361133756
0 19 18 128.9879081063132
0 20 19 113.8242705336795
0 22 20 105.34576569411618
0 23 21 123.01576483518981
0 26 23 103.68884525845799
0 25 24 112.04862889293345
0 28 25 111.0953247461865
0 30 27 107.06540235351957
0 32 28 104.95602907601784
0 31 29 111.3409708128085
0 33 30 148.90352255206543
0 34 31 106.54502007354223
0 37 33 117.22383546253106
0 36 34 109.22498847022923
0 41 35 127.61598951397548
0 35 36 102.7195880738565
0 40 37 134.78960254249913
0 39 39 131.68309184810764
0 38 40 106.48513206918697
0 43 42 119.39601212348165
0 42 44 102.6817292342693
0 44 45 109.01258752018497
0 47 47 138.57432748085904
0 46 48 103.39680987015444
0 45 49 198.59986353759604
0 48 50 104.55821063362694
0 55 51 141.5977697773297
0 49 54 104.00864245702483
0 50 55 107.19592500994986
0 51 57 171.449704731581
0 52 58 149.3515172421467
0 53 59 179.09105494556405
0 56 60 107.10599584119737
0 54 61 109.42078883435782
0 63 62 143.99883133883029
0 57 63 126.60227694021697
0 58 64 172.0363916321067
0 59 65 111.03648180172092
0 60 66 104.75144096155053
0 64 67 105.53722675995073
0 65 69 106.48711238177764
0 62 70 121.051315370801
0 66 71 108.77052444261415
0 68 72 105.27656784108004
0 72 73 125.32742179780124
0 67 74 107.34794484471284
0 69 75 106.02362128094249
0 70 76 130.1468894735352
0 76 77 110.48894532062916
0 71 78 120.73246248091114
0 75 79 126.27864039012877
0 73 80 102.75265408274701
0 74 81 110.42895472181536
0 78 82 113.87373054348436
0 77 83 102.86471823602983
0 85 84 129.3072888771806
0 84 85 126.68090339227413
0 79 86 132.68532921070607
0 81 87 104.50438172130585
0 80 88 130.56433932781204
0 87 89 102.49540129820542
0 90 90 113.29258715286569
0 83 91 113.60726979655847
0 82 92 126.82553432231838
0 86 93 136.9223496966642
0 89 94 108.46721958785315
0 95 96 103.60561677617461
0 88 97 107.34062342749162
0 100 98 118.28674602688348
0 107 99 109.69525680860939
0 96 100 102.75348478166191
0 98 101 105.91153896316483
0 94 102 103.7648715931658
0 97 103 123.0273204104368
0 111 104 113.79605231742944
0 109 105 121.43357082192323
0 99 106 151.89361192238596
0 106 107 114.3536562640282
0 101 108 223.40132358619954
0 102 109 102.5304910766559
0 103 110 102.62396377250059
0 104 111 107.89987750881511
0 110 112 102.50942305296469
0 119 113 120.37778780374964
0 116 114 165.82574712793644
0 112 115 102.68040323495717
0 113 116 102.79759403910302
0 105 117 110.21111163590875
0 114 118 102.52134988637368
0 117 120 104.87603196261743
0 134 121 309.56037899577666
0 120 122 105.42587180549961
0 115 123 156.82191309614834
0 122 124 105.93957411286141
0 121 126 102.69254589153695
0 125 127 102.53171921545696
0 126 128 103.43028788476225
0 141 129 190.38433605438226
0 123 130 156.8447985682312
0 128 131 131.89046275292108
0 136 132 125.77739090355612
0 137 133 114.27118135890981
0 132 134 178.0857656034272
0 129 135 149.19749022051812
0 131 136 102.73026173989035
0 127 137 115.10104639959341
0 133 138 123.20761011818364
0 130 140 102.51636959483183
0 139 141 103.34303038247208
0 146 142 113.08382641030438
0 147 143 103.89790157675436
0 144 144 107.37871807705157
0 138 145 102.6360616890031
0 140 146 110.07025917843387
0 143 147 105.49460941873576
0 150 148 126.33741648618428
0 145 149 102.77470362220267
0 151 150 111.99244252659494
0 148 151 104.61960347953449
0 142 152 115.22779156627492
0 154 153 102.48112672202055
0 149 154 165.23676704643944
0 155 155 105.22031415168978
0 158 156 139.80271213936393
0 159 157 126.87217420579813
0 160 158 105.33938944877951
0 157 159 190.58579414022967
0 153 160 102.60787112172072
0 164 162 107.04320139590142
0 166 163 103.15717010267377
0 165 164 104.18793206664165
0 161 165 130.60288057498468
0 162 166 102.52042896581275
0 163 167 109.66110598700621
0 167 168 106.8951348462503
0 172 169 102.49197628951323
0 168 170 103.13125371553882
0 178 171 103.33593317453422
0 169 172 102.49617774882265
0 173 173 104.29251058623423
0 174 174 102.61080809328735
0 171 177 102.50614741803554
0 176 178 108.36941240531847
0 170 179 103.70422750771607
0 179 180 105.08162746214758
0 180 181 102.51157769562049
0 181 182 102.53132445334798
0 184 183 102.50820797466564
0 183 185 106.04991253855141
0 182 186 103.36574800054512
0 185 187 102.66542370711585
0 186 188 103.43649887156592
0 187 189 146.85989796883044
0 188 190 102.74206384880522
0 192 191 102.5042936141692
0 190 192 102.81288308443747
0 197 193 103.7237054178354
0 194 194 103.74398611702334
0 193 195 104.73385040987509
0 195 196 103.03673482222169
0 203 197 102.69475224146454
0 201 198 104.711586237466
0 199 199 102.50693655759535
0 198 200 102.62993389792425
0 200 201 102.50703050359039
0 209 202 102.57504245679013
0 196 203 110.66447631614793
0 202 204 103.79049746107225
0 204 205 103.07878867117441
0 222 206 186.63841039563783
0 205 207 102.90391767105615
0 212 208 106.49224261257267
0 208 209 112.85375399207362
0 214 210 105.95761219571129
0 211 211 102.71884596859282
0 217 212 102.51602506425577
0 215 213 106.73947022988803
0 213 214 102.73389141748595
0 218 215 119.80931589882789
0 216 216 105.93372108478218
0 219 217 102.72036792484079
0 220 218 103.20469933659986
0 236 219 157.0046257607051
0 221 220 104.04410515283627
0 223 223 102.75529096883452
0 224 224 103.55686749354314
0 228 225 104.68912248656834
0 229 226 113.04710689178228
0 239 227 112.92098399170303
0 231 228 125.0414930136192
0 226 229 102.49173210202297
0 234 230 103.74551935753182
0 227 231 102.60851121657988
0 240 232 110.7590717853067
0 237 233 110.66188503369547
0 238 235 108.355407360581
0 250 236 103.38486960930673
0 235 237 108.09175252571099
0 242 238 110.49727017232532
0 232 239 184.25415478050294
0 243 240 105.91977676133475
0 230 241 248.51489929625137
0 244 242 105.78515731721905
0 233 244 143.336583575464
0 246 245 102.55391224048347
0 252 246 102.50473200767874
0 260 247 104.77571123318931
0 247 248 107.61352866227658
0 253 249 110.22351493185178
0 277 250 124.93148106199553
0 245 251 147.26268034113733
0 261 252 114.90549680491904
0 258 253 103.36348088382432
0 262 254 102.90572915072553
0 269 255 104.46800615878198
0 263 256 102.54623353273062
0 248 258 118.45998216027076
0 257 259 105.51463302518324
0 275 260 119.23534858638247
0 259 261 415.8108445626158
0 267 262 102.49603372886791
0 268 263 102.59886671204679
0 270 264 123.20707628532621
0 271 265 189.69390895578448
0 266 266 110.62975591540444
0 274 267 111.55843403684659
0 279 268 102.64804313205818
0 276 269 103.15663731277007
0 281 270 109.35469567006737
0 264 271 124.74122681272091
0 273 272 115.14463619032298
0 280 273 103.68741622282676
0 286 275 106.52860774102572
0 278 276 111.39227462659139
0 284 277 133.65363481504502
0 285 278 111.43158283878746
0 282 279 102.37704264802925
0 288 280 108.29120270042263
0 291 281 105.00248373959494
0 292 282 102.6245601260424
0 287 283 187.56652421692235
0 290 285 106.45107276135678
0 293 287 113.91543641231495
0 289 288 108.03157440808286
0 294 289 106.72181669401097
0 298 291 104.43229295990248
0 297 293 105.22036694385774
0 299 295 113.49150911525928
0 306 296 194.21803330060715
0 295 297 102.51016213529762
0 302 298 103.77822858900292
0 303 299 105.05401818462457
0 304 300 106.74680495407726
0 308 301 121.18061348945257
0 305 302 102.62255138386354
0 301 303 102.61868477654865
0 309 304 102.4931471533883
0 315 305 148.21017994800476
0 300 306 102.90259223853222
0 296 307 128.48883240637022
0 312 308 102.48762491759311
0 316 309 124.33907779344668
0 319 310 102.61936894396322
0 310 311 106.83128121258217
0 311 312 102.87957933788643
0 318 313 106.48447648704891
0 321 314 108.55569915582967
0 317 315 103.75982109283777
0 320 316 102.49803125914494
0 328 317 104.22877477319645
0 323 318 102.59461291349723
0 330 319 102.73732003135785
0 335 320 110.30874808711104
0 322 321 103.05427260633782
0 325 322 115.92140716840682
0 326 323 102.76725620226432
0 331 324 127.86566846810868
0 342 326 127.51836211890728
0 334 327 105.55353424254878
0 329 328 116.24743665819217
0 332 329 102.57616504712499
0 338 330 102.61608627885172
0 333 331 102.5187187286645
0 343 332 102.80131036435509
0 336 333 102.52590461430908
0 337 334 103.82623559953232
0 345 335 103.68676259633946
0 341 336 104.5924189956888
0 339 337 121.38587208769363
0 350 338 112.47323289509762
0 348 339 102.52458263645686
0 344 340 105.16839231837436
0 346 341 102.98657846246093
0 349 342 102.5009744707005
0 355 343 125.24360302476913
0 359 344 104.36086186518332
0 352 345 119.98592827841755
0 353 346 102.52961385266823
0 356 347 102.52629306925805
0 347 348 102.71704106241005
0 360 349 105.52434900390939
0 363 350 112.30560225505299
0 370 351 102.50517040493816
0 351 352 203.394968315492
0 368 353 102.5637928246617
0 358 354 118.12666490831975
0 369 355 102.51133341472057
0 361 356 102.59441842671586
0 365 357 102.52981435968489
0 362 358 103.9238185097354
0 373 359 102.52277828568992
0 374 360 108.20954624619874
0 367 361 102.90229559878618
0 376 362 108.4186162261101
0 380 363 110.90271279469124
0 377 364 102.49510073983441
0 378 365 102.73868524957366
0 371 366 194.2185729002536
0 381 367 109.30010979382696
0 394 368 104.86978455809334
0 379 369 102.51465949311593
0 392 370 104.41954694810931
0 383 371 102.50331663640952
0 386 372 125.17225979090824
0 387 373 102.73785478993082
0 388 374 102.87320165831157
0 382 375 102.98564284324372
0 384 376 108.35216033097454
0 385 377 103.57059297274827
0 393 378 102.55092837743929
0 389 379 102.53851837323944
0 391 380 102.49535120502118
0 402 382 105.2720494792969
0 390 383 102.6824582342627
0 400 384 105.18012828964216
0 397 385 106.17538920718313
0 404 386 103.77505751564338
0 405 387 102.57558179880051
0 406 388 102.59436823669843
0 410 389 102.55313491489827
0 415 390 102.51231680902337
0 411 391 105.92907256903578
0 423 393 104.98035484117021
0 403 394 102.71723601437766
0 409 395 105.9049803989619
0 401 396 102.49637186331509
0 408 397 108.28846275736817
0 417 398 102.49393609279598
0 418 399 104.7717199308192
0 419 400 102.68305526782937
0 412 401 107.0933886753758
0 425 403 102.50869650783878
0 427 404 105.12878627474484
0 430 405 104.9489711980493
0 426 406 105.93250373619263
0 424 407 103.53568229241105
0 431 408 116.6758256393095
0 432 409 102.44770971833196
0 428 410 108.82780143816646
0 429 411 102.69171617763303
0 433 412 122.05996918165509
0 434 415 108.66855881515293
0 436 416 102.49192619967677
0 439 418 103.09393342074627
0 443 420 103.09713269284929
0 437 421 109.93068107001925
0 435 422 107.23897549968999
0 445 424 117.38106670638788
0 441 425 102.9023965823375
0 446 426 103.4858370195229
0 444 427 102.57994064294911
0 450 428 103.60971807983903
0 447 429 107.87734997689383
0 457 430 102.56203098205197
0 448 431 102.5568523930215
0 454 432 102.50086801116602
0 455 433 102.54428426422994
0 451 435 103.59208030002478
0 452 436 102.49280904021734
0 453 437 102.79640991055656
0 449 438 145.76121133591815
0 458 439 103.08946110780941
0 460 441 113.12793811427859
0 462 442 112.7679548745786
0 465 443 102.49231439718992
0 461 444 115.25845054021767
0 459 445 103.66916904270971
0 470 446 126.05898856564946
0 463 447 102.68892542016717
0 464 448 102.49143782633713
0 471 449 102.51680182737498
0 468 450 104.40267188243925
0 469 451 108.12516268995856
0 473 452 116.47148901157682
0 472 453 103.36777320575708
0 478 455 104.96568841764807
0 474 456 102.55904664655735
0 475 457 102.49422412132051
0 477 458 129.97459806742648
0 480 460 102.49187610988928
0 481 461 102.53777888196329
0 479 462 112.78592160481067
0 482 463 111.90755942273599
0 483 464 102.50600337006219
0 484 465 102.49769311374904
0 485 466 104.6163612095733
0 487 467 143.818165842661
0 491 468 108.5420391679228
0 489 471 104.84673525705898
0 493 472 106.64657632156114
0 495 473 102.99699153448931
0 490 474 103.81846155236087
0 497 475 114.25925108680077
0 488 476 102.69793935874021
0 498 477 102.49231439718992
0 494 478 102.51489752583416
0 500 479 102.78116354351219
0 501 480 125.6174169671852
0 502 481 110.16933893534724
0 499 482 102.49852595735489
0 496 484 107.41635148159925
0 509 485 110.66224999571261
0 508 487 104.80064739817956
0 504 488 107.41133813008597
0 505 489 102.49725478044536
0 503 491 104.89033889702823
0 511 492 105.56586779852728
0 507 493 103.51983900055556
0 516 494 106.02037850121204
0 513 495 104.79111004067919
0 514 496 102.50693655759535
0 515 497 106.17787542812826
0 512 498 103.11462766983979
0 518 499 116.54303506471295
0 519 501 111.99478250014769
0 510 502 198.25820526934385
0 517 503 109.06256159351892
0 526 504 123.08805667979065
0 523 505 114.3507022795758
0 524 506 102.507813393579
0 536 507 139.94590418470986
0 522 508 102.79435664593383
0 528 509 110.44854686027203
0 531 510 102.53529101080761
0 532 511 102.49403001496307
0 538 512 116.63466096679483
0 527 513 105.17737207904909
0 534 515 102.7482365005272
0 535 516 105.3747066149554
0 537 517 102.87968027685726
0 529 518 117.49295380500133
0 540 519 107.47886853761754
0 541 520 155.0901012246386
0 543 521 102.5049762571178
0 544 522 102.80288515949745
0 539 523 102.53186333571453
0 545 524 102.32965460816334
0 546 525 110.366103274161
0 542 526 112.421546491008
0 547 530 102.52066702532447
0 550 531 102.56648899993613
0 551 532 102.4927589495669
0 552 533 102.53856224170113
0 554 534 104.80939422924169
0 555 535 103.81133101218549
0 556 537 119.31723852671811
0 558 539 102.53816742689719
0 557 540 102.5068363487238
0 560 541 102.4940801068559
0 561 542 102.64647935735334
0 562 543 102.49647205172789
0 564 544 136.14227881891338
0 559 545 102.49319724441817
0 566 546 113.41663606004995
0 565 547 102.49403001496307
0 563 548 160.09447714086033
0 572 549 102.51607517765018
0 571 551 102.53034696025605
0 568 552 124.97520193772014
0 569 553 102.32014357446981
0 574 554 123.87498895240114
0 575 555 102.52458263645686
0 567 556 103.75457217389777
0 573 557 128.19404371851923
0 576 558 102.51020597949969
0 579 559 144.74203732772904
0 581 560 105.61646752119825
0 582 561 102.89032414113106
0 583 563 103.4436035225494
0 584 564 103.42368235597557
0 585 565 102.51939529917624
0 587 566 118.79377264395265
0 586 567 123.79385920413608
0 588 568 102.5253595292633
0 594 569 203.052686029182
0 589 570 103.09437687235217
0 590 571 103.13597692124783
0 591 572 104.0112216849415
0 592 573 102.51323758384964
0 603 574 157.6300235995706
0 596 575 102.88939657988692
0 595 576 102.60346597959456
0 597 577 103.4677755713735
0 598 578 102.76244711495556
0 599 579 111.64149547237912
0 600 580 154.0187761498978
0 601 581 102.56120337581385
0 602 582 103.40547688806096
0 593 583 171.36225055786238
0 604 585 104.3161859553684
0 605 586 112.8455256992169
0 608 587 106.48741653187447
0 609 588 102.50898461932887
0 607 589 104.42348546505042
0 613 590 117.58968156644794
0 617 591 107.42076691946536
0 614 592 104.88073931311095
0 615 593 102.554206875035
0 616 594 121.51136258206547
0 612 595 119.25934340178117
0 606 597 103.33337459963221
0 610 598 164.64130795957905
0 620 599 115.11071261649862
0 621 600 103.64415368197031
0 619 601 180.2686728304858
0 623 603 102.49183228136538
0 625 605 104.86068683646874
0 622 606 178.6144881025992
0 631 607 139.65152411481995
0 626 608 104.75053840284365
0 628 609 102.49744889901733
0 627 610 111.03690802891013
0 630 611 104.6205037833011
0 632 613 102.50277805406935
0 633 614 102.75779582128986
0 634 615 102.55268983861836
0 638 616 148.74258413351887
0 635 618 102.57915037896386
0 636 619 115.0813951853286
0 637 620 104.30892851669415
0 642 621 103.28977738036559
0 639 622 102.53601793296845
0 641 623 136.2195450486534
0 643 624 102.5015067716901
0 640 625 112.88297260633249
0 644 626 110.44495505368859
0 647 627 123.76021735251261
0 649 628 126.57988746402947
0 648 629 102.47814709288198
0 650 630 102.49931497957157
0 651 631 102.55479614921693

220.0 37.0
495.0 68.0
507.0 68.0
90.0 72.0
490.0 75.0
512.0 77.0
491.0 86.0
507.0 87.0
508.0 92.0
488.0 93.0
499.0 94.0
433.0 101.0
480.0 102.0
515.0 103.0
563.0 104.0
455.0 105.0
473.0 105.0
446.0 106.0
460.0 106.0
547.0 107.0
534.0 108.0
427.0 110.0
420.0 115.0
567.0 115.0
446.0 116.0
576.0 118.0
448.0 121.0
419.0 122.0
426.0 122.0
607.0 123.0
545.0 124.0
576.0 125.0
571.0 126.0
434.0 127.0
419.0 128.0
498.0 129.0
426.0 130.0
576.0 131.0
439.0 133.0
557.0 133.0
464.0 134.0
552.0 134.0
517.0 135.0
529.0 135.0
257.0 136.0
246.0 137.0
262.0 137.0
432.0 137.0
476.0 138.0
573.0 138.0
241.0 139.0
268.0 139.0
448.0 139.0
464.0 140.0
486.0 140.0
528.0 140.0
546.0 140.0
560.0 140.0
507.0 142.0
453.0 143.0
476.0 143.0
518.0 143.0
275.0 144.0
235.0 145.0
422.0 145.0
567.0 145.0
440.0 146.0
537.0 146.0
554.0 147.0
432.0 148.0
452.0 148.0
279.0 149.0
140.0 150.0
238.0 150.0
147.0 151.0
252.0 151.0
559.0 151.0
131.0 152.0
423.0 152.0
494.0 152.0
536.0 152.0
526.0 153.0
152.0 154.0
232.0 154.0
404.0 155.0
432.0 155.0
485.0 155.0
503.0 155.0
283.0 156.0
399.0 156.0
566.0 156.0
118.0 157.0
274.0 157.0
423.0 157.0
442.0 157.0
456.0 157.0
494.0 157.0
254.0 159.0
231.0 160.0
112.0 161.0
125.0 161.0
148.0 161.0
161.0 161.0
241.0 161.0
534.0 161.0
271.0 162.0
395.0 162.0
427.0 162.0
524.0 164.0
449.0 165.0
476.0 165.0
492.0 165.0
513.0 165.0
284.0 166.0
503.0 166.0
360.0 167.0
365.0 167.0
434.0 167.0
508.0 167.0
246.0 168.0
261.0 168.0
560.0 168.0
135.0 170.0
237.0 170.0
348.0 170.0
373.0 170.0
540.0 170.0
152.0 171.0
442.0 171.0
530.0 171.0
167.0 172.0
230.0 172.0
343.0 172.0
453.0 173.0
260.0 174.0
392.0 174.0
108.0 175.0
460.0 175.0
478.0 175.0
548.0 175.0
282.0 176.0
473.0 176.0
147.0 177.0
340.0 177.0
532.0 178.0
508.0 179.0
108.0 180.0
123.0 180.0
159.0 180.0
257.0 180.0
384.0 181.0
459.0 182.0
587.0 182.0
243.0 183.0
485.0 183.0
270.0 184.0
135.0 185.0
284.0 185.0
441.0 186.0
166.0 187.0
178.0 187.0
257.0 187.0
402.0 187.0
535.0 187.0
519.0 188.0
456.0 189.0
496.0 190.0
290.0 191.0
469.0 191.0
389.0 192.0
485.0 192.0
113.0 194.0
265.0 194.0
234.0 195.0
274.0 195.0
575.0 195.0
505.0 196.0
167.0 197.0
183.0 197.0
197.0 197.0
341.0 198.0
553.0 198.0
120.0 199.0
141.0 199.0
425.0 199.0
438.0 199.0
532.0 199.0
228.0 200.0
455.0 200.0
493.0 200.0
204.0 201.0
586.0 201.0
175.0 202.0
223.0 202.0
508.0 202.0
269.0 203.0
463.0 203.0
468.0 203.0
474.0 203.0
115.0 206.0
124.0 206.0
292.0 206.0
338.0 206.0
343.0 207.0
535.0 207.0
158.0 208.0
216.0 208.0
238.0 208.0
423.0 208.0
505.0 208.0
139.0 210.0
192.0 210.0
228.0 210.0
514.0 210.0
30.0 211.0
120.0 211.0
441.0 211.0
451.0 211.0
35.0 212.0
244.0 212.0
271.0 213.0
420.0 213.0
479.0 213.0
286.0 214.0
505.0 214.0
21.0 215.0
138.0 215.0
197.0 215.0
430.0 215.0
463.0 215.0
494.0 215.0
40.0 216.0
132.0 216.0
468.0 216.0
227.0 217.0
182.0 218.0
211.0 218.0
474.0 218.0
522.0 218.0
114.0 219.0
285.0 219.0
167.0 220.0
238.0 220.0
537.0 220.0
20.0 221.0
221.0 221.0
447.0 221.0
578.0 221.0
137.0 223.0
474.0 223.0
479.0 223.0
195.0 224.0
231.0 224.0
441.0 224.0
456.0 224.0
120.0 225.0
280.0 225.0
156.0 226.0
172.0 226.0
430.0 226.0
521.0 226.0
484.0 227.0
474.0 228.0
530.0 228.0
38.0 229.0
138.0 229.0
223.0 229.0
231.0 229.0
540.0 229.0
242.0 230.0
50.0 231.0
258.0 231.0
464.0 231.0
28.0 232.0
165.0 232.0
197.0 232.0
214.0 232.0
499.0 232.0
119.0 233.0
175.0 233.0
476.0 233.0
486.0 233.0
234.0 234.0
273.0 234.0
528.0 235.0
58.0 236.0
429.0 236.0
509.0 236.0
20.0 237.0
164.0 237.0
185.0 237.0
209.0 237.0
290.0 237.0
458.0 237.0
219.0 238.0
244.0 238.0
437.0 238.0
447.0 238.0
536.0 239.0
142.0 240.0
155.0 240.0
193.0 241.0
226.0 241.0
490.0 241.0
510.0 241.0
128.0 242.0
177.0 242.0
234.0 242.0
470.0 242.0
260.0 243.0
522.0 243.0
255.0 244.0
281.0 244.0
422.0 244.0
14.0 246.0
184.0 246.0
222.0 246.0
162.0 247.0
210.0 247.0
430.0 247.0
490.0 247.0
501.0 247.0
24.0 248.0
146.0 248.0
197.0 248.0
234.0 249.0
246.0 249.0
269.0 249.0
455.0 249.0
460.0 249.0
438.0 251.0
521.0 251.0
215.0 252.0
492.0 252.0
534.0 252.0
182.0 253.0
425.0 253.0
156.0 254.0
220.0 254.0
415.0 254.0
468.0 254.0
47.0 255.0
107.0 255.0
116.0 256.0
478.0 256.0
30.0 257.0
168.0 257.0
542.0 257.0
20.0 258.0
514.0 258.0
102.0 259.0
425.0 260.0
445.0 260.0
458.0 260.0
438.0 261.0
468.0 261.0
535.0 261.0
484.0 262.0
66.0 263.0
123.0 263.0
230.0 263.0
89.0 264.0
246.0 264.0
503.0 264.0
524.0 264.0
74.0 265.0
415.0 267.0
539.0 267.0
490.0 268.0
516.0 268.0
38.0 269.0
120.0 269.0
311.0 269.0
458.0 269.0
479.0 269.0
550.0 269.0
447.0 271.0
147.0 272.0
524.0 272.0
471.0 273.0
510.0 273.0
24.0 274.0
119.0 274.0
162.0 274.0
460.0 274.0
106.0 276.0
495.0 276.0
19.0 277.0
537.0 277.0
48.0 278.0
414.0 278.0
428.0 278.0
93.0 279.0
132.0 280.0
157.0 280.0
317.0 280.0
514.0 281.0
308.0 282.0
474.0 282.0
255.0 283.0
322.0 283.0
91.0 284.0
285.0 284.0
71.0 285.0
187.0 285.0
344.0 285.0
8.0 286.0
51.0 286.0
440.0 286.0
80.0 287.0
544.0 287.0
158.0 288.0
170.0 288.0
417.0 288.0
125.0 290.0
471.0 290.0
53.0 291.0
59.0 291.0
291.0 291.0
492.0 291.0
223.0 293.0
415.0 293.0
527.0 293.0
68.0 295.0
202.0 295.0
427.0 295.0
459.0 295.0
514.0 295.0
33.0 296.0
135.0 296.0
300.0 297.0
434.0 297.0
485.0 297.0
545.0 297.0
312.0 298.0
506.0 298.0
527.0 298.0
192.0 299.0
218.0 299.0
281.0 299.0
43.0 300.0
516.0 300.0
69.0 301.0
536.0 301.0
183.0 302.0
448.0 302.0
473.0 302.0
10.0 303.0
244.0 303.0
254.0 303.0
415.0 303.0
53.0 304.0
217.0 304.0
222.0 304.0
291.0 304.0
542.0 304.0
27.0 305.0
208.0 306.0
435.0 306.0
455.0 306.0
483.0 306.0
529.0 306.0
507.0 307.0
522.0 307.0
13.0 308.0
247.0 308.0
489.0 308.0
45.0 309.0
141.0 310.0
233.0 310.0
281.0 310.0
345.0 310.0
414.0 310.0
59.0 311.0
464.0 312.0
267.0 313.0
304.0 313.0
322.0 313.0
419.0 313.0
525.0 314.0
74.0 315.0
513.0 315.0
133.0 316.0
444.0 316.0
456.0 316.0
482.0 316.0
535.0 316.0
174.0 317.0
205.0 318.0
497.0 318.0
63.0 319.0
470.0 319.0
365.0 320.0
58.0 321.0
88.0 321.0
197.0 321.0
281.0 321.0
46.0 322.0
191.0 322.0
293.0 322.0
324.0 323.0
345.0 323.0
457.0 323.0
508.0 324.0
77.0 325.0
268.0 325.0
536.0 325.0
334.0 326.0
309.0 327.0
438.0 327.0
465.0 327.0
514.0 327.0
68.0 328.0
365.0 328.0
531.0 328.0
503.0 329.0
476.0 330.0
60.0 331.0
285.0 331.0
337.0 331.0
449.0 332.0
50.0 334.0
90.0 334.0
315.0 334.0
308.0 335.0
517.0 335.0
337.0 336.0
38.0 337.0
289.0 337.0
82.0 338.0
295.0 338.0
300.0 338.0
478.0 338.0
507.0 338.0
71.0 339.0
135.0 340.0
320.0 340.0
63.0 341.0
91.0 341.0
328.0 341.0
381.0 341.0
56.0 346.0
332.0 346.0
64.0 347.0
45.0 348.0
284.0 348.0
78.0 349.0
450.0 349.0
306.0 351.0
343.0 351.0
296.0 352.0
63.0 353.0
322.0 353.0
48.0 355.0
71.0 355.0
120.0 357.0
500.0 358.0
59.0 359.0
288.0 360.0
50.0 361.0
316.0 362.0
308.0 365.0
303.0 366.0
103.0 367.0
81.0 375.0
59.0 384.0

227.0 27.0
519.0 57.0
525.0 57.0
95.0 61.0
511.0 65.0
534.0 66.0
512.0 77.0
529.0 78.0
530.0 83.0
509.0 83.0
522.0 84.0
451.0 92.0
502.0 91.0
537.0 94.0
582.0 95.0
472.0 95.0
495.0 95.0
464.0 97.0
477.0 98.0
566.0 99.0
554.0 99.0
448.0 101.0
439.0 106.0
587.0 107.0
464.0 106.0
597.0 110.0
472.0 111.0
438.0 114.0
444.0 113.0
618.0 117.0
566.0 112.0
597.0 117.0
592.0 117.0
454.0 116.0
438.0 120.0
521.0 119.0
447.0 120.0
599.0 123.0
460.0 123.0
583.0 122.0
488.0 124.0
575.0 127.0
542.0 125.0
553.0 125.0
268.0 126.0
259.0 127.0
273.0 127.0
454.0 128.0
499.0 127.0
595.0 130.0
254.0 129.0
278.0 129.0
470.0 129.0
488.0 129.0
512.0 131.0
552.0 131.0
570.0 130.0
584.0 132.0
530.0 133.0
475.0 135.0
499.0 133.0
541.0 133.0
288.0 135.0
246.0 138.0
441.0 135.0
590.0 136.0
461.0 136.0
562.0 136.0
578.0 139.0
452.0 139.0
471.0 141.0
293.0 141.0
148.0 140.0
251.0 140.0
153.0 140.0
266.0 142.0
583.0 143.0
143.0 141.0
441.0 140.0
518.0 141.0
560.0 143.0
547.0 145.0
163.0 143.0
244.0 148.0
412.0 149.0
452.0 146.0
507.0 147.0
527.0 145.0
296.0 147.0
406.0 150.0
588.0 149.0
126.0 148.0
287.0 149.0
429.0 148.0
463.0 148.0
479.0 148.0
518.0 148.0
268.0 150.0
243.0 154.0
122.0 153.0
136.0 151.0
159.0 151.0
170.0 149.0
254.0 151.0
558.0 153.0
284.0 160.0
403.0 155.0
443.0 151.0
547.0 155.0
471.0 155.0
499.0 156.0
514.0 156.0
540.0 161.0
298.0 156.0
526.0 157.0
369.0 160.0
374.0 160.0
456.0 159.0
531.0 158.0
259.0 159.0
274.0 157.0
582.0 159.0
148.0 159.0
250.0 161.0
356.0 163.0
380.0 163.0
562.0 162.0
163.0 161.0
461.0 161.0
553.0 162.0
179.0 164.0
242.0 163.0
351.0 164.0
469.0 163.0
275.0 162.0
401.0 167.0
118.0 164.0
480.0 167.0
502.0 167.0
563.0 167.0
295.0 168.0
496.0 167.0
159.0 167.0
348.0 170.0
550.0 170.0
526.0 170.0
118.0 169.0
134.0 170.0
170.0 170.0
270.0 171.0
393.0 175.0
476.0 173.0
597.0 177.0
255.0 174.0
503.0 175.0
283.0 176.0
146.0 175.0
297.0 177.0
460.0 174.0
177.0 178.0
190.0 179.0
271.0 179.0
409.0 181.0
553.0 180.0
536.0 180.0
472.0 182.0
515.0 182.0
304.0 183.0
487.0 183.0
397.0 185.0
505.0 184.0
124.0 187.0
279.0 186.0
246.0 186.0
288.0 186.0
585.0 189.0
524.0 188.0
179.0 188.0
193.0 187.0
208.0 188.0
348.0 192.0
569.0 186.0
129.0 189.0
153.0 190.0
441.0 196.0
456.0 190.0
549.0 192.0
238.0 192.0
471.0 193.0
513.0 192.0
217.0 195.0
595.0 193.0
187.0 193.0
231.0 195.0
528.0 194.0
283.0 195.0
478.0 195.0
487.0 200.0
492.0 195.0
125.0 197.0
135.0 197.0
306.0 199.0
346.0 199.0
351.0 201.0
555.0 199.0
169.0 199.0
226.0 200.0
251.0 199.0
440.0 201.0
525.0 200.0
150.0 201.0
202.0 205.0
239.0 200.0
534.0 202.0
40.0 200.0
129.0 203.0
450.0 199.0
466.0 203.0
45.0 200.0
258.0 204.0
284.0 205.0
437.0 207.0
499.0 204.0
298.0 205.0
525.0 212.0
33.0 204.0
148.0 208.0
209.0 207.0
448.0 208.0
479.0 210.0
514.0 208.0
52.0 205.0
143.0 207.0
486.0 211.0
247.0 207.0
194.0 210.0
222.0 210.0
494.0 210.0
538.0 210.0
124.0 210.0
299.0 211.0
179.0 213.0
251.0 212.0
556.0 214.0
31.0 209.0
236.0 211.0
464.0 214.0
586.0 215.0
148.0 213.0
494.0 215.0
499.0 215.0
209.0 215.0
245.0 216.0
459.0 217.0
471.0 217.0
132.0 216.0
293.0 217.0
167.0 218.0
186.0 217.0
446.0 218.0
540.0 219.0
504.0 219.0
493.0 220.0
545.0 221.0
50.0 219.0
150.0 221.0
237.0 221.0
242.0 221.0
558.0 222.0
255.0 221.0
61.0 221.0
271.0 223.0
484.0 224.0
39.0 221.0
180.0 219.0
211.0 224.0
223.0 225.0
519.0 225.0
128.0 224.0
188.0 224.0
496.0 225.0
502.0 226.0
247.0 225.0
286.0 226.0
544.0 228.0
71.0 227.0
445.0 229.0
528.0 230.0
32.0 227.0
177.0 228.0
199.0 228.0
222.0 230.0
304.0 233.0
476.0 230.0
234.0 229.0
257.0 230.0
454.0 231.0
462.0 230.0
553.0 233.0
153.0 231.0
167.0 231.0
207.0 234.0
240.0 233.0
509.0 232.0
529.0 235.0
139.0 235.0
190.0 234.0
247.0 234.0
489.0 235.0
276.0 237.0
541.0 237.0
270.0 236.0
293.0 236.0
438.0 237.0
25.0 235.0
198.0 238.0
234.0 239.0
176.0 241.0
222.0 236.0
447.0 240.0
509.0 237.0
521.0 240.0
37.0 239.0
157.0 240.0
209.0 239.0
246.0 242.0
259.0 242.0
281.0 240.0
470.0 243.0
478.0 245.0
455.0 244.0
539.0 244.0
222.0 241.0
510.0 245.0
551.0 249.0
193.0 245.0
440.0 249.0
168.0 246.0
230.0 247.0
429.0 247.0
487.0 247.0
60.0 246.0
121.0 247.0
127.0 247.0
497.0 249.0
41.0 248.0
180.0 249.0
560.0 253.0
32.0 249.0
532.0 251.0
115.0 250.0
440.0 254.0
459.0 254.0
475.0 254.0
454.0 255.0
486.0 256.0
551.0 255.0
502.0 259.0
77.0 254.0
136.0 255.0
243.0 253.0
101.0 255.0
258.0 257.0
522.0 257.0
542.0 257.0
86.0 256.0
430.0 260.0
554.0 261.0
508.0 262.0
535.0 261.0
50.0 260.0
134.0 263.0
322.0 263.0
475.0 262.0
497.0 262.0
567.0 263.0
464.0 264.0
157.0 265.0
543.0 266.0
489.0 267.0
526.0 265.0
35.0 265.0
127.0 268.0
173.0 267.0
477.0 268.0
118.0 268.0
513.0 270.0
29.0 269.0
554.0 272.0
61.0 269.0
427.0 272.0
444.0 272.0
105.0 271.0
141.0 272.0
168.0 272.0
329.0 269.0
532.0 273.0
323.0 276.0
493.0 276.0
267.0 277.0
334.0 276.0
103.0 276.0
297.0 278.0
83.0 277.0
198.0 277.0
360.0 278.0
16.0 278.0
63.0 278.0
459.0 280.0
92.0 279.0
561.0 282.0
169.0 281.0
180.0 281.0
430.0 282.0
134.0 283.0
490.0 283.0
65.0 283.0
74.0 284.0
307.0 284.0
510.0 284.0
234.0 286.0
428.0 287.0
544.0 288.0
80.0 288.0
214.0 289.0
443.0 289.0
476.0 288.0
534.0 289.0
45.0 288.0
144.0 290.0
318.0 289.0
451.0 291.0
500.0 291.0
562.0 291.0
329.0 291.0
526.0 289.0
544.0 293.0
201.0 293.0
231.0 292.0
294.0 292.0
54.0 292.0
535.0 294.0
80.0 293.0
554.0 295.0
192.0 295.0
465.0 295.0
490.0 295.0
21.0 295.0
256.0 296.0
269.0 296.0
428.0 294.0
65.0 296.0
224.0 298.0
232.0 297.0
308.0 297.0
554.0 300.0
37.0 297.0
219.0 300.0
451.0 300.0
471.0 300.0
501.0 301.0
547.0 299.0
526.0 300.0
540.0 300.0
24.0 301.0
262.0 300.0
507.0 302.0
57.0 303.0
150.0 303.0
245.0 303.0
299.0 302.0
362.0 304.0
430.0 304.0
73.0 303.0
482.0 305.0
282.0 306.0
323.0 306.0
340.0 306.0
435.0 307.0
542.0 307.0
86.0 308.0
531.0 309.0
143.0 309.0
461.0 310.0
474.0 310.0
500.0 310.0
554.0 311.0
184.0 310.0
214.0 313.0
515.0 312.0
76.0 311.0
488.0 314.0
382.0 314.0
69.0 314.0
100.0 314.0
207.0 315.0
298.0 315.0
58.0 314.0
199.0 315.0
311.0 315.0
343.0 316.0
362.0 317.0
474.0 317.0
526.0 317.0
89.0 318.0
283.0 318.0
552.0 319.0
351.0 319.0
327.0 320.0
461.0 324.0
481.0 321.0
532.0 321.0
79.0 322.0
382.0 322.0
540.0 327.0
521.0 324.0
494.0 324.0
71.0 325.0
301.0 325.0
355.0 325.0
466.0 326.0
61.0 327.0
101.0 327.0
333.0 323.0
325.0 329.0
534.0 329.0
355.0 330.0
49.0 331.0
307.0 330.0
93.0 332.0
312.0 333.0
317.0 332.0
495.0 332.0
524.0 332.0
82.0 332.0
151.0 330.0
335.0 331.0
74.0 335.0
102.0 335.0
343.0 334.0
395.0 336.0
65.0 340.0
348.0 335.0
75.0 344.0
55.0 342.0
301.0 342.0
89.0 342.0
467.0 343.0
323.0 345.0
361.0 345.0
312.0 346.0
73.0 351.0
338.0 346.0
58.0 349.0
82.0 349.0
130.0 354.0
513.0 353.0
68.0 354.0
303.0 354.0
59.0 354.0
331.0 356.0
323.0 359.0
317.0 360.0
115.0 360.0
93.0 369.0
70.0 379.0
