0 0 0 208.10587822384286
0 2 2 203.99717201815437
0 3 4 200.89692971847253
0 5 6 146.1154789489993
0 8 7 186.95132853857692
0 7 8 134.49305141541353
0 9 9 115.49353696795404
0 10 10 135.44142502210372
0 12 11 162.7089819011985
0 11 12 104.35146279560917
0 13 13 109.34385537416469
0 15 14 158.07471862176675
0 16 15 124.12669445701579
0 18 16 112.76741671907166
0 21 17 104.02510012682255
0 20 18 144.03199929671874
0 17 19 143.06113808756572
0 19 20 117.1601314031339
0 22 21 133.4263814685652
0 25 23 104.89159143134823
0 24 24 112.33329664152072
0 26 25 154.38480513091665
0 27 27 125.31780767993988
0 30 28 107.8975667376478
0 28 29 122.65777262435418
0 31 30 331.7952657536696
0 33 31 116.85767034622774
0 36 33 191.45931499142398
0 32 34 124.32620576970803
0 35 36 103.72291667040186
0 38 39 153.26462138635597
0 34 40 118.36766341769476
0 40 42 202.85033883320662
0 37 44 102.97651512612664
0 39 45 111.3832893491076
0 42 47 324.2898097245293
0 41 48 109.66063291482601
0 48 49 194.34113966052305
0 43 50 105.36360211392702
0 47 54 104.6520829313883
0 44 55 112.82980874460446
0 45 56 173.13905517674672
0 46 57 185.29834449652117
0 50 58 162.1841222850798
0 51 59 204.31209015871886
0 52 60 108.8105230880025
0 49 61 108.80922461016745
0 62 62 278.900726035223
0 57 64 196.0961049061499
0 53 65 108.0193604360122
0 54 66 105.59823965336881
0 58 67 106.25744218442779
0 59 69 111.52773951731187
0 55 70 147.51519623480155
0 61 72 104.83963310787614
0 63 73 115.46473942069753
0 65 74 107.23835172997838
0 66 75 105.70150762418302
0 67 76 158.77243056386249
0 68 77 146.11911851338579
0 70 78 235.38400195072842
0 75 79 285.71679642995696
0 71 80 104.68886771745638
0 72 81 118.36703708480351
0 81 82 128.71278514938876
0 78 83 103.35411416093305
0 73 84 111.82083729181245
0 80 85 128.94161257406248
0 79 87 118.48461142922156
0 77 88 159.63198246535134
0 83 89 103.14158193062917
0 87 90 298.5202291691985
0 76 91 148.05273493395072
0 84 93 137.21325807979156
0 86 94 118.75616043632506
0 74 96 309.2666160230746
0 85 97 118.48420978292535
0 96 98 131.71768420414637
0 112 99 128.39121156367725
0 93 100 103.26982006218022
0 94 101 115.03289986342547
0 91 102 115.33432499731553
0 97 103 158.76440732723748
0 111 104 130.3658347536994
0 107 105 407.0365195756583
0 89 106 171.58758146137515
0 100 107 106.4120404843858
0 104 108 252.5848475131018
0 101 109 103.55103830228107
0 98 110 103.37156271797967
0 106 111 188.96680964674576
0 103 112 103.14900760398275
0 120 113 127.44346549393146
0 108 114 119.17935306270726
0 102 115 108.61623072154703
0 105 116 103.45479819791055
0 109 117 123.9055910191796
0 110 118 103.19446003518912
0 115 119 262.6494565674708
0 116 120 116.21368940429771
0 123 121 106.7315865254904
0 136 122 104.15142081952462
0 121 124 106.63432106362696
0 124 126 106.58347963993964
0 125 127 103.51757150669407
0 126 128 110.08437878354817
0 132 129 132.07675326345907
0 133 130 187.45781778534683
0 130 131 148.007556519068
0 146 132 131.4966107747298
0 147 133 158.63295084597635
0 128 134 116.00219154683546
0 131 135 162.00341287173302
0 145 136 104.0775969544745
0 135 137 105.32507216718001
0 153 138 229.58208579420122
0 129 139 120.94947394829309
0 134 140 103.14378859465832
0 138 141 104.46940475062227
0 156 143 113.48647304925441
0 143 144 122.77304118160342
0 137 145 103.56116310707144
0 142 147 112.99336979848754
0 148 148 121.60856405525597
0 149 149 103.73517888105827
0 155 150 170.5053609358009
0 152 151 195.96618777026475
0 150 152 105.44376849932327
0 164 153 152.0620378298506
0 154 154 125.44885316384709
0 165 155 178.09661678107753
0 158 156 117.66332633454668
0 166 157 156.83538554113588
0 163 158 113.44178219972123
0 157 159 158.63409079025462
0 161 160 103.58546048568404
0 182 162 106.8929350139844
0 171 163 120.97473941228681
0 159 164 199.36376008733535
0 167 165 139.40635444487995
0 168 166 103.17561817554991
0 169 167 109.31523620537604
0 172 168 103.63457598301939
0 179 170 107.56812859640435
0 190 171 228.21468145438496
0 177 172 103.1454690199622
0 180 173 107.88933064975717
0 181 174 103.18521276594437
0 184 175 105.43698281035432
0 183 176 114.10668882254458
0 176 177 103.17709024549029
0 188 178 133.04823402293837
0 196 179 187.3364553812896
0 185 180 103.64128530836206
0 186 181 122.82726763912515
0 187 182 103.34465364771994
0 201 183 103.29218117130361
0 195 185 118.4133284106245
0 194 186 104.35091110725483
0 200 187 104.2589451370232
0 197 188 107.7922507640674
0 202 190 124.96954199926644
0 211 191 103.20735312626839
0 205 192 106.3722207548
0 191 193 164.17704392748473
0 207 194 104.73480498707796
0 208 195 103.61455560414623
0 209 196 103.98210318558463
0 213 197 224.0591144123098
0 212 198 108.35618415728592
0 215 199 103.15451255063203
0 216 200 103.89983830304277
0 219 201 103.58822983164305
0 231 202 103.41529914017298
0 218 204 117.29898256660461
0 221 205 103.69121639102352
0 222 206 236.15208662955402
0 220 207 114.27379654594749
0 227 208 135.79547588429017
0 228 209 114.5017847634395
0 232 210 108.64466793185102
0 223 211 105.0357866473105
0 238 212 103.66778538937638
0 229 213 175.20579131386464
0 230 214 104.07204469314775
0 240 215 129.1896860878121
0 226 216 119.75351522042801
0 234 217 103.19525346081313
0 235 218 110.0695226028007
0 245 219 221.97058441402083
0 233 220 143.6125631683415
0 244 221 121.0561542664295
0 239 223 107.25093820189345
0 237 224 107.12734727956743
0 249 225 183.66313525367235
0 252 226 121.26830981894197
0 253 227 124.01009039012155
0 242 228 188.52751199814904
0 243 229 103.14477781952891
0 246 230 124.04842654541521
0 247 231 104.4318964281975
0 248 232 120.59300489072122
0 241 233 133.74237549930535
0 259 235 118.67719602861995
0 251 237 106.09699861355388
0 250 238 113.80180291154403
0 258 240 104.27972737327802
0 254 242 105.857877549434
0 269 243 260.2438942669832
0 257 245 104.20427177977574
0 263 246 103.27923508974104
0 270 247 225.3931381657464
0 255 248 107.77174114482217
0 260 249 121.47527310949164
0 256 250 208.40220100796202
0 274 252 132.2617252171703
0 261 253 118.55846856400174
0 265 254 128.41221190000095
0 276 255 113.92967009714354
0 264 256 103.21547406250124
0 272 257 204.69942441610414
0 266 259 108.45729069974384
0 282 260 158.55424433105233
0 267 261 135.45032596629326
0 284 262 103.18009162165933
0 279 263 103.84915975307283
0 271 264 121.16461550572232
0 268 265 120.62308205873205
0 277 266 107.11683463326094
0 285 267 182.29450598357687
0 278 268 103.20184253854194
0 293 269 111.52406976449694
0 287 270 242.58159479042595
0 280 272 121.79595356902124
0 281 273 104.18733034534765
0 291 274 125.65840049708466
0 288 276 110.38424961980857
0 286 277 188.39090390312361
0 289 279 105.89266105203576
0 292 280 108.99258097306507
0 294 281 112.42868087948293
0 295 282 103.5407173859271
0 298 283 127.59432690543136
0 308 285 131.4762277709138
0 299 287 109.95117763948076
0 304 288 103.30869276930974
0 301 289 144.35935370658112
0 297 291 107.95777622842458
0 305 292 103.17428573466746
0 303 293 112.13559242281413
0 306 294 107.61029833395722
0 302 295 127.4511235374209
0 310 296 159.7037052267569
0 312 298 103.6101147910196
0 309 299 111.42371601710073
0 326 300 155.76802199906004
0 316 302 103.27632330434673
0 311 303 103.73844373438254
0 321 304 103.14586218397501
0 314 305 103.96916399940682
0 319 307 110.58365627954755
0 320 308 103.158800220248
0 307 309 130.0700742824918
0 323 310 106.16501553095019
0 324 311 105.43291446645769
0 325 312 103.15225469037905
0 322 313 110.40472679080946
0 317 314 126.79960614555625
0 327 315 110.56351342953428
0 328 316 103.14650266725293
0 334 317 140.24632277153995
0 330 318 103.87620359746208
0 329 319 120.10681974165016
0 318 320 122.3768209308134
0 335 322 108.50183064166848
0 336 323 103.18998534311443
0 339 324 118.68969732642111
0 340 325 124.99815414591492
0 331 326 115.85851838495704
0 332 327 185.83401869614363
0 337 328 112.44283179641548
0 345 329 103.17748365060446
0 338 330 104.67958582183586
0 348 331 103.70090711937708
0 344 332 114.86730966518908
0 347 333 103.16534023708846
0 352 334 103.21291509950379
0 354 335 103.30726147040971
0 357 336 119.06790835785348
0 333 337 143.40802558317688
0 343 338 112.78306322304394
0 361 339 103.24318629589115
0 356 340 105.42868743193992
0 358 341 104.37106125159303
0 350 342 103.15820398449813
0 365 343 133.40653091187602
0 351 344 119.43205829251586
0 364 345 115.66101865043521
0 362 346 103.4200292743277
0 363 347 103.5258116076629
0 369 349 106.01203796467342
0 378 350 131.8353886984022
0 370 351 106.58724451029073
0 375 352 117.6561557319101
0 371 353 103.93898079157773
0 355 354 131.99541102151034
0 367 355 103.453713707419
0 380 357 103.21508036762724
0 377 358 103.44843830447128
0 383 359 103.34091066580638
0 384 360 103.28307533725243
0 385 361 103.17311194621269
0 379 362 112.38858336406446
0 372 363 119.20959309032378
0 381 364 103.15225469037905
0 373 365 127.14137473545392
0 382 367 115.9074802575701
0 393 369 103.9675339419232
0 387 370 105.2787809229298
0 397 371 103.18039621081839
0 402 372 132.60000790357637
0 392 373 104.26839882854469
0 391 374 103.4153883839823
0 396 375 162.6103229523304
0 400 376 116.08752237460105
0 401 377 108.30277210083692
0 394 378 103.20268051624666
0 404 380 103.1641095595256
0 395 382 122.55160000934995
0 403 384 104.01394290906458
0 408 385 109.09381511642235
0 406 386 107.9043119685289
0 410 387 106.67449330426999
0 407 388 103.22728630544043
0 409 389 107.28914759655453
0 411 390 103.4219546010773
0 418 391 268.6729413863502
0 419 392 108.3525661990329
0 412 393 103.57108529086668
0 420 394 103.50202109200536
0 422 395 104.68287773438145
0 416 396 140.62829704652526
0 427 397 107.53125028641837
0 421 398 103.14438466378266
0 414 399 103.77718224175499
0 405 400 148.17844952949068
0 431 401 103.69270321054485
0 424 403 103.23753212247652
0 426 404 123.5899512504804
0 430 405 108.10814851214829
0 425 406 153.91863619036786
0 439 408 158.3360442734987
0 444 409 103.63620201837507
0 433 410 120.68821248793637
0 435 411 103.22487918285488
0 434 412 129.07750051258733
0 436 414 120.86276910566376
0 438 415 117.49233669479271
0 449 416 103.13838623976928
0 442 418 108.66870662651
0 443 420 103.21478827337116
0 440 421 109.69211545029873
0 458 424 163.90349659873115
0 451 425 103.33810360729538
0 445 426 117.39136610458031
0 457 427 103.18811941596904
0 447 428 106.88432044343838
0 455 430 103.71752401137644
0 460 431 103.16583505386913
0 456 432 103.1694194453496
0 453 433 103.40597401108562
0 461 435 105.04680242201235
0 463 436 103.1396163036816
0 464 437 103.40474395898673
0 465 438 118.53704964608558
0 454 439 193.663251910087
0 467 441 110.63645311101256
0 459 442 103.40652212662758
0 474 443 103.13991431327143
0 468 444 117.11528052368013
0 476 445 104.76292705235937
0 486 446 137.15954792952002
0 479 447 103.52369077414447
0 480 448 103.13848134675716
0 469 449 110.03431567826819
0 483 451 104.77596642515901
0 473 452 119.23267085206307
0 485 453 104.07516292512888
0 475 455 111.76789457432716
0 487 456 103.72024271349483
0 491 457 103.15284451512086
0 477 458 117.90264320028786
0 481 459 119.4396340696369
0 499 460 103.1412331848972
0 482 461 103.43373763236153
0 500 462 106.9816675177308
0 504 463 107.65576855071355
0 492 464 143.69332571638043
0 484 465 103.20415335852391
0 501 466 109.44896349701932
0 494 467 115.91278954765716
0 489 468 120.29899907243976
0 510 471 149.0873283978246
0 519 472 107.11647216501585
0 498 473 103.46703537796867
0 496 474 103.19357141297472
0 497 475 107.32235857948913
0 525 477 133.0401101608998
0 506 478 103.4024305205876
0 503 479 103.4845540019331
0 509 480 113.3646766377917
0 490 481 129.58182921123165
0 514 482 103.1278114368174
0 507 483 120.55322273266644
0 526 487 118.86596092401808
0 522 488 113.19063818808795
0 520 489 103.33332368400451
0 527 491 114.87125779703358
0 512 492 114.95168727130462
0 542 493 111.08774806044228
0 513 494 113.59026325221859
0 541 495 109.07618981366201
0 516 496 105.13795693328491
0 517 497 104.46855908596386
0 537 499 136.9243723142598
0 538 501 117.66770834129663
0 523 502 108.3715334248594
0 546 503 111.99233038974256
0 545 504 113.94319539277976
0 543 505 111.51572290298203
0 530 506 106.26180324028141
0 536 507 135.97261228983052
0 553 509 107.06260110974316
0 539 510 103.23545484579213
0 521 511 105.35973130945445
0 533 512 113.10274790903843
0 518 513 155.77055293888372
0 531 515 104.02505497718788
0 535 516 119.50919586383976
0 554 518 164.56250008582603
0 540 519 114.24078859107587
0 574 520 110.28281851042085
0 563 521 124.06072737678939
0 560 522 103.23325060996487
0 544 523 127.23355258093771
0 557 524 103.97491148736002
0 549 525 109.1551686099359
0 582 526 151.11519996498012
0 578 527 114.94725320230552
0 575 529 112.25993598382118
0 550 530 103.18614566852253
0 572 531 105.00283204206819
0 561 532 103.14983838201752
0 564 533 103.2074039178323
0 562 534 109.74202550676131
0 555 535 108.11489919738109
0 585 537 111.54248027072488
0 559 539 104.94186832026118
0 587 540 103.14978764709737
0 565 541 103.15200734652701
0 566 542 103.42313405850037
0 567 543 103.15530536208848
0 568 544 157.70925300620874
0 586 545 103.13931829581394
0 588 546 104.68277975780447
0 573 547 103.23762105973589
0 597 548 152.41520066092673
0 581 549 103.14339544645324
0 580 551 160.91976204861254
0 610 552 125.51071813469999
0 601 553 103.70595829636366
0 598 554 181.86898902111687
0 589 555 108.77234384818205
0 612 556 105.24544921387486
0 602 557 113.92440167201956
0 594 558 106.15408639567194
0 595 559 111.16029124853722
0 599 560 103.39280823749732
0 583 561 103.67045023613659
0 596 562 120.47673041694881
0 584 563 122.00503387001429
0 616 564 103.23447658542135
0 607 565 103.249883163033
0 593 566 130.55749128648716
0 604 567 109.27718602200144
0 613 568 109.06017239697027
0 605 569 104.34016408378798
0 600 570 103.59183723873915
0 625 572 103.69556802182838
0 608 573 106.35878107318604
0 611 574 134.3364706931751
0 606 575 113.58787920476917
0 609 576 103.47215952010555
0 631 577 103.85752988039916
0 617 578 103.28484296436548
0 618 579 108.8947644990373
0 615 580 133.25490269586518
0 639 581 103.1618449357914
0 632 582 103.16617127823619
0 628 583 104.49271795967967
0 619 584 126.58272391770788
0 622 585 103.97273999626182
0 620 586 105.5589136298605
0 627 587 106.99584509175554
0 629 589 105.67662022590582
0 641 590 105.32597804147682
0 633 591 107.22393850178828
0 634 592 104.63825859032121
0 621 593 103.51722021371523
0 624 594 118.3058721322989
0 643 595 106.8088712420578
0 644 596 109.48575444026005
0 636 598 105.19662901093429
0 647 599 104.27585154149075
0 645 600 103.22748955048166
0 637 601 126.56763582666682
0 635 603 103.13897590592165
0 630 604 104.35514303070006
0 653 605 103.69329282319634
0 638 606 133.225739799512
0 658 607 111.58988024445564
0 657 608 104.85013598094486
0 648 609 103.15594596264681
0 656 610 104.68413185076504
0 642 611 103.9926669904735
0 659 612 123.41676651499138
0 651 613 103.91677647459024
0 649 614 103.60047940771695
0 650 615 104.53114270812611
0 664 616 131.41718571883226
0 654 617 241.83505136063798
0 652 618 103.19279070751566
0 666 619 116.74995469795435
0 667 620 103.69007567046944
0 672 621 103.21641386240668
0 655 622 116.99321068764581
0 674 623 131.82758836094536
0 663 624 103.18599970306039
0 673 625 114.5097092772624
0 665 626 104.07903676547585
0 670 627 167.49779860588356
0 669 628 172.93640419573342
0 676 629 103.16563839534948
0 678 630 103.15181074072154
0 680 631 103.20302332922995
0 679 632 117.93237965175636
0 681 633 103.14605876710539
0 682 634 235.11972459800364

220.0 37.0
501.0 67.0
507.0 68.0
490.0 75.0
512.0 77.0
491.0 81.0
491.0 86.0
507.0 87.0
508.0 92.0
488.0 93.0
499.0 94.0
433.0 101.0
480.0 102.0
515.0 103.0
563.0 104.0
455.0 105.0
473.0 105.0
446.0 106.0
460.0 106.0
547.0 107.0
534.0 108.0
427.0 110.0
420.0 115.0
567.0 115.0
446.0 116.0
576.0 118.0
448.0 121.0
419.0 122.0
426.0 122.0
545.0 124.0
571.0 126.0
434.0 127.0
419.0 128.0
498.0 129.0
426.0 130.0
576.0 131.0
439.0 133.0
557.0 133.0
464.0 134.0
517.0 135.0
529.0 135.0
252.0 136.0
257.0 136.0
246.0 137.0
262.0 137.0
432.0 137.0
476.0 138.0
573.0 138.0
268.0 139.0
448.0 139.0
464.0 140.0
486.0 140.0
528.0 140.0
546.0 140.0
507.0 142.0
453.0 143.0
476.0 143.0
518.0 143.0
275.0 144.0
235.0 145.0
422.0 145.0
567.0 145.0
440.0 146.0
537.0 146.0
554.0 147.0
432.0 148.0
452.0 148.0
279.0 149.0
238.0 150.0
147.0 151.0
252.0 151.0
559.0 151.0
131.0 152.0
494.0 152.0
536.0 152.0
526.0 153.0
152.0 154.0
232.0 154.0
404.0 155.0
432.0 155.0
485.0 155.0
503.0 155.0
283.0 156.0
399.0 156.0
566.0 156.0
118.0 157.0
274.0 157.0
423.0 157.0
442.0 157.0
456.0 157.0
494.0 157.0
254.0 159.0
231.0 160.0
112.0 161.0
125.0 161.0
148.0 161.0
161.0 161.0
241.0 161.0
284.0 161.0
534.0 161.0
271.0 162.0
395.0 162.0
524.0 164.0
449.0 165.0
476.0 165.0
492.0 165.0
513.0 165.0
284.0 166.0
503.0 166.0
360.0 167.0
365.0 167.0
434.0 167.0
508.0 167.0
246.0 168.0
261.0 168.0
560.0 168.0
109.0 170.0
135.0 170.0
237.0 170.0
373.0 170.0
540.0 170.0
152.0 171.0
530.0 171.0
167.0 172.0
230.0 172.0
343.0 172.0
453.0 173.0
260.0 174.0
392.0 174.0
108.0 175.0
460.0 175.0
478.0 175.0
548.0 175.0
282.0 176.0
473.0 176.0
147.0 177.0
340.0 177.0
532.0 178.0
508.0 179.0
108.0 180.0
123.0 180.0
159.0 180.0
257.0 180.0
459.0 182.0
587.0 182.0
243.0 183.0
485.0 183.0
270.0 184.0
365.0 184.0
473.0 184.0
135.0 185.0
284.0 185.0
441.0 186.0
166.0 187.0
178.0 187.0
257.0 187.0
402.0 187.0
535.0 187.0
519.0 188.0
456.0 189.0
496.0 190.0
469.0 191.0
389.0 192.0
485.0 192.0
113.0 194.0
265.0 194.0
234.0 195.0
274.0 195.0
575.0 195.0
505.0 196.0
167.0 197.0
183.0 197.0
197.0 197.0
341.0 198.0
120.0 199.0
141.0 199.0
425.0 199.0
438.0 199.0
532.0 199.0
228.0 200.0
455.0 200.0
493.0 200.0
204.0 201.0
586.0 201.0
175.0 202.0
223.0 202.0
508.0 202.0
269.0 203.0
463.0 203.0
468.0 203.0
474.0 203.0
450.0 204.0
115.0 206.0
124.0 206.0
292.0 206.0
338.0 206.0
343.0 207.0
535.0 207.0
158.0 208.0
216.0 208.0
238.0 208.0
423.0 208.0
505.0 208.0
139.0 210.0
228.0 210.0
514.0 210.0
120.0 211.0
451.0 211.0
550.0 211.0
244.0 212.0
271.0 213.0
420.0 213.0
479.0 213.0
286.0 214.0
505.0 214.0
138.0 215.0
197.0 215.0
430.0 215.0
463.0 215.0
494.0 215.0
510.0 215.0
132.0 216.0
468.0 216.0
227.0 217.0
182.0 218.0
211.0 218.0
474.0 218.0
522.0 218.0
114.0 219.0
285.0 219.0
167.0 220.0
238.0 220.0
537.0 220.0
221.0 221.0
447.0 221.0
560.0 221.0
137.0 223.0
474.0 223.0
195.0 224.0
231.0 224.0
441.0 224.0
456.0 224.0
120.0 225.0
280.0 225.0
156.0 226.0
172.0 226.0
430.0 226.0
521.0 226.0
188.0 227.0
484.0 227.0
151.0 228.0
474.0 228.0
530.0 228.0
138.0 229.0
223.0 229.0
231.0 229.0
242.0 230.0
50.0 231.0
258.0 231.0
464.0 231.0
165.0 232.0
197.0 232.0
214.0 232.0
499.0 232.0
119.0 233.0
175.0 233.0
476.0 233.0
486.0 233.0
234.0 234.0
273.0 234.0
528.0 235.0
58.0 236.0
429.0 236.0
509.0 236.0
164.0 237.0
185.0 237.0
209.0 237.0
214.0 237.0
290.0 237.0
458.0 237.0
219.0 238.0
244.0 238.0
437.0 238.0
447.0 238.0
536.0 239.0
142.0 240.0
155.0 240.0
193.0 241.0
226.0 241.0
490.0 241.0
510.0 241.0
128.0 242.0
177.0 242.0
234.0 242.0
470.0 242.0
260.0 243.0
522.0 243.0
255.0 244.0
281.0 244.0
422.0 244.0
184.0 246.0
222.0 246.0
162.0 247.0
210.0 247.0
430.0 247.0
490.0 247.0
501.0 247.0
146.0 248.0
197.0 248.0
234.0 249.0
246.0 249.0
269.0 249.0
455.0 249.0
460.0 249.0
438.0 251.0
521.0 251.0
492.0 252.0
182.0 253.0
425.0 253.0
156.0 254.0
220.0 254.0
415.0 254.0
468.0 254.0
47.0 255.0
107.0 255.0
116.0 256.0
478.0 256.0
168.0 257.0
542.0 257.0
514.0 258.0
102.0 259.0
425.0 260.0
445.0 260.0
458.0 260.0
438.0 261.0
468.0 261.0
535.0 261.0
83.0 262.0
484.0 262.0
66.0 263.0
123.0 263.0
230.0 263.0
89.0 264.0
246.0 264.0
503.0 264.0
524.0 264.0
74.0 265.0
415.0 267.0
539.0 267.0
490.0 268.0
516.0 268.0
120.0 269.0
311.0 269.0
458.0 269.0
479.0 269.0
550.0 269.0
499.0 270.0
447.0 271.0
147.0 272.0
524.0 272.0
471.0 273.0
510.0 273.0
119.0 274.0
162.0 274.0
460.0 274.0
106.0 276.0
495.0 276.0
537.0 277.0
48.0 278.0
414.0 278.0
428.0 278.0
93.0 279.0
132.0 280.0
157.0 280.0
317.0 280.0
514.0 281.0
308.0 282.0
474.0 282.0
255.0 283.0
322.0 283.0
91.0 284.0
285.0 284.0
71.0 285.0
187.0 285.0
344.0 285.0
51.0 286.0
440.0 286.0
80.0 287.0
544.0 287.0
158.0 288.0
170.0 288.0
417.0 288.0
447.0 289.0
125.0 290.0
471.0 290.0
53.0 291.0
59.0 291.0
291.0 291.0
492.0 291.0
223.0 293.0
415.0 293.0
527.0 293.0
68.0 295.0
202.0 295.0
427.0 295.0
459.0 295.0
514.0 295.0
135.0 296.0
300.0 297.0
434.0 297.0
485.0 297.0
545.0 297.0
312.0 298.0
415.0 298.0
192.0 299.0
218.0 299.0
281.0 299.0
43.0 300.0
516.0 300.0
69.0 301.0
536.0 301.0
183.0 302.0
448.0 302.0
473.0 302.0
244.0 303.0
254.0 303.0
415.0 303.0
53.0 304.0
217.0 304.0
222.0 304.0
291.0 304.0
542.0 304.0
208.0 306.0
435.0 306.0
455.0 306.0
483.0 306.0
529.0 306.0
507.0 307.0
522.0 307.0
247.0 308.0
489.0 308.0
45.0 309.0
141.0 310.0
233.0 310.0
281.0 310.0
345.0 310.0
414.0 310.0
59.0 311.0
52.0 312.0
84.0 312.0
464.0 312.0
267.0 313.0
304.0 313.0
322.0 313.0
419.0 313.0
525.0 314.0
74.0 315.0
513.0 315.0
133.0 316.0
444.0 316.0
456.0 316.0
482.0 316.0
535.0 316.0
174.0 317.0
205.0 318.0
497.0 318.0
63.0 319.0
470.0 319.0
365.0 320.0
58.0 321.0
88.0 321.0
197.0 321.0
281.0 321.0
46.0 322.0
191.0 322.0
293.0 322.0
324.0 323.0
345.0 323.0
457.0 323.0
329.0 324.0
508.0 324.0
77.0 325.0
268.0 325.0
536.0 325.0
334.0 326.0
309.0 327.0
438.0 327.0
465.0 327.0
68.0 328.0
365.0 328.0
531.0 328.0
503.0 329.0
476.0 330.0
60.0 331.0
285.0 331.0
337.0 331.0
449.0 332.0
50.0 334.0
90.0 334.0
315.0 334.0
454.0 334.0
308.0 335.0
517.0 335.0
337.0 336.0
289.0 337.0
82.0 338.0
295.0 338.0
300.0 338.0
478.0 338.0
507.0 338.0
71.0 339.0
77.0 339.0
320.0 340.0
63.0 341.0
91.0 341.0
328.0 341.0
381.0 341.0
453.0 342.0
56.0 346.0
332.0 346.0
64.0 347.0
45.0 348.0
284.0 348.0
78.0 349.0
450.0 349.0
83.0 350.0
306.0 351.0
343.0 351.0
296.0 352.0
63.0 353.0
98.0 353.0
322.0 353.0
48.0 355.0
71.0 355.0
120.0 357.0
500.0 358.0
59.0 359.0
288.0 360.0
50.0 361.0
316.0 362.0
308.0 365.0
303.0 366.0
103.0 367.0
81.0 375.0
59.0 384.0
503.0 393.0
295.0 398.0
609.0 412.0

186.0 18.0
496.0 50.0
502.0 50.0
490.0 58.0
512.0 63.0
490.0 63.0
491.0 69.0
507.0 71.0
505.0 76.0
488.0 76.0
500.0 77.0
427.0 85.0
480.0 85.0
516.0 87.0
558.0 90.0
446.0 90.0
471.0 86.0
440.0 90.0
452.0 92.0
542.0 94.0
529.0 94.0
425.0 95.0
415.0 100.0
564.0 101.0
441.0 100.0
574.0 104.0
448.0 106.0
416.0 110.0
422.0 106.0
548.0 108.0
569.0 112.0
433.0 108.0
417.0 115.0
503.0 111.0
427.0 113.0
577.0 116.0
440.0 115.0
562.0 118.0
471.0 117.0
525.0 118.0
536.0 117.0
232.0 118.0
237.0 118.0
223.0 121.0
247.0 121.0
435.0 121.0
482.0 120.0
571.0 125.0
252.0 123.0
452.0 122.0
471.0 122.0
494.0 123.0
536.0 123.0
554.0 122.0
516.0 125.0
457.0 126.0
482.0 127.0
525.0 127.0
259.0 128.0
215.0 129.0
419.0 129.0
569.0 131.0
443.0 130.0
544.0 130.0
559.0 133.0
432.0 132.0
457.0 131.0
263.0 133.0
220.0 133.0
115.0 132.0
236.0 135.0
564.0 136.0
102.0 132.0
501.0 135.0
542.0 136.0
530.0 131.0
124.0 136.0
211.0 141.0
379.0 145.0
432.0 140.0
489.0 140.0
510.0 139.0
267.0 141.0
374.0 145.0
566.0 144.0
86.0 138.0
258.0 142.0
420.0 143.0
444.0 142.0
460.0 141.0
501.0 144.0
238.0 143.0
210.0 148.0
79.0 145.0
95.0 143.0
120.0 144.0
134.0 145.0
223.0 145.0
268.0 146.0
539.0 146.0
255.0 149.0
371.0 153.0
529.0 148.0
452.0 149.0
481.0 149.0
496.0 149.0
516.0 151.0
268.0 152.0
506.0 151.0
333.0 157.0
338.0 157.0
429.0 150.0
511.0 151.0
224.0 157.0
245.0 153.0
555.0 158.0
75.0 151.0
107.0 153.0
218.0 154.0
348.0 160.0
543.0 156.0
125.0 154.0
534.0 156.0
141.0 158.0
210.0 158.0
318.0 159.0
446.0 158.0
245.0 158.0
369.0 162.0
74.0 159.0
462.0 162.0
483.0 160.0
539.0 162.0
266.0 162.0
469.0 160.0
119.0 161.0
314.0 170.0
525.0 164.0
513.0 160.0
74.0 164.0
93.0 164.0
132.0 164.0
240.0 166.0
452.0 169.0
561.0 174.0
223.0 169.0
481.0 169.0
254.0 170.0
337.0 171.0
470.0 170.0
106.0 169.0
268.0 173.0
435.0 176.0
139.0 173.0
150.0 173.0
241.0 173.0
378.0 178.0
528.0 175.0
512.0 175.0
449.0 177.0
494.0 176.0
464.0 178.0
365.0 182.0
484.0 179.0
78.0 175.0
250.0 181.0
214.0 182.0
260.0 182.0
548.0 182.0
501.0 182.0
142.0 183.0
157.0 183.0
172.0 185.0
315.0 189.0
86.0 185.0
112.0 186.0
421.0 186.0
433.0 185.0
524.0 187.0
204.0 188.0
448.0 189.0
495.0 186.0
182.0 193.0
559.0 188.0
150.0 189.0
196.0 194.0
507.0 187.0
254.0 191.0
453.0 191.0
465.0 195.0
469.0 190.0
440.0 195.0
82.0 194.0
93.0 193.0
278.0 197.0
312.0 198.0
317.0 199.0
533.0 194.0
131.0 195.0
191.0 196.0
220.0 196.0
418.0 196.0
505.0 194.0
109.0 201.0
206.0 198.0
513.0 197.0
87.0 201.0
445.0 199.0
543.0 204.0
229.0 200.0
256.0 202.0
416.0 205.0
478.0 199.0
270.0 201.0
504.0 199.0
108.0 207.0
170.0 202.0
425.0 203.0
454.0 207.0
493.0 202.0
504.0 205.0
103.0 204.0
462.0 208.0
215.0 204.0
156.0 209.0
191.0 208.0
473.0 205.0
517.0 204.0
81.0 208.0
271.0 209.0
142.0 208.0
223.0 213.0
534.0 210.0
204.0 208.0
440.0 208.0
550.0 212.0
108.0 212.0
473.0 210.0
175.0 212.0
215.0 213.0
435.0 213.0
447.0 213.0
88.0 214.0
264.0 217.0
131.0 214.0
144.0 216.0
423.0 215.0
518.0 213.0
164.0 216.0
483.0 215.0
126.0 217.0
472.0 215.0
527.0 218.0
110.0 219.0
206.0 218.0
208.0 223.0
227.0 220.0
13.0 219.0
241.0 221.0
461.0 219.0
139.0 221.0
180.0 221.0
196.0 217.0
498.0 221.0
86.0 223.0
153.0 223.0
474.0 221.0
484.0 220.0
218.0 223.0
256.0 224.0
518.0 225.0
24.0 225.0
422.0 224.0
509.0 220.0
140.0 226.0
165.0 226.0
192.0 228.0
197.0 228.0
271.0 225.0
447.0 225.0
202.0 227.0
228.0 229.0
431.0 227.0
438.0 230.0
529.0 228.0
113.0 230.0
130.0 231.0
174.0 232.0
208.0 233.0
485.0 225.0
508.0 228.0
97.0 234.0
156.0 233.0
217.0 233.0
468.0 230.0
242.0 235.0
517.0 230.0
237.0 235.0
264.0 234.0
414.0 234.0
164.0 236.0
200.0 239.0
138.0 237.0
189.0 238.0
423.0 237.0
489.0 232.0
500.0 235.0
119.0 240.0
177.0 239.0
214.0 241.0
229.0 241.0
254.0 241.0
446.0 239.0
456.0 237.0
431.0 240.0
517.0 237.0
489.0 240.0
157.0 245.0
418.0 241.0
131.0 246.0
197.0 247.0
405.0 244.0
466.0 243.0
13.0 246.0
81.0 247.0
86.0 247.0
476.0 245.0
144.0 249.0
531.0 245.0
510.0 247.0
73.0 251.0
415.0 250.0
434.0 251.0
453.0 250.0
429.0 251.0
465.0 251.0
536.0 253.0
51.0 254.0
482.0 251.0
31.0 255.0
96.0 256.0
211.0 253.0
58.0 257.0
228.0 255.0
499.0 252.0
520.0 249.0
40.0 258.0
407.0 256.0
529.0 256.0
487.0 257.0
513.0 256.0
95.0 261.0
295.0 264.0
453.0 258.0
476.0 259.0
542.0 258.0
500.0 259.0
442.0 260.0
118.0 267.0
520.0 261.0
467.0 263.0
508.0 261.0
87.0 271.0
136.0 268.0
454.0 264.0
77.0 270.0
492.0 266.0
530.0 268.0
13.0 272.0
403.0 269.0
422.0 268.0
63.0 273.0
100.0 274.0
130.0 274.0
306.0 274.0
510.0 268.0
298.0 275.0
470.0 271.0
238.0 278.0
314.0 275.0
59.0 279.0
272.0 282.0
38.0 280.0
164.0 280.0
339.0 276.0
15.0 281.0
440.0 277.0
48.0 282.0
538.0 278.0
131.0 283.0
144.0 284.0
407.0 279.0
447.0 280.0
91.0 287.0
469.0 280.0
18.0 288.0
28.0 289.0
284.0 284.0
488.0 281.0
201.0 288.0
404.0 284.0
521.0 283.0
33.0 290.0
180.0 293.0
421.0 286.0
455.0 285.0
509.0 285.0
102.0 295.0
296.0 289.0
429.0 288.0
485.0 289.0
539.0 283.0
308.0 291.0
404.0 289.0
169.0 295.0
197.0 294.0
266.0 293.0
8.0 296.0
514.0 290.0
35.0 300.0
532.0 290.0
157.0 299.0
444.0 292.0
471.0 292.0
226.0 298.0
237.0 298.0
404.0 294.0
17.0 302.0
196.0 301.0
203.0 300.0
287.0 296.0
531.0 297.0
186.0 303.0
430.0 298.0
453.0 293.0
480.0 297.0
525.0 292.0
505.0 296.0
519.0 297.0
226.0 303.0
485.0 298.0
8.0 309.0
104.0 307.0
215.0 306.0
276.0 300.0
343.0 304.0
407.0 302.0
21.0 312.0
16.0 311.0
53.0 309.0
461.0 302.0
257.0 308.0
302.0 306.0
321.0 307.0
413.0 306.0
521.0 303.0
41.0 315.0
510.0 305.0
103.0 316.0
440.0 307.0
453.0 307.0
479.0 307.0
530.0 307.0
149.0 315.0
183.0 316.0
494.0 308.0
30.0 318.0
467.0 311.0
362.0 311.0
23.0 322.0
57.0 320.0
178.0 318.0
275.0 316.0
10.0 323.0
166.0 320.0
288.0 317.0
322.0 317.0
343.0 318.0
453.0 314.0
327.0 317.0
505.0 314.0
45.0 325.0
258.0 321.0
527.0 316.0
333.0 320.0
306.0 323.0
436.0 320.0
460.0 318.0
33.0 330.0
362.0 321.0
519.0 322.0
500.0 320.0
474.0 321.0
24.0 333.0
282.0 325.0
335.0 325.0
442.0 323.0
12.0 337.0
58.0 335.0
313.0 331.0
447.0 325.0
306.0 329.0
512.0 326.0
336.0 330.0
285.0 332.0
50.0 341.0
290.0 335.0
298.0 335.0
473.0 328.0
504.0 329.0
38.0 342.0
45.0 342.0
318.0 336.0
27.0 344.0
58.0 343.0
324.0 336.0
377.0 335.0
444.0 332.0
19.0 350.0
330.0 336.0
30.0 353.0
8.0 353.0
278.0 346.0
44.0 352.0
443.0 341.0
49.0 353.0
298.0 348.0
341.0 347.0
290.0 348.0
28.0 358.0
64.0 350.0
316.0 349.0
10.0 360.0
37.0 360.0
88.0 364.0
489.0 350.0
20.0 366.0
279.0 357.0
12.0 365.0
311.0 359.0
300.0 363.0
292.0 363.0
74.0 371.0
50.0 382.0
24.0 393.0
509.0 385.0
287.0 399.0
614.0 401.0
