0 0 0 373.72991216446576
0 1 2 103.6493466103943
0 2 3 174.3768216203272
0 3 5 171.82781184292864
0 4 6 167.42368434340764
0 8 7 169.02526258925798
0 5 8 167.4045229271996
0 7 9 152.89096163321935
0 9 10 119.89864524922476
0 10 11 125.51963877862742
0 11 13 112.3921747059834
0 12 14 137.58533264272296
0 13 15 119.58085017561272
0 15 16 104.9352127066982
0 16 18 199.04166533693154
0 20 19 130.7636633681424
0 17 20 177.42918707978498
0 18 21 113.47716978582262
0 21 22 103.27489925948596
0 19 23 115.93357493163758
0 22 24 114.9450638592214
0 24 25 126.46863076346584
0 25 26 104.71618079783254
0 27 29 104.69950374933849
0 28 30 104.12858277591299
0 30 31 107.4540112744239
0 29 32 107.76567699990693
0 31 33 193.64127944487984
0 36 34 111.229529591401
0 32 35 107.36391669174161
0 35 36 103.22886147544428
0 34 37 104.4435986304786
0 33 38 106.44081397212311
0 38 39 116.00867263779458
0 39 40 104.29291254334112
0 42 41 221.85071121695654
0 37 42 102.88272115621592
0 40 43 105.20836468786936
0 48 44 128.79762512428002
0 41 45 107.32312750037055
0 45 46 188.7174577092513
0 46 47 205.9190438174054
0 43 50 109.09340367622546
0 51 51 169.83258591558646
0 47 52 105.88180128140763
0 44 53 115.23559527241358
0 50 55 161.53217218836352
0 57 56 168.53329004449898
0 52 57 105.96083775246927
0 53 58 106.34665253547008
0 54 59 107.30316658907535
0 62 60 276.8917522655295
0 58 61 102.87055871722795
0 59 62 113.22173540494656
0 55 63 201.1248677801139
0 65 64 103.23743048008203
0 61 65 103.74863730018814
0 66 66 107.10769160838606
0 70 68 108.08185744046747
0 63 69 166.70847656527525
0 80 70 111.24242872307907
0 71 71 105.95629392302975
0 75 72 240.76350481538748
0 76 74 118.56826336586069
0 77 75 115.45955849967406
0 79 76 107.43126363844648
0 78 77 103.33002063987047
0 72 78 141.72517108678161
0 74 79 105.78461037533349
0 81 80 130.53464597144318
0 83 81 102.9352709481347
0 73 82 171.5952858082799
0 82 83 141.56860415507828
0 104 84 144.91978766678258
0 84 85 109.79217499510008
0 89 88 114.77478722436312
0 85 89 152.2623790887826
0 112 90 169.94941595771752
0 86 91 126.28044631513026
0 95 92 145.4932449753141
0 93 93 103.46594425010697
0 115 94 147.39658650874284
0 91 95 106.16764907022396
0 92 96 192.5580823082524
0 96 97 132.00459181545875
0 103 98 102.99998244166673
0 119 99 185.95449277649746
0 94 100 105.00203029266757
0 106 101 133.1788583249051
0 101 102 104.38604257678703
0 98 103 103.22852484233196
0 107 104 222.96552557727983
0 102 105 104.06429188687338
0 105 106 110.23933988400346
0 110 107 103.23260904892284
0 109 108 116.70191839568473
0 123 109 102.99040962117058
0 120 110 119.59293731427674
0 136 111 103.25510655996597
0 133 112 105.93144693977482
0 116 113 108.6265403912072
0 129 114 144.72354595985232
0 147 115 177.14050111206313
0 151 117 143.82460156846267
0 128 118 117.90894063937209
0 124 119 104.32817364183282
0 126 120 120.35053498162019
0 121 121 109.34014978306261
0 125 122 102.924674610809
0 127 123 131.76807515136798
0 145 126 108.78894697260411
0 135 127 114.99462012783657
0 130 130 139.2159018575794
0 131 131 138.07627502872884
0 132 132 122.04815067460252
0 134 133 102.91525466980313
0 138 134 119.06314260766287
0 155 135 111.23595297028062
0 156 136 104.62509035389292
0 153 137 191.86995142757547
0 137 138 140.3846810379279
0 164 139 109.3131991659283
0 142 140 118.93190500626906
0 148 141 102.924725124524
0 149 142 155.86618145035158
0 152 143 106.28774815227872
0 143 144 140.0346204995458
0 154 145 114.4191663582929
0 159 146 183.57286382235426
0 150 147 128.1423456231898
0 163 148 116.03876144101729
0 161 149 117.53295637150445
0 182 150 107.37190096184837
0 165 151 108.57107690029781
0 157 152 109.13097102547252
0 158 153 103.05962816820427
0 166 154 187.62359994247342
0 169 155 103.76560321847973
0 167 157 164.4023555966292
0 172 158 121.30746023683463
0 189 159 120.93655313419653
0 170 160 106.29646212902286
0 171 162 115.59386418553812
0 178 163 104.65218085051305
0 179 164 104.66107267079241
0 177 165 102.89458987616624
0 181 166 102.90455515314439
0 190 167 105.0876829137595
0 176 168 102.9501461269441
0 188 169 122.66162876051716
0 185 170 102.88532055659279
0 201 171 102.93085659493502
0 192 172 167.78221015438825
0 187 173 111.80409312200763
0 195 174 129.11351938975042
0 198 175 140.07843022001475
0 210 176 103.81519166053654
0 211 177 102.67697841889525
0 200 178 108.0871215952544
0 194 179 106.47304902723458
0 191 181 109.39052455657536
0 202 182 115.3521433447648
0 197 183 103.9489883893009
0 206 184 114.20554514321594
0 203 186 107.31795809248352
0 207 187 103.03839910470691
0 217 188 111.23967016672276
0 205 189 104.605181160037
0 213 190 105.43632681836515
0 208 191 114.94692243289425
0 209 192 103.08774450150986
0 215 193 103.14640120402522
0 216 194 104.46890385528692
0 231 195 104.10618756470484
0 212 196 104.85223287632964
0 218 197 104.79484753536023
0 228 198 157.43134507151552
0 229 199 104.48533833052926
0 221 200 106.18901109473214
0 219 201 118.25307975985426
0 224 202 111.02959648140573
0 220 203 109.54293623654179
0 240 204 184.18133564604528
0 222 205 167.44946812996676
0 232 206 128.35687111642648
0 225 207 129.87677850592922
0 223 208 105.62926136524612
0 227 209 109.2052024410046
0 230 210 103.81564133874848
0 226 212 105.61500480508406
0 234 213 114.84382310486687
0 252 214 104.6355176535003
0 235 215 108.5767190747366
0 238 216 112.42733228258655
0 236 217 114.76996637872274
0 237 218 103.20996260755564
0 249 219 105.75470393413528
0 239 220 103.99826880475808
0 253 221 104.63611803690276
0 243 223 102.85829195021765
0 246 224 104.53204149003187
0 251 225 103.38492057574375
0 247 226 103.03879145289581
0 245 228 114.61388488656705
0 242 229 138.27295291576874
0 241 231 144.7916040074403
0 244 233 110.99889849384962
0 270 235 122.1785827787292
0 254 236 107.47890984975761
0 250 237 106.95110777469145
0 257 238 102.87001626879062
0 263 239 123.26796304168839
0 260 240 115.54244541056467
0 259 241 206.19180728411695
0 261 242 102.87006672886902
0 267 243 102.96389448782335
0 255 244 110.82855049920428
0 268 245 292.41775932656765
0 276 249 108.67368317686066
0 265 250 104.75963010342267
0 282 251 119.63297529233297
0 264 252 104.03150532214408
0 277 254 103.06296459746436
0 279 255 102.8653552325339
0 285 256 127.30431926908214
0 284 257 103.69650376629728
0 280 258 102.86652833584738
0 271 259 121.15849048155853
0 272 260 107.04365898423337
0 273 261 111.26534330457463
0 287 262 137.87581606154916
0 291 263 108.11588156549678
0 278 264 106.52571276765693
0 288 266 116.57299674138999
0 293 267 103.15564786040711
0 281 268 108.0517655129765
0 289 269 102.87658280241108
0 292 270 103.17620826750762
0 308 271 115.98488544972203
0 295 272 117.56378350519437
0 286 273 146.13179477531338
0 294 275 119.20817008471225
0 306 276 144.9292644241289
0 304 277 110.39220278004218
0 312 279 105.81351266002615
0 301 280 125.02473896009701
0 297 281 106.68024532643277
0 309 283 105.02597633243144
0 303 284 109.08466485197165
0 310 286 125.2673741191843
0 316 287 102.88757305585956
0 321 288 102.86309109265659
0 311 291 104.66496413351227
0 319 292 140.04030123844382
0 314 293 103.45257820644755
0 324 294 104.21346957126372
0 325 295 106.5948156842623
0 328 296 102.86995950126156
0 320 297 102.86295234637876
0 327 298 104.12510591119124
0 313 299 112.32434692103226
0 322 300 109.62853805100912
0 317 301 118.84656912074789
0 332 303 107.34804787365687
0 323 304 102.90940911241671
0 315 305 163.73087273374924
0 330 307 104.88929623420577
0 335 308 117.31861912791229
0 336 309 102.89557432678997
0 339 310 111.02255773039118
0 340 311 119.22790037658959
0 337 312 119.29397533717517
0 347 313 102.87158686194009
0 341 314 131.17513645103463
0 345 315 102.87580057767174
0 331 316 152.0419596693889
0 346 317 128.3833124197567
0 338 318 104.44842980426866
0 349 319 109.77563058178698
0 333 320 127.75920384431687
0 334 321 141.04021557345726
0 352 322 102.90136782168393
0 348 323 106.67963482295872
0 355 324 148.03099778772523
0 343 325 103.6343711317905
0 344 326 106.92693696222935
0 353 327 112.4885188026795
0 354 328 103.14399151103358
0 358 329 103.3364296291177
0 361 330 104.6987066253577
0 356 331 103.65804961398268
0 364 332 193.73546309881755
0 362 333 103.1618005323983
0 350 334 104.07919172508807
0 351 335 112.7548359554863
0 368 336 103.46871997143839
0 375 337 128.82963960416475
0 369 339 107.14957631532442
0 363 340 103.19618019738961
0 372 341 311.05158908754527
0 370 342 122.15964283854959
0 378 343 119.0137584432744
0 385 344 124.92361120418644
0 360 345 103.90043027365772
0 380 346 102.9952716834424
0 377 347 103.5363723524109
0 371 348 104.02307488176108
0 383 350 102.89175022029112
0 384 351 102.87751644105893
0 382 352 172.28117173922777
0 367 353 103.93758992666476
0 388 355 103.15603475939166
0 390 356 106.12882432385418
0 381 357 102.95039882104074
0 379 358 112.559829975591
0 393 359 103.18442584083122
0 373 360 116.91775401495848
0 397 361 102.87976859861922
0 402 362 126.86606293706771
0 392 363 103.41958301677148
0 396 365 121.20991615404594
0 400 366 121.74995767434669
0 401 367 116.78313622270828
0 386 368 209.1510281734414
0 387 369 113.55061647979483
0 398 370 265.9235632950005
0 391 371 104.51778003529898
0 404 373 102.87948470778115
0 394 374 104.58025316859687
0 408 377 103.42900624419077
0 395 378 136.47024028035216
0 403 379 116.61096491776799
0 420 382 103.14856368227454
0 419 383 111.47213345494981
0 421 384 102.85922525690259
0 406 386 111.41570232593969
0 409 387 107.002327910047
0 410 388 107.40825745486104
0 407 389 103.04803148363362
0 422 390 104.93866511880428
0 413 391 107.28883884940421
0 411 392 104.65058805550271
0 412 393 112.77504991191265
0 427 394 108.3363898132947
0 414 395 103.90003133619776
0 418 396 118.63690587731983
0 431 397 103.69111385331786
0 405 398 116.42706677589587
0 428 399 104.1566388401854
0 424 400 102.90195478076376
0 426 401 107.7186130962497
0 433 403 103.24112149785758
0 430 404 104.2817691062166
0 444 405 113.2087780647304
0 434 406 123.94281874861252
0 438 407 103.01329503402734
0 435 408 103.11153504345785
0 425 409 206.0842657235498
0 449 410 102.86083966520904
0 436 412 112.4067457115037
0 446 414 104.30489488108108
0 451 415 104.7575303691149
0 440 416 110.60227526460118
0 442 417 116.73881715048371
0 443 420 119.71743709082025
0 445 422 108.67658344187141
0 457 423 103.0835070724071
0 458 424 104.94091652891669
0 463 426 106.69326428027108
0 460 427 102.93831511468667
0 456 428 102.86648418631341
0 447 429 106.87147947985085
0 461 430 107.82777676409133
0 464 431 103.26692152018128
0 453 432 103.69556802182838
0 455 434 107.43372646855794
0 454 435 105.18368915833254
0 466 437 103.13553311169244
0 467 438 109.27244584563911
0 465 439 139.61190769306046
0 459 440 142.79266757985164
0 479 441 103.3844809918768
0 476 442 106.57702716240365
0 480 443 102.85829195021765
0 474 444 102.87026226214049
0 472 446 104.52411580851293
0 469 447 102.94346913490557
0 473 448 103.96351378147928
0 462 449 105.36018123451127
0 483 451 105.58781895896547
0 485 452 103.29878899322074
0 491 453 102.86059371692151
0 487 454 106.4642114915395
0 477 455 106.65195922218622
0 478 456 104.7131808898315
0 499 457 106.17098820964745
0 475 458 112.03020803548809
0 486 459 129.45392704778322
0 482 460 107.20932362120661
0 504 464 116.25719971838637
0 510 465 124.79000300423397
0 492 466 104.17540734500126
0 481 467 103.64889837163913
0 500 468 105.5574591488392
0 484 469 103.0867120315274
0 501 471 106.83856732834998
0 494 472 125.13859273144858
0 525 474 169.24004662035702
0 502 475 111.61663608674996
0 498 476 104.32369739764323
0 489 477 117.75526829950653
0 524 479 119.43046843661429
0 519 480 102.99138958378005
0 496 481 102.94400604169287
0 497 483 128.47597234658645
0 490 484 120.63682075700302
0 506 486 102.92943574634322
0 522 487 109.4125397664496
0 520 488 108.45450729112352
0 514 489 102.89635685226206
0 503 490 104.1823615577562
0 527 491 105.92518016898057
0 528 492 192.4975899387141
0 509 493 103.34868975174518
0 523 494 146.5909544663444
0 537 496 104.727561096481
0 538 497 102.86868540209322
0 542 499 106.20010203991204
0 541 500 104.5793014065445
0 516 501 104.01492954919034
0 517 502 122.55154629762059
0 495 503 213.41388945653938
0 512 504 114.95465663485453
0 513 505 108.77052444261415
0 546 509 103.3325790486824
0 545 510 107.42172983574683
0 530 511 104.23508850735499
0 556 512 115.56586835607274
0 543 513 105.40747787222256
0 553 515 103.37807241104176
0 535 516 122.58439085395001
0 554 517 105.04565141208728
0 532 518 103.17837199576887
0 521 519 104.27062805013452
0 518 520 149.29349234868468
0 544 521 102.9636480464653
0 539 522 103.06759290538932
0 533 523 141.31932956014936
0 536 524 118.19315656555693
0 549 526 105.34380776073166
0 540 527 149.178280732891
0 531 528 107.2936555073194
0 574 530 112.94445852557442
0 569 531 105.79222137977966
0 563 532 107.67291012184204
0 560 533 102.88330790258978
0 582 535 124.17737158739597
0 578 536 122.8438966106592
0 557 537 103.91435639768368
0 577 538 102.89336564974634
0 572 539 102.86667970596585
0 550 541 104.66256784622905
0 561 543 102.85931984974161
0 562 544 103.94666341516124
0 555 545 105.60896155756137
0 551 546 134.25021655240567
0 585 549 104.34573850139009
0 564 550 102.88551614785692
0 587 551 102.91151747663743
0 597 552 104.18077656246487
0 586 553 102.87826084077139
0 579 554 105.46222150729014
0 565 555 103.97487282500437
0 559 556 103.07958031907624
0 566 557 115.40864017601156
0 567 558 102.88007141724013
0 588 559 106.02063309244498
0 573 560 102.87462726286623
0 568 561 126.16211544154932
0 610 562 103.51248118511967
0 601 563 102.86201266553078
0 598 564 140.31922316825637
0 580 565 179.26712669813801
0 602 566 103.9119750490598
0 589 567 105.444318549489
0 591 568 108.82935449980916
0 581 569 102.86971350935967
0 612 570 102.57138009827823
0 594 571 112.22433500897309
0 616 573 103.36249382756361
0 595 574 112.50675873455165
0 596 575 117.74410339619676
0 583 577 111.88249188583958
0 599 578 102.89179439151575
0 584 579 105.15731807350663
0 607 580 102.91514734797084
0 604 581 105.07059780248271
0 593 582 105.73271665427346
0 613 584 133.2014753360124
0 605 585 105.52545079204081
0 600 586 105.99672695014692
0 625 587 103.23113539434839
0 608 588 105.98970250993422
0 614 589 122.5407959476236
0 606 590 110.70004389147114
0 609 591 103.23044304530377
0 631 592 103.4011495702994
0 615 593 121.25148246945987
0 617 594 105.25594110912748
0 639 595 102.88090417763944
0 632 596 102.91628370814551
0 619 597 117.11047360549446
0 611 598 110.40315023637302
0 629 599 104.67154632640481
0 622 600 191.172125168101
0 627 602 104.43568635435878
0 620 604 115.5174332201194
0 621 606 103.23984454102275
0 624 607 147.9581648097099
0 643 608 105.65716721648369
0 634 609 112.31851156891884
0 623 610 167.10729022438423
0 644 611 106.63771673517486
0 628 612 141.6122196342895
0 645 614 103.24442521435542
0 636 615 119.19032610712654
0 647 616 103.32135353972541
0 638 617 103.22896310096625
0 646 618 103.19406650060614
0 657 619 103.90112520429125
0 653 620 103.09098773191872
0 656 621 106.09128247829891
0 648 622 102.99369731133248
0 658 623 121.54050846556376
0 642 625 102.88100511920999
0 651 626 102.9078878613499
0 649 627 102.73912565028644
0 652 628 102.86094687380502
0 667 629 103.0257253342628
0 668 630 116.52148028505134
0 662 631 104.52356880499146
0 673 632 136.92372417614837
0 672 633 102.80082533716974
0 663 634 102.95702616659297
0 655 635 102.86834480667169
0 674 636 104.4427533835605
0 665 637 104.65657434379325
0 676 639 102.93944567052155
0 669 640 104.20799989366287
0 670 641 117.8371069238049
0 678 643 102.86780238158246
0 680 644 102.89934822869672
0 681 645 102.86873586086602

238.0 49.0
295.0 77.0
526.0 82.0
531.0 84.0
536.0 86.0
538.0 91.0
515.0 92.0
517.0 97.0
517.0 102.0
533.0 103.0
513.0 108.0
531.0 108.0
526.0 110.0
458.0 115.0
504.0 117.0
476.0 118.0
499.0 119.0
542.0 119.0
585.0 119.0
470.0 120.0
483.0 121.0
557.0 122.0
569.0 122.0
446.0 129.0
471.0 130.0
590.0 130.0
479.0 133.0
599.0 133.0
445.0 136.0
451.0 137.0
575.0 138.0
461.0 139.0
474.0 139.0
594.0 141.0
455.0 143.0
600.0 143.0
526.0 144.0
446.0 145.0
586.0 146.0
466.0 147.0
275.0 148.0
280.0 148.0
494.0 149.0
290.0 150.0
546.0 150.0
557.0 150.0
267.0 151.0
295.0 152.0
461.0 152.0
477.0 153.0
495.0 154.0
596.0 154.0
517.0 155.0
556.0 155.0
573.0 155.0
505.0 157.0
535.0 157.0
546.0 157.0
448.0 159.0
482.0 159.0
304.0 160.0
468.0 160.0
592.0 160.0
162.0 162.0
172.0 162.0
265.0 162.0
459.0 162.0
564.0 162.0
553.0 163.0
580.0 163.0
279.0 164.0
479.0 164.0
259.0 165.0
449.0 165.0
524.0 165.0
149.0 167.0
182.0 167.0
414.0 167.0
564.0 167.0
187.0 168.0
459.0 168.0
308.0 169.0
532.0 169.0
144.0 170.0
257.0 170.0
281.0 170.0
449.0 170.0
513.0 170.0
523.0 170.0
470.0 171.0
485.0 171.0
590.0 171.0
155.0 172.0
177.0 172.0
268.0 172.0
189.0 173.0
296.0 174.0
257.0 175.0
410.0 175.0
309.0 176.0
561.0 176.0
139.0 177.0
376.0 177.0
381.0 178.0
457.0 178.0
477.0 178.0
519.0 178.0
552.0 178.0
505.0 179.0
525.0 179.0
273.0 180.0
287.0 180.0
530.0 180.0
535.0 180.0
540.0 180.0
166.0 181.0
263.0 181.0
358.0 181.0
389.0 181.0
585.0 181.0
181.0 183.0
407.0 183.0
557.0 184.0
195.0 185.0
257.0 185.0
476.0 185.0
566.0 185.0
137.0 186.0
544.0 186.0
286.0 187.0
306.0 187.0
176.0 189.0
355.0 189.0
486.0 189.0
497.0 189.0
508.0 189.0
573.0 189.0
188.0 191.0
137.0 192.0
283.0 192.0
455.0 192.0
531.0 193.0
554.0 193.0
466.0 194.0
482.0 194.0
268.0 195.0
295.0 195.0
600.0 195.0
164.0 196.0
309.0 196.0
194.0 197.0
416.0 197.0
206.0 198.0
283.0 198.0
556.0 200.0
315.0 201.0
355.0 201.0
404.0 201.0
479.0 201.0
541.0 201.0
141.0 203.0
493.0 203.0
520.0 203.0
550.0 204.0
167.0 205.0
292.0 205.0
502.0 205.0
510.0 205.0
587.0 205.0
259.0 206.0
300.0 206.0
196.0 207.0
210.0 207.0
355.0 208.0
528.0 208.0
148.0 209.0
254.0 209.0
598.0 209.0
170.0 210.0
226.0 210.0
314.0 210.0
462.0 210.0
249.0 211.0
450.0 211.0
479.0 212.0
494.0 212.0
518.0 212.0
553.0 212.0
202.0 213.0
533.0 213.0
295.0 214.0
353.0 214.0
484.0 214.0
232.0 215.0
502.0 215.0
154.0 216.0
317.0 216.0
143.0 217.0
358.0 217.0
186.0 219.0
239.0 219.0
253.0 219.0
264.0 219.0
494.0 219.0
560.0 219.0
530.0 220.0
467.0 221.0
449.0 222.0
475.0 222.0
540.0 222.0
272.0 223.0
297.0 224.0
311.0 224.0
165.0 225.0
222.0 225.0
260.0 225.0
504.0 225.0
552.0 225.0
485.0 226.0
455.0 227.0
492.0 227.0
520.0 228.0
142.0 229.0
238.0 229.0
311.0 229.0
209.0 230.0
250.0 230.0
500.0 230.0
530.0 230.0
551.0 230.0
561.0 231.0
589.0 231.0
196.0 232.0
166.0 233.0
266.0 233.0
470.0 233.0
225.0 234.0
259.0 235.0
304.0 235.0
478.0 235.0
500.0 235.0
465.0 236.0
183.0 237.0
197.0 237.0
167.0 238.0
453.0 238.0
544.0 238.0
251.0 239.0
510.0 239.0
554.0 240.0
270.0 241.0
283.0 241.0
86.0 242.0
198.0 242.0
489.0 242.0
147.0 243.0
204.0 243.0
297.0 243.0
227.0 244.0
262.0 244.0
469.0 244.0
501.0 244.0
510.0 244.0
478.0 245.0
524.0 245.0
549.0 246.0
95.0 247.0
194.0 247.0
215.0 247.0
238.0 248.0
243.0 248.0
248.0 248.0
170.0 249.0
253.0 249.0
270.0 249.0
314.0 249.0
453.0 249.0
461.0 249.0
483.0 249.0
511.0 249.0
544.0 249.0
184.0 250.0
469.0 250.0
516.0 251.0
534.0 251.0
558.0 251.0
193.0 252.0
223.0 252.0
261.0 252.0
156.0 253.0
207.0 253.0
282.0 253.0
304.0 253.0
495.0 253.0
545.0 254.0
165.0 255.0
237.0 255.0
214.0 256.0
445.0 256.0
477.0 256.0
192.0 257.0
247.0 257.0
292.0 257.0
503.0 257.0
174.0 258.0
225.0 258.0
454.0 258.0
259.0 259.0
272.0 259.0
515.0 259.0
527.0 259.0
89.0 261.0
216.0 261.0
462.0 261.0
478.0 261.0
208.0 263.0
544.0 263.0
185.0 264.0
244.0 264.0
437.0 264.0
84.0 265.0
141.0 265.0
146.0 265.0
323.0 265.0
448.0 265.0
534.0 265.0
493.0 266.0
196.0 267.0
503.0 267.0
135.0 269.0
563.0 269.0
537.0 270.0
100.0 272.0
117.0 272.0
271.0 272.0
447.0 272.0
459.0 272.0
464.0 272.0
482.0 272.0
155.0 273.0
452.0 273.0
492.0 273.0
508.0 273.0
123.0 274.0
527.0 274.0
566.0 274.0
108.0 275.0
547.0 275.0
191.0 277.0
438.0 277.0
558.0 278.0
482.0 279.0
515.0 279.0
333.0 280.0
571.0 280.0
471.0 281.0
504.0 281.0
540.0 281.0
173.0 282.0
524.0 282.0
153.0 283.0
190.0 283.0
535.0 283.0
548.0 283.0
495.0 284.0
484.0 285.0
139.0 286.0
147.0 286.0
158.0 287.0
84.0 288.0
435.0 288.0
519.0 288.0
126.0 289.0
184.0 289.0
452.0 289.0
558.0 289.0
538.0 290.0
327.0 293.0
335.0 293.0
344.0 293.0
500.0 293.0
105.0 294.0
124.0 294.0
213.0 294.0
280.0 294.0
315.0 294.0
371.0 295.0
467.0 296.0
543.0 296.0
86.0 297.0
114.0 297.0
196.0 297.0
184.0 298.0
438.0 298.0
445.0 298.0
150.0 299.0
565.0 299.0
309.0 300.0
496.0 300.0
96.0 301.0
101.0 301.0
320.0 301.0
475.0 301.0
87.0 302.0
516.0 302.0
248.0 303.0
437.0 303.0
159.0 305.0
314.0 305.0
451.0 305.0
550.0 305.0
102.0 306.0
228.0 306.0
484.0 306.0
539.0 306.0
567.0 306.0
331.0 307.0
242.0 308.0
305.0 308.0
341.0 308.0
458.0 308.0
78.0 309.0
216.0 309.0
515.0 309.0
436.0 310.0
269.0 311.0
279.0 311.0
102.0 312.0
207.0 312.0
472.0 312.0
498.0 312.0
503.0 312.0
540.0 312.0
559.0 312.0
88.0 313.0
242.0 313.0
321.0 313.0
78.0 314.0
247.0 314.0
233.0 315.0
546.0 315.0
270.0 316.0
448.0 316.0
479.0 316.0
553.0 316.0
312.0 317.0
459.0 317.0
507.0 317.0
558.0 317.0
437.0 318.0
515.0 318.0
531.0 318.0
79.0 319.0
96.0 319.0
167.0 319.0
259.0 319.0
91.0 320.0
84.0 321.0
373.0 321.0
212.0 322.0
295.0 322.0
489.0 322.0
335.0 323.0
443.0 323.0
548.0 323.0
559.0 323.0
107.0 324.0
353.0 324.0
159.0 325.0
98.0 326.0
201.0 326.0
310.0 326.0
468.0 326.0
537.0 326.0
481.0 327.0
506.0 327.0
230.0 328.0
521.0 328.0
559.0 328.0
92.0 330.0
120.0 330.0
223.0 330.0
392.0 330.0
215.0 331.0
311.0 331.0
332.0 331.0
494.0 331.0
79.0 332.0
323.0 332.0
110.0 333.0
353.0 333.0
358.0 333.0
482.0 333.0
373.0 334.0
532.0 334.0
296.0 335.0
363.0 335.0
557.0 335.0
340.0 336.0
463.0 337.0
488.0 337.0
100.0 338.0
392.0 338.0
345.0 339.0
527.0 339.0
501.0 340.0
92.0 341.0
470.0 341.0
314.0 342.0
83.0 343.0
121.0 343.0
475.0 343.0
544.0 343.0
319.0 344.0
337.0 344.0
367.0 345.0
538.0 346.0
501.0 347.0
532.0 347.0
103.0 348.0
331.0 348.0
527.0 348.0
108.0 349.0
346.0 349.0
121.0 350.0
351.0 350.0
95.0 351.0
362.0 351.0
324.0 355.0
77.0 357.0
86.0 357.0
109.0 358.0
314.0 358.0
96.0 359.0
474.0 359.0
334.0 361.0
371.0 361.0
349.0 362.0
102.0 364.0
94.0 366.0
324.0 366.0
80.0 367.0
149.0 368.0
315.0 368.0
519.0 368.0
89.0 369.0
344.0 371.0
134.0 375.0
328.0 375.0
336.0 375.0
113.0 384.0
91.0 393.0
322.0 406.0

186.0 18.0
249.0 48.0
496.0 50.0
502.0 50.0
507.0 50.0
512.0 63.0
490.0 58.0
490.0 63.0
491.0 69.0
507.0 71.0
488.0 76.0
505.0 76.0
500.0 77.0
427.0 85.0
480.0 85.0
446.0 90.0
471.0 86.0
516.0 87.0
558.0 90.0
440.0 90.0
452.0 92.0
529.0 94.0
542.0 94.0
415.0 100.0
441.0 100.0
564.0 101.0
455.0 101.0
574.0 104.0
416.0 110.0
422.0 106.0
548.0 108.0
433.0 108.0
448.0 106.0
569.0 112.0
427.0 113.0
577.0 116.0
503.0 111.0
417.0 115.0
562.0 118.0
440.0 115.0
232.0 118.0
237.0 118.0
471.0 117.0
247.0 121.0
525.0 118.0
536.0 117.0
223.0 121.0
252.0 123.0
435.0 121.0
452.0 122.0
471.0 122.0
571.0 125.0
494.0 123.0
536.0 123.0
554.0 122.0
482.0 127.0
516.0 125.0
525.0 127.0
419.0 129.0
457.0 126.0
263.0 133.0
443.0 130.0
569.0 131.0
102.0 132.0
115.0 132.0
220.0 133.0
432.0 132.0
544.0 130.0
530.0 131.0
559.0 133.0
236.0 135.0
457.0 131.0
215.0 134.0
420.0 143.0
501.0 135.0
86.0 138.0
124.0 136.0
379.0 145.0
542.0 136.0
129.0 141.0
432.0 140.0
268.0 146.0
510.0 139.0
81.0 140.0
211.0 141.0
238.0 143.0
404.0 147.0
489.0 140.0
501.0 144.0
444.0 142.0
460.0 141.0
566.0 144.0
95.0 143.0
120.0 144.0
223.0 145.0
134.0 145.0
255.0 149.0
210.0 148.0
371.0 153.0
268.0 152.0
539.0 146.0
75.0 151.0
338.0 157.0
343.0 158.0
429.0 150.0
452.0 149.0
496.0 149.0
529.0 148.0
481.0 149.0
501.0 149.0
224.0 157.0
245.0 153.0
506.0 151.0
511.0 151.0
516.0 151.0
107.0 153.0
218.0 154.0
318.0 159.0
348.0 160.0
555.0 158.0
125.0 154.0
369.0 162.0
534.0 156.0
141.0 158.0
210.0 158.0
446.0 158.0
543.0 156.0
74.0 159.0
513.0 160.0
245.0 158.0
266.0 162.0
119.0 161.0
314.0 170.0
462.0 162.0
469.0 160.0
483.0 160.0
539.0 162.0
132.0 164.0
74.0 164.0
240.0 166.0
416.0 173.0
503.0 164.0
525.0 164.0
436.0 169.0
452.0 169.0
223.0 169.0
254.0 170.0
561.0 174.0
106.0 169.0
268.0 173.0
139.0 173.0
378.0 178.0
155.0 175.0
241.0 173.0
528.0 175.0
276.0 177.0
315.0 182.0
365.0 182.0
449.0 177.0
512.0 175.0
78.0 175.0
464.0 178.0
494.0 176.0
520.0 179.0
108.0 179.0
250.0 181.0
475.0 183.0
484.0 179.0
548.0 182.0
214.0 182.0
260.0 182.0
142.0 183.0
157.0 183.0
315.0 189.0
501.0 182.0
86.0 185.0
204.0 188.0
559.0 188.0
112.0 186.0
172.0 185.0
274.0 187.0
433.0 185.0
196.0 194.0
421.0 186.0
448.0 189.0
464.0 187.0
495.0 186.0
524.0 187.0
150.0 189.0
507.0 187.0
254.0 191.0
312.0 198.0
453.0 191.0
182.0 193.0
474.0 191.0
93.0 193.0
278.0 197.0
82.0 194.0
317.0 199.0
131.0 195.0
191.0 196.0
206.0 198.0
220.0 196.0
465.0 195.0
533.0 194.0
505.0 194.0
440.0 195.0
416.0 205.0
445.0 199.0
513.0 197.0
229.0 200.0
256.0 202.0
270.0 201.0
109.0 201.0
170.0 202.0
215.0 204.0
478.0 199.0
517.0 204.0
454.0 207.0
425.0 203.0
462.0 208.0
493.0 202.0
81.0 208.0
191.0 208.0
271.0 209.0
156.0 209.0
204.0 208.0
473.0 205.0
504.0 205.0
526.0 205.0
534.0 210.0
550.0 212.0
142.0 208.0
108.0 212.0
223.0 213.0
440.0 208.0
175.0 212.0
215.0 213.0
264.0 217.0
447.0 213.0
473.0 210.0
435.0 213.0
126.0 217.0
144.0 216.0
110.0 219.0
423.0 215.0
518.0 213.0
206.0 218.0
483.0 215.0
527.0 218.0
227.0 220.0
241.0 221.0
13.0 219.0
139.0 221.0
461.0 219.0
86.0 223.0
153.0 223.0
256.0 224.0
180.0 221.0
218.0 223.0
438.0 219.0
474.0 221.0
484.0 220.0
447.0 225.0
498.0 221.0
518.0 219.0
24.0 225.0
140.0 226.0
165.0 226.0
192.0 228.0
197.0 228.0
202.0 227.0
113.0 230.0
209.0 228.0
228.0 229.0
271.0 225.0
422.0 229.0
431.0 227.0
456.0 230.0
485.0 225.0
518.0 225.0
130.0 231.0
438.0 230.0
489.0 232.0
508.0 228.0
529.0 228.0
141.0 232.0
174.0 232.0
217.0 233.0
97.0 234.0
156.0 233.0
237.0 235.0
264.0 234.0
468.0 230.0
517.0 230.0
107.0 236.0
189.0 238.0
164.0 236.0
414.0 234.0
456.0 237.0
138.0 237.0
200.0 239.0
254.0 241.0
477.0 233.0
119.0 240.0
177.0 239.0
423.0 237.0
214.0 241.0
229.0 241.0
489.0 240.0
500.0 235.0
18.0 242.0
167.0 242.0
431.0 240.0
446.0 239.0
157.0 245.0
517.0 237.0
131.0 246.0
197.0 247.0
405.0 244.0
13.0 246.0
81.0 247.0
86.0 247.0
281.0 241.0
418.0 241.0
515.0 246.0
466.0 243.0
144.0 249.0
476.0 245.0
73.0 251.0
531.0 245.0
510.0 247.0
31.0 255.0
51.0 254.0
228.0 255.0
415.0 250.0
429.0 251.0
434.0 251.0
453.0 250.0
96.0 256.0
420.0 252.0
465.0 251.0
482.0 251.0
58.0 257.0
499.0 252.0
536.0 253.0
40.0 258.0
520.0 249.0
138.0 257.0
407.0 256.0
529.0 256.0
453.0 258.0
487.0 257.0
295.0 264.0
542.0 258.0
442.0 260.0
476.0 259.0
513.0 256.0
118.0 267.0
500.0 259.0
94.0 266.0
136.0 268.0
508.0 261.0
520.0 261.0
467.0 263.0
454.0 264.0
77.0 270.0
87.0 271.0
100.0 274.0
13.0 272.0
403.0 269.0
492.0 266.0
63.0 273.0
130.0 274.0
422.0 268.0
530.0 268.0
510.0 268.0
289.0 275.0
298.0 275.0
306.0 274.0
470.0 271.0
38.0 280.0
59.0 279.0
164.0 280.0
238.0 278.0
278.0 277.0
339.0 276.0
440.0 277.0
511.0 273.0
15.0 281.0
48.0 282.0
144.0 284.0
131.0 283.0
407.0 279.0
412.0 279.0
91.0 287.0
538.0 278.0
272.0 282.0
469.0 280.0
28.0 289.0
33.0 290.0
284.0 284.0
447.0 280.0
18.0 288.0
488.0 281.0
201.0 288.0
404.0 284.0
102.0 295.0
277.0 288.0
421.0 286.0
521.0 283.0
35.0 295.0
180.0 293.0
455.0 285.0
509.0 285.0
539.0 283.0
296.0 289.0
197.0 294.0
266.0 293.0
308.0 291.0
429.0 288.0
8.0 296.0
164.0 296.0
485.0 289.0
404.0 294.0
226.0 298.0
237.0 298.0
35.0 300.0
157.0 299.0
444.0 292.0
471.0 292.0
475.0 284.0
514.0 290.0
532.0 290.0
17.0 302.0
196.0 301.0
287.0 296.0
8.0 304.0
203.0 300.0
186.0 303.0
519.0 297.0
226.0 303.0
417.0 297.0
453.0 293.0
525.0 292.0
276.0 300.0
430.0 298.0
480.0 297.0
531.0 297.0
407.0 302.0
485.0 298.0
505.0 296.0
8.0 309.0
29.0 308.0
104.0 307.0
215.0 306.0
21.0 312.0
16.0 311.0
343.0 304.0
162.0 310.0
257.0 308.0
461.0 302.0
302.0 306.0
413.0 306.0
521.0 303.0
531.0 302.0
41.0 315.0
321.0 307.0
103.0 316.0
30.0 318.0
149.0 315.0
272.0 311.0
440.0 307.0
510.0 305.0
453.0 307.0
479.0 307.0
183.0 316.0
494.0 308.0
530.0 307.0
23.0 322.0
57.0 320.0
178.0 318.0
362.0 311.0
166.0 320.0
275.0 316.0
298.0 316.0
467.0 311.0
10.0 323.0
288.0 317.0
45.0 325.0
322.0 317.0
327.0 317.0
453.0 314.0
343.0 318.0
505.0 314.0
258.0 321.0
333.0 320.0
527.0 316.0
306.0 323.0
436.0 320.0
460.0 318.0
33.0 330.0
362.0 321.0
311.0 323.0
500.0 320.0
474.0 321.0
24.0 333.0
442.0 323.0
282.0 325.0
12.0 337.0
58.0 335.0
447.0 325.0
519.0 322.0
285.0 332.0
306.0 329.0
336.0 330.0
512.0 326.0
473.0 328.0
504.0 329.0
38.0 342.0
298.0 335.0
499.0 329.0
45.0 342.0
313.0 331.0
58.0 343.0
318.0 336.0
27.0 344.0
330.0 336.0
289.0 343.0
8.0 353.0
19.0 350.0
44.0 352.0
278.0 346.0
30.0 353.0
443.0 341.0
298.0 348.0
341.0 347.0
316.0 349.0
37.0 360.0
27.0 363.0
289.0 354.0
12.0 365.0
88.0 364.0
279.0 357.0
489.0 350.0
20.0 366.0
311.0 359.0
74.0 371.0
292.0 363.0
300.0 363.0
50.0 382.0
24.0 393.0
287.0 399.0
