0 5 2 243.43259186280775
0 43 3 191.15672541818483
0 25 4 300.57220313524823
0 41 6 194.51943870786124
0 42 8 163.20690384428684
0 21 9 250.88825141200397
0 40 10 142.73733104450613
0 37 11 203.6860298641372
0 44 12 132.30272543102123
0 74 13 221.18038961893313
0 92 14 446.4541883081308
0 69 16 217.8073982678453
0 28 18 358.6614875163808
0 98 19 233.53062382649833
0 91 20 246.59540816952705
0 94 21 344.08492063199077
0 112 22 191.8579494117686
0 107 23 376.1838359853313
0 32 24 410.8522668764206
0 117 25 246.86836421980698
0 90 26 140.62513803960334
0 106 28 201.50413326173427
0 48 29 235.62679931370383
0 141 31 192.87521661825593
0 131 32 167.28587668506418
0 127 34 143.615034144191
0 129 35 108.53593015750738
0 137 36 377.2127067130834
0 133 37 156.98890602308626
0 161 39 172.63346663026837
0 46 40 267.0195049690501
0 58 41 304.1494372075101
0 115 43 143.28534015204602
0 34 44 235.23589852415455
0 59 45 199.6715464985212
0 135 46 167.0199023597716
0 227 47 407.98868871577565
0 172 48 154.3908289512988
0 193 49 163.62956662471865
0 154 50 162.66064677159082
0 165 53 487.47591362602867
0 155 54 155.16430029588767
0 210 55 251.6490736824911
0 57 56 196.06796296341744
0 184 58 202.67108767510615
0 124 60 177.45778834192333
0 128 62 248.1420424443592
0 134 63 257.4887838350632
0 157 67 232.27924099370543
0 216 68 226.73713622534223
0 72 69 138.96977154399252
0 142 71 249.14862198914332
0 152 72 244.59102092657213
0 173 73 199.57748692152032
0 175 74 210.1651372882921
0 179 75 147.1198440867169
0 191 76 209.83669544666364
0 214 79 254.81804104299232
0 220 81 257.29217314771995
0 187 85 189.4806555356732
0 60 86 174.9690937453917
0 203 87 136.99771858497886
0 192 88 172.2776512749686
0 194 89 342.99523989578
0 77 90 275.7831803685407
0 86 91 139.4066903713985
0 235 92 166.964801701373
0 66 93 372.8266079704356
0 183 95 120.95754867907291
0 143 96 148.62779956970516
0 233 97 259.51896566232557
0 244 99 276.5121548329465
0 225 100 447.5608587365045
0 199 101 271.6624362821182
0 239 102 183.1566600829953
0 80 103 160.7160965678929
0 146 104 121.40653195927736
0 208 105 148.23060770232615
0 168 106 159.20569933313246
0 159 107 241.94970562467776
0 226 108 325.14668186336866
0 97 110 276.90905015658353
0 238 111 190.12668527452254
0 164 113 135.41610637497598
0 170 114 136.2621729398683
0 178 115 144.6166110170976
0 186 116 150.6913145633731
0 221 117 139.64939687752732
0 230 118 110.59873907062921
0 197 119 194.8823397195575
0 205 120 169.4940329311442
0 212 121 138.19016458148573
0 219 122 177.96146844907997
0 234 123 159.7168867327022
0 209 124 193.17738100117953
0 70 125 262.82057819312826
0 84 126 122.05787347176809
0 103 127 152.8164008862636
0 277 128 205.20008003886483
0 222 129 185.40042140839518
0 237 130 255.9820520396557
0 268 131 190.78281923728338
0 110 132 279.44412372068143
0 245 134 369.01124098420064
0 196 135 192.4808938469548
0 249 136 160.60875265747248
0 251 137 195.14932738498268
0 257 138 308.3224959962422
0 250 139 176.58567463079524
0 255 140 120.87618797853264
0 289 141 237.88011660044947
0 232 142 148.8633444638535
0 252 143 260.9235707670451
0 262 146 144.5649093428469
0 114 148 109.56733834274563
0 307 151 217.40893534425476
0 108 152 117.11896773004555
0 281 154 276.91510607171097
0 284 155 168.70881446703956
0 292 156 197.32111542801442
0 270 157 146.56047684261588
0 248 158 171.63538063801462
0 290 159 241.7308147276821
0 310 162 272.5515070554306
0 275 163 162.18743045712543
0 276 164 144.58951567574238
0 300 166 211.48025385118964
0 113 167 109.18067714966418
0 138 168 383.24944838785797
0 303 172 201.01211658408883
0 228 173 119.4180571130841
0 280 174 346.97811638001235
0 132 175 144.26866009444544
0 332 179 223.207626718954
0 218 181 295.4382522719987
0 329 182 238.0759870813121
0 288 183 327.65747354869353
0 123 184 138.14359206262188
0 122 186 182.66901947402846
0 294 187 128.69381866471278
0 295 188 112.42123009770478
0 312 189 343.14508661198136
0 302 190 117.09567927601366
0 309 191 200.66188745808185
0 324 192 209.33810357367494
0 319 193 217.42323414095668
0 354 195 185.89879864849757
0 149 197 182.99550081407244
0 160 198 140.77246563948364
0 298 200 200.85315700655673
0 357 201 203.2144583826641
0 304 202 419.70583195221866
0 229 203 497.5747657481261
0 318 205 113.56735746437687
0 337 206 130.72694215097556
0 163 207 271.65157155381416
0 308 208 367.0674484589962
0 331 209 179.102908492584
0 140 210 190.80084944349804
0 145 211 175.66345422129226
0 336 212 254.22818826524036
0 322 213 156.84742327411158
0 148 215 138.93637405493303
0 321 217 183.8848290995722
0 314 218 334.4415991592521
0 151 219 112.92711774827693
0 343 222 207.08489822242177
0 339 224 227.6662420850632
0 190 225 186.0658986644285
0 349 227 205.001948941401
0 382 229 180.95689663726725
0 327 230 292.76558794834114
0 328 233 181.0773038058555
0 371 234 279.19108017866205
0 359 237 285.8157274650863
0 195 241 175.89102591992486
0 374 242 294.70855899786676
0 344 243 352.7885910517505
0 182 244 148.96424699884457
0 376 245 488.849255160612
0 355 246 209.81499325616747
0 341 247 237.66017454914277
0 367 248 360.99357268869295
0 395 249 328.56491129772263
0 365 251 255.99500009765435
0 356 252 206.6440687652649
0 358 253 352.82895166440187
0 373 255 118.74409896775995
0 202 256 115.42983281638148
0 387 258 321.096364319968
0 385 259 361.99539598360093
0 399 260 207.8803312635813
0 377 261 282.1455397841195
0 393 264 108.6798499450972
0 402 265 139.08797696625976
0 401 266 459.92649686814974
0 391 267 301.46814010460236
0 394 268 119.76619301675784
0 211 269 182.2489603676348
0 404 270 368.1985213432566
0 379 271 261.20639149502887
0 361 273 332.0969543556161
0 405 274 112.29848347793772
0 396 276 309.34981505998104
0 403 277 237.4965857739579
0 419 278 135.22620174019383
0 423 280 214.57439817752876
0 434 281 197.32958650709722
0 415 283 110.90636376316571
0 409 284 186.61526294538427
0 441 285 170.56806047691953
0 431 286 164.93802983337315
0 414 288 138.0444186777281
0 430 289 123.75319724222092
0 437 290 434.6696742785129
0 446 291 410.67207368552266
0 411 292 160.28980007455957
0 412 293 233.25641406908608
0 424 294 206.91108919150443
0 418 295 266.87235260610373
0 426 296 368.24693056515525
0 443 297 235.1798246708408
0 433 298 415.5343499350094
0 445 299 275.0823703442822
0 451 300 186.28046546311145
0 420 301 217.42023335083914
0 425 303 163.64798529849986
0 438 304 111.26830975817875
0 428 305 114.06865842652411
0 429 307 177.5530234000379
0 389 308 353.9539610497426
0 440 309 253.7173721346389
0 453 310 201.8413925084206
0 439 311 160.46469410908855
0 444 312 167.6916679993603
0 460 314 224.32885060254594
0 456 316 187.8434590070546
0 462 317 149.42632767684285
0 432 318 199.50773583456234
0 449 319 136.57857053890734
0 450 320 186.34814432315244
0 448 321 201.48415664017577
0 455 322 131.48839704486042
0 464 323 154.55524461274538
0 467 325 201.68139798258687
0 435 326 149.08398989010828
0 481 327 337.9410996611266
0 473 328 212.64758359685266
0 461 329 130.2533576471874
0 466 330 219.88736831682297
0 397 331 322.678545566867
0 472 333 195.57055929872007
0 477 334 123.56714919371944
0 491 337 286.66579524940903
0 483 338 316.7420076393179
0 457 341 261.6723764277977
0 492 342 488.6656485899307
0 474 343 134.3196282427701
0 447 344 122.81379868503011
0 487 346 219.73851754309908
0 475 347 303.134210550803
0 463 348 123.42541013757081
0 494 350 178.99517539690336
0 465 354 128.09756454367368
0 493 356 264.14583332513314
0 496 357 111.47962933184847
0 485 359 108.77337346124646
0 506 362 131.8194160892259
0 470 363 132.73880532657344
0 504 366 231.02177521224863
0 469 367 120.24692984376844
0 530 368 355.0774125249262
0 521 369 189.37643163499501
0 505 370 123.85413880624219
0 452 372 272.8675009264478
0 478 373 123.83323169647056
0 516 374 113.70748172990928
0 525 375 173.00388395267075
0 501 377 241.99055402315116
0 499 378 114.49535374050079
0 523 381 250.36504819394244
0 468 382 290.13231658342426
0 498 385 194.76474191769233
0 489 386 169.71699799512555
0 528 387 125.22629003175886
0 495 388 137.43530846772293
0 509 389 187.09739366214484
0 529 394 165.7781472887811
0 535 395 152.37132023049486
0 533 396 218.52727123884299
0 538 400 146.65072995756913
0 540 402 157.59336232104596
0 541 403 209.7768744010739
0 548 404 333.2454595220332
0 542 405 162.20312651516625
0 544 406 192.57828435469946
0 532 409 275.21332161650844
0 515 412 153.4575338245704
0 517 413 132.1834771599
0 526 415 323.64749132536735
0 508 420 424.26902917687636
0 547 423 188.15480016225717
0 524 424 462.02879029920024
0 575 427 315.83227991374355
0 543 430 124.8800751369852
0 539 432 363.15998585648924
0 556 437 243.9073344333276
0 552 438 132.3546509907932
0 550 440 144.48929886947212
0 576 441 131.66852011574312
0 554 442 163.20301417309997
0 574 443 129.30537541043736
0 593 445 344.866120202292
0 583 447 180.41460521142767
0 581 448 491.33158825057006
0 558 452 172.79530215408917
0 585 456 165.29871271232906
0 588 457 127.73939883995207
0 555 458 225.38841452368285
0 589 459 104.77606457624758
0 571 462 148.16600454851502
0 573 463 132.90872590758332
0 587 464 410.1945367226289
0 597 467 155.0237794933633
0 595 468 132.03387710989222
0 601 469 210.7127404523942
0 579 470 220.85030683277856
0 598 473 449.3918910276864
0 578 474 115.22620087960065
0 584 475 465.86930003323823
0 592 478 134.56367506094068
0 609 479 190.8585212448953
0 594 480 263.4625270327493
0 604 481 294.97992027890956
0 591 483 208.53092680033504
0 602 487 287.2585431434878
0 599 488 207.0770896471675
0 610 489 291.70071130799056
0 634 491 270.6534065358802
0 608 493 130.74327259827888
0 624 497 236.2861206823887
0 596 498 258.0849686554711
0 628 500 227.68708215099844
0 600 504 286.6679749416082
0 625 505 157.33709204434302
0 616 506 349.49045709813544
0 621 507 281.8373637752517
0 631 511 229.32715824224505
0 622 512 218.66090459960722
0 641 513 222.9831726095075
0 633 515 276.51741862602756
0 613 516 206.52666070126574
0 654 517 144.10845625814503
0 611 518 151.32799724930607
0 615 521 147.7890810847475
0 649 522 376.88261415732313
0 632 528 197.07766841689244
0 663 535 136.72649511353933
0 644 536 327.46254440410667
0 647 538 311.3651069381635
0 659 540 141.22400927081554
0 637 541 126.59310623127811
0 639 542 450.4229019793774
0 672 544 220.76207925542147
0 661 546 192.27796776368487
0 642 547 200.49557393524174
0 653 548 221.8739624794893
0 577 549 109.49781633738338
0 636 551 107.88928208346525
0 658 552 128.3461582213809
0 657 553 316.62816202992707
0 664 554 105.77532656616175
0 667 555 175.59360854610847
0 666 556 230.92637972675004
0 660 558 141.6790930898278
0 606 561 113.94015424270671
0 674 563 263.5188064355437
0 603 565 129.70094950201027
0 665 566 167.21249976329227
0 662 567 188.22469276026942
0 635 571 115.57854283078153
0 671 572 113.95515263286875
0 629 573 132.209320349453
0 670 574 119.14219011587754
0 678 575 107.24372598401419
0 675 576 411.10231499669175
0 677 582 147.31916294078172
0 683 585 270.23248037590133
0 680 588 249.2743360465112
0 699 593 120.07888158379265
0 690 599 334.0836062484001
0 732 604 169.1153246429114
0 687 605 432.1755263827307
0 706 611 408.3172051087304
0 738 622 471.6081202581007
0 731 623 181.64408243852282
0 734 624 201.23153022512165

0 1050.0 94.0
0 895.0 191.0
0 870.0 363.0
0 811.0 364.0
0 838.0 364.0
0 738.0 367.0
0 828.0 368.0
0 833.0 368.0
0 840.0 372.0
0 874.0 373.0
0 855.0 377.0
0 871.0 380.0
0 887.0 388.0
0 835.0 393.0
0 1031.0 393.0
0 828.0 394.0
0 849.0 396.0
0 699.0 398.0
0 672.0 401.0
0 819.0 401.0
0 944.0 401.0
0 968.0 401.0
0 1017.0 401.0
0 1037.0 401.0
0 636.0 403.0
0 818.0 407.0
0 858.0 408.0
0 686.0 409.0
0 830.0 409.0
0 660.0 410.0
0 960.0 410.0
0 965.0 410.0
0 983.0 410.0
0 818.0 412.0
0 1034.0 412.0
0 804.0 413.0
0 1045.0 416.0
0 818.0 417.0
0 938.0 417.0
0 1033.0 417.0
0 620.0 418.0
0 645.0 418.0
0 678.0 418.0
0 854.0 418.0
0 608.0 419.0
0 656.0 420.0
0 830.0 420.0
0 954.0 422.0
0 964.0 423.0
0 976.0 423.0
0 827.0 425.0
0 1033.0 425.0
0 944.0 426.0
0 1051.0 429.0
0 841.0 430.0
0 1030.0 430.0
0 621.0 431.0
0 926.0 431.0
0 943.0 431.0
0 1017.0 432.0
0 687.0 433.0
0 692.0 433.0
0 704.0 433.0
0 709.0 433.0
0 714.0 433.0
0 719.0 433.0
0 737.0 433.0
0 743.0 433.0
0 1002.0 433.0
0 645.0 434.0
0 699.0 434.0
0 726.0 434.0
0 732.0 434.0
0 760.0 434.0
0 765.0 434.0
0 774.0 434.0
0 785.0 434.0
0 790.0 434.0
0 915.0 434.0
0 957.0 434.0
0 977.0 434.0
0 982.0 434.0
0 988.0 434.0
0 672.0 435.0
0 682.0 435.0
0 779.0 435.0
0 606.0 436.0
0 795.0 436.0
0 836.0 436.0
0 1033.0 437.0
0 613.0 440.0
0 651.0 440.0
0 1018.0 441.0
0 576.0 442.0
0 733.0 442.0
0 750.0 442.0
0 900.0 442.0
0 967.0 442.0
0 984.0 442.0
0 1002.0 442.0
0 1052.0 442.0
0 925.0 443.0
0 977.0 443.0
0 620.0 444.0
0 682.0 444.0
0 839.0 444.0
0 876.0 444.0
0 916.0 444.0
0 1070.0 444.0
0 651.0 445.0
0 667.0 445.0
0 957.0 446.0
0 1056.0 447.0
0 688.0 448.0
0 699.0 448.0
0 715.0 448.0
0 724.0 448.0
0 777.0 448.0
0 795.0 448.0
0 733.0 449.0
0 744.0 449.0
0 763.0 449.0
0 772.0 449.0
0 814.0 449.0
0 859.0 451.0
0 570.0 452.0
0 582.0 453.0
0 651.0 453.0
0 1037.0 453.0
0 888.0 454.0
0 916.0 454.0
0 994.0 455.0
0 667.0 456.0
0 953.0 456.0
0 1073.0 456.0
0 677.0 457.0
0 830.0 457.0
0 958.0 457.0
0 913.0 459.0
0 800.0 460.0
0 813.0 460.0
0 1038.0 460.0
0 867.0 461.0
0 878.0 461.0
0 681.0 462.0
0 958.0 462.0
0 821.0 463.0
0 926.0 463.0
0 627.0 465.0
0 664.0 465.0
0 797.0 465.0
0 1039.0 465.0
0 614.0 466.0
0 993.0 466.0
0 949.0 467.0
0 977.0 467.0
0 1061.0 467.0
0 864.0 469.0
0 740.0 470.0
0 891.0 470.0
0 609.0 471.0
0 650.0 471.0
0 932.0 471.0
0 821.0 472.0
0 843.0 472.0
0 945.0 472.0
0 991.0 472.0
0 592.0 473.0
0 658.0 473.0
0 964.0 473.0
0 672.0 474.0
0 711.0 474.0
0 974.0 474.0
0 684.0 475.0
0 782.0 475.0
0 643.0 476.0
0 698.0 477.0
0 703.0 477.0
0 658.0 478.0
0 897.0 478.0
0 992.0 478.0
0 665.0 479.0
0 892.0 479.0
0 1074.0 479.0
0 582.0 480.0
0 907.0 480.0
0 570.0 481.0
0 802.0 481.0
0 814.0 481.0
0 727.0 482.0
0 822.0 482.0
0 847.0 482.0
0 953.0 483.0
0 1060.0 483.0
0 919.0 484.0
0 948.0 485.0
0 609.0 486.0
0 615.0 486.0
0 629.0 487.0
0 675.0 487.0
0 744.0 487.0
0 926.0 487.0
0 1073.0 487.0
0 659.0 488.0
0 687.0 488.0
0 831.0 488.0
0 866.0 488.0
0 645.0 489.0
0 692.0 489.0
0 880.0 489.0
0 577.0 490.0
0 582.0 490.0
0 788.0 491.0
0 801.0 491.0
0 851.0 491.0
0 565.0 492.0
0 699.0 492.0
0 759.0 492.0
0 1074.0 492.0
0 590.0 493.0
0 668.0 493.0
0 931.0 493.0
0 1060.0 493.0
0 708.0 495.0
0 874.0 495.0
0 632.0 496.0
0 715.0 498.0
0 824.0 498.0
0 869.0 498.0
0 952.0 498.0
0 959.0 498.0
0 661.0 499.0
0 843.0 499.0
0 793.0 501.0
0 701.0 503.0
0 723.0 503.0
0 767.0 503.0
0 870.0 503.0
0 959.0 503.0
0 779.0 504.0
0 936.0 504.0
0 592.0 506.0
0 657.0 506.0
0 607.0 507.0
0 582.0 508.0
0 731.0 508.0
0 786.0 508.0
0 802.0 508.0
0 822.0 508.0
0 691.0 509.0
0 713.0 509.0
0 773.0 509.0
0 835.0 509.0
0 812.0 511.0
0 854.0 511.0
0 1060.0 511.0
0 560.0 513.0
0 720.0 513.0
0 740.0 513.0
0 870.0 513.0
0 940.0 513.0
0 782.0 515.0
0 1074.0 515.0
0 1051.0 516.0
0 991.0 517.0
0 1041.0 517.0
0 728.0 518.0
0 870.0 518.0
0 979.0 518.0
0 574.0 519.0
0 749.0 519.0
0 819.0 519.0
0 1065.0 519.0
0 624.0 520.0
0 1015.0 520.0
0 720.0 524.0
0 791.0 524.0
0 606.0 525.0
0 1023.0 525.0
0 669.0 527.0
0 735.0 527.0
0 940.0 527.0
0 873.0 528.0
0 1006.0 529.0
0 1061.0 530.0
0 963.0 531.0
0 1030.0 531.0
0 744.0 532.0
0 796.0 532.0
0 1016.0 532.0
0 751.0 533.0
0 763.0 533.0
0 824.0 533.0
0 875.0 533.0
0 1050.0 533.0
0 630.0 534.0
0 843.0 535.0
0 936.0 536.0
0 656.0 537.0
0 731.0 537.0
0 1035.0 537.0
0 615.0 539.0
0 623.0 540.0
0 824.0 540.0
0 1003.0 541.0
0 817.0 542.0
0 1016.0 542.0
0 633.0 543.0
0 575.0 544.0
0 880.0 544.0
0 931.0 544.0
0 644.0 545.0
0 658.0 545.0
0 610.0 547.0
0 680.0 547.0
0 875.0 547.0
0 1018.0 547.0
0 1030.0 547.0
0 622.0 548.0
0 808.0 548.0
0 835.0 548.0
0 887.0 548.0
0 953.0 548.0
0 1045.0 549.0
0 570.0 550.0
0 925.0 551.0
0 614.0 552.0
0 680.0 552.0
0 920.0 552.0
0 1007.0 552.0
0 895.0 553.0
0 1073.0 553.0
0 567.0 555.0
0 911.0 555.0
0 1024.0 555.0
0 840.0 556.0
0 904.0 556.0
0 687.0 557.0
0 708.0 557.0
0 727.0 557.0
0 732.0 558.0
0 647.0 560.0
0 749.0 560.0
0 992.0 560.0
0 595.0 562.0
0 878.0 562.0
0 1050.0 562.0
0 667.0 563.0
0 964.0 563.0
0 695.0 565.0
0 991.0 565.0
0 601.0 568.0
0 681.0 569.0
0 700.0 571.0
0 641.0 572.0
0 663.0 572.0
0 843.0 573.0
0 830.0 575.0
0 1033.0 575.0
0 886.0 577.0
0 921.0 577.0
0 789.0 579.0
0 823.0 579.0
0 622.0 580.0
0 709.0 580.0
0 953.0 580.0
0 989.0 580.0
0 582.0 581.0
0 759.0 581.0
0 1048.0 581.0
0 917.0 582.0
0 689.0 583.0
0 556.0 584.0
0 590.0 584.0
0 935.0 585.0
0 952.0 585.0
0 1048.0 586.0
0 646.0 587.0
0 867.0 587.0
0 715.0 588.0
0 848.0 588.0
0 991.0 589.0
0 1072.0 590.0
0 673.0 591.0
0 951.0 591.0
0 615.0 592.0
0 578.0 594.0
0 828.0 594.0
0 587.0 596.0
0 637.0 596.0
0 679.0 596.0
0 719.0 596.0
0 942.0 598.0
0 947.0 598.0
0 999.0 598.0
0 850.0 599.0
0 1040.0 599.0
0 662.0 600.0
0 688.0 600.0
0 700.0 601.0
0 1004.0 601.0
0 578.0 602.0
0 1009.0 603.0
0 1032.0 603.0
0 731.0 604.0
0 1016.0 605.0
0 1024.0 605.0
0 675.0 607.0
0 723.0 607.0
0 652.0 608.0
0 665.0 610.0
0 568.0 611.0
0 576.0 611.0
0 586.0 612.0
0 704.0 613.0
0 1072.0 613.0
0 1034.0 614.0
0 674.0 616.0
0 689.0 616.0
0 713.0 618.0
0 623.0 622.0
0 740.0 624.0
0 635.0 625.0
0 660.0 625.0
0 553.0 626.0
0 1025.0 628.0
0 676.0 629.0
0 740.0 629.0
0 677.0 634.0
0 586.0 635.0
0 580.0 636.0
0 680.0 639.0
0 554.0 641.0
0 637.0 641.0
0 1047.0 645.0
0 555.0 646.0
0 639.0 646.0
0 650.0 648.0
0 617.0 650.0
0 692.0 651.0
0 898.0 651.0
0 833.0 653.0
0 582.0 654.0
0 840.0 654.0
0 702.0 656.0
0 740.0 657.0
0 591.0 658.0
0 684.0 659.0
0 709.0 659.0
0 715.0 659.0
0 721.0 660.0
0 728.0 661.0
0 582.0 662.0
0 740.0 662.0
0 659.0 664.0
0 693.0 664.0
0 673.0 665.0
0 831.0 665.0
0 559.0 666.0
0 1031.0 666.0
0 706.0 667.0
0 727.0 668.0
0 596.0 671.0
0 587.0 674.0
0 848.0 675.0
0 581.0 676.0
0 639.0 676.0
0 691.0 678.0
0 676.0 679.0
0 745.0 679.0
0 653.0 680.0
0 732.0 680.0
0 845.0 682.0
0 843.0 687.0
0 894.0 687.0
0 639.0 688.0
0 701.0 688.0
0 586.0 689.0
0 607.0 690.0
0 651.0 690.0
0 1071.0 691.0
0 715.0 692.0
0 589.0 694.0
0 572.0 696.0
0 709.0 696.0
0 727.0 696.0
0 862.0 696.0
0 1072.0 696.0
0 600.0 698.0
0 703.0 698.0
0 770.0 699.0
0 734.0 700.0
0 835.0 700.0
0 1063.0 700.0
0 696.0 701.0
0 861.0 701.0
0 595.0 702.0
0 668.0 702.0
0 604.0 703.0
0 673.0 703.0
0 678.0 703.0
0 724.0 703.0
0 609.0 704.0
0 769.0 704.0
0 860.0 706.0
0 1058.0 707.0
0 1071.0 708.0
0 614.0 709.0
0 719.0 709.0
0 729.0 709.0
0 767.0 709.0
0 622.0 710.0
0 827.0 710.0
0 628.0 714.0
0 725.0 714.0
0 614.0 715.0
0 585.0 716.0
0 713.0 716.0
0 886.0 716.0
0 1071.0 716.0
0 311.0 718.0
0 893.0 718.0
0 725.0 719.0
0 987.0 719.0
0 636.0 720.0
0 1039.0 720.0
0 1060.0 720.0
0 618.0 721.0
0 809.0 721.0
0 1072.0 721.0
0 623.0 722.0
0 641.0 723.0
0 734.0 724.0
0 760.0 724.0
0 632.0 725.0
0 718.0 725.0
0 646.0 726.0
0 1072.0 726.0
0 626.0 729.0
0 638.0 729.0
0 699.0 729.0
0 863.0 729.0
0 585.0 730.0
0 666.0 731.0
0 729.0 731.0
0 684.0 732.0
0 689.0 732.0
0 1066.0 732.0
0 671.0 733.0
0 97.0 734.0
0 584.0 736.0
0 884.0 736.0
0 993.0 736.0
0 636.0 737.0
0 1040.0 737.0
0 700.0 738.0
0 692.0 740.0
0 584.0 741.0
0 1071.0 741.0
0 1436.0 741.0
0 1456.0 741.0
0 311.0 742.0
0 647.0 742.0
0 722.0 742.0
0 1282.0 742.0
0 248.0 743.0
0 682.0 743.0
0 662.0 746.0
0 745.0 746.0
0 584.0 748.0
0 992.0 749.0
0 395.0 751.0
0 1071.0 752.0
0 113.0 755.0
0 990.0 755.0
0 1039.0 756.0
0 738.0 762.0
0 720.0 763.0
0 655.0 766.0
0 992.0 766.0
0 1069.0 771.0
0 585.0 775.0
0 360.0 781.0
0 993.0 781.0
0 1006.0 783.0
0 1067.0 786.0
0 586.0 792.0
0 585.0 799.0
0 1066.0 802.0
0 251.0 807.0
0 585.0 814.0
0 1068.0 816.0
0 1064.0 826.0
0 729.0 830.0
0 935.0 834.0
0 980.0 836.0
0 694.0 843.0
0 1065.0 846.0
0 573.0 850.0
0 23.0 857.0
0 527.0 863.0
0 1064.0 864.0
0 359.0 865.0
0 364.0 866.0
0 1360.0 867.0
0 288.0 868.0
0 889.0 870.0
0 543.0 875.0
0 680.0 878.0
0 902.0 879.0
0 114.0 880.0
0 367.0 880.0
0 729.0 891.0
0 859.0 896.0
0 1064.0 901.0
0 733.0 907.0
0 814.0 910.0
0 744.0 916.0
0 735.0 917.0
0 734.0 922.0
0 691.0 926.0
0 717.0 926.0
0 736.0 931.0
0 847.0 945.0
0 842.0 954.0
0 751.0 959.0
1 784.0 306.0
1 791.0 307.0
1 782.0 312.0
1 837.0 314.0
1 845.0 316.0
1 850.0 317.0
1 784.0 318.0
1 803.0 319.0
1 742.0 320.0
1 751.0 322.0
1 815.0 323.0
1 700.0 327.0
1 710.0 327.0
1 705.0 328.0
1 741.0 328.0
1 789.0 329.0
1 801.0 329.0
1 629.0 330.0
1 634.0 331.0
1 666.0 331.0
1 769.0 331.0
1 851.0 331.0
1 599.0 332.0
1 604.0 332.0
1 639.0 332.0
1 811.0 332.0
1 594.0 333.0
1 586.0 335.0
1 644.0 335.0
1 650.0 336.0
1 655.0 336.0
1 669.0 336.0
1 605.0 338.0
1 778.0 338.0
1 581.0 339.0
1 612.0 340.0
1 691.0 340.0
1 857.0 340.0
1 655.0 341.0
1 709.0 341.0
1 830.0 341.0
1 800.0 342.0
1 812.0 342.0
1 779.0 343.0
1 867.0 343.0
1 645.0 344.0
1 591.0 345.0
1 603.0 345.0
1 635.0 346.0
1 617.0 349.0
1 680.0 349.0
1 628.0 350.0
1 662.0 350.0
1 575.0 352.0
1 580.0 352.0
1 845.0 352.0
1 570.0 353.0
1 591.0 354.0
1 611.0 357.0
1 626.0 358.0
1 581.0 359.0
1 638.0 359.0
1 547.0 361.0
1 664.0 363.0
1 646.0 365.0
1 590.0 366.0
1 548.0 367.0
1 556.0 370.0
1 656.0 371.0
1 819.0 371.0
1 549.0 372.0
1 632.0 372.0
1 612.0 373.0
1 798.0 374.0
1 803.0 374.0
1 826.0 375.0
1 543.0 376.0
1 585.0 377.0
1 793.0 378.0
1 959.0 378.0
1 590.0 379.0
1 816.0 379.0
1 948.0 379.0
1 964.0 379.0
1 554.0 380.0
1 646.0 381.0
1 620.0 382.0
1 786.0 385.0
1 807.0 386.0
1 820.0 387.0
1 828.0 387.0
1 919.0 387.0
1 1011.0 387.0
1 1003.0 388.0
1 939.0 390.0
1 802.0 391.0
1 893.0 391.0
1 640.0 392.0
1 782.0 392.0
1 915.0 392.0
1 995.0 392.0
1 1012.0 392.0
1 812.0 394.0
1 620.0 395.0
1 932.0 396.0
1 914.0 397.0
1 793.0 398.0
1 1017.0 398.0
1 586.0 399.0
1 806.0 399.0
1 635.0 400.0
1 897.0 401.0
1 993.0 401.0
1 565.0 402.0
1 597.0 402.0
1 821.0 402.0
1 786.0 403.0
1 778.0 404.0
1 903.0 404.0
1 911.0 404.0
1 801.0 405.0
1 1003.0 405.0
1 544.0 406.0
1 556.0 407.0
1 645.0 408.0
1 910.0 409.0
1 938.0 409.0
1 1012.0 410.0
1 660.0 411.0
1 764.0 411.0
1 890.0 412.0
1 957.0 412.0
1 614.0 413.0
1 778.0 413.0
1 668.0 414.0
1 792.0 414.0
1 901.0 414.0
1 1024.0 414.0
1 628.0 415.0
1 912.0 415.0
1 551.0 416.0
1 937.0 416.0
1 683.0 417.0
1 868.0 417.0
1 990.0 417.0
1 556.0 418.0
1 641.0 418.0
1 808.0 418.0
1 539.0 420.0
1 587.0 420.0
1 627.0 420.0
1 564.0 421.0
1 695.0 421.0
1 756.0 421.0
1 785.0 421.0
1 803.0 421.0
1 904.0 421.0
1 701.0 422.0
1 796.0 422.0
1 883.0 422.0
1 601.0 423.0
1 1012.0 423.0
1 548.0 424.0
1 615.0 424.0
1 649.0 424.0
1 1028.0 424.0
1 627.0 425.0
1 713.0 425.0
1 845.0 425.0
1 1007.0 425.0
1 659.0 426.0
1 890.0 426.0
1 936.0 426.0
1 720.0 427.0
1 636.0 428.0
1 725.0 428.0
1 1019.0 428.0
1 900.0 429.0
1 674.0 430.0
1 731.0 430.0
1 837.0 430.0
1 863.0 430.0
1 556.0 431.0
1 707.0 431.0
1 910.0 431.0
1 984.0 431.0
1 682.0 432.0
1 739.0 432.0
1 818.0 432.0
1 936.0 432.0
1 607.0 433.0
1 744.0 433.0
1 797.0 433.0
1 949.0 433.0
1 1017.0 433.0
1 565.0 434.0
1 641.0 435.0
1 692.0 435.0
1 884.0 435.0
1 893.0 435.0
1 1030.0 435.0
1 1011.0 436.0
1 536.0 437.0
1 752.0 437.0
1 700.0 438.0
1 705.0 439.0
1 831.0 439.0
1 902.0 439.0
1 800.0 440.0
1 826.0 440.0
1 1002.0 440.0
1 551.0 441.0
1 719.0 441.0
1 821.0 441.0
1 927.0 441.0
1 934.0 441.0
1 986.0 443.0
1 613.0 444.0
1 628.0 444.0
1 727.0 444.0
1 952.0 444.0
1 735.0 445.0
1 848.0 445.0
1 922.0 445.0
1 970.0 445.0
1 1028.0 445.0
1 1050.0 445.0
1 912.0 446.0
1 645.0 447.0
1 621.0 448.0
1 752.0 449.0
1 1050.0 450.0
1 831.0 451.0
1 933.0 452.0
1 769.0 454.0
1 987.0 454.0
1 847.0 455.0
1 891.0 455.0
1 924.0 455.0
1 950.0 455.0
1 999.0 455.0
1 659.0 456.0
1 783.0 456.0
1 853.0 456.0
1 969.0 456.0
1 1052.0 456.0
1 1029.0 457.0
1 620.0 460.0
1 697.0 460.0
1 787.0 461.0
1 756.0 463.0
1 923.0 463.0
1 839.0 464.0
1 995.0 464.0
1 662.0 465.0
1 769.0 465.0
1 797.0 465.0
1 878.0 465.0
1 680.0 466.0
1 601.0 467.0
1 672.0 467.0
1 636.0 468.0
1 777.0 468.0
1 653.0 470.0
1 693.0 470.0
1 631.0 471.0
1 865.0 471.0
1 702.0 472.0
1 957.0 472.0
1 622.0 473.0
1 823.0 473.0
1 599.0 474.0
1 673.0 474.0
1 888.0 474.0
1 656.0 475.0
1 777.0 475.0
1 800.0 475.0
1 1002.0 475.0
1 1007.0 475.0
1 1039.0 475.0
1 726.0 476.0
1 913.0 476.0
1 554.0 477.0
1 805.0 478.0
1 935.0 478.0
1 661.0 479.0
1 688.0 479.0
1 922.0 479.0
1 1051.0 479.0
1 1005.0 480.0
1 854.0 481.0
1 877.0 481.0
1 1031.0 481.0
1 671.0 482.0
1 759.0 482.0
1 771.0 482.0
1 641.0 483.0
1 660.0 484.0
1 699.0 484.0
1 866.0 484.0
1 955.0 484.0
1 721.0 485.0
1 779.0 485.0
1 933.0 485.0
1 1049.0 485.0
1 680.0 486.0
1 648.0 487.0
1 1005.0 487.0
1 638.0 488.0
1 805.0 488.0
1 888.0 490.0
1 665.0 491.0
1 687.0 491.0
1 845.0 491.0
1 1049.0 492.0
1 616.0 493.0
1 634.0 493.0
1 643.0 493.0
1 788.0 493.0
1 1030.0 494.0
1 673.0 495.0
1 715.0 495.0
1 762.0 495.0
1 624.0 496.0
1 907.0 496.0
1 652.0 497.0
1 661.0 497.0
1 929.0 498.0
1 752.0 499.0
1 848.0 499.0
1 1030.0 499.0
1 840.0 500.0
1 855.0 500.0
1 601.0 501.0
1 640.0 501.0
1 680.0 501.0
1 743.0 501.0
1 825.0 501.0
1 669.0 502.0
1 834.0 502.0
1 659.0 503.0
1 755.0 504.0
1 917.0 504.0
1 1030.0 504.0
1 557.0 505.0
1 647.0 505.0
1 749.0 506.0
1 611.0 507.0
1 719.0 507.0
1 780.0 507.0
1 1048.0 507.0
1 623.0 508.0
1 603.0 509.0
1 654.0 509.0
1 897.0 509.0
1 742.0 511.0
1 791.0 511.0
1 879.0 512.0
1 762.0 513.0
1 828.0 513.0
1 542.0 514.0
1 571.0 514.0
1 615.0 514.0
1 1046.0 514.0
1 633.0 516.0
1 725.0 516.0
1 753.0 517.0
1 785.0 517.0
1 766.0 518.0
1 604.0 519.0
1 624.0 520.0
1 654.0 520.0
1 825.0 521.0
1 1027.0 521.0
1 599.0 522.0
1 580.0 523.0
1 672.0 523.0
1 735.0 523.0
1 758.0 523.0
1 770.0 523.0
1 531.0 524.0
1 646.0 524.0
1 908.0 524.0
1 730.0 525.0
1 635.0 526.0
1 825.0 526.0
1 773.0 528.0
1 685.0 529.0
1 748.0 529.0
1 528.0 530.0
1 553.0 531.0
1 823.0 531.0
1 656.0 532.0
1 951.0 532.0
1 933.0 534.0
1 636.0 535.0
1 741.0 535.0
1 1044.0 535.0
1 825.0 536.0
1 891.0 536.0
1 649.0 537.0
1 676.0 537.0
1 1004.0 537.0
1 550.0 538.0
1 691.0 538.0
1 975.0 538.0
1 583.0 539.0
1 663.0 539.0
1 755.0 539.0
1 1026.0 539.0
1 1043.0 540.0
1 780.0 541.0
1 827.0 542.0
1 656.0 543.0
1 747.0 543.0
1 968.0 544.0
1 913.0 545.0
1 523.0 546.0
1 578.0 546.0
1 989.0 546.0
1 564.0 547.0
1 599.0 547.0
1 671.0 547.0
1 685.0 547.0
1 1015.0 548.0
1 781.0 549.0
1 791.0 549.0
1 663.0 551.0
1 770.0 551.0
1 581.0 552.0
1 978.0 552.0
1 994.0 552.0
1 575.0 553.0
1 606.0 553.0
1 891.0 554.0
1 563.0 555.0
1 679.0 555.0
1 700.0 555.0
1 962.0 555.0
1 590.0 556.0
1 835.0 557.0
1 923.0 557.0
1 515.0 559.0
1 890.0 559.0
1 604.0 560.0
1 670.0 560.0
1 704.0 560.0
1 547.0 561.0
1 839.0 562.0
1 757.0 563.0
1 789.0 563.0
1 994.0 563.0
1 513.0 564.0
1 888.0 564.0
1 691.0 566.0
1 908.0 566.0
1 972.0 566.0
1 585.0 567.0
1 934.0 568.0
1 511.0 569.0
1 621.0 569.0
1 960.0 569.0
1 987.0 570.0
1 921.0 571.0
1 1006.0 572.0
1 592.0 573.0
1 858.0 573.0
1 880.0 573.0
1 1040.0 573.0
1 535.0 574.0
1 575.0 574.0
1 676.0 574.0
1 864.0 575.0
1 872.0 575.0
1 951.0 575.0
1 607.0 576.0
1 697.0 576.0
1 981.0 576.0
1 543.0 577.0
1 1008.0 577.0
1 716.0 578.0
1 617.0 579.0
1 631.0 579.0
1 636.0 579.0
1 1003.0 579.0
1 841.0 580.0
1 602.0 582.0
1 1010.0 582.0
1 509.0 584.0
1 533.0 584.0
1 703.0 584.0
1 625.0 585.0
1 682.0 585.0
1 802.0 586.0
1 944.0 586.0
1 542.0 587.0
1 780.0 587.0
1 1013.0 587.0
1 569.0 588.0
1 823.0 588.0
1 509.0 589.0
1 597.0 589.0
1 1006.0 589.0
1 707.0 591.0
1 943.0 591.0
1 872.0 592.0
1 772.0 593.0
1 508.0 594.0
1 574.0 594.0
1 594.0 594.0
1 647.0 595.0
1 612.0 596.0
1 710.0 598.0
1 943.0 598.0
1 508.0 599.0
1 531.0 599.0
1 887.0 599.0
1 541.0 600.0
1 690.0 600.0
1 613.0 601.0
1 622.0 602.0
1 1006.0 602.0
1 713.0 603.0
1 944.0 603.0
1 509.0 604.0
1 904.0 604.0
1 1036.0 605.0
1 1005.0 607.0
1 776.0 608.0
1 947.0 608.0
1 696.0 609.0
1 1000.0 609.0
1 602.0 612.0
1 999.0 614.0
1 992.0 615.0
1 807.0 616.0
1 621.0 617.0
1 699.0 617.0
1 960.0 617.0
1 511.0 618.0
1 966.0 618.0
1 983.0 619.0
1 971.0 620.0
1 538.0 621.0
1 976.0 621.0
1 512.0 623.0
1 859.0 623.0
1 608.0 631.0
1 667.0 632.0
1 705.0 632.0
1 856.0 633.0
1 562.0 634.0
1 575.0 634.0
1 648.0 636.0
1 539.0 637.0
1 516.0 638.0
1 598.0 640.0
1 807.0 642.0
1 540.0 644.0
1 668.0 644.0
1 663.0 645.0
1 619.0 647.0
1 806.0 647.0
1 1031.0 647.0
1 658.0 648.0
1 649.0 649.0
1 228.0 650.0
1 521.0 652.0
1 630.0 652.0
1 805.0 652.0
1 29.0 653.0
1 552.0 653.0
1 643.0 653.0
1 547.0 654.0
1 788.0 658.0
1 677.0 659.0
1 781.0 659.0
1 92.0 661.0
1 850.0 661.0
1 616.0 662.0
1 1030.0 662.0
1 655.0 663.0
1 1045.0 663.0
1 634.0 666.0
1 602.0 668.0
1 625.0 668.0
1 679.0 668.0
1 800.0 668.0
1 779.0 669.0
1 983.0 670.0
1 339.0 673.0
1 530.0 673.0
1 564.0 673.0
1 680.0 673.0
1 1030.0 676.0
1 629.0 677.0
1 563.0 678.0
1 644.0 678.0
1 795.0 678.0
1 558.0 680.0
1 815.0 680.0
1 681.0 681.0
1 1029.0 681.0
1 238.0 682.0
1 666.0 683.0
1 257.0 684.0
1 297.0 684.0
1 747.0 684.0
1 1018.0 685.0
1 619.0 686.0
1 653.0 686.0
1 841.0 686.0
1 326.0 687.0
1 539.0 688.0
1 345.0 689.0
1 847.0 689.0
1 1027.0 689.0
1 280.0 690.0
1 364.0 691.0
1 576.0 691.0
1 680.0 691.0
1 571.0 692.0
1 784.0 692.0
1 356.0 694.0
1 628.0 694.0
1 1011.0 694.0
1 330.0 695.0
1 828.0 695.0
1 633.0 696.0
1 114.0 697.0
1 150.0 697.0
1 584.0 697.0
1 770.0 699.0
1 568.0 701.0
1 680.0 701.0
1 372.0 702.0
1 841.0 702.0
1 818.0 703.0
1 362.0 704.0
1 550.0 704.0
1 578.0 704.0
1 589.0 704.0
1 1023.0 709.0
1 583.0 710.0
1 601.0 713.0
1 671.0 713.0
1 254.0 714.0
1 588.0 714.0
1 1022.0 714.0
1 676.0 715.0
1 229.0 716.0
1 814.0 718.0
1 593.0 719.0
1 618.0 723.0
1 660.0 723.0
1 1458.0 725.0
1 344.0 726.0
1 597.0 727.0
1 941.0 727.0
1 647.0 728.0
1 1023.0 728.0
1 637.0 729.0
1 615.0 730.0
1 662.0 731.0
1 987.0 732.0
1 630.0 736.0
1 637.0 737.0
1 646.0 737.0
1 431.0 739.0
1 719.0 740.0
1 937.0 741.0
1 1021.0 741.0
1 672.0 742.0
1 594.0 744.0
1 663.0 746.0
1 710.0 746.0
1 1141.0 746.0
1 339.0 747.0
1 985.0 747.0
1 623.0 759.0
1 1012.0 781.0
1 861.0 788.0
1 615.0 794.0
1 1013.0 796.0
1 77.0 797.0
1 733.0 797.0
1 811.0 797.0
1 252.0 805.0
1 1085.0 805.0
1 240.0 806.0
1 54.0 807.0
1 522.0 807.0
1 1115.0 808.0
1 1109.0 829.0
1 275.0 832.0
1 1418.0 832.0
1 712.0 834.0
1 332.0 835.0
1 311.0 839.0
1 667.0 841.0
1 980.0 842.0
1 1295.0 844.0
1 129.0 845.0
1 416.0 852.0
1 45.0 854.0
1 303.0 857.0
1 330.0 857.0
1 96.0 859.0
1 389.0 859.0
1 439.0 861.0
1 356.0 864.0
1 127.0 865.0
1 1115.0 867.0
1 329.0 876.0
1 109.0 883.0
1 1308.0 885.0
1 666.0 893.0
1 394.0 894.0
1 679.0 895.0
1 580.0 897.0
1 571.0 909.0
1 830.0 909.0
1 129.0 910.0
1 370.0 911.0
1 1075.0 913.0
1 1407.0 913.0
1 434.0 920.0
1 897.0 920.0
1 1079.0 926.0
1 1273.0 928.0
1 630.0 937.0
1 770.0 938.0
1 1256.0 943.0
1 769.0 948.0
1 765.0 957.0
1 1022.0 959.0
1 791.0 960.0
1 630.0 967.0
1 654.0 967.0
1 684.0 971.0
1 120.0 973.0
1 1085.0 978.0
1 1350.0 987.0
1 550.0 989.0
