0 10 28 429.60684642687613
0 11 29 416.4789438744319
0 8 30 464.24691076187656
0 103 34 347.517550684255
0 22 45 284.5469842893994
0 21 46 258.99850364178667
0 24 47 226.89958162673963
0 77 54 297.11970093251387
0 66 57 184.51810018201914
0 28 58 363.0027952391575
0 32 59 411.80705356239383
0 40 61 217.4900337256236
0 30 63 372.59377851687066
0 29 64 236.3963387149431
0 128 66 289.2016623408502
0 112 67 385.0595954504935
0 42 68 267.3382570190726
0 39 71 367.0419115249392
0 73 72 150.32924700864152
0 117 80 218.59084917809946
0 130 84 161.81449027837965
0 78 86 139.16241347667395
0 25 97 313.4324153358524
0 150 108 206.10864649468402
0 76 110 347.38105142237634
0 18 112 177.95221921920742
0 181 113 187.7233822983281
0 151 114 178.05527973751273
0 195 123 346.8940695462274
0 61 124 135.47681702297544
0 53 128 184.29791439665976
0 23 129 140.79650672729588
0 187 132 222.31167106670796
0 43 134 356.068953434561
0 133 138 252.07060861039093
0 229 140 314.4233997564595
0 47 142 405.04345886291856
0 230 145 228.1287240239556
0 94 146 130.439754434016
0 269 148 218.7980542260593
0 216 149 335.255262912317
0 232 151 132.9508236473654
0 54 152 259.43679728879124
0 27 153 117.81682482934616
0 50 157 169.07621100020236
0 203 160 237.75651549262702
0 192 163 109.9442533389149
0 104 164 294.5837979767971
0 75 167 287.97719693502285
0 105 170 347.5685945561063
0 38 172 419.1270306161521
0 56 173 320.1628636087884
0 127 174 209.9973445572467
0 57 175 253.4924415969743
0 106 178 169.23955153155435
0 58 179 272.1823840222221
0 247 182 314.19466671860414
0 84 183 131.47021094361594
0 64 184 178.11819073232527
0 107 186 219.7216536915958
0 59 187 218.73099068074825
0 60 189 377.7347195811177
0 234 190 196.95911809658492
0 67 191 167.23666818846056
0 258 195 133.78645398692774
0 134 196 191.55602413504042
0 115 197 199.14599907105173
0 280 202 275.0931278351653
0 62 203 123.05917487967466
0 116 204 214.63846990340946
0 108 205 172.29498962515513
0 89 210 285.01113350222226
0 288 211 352.06966008413093
0 98 212 153.26723964751457
0 70 216 220.27974787044533
0 254 217 271.94057420427976
0 186 218 144.6246144355868
0 110 219 210.4783682534911
0 68 220 218.63014476942223
0 99 221 156.57840139962136
0 69 224 299.9831209143315
0 87 227 158.951646995268
0 154 228 246.72643152834078
0 237 229 233.89661629410452
0 100 230 121.91780184822596
0 111 234 171.80945893261998
0 88 235 385.9673226055875
0 136 236 427.5509554629112
0 124 238 335.61483267634526
0 93 239 245.4881470492674
0 265 247 198.8493742198193
0 119 249 269.35639629318223
0 131 250 108.97407526031945
0 125 251 193.55893266953984
0 132 255 145.78812688000568
0 139 256 370.9685111998345
0 312 259 130.39287722242887
0 138 262 224.22147455963676
0 123 268 120.86552926634265
0 330 271 211.40574568393893
0 179 274 163.42667733499786
0 120 277 310.1426449242409
0 183 280 287.61162764365247
0 386 282 180.5473278220313
0 148 283 231.42993844362923
0 158 284 343.4328348432147
0 198 285 301.8755375463774
0 141 290 408.2311399921333
0 168 294 112.32568552801565
0 166 295 117.56277846523162
0 137 299 405.95492910579753
0 142 300 273.7380466512023
0 167 302 117.22316384299216
0 204 305 290.5884049323356
0 159 307 359.92618787038407
0 174 309 134.2377240513747
0 220 312 245.8182137859796
0 163 313 210.25466089619442
0 188 318 111.16739167166385
0 205 321 303.92678605411214
0 193 322 205.4994305569812
0 225 328 215.22110743220355
0 164 329 233.3885926377468
0 180 331 279.04039746736305
0 201 337 344.48646521541525
0 217 348 396.72653391699805
0 215 349 245.38420152398933
0 281 351 232.99651787388868
0 169 357 138.4217173675642
0 223 359 274.21173721285834
0 333 360 372.1161563249228
0 273 361 245.92912430599245
0 283 364 393.9265141744332
0 239 365 354.2406453232581
0 240 367 283.9145931863575
0 297 369 440.3284718348715
0 274 371 190.68433164848614
0 306 374 391.4141037678459
0 343 380 396.5929893039229
0 290 381 211.0211173736869
0 263 383 465.854617855994
0 233 385 320.73097504058074
0 262 386 337.15433308678934
0 359 389 305.682223578606
0 252 391 324.12009154531154
0 284 392 396.4530702918289
0 250 393 198.1805237488133
0 242 396 427.63737597366253
0 213 399 175.679622797868
0 302 400 272.523681860109
0 285 401 361.1275333974631
0 323 403 294.8803493171939
0 257 405 151.22325482119885
0 296 406 416.5313935671965
0 276 411 234.1892336874719
0 275 412 210.76196245917615
0 278 414 348.18633924248394
0 267 415 115.08694484829121
0 383 417 202.28537206941226
0 277 419 308.1496327580314
0 324 420 261.1986648945387
0 354 421 457.059447270854
0 313 422 161.05570236114391
0 286 425 293.07315484813483
0 320 429 295.85438868245006
0 279 430 117.25290266561889
0 349 432 253.8887286477894
0 350 433 268.7016210777748
0 259 434 229.6742827459776
0 340 435 255.66633389986487
0 326 436 293.9069616092587
0 291 438 112.05419674532067
0 307 439 355.6929000142046
0 298 440 184.70287517143998
0 392 442 350.607138964925
0 268 443 206.49219242604215
0 375 444 390.6846534071876
0 339 445 251.72827080493795
0 353 447 136.97792076937213
0 310 448 199.8331747385628
0 303 449 376.7040181207186
0 304 450 203.12279878474152
0 287 451 273.98693544814057
0 299 453 204.7425661112154
0 342 454 489.6163534484356
0 300 456 147.64172723724673
0 416 459 323.31555573541925
0 369 460 321.6652370191908
0 315 461 199.31148906586756
0 311 462 243.99528740448173
0 327 466 220.6851556450252
0 309 467 230.96977490270433
0 390 469 122.09879722916368
0 355 471 373.9058236135303
0 322 472 229.0121971278634
0 319 473 210.0533333533656
0 336 474 202.39536908178803
0 384 475 276.171915091851
0 316 477 159.96085552642052
0 393 478 162.00031555714085
0 401 481 421.2773853768384
0 365 485 110.11661105117577
0 406 486 206.94927125239394
0 422 488 356.1857848947496
0 402 489 192.663891677824
0 356 490 469.60331738269144
0 408 491 420.24051865984654
0 370 492 385.0258386487803
0 358 493 237.31477482226904
0 348 494 177.024243578509
0 403 495 113.26022763412713
0 404 498 205.99231378743923
0 430 500 348.37967226526933
0 419 501 217.37669599450012
0 337 502 412.02823549405514
0 362 504 230.09673758378906
0 372 505 184.4178233898631
0 423 509 246.23562069341799
0 398 510 395.7685836870994
0 378 512 417.0246629117862
0 418 515 114.19416488058364
0 373 516 168.35730264105925
0 420 517 108.25939435143216
0 385 518 346.67214932105657
0 409 520 423.8165034830779
0 387 522 427.788314188457
0 382 523 205.5457683226281
0 439 524 327.3735668322181
0 367 525 108.41845508178551
0 394 530 342.9732930133149
0 374 531 399.0069309824643
0 436 532 433.4377537068242
0 427 536 295.56366014333867
0 399 537 363.92726190505886
0 391 538 223.58984419145665
0 437 539 276.5767469985083
0 442 543 110.30648528955689
0 396 544 293.8968704511671
0 449 551 162.58132838001427
0 443 552 179.1813343663068
0 431 553 307.04431331586477
0 456 554 134.38855197618798
0 465 555 229.60789724942808
0 447 556 390.954086264655
0 467 558 138.65099942389958
0 424 559 221.50335960700525
0 450 560 254.7672539687192
0 453 561 178.34121314896865
0 457 564 240.12041790175783
0 428 565 367.9956078862832
0 484 567 157.66926532067947
0 475 571 120.55374247833231
0 433 572 229.3024284054174
0 476 573 121.51935408192067
0 470 581 165.08066827635548
0 448 583 186.3669193812658
0 445 588 354.1139866364163
0 500 591 154.68123923367162
0 493 592 146.52288389514416
0 434 593 365.1913975971512
0 478 595 249.20326388647518
0 497 596 256.5788841829726
0 468 597 243.5424202117429
0 496 599 199.87645632909937
0 444 601 233.42354837208407
0 574 606 175.47593980448443
0 487 609 271.19261709952747
0 572 612 204.21467765730063
0 524 613 155.27184485787217
0 576 617 125.35514904757241
0 454 620 467.5548245354296
0 507 621 218.0004430899089
0 498 624 218.2669396193368
0 506 631 194.04881449810628
0 471 632 388.1603479308233
0 517 633 169.85454272287387
0 473 634 402.2763797606058
0 579 635 260.0235888899738
0 495 636 281.3719241326944
0 488 637 338.97042972136575
0 573 638 223.11014759762392
0 539 639 157.50020160179315
0 518 640 276.842772342448
0 511 641 206.5192754894368
0 528 643 185.45639128197055
0 527 644 148.5936395797273
0 481 645 376.1691176462345
0 531 647 166.15192945987204
0 482 649 201.08910576609023
0 584 650 119.15100691850999
0 535 652 132.72425101988378
0 533 653 248.5088623367205
0 545 657 142.2400557659978
0 502 658 122.92798272919616
0 522 659 416.1188739859605
0 526 661 259.0711130008494
0 540 662 155.51636617890262
0 532 663 338.0187865267692
0 499 664 118.41864407916167
0 538 665 184.60065067673196
0 536 666 273.0872015441265
0 504 669 427.61535885793995
0 520 670 121.3643325257432
0 515 671 160.546968450635
0 556 673 242.49255490809483
0 542 674 253.04463359074867
0 583 677 232.2050580799282
0 559 679 192.27007908333152
0 593 717 385.614912488469

0 784.0 306.0
0 791.0 307.0
0 782.0 312.0
0 837.0 314.0
0 845.0 316.0
0 850.0 317.0
0 784.0 318.0
0 803.0 319.0
0 742.0 320.0
0 751.0 322.0
0 815.0 323.0
0 700.0 327.0
0 710.0 327.0
0 705.0 328.0
0 741.0 328.0
0 789.0 329.0
0 801.0 329.0
0 629.0 330.0
0 634.0 331.0
0 666.0 331.0
0 769.0 331.0
0 851.0 331.0
0 599.0 332.0
0 604.0 332.0
0 639.0 332.0
0 811.0 332.0
0 594.0 333.0
0 586.0 335.0
0 644.0 335.0
0 650.0 336.0
0 655.0 336.0
0 669.0 336.0
0 605.0 338.0
0 778.0 338.0
0 581.0 339.0
0 612.0 340.0
0 691.0 340.0
0 857.0 340.0
0 655.0 341.0
0 709.0 341.0
0 830.0 341.0
0 800.0 342.0
0 812.0 342.0
0 779.0 343.0
0 867.0 343.0
0 645.0 344.0
0 591.0 345.0
0 603.0 345.0
0 635.0 346.0
0 617.0 349.0
0 680.0 349.0
0 628.0 350.0
0 662.0 350.0
0 575.0 352.0
0 580.0 352.0
0 845.0 352.0
0 570.0 353.0
0 591.0 354.0
0 611.0 357.0
0 626.0 358.0
0 581.0 359.0
0 638.0 359.0
0 547.0 361.0
0 664.0 363.0
0 646.0 365.0
0 590.0 366.0
0 548.0 367.0
0 556.0 370.0
0 656.0 371.0
0 819.0 371.0
0 549.0 372.0
0 632.0 372.0
0 612.0 373.0
0 798.0 374.0
0 803.0 374.0
0 826.0 375.0
0 543.0 376.0
0 585.0 377.0
0 793.0 378.0
0 959.0 378.0
0 590.0 379.0
0 816.0 379.0
0 948.0 379.0
0 964.0 379.0
0 554.0 380.0
0 646.0 381.0
0 620.0 382.0
0 786.0 385.0
0 807.0 386.0
0 820.0 387.0
0 828.0 387.0
0 919.0 387.0
0 1011.0 387.0
0 1003.0 388.0
0 939.0 390.0
0 802.0 391.0
0 893.0 391.0
0 640.0 392.0
0 782.0 392.0
0 915.0 392.0
0 995.0 392.0
0 1012.0 392.0
0 812.0 394.0
0 620.0 395.0
0 932.0 396.0
0 914.0 397.0
0 793.0 398.0
0 1017.0 398.0
0 586.0 399.0
0 806.0 399.0
0 635.0 400.0
0 897.0 401.0
0 993.0 401.0
0 565.0 402.0
0 597.0 402.0
0 821.0 402.0
0 786.0 403.0
0 778.0 404.0
0 903.0 404.0
0 911.0 404.0
0 801.0 405.0
0 1003.0 405.0
0 544.0 406.0
0 556.0 407.0
0 645.0 408.0
0 910.0 409.0
0 938.0 409.0
0 1012.0 410.0
0 660.0 411.0
0 764.0 411.0
0 890.0 412.0
0 957.0 412.0
0 614.0 413.0
0 778.0 413.0
0 668.0 414.0
0 792.0 414.0
0 901.0 414.0
0 1024.0 414.0
0 628.0 415.0
0 912.0 415.0
0 551.0 416.0
0 937.0 416.0
0 683.0 417.0
0 868.0 417.0
0 990.0 417.0
0 556.0 418.0
0 641.0 418.0
0 808.0 418.0
0 539.0 420.0
0 587.0 420.0
0 627.0 420.0
0 564.0 421.0
0 695.0 421.0
0 756.0 421.0
0 785.0 421.0
0 803.0 421.0
0 904.0 421.0
0 701.0 422.0
0 796.0 422.0
0 883.0 422.0
0 601.0 423.0
0 1012.0 423.0
0 548.0 424.0
0 615.0 424.0
0 649.0 424.0
0 1028.0 424.0
0 627.0 425.0
0 713.0 425.0
0 845.0 425.0
0 1007.0 425.0
0 659.0 426.0
0 890.0 426.0
0 936.0 426.0
0 720.0 427.0
0 636.0 428.0
0 725.0 428.0
0 1019.0 428.0
0 900.0 429.0
0 674.0 430.0
0 731.0 430.0
0 837.0 430.0
0 863.0 430.0
0 556.0 431.0
0 707.0 431.0
0 910.0 431.0
0 984.0 431.0
0 682.0 432.0
0 739.0 432.0
0 818.0 432.0
0 936.0 432.0
0 607.0 433.0
0 744.0 433.0
0 797.0 433.0
0 949.0 433.0
0 1017.0 433.0
0 565.0 434.0
0 641.0 435.0
0 692.0 435.0
0 884.0 435.0
0 893.0 435.0
0 1030.0 435.0
0 1011.0 436.0
0 536.0 437.0
0 752.0 437.0
0 700.0 438.0
0 705.0 439.0
0 831.0 439.0
0 902.0 439.0
0 800.0 440.0
0 826.0 440.0
0 1002.0 440.0
0 551.0 441.0
0 719.0 441.0
0 821.0 441.0
0 927.0 441.0
0 934.0 441.0
0 986.0 443.0
0 613.0 444.0
0 628.0 444.0
0 727.0 444.0
0 952.0 444.0
0 735.0 445.0
0 848.0 445.0
0 922.0 445.0
0 970.0 445.0
0 1028.0 445.0
0 1050.0 445.0
0 912.0 446.0
0 645.0 447.0
0 621.0 448.0
0 752.0 449.0
0 1050.0 450.0
0 831.0 451.0
0 933.0 452.0
0 769.0 454.0
0 987.0 454.0
0 847.0 455.0
0 891.0 455.0
0 924.0 455.0
0 950.0 455.0
0 999.0 455.0
0 659.0 456.0
0 783.0 456.0
0 853.0 456.0
0 969.0 456.0
0 1052.0 456.0
0 1029.0 457.0
0 620.0 460.0
0 697.0 460.0
0 787.0 461.0
0 756.0 463.0
0 923.0 463.0
0 839.0 464.0
0 995.0 464.0
0 662.0 465.0
0 769.0 465.0
0 797.0 465.0
0 878.0 465.0
0 680.0 466.0
0 601.0 467.0
0 672.0 467.0
0 636.0 468.0
0 777.0 468.0
0 653.0 470.0
0 693.0 470.0
0 631.0 471.0
0 865.0 471.0
0 702.0 472.0
0 957.0 472.0
0 622.0 473.0
0 823.0 473.0
0 599.0 474.0
0 673.0 474.0
0 888.0 474.0
0 656.0 475.0
0 777.0 475.0
0 800.0 475.0
0 1002.0 475.0
0 1007.0 475.0
0 1039.0 475.0
0 726.0 476.0
0 913.0 476.0
0 554.0 477.0
0 805.0 478.0
0 935.0 478.0
0 661.0 479.0
0 688.0 479.0
0 922.0 479.0
0 1051.0 479.0
0 1005.0 480.0
0 854.0 481.0
0 877.0 481.0
0 1031.0 481.0
0 671.0 482.0
0 759.0 482.0
0 771.0 482.0
0 641.0 483.0
0 660.0 484.0
0 699.0 484.0
0 866.0 484.0
0 955.0 484.0
0 721.0 485.0
0 779.0 485.0
0 933.0 485.0
0 1049.0 485.0
0 680.0 486.0
0 648.0 487.0
0 1005.0 487.0
0 638.0 488.0
0 805.0 488.0
0 888.0 490.0
0 665.0 491.0
0 687.0 491.0
0 845.0 491.0
0 1049.0 492.0
0 616.0 493.0
0 634.0 493.0
0 643.0 493.0
0 788.0 493.0
0 1030.0 494.0
0 673.0 495.0
0 715.0 495.0
0 762.0 495.0
0 624.0 496.0
0 907.0 496.0
0 652.0 497.0
0 661.0 497.0
0 929.0 498.0
0 752.0 499.0
0 848.0 499.0
0 1030.0 499.0
0 840.0 500.0
0 855.0 500.0
0 601.0 501.0
0 640.0 501.0
0 680.0 501.0
0 743.0 501.0
0 825.0 501.0
0 669.0 502.0
0 834.0 502.0
0 659.0 503.0
0 755.0 504.0
0 917.0 504.0
0 1030.0 504.0
0 557.0 505.0
0 647.0 505.0
0 749.0 506.0
0 611.0 507.0
0 719.0 507.0
0 780.0 507.0
0 1048.0 507.0
0 623.0 508.0
0 603.0 509.0
0 654.0 509.0
0 897.0 509.0
0 742.0 511.0
0 791.0 511.0
0 879.0 512.0
0 762.0 513.0
0 828.0 513.0
0 542.0 514.0
0 571.0 514.0
0 615.0 514.0
0 1046.0 514.0
0 633.0 516.0
0 725.0 516.0
0 753.0 517.0
0 785.0 517.0
0 766.0 518.0
0 604.0 519.0
0 624.0 520.0
0 654.0 520.0
0 825.0 521.0
0 1027.0 521.0
0 599.0 522.0
0 580.0 523.0
0 672.0 523.0
0 735.0 523.0
0 758.0 523.0
0 770.0 523.0
0 531.0 524.0
0 646.0 524.0
0 908.0 524.0
0 730.0 525.0
0 635.0 526.0
0 825.0 526.0
0 773.0 528.0
0 685.0 529.0
0 748.0 529.0
0 528.0 530.0
0 553.0 531.0
0 823.0 531.0
0 656.0 532.0
0 951.0 532.0
0 933.0 534.0
0 636.0 535.0
0 741.0 535.0
0 1044.0 535.0
0 825.0 536.0
0 891.0 536.0
0 649.0 537.0
0 676.0 537.0
0 1004.0 537.0
0 550.0 538.0
0 691.0 538.0
0 975.0 538.0
0 583.0 539.0
0 663.0 539.0
0 755.0 539.0
0 1026.0 539.0
0 1043.0 540.0
0 780.0 541.0
0 827.0 542.0
0 656.0 543.0
0 747.0 543.0
0 968.0 544.0
0 913.0 545.0
0 523.0 546.0
0 578.0 546.0
0 989.0 546.0
0 564.0 547.0
0 599.0 547.0
0 671.0 547.0
0 685.0 547.0
0 1015.0 548.0
0 781.0 549.0
0 791.0 549.0
0 663.0 551.0
0 770.0 551.0
0 581.0 552.0
0 978.0 552.0
0 994.0 552.0
0 575.0 553.0
0 606.0 553.0
0 891.0 554.0
0 563.0 555.0
0 679.0 555.0
0 700.0 555.0
0 962.0 555.0
0 590.0 556.0
0 835.0 557.0
0 923.0 557.0
0 515.0 559.0
0 890.0 559.0
0 604.0 560.0
0 670.0 560.0
0 704.0 560.0
0 547.0 561.0
0 839.0 562.0
0 757.0 563.0
0 789.0 563.0
0 994.0 563.0
0 513.0 564.0
0 888.0 564.0
0 691.0 566.0
0 908.0 566.0
0 972.0 566.0
0 585.0 567.0
0 934.0 568.0
0 511.0 569.0
0 621.0 569.0
0 960.0 569.0
0 987.0 570.0
0 921.0 571.0
0 1006.0 572.0
0 592.0 573.0
0 858.0 573.0
0 880.0 573.0
0 1040.0 573.0
0 535.0 574.0
0 575.0 574.0
0 676.0 574.0
0 864.0 575.0
0 872.0 575.0
0 951.0 575.0
0 607.0 576.0
0 697.0 576.0
0 981.0 576.0
0 543.0 577.0
0 1008.0 577.0
0 716.0 578.0
0 617.0 579.0
0 631.0 579.0
0 636.0 579.0
0 1003.0 579.0
0 841.0 580.0
0 602.0 582.0
0 1010.0 582.0
0 509.0 584.0
0 533.0 584.0
0 703.0 584.0
0 625.0 585.0
0 682.0 585.0
0 802.0 586.0
0 944.0 586.0
0 542.0 587.0
0 780.0 587.0
0 1013.0 587.0
0 569.0 588.0
0 823.0 588.0
0 509.0 589.0
0 597.0 589.0
0 1006.0 589.0
0 707.0 591.0
0 943.0 591.0
0 872.0 592.0
0 772.0 593.0
0 508.0 594.0
0 574.0 594.0
0 594.0 594.0
0 647.0 595.0
0 612.0 596.0
0 710.0 598.0
0 943.0 598.0
0 508.0 599.0
0 531.0 599.0
0 887.0 599.0
0 541.0 600.0
0 690.0 600.0
0 613.0 601.0
0 622.0 602.0
0 1006.0 602.0
0 713.0 603.0
0 944.0 603.0
0 509.0 604.0
0 904.0 604.0
0 1036.0 605.0
0 1005.0 607.0
0 776.0 608.0
0 947.0 608.0
0 696.0 609.0
0 1000.0 609.0
0 602.0 612.0
0 999.0 614.0
0 992.0 615.0
0 807.0 616.0
0 621.0 617.0
0 699.0 617.0
0 960.0 617.0
0 511.0 618.0
0 966.0 618.0
0 983.0 619.0
0 971.0 620.0
0 538.0 621.0
0 976.0 621.0
0 512.0 623.0
0 859.0 623.0
0 608.0 631.0
0 667.0 632.0
0 705.0 632.0
0 856.0 633.0
0 562.0 634.0
0 575.0 634.0
0 648.0 636.0
0 539.0 637.0
0 516.0 638.0
0 598.0 640.0
0 807.0 642.0
0 540.0 644.0
0 668.0 644.0
0 663.0 645.0
0 619.0 647.0
0 806.0 647.0
0 1031.0 647.0
0 658.0 648.0
0 649.0 649.0
0 228.0 650.0
0 521.0 652.0
0 630.0 652.0
0 805.0 652.0
0 29.0 653.0
0 552.0 653.0
0 643.0 653.0
0 547.0 654.0
0 788.0 658.0
0 677.0 659.0
0 781.0 659.0
0 92.0 661.0
0 850.0 661.0
0 616.0 662.0
0 1030.0 662.0
0 655.0 663.0
0 1045.0 663.0
0 634.0 666.0
0 602.0 668.0
0 625.0 668.0
0 679.0 668.0
0 800.0 668.0
0 779.0 669.0
0 983.0 670.0
0 339.0 673.0
0 530.0 673.0
0 564.0 673.0
0 680.0 673.0
0 1030.0 676.0
0 629.0 677.0
0 563.0 678.0
0 644.0 678.0
0 795.0 678.0
0 558.0 680.0
0 815.0 680.0
0 681.0 681.0
0 1029.0 681.0
0 238.0 682.0
0 666.0 683.0
0 257.0 684.0
0 297.0 684.0
0 747.0 684.0
0 1018.0 685.0
0 619.0 686.0
0 653.0 686.0
0 841.0 686.0
0 326.0 687.0
0 539.0 688.0
0 345.0 689.0
0 847.0 689.0
0 1027.0 689.0
0 280.0 690.0
0 364.0 691.0
0 576.0 691.0
0 680.0 691.0
0 571.0 692.0
0 784.0 692.0
0 356.0 694.0
0 628.0 694.0
0 1011.0 694.0
0 330.0 695.0
0 828.0 695.0
0 633.0 696.0
0 114.0 697.0
0 150.0 697.0
0 584.0 697.0
0 770.0 699.0
0 568.0 701.0
0 680.0 701.0
0 372.0 702.0
0 841.0 702.0
0 818.0 703.0
0 362.0 704.0
0 550.0 704.0
0 578.0 704.0
0 589.0 704.0
0 1023.0 709.0
0 583.0 710.0
0 601.0 713.0
0 671.0 713.0
0 254.0 714.0
0 588.0 714.0
0 1022.0 714.0
0 676.0 715.0
0 229.0 716.0
0 814.0 718.0
0 593.0 719.0
0 618.0 723.0
0 660.0 723.0
0 1458.0 725.0
0 344.0 726.0
0 597.0 727.0
0 941.0 727.0
0 647.0 728.0
0 1023.0 728.0
0 637.0 729.0
0 615.0 730.0
0 662.0 731.0
0 987.0 732.0
0 630.0 736.0
0 637.0 737.0
0 646.0 737.0
0 431.0 739.0
0 719.0 740.0
0 937.0 741.0
0 1021.0 741.0
0 672.0 742.0
0 594.0 744.0
0 663.0 746.0
0 710.0 746.0
0 1141.0 746.0
0 339.0 747.0
0 985.0 747.0
0 623.0 759.0
0 1012.0 781.0
0 861.0 788.0
0 615.0 794.0
0 1013.0 796.0
0 77.0 797.0
0 733.0 797.0
0 811.0 797.0
0 252.0 805.0
0 1085.0 805.0
0 240.0 806.0
0 54.0 807.0
0 522.0 807.0
0 1115.0 808.0
0 1109.0 829.0
0 275.0 832.0
0 1418.0 832.0
0 712.0 834.0
0 332.0 835.0
0 311.0 839.0
0 667.0 841.0
0 980.0 842.0
0 1295.0 844.0
0 129.0 845.0
0 416.0 852.0
0 45.0 854.0
0 303.0 857.0
0 330.0 857.0
0 96.0 859.0
0 389.0 859.0
0 439.0 861.0
0 356.0 864.0
0 127.0 865.0
0 1115.0 867.0
0 329.0 876.0
0 109.0 883.0
0 1308.0 885.0
0 666.0 893.0
0 394.0 894.0
0 679.0 895.0
0 580.0 897.0
0 571.0 909.0
0 830.0 909.0
0 129.0 910.0
0 370.0 911.0
0 1075.0 913.0
0 1407.0 913.0
0 434.0 920.0
0 897.0 920.0
0 1079.0 926.0
0 1273.0 928.0
0 630.0 937.0
0 770.0 938.0
0 1256.0 943.0
0 769.0 948.0
0 765.0 957.0
0 1022.0 959.0
0 791.0 960.0
0 630.0 967.0
0 654.0 967.0
0 684.0 971.0
0 120.0 973.0
0 1085.0 978.0
0 1350.0 987.0
0 550.0 989.0
1 864.0 117.0
1 841.0 342.0
1 931.0 343.0
1 813.0 375.0
1 1103.0 375.0
1 774.0 376.0
1 785.0 377.0
1 1114.0 377.0
1 739.0 378.0
1 701.0 379.0
1 727.0 379.0
1 734.0 379.0
1 808.0 379.0
1 689.0 380.0
1 774.0 381.0
1 765.0 382.0
1 1034.0 382.0
1 1066.0 382.0
1 1093.0 382.0
1 808.0 384.0
1 1120.0 386.0
1 716.0 387.0
1 728.0 387.0
1 957.0 387.0
1 700.0 388.0
1 806.0 391.0
1 1043.0 391.0
1 954.0 392.0
1 702.0 394.0
1 774.0 394.0
1 783.0 394.0
1 1031.0 394.0
1 707.0 395.0
1 719.0 396.0
1 672.0 397.0
1 635.0 398.0
1 651.0 398.0
1 1122.0 398.0
1 1076.0 400.0
1 747.0 402.0
1 763.0 403.0
1 779.0 403.0
1 795.0 403.0
1 841.0 406.0
1 846.0 406.0
1 852.0 406.0
1 859.0 406.0
1 864.0 406.0
1 870.0 406.0
1 875.0 406.0
1 888.0 406.0
1 818.0 407.0
1 823.0 407.0
1 832.0 407.0
1 880.0 407.0
1 906.0 407.0
1 911.0 407.0
1 916.0 407.0
1 923.0 407.0
1 930.0 407.0
1 1061.0 407.0
1 813.0 408.0
1 950.0 408.0
1 1020.0 408.0
1 1036.0 408.0
1 1115.0 409.0
1 676.0 410.0
1 939.0 410.0
1 1086.0 410.0
1 1091.0 410.0
1 1104.0 410.0
1 1135.0 410.0
1 1007.0 411.0
1 706.0 412.0
1 852.0 412.0
1 901.0 412.0
1 789.0 414.0
1 633.0 415.0
1 722.0 415.0
1 816.0 415.0
1 870.0 415.0
1 875.0 415.0
1 880.0 415.0
1 756.0 416.0
1 895.0 416.0
1 906.0 416.0
1 952.0 416.0
1 1048.0 417.0
1 1102.0 417.0
1 1116.0 417.0
1 651.0 418.0
1 839.0 418.0
1 844.0 418.0
1 1085.0 418.0
1 810.0 419.0
1 944.0 419.0
1 815.0 421.0
1 827.0 421.0
1 911.0 421.0
1 930.0 421.0
1 952.0 421.0
1 1006.0 421.0
1 1019.0 421.0
1 598.0 422.0
1 822.0 422.0
1 832.0 422.0
1 853.0 422.0
1 864.0 422.0
1 895.0 422.0
1 917.0 422.0
1 922.0 422.0
1 972.0 422.0
1 622.0 423.0
1 784.0 423.0
1 844.0 423.0
1 876.0 423.0
1 887.0 423.0
1 675.0 424.0
1 757.0 424.0
1 980.0 425.0
1 1132.0 425.0
1 1148.0 428.0
1 722.0 429.0
1 1114.0 429.0
1 1060.0 430.0
1 1088.0 430.0
1 788.0 431.0
1 804.0 431.0
1 596.0 432.0
1 756.0 432.0
1 621.0 433.0
1 958.0 433.0
1 971.0 433.0
1 779.0 436.0
1 807.0 436.0
1 827.0 436.0
1 996.0 437.0
1 1064.0 437.0
1 985.0 438.0
1 990.0 438.0
1 1008.0 438.0
1 1024.0 438.0
1 1101.0 439.0
1 1116.0 439.0
1 1151.0 440.0
1 792.0 443.0
1 767.0 444.0
1 682.0 445.0
1 996.0 445.0
1 1005.0 445.0
1 671.0 447.0
1 689.0 447.0
1 793.0 448.0
1 799.0 448.0
1 805.0 448.0
1 1058.0 448.0
1 1063.0 448.0
1 765.0 449.0
1 1072.0 449.0
1 1107.0 449.0
1 718.0 450.0
1 1079.0 450.0
1 723.0 451.0
1 1034.0 451.0
1 1048.0 451.0
1 772.0 452.0
1 969.0 452.0
1 974.0 452.0
1 954.0 453.0
1 1084.0 453.0
1 1098.0 453.0
1 732.0 454.0
1 818.0 454.0
1 823.0 454.0
1 993.0 454.0
1 661.0 455.0
1 666.0 455.0
1 693.0 455.0
1 813.0 455.0
1 869.0 455.0
1 1039.0 455.0
1 636.0 456.0
1 647.0 456.0
1 922.0 456.0
1 1028.0 456.0
1 1033.0 456.0
1 780.0 457.0
1 705.0 458.0
1 983.0 459.0
1 693.0 460.0
1 744.0 461.0
1 936.0 461.0
1 720.0 462.0
1 960.0 462.0
1 972.0 462.0
1 621.0 463.0
1 1096.0 463.0
1 612.0 464.0
1 885.0 464.0
1 603.0 465.0
1 701.0 465.0
1 1023.0 465.0
1 596.0 467.0
1 690.0 467.0
1 901.0 467.0
1 922.0 467.0
1 1028.0 467.0
1 637.0 468.0
1 649.0 468.0
1 659.0 468.0
1 667.0 468.0
1 672.0 468.0
1 1009.0 468.0
1 1099.0 468.0
1 800.0 469.0
1 973.0 469.0
1 681.0 470.0
1 931.0 470.0
1 624.0 471.0
1 745.0 471.0
1 911.0 471.0
1 596.0 472.0
1 917.0 472.0
1 1027.0 472.0
1 721.0 473.0
1 960.0 473.0
1 790.0 474.0
1 604.0 475.0
1 871.0 475.0
1 619.0 476.0
1 627.0 476.0
1 1020.0 476.0
1 632.0 477.0
1 1027.0 477.0
1 701.0 478.0
1 932.0 478.0
1 738.0 479.0
1 758.0 479.0
1 717.0 481.0
1 939.0 481.0
1 1001.0 482.0
1 976.0 483.0
1 1012.0 483.0
1 1024.0 483.0
1 604.0 485.0
1 1149.0 485.0
1 594.0 486.0
1 620.0 486.0
1 710.0 486.0
1 1104.0 486.0
1 1109.0 486.0
1 1116.0 486.0
1 1027.0 488.0
1 726.0 489.0
1 715.0 490.0
1 720.0 490.0
1 1013.0 491.0
1 1131.0 491.0
1 637.0 492.0
1 1103.0 492.0
1 671.0 493.0
1 766.0 493.0
1 986.0 493.0
1 959.0 494.0
1 618.0 495.0
1 755.0 495.0
1 1030.0 495.0
1 1122.0 496.0
1 1101.0 497.0
1 592.0 498.0
1 608.0 498.0
1 1045.0 498.0
1 1149.0 498.0
1 808.0 499.0
1 887.0 499.0
1 1031.0 500.0
1 993.0 501.0
1 1142.0 502.0
1 967.0 503.0
1 1130.0 503.0
1 596.0 505.0
1 845.0 506.0
1 856.0 506.0
1 861.0 506.0
1 866.0 506.0
1 917.0 506.0
1 1027.0 506.0
1 1151.0 506.0
1 613.0 507.0
1 729.0 508.0
1 877.0 509.0
1 1120.0 509.0
1 897.0 510.0
1 974.0 510.0
1 1142.0 510.0
1 808.0 511.0
1 823.0 512.0
1 832.0 512.0
1 1041.0 512.0
1 1090.0 512.0
1 1128.0 512.0
1 1155.0 512.0
1 868.0 513.0
1 1018.0 513.0
1 1033.0 513.0
1 1160.0 514.0
1 844.0 515.0
1 857.0 515.0
1 839.0 516.0
1 1084.0 516.0
1 1050.0 517.0
1 1149.0 517.0
1 686.0 518.0
1 909.0 518.0
1 934.0 518.0
1 1129.0 518.0
1 1141.0 518.0
1 716.0 519.0
1 1055.0 519.0
1 1079.0 519.0
1 827.0 520.0
1 1039.0 520.0
1 1073.0 520.0
1 792.0 521.0
1 804.0 521.0
1 813.0 521.0
1 923.0 521.0
1 1063.0 521.0
1 1068.0 521.0
1 656.0 522.0
1 686.0 524.0
1 717.0 524.0
1 729.0 524.0
1 750.0 524.0
1 929.0 524.0
1 706.0 526.0
1 1120.0 527.0
1 1163.0 527.0
1 798.0 528.0
1 919.0 528.0
1 810.0 529.0
1 691.0 530.0
1 939.0 531.0
1 737.0 533.0
1 927.0 533.0
1 1165.0 533.0
1 684.0 534.0
1 696.0 535.0
1 1118.0 535.0
1 801.0 536.0
1 851.0 536.0
1 1106.0 536.0
1 1138.0 536.0
1 789.0 538.0
1 838.0 538.0
1 933.0 538.0
1 946.0 538.0
1 1164.0 538.0
1 1002.0 540.0
1 733.0 543.0
1 793.0 543.0
1 950.0 543.0
1 1118.0 543.0
1 1162.0 543.0
1 840.0 544.0
1 1027.0 544.0
1 1065.0 544.0
1 1098.0 544.0
1 695.0 546.0
1 835.0 547.0
1 942.0 547.0
1 1047.0 547.0
1 1060.0 547.0
1 1079.0 548.0
1 1160.0 548.0
1 840.0 549.0
1 1088.0 549.0
1 1148.0 549.0
1 957.0 551.0
1 686.0 552.0
1 703.0 552.0
1 717.0 552.0
1 1120.0 552.0
1 730.0 553.0
1 818.0 555.0
1 951.0 556.0
1 596.0 558.0
1 962.0 558.0
1 622.0 559.0
1 686.0 560.0
1 769.0 560.0
1 1126.0 560.0
1 727.0 562.0
1 774.0 562.0
1 954.0 562.0
1 779.0 563.0
1 1147.0 563.0
1 885.0 565.0
1 892.0 569.0
1 962.0 569.0
1 968.0 569.0
1 835.0 572.0
1 763.0 574.0
1 772.0 576.0
1 798.0 577.0
1 824.0 579.0
1 814.0 580.0
1 717.0 581.0
1 839.0 581.0
1 859.0 583.0
1 761.0 584.0
1 898.0 584.0
1 903.0 584.0
1 686.0 586.0
1 910.0 586.0
1 719.0 587.0
1 724.0 589.0
1 1024.0 590.0
1 758.0 593.0
1 809.0 593.0
1 769.0 594.0
1 831.0 594.0
1 724.0 597.0
1 809.0 598.0
1 941.0 598.0
1 971.0 599.0
1 977.0 600.0
1 826.0 603.0
1 901.0 605.0
1 991.0 605.0
1 735.0 606.0
1 906.0 606.0
1 947.0 606.0
1 910.0 611.0
1 979.0 612.0
1 1024.0 612.0
1 811.0 616.0
1 735.0 618.0
1 768.0 618.0
1 725.0 619.0
1 882.0 619.0
1 967.0 620.0
1 760.0 621.0
1 796.0 621.0
1 978.0 622.0
1 1023.0 623.0
1 992.0 630.0
1 836.0 631.0
1 909.0 631.0
1 795.0 633.0
1 904.0 633.0
1 1021.0 633.0
1 936.0 635.0
1 821.0 636.0
1 977.0 636.0
1 925.0 637.0
1 762.0 639.0
1 898.0 639.0
1 599.0 641.0
1 940.0 641.0
1 976.0 641.0
1 1018.0 643.0
1 772.0 644.0
1 962.0 646.0
1 974.0 646.0
1 730.0 647.0
1 625.0 648.0
1 763.0 648.0
1 907.0 652.0
1 922.0 652.0
1 893.0 654.0
1 1015.0 654.0
1 933.0 655.0
1 971.0 655.0
1 598.0 656.0
1 776.0 657.0
1 769.0 660.0
1 625.0 662.0
1 878.0 662.0
1 908.0 663.0
1 1011.0 664.0
1 953.0 665.0
1 965.0 667.0
1 898.0 668.0
1 738.0 669.0
1 951.0 670.0
1 917.0 671.0
1 847.0 672.0
1 1007.0 672.0
1 600.0 674.0
1 871.0 674.0
1 960.0 676.0
1 944.0 678.0
1 791.0 679.0
1 624.0 680.0
1 1000.0 683.0
1 787.0 684.0
1 792.0 684.0
1 874.0 684.0
1 1139.0 684.0
1 746.0 687.0
1 955.0 687.0
1 1104.0 688.0
1 791.0 689.0
1 971.0 691.0
1 599.0 693.0
1 811.0 694.0
1 803.0 695.0
1 949.0 695.0
1 599.0 698.0
1 625.0 699.0
1 820.0 700.0
1 915.0 700.0
1 988.0 700.0
1 804.0 701.0
1 1138.0 702.0
1 599.0 703.0
1 790.0 703.0
1 814.0 703.0
1 826.0 704.0
1 1105.0 705.0
1 834.0 706.0
1 906.0 706.0
1 900.0 707.0
1 763.0 708.0
1 889.0 708.0
1 894.0 708.0
1 845.0 709.0
1 822.0 711.0
1 626.0 713.0
1 923.0 713.0
1 829.0 714.0
1 910.0 715.0
1 871.0 716.0
1 805.0 717.0
1 837.0 717.0
1 901.0 718.0
1 895.0 719.0
1 890.0 720.0
1 779.0 721.0
1 871.0 721.0
1 627.0 722.0
1 932.0 722.0
1 600.0 725.0
1 1138.0 725.0
1 834.0 728.0
1 1241.0 728.0
1 702.0 729.0
1 919.0 729.0
1 862.0 734.0
1 804.0 737.0
1 309.0 739.0
1 599.0 739.0
1 329.0 741.0
1 907.0 741.0
1 340.0 742.0
1 852.0 743.0
1 875.0 743.0
1 1136.0 743.0
1 862.0 746.0
1 1466.0 748.0
1 599.0 750.0
1 365.0 754.0
1 174.0 756.0
1 774.0 758.0
1 779.0 760.0
1 1346.0 760.0
1 600.0 762.0
1 1136.0 763.0
1 145.0 768.0
1 505.0 770.0
1 1136.0 773.0
1 449.0 775.0
1 520.0 778.0
1 408.0 779.0
1 599.0 779.0
1 394.0 786.0
1 748.0 786.0
1 354.0 787.0
1 446.0 788.0
1 1134.0 791.0
1 1133.0 796.0
1 598.0 806.0
1 547.0 810.0
1 355.0 814.0
1 1027.0 825.0
1 1130.0 825.0
1 1141.0 826.0
1 151.0 827.0
1 1131.0 837.0
1 955.0 867.0
1 1137.0 881.0
1 891.0 890.0
1 724.0 906.0
