0 3 2 296.0873888638726
0 5 3 412.31657331172363
0 4 4 258.82010282941326
0 2 5 200.01974300708886
0 7 7 176.62441680846516
0 8 9 142.7836869035845
0 11 12 136.13702038629083
0 12 13 190.95258126961062
0 13 15 110.01541848501466
0 15 16 107.11279974773878
0 14 17 265.4507700140848
0 16 18 217.0850193209261
0 20 20 341.5285490841984
0 22 21 231.08092817665556
0 19 22 288.68427944457426
0 23 26 179.05739560384907
0 25 27 223.89657091142294
0 28 28 110.95254212762929
0 31 30 121.80082565333245
0 30 32 277.1131317922978
0 34 33 124.20911638904013
0 36 34 113.13893899201024
0 38 35 107.56356311175708
0 35 36 180.00153638243734
0 37 37 130.7673937022947
0 44 38 103.32410878175872
0 46 40 108.39267115526417
0 42 41 105.72893861536387
0 43 42 149.1070312876329
0 48 43 110.24822122958993
0 50 44 122.38114148177823
0 51 45 200.93150440152536
0 53 46 258.46244478261366
0 58 47 226.81185214226085
0 49 48 113.8615044686519
0 54 50 109.9925542745656
0 52 51 161.2462811331209
0 56 53 110.329211763598
0 59 54 113.1754128181428
0 60 55 111.64341962113329
0 57 57 144.3051299008989
0 64 59 162.27764974072377
0 70 61 375.6648781931775
0 65 63 119.44362215436016
0 68 64 212.14532469437404
0 67 67 106.46082010516875
0 69 68 126.41425683094984
0 72 70 123.52627220593052
0 73 73 109.58139362329018
0 82 74 228.21761507977075
0 77 75 105.55851513792301
0 76 76 115.37073675476479
0 83 77 169.0869462768596
0 80 78 172.9037532008734
0 81 79 109.73826416800408
0 94 80 393.3774537854267
0 88 81 165.0469866794424
0 87 83 103.36510479159512
0 85 84 109.98217114741387
0 86 85 176.24170171426124
0 89 88 166.23513333368342
0 105 89 143.04987931680728
0 100 90 120.38013716715612
0 101 91 151.4557693821529
0 93 94 111.69703270669645
0 111 95 149.02378993787485
0 96 96 104.35519495827276
0 104 97 221.7566850148564
0 102 99 119.01058412326888
0 103 100 130.04626012327765
0 98 101 117.73623717107682
0 108 102 152.83892577035903
0 115 105 235.999313828556
0 110 106 106.35543011111233
0 99 107 121.0826527679014
0 112 108 105.93886502588671
0 113 109 102.71517333429168
0 114 110 123.46843743015572
0 106 111 102.68138359133813
0 119 112 189.26186004662165
0 120 114 134.0503152423002
0 117 116 125.10166942997338
0 118 118 104.27251389049619
0 123 119 218.4502898201809
0 132 121 155.32900216311623
0 122 122 119.7607727807548
0 116 123 113.24204069290249
0 121 125 111.62147785945268
0 125 126 103.43876919252459
0 127 128 118.73566159901621
0 135 129 219.1562026598587
0 131 130 105.87634884586674
0 129 133 211.42892392859548
0 126 134 208.36225180844482
0 141 135 218.6309709972686
0 139 136 110.18457665649906
0 134 137 104.21182537113145
0 146 138 124.19887317087182
0 147 139 109.61917611112864
0 130 140 105.05587326280732
0 151 141 124.25513976171788
0 148 142 185.7861731331648
0 138 143 102.70400611477956
0 143 146 203.203025635566
0 144 147 313.84263530138895
0 150 148 103.77881917467921
0 142 149 110.23855033934534
0 145 152 165.79752802102243
0 164 153 117.08428773792888
0 155 154 206.9180813759598
0 158 155 126.01385315838387
0 149 156 125.85171982258714
0 160 158 112.40048009266874
0 154 159 180.52846372223013
0 153 162 103.55563384897948
0 166 163 139.96846099079073
0 165 165 124.34749165870096
0 163 166 102.67433298344014
0 167 167 102.84343069302044
0 162 170 104.32877050341452
0 172 171 103.80564655353233
0 170 172 118.59148745047206
0 168 173 107.72786072316009
0 169 174 102.80106470066323
0 174 178 102.7113563369036
0 171 179 103.14678803365112
0 184 180 103.69764462829072
0 175 182 104.66510778364739
0 181 183 102.73251374535621
0 176 184 147.55712850858137
0 173 185 286.8647490388949
0 182 186 103.55992936016132
0 183 187 132.00485147186623
0 179 188 102.81822618811529
0 180 189 103.7687287866594
0 185 190 104.93151113315442
0 186 191 136.32917240961248
0 192 193 103.01476880092034
0 188 194 108.81368472884422
0 191 196 116.70587187770423
0 190 197 165.20485995580086
0 194 202 103.22980151915738
0 197 205 107.95617847641348
0 189 206 103.92673473242262
0 193 208 110.5523374596142
0 198 210 113.55088546486161
0 209 211 110.48372109808223
0 207 212 352.53821303649653
0 199 213 102.95505493177022
0 205 214 137.12124289403255
0 210 215 108.86937523851574
0 212 216 148.1783055692846
0 200 217 108.77104628139679
0 211 220 122.09582051526873
0 202 221 106.1724126147175
0 208 222 115.21186294023316
0 206 225 107.15396984794961
0 216 226 133.75093722907053
0 204 227 103.77179035733295
0 217 228 107.44238166664766
0 220 229 173.09621888110115
0 218 230 107.51546287896518
0 213 231 103.76155373767473
0 222 232 355.9479317489183
0 219 237 102.73236906047293
0 221 238 147.42189429027601
0 236 239 124.27410914084787
0 228 241 179.31364702824348
0 230 242 106.2830887139101
0 244 243 112.91592243421438
0 224 244 103.04189237435324
0 239 245 155.782818315114
0 223 246 103.07520424165256
0 255 247 297.8489711942193
0 234 248 139.2469028192466
0 227 249 103.10215056505729
0 240 250 166.25320422491944
0 226 251 105.3653093283304
0 235 252 108.69996016049058
0 242 253 129.85671362640463
0 250 254 190.38740393089267
0 247 255 107.67188741633026
0 246 256 103.34085974275189
0 237 257 243.295304520533
0 252 258 104.94977213737965
0 253 259 133.5945149316246
0 233 260 223.66500460969013
0 243 261 103.2031756912869
0 262 264 124.69138591832683
0 275 265 169.48052367868112
0 263 266 104.36180965539275
0 269 267 150.79805903815858
0 232 268 174.23974777363478
0 259 270 103.94502762311136
0 280 271 159.58397031664126
0 270 272 116.2650629127471
0 271 273 121.84875377717559
0 272 274 124.2611953436833
0 248 275 155.3778261831929
0 257 277 107.80473900369836
0 258 278 198.23363193438064
0 251 279 152.38214264499732
0 283 280 149.02108962796547
0 261 281 112.52978207855668
0 245 284 141.53121184065395
0 266 286 103.81613598928104
0 273 287 112.77074426993596
0 276 289 107.69186132943335
0 274 290 198.41311759086977
0 285 291 124.474796867641
0 279 293 112.64026056310274
0 292 294 115.51892060157749
0 267 295 105.79575710055884
0 290 296 164.4759146422462
0 291 297 139.83990758032232
0 264 299 151.7164894176918
0 256 300 123.21995289984
0 278 301 107.37548808593513
0 277 303 195.16803347675562
0 265 304 132.80129068179448
0 294 305 125.51143173955244
0 298 306 158.24388429264093
0 282 307 104.1067818890164
0 304 308 298.22416082317835
0 288 309 114.68971250557051
0 299 310 127.36600740151182
0 297 311 116.54199073274911
0 308 312 410.4639434258448
0 287 313 104.0067081200315
0 289 317 212.42786399296568
0 314 318 208.85063668312065
0 296 323 128.4558166528721
0 303 324 123.03494412897962
0 305 325 113.91945861487753
0 302 327 104.91480479731574
0 293 328 149.29285467096776
0 315 329 188.88175492387128
0 318 330 143.3204574099319
0 321 331 131.18303413999004
0 319 332 103.5618535067708
0 309 334 105.77149213491872
0 313 336 145.16192696624304
0 327 337 134.96202738558821
0 295 338 111.17699046959663
0 311 341 139.6120471071628
0 320 342 107.5122246560672
0 310 343 119.01546386596719
0 312 344 103.05392445078132
0 316 345 149.33407579579207
0 317 346 104.01240817273933
0 330 348 170.99868284703587
0 333 349 131.49541523706333
0 329 350 194.87536767340717
0 334 351 122.50187415889202
0 339 352 111.95922993435083
0 300 354 102.92216792998315
0 301 355 114.4455709752251
0 335 357 186.51980667649374
0 325 360 109.86171889958702
0 326 361 108.20820623907701
0 359 363 235.04317323391888
0 336 364 103.24209988416875
0 331 365 116.96826782453327
0 341 366 194.09351098343186
0 332 367 122.66484837154404
0 342 368 123.40740698241403
0 349 370 102.97572506050214
0 356 371 116.41856769326068
0 357 375 102.9850612506769
0 358 376 112.44503236548206
0 322 377 102.80283476530563
0 323 378 126.72929401656138
0 337 379 106.50067240498808
0 353 380 103.66456981920011
0 346 381 113.64242971796963
0 345 384 103.99733405271594
0 352 386 104.54708861262745
0 348 387 106.7563755681282
0 344 389 128.37058151729212
0 368 390 107.79964777463127
0 367 391 135.57464582317164
0 354 393 107.04988803837385
0 377 394 103.16504208055083
0 360 397 116.77044001015891
0 351 398 119.34604586750164
0 381 399 111.42005310664157
0 369 400 174.09042374912707
0 363 401 110.7744950307612
0 376 402 106.33123798148301
0 378 404 142.8780829699046
0 365 405 104.40829846411563
0 371 406 151.2848496445253
0 373 407 103.00794428641747
0 374 408 103.12161844951511
0 380 409 107.10027986027416
0 388 410 126.5682946618621
0 347 411 102.77352002094527
0 387 412 103.97165106306345
0 370 413 116.4128565544514
0 392 415 110.01642126572928
0 393 417 109.2043636660924
0 379 418 119.277428532042
0 375 419 120.59414909189685
0 386 420 136.85310272505222
0 400 421 105.10918540458998
0 361 422 102.86369022860865
0 402 425 173.67536840453323
0 383 426 131.84801829329388
0 404 427 111.92779179257019
0 406 429 192.7802280837545
0 372 430 110.37262336302507
0 405 432 108.32466635244286
0 391 433 165.26206066537785
0 410 436 107.8271530559642
0 415 437 108.84254319132063
0 399 438 109.80903344226827
0 385 439 136.5361111676263
0 418 440 104.83188997898264
0 419 441 113.81536735290585
0 422 442 201.1241926799385
0 384 443 140.6233228535648
0 423 445 181.994186718186
0 382 446 126.7658052112867
0 421 447 105.93154057911234
0 420 449 114.84425547900739
0 425 450 126.37935676244014
0 397 452 110.17548127027798
0 417 453 102.62181068003002
0 426 456 105.56354964049899
0 433 457 181.61266113085523
0 390 458 113.93004919498256
0 395 459 139.77111389737033
0 429 461 124.52680312704696
0 430 462 122.94263891434333
0 389 463 119.05564830774193
0 396 464 176.08452956165834
0 428 466 114.80560623518417
0 413 467 109.16219274657573
0 434 469 109.50669296133695
0 409 473 105.33577834930281
0 437 474 108.56512620104732
0 439 475 114.2648618177135
0 427 476 137.55830389851465
0 398 478 109.87387097815696
0 403 479 103.76422340742802
0 408 481 128.0972613483382
0 443 484 107.89812880801146
0 432 486 106.4116827702885
0 446 487 110.1434965425747
0 438 488 115.53787017076755
0 412 489 108.81742530013751
0 450 490 109.21024957901837
0 407 491 136.15286319852612
0 454 492 104.10554156771484
0 436 495 102.82578183085637
0 455 496 102.70802377050705
0 456 497 109.24681616081924
0 458 498 111.39879818067129
0 431 499 104.59884859828001
0 457 500 106.87943152621698
0 441 501 103.20198854882969
0 462 502 108.5316893638826
0 424 504 115.13694751773167
0 435 507 104.29699063819587
0 440 509 102.56608769975355
0 444 510 136.09157838646638
0 453 511 107.42726006065078
0 461 513 229.42175440496538
0 460 516 264.0399096921796
0 471 518 127.7817399906227
0 478 519 116.88898302250661
0 451 520 106.91612975093395
0 465 521 102.69950470179177
0 467 522 209.28201239459474
0 477 523 158.4917096403512
0 476 524 126.96131978743541
0 473 525 121.08260033607078
0 481 526 103.39310771202076
0 447 527 107.49675277743891
0 448 528 102.63145322052276
0 484 529 106.48995794281595
0 464 532 102.65588156416008
0 502 533 134.44977756008652
0 459 534 105.89199937767081
0 475 536 102.66019069938916
0 487 537 132.02367408884024
0 490 538 110.63345459312511
0 496 539 110.50432981439174
0 495 543 106.24051956308777
0 501 545 105.30699761231052
0 463 546 104.03001522140988
0 474 547 105.83439858170989
0 472 551 105.30072519550868
0 485 552 102.79126430708294
0 483 553 105.30383156775784
0 500 554 103.61529790975487
0 506 555 103.44725189133943
0 469 556 111.73277609518122
0 480 557 109.66199480032223
0 510 559 110.18236960300838
0 511 561 110.45565118189712
0 516 562 105.46614625552854
0 514 563 107.27788976614592
0 468 564 103.17975530655193
0 505 566 107.41446024464469
0 520 567 195.26854928404393
0 493 568 102.8698711963409
0 504 570 105.38003469450233
0 499 571 112.70092205726883
0 498 574 103.24171233932111
0 494 576 141.8196228425977
0 479 577 120.8965440261468
0 482 579 179.88639329261952
0 508 580 104.16284036494335
0 534 581 102.67125414470873
0 518 584 110.10758469190225
0 531 585 102.75940704720661
0 538 586 164.95596576998847
0 533 587 115.70967005754098
0 536 588 172.3576844885115
0 489 590 133.7988412915916
0 532 592 111.67600649558986
0 540 593 134.1882065945492
0 530 595 104.56752967268797
0 513 596 103.91608777101715
0 526 597 141.75788669654386
0 523 598 138.01124871384746
0 524 599 110.47166652564596
0 555 602 104.8958345316868
0 488 603 105.59984813254262
0 529 604 131.2782093497802
0 547 605 102.83725290215592
0 528 606 115.31353991857705
0 539 607 151.84676028966453
0 492 609 107.89360465467739
0 554 611 103.23841514920089
0 558 612 102.77739200931839
0 503 613 115.05874421824738
0 507 615 109.48435406041617
0 564 617 121.23778740309574
0 544 618 105.63107695909065
0 549 619 348.90881871958953
0 560 620 102.66948860825183
0 561 621 102.79053376132661
0 562 622 102.75613429748218
0 565 625 102.76690998329975
0 517 626 108.17817645421431
0 543 627 106.67912607540133
0 548 629 107.47640363740516
0 551 630 103.73834110325176
0 525 631 138.7599402885875
0 552 632 120.21247462257551
0 572 633 112.28642796687818
0 512 634 102.94480193735242
0 550 635 108.76404418627462
0 571 636 115.05133526269454
0 583 637 104.31653620583438
0 522 638 103.61326939288482
0 542 641 137.01019302860084
0 570 642 156.57115361320356
0 582 643 103.80217837608883
0 587 644 103.91454948478818
0 541 645 149.1873940097991
0 559 646 129.26690880624776
0 566 647 122.71357570482415
0 557 649 103.41174226232542
0 575 650 103.5047859782156
0 537 652 102.94621689335672
0 589 655 109.27483723456479
0 596 656 103.98310211124443
0 574 659 153.4521861327181
0 573 661 117.81445862611304
0 577 663 106.78870010984893
0 603 664 115.4766286902557
0 556 665 113.41419796062577
0 576 666 104.54385083566082
0 579 667 125.33734638771317
0 581 668 110.97656332425596
0 594 669 126.38942009797182
0 595 670 108.86989096149493
0 580 671 157.16371898323493
0 586 672 112.47131019646528
0 585 673 103.29153887758629
0 592 674 104.55631444515663
0 563 676 115.15413584512588
0 605 677 178.40074094317131
0 569 678 106.19737278032497
0 588 679 117.65441478534464
0 616 680 147.78971899966226
0 598 681 112.6036319959064
0 599 682 105.5971296983808
0 618 684 140.10996866627917
0 615 685 103.51114641576369
0 567 686 104.56898307116217
0 568 687 108.94119251310855
0 584 689 116.75874600619522
0 604 692 107.90795557673766
0 578 694 104.35000894710349
0 607 695 104.8342350698588
0 610 696 123.40999410211246
0 608 697 105.89856301849122
0 623 699 103.3744225506517
0 591 700 104.06439516396149
0 606 701 102.42187342133187
0 614 702 106.00420776380315
0 617 704 107.19469902618093
0 619 705 125.81991312785688
0 622 706 103.94721083738416
0 602 707 103.59959017648693
0 597 708 103.9491880456689
0 630 709 109.41947575069455
0 601 710 102.83239944426965
0 628 711 102.69289789542562
0 613 712 112.3309951486115
0 612 713 112.73075086905439
0 621 715 103.2295029899068
0 609 716 103.1671101805263
0 633 717 104.7771638810031
0 620 718 113.8213438357618
0 632 719 106.57570697209718
0 635 720 102.9788727540144
0 634 722 107.45205677381804
0 631 723 141.4157918027605
0 643 724 103.16922277316432
0 627 726 105.58831735095747
0 626 727 120.72348827024904
0 625 729 114.71497930514263
0 644 731 109.28229676291596
0 637 732 121.22806341872321
0 642 734 102.73045674204566
0 647 736 147.5172455876847
0 649 737 179.94112867979268
0 636 738 170.93134734795436
0 638 740 103.88823832721346
0 641 741 105.12748195758799
0 648 742 102.7456440223131
0 640 743 141.82779924333556
0 646 744 102.7442219903119
0 650 745 102.73094110544099
0 651 746 102.85452105918746
0 652 748 124.02215441679365

0 579.0 26.0
0 587.0 26.0
0 71.0 27.0
0 574.0 28.0
0 586.0 31.0
0 571.0 35.0
0 571.0 47.0
0 588.0 49.0
0 569.0 54.0
0 583.0 56.0
0 592.0 57.0
0 556.0 60.0
0 547.0 64.0
0 508.0 68.0
0 513.0 68.0
0 523.0 72.0
0 617.0 73.0
0 495.0 76.0
0 512.0 79.0
0 486.0 82.0
0 530.0 84.0
0 494.0 85.0
0 507.0 87.0
0 628.0 87.0
0 488.0 89.0
0 504.0 94.0
0 519.0 95.0
0 588.0 95.0
0 488.0 96.0
0 556.0 100.0
0 627.0 100.0
0 286.0 101.0
0 292.0 101.0
0 298.0 101.0
0 616.0 101.0
0 570.0 102.0
0 281.0 103.0
0 514.0 104.0
0 533.0 105.0
0 556.0 105.0
0 276.0 106.0
0 580.0 106.0
0 312.0 107.0
0 626.0 107.0
0 606.0 108.0
0 569.0 110.0
0 616.0 110.0
0 540.0 111.0
0 523.0 113.0
0 498.0 114.0
0 510.0 115.0
0 269.0 116.0
0 159.0 117.0
0 167.0 117.0
0 278.0 117.0
0 598.0 117.0
0 172.0 118.0
0 295.0 119.0
0 534.0 119.0
0 589.0 119.0
0 631.0 121.0
0 181.0 122.0
0 267.0 122.0
0 439.0 122.0
0 142.0 123.0
0 420.0 123.0
0 508.0 123.0
0 584.0 123.0
0 524.0 125.0
0 543.0 125.0
0 576.0 125.0
0 601.0 125.0
0 493.0 127.0
0 297.0 128.0
0 135.0 129.0
0 152.0 129.0
0 178.0 129.0
0 282.0 129.0
0 315.0 129.0
0 267.0 130.0
0 415.0 130.0
0 626.0 130.0
0 190.0 132.0
0 326.0 132.0
0 504.0 133.0
0 617.0 133.0
0 132.0 134.0
0 533.0 134.0
0 566.0 134.0
0 305.0 136.0
0 378.0 136.0
0 287.0 137.0
0 596.0 137.0
0 579.0 138.0
0 605.0 138.0
0 277.0 139.0
0 315.0 139.0
0 364.0 139.0
0 390.0 139.0
0 165.0 140.0
0 359.0 140.0
0 515.0 140.0
0 183.0 141.0
0 621.0 141.0
0 630.0 141.0
0 198.0 143.0
0 304.0 143.0
0 269.0 145.0
0 355.0 145.0
0 541.0 145.0
0 566.0 145.0
0 129.0 146.0
0 323.0 146.0
0 413.0 146.0
0 178.0 149.0
0 599.0 149.0
0 577.0 150.0
0 191.0 151.0
0 298.0 151.0
0 150.0 152.0
0 402.0 152.0
0 503.0 152.0
0 521.0 152.0
0 279.0 154.0
0 312.0 156.0
0 164.0 157.0
0 420.0 157.0
0 132.0 159.0
0 299.0 159.0
0 327.0 159.0
0 544.0 159.0
0 583.0 159.0
0 600.0 159.0
0 197.0 160.0
0 209.0 160.0
0 516.0 161.0
0 569.0 161.0
0 406.0 162.0
0 535.0 162.0
0 592.0 163.0
0 562.0 164.0
0 309.0 167.0
0 135.0 168.0
0 167.0 168.0
0 271.0 168.0
0 213.0 170.0
0 355.0 170.0
0 454.0 170.0
0 199.0 171.0
0 504.0 171.0
0 535.0 171.0
0 594.0 171.0
0 225.0 172.0
0 572.0 172.0
0 142.0 173.0
0 257.0 173.0
0 332.0 173.0
0 583.0 173.0
0 170.0 174.0
0 231.0 175.0
0 518.0 175.0
0 251.0 176.0
0 207.0 177.0
0 478.0 177.0
0 313.0 178.0
0 541.0 178.0
0 535.0 179.0
0 338.0 180.0
0 498.0 180.0
0 508.0 180.0
0 151.0 181.0
0 358.0 181.0
0 137.0 182.0
0 601.0 182.0
0 241.0 183.0
0 278.0 183.0
0 487.0 183.0
0 189.0 184.0
0 263.0 184.0
0 589.0 184.0
0 223.0 185.0
0 554.0 185.0
0 289.0 187.0
0 581.0 187.0
0 315.0 188.0
0 330.0 188.0
0 61.0 189.0
0 142.0 189.0
0 495.0 189.0
0 531.0 189.0
0 570.0 189.0
0 520.0 190.0
0 52.0 191.0
0 274.0 191.0
0 509.0 191.0
0 548.0 191.0
0 595.0 191.0
0 603.0 191.0
0 68.0 192.0
0 159.0 193.0
0 236.0 193.0
0 241.0 193.0
0 308.0 193.0
0 164.0 194.0
0 47.0 195.0
0 136.0 196.0
0 264.0 196.0
0 283.0 197.0
0 329.0 197.0
0 552.0 197.0
0 200.0 198.0
0 512.0 198.0
0 219.0 199.0
0 321.0 199.0
0 502.0 199.0
0 47.0 200.0
0 53.0 200.0
0 165.0 200.0
0 577.0 200.0
0 71.0 201.0
0 490.0 201.0
0 594.0 201.0
0 240.0 202.0
0 268.0 202.0
0 276.0 202.0
0 546.0 202.0
0 558.0 202.0
0 605.0 202.0
0 144.0 203.0
0 217.0 204.0
0 516.0 204.0
0 204.0 207.0
0 267.0 207.0
0 288.0 207.0
0 167.0 208.0
0 186.0 208.0
0 531.0 208.0
0 550.0 208.0
0 555.0 208.0
0 572.0 208.0
0 300.0 209.0
0 508.0 210.0
0 513.0 210.0
0 68.0 211.0
0 214.0 211.0
0 313.0 211.0
0 142.0 212.0
0 244.0 212.0
0 261.0 212.0
0 279.0 212.0
0 490.0 212.0
0 501.0 212.0
0 267.0 213.0
0 525.0 213.0
0 563.0 213.0
0 55.0 214.0
0 80.0 214.0
0 583.0 215.0
0 202.0 217.0
0 230.0 217.0
0 592.0 217.0
0 171.0 218.0
0 256.0 218.0
0 266.0 218.0
0 287.0 218.0
0 330.0 218.0
0 541.0 218.0
0 475.0 219.0
0 551.0 220.0
0 565.0 220.0
0 45.0 221.0
0 91.0 221.0
0 191.0 221.0
0 320.0 221.0
0 277.0 222.0
0 238.0 223.0
0 297.0 223.0
0 153.0 224.0
0 220.0 224.0
0 487.0 224.0
0 309.0 225.0
0 164.0 226.0
0 498.0 226.0
0 228.0 227.0
0 255.0 227.0
0 561.0 227.0
0 574.0 227.0
0 260.0 228.0
0 510.0 228.0
0 593.0 228.0
0 177.0 229.0
0 246.0 229.0
0 271.0 229.0
0 286.0 229.0
0 529.0 229.0
0 539.0 230.0
0 38.0 231.0
0 467.0 231.0
0 202.0 232.0
0 479.0 232.0
0 549.0 233.0
0 216.0 234.0
0 228.0 234.0
0 248.0 234.0
0 583.0 234.0
0 52.0 235.0
0 603.0 235.0
0 188.0 236.0
0 479.0 237.0
0 524.0 237.0
0 85.0 238.0
0 499.0 238.0
0 205.0 239.0
0 491.0 239.0
0 535.0 239.0
0 554.0 239.0
0 151.0 240.0
0 569.0 240.0
0 594.0 240.0
0 604.0 240.0
0 144.0 241.0
0 548.0 241.0
0 80.0 242.0
0 486.0 242.0
0 185.0 243.0
0 469.0 243.0
0 138.0 245.0
0 286.0 245.0
0 585.0 245.0
0 612.0 245.0
0 48.0 246.0
0 63.0 246.0
0 548.0 246.0
0 558.0 246.0
0 58.0 247.0
0 77.0 247.0
0 523.0 247.0
0 196.0 248.0
0 509.0 248.0
0 160.0 249.0
0 576.0 249.0
0 593.0 249.0
0 598.0 249.0
0 84.0 250.0
0 98.0 250.0
0 123.0 251.0
0 536.0 251.0
0 350.0 252.0
0 523.0 252.0
0 581.0 252.0
0 106.0 253.0
0 565.0 254.0
0 72.0 255.0
0 463.0 255.0
0 174.0 257.0
0 489.0 257.0
0 535.0 257.0
0 582.0 257.0
0 160.0 258.0
0 599.0 258.0
0 193.0 259.0
0 542.0 260.0
0 71.0 261.0
0 49.0 265.0
0 112.0 265.0
0 144.0 265.0
0 188.0 266.0
0 378.0 266.0
0 353.0 267.0
0 408.0 267.0
0 609.0 267.0
0 129.0 268.0
0 297.0 268.0
0 344.0 268.0
0 463.0 268.0
0 478.0 268.0
0 512.0 268.0
0 541.0 269.0
0 41.0 270.0
0 80.0 270.0
0 561.0 270.0
0 223.0 272.0
0 608.0 272.0
0 126.0 274.0
0 201.0 274.0
0 463.0 274.0
0 526.0 274.0
0 578.0 275.0
0 487.0 276.0
0 547.0 276.0
0 106.0 277.0
0 187.0 277.0
0 116.0 278.0
0 259.0 278.0
0 354.0 278.0
0 497.0 278.0
0 561.0 278.0
0 84.0 279.0
0 143.0 279.0
0 463.0 279.0
0 587.0 279.0
0 602.0 279.0
0 514.0 281.0
0 29.0 282.0
0 325.0 282.0
0 542.0 282.0
0 239.0 283.0
0 253.0 284.0
0 380.0 284.0
0 156.0 285.0
0 370.0 285.0
0 86.0 286.0
0 97.0 286.0
0 227.0 286.0
0 577.0 286.0
0 285.0 287.0
0 497.0 287.0
0 552.0 287.0
0 562.0 287.0
0 601.0 287.0
0 102.0 288.0
0 516.0 288.0
0 557.0 288.0
0 480.0 289.0
0 215.0 290.0
0 252.0 290.0
0 260.0 290.0
0 359.0 290.0
0 592.0 291.0
0 63.0 292.0
0 285.0 292.0
0 532.0 292.0
0 244.0 293.0
0 326.0 293.0
0 53.0 295.0
0 476.0 295.0
0 582.0 295.0
0 74.0 296.0
0 102.0 296.0
0 599.0 296.0
0 272.0 297.0
0 287.0 297.0
0 508.0 297.0
0 522.0 297.0
0 551.0 297.0
0 566.0 298.0
0 85.0 300.0
0 169.0 300.0
0 221.0 300.0
0 376.0 300.0
0 75.0 301.0
0 395.0 301.0
0 538.0 301.0
0 35.0 302.0
0 323.0 302.0
0 432.0 302.0
0 576.0 303.0
0 51.0 304.0
0 96.0 305.0
0 418.0 305.0
0 522.0 305.0
0 593.0 305.0
0 74.0 306.0
0 209.0 306.0
0 243.0 306.0
0 160.0 307.0
0 344.0 307.0
0 38.0 308.0
0 530.0 309.0
0 570.0 309.0
0 234.0 310.0
0 224.0 311.0
0 372.0 311.0
0 586.0 311.0
0 108.0 312.0
0 360.0 312.0
0 401.0 312.0
0 417.0 312.0
0 507.0 312.0
0 543.0 312.0
0 384.0 313.0
0 406.0 313.0
0 325.0 314.0
0 432.0 314.0
0 97.0 316.0
0 579.0 316.0
0 123.0 317.0
0 379.0 317.0
0 571.0 318.0
0 354.0 319.0
0 410.0 319.0
0 560.0 319.0
0 544.0 320.0
0 77.0 321.0
0 90.0 321.0
0 111.0 322.0
0 378.0 322.0
0 70.0 324.0
0 355.0 324.0
0 386.0 326.0
0 414.0 326.0
0 445.0 327.0
0 99.0 329.0
0 175.0 329.0
0 370.0 329.0
0 363.0 330.0
0 391.0 330.0
0 403.0 330.0
0 122.0 331.0
0 90.0 332.0
0 513.0 332.0
0 81.0 335.0
0 346.0 337.0
0 112.0 338.0
0 102.0 339.0
0 123.0 339.0
0 67.0 340.0
0 413.0 341.0
0 93.0 342.0
0 366.0 342.0
0 384.0 342.0
0 356.0 347.0
0 88.0 348.0
0 346.0 348.0
0 108.0 349.0
0 72.0 350.0
0 82.0 350.0
0 379.0 353.0
0 98.0 354.0
0 156.0 357.0
0 372.0 357.0
0 365.0 358.0
0 77.0 359.0
0 92.0 361.0
0 84.0 364.0
0 140.0 367.0
0 76.0 369.0
0 110.0 369.0
0 117.0 379.0
0 92.0 392.0
0 40.0 406.0
1 525.0 57.0
1 531.0 59.0
1 60.0 58.0
1 519.0 57.0
1 523.0 62.0
1 511.0 65.0
1 512.0 77.0
1 529.0 78.0
1 509.0 83.0
1 522.0 84.0
1 530.0 83.0
1 502.0 91.0
1 495.0 95.0
1 464.0 97.0
1 472.0 95.0
1 477.0 98.0
1 554.0 99.0
1 448.0 101.0
1 464.0 106.0
1 439.0 106.0
1 472.0 111.0
1 444.0 113.0
1 454.0 116.0
1 566.0 112.0
1 438.0 114.0
1 447.0 120.0
1 460.0 123.0
1 521.0 119.0
1 438.0 120.0
1 488.0 124.0
1 553.0 125.0
1 268.0 126.0
1 273.0 127.0
1 278.0 129.0
1 542.0 125.0
1 499.0 127.0
1 259.0 127.0
1 454.0 128.0
1 470.0 129.0
1 488.0 129.0
1 254.0 129.0
1 512.0 131.0
1 288.0 135.0
1 552.0 131.0
1 530.0 133.0
1 499.0 133.0
1 541.0 133.0
1 475.0 135.0
1 461.0 136.0
1 441.0 140.0
1 452.0 139.0
1 246.0 138.0
1 143.0 141.0
1 153.0 140.0
1 251.0 140.0
1 527.0 145.0
1 163.0 143.0
1 266.0 142.0
1 471.0 141.0
1 518.0 141.0
1 560.0 143.0
1 170.0 149.0
1 244.0 148.0
1 429.0 148.0
1 131.0 145.0
1 406.0 150.0
1 452.0 146.0
1 518.0 148.0
1 463.0 148.0
1 479.0 148.0
1 507.0 147.0
1 533.0 149.0
1 443.0 151.0
1 268.0 150.0
1 126.0 148.0
1 136.0 151.0
1 159.0 151.0
1 254.0 151.0
1 287.0 149.0
1 243.0 154.0
1 403.0 155.0
1 558.0 153.0
1 174.0 154.0
1 298.0 156.0
1 456.0 159.0
1 547.0 155.0
1 122.0 153.0
1 471.0 155.0
1 499.0 156.0
1 274.0 157.0
1 364.0 160.0
1 259.0 159.0
1 531.0 158.0
1 514.0 156.0
1 540.0 161.0
1 250.0 161.0
1 284.0 160.0
1 356.0 163.0
1 380.0 163.0
1 148.0 159.0
1 351.0 164.0
1 469.0 163.0
1 163.0 161.0
1 553.0 162.0
1 562.0 162.0
1 179.0 164.0
1 275.0 162.0
1 242.0 163.0
1 348.0 170.0
1 480.0 167.0
1 502.0 167.0
1 118.0 164.0
1 295.0 168.0
1 401.0 167.0
1 159.0 167.0
1 550.0 170.0
1 526.0 170.0
1 170.0 170.0
1 270.0 171.0
1 134.0 170.0
1 393.0 175.0
1 460.0 174.0
1 476.0 173.0
1 255.0 174.0
1 283.0 176.0
1 146.0 175.0
1 409.0 181.0
1 120.0 177.0
1 271.0 179.0
1 297.0 177.0
1 503.0 175.0
1 536.0 180.0
1 553.0 180.0
1 177.0 178.0
1 190.0 179.0
1 472.0 182.0
1 515.0 182.0
1 397.0 185.0
1 487.0 183.0
1 546.0 184.0
1 505.0 184.0
1 279.0 186.0
1 124.0 187.0
1 149.0 184.0
1 246.0 186.0
1 193.0 187.0
1 348.0 192.0
1 443.0 191.0
1 179.0 188.0
1 456.0 190.0
1 487.0 192.0
1 549.0 192.0
1 208.0 188.0
1 513.0 192.0
1 129.0 189.0
1 238.0 192.0
1 301.0 191.0
1 528.0 194.0
1 153.0 190.0
1 217.0 195.0
1 478.0 195.0
1 231.0 195.0
1 187.0 193.0
1 441.0 196.0
1 283.0 195.0
1 492.0 195.0
1 487.0 200.0
1 306.0 199.0
1 450.0 199.0
1 466.0 203.0
1 135.0 197.0
1 351.0 201.0
1 125.0 197.0
1 547.0 205.0
1 226.0 200.0
1 251.0 199.0
1 440.0 201.0
1 169.0 199.0
1 239.0 200.0
1 534.0 202.0
1 202.0 205.0
1 499.0 204.0
1 258.0 204.0
1 525.0 200.0
1 284.0 205.0
1 298.0 205.0
1 45.0 200.0
1 129.0 203.0
1 448.0 208.0
1 486.0 211.0
1 514.0 208.0
1 479.0 210.0
1 40.0 200.0
1 247.0 207.0
1 464.0 214.0
1 494.0 210.0
1 538.0 210.0
1 547.0 210.0
1 52.0 205.0
1 143.0 207.0
1 209.0 207.0
1 217.0 205.0
1 275.0 215.0
1 148.0 208.0
1 33.0 204.0
1 124.0 210.0
1 236.0 211.0
1 251.0 212.0
1 299.0 211.0
1 499.0 215.0
1 179.0 213.0
1 471.0 217.0
1 194.0 210.0
1 293.0 217.0
1 459.0 217.0
1 31.0 209.0
1 42.0 207.0
1 148.0 213.0
1 525.0 212.0
1 53.0 210.0
1 446.0 218.0
1 540.0 219.0
1 209.0 215.0
1 242.0 221.0
1 245.0 216.0
1 493.0 220.0
1 504.0 219.0
1 558.0 222.0
1 132.0 216.0
1 186.0 217.0
1 479.0 224.0
1 180.0 219.0
1 237.0 221.0
1 255.0 221.0
1 150.0 221.0
1 167.0 218.0
1 484.0 224.0
1 496.0 225.0
1 502.0 226.0
1 519.0 225.0
1 271.0 223.0
1 462.0 224.0
1 471.0 228.0
1 50.0 219.0
1 188.0 224.0
1 286.0 226.0
1 128.0 224.0
1 211.0 224.0
1 223.0 225.0
1 247.0 225.0
1 445.0 229.0
1 462.0 230.0
1 234.0 229.0
1 476.0 230.0
1 509.0 232.0
1 39.0 221.0
1 61.0 221.0
1 528.0 230.0
1 177.0 228.0
1 199.0 228.0
1 541.0 237.0
1 153.0 231.0
1 222.0 230.0
1 240.0 233.0
1 257.0 230.0
1 304.0 233.0
1 489.0 235.0
1 438.0 237.0
1 501.0 237.0
1 509.0 237.0
1 32.0 227.0
1 71.0 227.0
1 167.0 231.0
1 293.0 236.0
1 247.0 234.0
1 207.0 234.0
1 270.0 236.0
1 139.0 235.0
1 190.0 234.0
1 447.0 240.0
1 281.0 240.0
1 148.0 237.0
1 455.0 244.0
1 198.0 238.0
1 222.0 236.0
1 510.0 245.0
1 521.0 240.0
1 234.0 239.0
1 470.0 243.0
1 539.0 244.0
1 157.0 240.0
1 222.0 241.0
1 246.0 242.0
1 259.0 242.0
1 478.0 245.0
1 487.0 247.0
1 25.0 235.0
1 429.0 247.0
1 176.0 241.0
1 440.0 249.0
1 497.0 249.0
1 193.0 245.0
1 201.0 243.0
1 230.0 247.0
1 532.0 251.0
1 37.0 239.0
1 560.0 253.0
1 168.0 246.0
1 440.0 254.0
1 475.0 254.0
1 65.0 242.0
1 459.0 254.0
1 180.0 249.0
1 454.0 255.0
1 486.0 256.0
1 508.0 251.0
1 127.0 247.0
1 522.0 257.0
1 542.0 257.0
1 562.0 258.0
1 121.0 247.0
1 502.0 259.0
1 60.0 246.0
1 445.0 258.0
1 166.0 258.0
1 430.0 260.0
1 115.0 250.0
1 258.0 257.0
1 535.0 261.0
1 567.0 263.0
1 32.0 249.0
1 49.0 250.0
1 497.0 262.0
1 508.0 262.0
1 41.0 248.0
1 55.0 250.0
1 475.0 262.0
1 175.0 256.0
1 464.0 264.0
1 136.0 255.0
1 526.0 265.0
1 543.0 266.0
1 554.0 261.0
1 64.0 251.0
1 77.0 254.0
1 101.0 255.0
1 489.0 267.0
1 322.0 263.0
1 477.0 268.0
1 535.0 266.0
1 86.0 256.0
1 513.0 270.0
1 50.0 255.0
1 427.0 272.0
1 157.0 265.0
1 444.0 272.0
1 488.0 272.0
1 532.0 273.0
1 134.0 263.0
1 554.0 272.0
1 173.0 267.0
1 493.0 276.0
1 50.0 260.0
1 35.0 265.0
1 89.0 267.0
1 118.0 268.0
1 168.0 272.0
1 334.0 276.0
1 323.0 276.0
1 360.0 278.0
1 561.0 282.0
1 105.0 271.0
1 267.0 277.0
1 302.0 277.0
1 430.0 282.0
1 437.0 281.0
1 459.0 280.0
1 490.0 283.0
1 29.0 269.0
1 61.0 269.0
1 510.0 284.0
1 198.0 277.0
1 562.0 291.0
1 103.0 276.0
1 180.0 281.0
1 428.0 287.0
1 476.0 288.0
1 526.0 289.0
1 443.0 289.0
1 500.0 291.0
1 83.0 277.0
1 169.0 281.0
1 92.0 279.0
1 234.0 286.0
1 307.0 284.0
1 451.0 291.0
1 508.0 292.0
1 63.0 278.0
1 134.0 283.0
1 428.0 294.0
1 535.0 294.0
1 554.0 295.0
1 465.0 295.0
1 16.0 278.0
1 294.0 292.0
1 496.0 296.0
1 214.0 289.0
1 231.0 292.0
1 329.0 291.0
1 144.0 290.0
1 318.0 289.0
1 65.0 283.0
1 74.0 284.0
1 201.0 293.0
1 526.0 300.0
1 256.0 296.0
1 451.0 300.0
1 501.0 301.0
1 512.0 300.0
1 554.0 300.0
1 80.0 288.0
1 471.0 300.0
1 507.0 302.0
1 440.0 300.0
1 192.0 295.0
1 224.0 298.0
1 232.0 297.0
1 308.0 297.0
1 542.0 307.0
1 45.0 288.0
1 262.0 300.0
1 482.0 305.0
1 219.0 300.0
1 299.0 302.0
1 35.0 289.0
1 435.0 307.0
1 531.0 309.0
1 54.0 292.0
1 80.0 293.0
1 554.0 311.0
1 245.0 303.0
1 266.0 306.0
1 461.0 310.0
1 474.0 310.0
1 500.0 310.0
1 515.0 312.0
1 65.0 296.0
1 150.0 303.0
1 197.0 306.0
1 323.0 306.0
1 54.0 298.0
1 340.0 306.0
1 488.0 314.0
1 21.0 295.0
1 282.0 306.0
1 382.0 314.0
1 526.0 317.0
1 37.0 297.0
1 73.0 303.0
1 372.0 314.0
1 474.0 317.0
1 552.0 319.0
1 57.0 303.0
1 184.0 310.0
1 214.0 313.0
1 143.0 309.0
1 298.0 315.0
1 24.0 301.0
1 481.0 321.0
1 521.0 324.0
1 207.0 315.0
1 199.0 315.0
1 320.0 315.0
1 540.0 327.0
1 86.0 308.0
1 311.0 315.0
1 343.0 316.0
1 362.0 317.0
1 461.0 324.0
1 494.0 324.0
1 338.0 317.0
1 351.0 319.0
1 283.0 318.0
1 382.0 322.0
1 76.0 311.0
1 534.0 329.0
1 100.0 314.0
1 327.0 320.0
1 524.0 332.0
1 301.0 325.0
1 355.0 325.0
1 519.0 333.0
1 495.0 332.0
1 58.0 314.0
1 69.0 314.0
1 89.0 318.0
1 325.0 329.0
1 51.0 316.0
1 307.0 330.0
1 335.0 331.0
1 355.0 330.0
1 395.0 336.0
1 79.0 322.0
1 151.0 330.0
1 317.0 332.0
1 312.0 333.0
1 343.0 334.0
1 348.0 335.0
1 101.0 327.0
1 71.0 325.0
1 467.0 343.0
1 61.0 327.0
1 301.0 342.0
1 93.0 332.0
1 82.0 332.0
1 102.0 335.0
1 49.0 331.0
1 361.0 345.0
1 74.0 335.0
1 323.0 345.0
1 338.0 346.0
1 312.0 346.0
1 75.0 344.0
1 303.0 354.0
1 89.0 342.0
1 55.0 342.0
1 65.0 340.0
1 331.0 356.0
1 82.0 349.0
1 130.0 354.0
1 323.0 359.0
1 317.0 360.0
1 58.0 349.0
1 73.0 351.0
1 68.0 354.0
1 115.0 360.0
1 59.0 354.0
1 88.0 359.0
1 93.0 369.0
1 70.0 379.0
1 26.0 389.0
