0 1 0 323.2467839989026
0 4 1 336.52694502678366
0 2 2 124.73158186485477
0 3 4 195.59370149057108
0 5 5 148.31077554036113
0 6 6 397.8020987898455
0 9 9 156.41064701171595
0 7 11 127.69006867638622
0 8 12 167.9231565023269
0 10 16 130.0113511459326
0 22 18 118.49862054746832
0 20 19 259.82578562333384
0 35 21 278.3103526070628
0 28 22 124.08545566629525
0 25 23 297.3609181646774
0 42 24 131.5812193187636
0 12 25 236.57812903755735
0 14 26 207.7934225317154
0 11 27 191.19911883378816
0 38 28 174.90162236184938
0 15 29 345.9046484887458
0 36 32 180.1187413515506
0 13 33 249.89822553988947
0 74 35 210.38584432613536
0 16 36 162.71797691892138
0 21 38 145.93967255028141
0 24 40 212.3791378950988
0 26 41 122.19973590862605
0 87 44 121.70201011382404
0 68 47 346.3810235110551
0 19 50 179.34322336244387
0 23 51 199.2213167508095
0 18 54 119.03703070394984
0 29 56 171.64774289244568
0 17 58 201.1969969902986
0 31 60 118.25877283132542
0 34 61 115.60390012232757
0 91 62 147.28438636173095
0 30 63 286.4201434233348
0 112 64 108.81410111934329
0 33 65 142.40577526625938
0 32 66 120.71887571498048
0 44 67 267.8925770504588
0 43 68 142.2574112893119
0 27 69 137.01528414931525
0 39 70 197.00618335700227
0 41 71 112.38225954629017
0 37 72 180.81879672174364
0 53 73 119.78504797409015
0 55 75 202.16425148947658
0 56 76 220.57258206484147
0 69 77 440.9247368615049
0 46 78 157.50951715321995
0 40 79 117.3445241792214
0 58 80 248.59134373322877
0 49 82 179.07268504810895
0 63 83 240.70690620643367
0 59 84 167.96111625578774
0 50 86 111.55172859734732
0 48 88 166.10573741057587
0 76 89 158.61207476425227
0 82 90 132.17339678499067
0 64 91 152.63630168012403
0 131 92 155.82768728014017
0 65 94 141.59068337365147
0 60 95 137.86279832979196
0 47 96 127.49506615568987
0 51 100 206.933968661076
0 97 103 122.93132442819939
0 45 104 116.27399086120514
0 98 105 127.97606892815072
0 78 106 186.92200126187717
0 83 108 136.11222506021207
0 70 109 125.92987019264763
0 66 110 231.09338948080622
0 61 111 186.37054234718107
0 113 112 478.35418853190754
0 99 113 145.7383567610278
0 84 114 165.2919216571501
0 158 115 149.43266286788202
0 102 116 193.170775066887
0 103 118 184.4671774257391
0 116 120 173.450101094354
0 108 121 280.33003896448815
0 72 123 163.76561778434424
0 62 124 162.44825943825597
0 165 125 135.30682890265695
0 85 126 168.10404782161422
0 104 127 129.40375310016995
0 77 129 126.5602076957754
0 67 130 163.957299919845
0 92 132 127.13130690695186
0 73 133 167.04840607583583
0 96 135 123.31881144453224
0 132 136 288.93398132105557
0 124 137 158.94991517316905
0 107 138 172.29867005049763
0 105 139 244.77233526098004
0 110 140 132.56947579905327
0 111 142 173.82896970594922
0 88 143 152.7429696758535
0 80 144 134.6955956464105
0 100 148 111.13463711434419
0 101 149 137.70110323616817
0 93 151 139.59008120282385
0 106 152 182.55564382597842
0 89 153 132.25845130240617
0 196 154 476.4265599915036
0 94 156 115.99223870711491
0 90 157 181.44506147444358
0 86 158 149.34911082474687
0 159 159 456.34863368157454
0 148 163 152.58645120334108
0 109 164 207.74507554421092
0 128 167 183.4043551004546
0 117 168 113.30329104780456
0 204 169 393.3761163723672
0 114 171 384.92191017648435
0 121 173 173.70162117010045
0 155 176 421.71832735548537
0 139 177 121.61598650085004
0 122 181 114.90138893492707
0 123 182 173.8060094231335
0 125 183 165.29635125096306
0 151 184 353.37014777872747
0 126 187 114.67893319684413
0 120 188 112.46009199528662
0 118 190 125.2713773782831
0 133 192 275.5962400332348
0 119 193 127.28992785226639
0 140 195 125.63730324726723
0 130 199 181.62260938001526
0 146 201 111.4806886131355
0 143 205 124.70905188593903
0 135 210 158.24198875465433
0 167 213 288.0389985052278
0 150 214 340.0252750826213
0 163 216 114.74326277571849
0 160 217 117.71821161556535
0 136 219 144.83337728837805
0 134 220 136.74266489822594
0 166 223 120.86892522058277
0 153 224 119.74541241153749
0 144 226 223.45212912428659
0 142 227 235.7337696958354
0 154 228 115.47476089557485
0 168 230 108.64871351334409
0 188 231 212.75691918708043
0 147 232 185.450548833485
0 175 233 183.8686061630534
0 192 237 139.9773362614977
0 180 238 112.41988167954761
0 184 239 143.6062693254384
0 149 240 225.32822056927247
0 161 242 210.05994776051523
0 187 244 370.58907596900934
0 194 246 138.7026389951699
0 174 247 240.2106644888534
0 183 249 229.9862766706005
0 190 251 255.08331380233525
0 164 252 110.51017471606919
0 186 253 456.34295484583083
0 202 254 292.8585723568423
0 208 259 203.53128356988572
0 189 260 280.3650798650849
0 182 261 125.42868891065272
0 170 263 167.07207787209256
0 201 264 438.5302277644715
0 222 265 166.3995302747635
0 169 266 128.77294023898023
0 178 267 134.50889132652105
0 206 271 227.50843568504627
0 203 272 181.73289951395174
0 205 273 259.97646652104225
0 214 276 187.85302887135228
0 216 277 258.2979635029692
0 227 278 289.9821254602048
0 213 279 174.3328272893813
0 210 281 183.81775926001401
0 195 282 122.60344482232742
0 215 285 175.5653110350016
0 209 286 343.00077964870525
0 221 287 457.37730872618573
0 224 290 188.33906882420658
0 207 291 120.44203099247923
0 239 292 429.2926747714862
0 225 293 184.47727858998147
0 226 294 229.34946355035012
0 237 295 190.25039655306145
0 228 297 112.05915888651352
0 231 298 379.9961563737549
0 244 299 160.02243356488611
0 212 302 118.90280846419479
0 234 303 149.68426813347094
0 218 305 187.4448535223973
0 240 307 164.30855215150154
0 232 308 181.65975783053162
0 258 309 352.1690591233167
0 246 310 344.4634430378915
0 230 311 250.14072377809163
0 252 313 172.75665596763744
0 253 315 252.29163707675397
0 273 316 249.46579736655417
0 229 317 236.69342818442522
0 238 318 105.01900765107173
0 245 319 206.16750817571997
0 247 320 241.68817383288493
0 256 322 142.06347311210092
0 263 323 219.46020704758138
0 262 325 229.7789838687013
0 285 327 396.1174520227005
0 243 328 288.5366254668431
0 249 331 105.51151420374735
0 268 332 210.73282883042214
0 235 333 262.59636326640816
0 250 334 105.4840035696982
0 261 335 107.58838829898197
0 280 336 226.46677769609704
0 260 337 267.1996043897764
0 314 338 355.52876992168274
0 271 339 136.48573881910482
0 274 340 159.7382219690022
0 251 341 109.54602613961626
0 255 342 204.26894313763748
0 257 343 137.79569802392163
0 265 344 109.07811874427782
0 277 345 212.2662422324296
0 275 346 143.95599398201847
0 299 348 187.07830425853294
0 276 349 186.32024747612445
0 259 350 220.33889490244513
0 269 351 215.9399525535436
0 291 352 137.81068405527012
0 282 353 241.30678230602717
0 270 355 113.05066426601907
0 266 356 188.23349898311238
0 323 357 325.0651303789478
0 307 358 158.6132144085161
0 292 359 189.69663289136935
0 295 360 126.2169942897269
0 272 361 141.67050315729387
0 300 362 136.36798936575843
0 284 364 108.00556391768352
0 345 366 339.6545132300481
0 297 367 199.5839684876234
0 355 368 202.7522811603899
0 303 369 113.95460308656303
0 318 370 120.47391877719507
0 283 371 173.7604309808053
0 296 372 249.2011540017162
0 319 373 157.65693814565617
0 293 374 177.97217232941222
0 278 375 134.67897655891898
0 289 376 129.2589513387186
0 286 377 290.7785796506317
0 329 378 105.50155511704567
0 288 380 203.3596639717848
0 287 381 312.59002195387023
0 298 383 114.36914574635352
0 309 385 112.6373112516827
0 306 387 251.06394027038746
0 310 388 199.15673161147737
0 312 389 189.48245313653402
0 352 390 307.74788477643443
0 322 391 167.94060442623953
0 308 392 127.12245431602717
0 326 393 125.39018851036477
0 347 394 241.03837829823377
0 321 395 304.99501301306816
0 305 396 188.23016223577352
0 316 397 222.54616891443982
0 311 398 176.34392055933213
0 346 400 142.3209114121629
0 313 401 110.59225785060119
0 333 402 324.458733140044
0 324 403 226.75540067793273
0 359 404 112.62962108142646
0 317 405 117.18683414452234
0 339 406 117.78942075479462
0 337 407 325.12034404137967
0 330 408 124.8213189121691
0 332 409 119.9807798657437
0 328 410 182.35232228023875
0 356 411 154.79221371144084
0 331 413 127.32672419733666
0 364 414 113.88019241208067
0 365 415 163.10630832285474
0 367 416 122.17071785386597
0 343 417 127.0325918411402
0 338 418 118.07164746147467
0 349 419 269.4709790784025
0 335 420 112.14319278795604
0 325 421 174.5720739679939
0 358 425 140.1524557063962
0 353 426 183.5476390631434
0 376 427 120.33497981006296
0 354 428 297.65205283153904
0 348 430 284.1320949124802
0 340 431 234.51129583609776
0 384 433 121.24852940081796
0 378 434 285.0673817075651
0 357 435 109.07343127776414
0 368 436 104.88478482516688
0 351 438 183.49137026380004
0 366 439 113.58701020590894
0 369 442 267.96540181075966
0 391 443 131.4195019110689
0 370 444 241.95040347381908
0 379 445 111.35881089941608
0 372 446 103.92331639519267
0 363 447 210.4061079064561
0 362 448 141.6387605514326
0 361 450 113.41755612481057
0 390 451 161.91737349988045
0 371 452 103.55449610958105
0 383 453 309.23477957145076
0 410 454 136.9176453863134
0 405 455 113.26952594778544
0 407 456 117.05437303423467
0 373 457 205.9832723159075
0 374 458 189.71482306496367
0 396 459 326.301947847985
0 377 461 106.56168112368948
0 389 462 120.53268770351796
0 420 463 383.292920595281
0 375 464 103.96029272343088
0 397 466 214.83044721727276
0 394 467 133.21576427918114
0 387 468 141.3129256410632
0 408 470 192.24359724310395
0 395 472 127.46285926578176
0 398 474 280.31027376472804
0 381 476 358.666624765401
0 422 477 269.1709818581864
0 388 479 175.27948553307283
0 414 480 276.6632894292469
0 402 481 217.9848362360791
0 406 482 345.2050205830242
0 424 483 110.36551519711671
0 404 484 191.39907419576232
0 411 485 173.181841172712
0 418 486 244.19688358601644
0 409 487 163.35670981213295
0 412 488 191.70157783552887
0 416 492 203.30982239067072
0 413 493 163.15601937502626
0 415 494 214.32254533776222
0 432 495 129.91121286510975
0 438 499 125.59393593541574
0 429 500 421.9021931049666
0 430 501 157.26964586803862
0 441 502 170.43398086982685
0 425 503 329.67916285325913
0 426 504 176.27523673185274
0 427 505 314.77083019854865
0 423 507 382.06305701392773
0 447 508 150.1628077908585
0 437 510 158.7977977394345
0 449 511 113.63116909504983
0 431 512 112.22412481928616
0 453 513 115.86039861485867
0 457 515 112.25746473757872
0 450 516 315.80517046426735
0 443 518 146.98318208841516
0 451 520 213.3606805885357
0 446 521 112.31861684051938
0 448 522 112.06114236905307
0 435 523 292.11436312027473
0 455 524 494.49797400507396
0 445 525 141.82711584235912
0 439 526 415.50540608864725
0 473 527 155.91396730281696
0 461 528 185.77749154782538
0 462 529 218.19627085173613
0 463 530 431.60342389312365
0 459 531 174.8199930560563
0 456 535 116.75813658445264
0 468 536 117.46679402049413
0 471 537 107.46277299064913
0 470 539 220.2003565133979
0 458 540 234.8408521238357
0 464 541 127.28356382713997
0 477 542 144.26900745714207
0 481 545 142.51378612215441
0 475 546 144.00033920367989
0 474 547 247.3960452680125
0 527 548 157.3370035137551
0 489 552 166.2023949994695
0 479 554 184.52065720491262
0 485 555 201.0654040188714
0 466 556 366.3075616418018
0 492 557 186.6291714870517
0 488 558 104.45720248572192
0 493 559 234.10415638017707
0 494 560 105.5863105212065
0 484 562 114.32225363690951
0 487 563 113.65630267129858
0 541 564 385.2079923028274
0 501 566 251.02395267637735
0 490 568 220.43535718161712
0 506 569 285.29829715143256
0 483 570 219.47599717407198
0 514 571 126.1048008577752
0 499 572 259.14944715393403
0 495 573 250.4636660678726
0 518 574 114.91689335353685
0 513 575 134.90830743677193
0 515 576 145.6826368452235
0 497 577 103.94934261886763
0 517 578 159.93066360504642
0 528 579 194.84099010512708
0 510 580 138.3151539914171
0 512 581 174.01216669273478
0 508 582 184.56421865446418
0 520 583 108.37194643832177
0 529 584 128.94659741233943
0 535 585 103.43827813151086
0 505 586 105.59446457240236
0 516 587 171.63039409624417
0 523 589 135.8127015014165
0 542 592 103.30805027023109
0 538 593 120.29940449083792
0 534 594 135.53160389575035
0 539 595 119.2777762136857
0 525 596 106.41949903366097
0 526 597 104.3427013758046
0 533 598 104.69785724430949
0 530 601 104.71627883694212
0 544 602 123.45761647230272
0 552 603 177.97574057566564
0 550 604 197.95260855868239
0 548 606 109.93104842807571
0 559 607 213.76548137736995
0 543 608 109.82505591991783
0 553 611 108.45155577206371
0 551 612 109.08664373256308
0 546 614 138.64168432479138
0 554 620 114.76416462757739
0 555 623 163.293938054609
0 557 625 213.53696447564255
0 556 626 242.96940503240117
0 567 628 197.76968833374258
0 561 630 265.12024400166655
0 568 640 214.3748791705101
0 569 645 148.56763849390467
0 573 648 106.51413444746052
0 578 649 127.03271688264803
0 575 652 446.37204991868924
0 579 653 150.8440757891587
0 582 657 147.37712589228246

0 775.0 277.0
0 780.0 277.0
0 836.0 280.0
0 735.0 284.0
0 788.0 287.0
0 681.0 288.0
0 777.0 288.0
0 726.0 289.0
0 745.0 294.0
0 838.0 296.0
0 775.0 297.0
0 788.0 299.0
0 808.0 301.0
0 813.0 302.0
0 844.0 306.0
0 656.0 307.0
0 854.0 309.0
0 641.0 310.0
0 604.0 311.0
0 646.0 311.0
0 825.0 313.0
0 603.0 321.0
0 614.0 322.0
0 634.0 323.0
0 587.0 324.0
0 771.0 325.0
0 792.0 326.0
0 759.0 328.0
0 606.0 331.0
0 750.0 333.0
0 786.0 333.0
0 800.0 334.0
0 620.0 337.0
0 984.0 337.0
0 775.0 338.0
0 586.0 339.0
0 792.0 339.0
0 974.0 339.0
0 892.0 340.0
0 912.0 340.0
0 767.0 342.0
0 801.0 342.0
0 985.0 342.0
0 788.0 344.0
0 554.0 345.0
0 903.0 345.0
0 882.0 346.0
0 610.0 347.0
0 755.0 347.0
0 779.0 347.0
0 990.0 347.0
0 741.0 349.0
0 877.0 349.0
0 736.0 350.0
0 964.0 350.0
0 980.0 350.0
0 746.0 351.0
0 795.0 351.0
0 903.0 352.0
0 878.0 354.0
0 717.0 355.0
0 766.0 355.0
0 588.0 356.0
0 926.0 357.0
0 556.0 359.0
0 736.0 360.0
0 898.0 360.0
0 959.0 360.0
0 753.0 362.0
0 925.0 362.0
0 878.0 363.0
0 712.0 364.0
0 999.0 364.0
0 615.0 365.0
0 781.0 365.0
0 628.0 366.0
0 634.0 366.0
0 603.0 368.0
0 743.0 368.0
0 982.0 368.0
0 647.0 369.0
0 871.0 370.0
0 883.0 370.0
0 655.0 371.0
0 662.0 371.0
0 754.0 371.0
0 767.0 371.0
0 900.0 372.0
0 988.0 372.0
0 862.0 373.0
0 612.0 374.0
0 679.0 375.0
0 583.0 376.0
0 879.0 376.0
0 690.0 377.0
0 730.0 377.0
0 949.0 377.0
0 996.0 377.0
0 592.0 378.0
0 846.0 378.0
0 1006.0 378.0
0 654.0 379.0
0 699.0 379.0
0 618.0 380.0
0 919.0 380.0
0 627.0 381.0
0 756.0 381.0
0 988.0 381.0
0 668.0 382.0
0 707.0 382.0
0 870.0 383.0
0 882.0 383.0
0 601.0 384.0
0 640.0 384.0
0 676.0 384.0
0 558.0 385.0
0 648.0 385.0
0 784.0 385.0
0 653.0 386.0
0 815.0 386.0
0 610.0 387.0
0 693.0 387.0
0 835.0 387.0
0 897.0 387.0
0 968.0 387.0
0 549.0 388.0
0 698.0 388.0
0 665.0 389.0
0 679.0 389.0
0 912.0 389.0
0 949.0 389.0
0 1006.0 389.0
0 758.0 390.0
0 930.0 390.0
0 854.0 391.0
0 859.0 391.0
0 603.0 392.0
0 612.0 392.0
0 684.0 393.0
0 689.0 393.0
0 787.0 394.0
0 792.0 394.0
0 798.0 394.0
0 873.0 394.0
0 969.0 395.0
0 557.0 396.0
0 581.0 396.0
0 626.0 396.0
0 706.0 396.0
0 1029.0 396.0
0 603.0 397.0
0 886.0 397.0
0 724.0 398.0
0 894.0 399.0
0 562.0 400.0
0 567.0 400.0
0 910.0 400.0
0 930.0 400.0
0 950.0 400.0
0 595.0 401.0
0 1007.0 403.0
0 1031.0 404.0
0 549.0 405.0
0 617.0 405.0
0 1002.0 405.0
0 559.0 406.0
0 798.0 406.0
0 861.0 406.0
0 741.0 407.0
0 542.0 408.0
0 644.0 408.0
0 812.0 408.0
0 639.0 409.0
0 711.0 409.0
0 817.0 409.0
0 945.0 409.0
0 602.0 410.0
0 663.0 410.0
0 822.0 410.0
0 927.0 410.0
0 612.0 411.0
0 722.0 411.0
0 1033.0 411.0
0 834.0 412.0
0 629.0 413.0
0 568.0 414.0
0 668.0 414.0
0 731.0 414.0
0 890.0 415.0
0 613.0 416.0
0 918.0 418.0
0 541.0 419.0
0 821.0 419.0
0 965.0 419.0
0 592.0 420.0
0 780.0 420.0
0 844.0 420.0
0 654.0 421.0
0 607.0 422.0
0 886.0 422.0
0 550.0 423.0
0 757.0 424.0
0 792.0 424.0
0 965.0 424.0
0 1004.0 424.0
0 731.0 425.0
0 829.0 425.0
0 623.0 426.0
0 661.0 426.0
0 805.0 426.0
0 895.0 427.0
0 1010.0 427.0
0 559.0 428.0
0 643.0 428.0
0 813.0 428.0
0 630.0 431.0
0 715.0 431.0
0 727.0 431.0
0 654.0 432.0
0 912.0 432.0
0 967.0 432.0
0 667.0 433.0
0 678.0 433.0
0 733.0 433.0
0 891.0 433.0
0 546.0 434.0
0 838.0 434.0
0 1002.0 434.0
0 1013.0 434.0
0 637.0 435.0
0 751.0 435.0
0 624.0 437.0
0 852.0 437.0
0 1033.0 437.0
0 574.0 438.0
0 599.0 438.0
0 608.0 439.0
0 719.0 439.0
0 742.0 439.0
0 762.0 439.0
0 859.0 439.0
0 644.0 440.0
0 799.0 440.0
0 804.0 440.0
0 619.0 441.0
0 631.0 441.0
0 668.0 441.0
0 792.0 441.0
0 534.0 442.0
0 704.0 443.0
0 889.0 443.0
0 787.0 444.0
0 914.0 444.0
0 591.0 445.0
0 651.0 445.0
0 518.0 446.0
0 611.0 446.0
0 724.0 446.0
0 513.0 447.0
0 624.0 447.0
0 719.0 447.0
0 1002.0 448.0
0 508.0 449.0
0 869.0 449.0
0 599.0 450.0
0 748.0 451.0
0 846.0 451.0
0 860.0 451.0
0 575.0 452.0
0 658.0 452.0
0 706.0 452.0
0 711.0 452.0
0 1033.0 452.0
0 642.0 454.0
0 671.0 454.0
0 605.0 455.0
0 698.0 455.0
0 664.0 456.0
0 726.0 457.0
0 547.0 458.0
0 693.0 458.0
0 779.0 458.0
0 828.0 458.0
0 499.0 459.0
0 756.0 459.0
0 541.0 460.0
0 585.0 460.0
0 611.0 460.0
0 650.0 460.0
0 573.0 461.0
0 715.0 461.0
0 1007.0 461.0
0 526.0 462.0
0 675.0 462.0
0 704.0 463.0
0 757.0 464.0
0 739.0 465.0
0 767.0 465.0
0 624.0 466.0
0 725.0 467.0
0 594.0 468.0
0 643.0 468.0
0 856.0 468.0
0 684.0 470.0
0 624.0 471.0
0 849.0 471.0
0 585.0 472.0
0 679.0 472.0
0 776.0 473.0
0 490.0 474.0
0 631.0 474.0
0 600.0 475.0
0 698.0 476.0
0 1031.0 476.0
0 590.0 477.0
0 724.0 477.0
0 514.0 478.0
0 835.0 479.0
0 999.0 479.0
0 534.0 480.0
0 776.0 480.0
0 862.0 480.0
0 689.0 481.0
0 850.0 482.0
0 608.0 483.0
0 636.0 483.0
0 747.0 483.0
0 481.0 484.0
0 597.0 485.0
0 718.0 485.0
0 705.0 486.0
0 913.0 486.0
0 523.0 487.0
0 838.0 487.0
0 983.0 487.0
0 1012.0 488.0
0 512.0 489.0
0 777.0 489.0
0 477.0 490.0
0 695.0 490.0
0 731.0 490.0
0 966.0 490.0
0 613.0 491.0
0 940.0 491.0
0 628.0 492.0
0 642.0 492.0
0 722.0 492.0
0 874.0 493.0
0 504.0 494.0
0 547.0 494.0
0 603.0 494.0
0 780.0 494.0
0 526.0 495.0
0 838.0 495.0
0 741.0 496.0
0 932.0 497.0
0 948.0 497.0
0 473.0 498.0
0 514.0 498.0
0 544.0 499.0
0 728.0 499.0
0 860.0 499.0
0 715.0 500.0
0 720.0 500.0
0 999.0 500.0
0 693.0 501.0
0 1030.0 501.0
0 647.0 502.0
0 472.0 503.0
0 635.0 503.0
0 906.0 503.0
0 955.0 503.0
0 837.0 504.0
0 739.0 505.0
0 784.0 505.0
0 942.0 505.0
0 984.0 505.0
0 560.0 506.0
0 500.0 507.0
0 746.0 507.0
0 925.0 507.0
0 606.0 508.0
0 487.0 509.0
0 960.0 510.0
0 1012.0 510.0
0 704.0 511.0
0 735.0 511.0
0 835.0 511.0
0 788.0 512.0
0 940.0 514.0
0 1028.0 515.0
0 793.0 516.0
0 860.0 516.0
0 879.0 516.0
0 887.0 516.0
0 612.0 517.0
0 651.0 519.0
0 831.0 519.0
0 930.0 519.0
0 1011.0 519.0
0 542.0 520.0
0 958.0 520.0
0 568.0 521.0
0 826.0 522.0
0 491.0 523.0
0 947.0 523.0
0 598.0 524.0
0 615.0 524.0
0 807.0 524.0
0 918.0 524.0
0 932.0 524.0
0 530.0 525.0
0 468.0 526.0
0 815.0 526.0
0 500.0 527.0
0 639.0 528.0
0 745.0 530.0
0 909.0 530.0
0 934.0 530.0
0 577.0 531.0
0 944.0 531.0
0 971.0 531.0
0 1028.0 532.0
0 566.0 533.0
0 861.0 533.0
0 875.0 533.0
0 1011.0 534.0
0 489.0 535.0
0 620.0 535.0
0 549.0 536.0
0 967.0 536.0
0 972.0 536.0
0 526.0 537.0
0 497.0 538.0
0 572.0 539.0
0 728.0 539.0
0 800.0 539.0
0 552.0 542.0
0 903.0 542.0
0 718.0 543.0
0 528.0 545.0
0 557.0 546.0
0 585.0 546.0
0 747.0 546.0
0 626.0 547.0
0 779.0 547.0
0 815.0 547.0
0 902.0 547.0
0 979.0 547.0
0 538.0 548.0
0 669.0 548.0
0 759.0 548.0
0 828.0 549.0
0 1027.0 550.0
0 468.0 551.0
0 489.0 551.0
0 497.0 552.0
0 650.0 552.0
0 902.0 552.0
0 1027.0 555.0
0 787.0 556.0
0 842.0 556.0
0 1010.0 556.0
0 560.0 557.0
0 860.0 558.0
0 630.0 559.0
0 652.0 559.0
0 725.0 559.0
0 904.0 559.0
0 548.0 560.0
0 762.0 560.0
0 977.0 560.0
0 720.0 561.0
0 892.0 561.0
0 632.0 564.0
0 534.0 565.0
0 539.0 567.0
0 529.0 568.0
0 839.0 569.0
0 968.0 570.0
0 634.0 571.0
0 655.0 571.0
0 1026.0 571.0
0 495.0 575.0
0 967.0 575.0
0 961.0 576.0
0 1026.0 576.0
0 919.0 577.0
0 924.0 581.0
0 1026.0 581.0
0 637.0 583.0
0 929.0 583.0
0 943.0 583.0
0 952.0 583.0
0 936.0 584.0
0 473.0 585.0
0 753.0 587.0
0 761.0 587.0
0 1009.0 587.0
0 519.0 590.0
0 559.0 591.0
0 957.0 592.0
0 497.0 595.0
0 641.0 595.0
0 538.0 596.0
0 586.0 598.0
0 477.0 599.0
0 592.0 599.0
0 498.0 600.0
0 641.0 600.0
0 605.0 606.0
0 828.0 608.0
0 962.0 609.0
0 508.0 610.0
0 559.0 610.0
0 503.0 612.0
0 580.0 613.0
0 482.0 616.0
0 549.0 617.0
0 569.0 617.0
0 597.0 617.0
0 729.0 619.0
0 738.0 619.0
0 1024.0 619.0
0 582.0 620.0
0 608.0 621.0
0 645.0 621.0
0 485.0 624.0
0 559.0 624.0
0 575.0 624.0
0 589.0 624.0
0 760.0 624.0
0 1023.0 628.0
0 759.0 629.0
0 554.0 630.0
0 728.0 630.0
0 825.0 630.0
0 519.0 631.0
0 585.0 633.0
0 758.0 634.0
0 608.0 635.0
0 736.0 636.0
0 514.0 638.0
0 722.0 638.0
0 509.0 641.0
0 518.0 643.0
0 568.0 644.0
0 585.0 644.0
0 114.0 645.0
0 495.0 646.0
0 694.0 646.0
0 498.0 651.0
0 525.0 651.0
0 576.0 652.0
0 598.0 653.0
0 581.0 654.0
0 609.0 654.0
0 536.0 656.0
0 778.0 656.0
0 525.0 657.0
0 747.0 657.0
0 263.0 659.0
0 720.0 659.0
0 727.0 661.0
0 100.0 662.0
0 530.0 663.0
0 541.0 663.0
0 608.0 663.0
0 1022.0 666.0
0 533.0 668.0
0 608.0 668.0
0 815.0 669.0
0 847.0 670.0
0 1022.0 671.0
0 511.0 672.0
0 551.0 672.0
0 822.0 673.0
0 1004.0 675.0
0 831.0 677.0
0 542.0 679.0
0 717.0 679.0
0 1021.0 680.0
0 600.0 681.0
0 564.0 682.0
0 712.0 682.0
0 788.0 683.0
0 992.0 684.0
0 587.0 685.0
0 599.0 686.0
0 578.0 687.0
0 523.0 688.0
0 894.0 688.0
0 817.0 689.0
0 561.0 693.0
0 587.0 695.0
0 574.0 696.0
0 911.0 696.0
0 920.0 697.0
0 996.0 698.0
0 883.0 700.0
0 936.0 700.0
0 953.0 702.0
0 1016.0 704.0
0 542.0 707.0
0 593.0 707.0
0 1119.0 707.0
0 653.0 710.0
0 547.0 711.0
0 913.0 712.0
0 648.0 713.0
0 1156.0 715.0
0 640.0 717.0
0 1019.0 717.0
0 609.0 718.0
0 961.0 718.0
0 563.0 719.0
0 956.0 719.0
0 580.0 720.0
0 426.0 725.0
0 719.0 727.0
0 909.0 729.0
0 576.0 730.0
0 1120.0 733.0
0 1017.0 734.0
0 966.0 736.0
0 956.0 738.0
0 961.0 738.0
0 1016.0 743.0
0 512.0 747.0
0 1099.0 748.0
0 1014.0 751.0
0 552.0 754.0
0 846.0 759.0
0 1012.0 763.0
0 74.0 765.0
0 670.0 765.0
0 812.0 766.0
0 147.0 768.0
0 981.0 772.0
0 38.0 773.0
0 1013.0 777.0
0 558.0 779.0
0 783.0 782.0
0 158.0 784.0
0 335.0 788.0
0 1009.0 791.0
0 40.0 793.0
0 638.0 796.0
0 590.0 799.0
0 244.0 803.0
0 921.0 805.0
0 447.0 807.0
0 495.0 809.0
0 1005.0 813.0
0 898.0 822.0
0 1081.0 823.0
0 928.0 826.0
0 574.0 846.0
0 863.0 848.0
0 663.0 867.0
0 17.0 868.0
0 369.0 877.0
0 620.0 886.0
0 716.0 890.0
0 432.0 892.0
0 1306.0 895.0
0 507.0 909.0
0 1023.0 916.0
0 1007.0 922.0
0 203.0 924.0
0 920.0 939.0
1 1098.0 69.0
1 766.0 340.0
1 841.0 340.0
1 802.0 341.0
1 784.0 342.0
1 698.0 343.0
1 797.0 344.0
1 803.0 350.0
1 820.0 354.0
1 842.0 357.0
1 859.0 366.0
1 782.0 370.0
1 792.0 370.0
1 993.0 371.0
1 807.0 374.0
1 770.0 378.0
1 808.0 379.0
1 923.0 379.0
1 978.0 379.0
1 1000.0 379.0
1 646.0 380.0
1 900.0 381.0
1 610.0 382.0
1 765.0 384.0
1 781.0 385.0
1 635.0 387.0
1 817.0 387.0
1 942.0 387.0
1 620.0 388.0
1 773.0 388.0
1 924.0 388.0
1 748.0 389.0
1 915.0 389.0
1 764.0 393.0
1 789.0 394.0
1 609.0 395.0
1 634.0 395.0
1 1008.0 395.0
1 617.0 396.0
1 896.0 396.0
1 994.0 396.0
1 744.0 397.0
1 590.0 398.0
1 778.0 398.0
1 976.0 399.0
1 934.0 401.0
1 773.0 402.0
1 967.0 402.0
1 994.0 404.0
1 902.0 405.0
1 792.0 408.0
1 1014.0 409.0
1 595.0 410.0
1 640.0 410.0
1 647.0 410.0
1 652.0 410.0
1 660.0 410.0
1 665.0 410.0
1 674.0 410.0
1 690.0 410.0
1 761.0 410.0
1 901.0 410.0
1 986.0 410.0
1 681.0 411.0
1 709.0 411.0
1 720.0 411.0
1 884.0 411.0
1 970.0 411.0
1 615.0 412.0
1 626.0 412.0
1 737.0 412.0
1 906.0 412.0
1 911.0 412.0
1 954.0 412.0
1 589.0 413.0
1 621.0 413.0
1 876.0 413.0
1 927.0 413.0
1 783.0 414.0
1 941.0 417.0
1 987.0 417.0
1 621.0 418.0
1 635.0 418.0
1 695.0 419.0
1 705.0 420.0
1 729.0 420.0
1 971.0 420.0
1 556.0 421.0
1 896.0 421.0
1 916.0 421.0
1 952.0 421.0
1 593.0 422.0
1 785.0 422.0
1 908.0 422.0
1 929.0 422.0
1 621.0 423.0
1 877.0 424.0
1 640.0 425.0
1 651.0 425.0
1 665.0 425.0
1 737.0 425.0
1 1037.0 425.0
1 674.0 426.0
1 684.0 426.0
1 693.0 426.0
1 720.0 426.0
1 756.0 426.0
1 714.0 427.0
1 725.0 427.0
1 1013.0 427.0
1 809.0 429.0
1 821.0 430.0
1 560.0 432.0
1 621.0 433.0
1 836.0 433.0
1 841.0 433.0
1 631.0 434.0
1 772.0 434.0
1 943.0 435.0
1 987.0 435.0
1 912.0 437.0
1 743.0 438.0
1 755.0 438.0
1 1040.0 438.0
1 634.0 439.0
1 860.0 439.0
1 763.0 441.0
1 903.0 441.0
1 881.0 442.0
1 740.0 443.0
1 914.0 443.0
1 587.0 445.0
1 622.0 445.0
1 850.0 446.0
1 990.0 446.0
1 925.0 447.0
1 942.0 447.0
1 960.0 447.0
1 965.0 447.0
1 689.0 448.0
1 808.0 449.0
1 842.0 449.0
1 1021.0 449.0
1 763.0 451.0
1 871.0 451.0
1 614.0 452.0
1 787.0 452.0
1 885.0 452.0
1 639.0 453.0
1 892.0 453.0
1 835.0 454.0
1 651.0 455.0
1 656.0 455.0
1 920.0 455.0
1 1028.0 455.0
1 622.0 456.0
1 645.0 456.0
1 843.0 456.0
1 560.0 457.0
1 608.0 457.0
1 757.0 459.0
1 834.0 459.0
1 596.0 460.0
1 746.0 460.0
1 940.0 460.0
1 549.0 461.0
1 764.0 461.0
1 673.0 462.0
1 782.0 462.0
1 874.0 462.0
1 898.0 462.0
1 589.0 463.0
1 736.0 463.0
1 857.0 463.0
1 822.0 464.0
1 1041.0 464.0
1 612.0 465.0
1 684.0 465.0
1 889.0 465.0
1 559.0 466.0
1 772.0 466.0
1 862.0 466.0
1 1018.0 466.0
1 725.0 467.0
1 794.0 468.0
1 810.0 468.0
1 631.0 469.0
1 653.0 469.0
1 664.0 469.0
1 738.0 469.0
1 817.0 469.0
1 1040.0 469.0
1 747.0 470.0
1 568.0 471.0
1 700.0 471.0
1 864.0 471.0
1 557.0 472.0
1 638.0 472.0
1 785.0 472.0
1 657.0 474.0
1 814.0 474.0
1 644.0 475.0
1 693.0 476.0
1 1041.0 476.0
1 548.0 477.0
1 680.0 477.0
1 738.0 477.0
1 1019.0 477.0
1 667.0 478.0
1 628.0 479.0
1 812.0 479.0
1 651.0 480.0
1 891.0 480.0
1 587.0 481.0
1 731.0 481.0
1 582.0 482.0
1 701.0 482.0
1 787.0 482.0
1 876.0 482.0
1 871.0 484.0
1 638.0 485.0
1 659.0 485.0
1 778.0 486.0
1 631.0 487.0
1 747.0 487.0
1 708.0 488.0
1 739.0 488.0
1 766.0 488.0
1 797.0 490.0
1 872.0 490.0
1 644.0 491.0
1 666.0 491.0
1 810.0 491.0
1 531.0 493.0
1 720.0 494.0
1 873.0 495.0
1 878.0 495.0
1 787.0 496.0
1 1018.0 496.0
1 577.0 497.0
1 712.0 497.0
1 1041.0 497.0
1 528.0 498.0
1 644.0 499.0
1 760.0 499.0
1 582.0 500.0
1 679.0 500.0
1 809.0 500.0
1 927.0 501.0
1 939.0 501.0
1 1005.0 501.0
1 991.0 502.0
1 1040.0 502.0
1 751.0 503.0
1 590.0 504.0
1 658.0 504.0
1 727.0 504.0
1 965.0 504.0
1 521.0 506.0
1 650.0 506.0
1 810.0 506.0
1 1027.0 506.0
1 684.0 507.0
1 879.0 507.0
1 574.0 508.0
1 672.0 509.0
1 968.0 509.0
1 666.0 510.0
1 561.0 511.0
1 812.0 511.0
1 958.0 511.0
1 731.0 512.0
1 893.0 512.0
1 537.0 513.0
1 765.0 513.0
1 759.0 514.0
1 582.0 515.0
1 691.0 515.0
1 969.0 515.0
1 974.0 515.0
1 548.0 516.0
1 554.0 516.0
1 873.0 516.0
1 979.0 516.0
1 1019.0 516.0
1 512.0 517.0
1 609.0 519.0
1 652.0 519.0
1 956.0 519.0
1 1005.0 519.0
1 530.0 520.0
1 563.0 520.0
1 585.0 520.0
1 816.0 520.0
1 573.0 521.0
1 763.0 521.0
1 872.0 521.0
1 693.0 522.0
1 985.0 522.0
1 543.0 523.0
1 751.0 523.0
1 554.0 524.0
1 956.0 524.0
1 685.0 525.0
1 603.0 526.0
1 697.0 527.0
1 871.0 527.0
1 548.0 528.0
1 894.0 528.0
1 742.0 530.0
1 824.0 530.0
1 955.0 530.0
1 962.0 530.0
1 984.0 530.0
1 503.0 531.0
1 623.0 531.0
1 866.0 531.0
1 975.0 531.0
1 935.0 532.0
1 776.0 533.0
1 610.0 534.0
1 662.0 534.0
1 831.0 535.0
1 501.0 536.0
1 860.0 536.0
1 994.0 536.0
1 907.0 537.0
1 855.0 538.0
1 954.0 538.0
1 531.0 539.0
1 840.0 539.0
1 849.0 539.0
1 942.0 540.0
1 618.0 541.0
1 662.0 541.0
1 972.0 541.0
1 607.0 542.0
1 668.0 543.0
1 963.0 543.0
1 652.0 544.0
1 1000.0 544.0
1 626.0 545.0
1 632.0 545.0
1 938.0 545.0
1 660.0 546.0
1 1040.0 547.0
1 576.0 549.0
1 910.0 549.0
1 1002.0 549.0
1 620.0 550.0
1 602.0 551.0
1 935.0 551.0
1 1039.0 552.0
1 1027.0 553.0
1 674.0 554.0
1 496.0 555.0
1 559.0 557.0
1 765.0 557.0
1 904.0 557.0
1 520.0 558.0
1 630.0 558.0
1 714.0 558.0
1 1005.0 558.0
1 933.0 559.0
1 527.0 560.0
1 695.0 561.0
1 756.0 561.0
1 783.0 561.0
1 830.0 561.0
1 636.0 563.0
1 679.0 566.0
1 860.0 566.0
1 846.0 567.0
1 699.0 568.0
1 934.0 568.0
1 894.0 569.0
1 517.0 570.0
1 876.0 570.0
1 612.0 571.0
1 810.0 571.0
1 567.0 572.0
1 577.0 572.0
1 884.0 572.0
1 1039.0 572.0
1 525.0 573.0
1 572.0 573.0
1 640.0 573.0
1 935.0 573.0
1 996.0 573.0
1 1026.0 574.0
1 790.0 575.0
1 785.0 576.0
1 601.0 577.0
1 684.0 577.0
1 764.0 577.0
1 759.0 578.0
1 1039.0 578.0
1 702.0 579.0
1 684.0 582.0
1 1039.0 583.0
1 645.0 585.0
1 891.0 585.0
1 704.0 586.0
1 944.0 586.0
1 992.0 586.0
1 515.0 588.0
1 1039.0 588.0
1 524.0 589.0
1 793.0 590.0
1 950.0 590.0
1 492.0 591.0
1 984.0 591.0
1 955.0 592.0
1 976.0 594.0
1 688.0 595.0
1 963.0 595.0
1 968.0 595.0
1 707.0 598.0
1 1039.0 604.0
1 627.0 605.0
1 597.0 606.0
1 690.0 608.0
1 563.0 609.0
1 654.0 612.0
1 520.0 613.0
1 691.0 613.0
1 564.0 614.0
1 618.0 616.0
1 710.0 616.0
1 606.0 618.0
1 975.0 618.0
1 989.0 621.0
1 495.0 622.0
1 710.0 622.0
1 693.0 624.0
1 1038.0 625.0
1 621.0 626.0
1 656.0 627.0
1 557.0 628.0
1 693.0 629.0
1 637.0 630.0
1 521.0 631.0
1 529.0 636.0
1 577.0 637.0
1 609.0 637.0
1 657.0 638.0
1 766.0 638.0
1 521.0 639.0
1 774.0 640.0
1 850.0 640.0
1 600.0 643.0
1 632.0 643.0
1 1026.0 647.0
1 532.0 649.0
1 571.0 650.0
1 610.0 650.0
1 765.0 650.0
1 526.0 651.0
1 649.0 651.0
1 789.0 656.0
1 659.0 657.0
1 586.0 658.0
1 604.0 658.0
1 622.0 658.0
1 771.0 659.0
1 983.0 659.0
1 659.0 662.0
1 652.0 663.0
1 848.0 663.0
1 769.0 665.0
1 786.0 666.0
1 544.0 669.0
1 642.0 671.0
1 510.0 672.0
1 605.0 672.0
1 590.0 675.0
1 654.0 675.0
1 537.0 678.0
1 637.0 679.0
1 632.0 681.0
1 779.0 681.0
1 542.0 682.0
1 920.0 683.0
1 651.0 684.0
1 754.0 684.0
1 610.0 685.0
1 615.0 685.0
1 759.0 685.0
1 806.0 685.0
1 550.0 688.0
1 1038.0 689.0
1 687.0 690.0
1 562.0 692.0
1 549.0 693.0
1 772.0 693.0
1 1038.0 694.0
1 685.0 696.0
1 1025.0 698.0
1 637.0 699.0
1 865.0 699.0
1 1038.0 699.0
1 571.0 700.0
1 872.0 701.0
1 877.0 702.0
1 883.0 703.0
1 1016.0 703.0
1 554.0 705.0
1 892.0 705.0
1 638.0 706.0
1 681.0 707.0
1 748.0 707.0
1 903.0 707.0
1 1037.0 707.0
1 583.0 708.0
1 839.0 708.0
1 844.0 709.0
1 623.0 711.0
1 853.0 711.0
1 535.0 712.0
1 679.0 712.0
1 596.0 713.0
1 859.0 713.0
1 563.0 714.0
1 612.0 714.0
1 617.0 714.0
1 939.0 715.0
1 951.0 716.0
1 133.0 717.0
1 569.0 717.0
1 737.0 718.0
1 981.0 718.0
1 992.0 718.0
1 674.0 719.0
1 1020.0 719.0
1 622.0 720.0
1 808.0 720.0
1 1038.0 722.0
1 578.0 723.0
1 593.0 724.0
1 607.0 724.0
1 640.0 725.0
1 76.0 727.0
1 837.0 728.0
1 942.0 732.0
1 1033.0 732.0
1 664.0 733.0
1 990.0 735.0
1 623.0 737.0
1 689.0 737.0
1 191.0 738.0
1 618.0 738.0
1 1038.0 740.0
1 569.0 741.0
1 661.0 750.0
1 939.0 752.0
1 1037.0 755.0
1 992.0 756.0
1 987.0 757.0
1 1464.0 760.0
1 566.0 761.0
1 939.0 762.0
1 1035.0 773.0
1 542.0 774.0
1 940.0 778.0
1 1019.0 779.0
1 1034.0 780.0
1 1148.0 787.0
1 531.0 790.0
1 1034.0 791.0
1 1032.0 807.0
1 1052.0 808.0
1 520.0 810.0
1 1127.0 812.0
1 637.0 815.0
1 271.0 819.0
1 514.0 823.0
1 883.0 823.0
1 615.0 827.0
1 266.0 831.0
1 1031.0 837.0
1 509.0 878.0
1 977.0 881.0
1 598.0 883.0
1 1030.0 883.0
1 738.0 889.0
1 599.0 903.0
1 1028.0 903.0
1 1101.0 918.0
1 785.0 948.0
