0 725 4 431.6235772211834
0 692 16 218.93861876396082
0 271 24 428.43216136543913
0 32 26 347.70588982609127
0 90 29 381.0293132385371
0 100 31 238.60491661735202
0 326 32 421.1460172662122
0 448 39 139.58981407678215
0 949 41 374.5039677667779
0 939 42 220.69387908927754
0 422 43 481.94921342775893
0 24 44 208.39632478429172
0 21 50 126.22373642277192
0 465 51 373.6631141993051
0 724 54 374.84234124535334
0 653 62 202.51603346969827
0 361 63 400.3447879458087
0 968 64 200.38258164257857
0 55 69 384.0748681097428
0 606 72 391.9751841806394
0 37 74 368.60813825406524
0 265 75 460.63760022349294
0 84 77 201.6930359754817
0 675 82 382.8340927203244
0 997 83 233.04784864822668
0 370 88 376.6206804900563
0 516 89 478.37198795545726
0 643 90 392.115396413699
0 376 91 290.938627861476
0 481 94 459.9089404631597
0 959 95 223.67749898258512
0 421 98 264.8738352714985
0 379 100 323.2859628602645
0 288 103 362.00508142689915
0 286 104 357.0554087441163
0 439 107 378.2696926499675
0 25 108 419.22979854139794
0 68 109 386.73081132092216
0 275 111 325.91784749739327
0 1020 112 308.657589499338
0 272 114 306.3628034291667
0 86 115 276.2817698536781
0 98 116 429.7145983390747
0 672 117 255.7617063935487
0 870 120 384.1426261970816
0 864 130 447.67186344382833
0 479 132 246.5507440954671
0 246 134 281.7701494259408
0 22 135 492.5274085390623
0 333 137 252.18194624777274
0 349 139 416.9673996308431
0 274 149 357.1753218171659
0 772 150 479.4334088513864
0 247 157 301.0185463038594
0 451 159 488.294336672093
0 540 163 287.86352661480834
0 625 170 444.41940896052375
0 765 171 467.46252504529815
0 34 179 171.19393297410653
0 892 180 466.4089454732928
0 865 181 465.30892986702935
0 955 184 313.71742982025575
0 871 185 471.8051672504163
0 43 187 242.01500684332365
0 686 189 344.39807117393235
0 10 190 316.1070850071607
0 693 191 197.75309081732374
0 305 193 361.1774832838892
0 691 201 430.23657129177855
0 917 205 403.4370217896351
0 803 209 283.72892153534315
0 766 219 245.72775423146987
0 504 225 312.6728920267389
0 76 229 468.6865436146366
0 996 234 416.0232218162278
0 230 239 406.85568588778585
0 36 254 468.4327389420849
0 884 263 473.3383750260443
0 515 266 480.63648205095666
0 446 271 358.8921185507422
0 586 281 449.03842190600534
0 737 283 492.0691568676449
0 151 284 243.5180289126219
0 610 292 447.9699495255951
0 208 297 369.3376026276193
0 961 299 415.20871350435533
0 338 300 296.7928755767127
0 403 301 390.89929562377597
0 604 304 275.61912677158415
0 752 305 140.58350663391093
0 649 307 329.0302450152373
0 821 313 281.3888424395396
0 817 322 368.4777564370766
0 832 324 279.4508030421885
0 328 326 159.6028407170458
0 198 327 410.8663530943946
0 891 328 346.5607587428416
0 122 331 264.0566572639238
0 842 335 326.2014536844424
0 802 339 334.3755770455527
0 407 340 269.3273604869887
0 594 344 200.15053149499917
0 624 348 350.0011161005325
0 180 351 243.94620398958943
0 1015 354 463.8605588470406
0 952 355 313.1918782851635
0 1016 361 365.51995344620724
0 837 364 378.61183240960867
0 751 366 287.30569398064904
0 399 369 294.9672660348256
0 727 370 315.4165787752963
0 907 371 361.48553408546866
0 449 379 206.13802247781052
0 639 380 469.0255091015273
0 137 382 171.72861557421433
0 637 392 345.3713435229297
0 245 395 115.84537448225166
0 96 398 299.63800829820684
0 257 402 232.27081567304575
0 648 405 379.78854627545127
0 685 406 254.93712660063034
0 441 413 121.90780017492821
0 640 414 327.4762867239813
0 292 416 231.19478498968888
0 589 417 294.57311721750415
0 38 423 162.01367552797413
0 1 427 320.3965173345041
0 106 430 198.4046001554861
0 346 452 490.1746405452943
0 511 455 133.45119501194696
0 502 456 497.2863607255243
0 182 480 364.73580419437513
0 722 482 201.59034070635977
0 901 487 250.63333138380548
0 556 509 374.98820423932153
0 658 513 312.39960193165007
0 411 519 407.8463156074081
0 155 522 393.50404188440905
0 905 530 451.7177445285932
0 285 536 349.3788125938018
0 744 540 454.6731071311579
0 785 562 351.3254002565017
0 814 568 457.9429748645715
0 641 569 491.1240432304785
0 655 595 376.21108271245214
0 1009 597 136.01548271943798
0 176 599 343.8664379855511
0 634 600 252.82007465306816
0 902 608 457.67267018434745
0 307 613 398.17445403312274
0 113 614 187.82564693330468
0 435 615 279.32690358617526
0 568 616 419.0566800145545
0 133 619 189.7258504108337
0 355 620 108.81690301624612
0 574 623 386.4992618320824
0 523 627 318.902792354605
0 893 629 448.8123792722081
0 428 631 468.26078052459906
0 636 632 313.4715938826648
0 334 633 379.1654038905933

0 828.0 286.0
0 782.0 289.0
0 739.0 290.0
0 728.0 291.0
0 776.0 291.0
0 679.0 292.0
0 771.0 296.0
0 783.0 299.0
0 802.0 302.0
0 830.0 302.0
0 836.0 309.0
0 846.0 313.0
0 818.0 314.0
0 766.0 321.0
0 755.0 322.0
0 635.0 324.0
0 784.0 324.0
0 968.0 324.0
0 746.0 326.0
0 606.0 327.0
0 784.0 330.0
0 794.0 330.0
0 823.0 330.0
0 738.0 331.0
0 881.0 331.0
0 892.0 331.0
0 952.0 333.0
0 975.0 333.0
0 871.0 335.0
0 620.0 336.0
0 783.0 336.0
0 965.0 336.0
0 794.0 338.0
0 864.0 338.0
0 749.0 339.0
0 731.0 340.0
0 740.0 341.0
0 772.0 341.0
0 590.0 342.0
0 713.0 342.0
0 914.0 343.0
0 945.0 343.0
0 887.0 344.0
0 893.0 344.0
0 612.0 346.0
0 760.0 347.0
0 730.0 348.0
0 983.0 350.0
0 867.0 351.0
0 968.0 351.0
0 708.0 352.0
0 747.0 352.0
0 592.0 354.0
0 737.0 356.0
0 888.0 358.0
0 971.0 358.0
0 608.0 359.0
0 934.0 359.0
0 874.0 360.0
0 589.0 361.0
0 760.0 361.0
0 616.0 362.0
0 623.0 362.0
0 629.0 362.0
0 906.0 362.0
0 647.0 363.0
0 863.0 363.0
0 991.0 363.0
0 559.0 364.0
0 659.0 364.0
0 676.0 365.0
0 963.0 365.0
0 970.0 365.0
0 681.0 366.0
0 686.0 366.0
0 853.0 366.0
0 590.0 367.0
0 702.0 368.0
0 875.0 368.0
0 953.0 368.0
0 726.0 369.0
0 750.0 369.0
0 936.0 369.0
0 613.0 370.0
0 884.0 370.0
0 890.0 370.0
0 895.0 370.0
0 900.0 370.0
0 910.0 370.0
0 917.0 370.0
0 982.0 373.0
0 673.0 375.0
0 883.0 375.0
0 954.0 375.0
0 560.0 376.0
0 617.0 376.0
0 627.0 376.0
0 777.0 376.0
0 863.0 377.0
0 602.0 378.0
0 638.0 378.0
0 752.0 378.0
0 809.0 378.0
0 874.0 378.0
0 936.0 378.0
0 990.0 378.0
0 647.0 379.0
0 852.0 379.0
0 663.0 380.0
0 910.0 380.0
0 916.0 380.0
0 686.0 381.0
0 897.0 381.0
0 1014.0 381.0
0 680.0 382.0
0 702.0 382.0
0 719.0 383.0
0 880.0 383.0
0 603.0 384.0
0 609.0 384.0
0 691.0 384.0
0 780.0 384.0
0 786.0 384.0
0 792.0 384.0
0 990.0 384.0
0 930.0 386.0
0 807.0 387.0
0 1015.0 388.0
0 609.0 389.0
0 914.0 389.0
0 614.0 390.0
0 626.0 391.0
0 735.0 391.0
0 951.0 393.0
0 706.0 395.0
0 717.0 395.0
0 877.0 395.0
0 905.0 395.0
0 1018.0 395.0
0 825.0 397.0
0 726.0 398.0
0 562.0 399.0
0 704.0 400.0
0 834.0 400.0
0 604.0 401.0
0 813.0 401.0
0 875.0 401.0
0 950.0 401.0
0 617.0 403.0
0 661.0 403.0
0 553.0 404.0
0 638.0 404.0
0 820.0 404.0
0 773.0 405.0
0 884.0 405.0
0 633.0 406.0
0 796.0 407.0
0 905.0 407.0
0 920.0 407.0
0 925.0 407.0
0 952.0 407.0
0 993.0 407.0
0 614.0 408.0
0 726.0 408.0
0 751.0 408.0
0 559.0 409.0
0 603.0 409.0
0 840.0 410.0
0 584.0 411.0
0 620.0 411.0
0 677.0 411.0
0 827.0 411.0
0 879.0 412.0
0 562.0 414.0
0 570.0 414.0
0 999.0 414.0
0 849.0 415.0
0 987.0 415.0
0 722.0 416.0
0 710.0 417.0
0 789.0 417.0
0 794.0 417.0
0 818.0 417.0
0 554.0 418.0
0 727.0 418.0
0 784.0 418.0
0 651.0 420.0
0 745.0 420.0
0 753.0 420.0
0 902.0 420.0
0 676.0 421.0
0 878.0 421.0
0 1018.0 422.0
0 736.0 423.0
0 641.0 424.0
0 855.0 424.0
0 832.0 425.0
0 850.0 425.0
0 860.0 425.0
0 543.0 426.0
0 587.0 426.0
0 714.0 426.0
0 837.0 426.0
0 988.0 426.0
0 665.0 427.0
0 776.0 427.0
0 843.0 427.0
0 1018.0 427.0
0 530.0 428.0
0 816.0 428.0
0 525.0 429.0
0 648.0 429.0
0 520.0 430.0
0 748.0 430.0
0 829.0 430.0
0 1007.0 430.0
0 615.0 432.0
0 667.0 432.0
0 653.0 433.0
0 819.0 433.0
0 514.0 434.0
0 602.0 434.0
0 638.0 434.0
0 998.0 434.0
0 1019.0 435.0
0 704.0 436.0
0 667.0 437.0
0 572.0 438.0
0 583.0 438.0
0 693.0 438.0
0 771.0 438.0
0 547.0 439.0
0 608.0 439.0
0 660.0 440.0
0 679.0 440.0
0 759.0 440.0
0 541.0 441.0
0 992.0 441.0
0 506.0 442.0
0 731.0 442.0
0 845.0 442.0
0 583.0 443.0
0 689.0 443.0
0 710.0 443.0
0 749.0 443.0
0 671.0 444.0
0 827.0 444.0
0 839.0 444.0
0 592.0 445.0
0 616.0 445.0
0 700.0 446.0
0 652.0 447.0
0 769.0 447.0
0 583.0 448.0
0 712.0 448.0
0 760.0 449.0
0 597.0 450.0
0 668.0 450.0
0 751.0 450.0
0 620.0 451.0
0 588.0 452.0
0 633.0 452.0
0 680.0 452.0
0 769.0 452.0
0 645.0 453.0
0 497.0 454.0
0 655.0 455.0
0 699.0 455.0
0 752.0 455.0
0 850.0 455.0
0 738.0 456.0
0 723.0 457.0
0 605.0 458.0
0 633.0 458.0
0 829.0 458.0
0 986.0 458.0
0 595.0 459.0
0 769.0 460.0
0 1018.0 461.0
0 489.0 462.0
0 684.0 462.0
0 542.0 463.0
0 619.0 463.0
0 712.0 463.0
0 902.0 463.0
0 970.0 463.0
0 609.0 465.0
0 952.0 465.0
0 484.0 466.0
0 638.0 466.0
0 600.0 467.0
0 926.0 467.0
0 699.0 468.0
0 770.0 468.0
0 999.0 468.0
0 523.0 469.0
0 535.0 470.0
0 690.0 470.0
0 638.0 471.0
0 830.0 471.0
0 934.0 471.0
0 481.0 472.0
0 552.0 472.0
0 717.0 472.0
0 725.0 472.0
0 921.0 472.0
0 628.0 473.0
0 772.0 473.0
0 519.0 474.0
0 543.0 474.0
0 644.0 475.0
0 864.0 475.0
0 849.0 476.0
0 479.0 477.0
0 526.0 477.0
0 509.0 478.0
0 544.0 479.0
0 732.0 479.0
0 987.0 479.0
0 1018.0 479.0
0 559.0 480.0
0 687.0 480.0
0 714.0 480.0
0 723.0 480.0
0 933.0 480.0
0 602.0 481.0
0 709.0 481.0
0 514.0 482.0
0 826.0 482.0
0 971.0 482.0
0 635.0 483.0
0 913.0 483.0
0 553.0 485.0
0 947.0 485.0
0 754.0 487.0
0 824.0 487.0
0 542.0 488.0
0 637.0 488.0
0 647.0 488.0
0 927.0 488.0
0 698.0 489.0
0 850.0 490.0
0 567.0 491.0
0 740.0 491.0
0 782.0 491.0
0 735.0 492.0
0 999.0 492.0
0 648.0 493.0
0 919.0 494.0
0 611.0 495.0
0 912.0 495.0
0 945.0 495.0
0 503.0 496.0
0 553.0 496.0
0 730.0 496.0
0 816.0 496.0
0 934.0 496.0
0 869.0 498.0
0 877.0 498.0
0 1017.0 498.0
0 792.0 499.0
0 811.0 500.0
0 573.0 501.0
0 800.0 501.0
0 806.0 501.0
0 956.0 501.0
0 717.0 503.0
0 542.0 504.0
0 615.0 505.0
0 898.0 505.0
0 923.0 505.0
0 932.0 505.0
0 563.0 506.0
0 571.0 506.0
0 637.0 506.0
0 959.0 506.0
0 602.0 509.0
0 851.0 510.0
0 895.0 510.0
0 493.0 511.0
0 958.0 511.0
0 530.0 512.0
0 500.0 514.0
0 999.0 515.0
0 1017.0 515.0
0 621.0 516.0
0 865.0 516.0
0 722.0 517.0
0 551.0 518.0
0 642.0 518.0
0 742.0 519.0
0 664.0 520.0
0 892.0 520.0
0 582.0 521.0
0 712.0 521.0
0 792.0 521.0
0 967.0 521.0
0 946.0 522.0
0 490.0 523.0
0 553.0 524.0
0 624.0 524.0
0 659.0 524.0
0 498.0 526.0
0 807.0 527.0
0 892.0 527.0
0 469.0 528.0
0 819.0 528.0
0 646.0 529.0
0 1017.0 529.0
0 773.0 530.0
0 563.0 531.0
0 569.0 531.0
0 753.0 532.0
0 850.0 532.0
0 534.0 533.0
0 557.0 533.0
0 833.0 533.0
0 893.0 533.0
0 627.0 534.0
0 743.0 534.0
0 1017.0 534.0
0 648.0 536.0
0 956.0 537.0
0 714.0 538.0
0 872.0 538.0
0 963.0 538.0
0 999.0 538.0
0 490.0 540.0
0 629.0 540.0
0 881.0 540.0
0 498.0 541.0
0 545.0 541.0
0 649.0 541.0
0 780.0 543.0
0 959.0 543.0
0 631.0 546.0
0 850.0 546.0
0 651.0 548.0
0 756.0 550.0
0 632.0 551.0
0 904.0 551.0
0 952.0 551.0
0 595.0 553.0
0 529.0 554.0
0 910.0 554.0
0 946.0 555.0
0 915.0 557.0
0 941.0 557.0
0 585.0 558.0
0 634.0 558.0
0 922.0 559.0
0 927.0 559.0
0 935.0 559.0
0 654.0 560.0
0 597.0 562.0
0 495.0 564.0
0 532.0 565.0
0 635.0 565.0
0 556.0 567.0
0 636.0 570.0
0 999.0 570.0
0 672.0 572.0
0 657.0 573.0
0 601.0 575.0
0 756.0 575.0
0 637.0 576.0
0 747.0 576.0
0 582.0 577.0
0 589.0 578.0
0 519.0 579.0
0 999.0 583.0
0 541.0 589.0
0 639.0 589.0
0 1015.0 589.0
0 574.0 590.0
0 590.0 590.0
0 603.0 593.0
0 1015.0 594.0
0 723.0 597.0
0 821.0 597.0
0 563.0 598.0
0 732.0 599.0
0 504.0 600.0
0 577.0 600.0
0 601.0 600.0
0 596.0 601.0
0 998.0 601.0
0 541.0 602.0
0 640.0 602.0
0 585.0 605.0
0 639.0 607.0
0 572.0 609.0
0 722.0 609.0
0 731.0 610.0
0 639.0 613.0
0 577.0 614.0
0 751.0 616.0
0 584.0 617.0
0 603.0 619.0
0 709.0 619.0
0 517.0 620.0
0 553.0 621.0
0 750.0 621.0
0 590.0 624.0
0 639.0 624.0
0 693.0 624.0
0 702.0 624.0
0 516.0 625.0
0 714.0 625.0
0 511.0 627.0
0 675.0 627.0
0 686.0 630.0
0 694.0 632.0
0 569.0 634.0
0 527.0 636.0
0 513.0 637.0
0 574.0 637.0
0 593.0 637.0
0 638.0 637.0
0 579.0 638.0
0 712.0 641.0
0 723.0 641.0
0 602.0 642.0
0 534.0 644.0
0 740.0 644.0
0 519.0 645.0
0 1015.0 653.0
0 593.0 655.0
0 526.0 656.0
0 715.0 656.0
0 547.0 657.0
0 1015.0 658.0
0 997.0 661.0
0 810.0 662.0
0 594.0 663.0
0 1014.0 663.0
0 582.0 665.0
0 559.0 666.0
0 537.0 667.0
0 631.0 667.0
0 574.0 668.0
0 824.0 668.0
0 871.0 668.0
0 985.0 668.0
0 792.0 669.0
0 829.0 669.0
0 1013.0 670.0
0 881.0 671.0
0 704.0 672.0
0 699.0 674.0
0 582.0 675.0
0 557.0 676.0
0 774.0 677.0
0 904.0 678.0
0 811.0 683.0
0 946.0 683.0
0 955.0 683.0
0 989.0 684.0
0 528.0 685.0
0 1014.0 686.0
0 559.0 687.0
0 880.0 688.0
0 580.0 690.0
0 646.0 692.0
0 540.0 693.0
0 1010.0 693.0
0 906.0 695.0
0 641.0 696.0
0 551.0 700.0
0 955.0 700.0
0 450.0 701.0
0 566.0 701.0
0 626.0 702.0
0 1014.0 704.0
0 905.0 708.0
0 23.0 712.0
0 529.0 714.0
0 902.0 714.0
0 1014.0 715.0
0 956.0 720.0
0 1013.0 720.0
0 951.0 721.0
0 518.0 722.0
0 946.0 722.0
0 1012.0 725.0
0 516.0 727.0
0 905.0 728.0
0 505.0 742.0
0 1009.0 744.0
0 805.0 745.0
0 900.0 745.0
0 851.0 753.0
0 1008.0 753.0
0 776.0 758.0
0 38.0 765.0
0 301.0 765.0
0 1008.0 766.0
0 582.0 770.0
0 239.0 772.0
0 442.0 777.0
0 1006.0 783.0
0 509.0 789.0
0 492.0 803.0
0 101.0 812.0
0 45.0 813.0
0 10.0 825.0
0 442.0 829.0
0 689.0 830.0
0 359.0 833.0
0 582.0 833.0
0 507.0 837.0
0 184.0 838.0
0 548.0 840.0
0 654.0 840.0
0 420.0 845.0
0 706.0 845.0
0 691.0 846.0
0 630.0 847.0
0 874.0 848.0
0 653.0 850.0
0 1007.0 855.0
0 111.0 858.0
0 232.0 858.0
0 650.0 859.0
0 701.0 859.0
0 67.0 861.0
0 533.0 864.0
0 910.0 864.0
0 184.0 868.0
0 765.0 874.0
0 928.0 888.0
0 664.0 891.0
0 510.0 895.0
0 464.0 912.0
0 992.0 981.0
1 784.0 268.0
1 677.0 624.0
1 903.0 676.0
1 816.0 402.0
1 752.0 413.0
1 781.0 526.0
1 901.0 225.0
1 771.0 479.0
1 769.0 291.0
1 731.0 385.0
1 880.0 465.0
1 883.0 677.0
1 752.0 537.0
1 575.0 980.0
1 750.0 523.0
1 893.0 582.0
1 792.0 537.0
1 828.0 547.0
1 1472.0 952.0
1 808.0 491.0
1 895.0 670.0
1 926.0 389.0
1 907.0 404.0
1 787.0 255.0
1 750.0 359.0
1 844.0 407.0
1 668.0 273.0
1 863.0 563.0
1 1006.0 458.0
1 748.0 282.0
1 802.0 474.0
1 731.0 259.0
1 1149.0 308.0
1 846.0 477.0
1 923.0 444.0
1 880.0 397.0
1 935.0 483.0
1 888.0 398.0
1 959.0 563.0
1 1144.0 381.0
1 983.0 407.0
1 1270.0 911.0
1 992.0 451.0
1 970.0 441.0
1 829.0 487.0
1 779.0 380.0
1 786.0 438.0
1 952.0 603.0
1 732.0 585.0
1 779.0 395.0
1 730.0 395.0
1 865.0 553.0
1 870.0 221.0
1 792.0 244.0
1 844.0 608.0
1 835.0 389.0
1 814.0 476.0
1 831.0 601.0
1 825.0 388.0
1 746.0 712.0
1 744.0 504.0
1 1036.0 972.0
1 774.0 487.0
1 825.0 516.0
1 859.0 197.0
1 1295.0 919.0
1 1442.0 954.0
1 1031.0 324.0
1 1105.0 382.0
1 769.0 713.0
1 784.0 446.0
1 1085.0 379.0
1 639.0 245.0
1 740.0 595.0
1 705.0 591.0
1 1070.0 368.0
1 916.0 486.0
1 1281.0 909.0
1 939.0 893.0
1 1338.0 980.0
1 800.0 532.0
1 993.0 409.0
1 693.0 363.0
1 844.0 469.0
1 922.0 407.0
1 853.0 409.0
1 913.0 414.0
1 747.0 468.0
1 753.0 716.0
1 999.0 389.0
1 707.0 330.0
1 519.0 985.0
1 893.0 683.0
1 835.0 508.0
1 949.0 936.0
1 903.0 498.0
1 680.0 612.0
1 1121.0 983.0
1 948.0 423.0
1 913.0 508.0
1 1167.0 329.0
1 897.0 400.0
1 845.0 391.0
1 1048.0 932.0
1 560.0 258.0
1 846.0 734.0
1 687.0 623.0
1 826.0 478.0
1 685.0 253.0
1 903.0 689.0
1 797.0 489.0
1 1064.0 307.0
1 760.0 479.0
1 693.0 940.0
1 757.0 238.0
1 805.0 482.0
1 1218.0 937.0
1 749.0 297.0
1 977.0 932.0
1 876.0 210.0
1 840.0 722.0
1 860.0 463.0
1 1125.0 476.0
1 884.0 687.0
1 692.0 426.0
1 773.0 533.0
1 774.0 241.0
1 909.0 940.0
1 1246.0 963.0
1 1200.0 966.0
1 645.0 372.0
1 755.0 504.0
1 741.0 251.0
1 1058.0 909.0
1 675.0 261.0
1 721.0 387.0
1 1120.0 848.0
1 694.0 604.0
1 1040.0 418.0
1 611.0 337.0
1 829.0 672.0
1 972.0 384.0
1 893.0 233.0
1 714.0 510.0
1 600.0 356.0
1 872.0 454.0
1 711.0 448.0
1 825.0 455.0
1 816.0 386.0
1 1079.0 449.0
1 922.0 418.0
1 1113.0 456.0
1 818.0 463.0
1 908.0 579.0
1 737.0 283.0
1 916.0 698.0
1 872.0 927.0
1 673.0 248.0
1 721.0 408.0
1 889.0 945.0
1 1457.0 963.0
1 558.0 951.0
1 874.0 559.0
1 734.0 531.0
1 853.0 211.0
1 449.0 740.0
1 785.0 488.0
1 718.0 604.0
1 798.0 967.0
1 609.0 288.0
1 531.0 360.0
1 1020.0 309.0
1 606.0 344.0
1 762.0 488.0
1 751.0 488.0
1 635.0 360.0
1 714.0 908.0
1 696.0 373.0
1 871.0 568.0
1 666.0 333.0
1 1162.0 478.0
1 826.0 638.0
1 819.0 665.0
1 873.0 975.0
1 766.0 504.0
1 1313.0 877.0
1 533.0 379.0
1 782.0 480.0
1 1066.0 930.0
1 846.0 512.0
1 870.0 248.0
1 1019.0 321.0
1 904.0 215.0
1 837.0 398.0
1 749.0 480.0
1 687.0 495.0
1 605.0 959.0
1 1020.0 445.0
1 716.0 529.0
1 590.0 264.0
1 974.0 983.0
1 1194.0 985.0
1 1030.0 986.0
1 900.0 699.0
1 575.0 280.0
1 681.0 424.0
1 707.0 318.0
1 745.0 531.0
1 931.0 522.0
1 942.0 210.0
1 1169.0 453.0
1 743.0 495.0
1 831.0 497.0
1 810.0 468.0
1 871.0 396.0
1 896.0 573.0
1 610.0 272.0
1 685.0 268.0
1 559.0 984.0
1 1283.0 949.0
1 535.0 341.0
1 842.0 193.0
1 976.0 430.0
1 1404.0 985.0
1 991.0 424.0
1 1080.0 299.0
1 785.0 987.0
1 754.0 495.0
1 1052.0 307.0
1 926.0 246.0
1 941.0 464.0
1 994.0 493.0
1 763.0 524.0
1 653.0 653.0
1 831.0 731.0
1 787.0 394.0
1 761.0 532.0
1 794.0 480.0
1 900.0 923.0
1 820.0 494.0
1 1157.0 286.0
1 312.0 829.0
1 897.0 534.0
1 1042.0 325.0
1 698.0 260.0
1 1001.0 520.0
1 927.0 431.0
1 1132.0 413.0
1 1033.0 314.0
1 838.0 520.0
1 705.0 513.0
1 1347.0 978.0
1 659.0 290.0
1 790.0 473.0
1 722.0 428.0
1 673.0 350.0
1 823.0 504.0
1 690.0 612.0
1 646.0 289.0
1 745.0 701.0
1 768.0 276.0
1 1425.0 952.0
1 1019.0 988.0
1 779.0 504.0
1 1137.0 948.0
1 993.0 348.0
1 1176.0 990.0
1 1341.0 954.0
1 854.0 455.0
1 1046.0 406.0
1 909.0 242.0
1 1002.0 295.0
1 872.0 410.0
1 790.0 904.0
1 831.0 428.0
1 895.0 413.0
1 838.0 564.0
1 723.0 508.0
1 362.0 756.0
1 669.0 283.0
1 759.0 281.0
1 799.0 465.0
1 1167.0 300.0
1 15.0 873.0
1 573.0 360.0
1 874.0 711.0
1 1126.0 383.0
1 719.0 474.0
1 1059.0 369.0
1 874.0 511.0
1 1183.0 408.0
1 591.0 526.0
1 1060.0 535.0
1 1067.0 317.0
1 853.0 401.0
1 740.0 346.0
1 1350.0 938.0
1 1382.0 919.0
1 696.0 294.0
1 931.0 258.0
1 803.0 389.0
1 817.0 485.0
1 698.0 324.0
1 981.0 974.0
1 660.0 420.0
1 959.0 452.0
1 841.0 491.0
1 1003.0 885.0
1 1170.0 343.0
1 1097.0 899.0
1 939.0 226.0
1 947.0 306.0
1 689.0 380.0
1 1131.0 981.0
1 143.0 850.0
1 843.0 967.0
1 847.0 245.0
1 562.0 358.0
1 629.0 285.0
1 794.0 554.0
1 910.0 233.0
1 552.0 268.0
1 1147.0 847.0
1 701.0 338.0
1 1024.0 356.0
1 1139.0 293.0
1 956.0 312.0
1 829.0 436.0
1 949.0 522.0
1 573.0 341.0
1 815.0 679.0
1 873.0 727.0
1 556.0 342.0
1 1134.0 401.0
1 808.0 983.0
1 638.0 269.0
1 857.0 474.0
1 1002.0 468.0
1 1149.0 457.0
1 1138.0 841.0
1 712.0 401.0
1 790.0 506.0
1 679.0 364.0
1 883.0 457.0
1 1349.0 929.0
1 339.0 990.0
1 1145.0 529.0
1 700.0 416.0
1 844.0 501.0
1 1063.0 429.0
1 818.0 648.0
1 996.0 307.0
1 727.0 272.0
1 1382.0 989.0
1 1097.0 986.0
1 1280.0 786.0
1 1092.0 461.0
1 789.0 586.0
1 1016.0 334.0
1 627.0 232.0
1 882.0 973.0
1 788.0 380.0
1 642.0 985.0
1 675.0 546.0
1 544.0 384.0
1 710.0 276.0
1 400.0 749.0
1 770.0 983.0
1 462.0 761.0
1 931.0 551.0
1 1107.0 369.0
1 1170.0 321.0
1 1175.0 968.0
1 907.0 895.0
1 1333.0 794.0
1 894.0 654.0
1 862.0 399.0
1 694.0 539.0
1 732.0 497.0
1 803.0 399.0
1 704.0 500.0
1 684.0 592.0
1 730.0 702.0
1 838.0 481.0
1 1166.0 507.0
1 831.0 538.0
1 1055.0 298.0
1 823.0 471.0
1 883.0 250.0
1 1072.0 345.0
1 891.0 487.0
1 1327.0 892.0
1 909.0 868.0
1 902.0 596.0
1 697.0 517.0
1 1004.0 329.0
1 650.0 572.0
1 753.0 342.0
1 779.0 473.0
1 1124.0 498.0
1 1184.0 332.0
1 799.0 589.0
1 705.0 253.0
1 658.0 541.0
1 1295.0 840.0
1 814.0 513.0
1 806.0 438.0
1 945.0 539.0
1 824.0 233.0
1 989.0 290.0
1 529.0 952.0
1 857.0 682.0
1 1102.0 914.0
1 625.0 260.0
1 1449.0 912.0
1 863.0 505.0
1 810.0 502.0
1 861.0 644.0
1 613.0 357.0
1 1094.0 447.0
1 840.0 443.0
1 1044.0 360.0
1 1062.0 327.0
1 705.0 430.0
1 885.0 567.0
1 644.0 307.0
1 1372.0 921.0
1 1070.0 960.0
1 1055.0 959.0
1 1155.0 846.0
1 982.0 326.0
1 1064.0 417.0
1 739.0 481.0
1 918.0 219.0
1 781.0 630.0
1 1086.0 881.0
1 696.0 504.0
1 741.0 659.0
1 874.0 991.0
1 1013.0 343.0
1 712.0 384.0
1 1084.0 537.0
1 643.0 593.0
1 686.0 660.0
1 788.0 465.0
1 761.0 719.0
1 923.0 477.0
1 337.0 980.0
1 932.0 373.0
1 684.0 603.0
1 971.0 594.0
1 1160.0 394.0
1 1445.0 898.0
1 917.0 282.0
1 815.0 447.0
1 1307.0 896.0
1 784.0 236.0
1 785.0 278.0
1 1255.0 982.0
1 848.0 524.0
1 549.0 362.0
1 892.0 709.0
1 884.0 885.0
1 829.0 404.0
1 856.0 447.0
1 716.0 262.0
1 1184.0 944.0
1 727.0 914.0
1 193.0 834.0
1 1367.0 969.0
1 952.0 257.0
1 1363.0 894.0
1 641.0 466.0
1 1250.0 856.0
1 1300.0 880.0
1 843.0 233.0
1 589.0 511.0
1 740.0 307.0
1 844.0 457.0
1 962.0 424.0
1 815.0 532.0
1 554.0 316.0
1 1288.0 894.0
1 778.0 222.0
1 722.0 497.0
1 616.0 380.0
1 613.0 313.0
1 1055.0 922.0
1 1047.0 337.0
1 679.0 693.0
1 1173.0 957.0
1 1111.0 953.0
1 668.0 470.0
1 715.0 283.0
1 712.0 486.0
1 914.0 564.0
1 738.0 298.0
1 845.0 543.0
1 733.0 506.0
1 953.0 366.0
1 802.0 509.0
1 745.0 262.0
1 749.0 635.0
1 1058.0 441.0
1 918.0 470.0
1 824.0 723.0
1 31.0 883.0
1 886.0 447.0
1 1076.0 616.0
1 995.0 730.0
1 754.0 229.0
1 684.0 640.0
1 1181.0 392.0
1 572.0 247.0
1 547.0 978.0
1 892.0 495.0
1 1128.0 370.0
1 773.0 951.0
1 840.0 947.0
1 1295.0 980.0
1 685.0 293.0
1 1163.0 958.0
1 815.0 616.0
1 1173.0 831.0
1 957.0 232.0
1 680.0 387.0
1 834.0 457.0
1 911.0 257.0
1 809.0 454.0
1 1003.0 411.0
1 914.0 983.0
1 759.0 253.0
1 886.0 860.0
1 802.0 266.0
1 536.0 979.0
1 665.0 368.0
1 749.0 403.0
1 1258.0 970.0
1 1149.0 977.0
1 688.0 219.0
1 947.0 435.0
1 737.0 470.0
1 861.0 530.0
1 667.0 625.0
1 1063.0 360.0
1 1369.0 934.0
1 662.0 387.0
1 665.0 528.0
1 1424.0 978.0
1 592.0 540.0
1 803.0 667.0
1 947.0 233.0
1 836.0 931.0
1 948.0 927.0
1 555.0 441.0
1 825.0 965.0
1 713.0 688.0
1 812.0 789.0
1 1293.0 905.0
1 728.0 472.0
1 665.0 562.0
1 871.0 484.0
1 565.0 494.0
1 719.0 441.0
1 559.0 380.0
1 799.0 894.0
1 759.0 325.0
1 1061.0 452.0
1 1044.0 874.0
1 871.0 463.0
1 694.0 657.0
1 795.0 382.0
1 707.0 394.0
1 634.0 343.0
1 1064.0 921.0
1 807.0 384.0
1 759.0 708.0
1 462.0 799.0
1 751.0 706.0
1 1148.0 288.0
1 666.0 319.0
1 511.0 960.0
1 704.0 489.0
1 1168.0 811.0
1 1342.0 898.0
1 1443.0 940.0
1 779.0 515.0
1 868.0 675.0
1 1052.0 946.0
1 1112.0 525.0
1 623.0 338.0
1 736.0 905.0
1 798.0 444.0
1 687.0 322.0
1 1018.0 513.0
1 593.0 285.0
1 858.0 517.0
1 470.0 753.0
1 973.0 371.0
1 777.0 440.0
1 65.0 924.0
1 728.0 235.0
1 1351.0 952.0
1 1308.0 972.0
1 959.0 510.0
1 870.0 404.0
1 1159.0 359.0
1 764.0 419.0
1 872.0 232.0
1 1056.0 977.0
1 925.0 508.0
1 661.0 596.0
1 1053.0 346.0
1 1012.0 453.0
1 874.0 649.0
1 997.0 441.0
1 1106.0 483.0
1 666.0 678.0
1 792.0 452.0
1 527.0 290.0
1 978.0 347.0
1 700.0 985.0
1 1407.0 880.0
1 830.0 397.0
1 1149.0 489.0
1 877.0 442.0
1 923.0 515.0
1 710.0 240.0
1 722.0 958.0
1 896.0 858.0
1 853.0 614.0
1 1155.0 894.0
1 1151.0 966.0
1 1107.0 472.0
1 1106.0 642.0
1 731.0 489.0
1 862.0 991.0
1 1114.0 510.0
1 777.0 465.0
1 1166.0 495.0
1 762.0 613.0
1 1115.0 613.0
1 634.0 408.0
1 1165.0 369.0
1 626.0 972.0
1 1457.0 978.0
1 647.0 278.0
1 839.0 451.0
1 646.0 623.0
1 1008.0 499.0
1 1379.0 959.0
1 872.0 937.0
1 708.0 553.0
1 763.0 376.0
1 920.0 457.0
1 304.0 836.0
1 666.0 312.0
1 776.0 496.0
1 838.0 687.0
1 316.0 769.0
1 1276.0 920.0
1 1382.0 898.0
1 816.0 441.0
1 788.0 496.0
1 612.0 301.0
1 1431.0 916.0
1 798.0 500.0
1 1139.0 390.0
1 951.0 509.0
1 794.0 724.0
1 760.0 294.0
1 880.0 484.0
1 1077.0 376.0
1 528.0 301.0
1 1005.0 840.0
1 1144.0 368.0
1 1088.0 368.0
1 720.0 486.0
1 1091.0 330.0
1 769.0 577.0
1 857.0 481.0
1 1464.0 935.0
1 617.0 962.0
1 944.0 534.0
1 682.0 523.0
1 1041.0 530.0
1 1120.0 411.0
1 1121.0 959.0
1 913.0 433.0
1 958.0 346.0
1 860.0 244.0
1 935.0 446.0
1 948.0 296.0
1 1103.0 417.0
1 1002.0 854.0
1 955.0 990.0
1 772.0 303.0
1 861.0 448.0
1 827.0 247.0
1 835.0 469.0
1 681.0 335.0
1 939.0 908.0
1 555.0 305.0
1 760.0 985.0
1 707.0 229.0
1 881.0 719.0
1 882.0 414.0
1 1089.0 352.0
1 744.0 623.0
1 664.0 442.0
1 609.0 713.0
1 846.0 554.0
1 999.0 946.0
1 343.0 817.0
1 570.0 267.0
1 693.0 477.0
1 650.0 636.0
1 985.0 918.0
1 827.0 445.0
1 845.0 548.0
1 1018.0 976.0
1 697.0 498.0
1 696.0 667.0
1 953.0 501.0
1 1084.0 350.0
1 821.0 239.0
1 703.0 938.0
1 1146.0 502.0
1 1133.0 566.0
1 835.0 406.0
1 1073.0 278.0
1 699.0 710.0
1 1193.0 926.0
1 594.0 983.0
1 1363.0 936.0
1 105.0 631.0
1 780.0 254.0
1 933.0 491.0
1 849.0 487.0
1 851.0 500.0
1 811.0 541.0
1 767.0 394.0
1 1154.0 383.0
1 715.0 976.0
1 859.0 717.0
1 758.0 383.0
1 1100.0 457.0
1 702.0 231.0
1 905.0 985.0
1 480.0 975.0
1 879.0 491.0
1 963.0 552.0
1 1131.0 467.0
1 646.0 430.0
1 429.0 811.0
1 863.0 628.0
1 763.0 312.0
1 1382.0 972.0
1 730.0 484.0
1 736.0 575.0
1 594.0 961.0
1 1055.0 324.0
1 315.0 799.0
1 690.0 509.0
1 854.0 227.0
1 1070.0 438.0
1 1081.0 472.0
1 729.0 477.0
1 892.0 547.0
1 757.0 467.0
1 712.0 492.0
1 476.0 783.0
1 532.0 350.0
1 1157.0 989.0
1 608.0 984.0
1 1293.0 947.0
1 738.0 698.0
1 884.0 918.0
1 20.0 894.0
1 163.0 884.0
1 393.0 780.0
1 676.0 890.0
1 1450.0 972.0
1 765.0 496.0
1 608.0 357.0
1 896.0 740.0
1 609.0 977.0
1 320.0 976.0
1 758.0 270.0
1 720.0 480.0
1 1157.0 977.0
1 1318.0 983.0
1 970.0 528.0
1 968.0 962.0
1 1324.0 882.0
1 768.0 466.0
1 941.0 699.0
1 1157.0 493.0
1 822.0 395.0
1 1036.0 430.0
1 830.0 465.0
1 1074.0 991.0
1 1142.0 481.0
1 1071.0 466.0
1 888.0 524.0
1 303.0 924.0
1 873.0 886.0
1 843.0 922.0
1 559.0 972.0
1 885.0 576.0
1 1154.0 363.0
1 833.0 210.0
1 726.0 366.0
1 735.0 629.0
1 844.0 753.0
1 547.0 401.0
1 763.0 454.0
1 956.0 517.0
1 659.0 302.0
1 939.0 433.0
1 760.0 245.0
1 655.0 552.0
1 1373.0 943.0
1 755.0 455.0
1 831.0 615.0
1 942.0 354.0
1 793.0 517.0
1 1076.0 948.0
1 1168.0 982.0
1 1216.0 666.0
1 1168.0 947.0
1 976.0 266.0
1 1147.0 476.0
1 872.0 477.0
1 1170.0 486.0
1 803.0 611.0
1 1053.0 332.0
1 1077.0 519.0
1 1013.0 352.0
1 765.0 304.0
1 585.0 343.0
1 736.0 522.0
1 1093.0 504.0
1 1144.0 779.0
1 845.0 447.0
1 996.0 468.0
1 20.0 882.0
1 802.0 922.0
1 503.0 962.0
1 584.0 975.0
1 1433.0 884.0
1 1356.0 985.0
1 986.0 395.0
1 1102.0 440.0
1 951.0 451.0
1 711.0 478.0
1 941.0 919.0
1 684.0 358.0
1 783.0 465.0
1 867.0 476.0
1 649.0 356.0
1 575.0 889.0
1 855.0 506.0
1 689.0 520.0
1 745.0 398.0
1 1040.0 459.0
1 1116.0 889.0
1 875.0 952.0
1 1393.0 984.0
1 971.0 943.0
1 905.0 419.0
1 1023.0 464.0
1 1308.0 947.0
1 1322.0 851.0
1 1120.0 879.0
1 713.0 498.0
1 83.0 864.0
1 1008.0 987.0
1 915.0 607.0
1 1234.0 985.0
1 559.0 375.0
1 603.0 231.0
1 174.0 619.0
1 837.0 430.0
1 1005.0 487.0
1 870.0 637.0
1 824.0 404.0
1 401.0 975.0
1 921.0 618.0
1 1134.0 968.0
1 956.0 419.0
1 1095.0 499.0
1 1032.0 460.0
1 1087.0 855.0
1 1451.0 952.0
1 788.0 921.0
1 872.0 535.0
1 642.0 608.0
1 1291.0 964.0
1 1213.0 953.0
1 807.0 512.0
1 782.0 672.0
1 582.0 957.0
1 1153.0 936.0
1 613.0 887.0
1 814.0 723.0
1 764.0 714.0
1 1138.0 493.0
1 357.0 984.0
1 1324.0 960.0
1 1107.0 446.0
1 1267.0 853.0
1 955.0 468.0
1 835.0 474.0
1 1175.0 929.0
1 534.0 964.0
1 839.0 457.0
1 1012.0 471.0
1 941.0 488.0
1 695.0 450.0
1 846.0 575.0
1 1117.0 425.0
1 316.0 653.0
1 849.0 456.0
1 769.0 960.0
1 657.0 663.0
1 944.0 371.0
1 1164.0 381.0
1 1063.0 423.0
1 827.0 450.0
1 175.0 938.0
1 862.0 929.0
1 685.0 652.0
1 546.0 339.0
1 860.0 946.0
1 1155.0 961.0
1 1236.0 957.0
1 854.0 965.0
1 696.0 248.0
1 1085.0 336.0
1 459.0 671.0
1 1019.0 849.0
1 908.0 905.0
1 852.0 495.0
1 891.0 693.0
1 869.0 523.0
1 1423.0 938.0
1 836.0 636.0
1 915.0 725.0
1 1144.0 332.0
1 813.0 331.0
1 764.0 577.0
1 1088.0 511.0
1 741.0 611.0
1 313.0 774.0
1 942.0 447.0
1 831.0 663.0
1 839.0 556.0
1 867.0 511.0
1 762.0 392.0
1 863.0 404.0
1 1091.0 486.0
1 667.0 389.0
1 554.0 310.0
1 1046.0 528.0
1 659.0 350.0
1 1034.0 948.0
1 530.0 983.0
1 1102.0 355.0
1 1005.0 482.0
1 1374.0 973.0
1 904.0 621.0
1 1426.0 749.0
1 1256.0 864.0
1 801.0 438.0
1 749.0 947.0
1 686.0 370.0
1 678.0 665.0
1 1170.0 316.0
1 772.0 426.0
1 1244.0 950.0
1 863.0 620.0
1 1056.0 460.0
1 914.0 503.0
1 1086.0 328.0
1 1045.0 952.0
1 645.0 268.0
1 1183.0 352.0
1 136.0 842.0
1 1086.0 461.0
1 888.0 643.0
1 1249.0 972.0
1 834.0 443.0
1 852.0 232.0
1 690.0 484.0
1 919.0 926.0
1 905.0 488.0
1 751.0 380.0
1 799.0 457.0
1 1051.0 978.0
1 669.0 942.0
1 115.0 873.0
1 1474.0 978.0
1 180.0 875.0
1 691.0 242.0
1 808.0 393.0
1 368.0 790.0
1 861.0 493.0
1 1130.0 861.0
1 900.0 830.0
1 1094.0 353.0
1 884.0 935.0
1 878.0 635.0
1 1050.0 459.0
1 1124.0 405.0
1 973.0 536.0
1 1082.0 517.0
1 1150.0 331.0
1 1385.0 957.0
1 137.0 624.0
1 1095.0 378.0
1 953.0 664.0
1 1145.0 956.0
1 547.0 640.0
