0 17 2 243.85500777507664
0 0 3 264.9748840147671
0 54 4 216.31158110745025
0 64 6 257.0209303066624
0 70 8 139.02896433994826
0 31 9 324.08916171670967
0 60 10 424.42642960954134
0 49 11 190.01320573078883
0 53 12 238.55099023975436
0 101 15 214.55824902670244
0 92 16 178.0717593310014
0 9 17 475.1411110149784
0 128 19 263.06608774161054
0 159 22 234.02782408119074
0 6 24 385.7774867231893
0 163 25 270.3544317566084
0 118 26 198.21131272633275
0 100 27 311.91880956641575
0 151 28 196.28517223079666
0 88 29 208.5317173379455
0 191 30 196.38488835574458
0 201 31 202.07963367169222
0 196 32 238.76699504711092
0 170 33 357.9862641049829
0 233 34 448.36061658211406
0 187 35 179.39078062801255
0 132 36 421.78509437404836
0 195 37 174.72830343365803
0 221 39 172.02967071153864
0 25 40 279.2187501040171
0 26 41 388.76572584270497
0 124 42 298.63612074590964
0 127 43 206.29693711338265
0 12 44 375.21287582865807
0 62 45 416.14743886401675
0 183 46 193.32944228798078
0 227 48 162.93497893244924
0 236 49 255.51375735095178
0 207 50 166.7160306176403
0 209 52 419.71462549795444
0 149 53 380.83241580544274
0 199 54 140.08610295615696
0 268 55 348.64388170283235
0 71 56 183.55561142640576
0 157 57 320.08501403466096
0 226 58 468.6534856719219
0 269 59 322.3672677982073
0 154 60 210.4554771408429
0 166 62 244.87295727761173
0 175 65 288.12994446824933
0 198 66 268.65474274722
0 206 67 253.8618561092241
0 277 68 289.3302127162759
0 79 69 228.04041361814754
0 162 70 176.7397399935592
0 177 71 208.823276631144
0 194 72 225.48644037807097
0 216 73 222.12232855397605
0 219 74 198.8315346048575
0 225 75 153.91627803543818
0 240 76 186.209673588423
0 116 78 483.77090194559787
0 250 79 294.64450939914775
0 265 80 336.7224782792513
0 273 81 233.65004806775693
0 274 82 313.3609938665936
0 153 84 149.53731111542504
0 235 85 161.7972777671588
0 55 86 173.38519354776037
0 254 87 130.44081929494757
0 76 90 176.06649407607944
0 84 91 195.61226480221984
0 295 92 258.9854098942823
0 65 93 360.11604615401785
0 231 95 186.00743621037097
0 155 96 378.3779102495634
0 288 97 398.305094403051
0 276 99 477.53602892788746
0 208 101 384.0939047941523
0 298 102 285.32224144716054
0 81 103 142.20782842448438
0 169 104 122.95817269959156
0 232 105 200.93966258572493
0 190 107 251.54158130313115
0 164 110 212.69209168829227
0 272 111 194.45376372775246
0 182 113 129.14934959663768
0 193 114 127.49664543827102
0 205 115 150.43701673167706
0 213 116 184.12259639259563
0 264 117 207.13754159411383
0 282 118 110.00824084026146
0 223 119 178.7399850911656
0 234 120 141.12411646101577
0 248 121 186.7440896484755
0 292 123 206.76215824280186
0 220 124 345.53441088758177
0 66 125 374.98606700065636
0 78 126 167.13980326831467
0 94 127 160.12311101159816
0 345 128 241.03148712515937
0 241 129 216.51797836216073
0 186 132 314.4866699632638
0 203 135 176.79783069525746
0 305 136 154.7358217531213
0 283 138 261.62447103088573
0 310 139 160.33917266740184
0 316 140 140.08885177801668
0 258 142 197.15877381677763
0 270 143 294.1935615102911
0 322 146 225.9725097481968
0 96 148 175.20119891758236
0 313 150 132.40654417844482
0 386 151 249.63025008903296
0 93 152 163.1457542731978
0 340 153 219.19183572203457
0 347 155 243.59236691794868
0 324 156 174.09931201719115
0 327 157 377.69543241371673
0 278 158 130.69646209535898
0 361 159 184.10784672091543
0 117 161 295.83688606635377
0 398 162 397.41151685027296
0 91 167 132.00201607922318
0 373 169 348.97987052528833
0 267 171 368.14826680476347
0 224 173 299.73005526452977
0 122 175 178.53078198391466
0 421 179 216.57289965266426
0 376 180 211.7877282350421
0 420 182 338.8417927907222
0 95 184 166.36786548423413
0 427 185 246.74642546216194
0 90 186 204.7426660551843
0 338 187 177.3911226703507
0 360 190 133.62050846500549
0 354 191 139.00363424742974
0 416 192 493.3237269205897
0 364 193 249.93943772916626
0 448 194 209.28501465238205
0 451 195 498.9289981758413
0 130 198 133.7818666783619
0 350 200 232.23583462009367
0 460 201 283.6623367730422
0 311 203 340.8177591048535
0 380 205 114.36449924065867
0 397 206 280.4078388166229
0 422 209 248.19978693882635
0 120 210 241.31301240328887
0 113 211 203.89038307735254
0 385 212 311.57009192192925
0 371 213 280.05827781316646
0 372 214 278.98478582202836
0 112 215 165.91671339411363
0 390 217 240.0222035920605
0 121 219 111.56167578281682
0 289 220 288.1063182257056
0 480 221 291.30846029477914
0 426 224 266.8632047429365
0 407 227 224.52852560919828
0 437 228 264.5976261906799
0 465 229 302.70664284305667
0 412 233 331.47555698072864
0 402 238 319.0354175717091
0 494 240 245.53145673048567
0 143 241 133.87976192898648
0 433 246 227.64712016260341
0 435 247 253.74375356697308
0 441 249 461.9107114440161
0 445 251 285.41640794031593
0 417 252 183.09283768854843
0 419 253 281.74007902122236
0 436 254 150.59556155883473
0 439 255 194.85232725153048
0 142 256 152.1003209142184
0 470 259 316.3522716419776
0 516 260 242.82418681286396
0 461 261 352.88550172901574
0 488 263 349.2632040223978
0 475 264 134.14687698545137
0 479 267 325.6780026142035
0 145 269 185.50318514719876
0 487 274 124.57692877160578
0 484 276 264.09797425436017
0 455 277 405.4651170237692
0 497 278 136.75596242450683
0 551 280 399.2619329935395
0 532 281 205.99398306897862
0 493 282 246.37867152104377
0 496 283 113.8362105494282
0 476 284 281.10828997395294
0 517 286 164.1645134845659
0 502 288 180.6776190405934
0 512 289 124.57680851795307
0 527 290 479.9796189379375
0 508 293 270.3861296940649
0 513 294 342.3958317920753
0 504 295 273.14033097793464
0 539 297 219.0167310597417
0 534 300 269.4229449779331
0 500 301 376.1364799374228
0 485 303 326.33428536444484
0 523 304 117.53256938497078
0 515 305 121.34015024229747
0 538 306 254.1661225477913
0 458 308 447.43794602037514
0 548 310 244.17289407228702
0 481 311 478.7060579490233
0 549 316 144.9563620179995
0 552 317 140.89926113872548
0 526 318 289.2521212612313
0 541 319 139.35251129893692
0 492 320 114.42881984053015
0 531 321 221.4636383946766
0 555 323 131.31608377070881
0 482 324 492.2282871830635
0 561 325 243.26595381877826
0 525 326 139.7557217723233
0 566 328 182.2563649312721
0 543 329 128.31011475565677
0 556 330 236.1495936405819
0 503 331 464.6304647103346
0 567 334 120.46885815633392
0 533 335 332.880807506815
0 572 336 222.9984808199784
0 506 339 391.7942612699533
0 510 342 238.07894321953458
0 557 343 149.75508124847195
0 529 344 143.92257704995885
0 575 346 158.33898811203503
0 537 348 172.18788384359215
0 568 350 168.6645811654043
0 576 357 118.31005183869732
0 581 358 126.07532935882162
0 554 359 195.7946872250192
0 587 361 439.3251286181927
0 588 362 126.40051352137336
0 589 366 239.9402652680891
0 544 367 146.2664821206196
0 593 369 180.913401966029
0 579 370 167.5414219536854
0 553 373 121.14635601261836
0 602 375 175.9625664046403
0 560 380 293.5041888143402
0 599 381 208.68729767235868
0 564 385 247.50864008241427
0 604 387 130.4064888227058
0 591 389 461.3797695537135
0 600 395 250.2251691779716
0 609 396 180.9788958477005
0 612 400 205.1867665350893
0 618 403 184.76515953451718
0 616 405 209.86081717451697
0 617 406 213.62312804432432
0 518 411 338.70901379953455
0 582 412 155.32366704300486
0 584 413 147.95027093590193
0 628 416 137.41925586182603
0 634 425 165.48869730793592
0 607 430 154.2884595152736
0 624 436 263.44693030648847
0 623 438 206.32644291987327
0 645 443 159.47078092245675
0 630 446 215.32076663575998
0 667 447 321.7324119034666
0 631 452 236.55216093404823
0 668 456 370.5290013558135
0 613 458 403.4928364529451
0 655 459 126.9305727379912
0 637 463 152.4229827313716
0 696 469 339.14341162721144
0 658 479 349.97238660176015
0 640 480 467.24680239310163
0 657 483 338.9281104693034
0 650 487 448.9698973667279
0 666 488 191.06141981280388
0 709 491 408.1692650821735
0 662 492 455.05266182851136
0 693 499 333.773451575322
0 683 507 394.936860232357
0 713 508 422.85158647325846
0 690 511 280.20306569305274
0 676 512 193.87059266992088
0 695 513 354.42919350281363
0 689 515 373.86449619917494
0 720 517 181.37958278368075
0 654 518 185.67362235642324
0 665 520 180.8291454415841
0 721 522 274.46133137961215
0 694 523 226.9502256689751
0 703 524 458.05390616500074
0 697 527 360.14561484836116
0 680 528 287.7087424209907
0 699 534 450.13090304589036
0 728 535 144.399150365202
0 712 536 332.06215026128507
0 708 538 439.24679974719487
0 724 540 226.0158440765367
0 731 544 244.74057424674353
0 719 545 359.890170236134
0 718 548 448.42946464660844
0 670 551 117.12784741028757
0 706 552 181.57610183196098
0 722 553 177.08250279151767
0 711 554 126.62334594393141
0 730 555 180.65686018822873
0 652 561 125.95930208769018
0 727 562 316.3782222118715
0 734 563 395.5614320662579
0 651 565 207.69257289804654
0 729 567 198.0565515772663
0 679 571 112.90042138764184
0 715 572 162.29644039743107
0 677 573 144.55209245011307
0 716 574 155.40694243347818
0 725 575 181.4654130423896
0 737 578 496.36998066853613
0 733 582 144.0229362393595
0 775 598 499.7227984533426
0 833 604 111.053481985235
0 751 606 360.38473910463466
0 768 611 251.33777177409945
0 798 614 263.37885588109316
0 793 621 337.8128345277039
0 832 623 179.99126286003153
0 841 624 353.017448120917

0 1050.0 94.0
0 895.0 191.0
0 870.0 363.0
0 811.0 364.0
0 838.0 364.0
0 738.0 367.0
0 828.0 368.0
0 833.0 368.0
0 840.0 372.0
0 874.0 373.0
0 855.0 377.0
0 871.0 380.0
0 887.0 388.0
0 835.0 393.0
0 1031.0 393.0
0 828.0 394.0
0 849.0 396.0
0 699.0 398.0
0 672.0 401.0
0 819.0 401.0
0 944.0 401.0
0 968.0 401.0
0 1017.0 401.0
0 1037.0 401.0
0 636.0 403.0
0 818.0 407.0
0 858.0 408.0
0 686.0 409.0
0 830.0 409.0
0 660.0 410.0
0 960.0 410.0
0 965.0 410.0
0 983.0 410.0
0 818.0 412.0
0 1034.0 412.0
0 804.0 413.0
0 1045.0 416.0
0 818.0 417.0
0 938.0 417.0
0 1033.0 417.0
0 620.0 418.0
0 645.0 418.0
0 678.0 418.0
0 854.0 418.0
0 608.0 419.0
0 656.0 420.0
0 830.0 420.0
0 954.0 422.0
0 964.0 423.0
0 976.0 423.0
0 827.0 425.0
0 1033.0 425.0
0 944.0 426.0
0 1051.0 429.0
0 841.0 430.0
0 1030.0 430.0
0 621.0 431.0
0 926.0 431.0
0 943.0 431.0
0 1017.0 432.0
0 687.0 433.0
0 692.0 433.0
0 704.0 433.0
0 709.0 433.0
0 714.0 433.0
0 719.0 433.0
0 737.0 433.0
0 743.0 433.0
0 1002.0 433.0
0 645.0 434.0
0 699.0 434.0
0 726.0 434.0
0 732.0 434.0
0 760.0 434.0
0 765.0 434.0
0 774.0 434.0
0 785.0 434.0
0 790.0 434.0
0 915.0 434.0
0 957.0 434.0
0 977.0 434.0
0 982.0 434.0
0 988.0 434.0
0 672.0 435.0
0 682.0 435.0
0 779.0 435.0
0 606.0 436.0
0 795.0 436.0
0 836.0 436.0
0 1033.0 437.0
0 613.0 440.0
0 651.0 440.0
0 1018.0 441.0
0 576.0 442.0
0 733.0 442.0
0 750.0 442.0
0 900.0 442.0
0 967.0 442.0
0 984.0 442.0
0 1002.0 442.0
0 1052.0 442.0
0 925.0 443.0
0 977.0 443.0
0 620.0 444.0
0 682.0 444.0
0 839.0 444.0
0 876.0 444.0
0 916.0 444.0
0 1070.0 444.0
0 651.0 445.0
0 667.0 445.0
0 957.0 446.0
0 1056.0 447.0
0 688.0 448.0
0 699.0 448.0
0 715.0 448.0
0 724.0 448.0
0 777.0 448.0
0 795.0 448.0
0 733.0 449.0
0 744.0 449.0
0 763.0 449.0
0 772.0 449.0
0 814.0 449.0
0 859.0 451.0
0 570.0 452.0
0 582.0 453.0
0 651.0 453.0
0 1037.0 453.0
0 888.0 454.0
0 916.0 454.0
0 994.0 455.0
0 667.0 456.0
0 953.0 456.0
0 1073.0 456.0
0 677.0 457.0
0 830.0 457.0
0 958.0 457.0
0 913.0 459.0
0 800.0 460.0
0 813.0 460.0
0 1038.0 460.0
0 867.0 461.0
0 878.0 461.0
0 681.0 462.0
0 958.0 462.0
0 821.0 463.0
0 926.0 463.0
0 627.0 465.0
0 664.0 465.0
0 797.0 465.0
0 1039.0 465.0
0 614.0 466.0
0 993.0 466.0
0 949.0 467.0
0 977.0 467.0
0 1061.0 467.0
0 864.0 469.0
0 740.0 470.0
0 891.0 470.0
0 609.0 471.0
0 650.0 471.0
0 932.0 471.0
0 821.0 472.0
0 843.0 472.0
0 945.0 472.0
0 991.0 472.0
0 592.0 473.0
0 658.0 473.0
0 964.0 473.0
0 672.0 474.0
0 711.0 474.0
0 974.0 474.0
0 684.0 475.0
0 782.0 475.0
0 643.0 476.0
0 698.0 477.0
0 703.0 477.0
0 658.0 478.0
0 897.0 478.0
0 992.0 478.0
0 665.0 479.0
0 892.0 479.0
0 1074.0 479.0
0 582.0 480.0
0 907.0 480.0
0 570.0 481.0
0 802.0 481.0
0 814.0 481.0
0 727.0 482.0
0 822.0 482.0
0 847.0 482.0
0 953.0 483.0
0 1060.0 483.0
0 919.0 484.0
0 948.0 485.0
0 609.0 486.0
0 615.0 486.0
0 629.0 487.0
0 675.0 487.0
0 744.0 487.0
0 926.0 487.0
0 1073.0 487.0
0 659.0 488.0
0 687.0 488.0
0 831.0 488.0
0 866.0 488.0
0 645.0 489.0
0 692.0 489.0
0 880.0 489.0
0 577.0 490.0
0 582.0 490.0
0 788.0 491.0
0 801.0 491.0
0 851.0 491.0
0 565.0 492.0
0 699.0 492.0
0 759.0 492.0
0 1074.0 492.0
0 590.0 493.0
0 668.0 493.0
0 931.0 493.0
0 1060.0 493.0
0 708.0 495.0
0 874.0 495.0
0 632.0 496.0
0 715.0 498.0
0 824.0 498.0
0 869.0 498.0
0 952.0 498.0
0 959.0 498.0
0 661.0 499.0
0 843.0 499.0
0 793.0 501.0
0 701.0 503.0
0 723.0 503.0
0 767.0 503.0
0 870.0 503.0
0 959.0 503.0
0 779.0 504.0
0 936.0 504.0
0 592.0 506.0
0 657.0 506.0
0 607.0 507.0
0 582.0 508.0
0 731.0 508.0
0 786.0 508.0
0 802.0 508.0
0 822.0 508.0
0 691.0 509.0
0 713.0 509.0
0 773.0 509.0
0 835.0 509.0
0 812.0 511.0
0 854.0 511.0
0 1060.0 511.0
0 560.0 513.0
0 720.0 513.0
0 740.0 513.0
0 870.0 513.0
0 940.0 513.0
0 782.0 515.0
0 1074.0 515.0
0 1051.0 516.0
0 991.0 517.0
0 1041.0 517.0
0 728.0 518.0
0 870.0 518.0
0 979.0 518.0
0 574.0 519.0
0 749.0 519.0
0 819.0 519.0
0 1065.0 519.0
0 624.0 520.0
0 1015.0 520.0
0 720.0 524.0
0 791.0 524.0
0 606.0 525.0
0 1023.0 525.0
0 669.0 527.0
0 735.0 527.0
0 940.0 527.0
0 873.0 528.0
0 1006.0 529.0
0 1061.0 530.0
0 963.0 531.0
0 1030.0 531.0
0 744.0 532.0
0 796.0 532.0
0 1016.0 532.0
0 751.0 533.0
0 763.0 533.0
0 824.0 533.0
0 875.0 533.0
0 1050.0 533.0
0 630.0 534.0
0 843.0 535.0
0 936.0 536.0
0 656.0 537.0
0 731.0 537.0
0 1035.0 537.0
0 615.0 539.0
0 623.0 540.0
0 824.0 540.0
0 1003.0 541.0
0 817.0 542.0
0 1016.0 542.0
0 633.0 543.0
0 575.0 544.0
0 880.0 544.0
0 931.0 544.0
0 644.0 545.0
0 658.0 545.0
0 610.0 547.0
0 680.0 547.0
0 875.0 547.0
0 1018.0 547.0
0 1030.0 547.0
0 622.0 548.0
0 808.0 548.0
0 835.0 548.0
0 887.0 548.0
0 953.0 548.0
0 1045.0 549.0
0 570.0 550.0
0 925.0 551.0
0 614.0 552.0
0 680.0 552.0
0 920.0 552.0
0 1007.0 552.0
0 895.0 553.0
0 1073.0 553.0
0 567.0 555.0
0 911.0 555.0
0 1024.0 555.0
0 840.0 556.0
0 904.0 556.0
0 687.0 557.0
0 708.0 557.0
0 727.0 557.0
0 732.0 558.0
0 647.0 560.0
0 749.0 560.0
0 992.0 560.0
0 595.0 562.0
0 878.0 562.0
0 1050.0 562.0
0 667.0 563.0
0 964.0 563.0
0 695.0 565.0
0 991.0 565.0
0 601.0 568.0
0 681.0 569.0
0 700.0 571.0
0 641.0 572.0
0 663.0 572.0
0 843.0 573.0
0 830.0 575.0
0 1033.0 575.0
0 886.0 577.0
0 921.0 577.0
0 789.0 579.0
0 823.0 579.0
0 622.0 580.0
0 709.0 580.0
0 953.0 580.0
0 989.0 580.0
0 582.0 581.0
0 759.0 581.0
0 1048.0 581.0
0 917.0 582.0
0 689.0 583.0
0 556.0 584.0
0 590.0 584.0
0 935.0 585.0
0 952.0 585.0
0 1048.0 586.0
0 646.0 587.0
0 867.0 587.0
0 715.0 588.0
0 848.0 588.0
0 991.0 589.0
0 1072.0 590.0
0 673.0 591.0
0 951.0 591.0
0 615.0 592.0
0 578.0 594.0
0 828.0 594.0
0 587.0 596.0
0 637.0 596.0
0 679.0 596.0
0 719.0 596.0
0 942.0 598.0
0 947.0 598.0
0 999.0 598.0
0 850.0 599.0
0 1040.0 599.0
0 662.0 600.0
0 688.0 600.0
0 700.0 601.0
0 1004.0 601.0
0 578.0 602.0
0 1009.0 603.0
0 1032.0 603.0
0 731.0 604.0
0 1016.0 605.0
0 1024.0 605.0
0 675.0 607.0
0 723.0 607.0
0 652.0 608.0
0 665.0 610.0
0 568.0 611.0
0 576.0 611.0
0 586.0 612.0
0 704.0 613.0
0 1072.0 613.0
0 1034.0 614.0
0 674.0 616.0
0 689.0 616.0
0 713.0 618.0
0 623.0 622.0
0 740.0 624.0
0 635.0 625.0
0 660.0 625.0
0 553.0 626.0
0 1025.0 628.0
0 676.0 629.0
0 740.0 629.0
0 677.0 634.0
0 586.0 635.0
0 580.0 636.0
0 680.0 639.0
0 554.0 641.0
0 637.0 641.0
0 1047.0 645.0
0 555.0 646.0
0 639.0 646.0
0 650.0 648.0
0 617.0 650.0
0 692.0 651.0
0 898.0 651.0
0 833.0 653.0
0 582.0 654.0
0 840.0 654.0
0 702.0 656.0
0 740.0 657.0
0 591.0 658.0
0 684.0 659.0
0 709.0 659.0
0 715.0 659.0
0 721.0 660.0
0 728.0 661.0
0 582.0 662.0
0 740.0 662.0
0 659.0 664.0
0 693.0 664.0
0 673.0 665.0
0 831.0 665.0
0 559.0 666.0
0 1031.0 666.0
0 706.0 667.0
0 727.0 668.0
0 596.0 671.0
0 587.0 674.0
0 848.0 675.0
0 581.0 676.0
0 639.0 676.0
0 691.0 678.0
0 676.0 679.0
0 745.0 679.0
0 653.0 680.0
0 732.0 680.0
0 845.0 682.0
0 843.0 687.0
0 894.0 687.0
0 639.0 688.0
0 701.0 688.0
0 586.0 689.0
0 607.0 690.0
0 651.0 690.0
0 1071.0 691.0
0 715.0 692.0
0 589.0 694.0
0 572.0 696.0
0 709.0 696.0
0 727.0 696.0
0 862.0 696.0
0 1072.0 696.0
0 600.0 698.0
0 703.0 698.0
0 770.0 699.0
0 734.0 700.0
0 835.0 700.0
0 1063.0 700.0
0 696.0 701.0
0 861.0 701.0
0 595.0 702.0
0 668.0 702.0
0 604.0 703.0
0 673.0 703.0
0 678.0 703.0
0 724.0 703.0
0 609.0 704.0
0 769.0 704.0
0 860.0 706.0
0 1058.0 707.0
0 1071.0 708.0
0 614.0 709.0
0 719.0 709.0
0 729.0 709.0
0 767.0 709.0
0 622.0 710.0
0 827.0 710.0
0 628.0 714.0
0 725.0 714.0
0 614.0 715.0
0 585.0 716.0
0 713.0 716.0
0 886.0 716.0
0 1071.0 716.0
0 311.0 718.0
0 893.0 718.0
0 725.0 719.0
0 987.0 719.0
0 636.0 720.0
0 1039.0 720.0
0 1060.0 720.0
0 618.0 721.0
0 809.0 721.0
0 1072.0 721.0
0 623.0 722.0
0 641.0 723.0
0 734.0 724.0
0 760.0 724.0
0 632.0 725.0
0 718.0 725.0
0 646.0 726.0
0 1072.0 726.0
0 626.0 729.0
0 638.0 729.0
0 699.0 729.0
0 863.0 729.0
0 585.0 730.0
0 666.0 731.0
0 729.0 731.0
0 684.0 732.0
0 689.0 732.0
0 1066.0 732.0
0 671.0 733.0
0 97.0 734.0
0 584.0 736.0
0 884.0 736.0
0 993.0 736.0
0 636.0 737.0
0 1040.0 737.0
0 700.0 738.0
0 692.0 740.0
0 584.0 741.0
0 1071.0 741.0
0 1436.0 741.0
0 1456.0 741.0
0 311.0 742.0
0 647.0 742.0
0 722.0 742.0
0 1282.0 742.0
0 248.0 743.0
0 682.0 743.0
0 662.0 746.0
0 745.0 746.0
0 584.0 748.0
0 992.0 749.0
0 395.0 751.0
0 1071.0 752.0
0 113.0 755.0
0 990.0 755.0
0 1039.0 756.0
0 738.0 762.0
0 720.0 763.0
0 655.0 766.0
0 992.0 766.0
0 1069.0 771.0
0 585.0 775.0
0 360.0 781.0
0 993.0 781.0
0 1006.0 783.0
0 1067.0 786.0
0 586.0 792.0
0 585.0 799.0
0 1066.0 802.0
0 251.0 807.0
0 585.0 814.0
0 1068.0 816.0
0 1064.0 826.0
0 729.0 830.0
0 935.0 834.0
0 980.0 836.0
0 694.0 843.0
0 1065.0 846.0
0 573.0 850.0
0 23.0 857.0
0 527.0 863.0
0 1064.0 864.0
0 359.0 865.0
0 364.0 866.0
0 1360.0 867.0
0 288.0 868.0
0 889.0 870.0
0 543.0 875.0
0 680.0 878.0
0 902.0 879.0
0 114.0 880.0
0 367.0 880.0
0 729.0 891.0
0 859.0 896.0
0 1064.0 901.0
0 733.0 907.0
0 814.0 910.0
0 744.0 916.0
0 735.0 917.0
0 734.0 922.0
0 691.0 926.0
0 717.0 926.0
0 736.0 931.0
0 847.0 945.0
0 842.0 954.0
0 751.0 959.0
1 855.0 294.0
1 664.0 298.0
1 659.0 299.0
1 672.0 299.0
1 677.0 300.0
1 737.0 300.0
1 650.0 301.0
1 845.0 301.0
1 688.0 303.0
1 714.0 303.0
1 869.0 307.0
1 689.0 308.0
1 636.0 309.0
1 849.0 311.0
1 736.0 313.0
1 806.0 313.0
1 889.0 313.0
1 918.0 313.0
1 749.0 314.0
1 857.0 314.0
1 843.0 316.0
1 728.0 317.0
1 771.0 317.0
1 818.0 317.0
1 702.0 319.0
1 646.0 320.0
1 662.0 320.0
1 871.0 320.0
1 625.0 321.0
1 766.0 321.0
1 795.0 321.0
1 920.0 321.0
1 880.0 322.0
1 835.0 323.0
1 752.0 324.0
1 853.0 324.0
1 785.0 325.0
1 807.0 325.0
1 872.0 325.0
1 715.0 326.0
1 917.0 326.0
1 731.0 327.0
1 816.0 327.0
1 742.0 328.0
1 725.0 329.0
1 843.0 332.0
1 869.0 332.0
1 711.0 333.0
1 770.0 333.0
1 923.0 333.0
1 598.0 334.0
1 646.0 335.0
1 854.0 335.0
1 933.0 335.0
1 882.0 336.0
1 638.0 337.0
1 756.0 337.0
1 662.0 338.0
1 695.0 340.0
1 724.0 340.0
1 914.0 340.0
1 672.0 341.0
1 683.0 343.0
1 807.0 343.0
1 869.0 343.0
1 604.0 344.0
1 598.0 345.0
1 609.0 346.0
1 742.0 346.0
1 778.0 346.0
1 883.0 346.0
1 648.0 347.0
1 754.0 347.0
1 868.0 350.0
1 913.0 351.0
1 707.0 352.0
1 643.0 355.0
1 692.0 355.0
1 609.0 356.0
1 671.0 356.0
1 851.0 357.0
1 648.0 358.0
1 682.0 360.0
1 737.0 364.0
1 681.0 367.0
1 951.0 367.0
1 729.0 368.0
1 710.0 373.0
1 703.0 375.0
1 726.0 375.0
1 597.0 377.0
1 621.0 377.0
1 890.0 377.0
1 643.0 378.0
1 680.0 379.0
1 610.0 380.0
1 653.0 381.0
1 897.0 382.0
1 692.0 383.0
1 660.0 384.0
1 716.0 385.0
1 874.0 385.0
1 1016.0 385.0
1 1021.0 385.0
1 1040.0 385.0
1 711.0 386.0
1 1045.0 386.0
1 703.0 387.0
1 888.0 387.0
1 1055.0 388.0
1 899.0 389.0
1 1003.0 389.0
1 594.0 390.0
1 609.0 390.0
1 1060.0 390.0
1 710.0 391.0
1 962.0 393.0
1 677.0 394.0
1 898.0 394.0
1 994.0 394.0
1 605.0 395.0
1 621.0 395.0
1 671.0 396.0
1 879.0 397.0
1 709.0 398.0
1 969.0 398.0
1 591.0 399.0
1 890.0 399.0
1 860.0 400.0
1 685.0 401.0
1 660.0 402.0
1 1010.0 402.0
1 1078.0 402.0
1 987.0 403.0
1 874.0 404.0
1 997.0 404.0
1 884.0 405.0
1 946.0 405.0
1 955.0 406.0
1 1067.0 406.0
1 676.0 407.0
1 973.0 407.0
1 591.0 408.0
1 621.0 408.0
1 879.0 409.0
1 606.0 412.0
1 699.0 412.0
1 984.0 412.0
1 995.0 412.0
1 1089.0 412.0
1 666.0 413.0
1 866.0 413.0
1 1004.0 413.0
1 712.0 416.0
1 720.0 416.0
1 930.0 417.0
1 938.0 417.0
1 962.0 418.0
1 982.0 418.0
1 1067.0 418.0
1 875.0 419.0
1 972.0 419.0
1 729.0 420.0
1 854.0 420.0
1 695.0 421.0
1 860.0 421.0
1 738.0 423.0
1 992.0 423.0
1 1083.0 424.0
1 711.0 425.0
1 852.0 425.0
1 949.0 425.0
1 744.0 426.0
1 1078.0 426.0
1 677.0 427.0
1 749.0 427.0
1 1005.0 428.0
1 754.0 429.0
1 882.0 429.0
1 919.0 429.0
1 1096.0 429.0
1 688.0 430.0
1 718.0 430.0
1 866.0 430.0
1 958.0 430.0
1 976.0 430.0
1 701.0 431.0
1 840.0 431.0
1 1010.0 431.0
1 987.0 432.0
1 952.0 433.0
1 1003.0 433.0
1 1063.0 433.0
1 729.0 434.0
1 767.0 434.0
1 854.0 434.0
1 1030.0 434.0
1 933.0 435.0
1 774.0 436.0
1 874.0 436.0
1 838.0 437.0
1 1012.0 437.0
1 1091.0 437.0
1 710.0 439.0
1 1100.0 439.0
1 746.0 440.0
1 785.0 440.0
1 860.0 440.0
1 965.0 440.0
1 986.0 440.0
1 609.0 442.0
1 660.0 442.0
1 694.0 442.0
1 754.0 443.0
1 960.0 443.0
1 981.0 443.0
1 792.0 444.0
1 833.0 444.0
1 955.0 444.0
1 797.0 445.0
1 891.0 445.0
1 1080.0 445.0
1 1001.0 446.0
1 763.0 447.0
1 713.0 448.0
1 805.0 448.0
1 984.0 448.0
1 1006.0 448.0
1 900.0 449.0
1 1101.0 449.0
1 658.0 450.0
1 790.0 450.0
1 871.0 450.0
1 1088.0 450.0
1 774.0 451.0
1 811.0 451.0
1 1012.0 451.0
1 686.0 452.0
1 1119.0 452.0
1 1019.0 453.0
1 819.0 454.0
1 920.0 455.0
1 964.0 455.0
1 990.0 455.0
1 1029.0 455.0
1 1084.0 455.0
1 974.0 456.0
1 675.0 457.0
1 793.0 457.0
1 1120.0 457.0
1 997.0 458.0
1 662.0 459.0
1 732.0 459.0
1 798.0 459.0
1 828.0 459.0
1 980.0 459.0
1 1099.0 459.0
1 889.0 460.0
1 902.0 460.0
1 1002.0 460.0
1 684.0 461.0
1 819.0 461.0
1 726.0 462.0
1 1072.0 462.0
1 809.0 463.0
1 1009.0 463.0
1 1120.0 463.0
1 740.0 464.0
1 1067.0 464.0
1 1062.0 465.0
1 919.0 466.0
1 984.0 466.0
1 998.0 466.0
1 1027.0 466.0
1 1034.0 466.0
1 1039.0 466.0
1 1056.0 466.0
1 1044.0 467.0
1 767.0 468.0
1 817.0 468.0
1 1120.0 468.0
1 700.0 469.0
1 828.0 469.0
1 963.0 470.0
1 1069.0 471.0
1 742.0 472.0
1 662.0 474.0
1 762.0 474.0
1 1006.0 474.0
1 697.0 475.0
1 724.0 475.0
1 734.0 476.0
1 847.0 477.0
1 853.0 477.0
1 858.0 477.0
1 1062.0 477.0
1 1097.0 477.0
1 746.0 478.0
1 1024.0 478.0
1 755.0 479.0
1 901.0 479.0
1 1043.0 479.0
1 1119.0 479.0
1 613.0 480.0
1 912.0 480.0
1 863.0 481.0
1 767.0 483.0
1 1023.0 483.0
1 736.0 484.0
1 741.0 484.0
1 837.0 484.0
1 678.0 485.0
1 699.0 485.0
1 828.0 485.0
1 952.0 485.0
1 1070.0 485.0
1 845.0 486.0
1 708.0 487.0
1 797.0 487.0
1 1314.0 487.0
1 716.0 488.0
1 748.0 488.0
1 853.0 488.0
1 780.0 490.0
1 1108.0 490.0
1 724.0 491.0
1 754.0 491.0
1 897.0 491.0
1 939.0 491.0
1 1116.0 491.0
1 662.0 492.0
1 690.0 492.0
1 772.0 492.0
1 706.0 493.0
1 762.0 493.0
1 732.0 494.0
1 739.0 495.0
1 789.0 495.0
1 834.0 496.0
1 962.0 496.0
1 1031.0 496.0
1 1115.0 496.0
1 915.0 497.0
1 695.0 498.0
1 751.0 498.0
1 1076.0 498.0
1 709.0 499.0
1 1009.0 499.0
1 702.0 500.0
1 718.0 500.0
1 774.0 500.0
1 797.0 500.0
1 779.0 501.0
1 784.0 501.0
1 876.0 501.0
1 995.0 501.0
1 1026.0 501.0
1 757.0 502.0
1 690.0 503.0
1 695.0 503.0
1 852.0 503.0
1 930.0 503.0
1 709.0 504.0
1 953.0 504.0
1 1102.0 504.0
1 704.0 505.0
1 726.0 505.0
1 791.0 505.0
1 816.0 505.0
1 766.0 506.0
1 805.0 506.0
1 839.0 506.0
1 879.0 506.0
1 1001.0 506.0
1 716.0 507.0
1 744.0 507.0
1 1030.0 507.0
1 834.0 508.0
1 691.0 509.0
1 734.0 509.0
1 864.0 509.0
1 949.0 509.0
1 777.0 510.0
1 672.0 511.0
1 753.0 511.0
1 824.0 511.0
1 1079.0 511.0
1 462.0 512.0
1 618.0 512.0
1 724.0 512.0
1 790.0 512.0
1 812.0 512.0
1 710.0 513.0
1 921.0 513.0
1 687.0 514.0
1 696.0 514.0
1 742.0 514.0
1 898.0 516.0
1 963.0 516.0
1 704.0 517.0
1 732.0 517.0
1 912.0 517.0
1 1006.0 517.0
1 709.0 518.0
1 1110.0 518.0
1 751.0 519.0
1 784.0 519.0
1 852.0 520.0
1 662.0 521.0
1 740.0 521.0
1 671.0 522.0
1 689.0 522.0
1 828.0 522.0
1 718.0 523.0
1 729.0 523.0
1 960.0 523.0
1 981.0 523.0
1 864.0 524.0
1 795.0 525.0
1 838.0 525.0
1 920.0 525.0
1 930.0 525.0
1 913.0 526.0
1 620.0 527.0
1 647.0 527.0
1 707.0 527.0
1 908.0 527.0
1 935.0 527.0
1 680.0 528.0
1 790.0 528.0
1 940.0 528.0
1 664.0 529.0
1 737.0 529.0
1 818.0 529.0
1 992.0 529.0
1 837.0 530.0
1 885.0 530.0
1 903.0 530.0
1 672.0 532.0
1 1095.0 532.0
1 654.0 533.0
1 727.0 533.0
1 759.0 533.0
1 692.0 534.0
1 747.0 534.0
1 802.0 534.0
1 987.0 534.0
1 716.0 535.0
1 947.0 535.0
1 962.0 535.0
1 842.0 536.0
1 971.0 536.0
1 683.0 537.0
1 704.0 537.0
1 829.0 537.0
1 629.0 538.0
1 733.0 538.0
1 739.0 540.0
1 605.0 541.0
1 900.0 541.0
1 954.0 541.0
1 812.0 542.0
1 835.0 542.0
1 696.0 543.0
1 729.0 544.0
1 982.0 544.0
1 714.0 545.0
1 807.0 545.0
1 848.0 545.0
1 687.0 546.0
1 899.0 546.0
1 473.0 548.0
1 660.0 548.0
1 677.0 548.0
1 823.0 548.0
1 1019.0 548.0
1 1093.0 549.0
1 707.0 550.0
1 758.0 550.0
1 899.0 551.0
1 960.0 551.0
1 682.0 552.0
1 597.0 554.0
1 726.0 554.0
1 818.0 554.0
1 843.0 554.0
1 746.0 555.0
1 1043.0 555.0
1 1074.0 555.0
1 717.0 556.0
1 830.0 556.0
1 615.0 557.0
1 857.0 558.0
1 901.0 559.0
1 966.0 559.0
1 687.0 560.0
1 1036.0 560.0
1 1058.0 560.0
1 810.0 561.0
1 595.0 562.0
1 648.0 562.0
1 671.0 562.0
1 823.0 562.0
1 1100.0 562.0
1 653.0 563.0
1 738.0 563.0
1 754.0 563.0
1 791.0 564.0
1 903.0 564.0
1 765.0 565.0
1 781.0 565.0
1 718.0 566.0
1 1046.0 566.0
1 1073.0 566.0
1 594.0 567.0
1 845.0 568.0
1 967.0 568.0
1 1062.0 568.0
1 612.0 569.0
1 816.0 569.0
1 732.0 570.0
1 745.0 570.0
1 981.0 570.0
1 1031.0 571.0
1 593.0 572.0
1 641.0 572.0
1 655.0 573.0
1 773.0 573.0
1 789.0 574.0
1 625.0 575.0
1 738.0 575.0
1 910.0 575.0
1 968.0 575.0
1 859.0 577.0
1 1062.0 578.0
1 681.0 579.0
1 753.0 579.0
1 990.0 579.0
1 1055.0 579.0
1 966.0 580.0
1 589.0 581.0
1 833.0 581.0
1 1067.0 581.0
1 1033.0 583.0
1 612.0 584.0
1 747.0 584.0
1 753.0 585.0
1 782.0 585.0
1 963.0 585.0
1 1043.0 585.0
1 588.0 586.0
1 761.0 586.0
1 1056.0 586.0
1 620.0 587.0
1 912.0 587.0
1 1074.0 587.0
1 917.0 588.0
1 1024.0 588.0
1 384.0 590.0
1 735.0 590.0
1 873.0 590.0
1 959.0 590.0
1 587.0 591.0
1 263.0 592.0
1 646.0 592.0
1 754.0 592.0
1 952.0 592.0
1 1051.0 592.0
1 1015.0 595.0
1 1071.0 595.0
1 773.0 596.0
1 686.0 597.0
1 929.0 597.0
1 938.0 597.0
1 708.0 598.0
1 1079.0 598.0
1 854.0 600.0
1 1012.0 600.0
1 651.0 602.0
1 943.0 602.0
1 1083.0 603.0
1 1058.0 604.0
1 609.0 605.0
1 780.0 605.0
1 618.0 606.0
1 587.0 607.0
1 759.0 607.0
1 798.0 607.0
1 847.0 608.0
1 1011.0 608.0
1 1086.0 608.0
1 670.0 609.0
1 688.0 609.0
1 1071.0 609.0
1 1078.0 609.0
1 719.0 610.0
1 783.0 610.0
1 588.0 613.0
1 763.0 613.0
1 1013.0 613.0
1 878.0 614.0
1 787.0 615.0
1 974.0 615.0
1 1027.0 617.0
1 852.0 621.0
1 551.0 622.0
1 770.0 622.0
1 615.0 623.0
1 1056.0 623.0
1 1061.0 623.0
1 729.0 624.0
1 791.0 624.0
1 1024.0 624.0
1 590.0 625.0
1 712.0 625.0
1 680.0 626.0
1 1034.0 627.0
1 1039.0 627.0
1 1047.0 627.0
1 759.0 630.0
1 775.0 631.0
1 815.0 631.0
1 879.0 631.0
1 651.0 633.0
1 670.0 633.0
1 640.0 635.0
1 879.0 636.0
1 780.0 639.0
1 1054.0 640.0
1 878.0 641.0
1 626.0 642.0
1 617.0 643.0
1 877.0 646.0
1 659.0 647.0
1 1040.0 647.0
1 598.0 649.0
1 725.0 651.0
1 626.0 652.0
1 728.0 656.0
1 743.0 656.0
1 1083.0 656.0
1 479.0 657.0
1 873.0 658.0
1 703.0 660.0
1 722.0 662.0
1 861.0 662.0
1 867.0 663.0
1 606.0 664.0
1 714.0 664.0
1 734.0 665.0
1 1080.0 665.0
1 318.0 666.0
1 374.0 666.0
1 751.0 666.0
1 905.0 666.0
1 1044.0 666.0
1 404.0 668.0
1 609.0 669.0
1 684.0 669.0
1 74.0 671.0
1 730.0 671.0
1 752.0 671.0
1 865.0 671.0
1 171.0 672.0
1 441.0 672.0
1 361.0 673.0
1 639.0 674.0
1 717.0 674.0
1 708.0 675.0
1 734.0 677.0
1 903.0 678.0
1 759.0 679.0
1 8.0 681.0
1 709.0 681.0
1 1072.0 681.0
1 725.0 683.0
1 851.0 683.0
1 201.0 684.0
1 745.0 684.0
1 451.0 685.0
1 834.0 685.0
1 246.0 686.0
1 697.0 686.0
1 650.0 687.0
1 442.0 688.0
1 655.0 688.0
1 742.0 689.0
1 367.0 690.0
1 827.0 691.0
1 650.0 692.0
1 662.0 693.0
1 81.0 694.0
1 176.0 695.0
1 710.0 695.0
1 1001.0 697.0
1 666.0 698.0
1 763.0 698.0
1 656.0 699.0
1 340.0 702.0
1 670.0 703.0
1 160.0 704.0
1 315.0 704.0
1 661.0 704.0
1 679.0 708.0
1 764.0 708.0
1 202.0 710.0
1 1001.0 711.0
1 429.0 713.0
1 672.0 713.0
1 762.0 714.0
1 399.0 715.0
1 1043.0 717.0
1 696.0 719.0
1 751.0 719.0
1 762.0 719.0
1 1072.0 719.0
1 995.0 722.0
1 1042.0 722.0
1 710.0 724.0
1 717.0 726.0
1 740.0 726.0
1 756.0 726.0
1 684.0 727.0
1 662.0 728.0
1 726.0 728.0
1 1039.0 728.0
1 806.0 732.0
1 703.0 735.0
1 743.0 735.0
1 708.0 736.0
1 726.0 737.0
1 763.0 737.0
1 794.0 739.0
1 423.0 741.0
1 753.0 743.0
1 663.0 746.0
1 1061.0 750.0
1 701.0 751.0
1 706.0 754.0
1 722.0 759.0
1 727.0 759.0
1 732.0 760.0
1 863.0 760.0
1 1066.0 766.0
1 50.0 767.0
1 1224.0 782.0
1 697.0 786.0
1 881.0 786.0
1 378.0 789.0
1 1127.0 791.0
1 199.0 798.0
1 910.0 798.0
1 1326.0 810.0
1 168.0 811.0
1 771.0 819.0
1 113.0 820.0
1 95.0 832.0
1 292.0 833.0
1 1331.0 833.0
1 322.0 838.0
1 437.0 838.0
1 861.0 839.0
1 1403.0 839.0
1 324.0 851.0
1 412.0 852.0
1 217.0 853.0
1 135.0 856.0
1 735.0 857.0
1 425.0 861.0
1 414.0 862.0
1 438.0 862.0
1 495.0 863.0
1 631.0 863.0
1 170.0 864.0
1 541.0 864.0
1 615.0 864.0
1 996.0 864.0
1 335.0 866.0
1 730.0 866.0
1 160.0 867.0
1 743.0 868.0
1 479.0 869.0
1 687.0 870.0
1 232.0 872.0
1 495.0 874.0
1 250.0 875.0
1 640.0 878.0
1 441.0 883.0
1 421.0 884.0
1 554.0 884.0
1 490.0 894.0
1 236.0 895.0
1 726.0 895.0
1 757.0 895.0
1 767.0 896.0
1 1005.0 896.0
1 527.0 898.0
1 961.0 899.0
1 1023.0 899.0
1 502.0 901.0
1 685.0 901.0
1 308.0 903.0
1 550.0 903.0
1 759.0 903.0
1 672.0 905.0
1 1430.0 905.0
1 711.0 906.0
1 751.0 906.0
1 1129.0 906.0
1 650.0 908.0
1 610.0 911.0
1 541.0 912.0
1 940.0 912.0
1 962.0 912.0
1 753.0 914.0
1 635.0 918.0
1 499.0 919.0
1 967.0 919.0
1 976.0 920.0
1 711.0 921.0
1 751.0 923.0
1 311.0 924.0
1 610.0 924.0
1 944.0 925.0
1 1134.0 925.0
1 787.0 926.0
1 740.0 928.0
1 895.0 928.0
1 747.0 930.0
1 1441.0 933.0
1 1105.0 936.0
1 667.0 937.0
1 854.0 940.0
1 1293.0 940.0
1 726.0 941.0
1 1039.0 944.0
1 897.0 945.0
1 617.0 946.0
1 554.0 947.0
1 1119.0 947.0
1 1130.0 950.0
1 855.0 951.0
1 323.0 953.0
1 572.0 953.0
1 689.0 953.0
1 596.0 955.0
1 623.0 955.0
1 662.0 955.0
1 752.0 955.0
1 337.0 956.0
1 835.0 956.0
1 541.0 958.0
1 607.0 958.0
1 1066.0 958.0
1 1120.0 959.0
1 852.0 960.0
1 367.0 961.0
1 1082.0 961.0
1 656.0 962.0
1 875.0 962.0
1 580.0 963.0
1 807.0 963.0
1 272.0 964.0
1 23.0 966.0
1 531.0 966.0
1 790.0 967.0
1 1071.0 967.0
1 541.0 968.0
1 88.0 969.0
1 551.0 969.0
1 1000.0 969.0
1 729.0 972.0
1 748.0 973.0
1 762.0 975.0
1 829.0 978.0
1 705.0 979.0
1 520.0 983.0
1 649.0 983.0
1 807.0 983.0
1 55.0 984.0
1 668.0 984.0
1 217.0 985.0
1 740.0 985.0
1 775.0 985.0
1 75.0 988.0
1 266.0 990.0
1 785.0 990.0
1 699.0 991.0
1 795.0 991.0
1 828.0 991.0
1 883.0 991.0
1 930.0 991.0
