9 813 2640
0 0 -0.119328 -0.100807
1 0 -0.204774 -0.110294
0 1 -0.119328 -0.100807
1 1 -0.204774 -0.110294
0 2 -0.0598719 -0.100619
1 2 -0.235828 -0.109457
0 1 -0.0598719 -0.100619
0 3 -0.0091339 -0.0357466
1 3 -0.261529 -0.0413271
0 4 -0.0083604 -0.0915418
1 4 -0.154808 -0.102878
0 5 0.00714687 -0.0761129
1 5 -0.157927 -0.0873598
0 6 0.00714687 -0.0761129
1 6 -0.157927 -0.0873598
0 3 0.0234693 -0.0356861
0 5 0.038161 -0.0760679
0 6 0.038161 -0.0760679
0 5 0.0692679 -0.0759739
0 6 0.0692679 -0.0759739
0 7 0.0780378 -0.0505901
1 7 -0.274319 -0.0564925
0 8 0.0877098 -0.32359
1 8 -0.103686 -0.332885
0 3 0.088443 -0.0352875
0 9 0.116355 -0.239392
1 9 -0.0658262 -0.249414
0 10 0.121053 -0.0346751
1 10 -0.226862 -0.0425806
0 11 0.14818 -0.100948
1 11 -0.0313067 -0.116125
0 12 0.156594 0.172872
1 12 0.15412 0.124048
0 13 0.205304 0.00211496
1 13 0.142181 -0.0288961
0 14 0.299498 0.0591819
1 14 0.268221 0.0122947
0 15 0.31898 0.00788254
1 15 0.273802 -0.0324229
0 16 0.334671 0.0104599
1 16 0.287762 -0.030906
0 17 0.339071 0.0141919
1 17 0.291951 -0.0279128
0 18 0.369185 0.251705
1 18 0.356653 0.165561
0 19 0.375528 0.0360865
1 19 0.328622 -0.0124206
0 20 0.404038 -0.42227
1 20 0.275168 -0.402923
0 21 0.411682 0.110372
1 21 0.373596 0.0461435
0 22 0.41758 -0.0238528
1 22 0.34245 -0.0634963
0 23 0.421969 -0.0255575
1 23 0.345583 -0.0651579
0 24 0.423002 0.0699297
1 24 0.376983 0.0119943
0 25 0.428885 0.048039
1 25 0.384858 -0.00677466
0 26 0.435299 0.0704254
1 26 0.385962 0.0116843
0 27 0.435947 0.118527
1 27 0.394112 0.0508735
0 28 0.437581 0.0189444
1 28 0.381833 -0.0306292
0 29 0.4385 0.0500674
1 29 0.38987 -0.00545226
0 30 0.442918 -0.421152
1 30 0.257589 -0.403538
0 31 0.445332 0.0483518
1 31 0.396992 -0.00751225
0 32 0.455547 -0.420849
1 32 0.24208 -0.404765
0 33 0.460022 0.0298402
1 33 0.401559 -0.0227814
0 34 0.476212 -0.421102
1 34 0.239779 -0.405285
0 35 0.496299 0.210855
1 35 0.451758 0.118954
0 36 0.497489 -0.42102
1 36 0.255273 -0.40378
0 34 0.513721 -0.421037
0 37 0.520876 -0.423644
1 37 0.169219 -0.412882
0 38 0.541845 -0.42103
1 38 0.234959 -0.405725
0 34 0.54358 -0.421099
0 39 0.56975 -0.421001
1 39 0.200052 -0.408684
0 40 0.591679 -0.421106
1 40 0.184594 -0.41021
0 41 -0.540847 -0.0293695
1 41 -0.255764 0.222667
0 41 -0.540847 -0.0293695
0 41 -0.540847 -0.0293695
0 41 -0.540847 -0.0293695
0 34 0.412199 -0.421328
0 34 0.431296 -0.421203
0 42 0.448046 0.0196676
1 42 0.244898 -0.345707
0 34 0.452338 -0.421104
0 43 0.532726 0.0299866
1 43 0.444503 -0.0267803
0 44 0.532726 0.0299866
1 44 0.444503 -0.0267803
0 45 -0.446533 -0.179833
2 45 0.0231079 0.234253
0 46 0.0201887 -0.412273
2 46 -0.0326303 -0.400341
0 47 0.0201887 -0.412273
2 47 -0.0326303 -0.400341
0 48 0.303362 0.131619
2 48 0.30508 0.0770364
0 49 0.341269 0.229623
2 49 0.291014 0.141237
0 50 0.397972 -0.421354
2 50 0.124219 -0.40504
0 51 0.418902 0.068017
2 51 -0.275591 0.0753158
0 50 0.474709 -0.421056
2 36 0.150278 -0.403335
0 36 0.497564 -0.420969
0 36 0.501758 -0.42108
0 50 0.506639 -0.421099
0 52 0.507759 -0.420851
2 52 0.219266 -0.39937
0 36 0.517923 -0.420838
0 36 0.536521 -0.420892
0 36 0.536547 -0.420993
0 36 0.538167 -0.420894
0 36 0.550343 -0.420716
0 36 0.560587 -0.420692
0 36 0.566871 -0.42102
0 36 0.571537 -0.420889
0 50 0.577954 -0.421031
0 36 0.578749 -0.420711
0 36 0.590087 -0.42098
0 52 0.591694 -0.420709
0 52 0.59419 -0.420859
0 36 0.599315 -0.42091
0 53 0.613636 -0.421093
2 53 0.102858 -0.406415
0 54 0.231164 0.0964863
2 54 0.0593556 0.0894033
0 54 0.231164 0.0964863
0 55 0.282969 0.0433903
2 55 0.0780882 0.191925
0 55 0.28447 0.0468965
0 55 0.286326 0.0499108
0 55 0.293496 0.0564646
0 55 0.296785 0.0581923
0 56 0.31482 -0.0594402
2 56 0.0786554 0.192388
0 56 0.33838 -0.354593
0 56 0.360816 -0.354721
0 56 0.431685 -0.355706
0 57 0.526249 0.304596
2 57 -0.341279 0.189326
0 58 -0.594818 -0.365794
3 58 -0.0268693 0.144697
0 58 -0.540494 -0.362225
0 58 -0.363656 -0.356363
0 58 -0.359734 -0.355885
0 58 -0.352551 -0.355414
0 58 -0.286387 -0.35517
0 59 0.284136 0.190554
3 59 0.286387 0.137498
0 60 0.355289 0.205964
3 60 0.438191 0.132261
0 61 0.355289 0.205964
3 61 0.438191 0.132261
0 62 0.420223 -0.421299
3 62 -0.0250632 0.141156
0 60 0.421689 0.210623
0 62 0.495785 -0.421076
0 62 0.510844 -0.420846
0 62 0.525424 -0.420887
0 63 0.596447 0.232575
3 63 0.548647 0.131402
0 62 0.597582 -0.420871
0 64 0.220836 0.103057
3 64 0.370224 0.217508
0 65 0.515259 0.256308
3 65 0.0507734 0.0968613
0 66 -0.60392 -0.0625191
4 66 -0.390248 -0.13
0 67 -0.60392 -0.0625191
4 67 -0.390248 -0.13
0 68 -0.46128 -0.134164
4 68 -0.346981 -0.137375
0 69 -0.450792 -0.147541
4 69 -0.339901 -0.147243
0 70 -0.448969 -0.151374
4 70 -0.338601 -0.150137
0 71 -0.447739 -0.166767
4 71 -0.337081 -0.163366
0 72 -0.443428 -0.167022
4 72 -0.333669 -0.163504
0 73 -0.440138 -0.0921862
4 73 -0.33219 -0.101921
0 74 -0.427882 -0.0688145
4 74 -0.319669 -0.0843153
0 75 -0.426907 -0.0684896
4 75 -0.318728 -0.0842182
0 76 -0.424823 -0.0680584
4 76 -0.317164 -0.0837996
0 77 -0.422703 0.261157
4 77 -0.322062 0.180528
0 78 -0.422233 -0.0677747
4 78 -0.315124 -0.0832976
0 79 -0.417536 -0.0843702
4 79 -0.312177 -0.0962983
0 80 -0.415785 -0.000392613
4 80 -0.307112 -0.0306854
0 81 -0.413777 0.236907
4 81 -0.312567 0.161688
0 82 -0.409777 -0.0216286
4 82 -0.301845 -0.0477441
0 83 -0.405176 -0.0209238
4 83 -0.29827 -0.0469799
0 84 -0.403317 -0.0979874
4 84 -0.304463 -0.104778
0 85 -0.402498 0.258877
4 85 -0.307183 0.180908
0 86 -0.402498 0.258877
4 86 -0.307183 0.180908
0 87 -0.402233 -0.0164238
4 87 -0.296207 -0.0427075
0 88 -0.402233 -0.0164238
4 88 -0.296207 -0.0427075
0 89 -0.40195 0.243821
4 89 -0.305233 0.168608
0 90 -0.399676 0.331763
4 90 -0.320494 0.243022
0 91 -0.39944 -0.0230436
4 91 -0.293407 -0.0482986
0 92 -0.392266 0.261582
4 92 -0.300049 0.184333
0 93 -0.388672 0.17902
4 93 -0.282267 0.113421
0 94 -0.383714 0.253355
4 94 -0.292803 0.178633
0 95 -0.37997 0.0159387
4 95 -0.280059 -0.0150085
0 96 -0.372678 0.00110941
4 96 -0.273685 -0.0268912
0 97 -0.372597 -0.0798552
4 97 -0.27596 -0.0915556
0 98 -0.370287 -0.0780421
4 98 -0.273923 -0.08982
0 99 -0.370274 0.0753396
4 99 -0.270739 0.0330863
0 100 -0.370274 0.0753396
4 100 -0.270739 0.0330863
0 101 -0.368117 0.00114825
4 101 -0.270106 -0.0264794
0 102 -0.365745 0.120702
4 102 -0.26549 0.0691518
0 103 -0.365716 -0.0861902
4 103 -0.270272 -0.0967946
0 104 -0.36355 0.242495
4 104 -0.276623 0.171551
0 105 -0.363131 0.246182
4 105 -0.276448 0.174799
0 106 -0.363131 0.246182
4 106 -0.276448 0.174799
0 107 -0.362872 -0.165347
4 107 -0.269614 -0.160739
0 108 -0.362748 -0.0783254
4 108 -0.266628 -0.0904703
0 108 -0.361248 -0.0789707
0 109 -0.360519 0.00600251
4 109 -0.2635 -0.0222072
0 110 -0.360193 0.115755
4 110 -0.260723 0.0654343
0 110 -0.360108 0.115893
0 111 -0.359953 0.00876807
4 111 -0.263107 -0.0201195
0 112 -0.359888 -0.0799289
4 112 -0.265411 -0.0910595
0 113 -0.359672 -0.028372
4 113 -0.25941 -0.0521392
0 114 -0.359672 -0.0341558
4 114 -0.259232 -0.0571682
0 115 -0.358714 -0.171099
4 115 -0.265878 -0.165606
0 116 -0.358153 -0.0816211
4 116 -0.264138 -0.0926027
0 117 -0.358027 -0.156476
4 117 -0.265831 -0.152989
0 118 -0.355061 0.00597787
4 118 -0.258754 -0.0225998
0 119 -0.354811 0.0971794
4 119 -0.256371 0.0506319
0 120 -0.348657 0.0789781
4 120 -0.252789 0.0371643
0 121 -0.348653 -0.153391
4 121 -0.25825 -0.150475
0 122 -0.348273 0.264686
4 122 -0.267151 0.191321
0 123 -0.347557 -0.154581
4 123 -0.257283 -0.151297
0 124 -0.347039 0.264303
4 124 -0.266156 0.191149
0 125 -0.345689 -0.151358
4 125 -0.255769 -0.148813
0 126 -0.345632 0.117764
4 126 -0.248828 0.067637
0 127 -0.345558 -0.150163
4 127 -0.255511 -0.147656
0 128 -0.345558 -0.150163
4 128 -0.255511 -0.147656
0 129 -0.345149 0.115125
4 129 -0.248776 0.0658878
0 130 -0.344949 0.106541
4 130 -0.249081 0.0591734
0 131 -0.344914 0.11057
4 131 -0.248833 0.0624733
0 132 -0.344028 0.258615
4 132 -0.263248 0.186583
0 132 -0.343946 0.258594
0 133 -0.343821 0.10738
4 133 -0.24806 0.0600128
0 134 -0.342619 0.258949
4 134 -0.262164 0.187063
0 135 -0.341757 0.257586
4 135 -0.261346 0.186059
0 136 -0.33812 -0.0686944
4 136 -0.246317 -0.0821202
0 137 -0.335808 -0.142265
4 137 -0.246842 -0.141474
0 138 -0.335547 -0.153876
4 138 -0.246504 -0.151149
0 139 -0.332858 -0.0620583
4 139 -0.240745 -0.0775227
0 140 -0.330964 0.244793
4 140 -0.251178 0.176439
0 141 -0.330952 -0.0533397
4 141 -0.239714 -0.0697251
0 142 -0.330739 0.21202
4 142 -0.244776 0.148088
0 143 -0.330739 0.21202
4 143 -0.244776 0.148088
0 144 -0.325858 0.228232
4 144 -0.245631 0.163151
0 145 -0.324487 -0.124694
4 145 -0.236611 -0.127515
0 146 -0.324487 -0.124694
4 146 -0.236611 -0.127515
0 147 -0.315663 0.223187
4 147 -0.223912 0.154924
0 148 -0.314841 0.224797
4 148 -0.221477 0.155695
0 149 -0.314672 0.223751
4 149 -0.220831 0.154556
0 149 -0.311957 0.222492
0 150 -0.311075 0.2234
4 150 -0.232784 0.160356
0 151 -0.305513 0.252799
4 151 -0.231675 0.185549
0 147 -0.305075 0.218141
0 152 -0.305025 0.254014
4 152 -0.230967 0.186474
0 153 -0.304952 0.237632
4 153 -0.221116 0.169554
0 149 -0.301943 0.217579
0 149 -0.298668 0.215655
0 154 -0.297464 0.21605
4 154 -0.219845 0.15505
0 151 -0.297398 0.249129
0 155 -0.282718 0.241467
4 155 -0.230605 0.185279
0 156 -0.280379 0.0835038
4 156 -0.16196 0.0284791
0 157 -0.280068 0.219122
4 157 -0.205502 0.158954
0 158 -0.278796 0.209858
4 158 -0.202847 0.151118
0 159 -0.27615 0.218352
4 159 -0.20192 0.158552
0 160 -0.27131 0.215415
4 160 -0.197123 0.156403
0 161 -0.271232 0.21625
4 161 -0.197268 0.15715
0 162 -0.269918 0.21571
4 162 -0.195814 0.156732
0 163 -0.269757 0.22387
4 163 -0.197212 0.163777
0 164 -0.264677 0.218272
4 164 -0.19159 0.159318
0 165 -0.256912 0.195831
4 165 -0.179621 0.139839
0 166 -0.252573 0.205616
4 166 -0.178075 0.148865
0 167 -0.214558 0.134608
4 167 -0.124124 0.0846086
0 168 -0.197673 0.12917
4 168 -0.108377 0.0810161
0 169 -0.185501 0.336808
4 169 -0.162873 0.273679
0 170 -0.185501 0.336808
4 170 -0.162873 0.273679
0 171 -0.138696 0.0787483
4 171 -0.0895103 0.0568513
0 172 -0.118575 0.000698622
4 172 -0.00539239 -0.0382237
0 173 -0.110773 0.0522232
4 173 -0.0542079 0.0319451
0 174 -0.108498 0.000843582
4 174 0.00385554 -0.0376711
0 174 -0.107636 0.000520517
0 175 -0.104493 0.0517669
4 175 -0.0482434 0.0319371
0 176 -0.103735 -0.0988498
4 176 0.0322268 -0.13943
0 177 -0.0505666 0.179612
4 177 -0.0282435 0.154687
0 178 -0.0503051 0.154897
4 178 -0.0277177 0.1338
0 179 -0.0497248 0.249778
4 179 -0.0270355 0.213215
0 180 -0.0492517 0.204251
4 180 -0.0265518 0.174937
0 181 -0.0464975 -0.0837611
4 181 0.0828252 -0.120507
0 182 -0.0449897 0.198261
4 182 -0.0231891 0.17048
0 183 -0.0337329 0.40538
4 183 -0.0649834 0.353315
0 184 -0.0337329 0.40538
4 184 -0.0649834 0.353315
0 185 0.00111625 0.238407
4 185 0.0213425 0.208009
0 186 0.00619636 0.236389
4 186 0.0264459 0.206954
0 187 0.00621011 0.147939
4 187 0.0251439 0.13263
0 188 0.00685563 0.196536
4 188 0.0260695 0.173778
0 189 0.0273971 -0.397432
4 189 0.111504 -0.386856
0 190 0.0282759 -0.398416
4 190 0.112355 -0.387829
0 191 0.0282759 -0.398416
4 191 0.112355 -0.387829
0 192 0.036177 -0.396342
4 192 0.119737 -0.385581
0 193 0.036177 -0.396342
4 193 0.119737 -0.385581
0 194 0.0367338 -0.401616
4 194 0.120593 -0.390927
0 195 0.0379145 -0.402775
4 195 0.121877 -0.392039
0 196 0.0443325 0.226003
4 196 0.0634629 0.201735
0 197 0.0449299 0.18484
4 197 0.0639302 0.167139
0 198 0.0460564 0.22522
4 198 0.0646903 0.201519
0 198 0.046215 0.225165
0 199 0.0506142 -0.408669
4 199 0.1344 -0.397576
0 200 0.0506142 -0.408669
4 200 0.1344 -0.397576
0 201 0.0512591 -0.397286
4 201 0.134564 -0.386667
0 202 0.0512591 -0.397286
4 202 0.134564 -0.386667
0 203 0.0567171 0.38695
4 203 0.0148991 0.35054
0 204 0.0571299 -0.40271
4 204 0.140406 -0.391851
0 205 0.0571299 -0.40271
4 205 0.140406 -0.391851
0 206 0.0575259 -0.39621
4 206 0.14051 -0.3856
0 207 0.0614665 -0.396623
4 207 0.144368 -0.386018
0 208 0.0695104 -0.405915
4 208 0.152729 -0.395107
0 209 0.0695104 -0.405915
4 209 0.152729 -0.395107
0 210 0.0695104 -0.405915
4 210 0.152729 -0.395107
0 211 0.0707874 -0.402523
4 211 0.153826 -0.391767
0 212 0.0707874 -0.402523
4 212 0.153826 -0.391767
0 213 0.0720651 -0.393099
4 213 0.154651 -0.382928
0 214 0.0727757 -0.406518
4 214 0.155914 -0.395607
0 215 0.0737523 -0.408775
4 215 0.156743 -0.397989
0 216 0.074503 -0.397106
4 216 0.157117 -0.386579
0 217 0.074503 -0.397106
4 217 0.157117 -0.386579
0 218 0.0762195 -0.402915
4 218 0.159193 -0.392358
0 219 0.0832389 -0.0753359
4 219 0.206341 -0.103068
0 220 0.0917145 0.203083
4 220 0.115585 0.185181
0 221 0.0974865 0.0081809
4 221 0.196345 -0.0137229
0 222 0.099785 0.00269938
4 222 0.198902 -0.0189394
0 223 0.104644 0.00421913
4 223 0.203213 -0.0169568
0 224 0.116908 0.196033
4 224 0.141299 0.181453
0 225 0.117811 0.194975
4 225 0.142341 0.180475
0 226 0.131273 -0.0755442
4 226 0.254611 -0.100339
0 227 0.170386 0.00225181
4 227 0.269099 -0.0134627
0 228 0.178199 0.179809
4 228 0.193067 0.176348
0 229 0.17991 -0.0686882
4 229 0.303064 -0.0894788
0 230 0.180921 0.15713
4 230 0.199639 0.155347
0 231 0.183783 -0.033983
4 231 0.295903 -0.0512982
0 232 0.223121 0.164062
4 232 0.234141 0.168296
0 233 0.249062 0.0835322
4 233 0.270536 0.0957152
0 234 0.272136 0.14984
4 234 0.277739 0.162665
0 235 0.292005 0.0194735
4 235 0.320674 0.0396253
0 236 0.299076 -0.0278479
4 236 0.335697 -0.00650666
4 14 0.318214 0.0799174
0 237 0.303012 0.131116
4 237 0.306989 0.149806
0 238 0.312629 -0.0432375
4 238 0.35464 -0.0216889
0 239 0.319037 0.169105
4 239 0.315135 0.188085
0 240 0.319037 0.169105
4 240 0.315135 0.188085
0 241 0.322841 0.0444386
4 241 0.34233 0.0686977
0 242 0.332511 0.0268673
4 242 0.356681 0.0519562
0 243 0.338424 0.174677
4 243 0.331041 0.196531
0 244 0.338424 0.174677
4 244 0.331041 0.196531
0 245 0.346676 0.0359896
4 245 0.365664 0.0637282
0 246 0.34809 0.229768
4 246 0.331794 0.2493
0 247 0.34809 0.229768
4 247 0.331794 0.2493
0 248 0.360838 -0.0153395
4 248 0.394918 0.0124724
0 249 0.36151 -0.0155736
4 249 0.39569 0.0122126
0 250 0.366949 -0.0168504
4 250 0.4012 0.0114282
0 251 0.366949 -0.0168504
4 251 0.4012 0.0114282
0 252 0.388808 0.00560787
4 252 0.414492 0.0378977
0 253 0.389747 0.00529512
4 253 0.415556 0.0378045
0 254 0.403745 -0.0388586
4 254 0.446592 -0.00817253
0 255 0.407081 -0.0230941
4 255 0.443592 0.00951505
0 256 0.424318 -0.0281409
4 256 0.462262 0.00611331
0 257 0.424318 -0.0281409
4 257 0.462262 0.00611331
0 256 0.424804 -0.0286841
0 257 0.424804 -0.0286841
0 258 0.432661 -0.00452495
4 258 0.460243 0.0330039
0 259 0.432661 -0.00452495
4 259 0.460243 0.0330039
0 260 0.47957 0.0157561
4 260 0.49999 0.0603466
0 261 0.48747 0.00849377
4 261 0.510125 0.0540458
0 262 0.491974 0.00610627
4 262 0.516193 0.0516917
0 263 0.497321 0.0409346
4 263 0.508704 0.0893094
0 264 0.50049 0.0381194
4 264 0.512868 0.0866915
0 265 0.505023 0.0397007
4 265 0.516946 0.0889941
0 266 0.535797 0.027106
4 266 0.55392 0.0797989
0 267 -0.324367 -0.0780179
4 267 0.163897 0.0551276
0 268 0.40741 0.109068
4 268 0.295989 0.0952326
0 268 0.412652 0.110668
0 268 0.416875 0.111926
0 268 0.420705 0.113099
0 268 0.422233 0.113633
0 268 0.423973 0.114091
0 268 0.431044 0.116602
0 269 0.434278 0.303529
4 269 0.292269 0.0959402
0 269 0.446643 0.307951
0 270 -0.348494 -0.0987026
5 270 0.0208522 0.0913281
0 271 -0.345586 0.189847
5 271 -0.136557 0.156093
5 177 0.0525079 0.0127225
0 177 0.194923 0.124612
0 272 0.195072 0.125679
5 272 0.231389 0.00637285
0 273 0.195072 0.125679
5 273 0.231389 0.00637285
0 273 0.196954 0.123951
0 177 0.200437 0.119568
0 177 0.200486 0.119618
0 177 0.201651 0.118744
0 177 0.202752 0.117708
0 177 0.207877 0.11342
0 274 0.210277 0.112515
5 274 0.233319 0.0073208
0 275 0.210277 0.112515
5 275 0.233319 0.0073208
0 177 0.210363 0.111498
0 177 0.211269 0.110598
0 177 0.21346 0.108859
0 177 0.215303 0.107338
0 177 0.216495 0.106521
0 177 0.217741 0.105499
0 272 0.220754 0.104253
0 273 0.220754 0.104253
0 177 0.221855 0.104406
0 273 0.222852 0.102617
0 177 0.223823 0.1028
0 177 0.226485 0.10098
0 177 0.227575 0.100184
0 177 0.231059 0.0955425
0 177 0.233345 0.0938378
0 177 0.234931 0.094908
0 177 0.237748 0.0908462
0 177 0.430282 -0.00563225
0 276 0.432911 0.0653454
5 276 -0.451158 0.222332
0 277 0.541299 -0.0241564
5 277 0.19069 -0.0265664
0 278 0.0470336 0.207042
5 278 0.0252399 0.0475037
0 279 0.319995 0.232318
5 279 0.404612 0.221344
0 280 0.338862 0.0468248
5 280 0.150996 0.0361834
0 280 0.34382 0.0372381
0 280 0.385021 -0.421316
0 280 0.399531 -0.420969
0 280 0.40196 -0.420632
0 280 0.427669 -0.420873
0 280 0.478238 -0.420546
0 281 0.587816 0.256733
5 281 0.427305 0.183056
0 282 -0.408846 -0.182909
6 282 0.0944396 0.0159919
0 283 -0.38452 -0.116307
6 283 -0.497245 -0.218342
0 282 -0.363505 0.0399813
0 282 0.0288758 -0.392579
0 282 0.0289468 -0.392509
0 282 0.0313046 -0.393489
0 284 0.158408 0.169101
6 284 -0.307646 0.0748556
6 177 0.0935136 0.0163276
0 282 0.196093 0.123278
0 282 0.203712 0.116998
0 177 0.250341 0.082897
0 177 0.320333 0.26532
0 177 0.328195 0.268184
0 177 0.331256 0.269477
0 177 0.336364 0.272056
0 285 0.353805 0.27714
6 285 0.0287992 0.0377365
0 177 0.361081 0.280321
0 177 0.367506 0.283319
0 177 0.377538 0.287348
0 282 0.383573 0.00823888
0 286 0.388473 0.10414
6 286 0.0996945 0.0140586
0 177 0.391018 0.291438
6 268 0.098722 0.0142153
0 282 0.436288 0.0204151
0 177 0.475878 0.322017
0 177 0.483 0.32449
0 287 0.547954 -0.423516
6 287 0.184001 -0.0357357
0 288 -0.138781 0.125515
6 288 0.141271 -0.0176377
0 289 0.335711 0.178854
6 289 0.133719 0.106378
6 280 -0.142703 -0.0170596
0 280 0.404577 -0.420829
0 280 0.415319 -0.42129
0 280 0.440595 -0.421151
0 280 0.483682 -0.421016
0 290 0.488733 0.195386
6 290 -0.249648 0.117234
0 280 0.606177 -0.420906
0 291 -0.453366 -0.147366
7 291 -0.384215 -0.191644
0 292 -0.453366 -0.147366
7 292 -0.384215 -0.191644
7 70 -0.380196 -0.195624
0 293 -0.440933 0.350013
7 293 -0.408674 0.251091
0 294 -0.436916 -0.133178
7 294 -0.370993 -0.18137
7 76 -0.364286 -0.115509
7 79 -0.356817 -0.131219
0 295 -0.415406 -0.0723518
7 295 -0.355722 -0.119785
7 84 -0.343598 -0.147156
0 296 -0.402354 -0.0741466
7 296 -0.343691 -0.121622
0 297 -0.399434 -0.0893111
7 297 -0.340459 -0.137634
0 298 -0.394602 -0.0159256
7 298 -0.340176 -0.0619414
0 299 -0.394453 -0.0631977
7 299 -0.33727 -0.111851
0 300 -0.393208 -0.101059
7 300 -0.3344 -0.148517
0 301 -0.390617 -0.057799
7 301 -0.334527 -0.106768
0 302 -0.38937 -0.0660868
7 302 -0.332886 -0.114989
0 303 -0.381166 0.07819
7 303 -0.333792 0.0302183
0 304 -0.379779 0.0482364
7 304 -0.330399 0.00102872
0 305 -0.377313 -0.129708
7 305 -0.318702 -0.174293
0 306 -0.374689 0.00977574
7 306 -0.324012 -0.0372589
0 307 -0.3737 -0.126142
7 307 -0.315542 -0.170243
0 308 -0.373608 -0.0809079
7 308 -0.31792 -0.124738
7 97 -0.317032 -0.123911
0 309 -0.372309 -0.0975461
7 309 -0.315699 -0.140914
7 98 -0.31508 -0.122
0 310 -0.370168 0.183979
7 310 -0.329693 0.140751
0 311 -0.368848 0.0570957
7 311 -0.321301 0.0108806
7 101 -0.317419 -0.0446641
0 312 -0.367733 -0.0769209
7 312 -0.312771 -0.120703
0 313 -0.367012 0.0761528
7 313 -0.320725 0.0289482
0 314 -0.364852 0.0859149
7 314 -0.319271 0.0391493
7 109 -0.310829 -0.0389798
0 315 -0.360234 0.0486401
7 315 -0.313077 0.0012489
0 316 -0.359639 0.0588674
7 316 -0.312662 0.0138931
0 317 -0.35793 -0.129618
7 317 -0.301585 -0.173024
0 318 -0.355422 -0.076915
7 318 -0.301784 -0.119432
0 319 -0.354202 0.00792698
7 319 -0.305164 -0.0361512
0 320 -0.353931 0.0895453
7 320 -0.309384 0.0442614
0 321 -0.351557 -0.0215159
7 321 -0.30109 -0.0610431
0 322 -0.351154 0.0750168
7 322 -0.306022 0.02995
0 323 -0.34871 0.0193572
7 323 -0.300653 -0.0221913
7 120 -0.304003 0.033802
0 324 -0.346096 -0.063851
7 324 -0.293917 -0.106514
0 325 -0.345601 0.132843
7 325 -0.303339 0.0954353
0 326 -0.344924 0.0793748
7 326 -0.300372 0.034155
0 327 -0.342691 -0.0854612
7 327 -0.289999 -0.125768
0 328 -0.340671 0.152509
7 328 -0.300604 0.10308
0 329 -0.335929 -0.155357
7 329 -0.280557 -0.191614
0 330 -0.335659 -0.156033
7 330 -0.280304 -0.192125
7 138 -0.280241 -0.190149
0 331 -0.33481 0.098809
7 331 -0.292036 0.0584693
0 332 -0.333741 -0.118418
7 332 -0.280568 -0.158638
0 333 -0.32987 -0.0560895
7 333 -0.279653 -0.0962417
0 334 -0.32987 -0.0560895
7 334 -0.279653 -0.0962417
0 333 -0.329864 -0.0561568
0 334 -0.329864 -0.0561568
0 335 -0.328668 -0.0956395
7 335 -0.27663 -0.134113
0 335 -0.32826 -0.0943403
0 336 -0.325048 -0.0967222
7 336 -0.273601 -0.135728
7 145 -0.27182 -0.162162
7 146 -0.27182 -0.162162
0 337 -0.272851 0.205739
7 337 -0.240174 0.158169
0 338 -0.10392 0.116488
7 338 -0.0791083 0.0645617
0 339 -0.101716 0.132355
7 339 -0.0781403 0.0746264
0 340 -0.0974669 0.226228
7 340 -0.0756624 0.168818
0 341 0.0347329 0.228696
7 341 0.0539225 0.182614
7 215 0.0958165 -0.381023
7 222 0.131828 0.0300151
0 342 0.119274 -0.0207426
7 342 0.151673 0.010451
0 343 0.176455 0.142923
7 343 0.194711 0.10908
0 344 0.273221 -0.0111375
7 344 0.287677 -0.0334713
0 345 0.315616 0.00664707
7 345 0.327552 -0.0230323
0 346 0.345557 0.0380134
7 346 0.356365 0.000420895
0 347 0.4257 -0.0295929
7 347 0.434156 -0.0575315
0 348 0.432818 0.119387
7 348 0.440975 0.0629325
0 349 0.471353 0.161306
7 349 0.478092 0.0932521
0 350 0.472916 0.0354279
7 350 0.479687 -0.00959962
0 351 0.544134 0.302128
7 351 0.564143 0.24077
0 352 -0.360882 0.0794414
7 352 -0.31661 -0.220969
0 353 -0.0503051 0.154897
7 353 -0.0293014 0.0942715
7 178 -0.0293014 0.0942715
7 225 -0.218154 0.192548
7 280 -0.29512 0.172078
0 280 0.407486 -0.421231
0 280 0.502859 -0.423241
0 354 -0.417616 -0.0709577
8 354 -0.355668 -0.116455
0 355 -0.408003 -0.115128
8 355 -0.329153 -0.169579
8 84 -0.326133 -0.150174
8 97 -0.31325 -0.123113
0 356 -0.371375 -0.0788628
8 356 -0.312399 -0.121969
8 98 -0.311552 -0.121006
8 312 -0.309412 -0.119524
0 357 -0.275146 0.205631
8 357 -0.349084 0.250012
0 358 0.154688 0.105477
8 358 0.0964142 0.0739839
0 359 0.263302 0.201503
8 359 0.243894 0.119051
0 360 0.29171 0.162872
8 360 0.260923 0.0829379
0 361 0.29888 0.230901
8 361 0.27979 0.135709
0 362 0.299038 0.180164
8 362 0.270622 0.0951841
0 363 0.306483 0.197717
8 363 0.280155 0.107727
0 364 0.315923 0.174293
8 364 0.28286 0.0873334
0 365 0.319156 0.236392
8 365 0.297624 0.13551
0 366 0.319538 0.222481
8 366 0.295576 0.124645
0 367 0.331728 0.180156
8 367 0.297006 0.0890322
0 368 0.331728 0.180156
8 368 0.297006 0.0890322
0 369 0.335711 0.178854
8 369 0.300162 0.0877879
8 49 0.314672 0.125879
0 370 0.342119 0.161414
8 370 0.301401 0.0731102
0 371 0.344917 0.194551
8 371 0.3112 0.0979671
0 372 0.353215 0.212859
8 372 0.321389 0.110546
0 373 0.35624 0.161895
8 373 0.313229 0.0708393
0 374 0.356778 0.23457
8 374 0.328157 0.126692
0 375 0.368943 0.201956
8 375 0.331714 0.0991726
0 376 0.377428 0.220615
8 376 0.342031 0.111907
0 377 0.378831 0.103732
8 377 -0.0159093 0.190322
0 378 0.430209 0.1834
8 378 0.374796 0.0745478
0 379 0.441919 0.123502
8 379 0.282694 0.0747277
0 380 0.452881 0.195778
8 380 0.394165 0.0799367
0 381 0.456515 0.191484
8 381 0.395979 0.0758605
0 382 -0.317035 0.0790284
8 382 -0.608803 -0.361842
0 383 0.0167849 0.140609
8 383 -0.348808 0.10589
0 384 0.302875 0.222043
8 384 0.187726 0.0464485
8 280 -0.356905 0.134758
1 385 -0.521063 -0.398819
2 385 -0.550709 -0.374468
1 386 -0.349941 0.112712
2 386 -0.322272 0.15264
1 387 -0.346945 0.116844
2 387 -0.318892 0.156906
1 388 -0.33588 0.115574
2 388 -0.307593 0.155566
1 389 -0.237637 0.0807484
2 389 -0.243054 0.089398
2 6 -0.1902 -0.097984
1 390 -0.149129 -0.0813262
2 390 -0.18112 -0.0921257
1 391 -0.121937 -0.0948267
2 391 -0.155416 -0.10735
1 392 -0.118235 -0.082238
2 392 -0.150841 -0.0947949
1 393 -0.0862293 0.0598203
2 393 -0.0718979 0.0854153
1 394 -0.0835925 0.0621067
2 394 -0.0693892 0.0876609
1 395 -0.059455 -0.08506
2 395 -0.0935238 -0.100491
1 396 -0.0116662 0.192174
2 396 0.00630938 0.209303
1 397 -0.00183775 -0.0866123
2 397 -0.0373773 -0.104233
1 398 -0.00113087 -0.0161123
2 398 -0.0272692 -0.0272944
1 399 -0.000945353 -0.0290307
2 399 -0.0282259 -0.040985
1 400 0.00433151 -0.0404445
2 400 -0.024386 -0.0529677
1 401 0.0168146 0.217147
2 401 0.0298484 0.227
1 402 0.0184633 0.218869
2 402 0.0313452 0.227732
1 403 0.018467 0.0249843
2 403 0.0188261 0.0393566
1 404 0.0294117 -0.0305643
2 404 0.00063918 -0.0440624
1 405 0.0294972 -0.0183711
2 405 0.00162549 -0.0315918
1 406 0.0553523 0.0382891
2 406 0.0569953 0.0532509
1 407 0.0884734 0.0954507
2 407 0.0904782 0.107227
1 408 0.0891896 -0.0221595
2 408 0.0582315 -0.038335
1 409 0.0891896 -0.0221595
2 409 0.0582315 -0.038335
1 410 0.102665 -0.0342836
2 410 0.0706705 -0.0510251
1 411 0.146444 -0.0259831
2 411 0.11197 -0.0449686
1 412 0.161181 0.136388
2 412 0.151249 0.133134
1 413 0.180052 0.0946086
2 413 0.16816 0.0935237
1 414 0.235586 0.119019
2 414 0.220908 0.115836
1 415 0.252146 -0.079944
2 415 0.228272 -0.0785021
1 416 0.276473 0.126012
2 416 0.259028 0.121268
1 417 0.294346 0.0877825
2 417 0.274915 0.0848393
1 418 0.297102 0.129402
2 418 0.278199 0.124024
1 419 0.304409 0.103557
2 419 0.284621 0.0992603
1 420 0.304409 0.103557
2 420 0.284621 0.0992603
1 421 0.306004 0.0922184
2 421 0.285811 0.0884345
1 422 0.307848 0.110061
2 422 0.287867 0.105287
1 423 0.321636 0.106319
2 423 0.3003 0.1014
1 424 0.323556 -0.0349777
2 424 0.297069 -0.0356326
1 425 0.32435 0.0855489
2 425 0.302374 0.081868
1 426 0.333389 -0.0664233
2 426 0.30391 -0.0683497
1 427 0.333389 -0.0664233
2 427 0.30391 -0.0683497
1 428 0.339157 0.13652
2 428 0.317096 0.129653
1 429 0.342199 0.111895
2 429 0.319596 0.106252
1 430 0.350191 -0.0442783
2 430 0.321146 -0.0455446
1 431 0.360464 0.140164
2 431 0.336561 0.132366
1 432 0.382047 0.143705
2 432 0.356324 0.135166
1 433 0.386831 0.200123
2 433 0.361145 0.186426
1 434 0.397338 0.107919
2 434 0.36994 0.101289
1 435 0.407141 0.121895
2 435 0.378713 0.114402
1 436 0.428112 -0.0104565
2 436 0.393957 -0.0135542
1 437 0.429007 0.145748
2 437 0.398915 0.135713
1 438 0.434484 0.0925355
2 438 0.407055 0.0919031
1 438 0.436451 0.0955739
1 439 0.438509 0.140326
2 439 0.407492 0.130525
1 440 0.448253 0.154886
2 440 0.416347 0.143769
1 441 0.462906 0.191374
2 441 0.4285 0.174909
1 442 0.583248 -0.0737095
2 442 0.507517 -0.115474
1 385 -0.592999 -0.406136
1 385 -0.582982 -0.404401
1 385 -0.553135 -0.402345
1 385 -0.529663 -0.399907
1 385 -0.507143 -0.396682
1 385 -0.497771 -0.396933
1 385 -0.480362 -0.39474
1 385 -0.451597 -0.392448
1 385 -0.413096 -0.389165
1 385 -0.333514 -0.382738
1 443 -0.320239 0.15782
2 443 0.545348 0.00756774
1 444 0.239425 0.0948417
2 444 0.223736 0.0929491
1 445 0.507806 0.0647483
2 445 0.0853888 0.178369
1 62 0.165079 -0.411921
1 62 0.192781 -0.409426
1 62 0.214532 -0.407463
1 62 0.229509 -0.406012
1 62 0.230938 -0.406053
1 62 0.236333 -0.405601
1 62 0.248188 -0.404379
1 446 0.256524 -0.0254577
3 446 -0.274745 -0.0733818
1 62 0.264441 -0.402886
1 62 0.287657 -0.400856
1 62 0.317664 -0.398054
1 65 0.405507 0.0564769
1 65 0.410789 0.0606514
1 65 0.412163 0.0619968
1 65 0.413478 0.063336
1 65 0.414481 0.0643943
1 65 0.416742 0.0669483
1 65 0.421767 0.073279
1 65 0.425509 0.0804405
1 65 0.425555 0.0784699
1 65 0.429185 0.0836512
1 65 0.429812 0.0845444
1 65 0.432648 0.0886869
1 65 0.434878 0.0920837
1 65 0.436919 0.0951841
1 65 0.438657 0.0977705
1 65 0.4599 0.133917
1 65 0.463063 0.140606
1 65 0.464064 0.143086
1 65 0.466184 0.148548
1 65 0.466762 0.150071
1 65 0.46721 0.151475
1 447 0.508342 0.147913
3 447 -0.165599 0.0353699
1 58 -0.535237 -0.400526
1 448 -0.293076 0.234786
3 448 -0.34017 0.233744
1 449 -0.293076 0.234786
3 449 -0.34017 0.233744
1 62 0.175473 -0.411062
1 450 0.50783 0.151447
3 450 -0.300062 -0.00563414
1 451 -0.0154413 -0.4153
4 451 0.119543 -0.387006
1 452 0.162927 -0.413439
4 452 0.616223 -0.414091
4 62 0.584192 -0.411697
1 452 0.167023 -0.413109
4 37 0.623733 -0.414209
1 452 0.174955 -0.412428
4 62 0.560939 -0.411787
1 452 0.181221 -0.411997
4 40 0.604725 -0.411901
1 453 0.192257 -0.410995
4 453 0.649711 -0.414217
1 62 0.207792 -0.408022
1 454 0.21157 -0.40923
4 454 0.587168 -0.413948
4 62 0.558737 -0.411803
1 452 0.231503 -0.407545
1 453 0.240374 -0.406808
1 453 0.241997 -0.406635
1 453 0.249855 -0.405984
1 62 0.269196 -0.402588
1 62 0.270419 -0.402435
1 455 0.27139 -0.404221
4 455 0.635207 -0.414217
4 20 0.574595 -0.412674
1 62 0.276446 -0.402038
1 456 0.298761 0.126303
4 456 0.410258 0.219627
1 37 0.300021 -0.401666
1 457 0.335788 -0.397397
4 457 -0.416299 -0.413611
4 65 0.298632 0.0966783
1 458 0.459763 -0.0433715
4 458 0.358977 -0.0395809
1 459 0.0236674 -0.363258
4 459 0.559936 -0.411758
1 459 0.0250508 -0.364007
1 62 0.305055 -0.39897
1 460 0.305279 0.107838
4 460 0.31503 0.192403
1 461 0.305279 0.107838
4 461 0.31503 0.192403
1 62 0.312341 -0.398358
1 62 0.313863 -0.398148
1 462 0.316681 0.111388
4 462 0.324596 0.200168
1 177 -0.148369 0.0312673
1 177 -0.148189 0.0313151
1 177 -0.137474 0.0303052
1 177 -0.124291 0.0295729
1 177 -0.0166156 -0.409794
1 177 -0.0159342 -0.406046
1 177 -0.0155438 -0.405135
1 177 -0.014739 -0.401427
1 177 -0.0144812 -0.403265
1 177 -0.0126314 -0.420202
1 177 0.0594186 0.0175501
1 177 0.0769617 0.0166414
1 177 0.0909833 0.0158579
1 177 0.135487 0.00457704
1 177 0.178237 0.160484
1 177 0.192806 0.0675125
1 177 0.207243 0.165754
1 177 0.217723 0.0472975
1 177 0.218019 0.0453466
1 177 0.221994 0.0421291
1 177 0.222891 0.0414832
1 177 0.22661 0.0387452
1 177 0.27752 0.178956
1 177 0.305735 0.184302
1 177 0.31904 0.18647
1 177 0.347842 0.19202
1 177 0.36676 0.194971
1 177 0.374642 0.197311
1 177 0.384781 0.0483165
1 177 0.386828 0.0488272
1 177 0.388899 0.0493867
1 177 0.391469 0.0500609
1 177 0.393151 0.0505521
1 177 0.395323 0.0512027
1 177 0.396151 0.201926
1 463 0.404802 0.057278
5 463 0.111213 0.0654997
5 65 0.111767 0.0642205
1 177 0.416242 0.205658
1 65 0.439996 0.0998941
1 177 0.442594 0.209486
1 65 0.445272 0.108277
1 65 0.447061 0.111122
1 65 0.448467 0.113427
1 65 0.449123 0.114576
1 65 0.451195 0.118018
1 463 0.462495 0.142801
1 177 0.465508 0.144336
1 464 0.485367 -0.00233576
5 464 0.453549 0.114121
1 465 0.2673 0.0119897
5 465 0.131176 0.0451171
1 280 0.301078 -0.000895248
1 466 0.383901 -0.0305535
5 466 0.13586 0.0780431
1 65 0.388204 0.0497582
1 65 0.407324 0.0578069
1 65 0.426228 0.0794263
1 65 0.434113 0.090873
1 65 0.456691 0.127719
1 65 0.457273 0.12874
1 65 0.459355 0.132725
1 65 0.461444 0.137227
1 65 0.462004 0.138318
1 65 0.46254 0.139453
1 65 0.463618 0.141788
1 65 0.464983 0.145336
1 467 0.243286 0.170644
6 467 -0.197155 0.145853
1 468 0.27632 0.0317776
6 468 0.147315 0.0151675
1 468 0.288566 0.0333788
1 468 0.323882 0.0385035
6 65 0.13656 0.0137063
6 65 0.133604 0.0131601
6 65 0.128114 0.0121438
1 469 0.414273 0.065694
6 469 0.142422 0.0148926
1 470 0.417772 0.0681197
6 470 0.137666 0.0139676
1 469 0.422031 0.0755609
1 469 0.424047 0.0783921
1 65 0.42432 0.076768
1 471 0.424923 0.0775001
6 471 0.125124 0.0116612
1 469 0.427232 0.0829885
1 470 0.430763 0.0859059
1 65 0.433226 0.0895378
1 65 0.436294 0.0941353
1 65 0.442439 0.103776
1 65 0.452415 0.120165
1 65 0.453064 0.121269
1 65 0.454425 0.123678
1 472 0.0961685 -0.419398
6 472 0.426441 0.143617
1 472 0.10307 -0.418844
1 472 0.183536 0.0773198
1 472 0.18432 0.076529
1 472 0.188085 0.0728502
1 472 0.19185 0.0692716
1 473 0.194034 0.0672011
6 473 0.426441 0.143617
1 472 0.194034 0.0672011
1 473 0.195262 0.0660835
1 472 0.195262 0.0660835
1 473 0.196809 0.0646197
1 472 0.196809 0.0646197
1 473 0.198266 0.0632994
1 472 0.198266 0.0632994
1 473 0.201922 0.0599969
1 472 0.201922 0.0599969
1 473 0.204789 0.0574057
1 472 0.204789 0.0574057
1 473 0.2071 0.0554067
1 472 0.2071 0.0554067
1 473 0.210855 0.0521036
1 472 0.210855 0.0521036
1 473 0.214032 0.0494267
1 472 0.214032 0.0494267
1 473 0.214962 0.0486365
1 472 0.214962 0.0486365
1 473 0.220054 0.0445025
1 472 0.220054 0.0445025
1 474 -0.596225 -0.406388
7 474 0.348307 0.214542
1 474 -0.55912 -0.402944
1 474 -0.49892 -0.396949
1 474 -0.406277 -0.38878
1 475 -0.29362 -0.195051
7 475 0.346075 0.21258
1 474 -0.259309 -0.377475
7 393 -0.095365 0.0385353
1 476 0.164938 0.15649
7 476 0.452405 0.24019
1 477 0.171147 0.157478
7 477 0.439285 0.236855
1 478 0.188935 0.160673
7 478 0.243821 0.187657
1 479 0.190606 0.160847
7 479 0.403598 0.22803
1 480 0.214545 0.165422
7 480 0.240369 0.187339
1 481 0.229535 0.168295
7 481 0.445567 0.238468
1 482 0.236774 0.169308
7 482 0.473478 0.245514
1 483 0.238916 0.169658
7 483 0.268772 0.193663
1 484 0.241096 0.170814
7 484 0.329347 0.209819
1 485 0.264499 0.174713
7 485 0.304256 0.202659
1 486 0.287311 0.17878
7 486 0.262486 0.192292
1 487 0.295076 0.180413
7 487 0.485769 0.249123
1 488 0.295592 0.180235
7 488 0.350846 0.214438
1 489 0.298057 0.181486
7 489 0.40779 0.230304
1 490 0.319791 0.0905514
7 490 0.45881 0.0704272
1 491 0.323609 -0.0757234
7 491 0.416076 -0.015402
1 491 0.323611 -0.0756764
1 482 0.333575 0.187557
1 492 0.339424 0.188318
7 492 0.461071 0.242333
1 481 0.341668 0.188746
1 493 0.354822 0.192173
7 493 0.44849 0.240387
1 494 0.360062 0.192347
7 494 0.422715 0.232708
7 177 0.48237 0.249559
1 495 0.371522 0.194597
7 495 0.478314 0.247045
1 496 0.396733 0.198918
7 496 0.454249 0.240565
1 497 0.39846 0.19946
7 497 0.413653 0.230474
1 492 0.436593 0.206102
1 478 0.453913 0.209594
1 498 0.515145 0.126656
7 498 0.609961 0.183341
1 280 -0.019943 -0.414983
1 280 -0.0178896 -0.401192
1 280 -0.0127086 -0.386312
1 499 0.0162923 0.0235705
7 499 -0.282182 0.169189
1 500 0.176368 0.109073
7 500 0.199511 0.121399
1 280 0.282963 -0.401285
1 280 0.320334 -0.39718
1 280 0.335171 -0.396403
1 496 0.359319 0.192425
1 501 0.0263029 -0.414607
8 501 -0.277209 -0.20908
1 502 0.199651 0.0884279
8 502 0.192187 0.0669814
1 503 0.233347 0.0755705
8 503 0.213613 0.062941
1 504 0.245338 0.0676763
8 504 0.214128 0.0655261
1 360 0.280028 0.101513
1 505 0.285637 0.0736657
8 505 0.253273 0.0675564
8 419 0.284999 0.0821625
8 460 0.285707 0.086565
8 421 0.285056 0.0718632
8 422 0.288644 0.0884511
1 366 0.310857 0.148502
1 368 0.316681 0.111388
1 506 0.318042 0.132996
8 506 0.300663 0.109218
8 491 0.22772 -0.0278288
1 371 0.330249 0.122257
1 374 0.344248 0.15401
1 507 0.348245 0.154659
8 507 0.332256 0.126934
1 375 0.351378 0.12573
1 508 0.355124 0.156056
8 508 0.338871 0.127574
1 509 0.356392 0.167998
8 509 0.341378 0.138738
1 510 0.365638 0.111781
8 510 0.343807 0.084739
8 432 0.362982 0.113325
1 511 0.394228 0.133082
8 511 0.373593 0.101892
1 512 -0.628776 0.0876903
8 512 -0.401782 0.153765
1 513 -0.374373 0.0944513
8 513 -0.324411 0.138628
1 514 0.387671 -0.0310345
8 514 0.0940771 0.0774362
1 514 0.388785 -0.0306529
1 514 0.389886 -0.0303329
1 514 0.390749 -0.0300418
1 514 0.391936 -0.0295518
1 514 0.392805 -0.0292174
1 514 0.394798 -0.0282367
1 514 0.39656 -0.0270998
8 65 0.364029 0.0281155
2 515 -0.282543 -0.0711868
3 515 -0.315858 -0.111901
2 516 -0.238775 0.0884747
3 516 -0.193841 0.0413943
2 516 -0.227834 0.08672
2 517 -0.150186 0.333044
3 517 -0.214786 0.282983
2 518 -0.0743789 -0.108153
3 518 0.0986715 -0.136748
2 519 -0.0743789 -0.108153
3 519 0.0986715 -0.136748
2 520 -0.0546895 -0.109114
3 520 0.090398 -0.135806
2 521 -0.0205003 -0.27427
3 521 0.161014 -0.304471
3 396 -0.0297121 0.189201
2 522 0.00696167 -0.0359461
3 522 0.0999525 -0.0562906
3 401 0.00304 0.210658
3 408 0.125863 -0.0537785
2 523 0.0853977 -0.0419467
3 523 0.157337 -0.0545233
2 524 0.0857967 0.152989
3 524 0.0803314 0.145023
2 525 0.108038 -0.0468007
3 525 0.152351 -0.0576233
2 526 0.113023 0.14862
3 526 0.130356 0.14454
2 527 0.186777 0.105945
3 527 0.212027 0.110936
2 528 0.22454 -0.0318981
3 528 0.279712 -0.0306712
2 529 0.241048 -0.0125941
3 529 0.292678 -0.00773886
2 530 0.242726 0.132713
3 530 0.267456 0.147181
2 531 0.257952 0.134795
3 531 0.283459 0.15191
2 532 0.261699 0.0982375
3 532 0.292383 0.113198
2 533 0.269479 0.148393
3 533 0.294045 0.168121
2 534 0.271166 -0.0505331
3 534 0.336876 -0.0455783
2 535 0.273352 0.14893
3 535 0.298328 0.169419
2 536 0.27478 -0.0516185
3 536 0.340502 -0.0466338
3 418 0.306795 0.143232
2 537 0.282405 0.103907
3 537 0.314618 0.122452
2 538 0.283988 0.0799007
3 538 0.319919 0.0966701
3 419 0.317873 0.117741
2 539 0.285239 0.103146
3 539 0.31782 0.122143
3 421 0.320604 0.106142
2 540 0.285811 0.0884345
3 540 0.320604 0.106142
3 422 0.320143 0.12453
2 541 0.292583 0.140368
3 541 0.320341 0.163259
2 542 0.29395 -0.0346236
3 542 0.357608 -0.0259535
2 543 0.294994 0.153436
3 543 0.32113 0.177557
2 544 0.295844 0.106449
3 544 0.329061 0.1272
2 545 0.295844 0.106449
3 545 0.329061 0.1272
3 424 0.36075 -0.0268469
2 546 0.297649 0.126913
3 546 0.327662 0.149268
2 547 0.298699 0.105014
3 547 0.33247 0.12625
2 548 0.298699 0.105014
3 548 0.33247 0.12625
2 549 0.299607 0.154574
3 549 0.326092 0.17957
2 550 0.3003 0.1014
3 550 0.334854 0.122467
3 423 0.334854 0.122467
2 551 0.300427 0.12187
3 551 0.331497 0.144317
2 552 0.301322 0.106444
3 552 0.334921 0.128018
2 553 0.301322 0.106444
3 553 0.334921 0.128018
2 554 0.301444 0.0906693
3 554 0.337781 0.110944
3 425 0.339914 0.101576
2 555 0.304722 0.155411
3 555 0.331653 0.181383
2 556 0.306741 0.153905
3 556 0.33382 0.179978
2 557 0.308618 0.116621
3 557 0.341074 0.139948
2 558 0.309003 0.143803
3 558 0.338064 0.169622
3 428 0.348752 0.155227
3 429 0.354828 0.130452
2 559 0.321812 0.14556
3 559 0.351945 0.173638
2 560 0.324636 -0.0462263
3 560 0.3959 -0.035405
2 561 0.325811 0.146089
3 561 0.356349 0.174752
2 562 0.327984 0.119217
3 562 0.362345 0.145861
2 563 0.331598 0.147078
3 563 0.362915 0.176918
3 431 0.370257 0.161414
2 564 0.351886 0.0950923
3 564 0.393726 0.123326
2 565 0.366862 -0.0467132
3 565 0.446073 -0.0318076
2 566 0.367493 0.124828
3 566 0.406164 0.158103
2 567 0.371805 0.0978143
3 567 0.415861 0.129288
3 435 0.420731 0.148482
2 568 0.396224 0.140912
3 568 0.436887 0.180377
2 569 0.39866 0.117221
3 569 0.443335 0.154707
3 439 0.451614 0.170912
2 570 -0.411133 0.292983
3 570 -0.347466 0.252552
2 571 -0.0997668 0.160003
3 571 -0.347466 0.252552
2 570 -0.0997668 0.160003
2 570 -0.0981741 0.160766
2 570 -0.0962102 0.161731
2 571 -0.0962102 0.161731
2 571 -0.0935312 0.120312
2 570 -0.0935312 0.120312
2 571 -0.0923236 0.120884
2 570 -0.0923236 0.120884
2 571 -0.090569 0.121738
2 570 -0.090569 0.121738
2 571 -0.0891337 0.122404
2 570 -0.0891337 0.122404
2 571 -0.0871441 0.123366
2 570 -0.0871441 0.123366
2 570 -0.0864605 0.166605
2 571 -0.0864605 0.166605
2 570 -0.0862155 0.123797
2 571 -0.0851971 0.124289
2 570 -0.0851971 0.124289
2 571 -0.0843957 0.124621
2 571 -0.0843957 0.124621
2 572 0.188472 -0.404451
3 572 -0.348124 0.251872
2 571 0.209793 -0.401862
2 570 0.238218 -0.400362
2 573 -0.360203 0.248761
4 573 -0.569743 0.210182
2 574 -0.185446 0.378203
4 574 -0.422959 0.256688
2 575 0.215659 0.0801298
4 575 0.274583 0.167845
2 575 0.234563 0.0827009
2 576 0.236693 0.0796209
4 576 0.352493 0.20539
2 575 0.25344 0.0853149
2 576 0.264023 0.0950407
4 419 0.315491 0.188044
2 576 0.285916 0.0744436
2 576 0.343535 0.0820924
2 576 0.349398 0.118816
2 576 0.354643 0.0718169
2 576 0.360481 0.108159
2 576 0.363051 0.0846252
2 576 0.369346 0.12173
2 576 0.377764 0.134793
2 576 0.380217 0.110844
2 576 0.388993 0.124208
2 576 0.391736 0.100512
2 576 0.400257 0.113771
2 577 -0.345025 0.175143
4 577 -0.569743 0.210182
2 578 -0.257568 0.28768
4 578 -0.307367 0.163347
2 579 -0.257568 0.28768
4 579 -0.307367 0.163347
2 579 -0.2484 0.283735
2 578 -0.246519 0.28266
2 579 -0.246519 0.28266
2 578 -0.245689 0.282167
2 578 -0.243372 0.281088
2 579 -0.243372 0.281088
2 578 -0.242383 0.280455
2 578 -0.240104 0.279166
2 580 0.0379966 0.124884
4 580 -0.0249062 0.203092
2 581 -0.346915 -0.159288
5 581 -0.139134 0.160737
2 582 -0.301249 0.289797
5 582 -0.131104 0.233966
2 583 -0.197592 0.313043
5 583 -0.106045 0.157723
2 584 -0.178024 0.326273
5 584 -0.137102 0.195455
2 584 -0.158462 0.307004
2 584 -0.144989 0.297904
2 585 -0.144228 0.366798
5 585 -0.203589 0.2148
2 584 -0.118378 0.278518
2 586 -0.102422 0.308837
5 586 -0.137102 0.195455
2 587 -0.0924876 0.281902
5 587 0.154084 0.0209856
2 588 -0.0782733 0.358777
5 588 -0.137102 0.195455
2 588 -0.0591056 0.383889
2 584 -0.0227694 0.331937
2 588 0.0255893 0.260896
2 586 0.0374277 0.358175
2 584 0.0591828 0.32028
2 584 0.0752513 0.267465
2 588 0.0872394 0.312869
2 584 0.0932128 0.322005
2 584 0.0952552 0.327685
2 584 0.165913 0.349606
2 584 0.180653 0.32964
2 586 0.220199 0.299635
2 589 0.220948 0.334133
5 589 -0.0945921 0.194322
2 584 0.229124 0.362303
2 586 0.238377 0.339461
2 586 0.276718 0.276358
2 584 0.299426 0.315081
2 590 0.405877 0.275528
5 590 -0.0738108 0.191558
2 591 0.405877 0.275528
5 591 -0.0738108 0.191558
2 592 0.438178 0.301265
5 592 0.611478 0.18372
2 588 0.451493 0.277635
2 593 0.586103 0.271895
5 593 -0.272412 0.198141
2 588 0.587328 0.424528
2 594 -0.283976 0.16197
5 594 -0.297463 0.0394768
5 571 -0.132257 0.0769926
5 571 -0.132257 0.0769926
2 595 0.252727 0.315203
5 595 -0.117502 0.247447
2 596 0.587395 0.378006
5 596 0.485616 0.247644
6 573 -0.564181 0.166119
2 597 -0.360203 0.248761
6 597 -0.564181 0.166119
2 598 -0.332502 0.320176
6 598 -0.0667485 0.137478
2 599 -0.168679 -0.4239
6 599 -0.395408 0.195711
2 600 0.00322829 -0.424432
6 600 0.162404 -0.0137612
2 601 0.0931659 -0.406963
6 601 0.182128 -0.0745441
2 602 0.199121 0.0743835
6 602 0.22143 0.145694
2 602 0.217913 0.0771408
2 602 0.296596 0.0642223
2 602 0.329778 0.116091
2 602 0.332432 0.0925074
2 602 0.409145 0.12716
2 603 0.0104853 0.164799
6 603 0.01656 0.074039
2 604 0.0760234 0.183438
6 604 -0.424263 -0.0324677
6 591 -0.0447443 0.149619
2 605 -0.25911 0.288396
7 605 -0.0294378 -0.401908
2 605 -0.259081 0.28839
7 578 -0.0356028 -0.401851
2 578 -0.256207 0.287174
2 605 -0.249601 0.284278
2 605 -0.249359 0.294247
2 605 -0.2484 0.283735
7 578 -0.0250151 -0.401949
2 605 -0.238981 0.278539
2 578 -0.23785 0.277831
2 578 -0.233762 0.275144
2 578 -0.232288 0.274088
2 605 -0.230456 0.272688
2 605 -0.229202 0.271788
2 605 -0.227734 0.270567
2 578 -0.226323 0.269391
2 578 -0.221253 0.26468
2 605 -0.219509 0.262804
2 606 0.0701937 0.198439
7 606 -0.031915 -0.408651
7 562 0.406869 0.149918
2 607 0.607092 0.36859
7 607 0.137101 0.162193
2 608 -0.502566 0.196881
7 608 -0.276427 0.224088
2 609 -0.502566 0.196881
7 609 -0.276427 0.224088
2 608 -0.448159 0.284944
2 609 -0.448159 0.284944
2 609 -0.381529 0.341572
2 608 -0.381529 0.341572
2 608 -0.380231 0.340372
2 610 -0.311317 0.171762
7 610 -0.294709 0.168662
2 608 -0.302049 0.322041
2 608 0.524906 0.387058
2 609 0.524906 0.387058
2 608 0.623763 0.287144
2 611 -0.420065 0.327051
8 611 -0.470455 0.25136
2 512 -0.380751 0.1618
2 612 -0.339593 0.235817
8 612 -0.374928 0.179774
2 613 -0.335504 0.232487
8 613 -0.370338 0.17631
2 614 -0.327283 0.220616
8 614 -0.360339 0.168146
2 615 -0.325283 0.232184
8 615 -0.359391 0.178855
2 616 -0.309139 0.171074
8 616 -0.340821 0.105581
2 617 -0.295752 0.146811
8 617 -0.325458 0.0831882
2 618 -0.295703 0.185159
8 618 -0.324987 0.135638
2 619 -0.292173 0.198663
8 619 -0.322225 0.150196
2 620 -0.284489 0.227013
8 620 -0.316675 0.174715
8 594 -0.313254 0.103345
8 515 -0.30864 -0.160824
2 621 -0.282543 -0.0711868
8 621 -0.30864 -0.160824
2 622 -0.268883 0.220268
8 622 -0.30012 0.169772
2 623 -0.217953 -0.103171
8 623 -0.209357 -0.0237367
2 624 -0.198786 -0.097316
8 624 -0.190592 -0.0174577
2 625 -0.195087 0.287316
8 625 -0.22849 0.227214
2 626 -0.17091 -0.0906455
8 626 -0.164079 -0.0146797
2 627 -0.121593 -0.0981547
8 627 -0.113905 -0.0161183
2 628 -0.109771 -0.117914
8 628 -0.1019 -0.0322496
8 395 -0.0859185 -0.0167501
2 629 0.00453203 0.165602
8 629 -0.0176671 0.102951
8 396 -0.0134043 0.154979
8 401 0.0151317 0.188703
2 630 0.0308286 0.193146
8 630 0.0139802 0.146632
2 631 0.0330901 0.180616
8 631 0.0161647 0.133522
2 632 0.0340039 0.169759
8 632 0.016396 0.120254
2 633 0.0389768 0.111554
8 633 0.0180663 0.0526936
2 634 0.0571276 0.205822
8 634 0.0457894 0.175953
2 635 0.113023 0.14862
8 635 0.109773 0.143967
2 636 0.186115 0.0876739
8 636 0.182004 0.0777999
2 637 0.202164 0.113196
8 637 0.200163 0.102186
2 638 0.204888 0.0902742
8 638 0.201447 0.0791139
2 639 0.239877 0.118532
8 639 0.239798 0.104983
2 640 0.242607 0.0955042
8 640 0.240833 0.0815435
2 641 0.25292 -0.0252814
8 641 0.244944 -0.0290969
8 531 0.259948 0.120291
8 416 0.259969 0.106435
2 362 0.269993 0.111079
2 642 0.273314 0.138709
8 642 0.276621 0.123273
2 364 0.282405 0.103907
8 537 0.282939 0.0872504
2 643 0.293132 0.0952407
8 643 0.293042 0.077932
2 644 0.297835 0.157882
8 644 0.303879 0.141165
8 549 0.30556 0.137809
8 423 0.301256 0.0832931
8 556 0.312727 0.136485
2 645 0.306741 0.153905
8 645 0.312727 0.136485
2 646 0.358805 0.111617
8 646 0.363203 0.0893484
2 647 0.376135 0.138011
8 647 0.384321 0.114744
8 439 0.416554 0.104835
8 440 0.427485 0.117732
2 382 -0.322043 0.111803
8 579 -0.230847 0.228376
8 389 -0.144771 0.10169
2 648 -0.222374 0.265759
8 648 -0.230847 0.228376
2 579 -0.199727 0.292213
2 579 -0.198411 0.290955
2 648 -0.198411 0.290955
8 426 0.293608 -0.0645056
8 427 0.293608 -0.0645056
3 649 -0.399173 -0.184251
4 649 -0.305728 -0.180261
3 70 -0.382504 -0.147421
3 650 -0.371284 -0.0696546
4 650 -0.322497 -0.0861747
3 651 -0.370108 -0.0689736
4 651 -0.321989 -0.0855731
3 652 -0.367802 -0.0682858
4 652 -0.320389 -0.0848168
3 74 -0.366779 -0.0678881
3 75 -0.36551 -0.0676119
3 76 -0.363316 -0.0674299
3 653 -0.357979 0.141339
4 653 -0.291235 0.0928824
3 654 -0.356398 -0.0691197
4 654 -0.311902 -0.084588
3 655 -0.354873 -0.027999
4 655 -0.300504 -0.0498607
3 83 -0.352859 -0.0248158
3 87 -0.348934 -0.0195801
3 93 -0.342614 0.163996
3 84 -0.334478 -0.0950012
3 656 -0.31507 0.0858848
4 656 -0.265851 0.0498043
3 97 -0.312629 -0.0819023
3 657 -0.31213 -0.0963773
4 657 -0.277016 -0.103675
3 658 -0.311522 -0.081058
4 658 -0.274932 -0.0907261
3 659 -0.30942 -0.0797159
4 659 -0.272904 -0.0893917
3 660 -0.308769 -0.0812135
4 660 -0.268064 -0.0903956
3 661 -0.298261 -0.0853947
4 661 -0.263041 -0.0930736
3 662 -0.298085 -0.0934007
4 662 -0.264586 -0.0998741
3 663 -0.278922 -0.0899833
4 663 -0.243363 -0.0952601
3 141 -0.277737 -0.0598829
3 664 -0.16402 -0.157853
4 664 0.0322268 -0.13943
3 665 -0.0875099 0.334073
4 665 -0.0777199 0.305802
3 666 -0.0704527 -0.128571
4 666 0.13917 -0.103276
3 667 -0.0176988 -0.135016
4 667 0.193111 -0.104575
3 668 0.0488101 0.193839
4 668 0.571596 0.297773
3 669 0.0536683 -0.162898
4 669 0.310387 -0.125393
3 670 0.0536683 -0.162898
4 670 0.310387 -0.125393
3 671 0.0883813 -0.0728667
4 671 0.239056 -0.0355075
3 672 0.300451 0.244438
4 672 0.17351 0.271154
3 575 0.368886 0.120868
3 576 0.423702 0.14516
3 673 0.534518 0.292551
4 673 -0.242905 0.218951
3 577 -0.366289 0.345806
4 523 0.272609 -0.0112319
3 674 0.157337 -0.0545233
4 674 0.272609 -0.0112319
3 675 0.294035 0.19223
4 675 0.322071 0.288366
3 676 -0.364474 -0.034184
5 676 -0.348807 -0.122244
3 677 -0.364474 -0.034184
5 677 -0.348807 -0.122244
3 677 -0.350409 0.00255481
3 678 -0.350409 0.00255481
5 678 -0.348807 -0.122244
3 677 -0.350409 0.00255481
3 677 -0.350409 0.00255481
3 679 -0.344227 0.243771
5 679 -0.59043 0.238815
3 679 -0.344227 0.243771
3 677 -0.342876 0.33638
3 676 -0.322677 0.306107
3 677 -0.223817 0.352437
3 678 -0.223817 0.352437
3 678 -0.177372 0.389071
3 678 -0.0352388 0.143832
3 676 -0.0352388 0.143832
3 677 -0.0232835 0.300297
3 680 -0.0082256 0.34804
5 680 -0.348807 -0.122244
3 681 0.0298315 0.276308
5 681 -0.0808034 0.209595
3 682 0.0298315 0.276308
5 682 -0.0808034 0.209595
3 677 0.130356 0.14454
3 683 0.142555 0.418817
5 683 -0.286353 0.248492
3 684 0.142555 0.418817
5 684 -0.286353 0.248492
3 685 0.279378 -0.00361193
5 685 -0.423518 -0.180391
5 577 -0.581351 0.148005
3 686 -0.366289 0.345806
5 686 -0.581351 0.148005
3 687 -0.33864 0.312537
5 687 -0.129908 0.228969
3 279 -0.320026 -0.0568256
3 688 -0.320026 -0.0568256
5 688 0.404612 0.221344
3 689 -0.439422 0.234936
6 689 -0.0404182 0.136847
3 689 -0.439422 0.234936
3 689 -0.439422 0.234936
3 690 -0.374581 -0.157946
6 690 0.633289 0.10558
6 677 -0.0667485 0.137478
3 689 -0.342876 0.33638
3 689 -0.342876 0.33638
3 689 -0.342876 0.33638
3 689 -0.341929 0.305266
3 689 -0.34017 0.233744
3 689 -0.34017 0.233744
3 689 -0.34017 0.233744
3 689 -0.292536 0.348041
3 689 -0.288726 0.192029
3 691 -0.283151 -0.0624895
6 691 0.345302 -0.0636141
3 689 -0.266417 0.318834
3 689 -0.223817 0.352437
3 689 -0.223817 0.352437
3 689 -0.215115 0.409582
3 689 -0.192388 0.346425
3 689 -0.181992 0.225238
3 689 -0.177372 0.389071
3 689 -0.177046 0.272572
3 689 -0.132459 0.268796
3 689 -0.122573 0.335197
3 689 -0.0891483 0.306803
3 689 -0.0621701 0.350146
3 692 -0.0322722 0.141305
6 692 0.131823 -0.0117518
3 693 -1.6676e-06 0.365963
6 693 -0.128101 0.186421
3 689 0.0886499 0.340305
3 689 0.0886499 0.340305
3 689 0.130356 0.14454
3 694 0.423907 0.0178957
6 694 -0.0407857 0.138018
3 694 0.427601 0.019334
3 695 -0.0330415 0.148569
6 695 -0.190992 0.0957828
3 696 -0.600835 0.303266
7 696 -0.470169 0.00632793
3 697 -0.439422 0.234936
7 697 -0.470169 0.00632793
7 689 -0.470169 0.00632793
7 677 -0.470169 0.00632793
7 689 -0.470169 0.00632793
3 689 -0.30278 0.345557
3 697 -0.30278 0.345557
7 689 -0.470169 0.00632793
3 677 -0.224939 0.315563
3 689 -0.224939 0.315563
3 677 -0.223817 0.352437
3 677 -0.214786 0.282983
3 677 -0.206348 0.310939
3 698 -0.120784 0.387626
7 698 -0.560091 0.218842
3 699 -0.109012 -0.133044
7 699 -0.0152938 -0.0305591
3 700 -0.0883667 0.311791
7 700 -0.497917 0.259824
3 696 -0.052216 0.33554
3 689 -0.052216 0.33554
3 677 -0.0517321 0.350931
3 689 -0.0444737 0.257467
3 677 -0.0352388 0.143832
3 696 -0.0352388 0.143832
3 701 -0.0323585 0.102525
7 701 0.293984 -0.0665609
3 689 -0.0232835 0.300297
3 689 -0.0232835 0.300297
3 696 -0.0232835 0.300297
3 689 -0.0082256 0.34804
3 689 0.0268313 0.263914
3 696 0.0886499 0.340305
7 683 0.308507 0.209945
3 702 0.0886499 0.340305
7 702 -0.190991 0.221528
7 689 -0.190991 0.221528
3 703 0.468551 0.348626
7 703 -0.160039 0.276643
3 704 0.589552 0.324505
7 704 -0.297812 0.182674
3 705 0.589552 0.324505
7 705 -0.297812 0.182674
3 706 -0.416547 0.301772
8 706 -0.401782 0.153765
3 707 -0.355826 0.303887
8 707 -0.401782 0.153765
3 708 -0.355826 0.303887
8 708 -0.401782 0.153765
3 708 -0.30278 0.345557
3 709 -0.301326 -0.0951927
8 709 -0.392209 0.153854
3 708 -0.295152 0.32071
3 512 -0.295152 0.32071
3 710 -0.289577 0.175672
8 710 -0.315091 0.178656
3 512 -0.288726 0.192029
3 707 -0.258582 0.293496
3 711 -0.256207 0.188894
8 711 -0.257121 0.194903
3 712 -0.256207 0.188894
8 712 -0.257121 0.194903
3 713 -0.256207 0.188894
8 713 -0.257121 0.194903
3 706 -0.253203 0.195879
3 714 -0.238636 0.239176
8 714 -0.227898 0.209864
3 706 -0.216455 0.354343
3 708 -0.215115 0.409582
3 512 -0.2143 0.42825
3 512 -0.193126 0.360697
3 713 -0.181992 0.225238
3 706 -0.179654 0.312941
3 706 -0.177046 0.272572
3 713 -0.156296 0.238748
3 708 -0.155194 0.429618
3 706 -0.126815 0.333425
3 708 -0.0992851 0.398976
3 708 -0.0941698 0.272322
3 707 -0.0891483 0.306803
3 706 -0.0891483 0.306803
3 512 -0.0891483 0.306803
3 512 -0.086625 0.385766
3 708 -0.0743579 0.246538
3 706 -0.065225 0.119565
3 708 -0.0370216 0.289227
3 708 -0.0277009 0.394976
3 715 -0.0205588 0.298351
8 715 -0.173985 0.217281
3 512 -0.0183021 0.319046
3 708 -0.0183021 0.319046
3 707 -0.0169179 0.370415
3 708 0.0220958 0.315552
3 706 0.0235609 0.382038
3 707 0.0371818 0.302623
3 706 0.070383 0.358756
3 512 0.0745954 0.35466
3 707 0.0745954 0.35466
3 512 0.153223 0.240604
3 707 0.205 0.248904
3 708 0.21777 0.221636
3 716 0.404095 0.286983
8 716 0.53367 0.251163
3 717 -0.0814513 0.375378
8 717 -0.306632 0.244615
3 718 -0.0517321 0.350931
8 718 -0.232054 0.141446
3 719 -0.0517321 0.350931
8 719 -0.232054 0.141446
8 689 -0.0200895 0.101488
8 677 -0.0200895 0.101488
8 689 -0.0200895 0.101488
3 720 0.53219 0.189936
8 720 -0.311618 -0.0325795
3 721 0.532637 0.189692
8 721 -0.311579 -0.0325863
4 722 -0.341628 -0.169104
5 722 0.0232796 0.0834546
4 275 -0.270252 -0.161561
4 274 -0.254022 -0.146447
4 273 0.223246 0.123845
4 274 0.224359 0.12315
4 275 0.227397 0.121106
4 273 0.227397 0.121106
4 275 0.230587 0.119044
4 274 0.230587 0.119044
4 272 0.23389 0.116903
4 273 0.23389 0.116903
4 272 0.236602 0.115196
4 273 0.236602 0.115196
4 275 0.237575 0.114602
4 274 0.237575 0.114602
4 274 0.239115 0.113619
4 275 0.239115 0.113619
4 275 0.241602 0.112074
4 275 0.241602 0.112074
4 275 0.243401 0.110998
4 275 0.243401 0.110998
4 275 0.255963 0.103721
4 275 0.255963 0.103721
4 272 0.257481 0.102899
4 275 0.257481 0.102899
4 275 0.303035 0.232497
4 274 0.304966 0.233633
4 274 0.315692 0.239863
4 723 0.32942 0.109971
5 723 0.140754 0.0823177
4 724 0.338126 0.113262
5 724 0.135055 0.0775713
4 274 0.339394 0.253733
4 275 0.339394 0.253733
5 238 0.196552 -0.0658459
4 725 0.396612 0.0154915
5 725 0.229771 0.00479434
4 275 0.408721 0.0406455
4 275 0.408721 0.0406455
4 274 0.410061 0.0411584
4 275 0.410061 0.0411584
4 273 0.412475 0.0420961
4 275 0.41373 0.0425873
4 277 0.444704 -0.0246367
4 275 0.451459 0.196758
4 275 0.451459 0.196758
4 726 0.45562 0.101459
5 726 -0.395593 0.0563903
4 275 0.456255 0.212404
4 275 0.45739 0.216231
4 275 0.465666 0.244471
4 727 0.105728 -0.354471
5 727 0.151985 0.0372978
4 727 0.107237 -0.354336
4 727 0.113088 -0.354187
4 727 0.116525 -0.354128
4 727 0.128168 -0.354022
4 727 0.137247 -0.353851
4 727 0.139539 -0.353871
4 727 0.145311 -0.353719
4 728 0.166116 0.0595213
5 728 0.0712985 0.021156
4 729 0.469408 -0.358538
5 729 0.15212 0.037978
4 729 0.482244 -0.358563
4 729 0.489348 -0.358582
4 729 0.523342 -0.358029
4 729 0.594721 -0.356865
4 730 0.637758 0.316322
5 730 -0.361433 0.247144
4 729 0.642471 -0.357645
6 275 0.275072 0.132535
4 275 -0.265742 0.00367938
4 275 -0.264239 0.00877029
4 275 -0.263795 0.0100503
4 597 -0.107645 0.21853
4 731 -0.026726 0.239101
6 731 -0.0467496 0.194549
4 732 0.0206753 0.154241
6 732 -0.192907 0.124512
4 275 0.248419 -0.0119346
4 65 0.280872 0.093716
4 275 0.285007 0.221967
4 275 0.306109 0.234269
4 733 0.307478 0.0641407
6 733 -0.138958 0.116729
4 275 0.315692 0.239863
4 734 0.32971 0.0801645
6 734 -0.141874 -0.00127359
4 275 0.333274 0.250111
4 275 0.333274 0.250111
4 275 0.398314 0.0103371
4 275 0.399223 0.0170788
4 275 0.399223 0.0170788
4 65 0.404449 0.145284
4 275 0.438789 0.16874
4 275 0.440409 0.170953
6 255 -0.13833 0.143401
4 275 0.472078 0.267259
4 275 0.472865 0.269842
4 735 0.492264 -0.0091874
6 735 0.43795 0.127919
4 736 0.201676 0.0592098
6 736 0.0171177 0.0690614
4 65 0.282767 0.0936083
4 470 0.40879 0.147996
4 287 0.580575 -0.411781
4 287 0.585664 -0.413841
4 287 0.595565 -0.413769
4 287 0.599119 -0.411916
4 287 0.622124 -0.413966
4 737 0.247271 0.182354
7 737 0.218341 0.125269
4 738 0.255254 0.121052
7 738 0.45987 0.153262
4 739 0.260779 0.175375
7 739 0.251221 0.118443
4 740 0.281762 0.202031
7 740 0.278444 0.137943
4 741 0.285007 0.221967
7 741 0.353492 0.171518
7 275 0.353492 0.171518
4 742 0.302963 0.209877
7 742 0.32437 0.143918
7 275 0.351716 0.171122
4 741 0.306109 0.234269
4 743 0.3075 0.237516
7 743 0.33491 0.169785
4 744 0.313549 0.202455
7 744 0.334502 0.133512
7 461 0.333767 0.123576
4 745 0.316307 0.19548
7 745 0.336251 0.12623
4 746 0.318459 0.222851
7 746 0.344186 0.152079
4 275 0.319387 0.242022
4 747 0.320763 0.175968
7 747 0.336885 0.106254
7 462 0.34601 0.128147
4 748 0.325822 0.159831
7 748 0.451215 0.138847
4 749 0.329691 0.202174
7 749 0.352119 0.128436
4 750 0.329691 0.202174
7 750 0.352119 0.128436
4 751 0.33308 0.215877
7 751 0.358849 0.140465
4 752 0.33772 0.254958
7 752 0.371823 0.17775
4 275 0.343872 0.256356
4 275 0.346624 0.257938
4 753 0.368055 0.194766
7 753 0.338346 0.0868176
4 754 0.439519 0.00865288
7 754 0.454743 -0.0274808
7 736 -0.0756159 0.173309
7 65 0.375806 0.0505251
4 755 0.541916 -0.411784
7 755 -0.279724 0.168877
4 756 0.596545 0.220995
7 756 -0.0787699 0.0812166
4 755 0.597349 -0.413779
4 755 0.60541 -0.414028
4 708 -0.569743 0.210182
4 708 -0.540938 0.21576
4 512 -0.540938 0.21576
4 706 -0.540938 0.21576
4 706 -0.521093 0.303817
4 708 -0.517186 0.290816
4 706 -0.511167 0.283763
4 706 -0.486138 0.256851
4 512 -0.486138 0.256851
4 708 -0.422959 0.256688
4 707 -0.421605 0.223213
4 512 -0.421605 0.223213
4 512 -0.421605 0.223213
4 706 -0.381107 -0.101112
4 707 -0.338418 0.243905
4 706 -0.338418 0.243905
4 512 -0.333742 0.263864
4 708 -0.333742 0.263864
4 706 -0.329593 0.251487
4 706 -0.315102 0.325646
4 512 -0.299085 0.226762
4 706 -0.294647 0.242749
4 708 -0.285186 0.283929
4 512 -0.284653 0.154476
4 708 -0.284653 0.154476
4 757 -0.277849 0.219408
8 757 -0.371284 0.226653
4 758 -0.275838 0.149611
8 758 -0.370331 0.240643
4 759 -0.26465 -0.155486
8 759 0.435359 0.0990818
4 512 -0.254412 0.257939
4 512 -0.252524 0.283603
4 708 -0.252524 0.283603
4 512 -0.242905 0.218951
4 760 -0.230201 -0.0918039
8 760 -0.331422 -0.232669
4 708 -0.229762 0.146822
4 761 -0.224859 -0.127008
8 761 0.182079 0.0523692
4 708 -0.216865 0.072607
4 512 -0.216865 0.072607
4 762 -0.192371 0.227838
8 762 -0.34347 0.228556
4 706 -0.188745 0.13094
4 707 -0.187 0.297193
4 708 -0.173354 0.234345
4 706 -0.147005 0.213532
4 512 -0.128914 0.216649
4 708 -0.128914 0.216649
4 706 -0.101412 0.253304
4 707 -0.101412 0.253304
4 708 -0.0969549 0.304789
4 706 -0.0882087 0.217698
4 512 -0.0880513 0.256403
4 706 -0.0839777 0.269272
4 707 -0.0692667 0.378862
4 706 -0.0692667 0.378862
4 706 -0.0684917 0.246149
4 707 -0.0435363 0.265351
4 706 -0.0149105 0.226575
4 706 -0.0144001 0.265914
4 708 0.000875613 0.222127
4 512 0.0102585 0.236521
4 706 0.0238175 0.224654
4 708 0.0316647 0.214776
4 708 0.0504877 0.265379
4 706 0.0887505 0.269588
4 512 0.13531 0.313143
4 708 0.162155 0.107771
4 763 0.210199 0.236911
8 763 0.607044 0.21978
4 764 0.316307 0.19548
8 764 0.288644 0.0884511
4 512 0.333401 0.0557977
4 706 0.333401 0.0557977
4 507 0.341524 0.257069
4 708 0.348889 -0.412857
4 512 0.348889 -0.412857
4 505 0.368492 0.197857
4 765 0.424682 0.278405
8 765 0.353663 0.097211
4 706 0.547444 -0.38684
4 619 -0.172315 -0.360837
4 766 0.136627 -0.353089
8 766 -0.356737 0.131411
4 767 0.458391 -0.354468
8 767 -0.301084 0.0340632
5 768 -0.174781 -0.0270427
6 768 0.0169867 0.0701006
5 768 -0.0893317 0.021391
5 768 -0.0499164 0.0282553
5 768 -0.0423846 0.0307082
5 768 -0.0347638 0.0309588
5 768 0.00199857 0.0389398
5 736 0.019295 0.0995758
5 736 0.0611744 0.031712
5 736 0.0688763 0.0243053
5 736 0.0689179 0.0243853
5 768 0.0785773 -0.39121
5 769 0.0887063 0.221408
6 769 0.0872515 0.144442
5 736 0.115432 -0.0108494
5 768 0.151664 -0.0496108
5 768 0.151998 -0.0526594
5 768 0.15207 -0.0526378
5 768 0.15246 -0.0541027
5 603 0.152907 -0.044229
5 768 0.198441 -0.0645236
5 768 0.199664 -0.0619282
5 736 0.200037 -0.0606316
5 768 0.42883 0.214138
5 768 0.491084 -0.394084
5 603 0.495182 -0.393959
5 603 0.501645 -0.394089
5 603 0.504757 -0.393556
5 603 0.509377 -0.393867
5 603 0.509451 -0.393662
5 768 0.537488 -0.394833
5 768 0.544557 -0.394957
5 768 0.550075 -0.39494
5 736 0.553337 -0.395041
5 768 0.557676 -0.39516
5 768 0.599259 -0.3956
5 768 0.632312 -0.397037
5 736 0.633513 -0.396609
5 770 -0.372501 -0.175179
6 770 -0.411453 -0.159665
5 771 0.0207634 0.0881605
6 771 -0.142431 -0.00459964
5 772 0.152364 -0.0488422
6 772 -0.490042 -0.26651
5 772 0.15237 -0.0503048
5 772 0.152991 -0.0531254
5 772 0.153352 -0.0451047
5 772 0.153435 -0.0545706
5 772 0.154583 -0.0427663
5 773 0.161199 0.182064
6 773 0.127187 0.128459
5 772 0.180179 -0.0245678
5 772 0.180395 -0.024423
5 772 0.195559 -0.0668246
5 774 -0.15529 0.228154
7 774 0.0499731 0.209422
5 775 -0.15529 0.228154
7 775 0.0499731 0.209422
5 776 -0.084169 0.229503
7 776 -0.112026 0.221251
5 777 -0.0549121 0.222736
7 777 -0.301695 0.24257
5 293 -0.00324244 0.218247
5 778 0.0130958 0.208138
7 778 -0.504014 0.235329
5 779 0.0388975 0.10505
7 779 0.248364 0.098194
5 779 0.0502084 0.114258
5 779 0.0611056 0.141913
5 779 0.0620816 0.123754
5 779 0.0632457 0.106028
5 779 0.0647974 0.0887509
5 779 0.0755128 0.115535
5 779 0.0873441 0.144065
5 779 0.0882413 0.125363
5 779 0.0895457 0.107256
5 780 0.100824 0.137888
7 780 0.324531 0.101097
5 779 0.101575 0.135762
5 779 0.116698 0.12742
5 779 0.12951 0.178175
5 779 0.131101 0.138056
5 779 0.144429 0.21189
5 779 0.144743 0.190537
5 779 0.146151 0.149297
5 779 0.160535 0.225408
5 779 0.16069 0.203413
5 779 0.161705 0.161047
5 779 0.17762 0.1948
5 779 0.178844 0.152295
5 779 0.194972 0.208291
5 779 0.195152 0.254395
5 781 0.42955 0.208999
7 781 0.599295 0.0160774
7 768 0.545479 0.241261
7 276 -0.16631 0.247607
5 782 -0.110637 0.170996
7 782 -0.160039 0.276643
5 783 -0.110637 0.170996
7 783 -0.160039 0.276643
5 784 0.128315 0.0731229
7 784 0.308367 0.0405667
5 784 0.131873 0.0754415
5 784 0.133074 0.0762032
5 784 0.134323 0.0770247
5 784 0.135898 0.0781144
5 784 0.137417 0.0790323
5 784 0.139444 0.080288
5 780 0.146 0.13152
5 706 -0.61702 0.221026
5 707 -0.581351 0.148005
5 708 -0.581351 0.148005
5 708 -0.57398 0.201083
5 512 -0.400168 0.292603
5 708 -0.400168 0.292603
5 512 -0.374065 0.224739
5 707 -0.343277 0.147038
5 706 -0.337366 0.215632
5 512 -0.337366 0.215632
5 785 -0.289964 0.0153615
8 785 -0.390053 0.153769
5 708 -0.28408 0.231316
5 512 -0.28408 0.231316
5 706 -0.273023 0.201706
5 707 -0.246534 0.188959
5 706 -0.24453 0.259634
5 706 -0.24453 0.259634
5 512 -0.218889 0.210873
5 706 -0.218889 0.210873
5 708 -0.217121 0.168847
5 512 -0.203589 0.2148
5 708 -0.17987 0.276998
5 707 -0.164636 0.255613
5 786 -0.152157 0.194426
8 786 0.545631 0.212373
5 787 -0.152157 0.194426
8 787 0.545631 0.212373
5 512 -0.147589 0.194011
5 708 -0.145678 0.2067
5 706 -0.145605 0.18194
5 512 -0.145605 0.18194
5 708 -0.136601 0.249639
5 706 -0.131104 0.233966
5 706 -0.118951 0.148969
5 512 -0.118694 0.197058
5 708 -0.111291 0.270414
5 512 -0.111291 0.270414
5 707 -0.101977 0.168473
5 708 -0.101977 0.168473
5 706 -0.101303 0.288047
5 707 -0.0992861 0.242929
5 706 -0.0985964 0.260753
5 708 -0.0810374 0.217683
5 708 -0.0708662 0.0810087
5 512 -0.0708662 0.0810087
5 708 -0.0481312 0.280755
5 706 -0.0403253 0.231834
5 707 -0.0403253 0.231834
5 708 -0.0349272 0.247049
5 708 -0.0300316 0.120539
5 788 -0.0130364 0.200168
8 788 -0.0596696 0.145448
5 706 -0.0112978 0.247193
5 789 -0.00448345 0.232562
8 789 0.0940079 0.151159
5 707 0.0170532 0.273446
5 512 0.0170532 0.273446
5 512 0.0170532 0.273446
5 512 0.0434809 0.253863
5 504 0.0746781 0.117726
5 504 0.0873628 0.127167
5 790 0.217563 -0.385885
8 790 -0.330785 0.100989
8 279 0.0181964 0.0548588
5 706 0.46009 0.199271
5 512 0.46009 0.199271
5 791 -0.575658 0.208074
8 791 -0.245273 0.146788
5 791 -0.477882 0.215694
5 792 -0.451903 -0.230318
8 792 -0.322428 -0.187755
5 760 -0.423123 -0.0615664
5 791 -0.272412 0.198141
5 791 -0.194706 0.237298
5 791 -0.193581 0.241437
5 791 -0.18053 0.226956
5 791 -0.16595 0.190499
5 791 -0.0985964 0.260753
5 791 -0.0810374 0.217683
5 791 -0.0554334 0.230445
5 791 -0.0525115 0.177582
5 791 -0.0276198 0.286462
5 791 0.00866505 0.251363
5 791 0.0130958 0.208138
5 791 0.0170532 0.273446
6 793 -0.477759 -0.125723
7 793 -0.333852 -0.0755115
6 794 -0.477065 -0.23327
7 794 -0.309411 -0.185341
6 700 -0.461135 0.100873
6 795 -0.25354 0.0476911
7 795 -0.0293014 0.0942715
6 796 -0.245263 0.0995759
7 796 -0.0752322 0.185919
6 796 -0.245242 0.0995139
6 797 0.0602723 0.0884736
7 797 0.242662 0.0839858
6 797 0.0712831 0.0450805
6 797 0.0737044 0.0768195
6 797 0.0753951 0.0935142
6 797 0.0863244 0.0492052
6 797 0.0875698 0.0651518
6 797 0.0891742 0.0816646
6 798 0.0958092 0.197054
7 798 0.539577 0.240629
6 797 0.103482 0.0697607
6 797 0.105469 0.0867965
6 797 0.107604 0.104248
6 797 0.127222 0.128495
6 797 0.135481 0.0625835
6 797 0.145589 0.135035
6 797 0.158328 0.10344
6 797 0.164514 0.14193
6 797 0.174493 0.0907359
6 797 0.180608 0.128841
6 797 0.197409 0.115795
6 797 0.218362 0.122377
6 799 0.218502 -0.0748339
7 799 0.387476 -0.0247465
6 800 0.219589 -0.073437
7 800 0.388205 -0.023839
6 797 0.22688 0.164036
6 797 0.240225 0.12914
6 801 0.371041 -0.0474851
7 801 0.51166 -0.0393132
6 802 -0.468517 0.0380518
8 802 -0.304056 0.117407
6 802 -0.468387 0.0382667
6 803 -0.439042 0.181523
8 803 -0.267896 0.19729
6 717 -0.0977992 0.162285
6 635 -0.0690516 0.312844
6 804 0.0395624 0.0349551
8 804 0.0123507 0.090074
8 797 0.234074 0.064293
6 797 0.0853937 0.0336984
6 797 0.100823 0.0375812
6 797 0.118364 0.057773
6 797 0.13363 0.0458371
6 797 0.151203 0.050343
6 797 0.153371 0.0674602
6 797 0.155594 0.085122
6 797 0.172025 0.0724823
6 797 0.174521 0.0907768
6 797 0.18422 0.148865
6 797 0.191157 0.0777597
6 797 0.211477 0.0832402
6 797 0.232411 0.0889988
6 797 0.244928 0.150333
6 805 0.340237 -0.0697542
8 805 -0.30213 -0.135194
6 806 0.2657 -0.0914364
8 806 0.397871 -0.0415567
6 807 0.553877 0.212665
8 807 0.283744 0.228135
7 808 -0.374179 -0.405522
8 808 0.0427757 0.173179
7 809 -0.267842 -0.151451
8 809 -0.0158471 0.169458
7 809 -0.0791235 0.063518
8 756 -0.016668 0.171321
7 756 -0.0787032 0.0849345
7 756 -0.0785781 0.087528
7 809 -0.0782015 0.0688548
7 809 -0.0781514 0.0787808
7 809 -0.0780535 0.0798626
7 809 -0.0780343 0.0805566
7 809 -0.0779851 0.077458
7 809 -0.0778843 0.0836745
7 809 -0.0778311 0.0874858
7 809 -0.0778055 0.0763525
7 809 -0.0775349 0.139581
7 809 -0.0774703 0.140899
7 809 -0.0758373 0.164226
7 756 -0.0755269 0.198384
7 809 -0.0755095 0.171916
7 809 -0.0754496 0.1719
7 809 -0.0754066 0.179318
7 809 -0.0752892 0.18836
7 809 -0.0752068 0.187246
7 809 -0.0749944 0.191168
8 606 -0.362219 0.184644
7 810 0.0936405 -0.375268
8 810 -0.00848933 -0.358802
7 809 0.17838 0.135127
7 809 0.301864 0.0423002
7 809 0.34249 0.125729
7 809 0.416028 0.0578548
7 706 -0.57463 0.223027
7 708 -0.341669 0.241391
7 512 -0.33616 0.237828
7 707 -0.287002 0.241097
7 706 -0.287002 0.241097
7 708 -0.157874 0.265061
7 811 -0.0776372 0.129536
8 811 -0.0168433 0.121943
7 812 -0.00297792 0.144959
8 812 0.0486181 0.114224
7 708 0.1232 0.259865
7 706 0.135682 0.245732
7 512 0.135682 0.245732
26 18 25
26 18 25
20 15 17
62 57 44
25 24 29
168 160 144
168 160 144
74 74 62
94 48 148
8 4 15
104 101 86
26 20 20
139 95 86
131 146 150
126 123 106
26 24 17
36 33 34
30 26 22
144 144 130
216 216 214
184 184 180
187 188 176
51 56 64
68 69 68
110 103 92
6 6 6
28 28 31
194 192 186
98 98 96
16 16 15
91 86 96
142 141 140
86 86 89
106 105 108
96 94 105
144 146 142
89 90 90
128 129 126
88 91 88
74 67 81
86 85 86
74 162 128
78 60 104
40 34 30
40 34 30
45 20 98
94 92 85
94 92 85
198 196 186
214 214 200
82 84 83
63 30 6
73 75 75
64 64 68
142 166 64
120 134 76
73 59 86
96 90 86
110 151 79
208 205 197
114 111 92
114 111 92
96 140 68
84 84 77
147 142 135
70 138 40
74 62 54
74 62 54
66 40 35
168 160 151
196 190 183
211 198 190
178 168 176
162 152 176
137 99 64
187 159 120
192 162 132
28 28 22
210 187 152
13 3 1
64 40 21
56 53 50
167 152 148
172 158 152
190 178 206
94 90 85
94 90 85
12 5 12
12 5 12
12 10 5
68 66 64
220 136 0
130 124 119
19 14 44
36 30 24
171 160 158
213 199 194
124 44 21
138 46 24
25 19 58
25 19 58
68 14 26
172 157 150
24 13 12
30 24 20
126 124 116
126 124 116
128 117 139
124 22 18
54 152 35
26 13 12
90 150 72
126 20 24
159 106 66
214 193 182
216 207 209
210 150 130
140 130 186
72 208 84
172 148 150
166 146 146
54 32 53
16 12 9
49 34 46
124 116 116
200 192 208
94 64 61
140 126 150
140 126 150
158 138 135
100 77 74
130 111 109
10 8 4
188 176 175
128 127 120
22 18 15
108 102 140
140 130 156
61 38 86
52 22 96
163 160 157
74 22 94
132 128 123
132 128 123
103 102 98
135 120 188
135 120 188
24 22 20
68 66 62
137 134 132
84 86 80
136 134 130
22 20 16
122 120 116
52 51 48
106 104 102
20 12 10
31 30 27
95 95 91
49 48 45
144 140 139
22 19 16
22 20 18
26 24 20
100 97 94
74 72 74
52 50 50
72 70 70
72 63 64
74 72 70
74 72 70
146 0 0
127 132 138
223 253 71
233 199 40
219 249 64
112 96 82
126 251 38
0 75 0
113 240 21
0 76 0
87 74 62
87 222 4
145 154 114
145 154 114
3 12 0
74 153 7
124 254 26
122 252 28
32 27 18
174 167 159
174 167 159
47 40 32
47 40 32
177 168 158
26 16 16
166 187 113
182 250 78
38 30 6
170 162 152
170 162 152
176 168 156
176 168 156
72 70 68
20 18 20
20 18 20
183 176 165
21 17 14
22 18 18
22 18 18
22 18 18
182 176 168
182 176 168
21 16 20
178 171 162
178 172 160
182 175 164
182 175 164
184 177 164
182 170 156
140 136 129
119 126 127
241 218 79
70 56 16
19 12 6
224 208 176
190 180 168
136 148 154
194 176 158
211 206 194
213 207 197
215 214 204
124 110 77
201 198 190
125 108 86
26 22 18
88 87 86
204 202 189
93 84 100
206 203 196
206 203 196
171 170 170
44 42 34
209 207 198
209 207 198
98 95 82
133 124 108
133 124 108
58 55 54
205 202 206
81 80 83
81 80 83
51 45 44
208 206 210
52 49 52
120 121 116
136 134 136
136 134 136
142 142 140
142 142 140
27 30 33
78 137 149
104 197 196
166 248 64
172 246 68
172 246 68
36 30 28
176 138 104
194 188 178
78 71 66
126 98 80
176 89 50
114 102 98
114 102 98
123 118 110
123 118 110
98 96 94
102 84 95
41 18 9
162 158 152
15 14 12
84 84 78
188 184 202
108 101 143
104 106 56
130 120 118
198 196 188
95 93 87
144 90 82
42 33 30
80 151 68
26 14 19
26 14 19
62 60 58
62 50 76
144 120 91
168 127 84
71 42 22
188 171 154
108 46 2
148 146 181
206 177 144
218 200 167
130 112 104
94 72 60
135 128 169
186 215 188
86 75 122
122 52 24
123 74 8
50 42 48
66 42 40
140 22 12
198 194 208
203 192 194
107 93 88
112 88 90
58 44 104
204 192 176
210 208 204
134 105 103
108 29 180
122 96 86
210 193 204
154 108 70
100 74 66
22 18 34
221 199 167
108 77 68
71 59 83
195 184 206
72 28 73
76 63 122
184 181 212
184 181 212
178 174 199
155 150 182
36 32 29
136 57 0
122 138 8
102 126 20
89 130 32
212 210 199
155 96 60
137 126 100
220 220 214
88 90 77
110 112 110
151 152 144
116 116 110
218 218 216
104 103 98
104 54 91
0 72 0
126 106 93
78 68 118
116 43 22
116 118 108
135 105 70
134 131 112
208 208 196
206 204 192
208 208 196
206 205 193
218 216 201
152 150 136
216 215 201
212 212 196
212 212 196
62 48 32
208 206 195
204 206 194
200 202 189
199 198 184
210 210 196
205 206 196
203 204 194
107 124 70
197 196 182
117 110 99
215 216 207
194 195 183
111 72 60
82 136 18
146 146 132
102 62 132
18 16 17
142 122 102
66 46 30
16 12 7
182 178 160
23 24 26
185 182 168
220 236 40
146 0 0
187 182 170
158 244 102
194 192 180
63 56 28
118 99 46
210 208 196
104 225 17
4 32 0
156 115 18
50 59 62
22 29 39
92 68 12
134 246 40
24 36 42
24 36 42
117 130 138
28 39 46
181 161 144
194 186 170
205 202 192
63 68 71
202 202 192
194 194 183
204 204 194
201 200 194
201 200 194
208 206 201
206 206 197
204 203 192
208 210 205
212 213 204
70 74 72
70 74 72
200 202 192
207 209 198
93 93 81
202 204 194
201 202 193
98 99 94
210 210 203
204 207 198
26 30 20
117 117 91
167 172 166
208 209 201
204 204 197
181 183 172
209 211 107
28 24 25
206 206 195
64 66 54
51 52 44
160 132 98
74 72 70
74 72 70
76 67 46
185 179 174
97 97 97
108 108 108
101 100 102
102 102 101
196 194 182
94 96 96
114 138 130
52 28 88
39 30 26
39 30 26
222 218 210
136 132 124
175 124 56
114 106 91
146 146 138
85 156 40
178 172 163
114 106 100
107 106 96
110 108 100
104 106 102
150 147 139
102 85 106
48 6 114
80 79 76
90 88 83
62 60 56
82 78 74
72 70 66
88 88 85
80 78 74
72 70 68
90 86 80
87 84 80
75 74 71
78 78 72
74 72 67
86 86 80
100 96 82
63 67 55
88 88 82
86 85 79
109 107 101
91 90 85
90 88 84
86 84 78
78 82 76
86 69 14
210 203 188
54 36 78
206 204 192
119 106 86
195 192 176
192 192 178
196 198 186
209 209 196
215 216 203
142 142 128
190 190 178
204 206 195
92 70 66
16 10 11
66 62 53
104 99 137
14 10 4
113 111 112
178 168 154
178 168 154
50 47 44
114 60 180
111 124 132
32 41 50
168 248 78
124 137 144
192 168 145
136 117 86
212 214 208
173 175 169
151 148 134
148 146 132
213 212 204
140 138 126
114 114 104
146 142 130
210 211 208
215 216 205
210 210 202
30 30 22
205 204 200
144 144 132
98 100 85
206 206 193
216 216 206
216 216 206
207 207 199
26 27 21
26 27 21
202 202 189
202 204 192
121 118 96
201 202 196
201 202 196
210 210 198
207 206 194
140 140 126
210 210 201
206 206 194
204 206 194
211 212 209
202 204 192
210 212 202
208 208 197
194 195 184
77 184 186
209 210 202
194 195 187
208 209 202
210 210 204
80 77 75
98 71 67
58 58 57
47 46 45
62 61 59
214 212 204
198 196 181
50 49 48
60 58 56
60 58 56
68 206 0
55 8 126
44 44 42
46 40 40
44 42 41
67 68 64
49 48 46
56 55 54
48 46 44
89 86 84
106 104 102
106 104 102
96 94 94
88 89 84
139 151 82
107 106 104
96 95 94
58 56 56
100 94 92
56 55 57
32 33 52
50 50 49
195 192 180
123 168 52
50 231 72
92 86 126
30 46 42
42 40 42
92 92 91
92 92 91
66 56 48
96 94 94
78 66 64
162 150 146
20 17 21
206 200 198
103 86 74
96 63 76
18 12 14
104 92 90
19 9 14
97 94 128
28 18 20
70 64 54
17 18 19
59 58 56
192 188 176
186 184 171
24 24 26
73 8 0
16 155 0
113 242 26
120 252 30
70 207 0
96 224 9
193 173 148
208 206 194
204 202 190
212 210 198
202 203 190
210 210 198
48 43 33
208 208 192
196 198 186
139 139 119
130 131 116
206 208 198
200 204 191
89 88 86
108 60 168
77 34 2
168 126 86
192 158 124
130 103 81
136 106 76
96 72 62
195 185 184
190 154 120
134 44 36
148 42 22
116 24 22
214 150 128
70 30 28
146 139 174
110 98 82
68 66 64
188 180 166
179 170 154
62 65 54
26 18 24
26 18 24
212 208 201
124 122 121
112 110 104
30 36 44
78 76 72
110 204 165
110 204 165
104 198 170
57 55 52
78 176 140
61 60 56
61 60 56
66 65 64
66 65 64
28 19 18
56 54 54
62 60 58
157 134 116
151 142 125
90 75 84
72 70 78
104 120 48
54 53 50
40 32 44
90 160 14
87 146 122
109 168 143
69 68 66
178 170 154
54 54 52
138 78 44
130 130 128
112 110 108
164 157 150
164 157 150
46 44 46
43 41 43
43 41 43
32 18 30
85 79 74
109 106 107
109 106 107
109 106 107
26 25 24
78 78 74
118 118 114
51 50 48
66 66 62
66 66 62
76 80 62
80 83 66
121 92 101
112 106 92
186 179 166
208 200 200
74 58 64
44 44 34
70 46 22
114 82 152
102 98 97
93 92 88
42 192 0
182 109 48
76 68 66
109 90 85
150 101 48
216 212 200
130 110 92
217 212 200
214 210 199
132 126 108
194 190 174
222 219 206
107 104 93
215 213 204
211 210 198
216 212 207
202 199 188
212 209 201
212 209 201
216 214 204
220 218 205
128 119 100
71 67 64
44 44 42
78 50 38
97 96 92
86 84 81
136 132 138
74 24 86
131 124 142
79 76 75
138 137 134
208 206 196
191 188 176
100 91 88
67 36 104
171 168 64
210 210 199
10 6 18
82 44 32
60 36 48
117 106 86
94 96 88
94 96 88
68 68 66
92 90 89
84 82 80
135 104 74
198 196 183
108 82 116
68 64 62
68 64 62
182 176 162
164 178 74
106 109 101
106 109 101
120 88 85
79 79 76
118 90 107
60 58 58
132 126 162
90 62 54
177 174 205
0 56 0
88 157 12
140 119 90
94 94 90
185 184 178
183 179 172
50 39 20
17 12 9
86 86 82
147 199 86
48 51 54
82 74 47
123 123 120
121 202 102
103 124 88
201 201 195
86 106 10
168 250 99
